# Power spectrum from CO𝘕CEPT job 4701184 at t = 2.3139476 Gyr, a = 0.26315789
#
# Components:
#   0: matter  (upstream grid size 1024)
#
#                           grid size 1024
# ╭────────────────────────────────────────────────────────────────╮
#                         component 0    (corrected)      (linear)
#                        σ₈ = 2.46e-01  σ₈ = 2.46e-01  σ₈ = 2.45e-01
#  k [Mpc⁻¹]    modes       P [Mpc³]       P [Mpc³]       P [Mpc³]
3.0679616e-03         3  4.9971253e+03  4.9971253e+03  4.9976211e+03
5.8212951e-03        25  7.2803873e+03  7.3168234e+03  7.3146779e+03
1.0440195e-02       124  8.4268853e+03  8.5236336e+03  8.5516650e+03
1.6729547e-02       418  7.5778754e+03  7.6471219e+03  7.6392345e+03
2.3240110e-02       730  5.8315024e+03  5.8326505e+03  5.8641568e+03
2.9075630e-02      1012  4.5911842e+03  4.5800605e+03  4.5778605e+03
3.4544381e-02      1408  3.8287635e+03  3.8198525e+03  3.8134575e+03
3.9898901e-02      1841  3.3440399e+03  3.3413906e+03  3.3593494e+03
4.5580519e-02      2698  2.9928397e+03  2.9956044e+03  3.0048516e+03
5.1612543e-02      3532  2.5969607e+03  2.6010453e+03  2.6190133e+03
5.7899473e-02      4702  2.1617003e+03  2.1621108e+03  2.1778277e+03
6.4462744e-02      6019  1.7631254e+03  1.7589377e+03  1.7619394e+03
7.1309305e-02      7766  1.4688265e+03  1.4632186e+03  1.4677815e+03
7.8556104e-02     10012  1.3119576e+03  1.3090318e+03  1.3130143e+03
8.6194331e-02     12589  1.2272847e+03  1.2288764e+03  1.2305241e+03
9.4153926e-02     15650  1.1112025e+03  1.1142984e+03  1.1186979e+03
1.0254095e-01     19757  9.3718002e+02  9.3742770e+02  9.4218199e+02
1.1136076e-01     24241  7.6754549e+02  7.6483402e+02  7.6306866e+02
1.2060245e-01     29993  6.4946990e+02  6.4729241e+02  6.4420745e+02
1.3029316e-01     36494  5.7483452e+02  5.7513256e+02  5.7369824e+02
1.4046583e-01     44825  5.0740515e+02  5.0807523e+02  5.0404659e+02
1.5111985e-01     53906  4.3621022e+02  4.3515525e+02  4.2970469e+02
1.6229170e-01     65729  3.8503483e+02  3.8395881e+02  3.8053134e+02
1.7401323e-01     78746  3.5456994e+02  3.5524968e+02  3.5407787e+02
1.8625264e-01     94374  3.1565017e+02  3.1624160e+02  3.1543987e+02
1.9902230e-01    112166  2.6584258e+02  2.6530488e+02  2.6200666e+02
2.1238854e-01    134373  2.2671854e+02  2.2606411e+02  2.2000135e+02
2.2637810e-01    159077  2.0087942e+02  2.0067030e+02  1.9381968e+02
2.4096993e-01    188172  1.8060061e+02  1.8051243e+02  1.7649926e+02
2.5621802e-01    222492  1.6441229e+02  1.6457019e+02  1.6224321e+02
2.7214102e-01    261771  1.4581547e+02  1.4596401e+02  1.4390930e+02
2.8873063e-01    306759  1.2520663e+02  1.2492427e+02  1.2020748e+02
3.0605468e-01    360898  1.0929063e+02  1.0890350e+02  1.0247702e+02
3.2421519e-01    425046  9.9275834e+01  9.9326646e+01  9.4795066e+01
3.4337900e-01    505555  8.9705232e+01  8.9934587e+01  8.8031127e+01
3.6368055e-01    600292  7.8607233e+01  7.8504306e+01  7.5306041e+01
3.8517334e-01    712930  6.8496281e+01  6.8163700e+01  6.2769412e+01
4.0793004e-01    846715  6.1362793e+01  6.1414588e+01  5.7608879e+01
4.3202621e-01   1005596  5.5071561e+01  5.5255706e+01  5.3172815e+01
4.5754560e-01   1194719  4.7940814e+01  4.7682303e+01  4.3997326e+01
4.8457948e-01   1419743  4.2269725e+01  4.2217163e+01  3.8500704e+01
5.1321525e-01   1686576  3.7628813e+01  3.7791991e+01  3.5902911e+01
5.4354215e-01   2003484  3.2971989e+01  3.2729307e+01  2.9735957e+01
5.7565178e-01   2378778  2.9025202e+01  2.9102513e+01  2.6575380e+01
6.0966698e-01   2828400  2.5568977e+01  2.5561157e+01  2.3862899e+01
6.4568974e-01   3356890  2.2415157e+01  2.2339302e+01  1.9974970e+01
6.8383752e-01   3990317  1.9755645e+01  1.9842118e+01  1.8371818e+01
7.2424344e-01   4738457  1.7425007e+01  1.7330255e+01  1.5329126e+01
7.6703215e-01   5629661  1.5559704e+01  1.5620245e+01  1.3983502e+01
8.1235262e-01   6687903  1.4155943e+01  1.4096952e+01  1.1759012e+01
8.6035444e-01   7945758  1.3390792e+01  1.3401050e+01  1.0584549e+01
9.1118812e-01   9436555  1.3371470e+01  1.3404020e+01  9.0799820e+00
9.6501980e-01  11210320  1.4216131e+01  1.4149120e+01  7.9319873e+00
1.0220366e+00  13318613  1.6241900e+01  1.6275713e+01  6.9995958e+00
1.0824208e+00  15819192  1.9880739e+01  1.9889654e+01  6.0180720e+00
1.1463741e+00  18795348  2.5770604e+01  2.5675480e+01  5.2242029e+00
1.2141088e+00  22326034  3.4394771e+01  3.4318117e+01  4.5841073e+00
1.2858419e+00  26520842  4.6070317e+01  4.6022189e+01  3.9944018e+00
1.3618105e+00  31503438  5.9383006e+01  5.9449205e+01  3.4649949e+00
1.4422695e+00  37426927  7.0028202e+01  7.0070739e+01  3.0105618e+00
1.5275481e+00  44525830  7.3490506e+01  7.3526290e+01  2.6092550e+00
