# Power spectrum from CO𝘕CEPT job 4701184 at t = 2.1444136 Gyr, a = 0.25
#
# Components:
#   0: matter  (upstream grid size 1024)
#
#                           grid size 1024
# ╭────────────────────────────────────────────────────────────────╮
#                         component 0    (corrected)      (linear)
#                        σ₈ = 2.33e-01  σ₈ = 2.33e-01  σ₈ = 2.33e-01
#  k [Mpc⁻¹]    modes       P [Mpc³]       P [Mpc³]       P [Mpc³]
3.0679616e-03         3  4.5199868e+03  4.5199868e+03  4.5203000e+03
5.8212951e-03        25  6.5855094e+03  6.6184678e+03  6.6164115e+03
1.0440195e-02       124  7.6243410e+03  7.7118754e+03  7.7357358e+03
1.6729547e-02       418  6.8549867e+03  6.9176274e+03  6.9105820e+03
2.3240110e-02       730  5.2769981e+03  5.2780370e+03  5.3049046e+03
2.9075630e-02      1012  4.1533882e+03  4.1433252e+03  4.1413140e+03
3.4544381e-02      1408  3.4633860e+03  3.4553254e+03  3.4498216e+03
3.9898901e-02      1841  3.0259680e+03  3.0235706e+03  3.0390252e+03
4.5580519e-02      2698  2.7077732e+03  2.7102745e+03  2.7183364e+03
5.1612543e-02      3532  2.3499706e+03  2.3536667e+03  2.3692924e+03
5.7899473e-02      4702  1.9560115e+03  1.9563828e+03  1.9701762e+03
6.4462744e-02      6019  1.5946199e+03  1.5908324e+03  1.5939437e+03
7.1309305e-02      7766  1.3283236e+03  1.3232521e+03  1.3278340e+03
7.8556104e-02     10012  1.1863415e+03  1.1836958e+03  1.1878240e+03
8.6194331e-02     12589  1.1096725e+03  1.1111117e+03  1.1131995e+03
9.4153926e-02     15650  1.0047373e+03  1.0075366e+03  1.0120358e+03
1.0254095e-01     19757  8.4715748e+02  8.4738137e+02  8.5235011e+02
1.1136076e-01     24241  6.9323456e+02  6.9078560e+02  6.9031445e+02
1.2060245e-01     29993  5.8627817e+02  5.8431255e+02  5.8278612e+02
1.3029316e-01     36494  5.1885297e+02  5.1912199e+02  5.1899964e+02
1.4046583e-01     44825  4.5773000e+02  4.5833449e+02  4.5598892e+02
1.5111985e-01     53906  3.9318581e+02  3.9223489e+02  3.8873511e+02
1.6229170e-01     65729  3.4697678e+02  3.4600712e+02  3.4425017e+02
1.7401323e-01     78746  3.1957957e+02  3.2019224e+02  3.2031889e+02
1.8625264e-01     94374  2.8439039e+02  2.8492325e+02  2.8536479e+02
1.9902230e-01    112166  2.3916212e+02  2.3867839e+02  2.3702610e+02
2.1238854e-01    134373  2.0360701e+02  2.0301929e+02  1.9902572e+02
2.2637810e-01    159077  1.8023428e+02  1.8004665e+02  1.7534030e+02
2.4096993e-01    188172  1.6203445e+02  1.6195533e+02  1.5967128e+02
2.5621802e-01    222492  1.4750196e+02  1.4764361e+02  1.4677445e+02
2.7214102e-01    261771  1.3072074e+02  1.3085391e+02  1.3018856e+02
2.8873063e-01    306759  1.1194417e+02  1.1169172e+02  1.0874654e+02
3.0605468e-01    360898  9.7504936e+01  9.7159558e+01  9.2706555e+01
3.2421519e-01    425046  8.8559960e+01  8.8605288e+01  8.5757027e+01
3.4337900e-01    505555  8.0058319e+01  8.0263009e+01  7.9637984e+01
3.6368055e-01    600292  6.9976891e+01  6.9885264e+01  6.8126146e+01
3.8517334e-01    712930  6.0766059e+01  6.0471012e+01  5.6784796e+01
4.0793004e-01    846715  5.4415760e+01  5.4461691e+01  5.2116284e+01
4.3202621e-01   1005596  4.8824825e+01  4.8988082e+01  4.8103168e+01
4.5754560e-01   1194719  4.2340346e+01  4.2112034e+01  3.9802496e+01
4.8457948e-01   1419743  3.7249206e+01  3.7202887e+01  3.4829939e+01
5.1321525e-01   1686576  3.3132772e+01  3.3276453e+01  3.2479827e+01
5.4354215e-01   2003484  2.8926524e+01  2.8713617e+01  2.6900848e+01
5.7565178e-01   2378778  2.5394761e+01  2.5462402e+01  2.4041610e+01
6.0966698e-01   2828400  2.2321277e+01  2.2314451e+01  2.1587744e+01
6.4568974e-01   3356890  1.9489438e+01  1.9423484e+01  1.8070501e+01
6.8383752e-01   3990317  1.7122469e+01  1.7197417e+01  1.6620199e+01
7.2424344e-01   4738457  1.5034617e+01  1.4952864e+01  1.3867605e+01
7.6703215e-01   5629661  1.3365118e+01  1.3417120e+01  1.2650277e+01
8.1235262e-01   6687903  1.2106449e+01  1.2055998e+01  1.0637876e+01
8.6035444e-01   7945758  1.1431817e+01  1.1440574e+01  9.5753895e+00
9.1118812e-01   9436555  1.1435895e+01  1.1463734e+01  8.2142722e+00
9.6501980e-01  11210320  1.2224433e+01  1.2166810e+01  7.1757305e+00
1.0220366e+00  13318613  1.4098178e+01  1.4127528e+01  6.3322358e+00
1.0824208e+00  15819192  1.7481176e+01  1.7489015e+01  5.4442932e+00
1.1463741e+00  18795348  2.3046641e+01  2.2961572e+01  4.7261137e+00
1.2141088e+00  22326034  3.1452656e+01  3.1382559e+01  4.1470466e+00
1.2858419e+00  26520842  4.3392864e+01  4.3347533e+01  3.6135653e+00
1.3618105e+00  31503438  5.7984936e+01  5.8049577e+01  3.1346334e+00
1.4422695e+00  37426927  7.0850288e+01  7.0893324e+01  2.7235272e+00
1.5275481e+00  44525830  7.5668274e+01  7.5705119e+01  2.3604821e+00
