# Power spectrum from CO𝘕CEPT job 4701184 at t = 6.7614249 Gyr, a = 0.55555556
#
# Components:
#   0: matter  (upstream grid size 1024)
#
#                           grid size 1024
# ╭────────────────────────────────────────────────────────────────╮
#                         component 0    (corrected)      (linear)
#                        σ₈ = 5.11e-01  σ₈ = 5.11e-01  σ₈ = 4.89e-01
#  k [Mpc⁻¹]    modes       P [Mpc³]       P [Mpc³]       P [Mpc³]
3.0679616e-03         3  1.9987117e+04  1.9987117e+04  1.9973547e+04
5.8212951e-03        25  2.9103974e+04  2.9249631e+04  2.9213722e+04
1.0440195e-02       124  3.3532419e+04  3.3917402e+04  3.4129095e+04
1.6729547e-02       418  3.0253136e+04  3.0529589e+04  3.0472402e+04
2.3240110e-02       730  2.3116261e+04  2.3120813e+04  2.3385270e+04
2.9075630e-02      1012  1.8307132e+04  1.8262777e+04  1.8253107e+04
3.4544381e-02      1408  1.5292694e+04  1.5257102e+04  1.5203906e+04
3.9898901e-02      1841  1.3261793e+04  1.3251286e+04  1.3392626e+04
4.5580519e-02      2698  1.1904875e+04  1.1915872e+04  1.1978823e+04
5.1612543e-02      3532  1.0296163e+04  1.0312357e+04  1.0440321e+04
5.7899473e-02      4702  8.5854778e+03  8.5871079e+03  8.6813687e+03
6.4462744e-02      6019  7.0859530e+03  7.0691227e+03  7.0233890e+03
7.1309305e-02      7766  5.9287858e+03  5.9061498e+03  5.8507313e+03
7.8556104e-02     10012  5.3098990e+03  5.2980574e+03  5.2337449e+03
8.6194331e-02     12589  4.9673445e+03  4.9737868e+03  4.9048831e+03
9.4153926e-02     15650  4.4940223e+03  4.5065429e+03  4.4591046e+03
1.0254095e-01     19757  3.8286798e+03  3.8296916e+03  3.7554896e+03
1.1136076e-01     24241  3.2116216e+03  3.2002760e+03  3.0415352e+03
1.2060245e-01     29993  2.7591922e+03  2.7499414e+03  2.5677509e+03
1.3029316e-01     36494  2.4540052e+03  2.4552776e+03  2.2866986e+03
1.4046583e-01     44825  2.1884093e+03  2.1912993e+03  2.0090679e+03
1.5111985e-01     53906  1.9275628e+03  1.9229010e+03  1.7127452e+03
1.6229170e-01     65729  1.7162869e+03  1.7114906e+03  1.5167431e+03
1.7401323e-01     78746  1.5756991e+03  1.5787199e+03  1.4113005e+03
1.8625264e-01     94374  1.4184371e+03  1.4210948e+03  1.2572931e+03
1.9902230e-01    112166  1.2389980e+03  1.2364920e+03  1.0443152e+03
2.1238854e-01    134373  1.0968411e+03  1.0936750e+03  8.7688785e+02
2.2637810e-01    159077  9.9427601e+02  9.9324096e+02  7.7253129e+02
2.4096993e-01    188172  9.0179928e+02  9.0135895e+02  7.0349447e+02
2.5621802e-01    222492  8.2649625e+02  8.2729000e+02  6.4667184e+02
2.7214102e-01    261771  7.5052313e+02  7.5128770e+02  5.7359579e+02
2.8873063e-01    306759  6.7617535e+02  6.7465047e+02  4.7912440e+02
3.0605468e-01    360898  6.1387121e+02  6.1169678e+02  4.0845387e+02
3.2421519e-01    425046  5.6488989e+02  5.6517902e+02  3.7783489e+02
3.4337900e-01    505555  5.1665204e+02  5.1797300e+02  3.5087497e+02
3.6368055e-01    600292  4.7247293e+02  4.7185429e+02  3.0015512e+02
3.8517334e-01    712930  4.3340373e+02  4.3129935e+02  2.5018648e+02
4.0793004e-01    846715  3.9768276e+02  3.9801843e+02  2.2961754e+02
4.3202621e-01   1005596  3.6533420e+02  3.6655578e+02  2.1193620e+02
4.5754560e-01   1194719  3.3551576e+02  3.3370656e+02  1.7536448e+02
4.8457948e-01   1419743  3.0851773e+02  3.0813409e+02  1.5345602e+02
5.1321525e-01   1686576  2.8428194e+02  2.8551473e+02  1.4310170e+02
5.4354215e-01   2003484  2.6230944e+02  2.6037878e+02  1.1852145e+02
5.7565178e-01   2378778  2.4218242e+02  2.4282749e+02  1.0592402e+02
6.0966698e-01   2828400  2.2436552e+02  2.2429690e+02  9.5112600e+01
6.4568974e-01   3356890  2.0811485e+02  2.0741058e+02  7.9616101e+01
6.8383752e-01   3990317  1.9381708e+02  1.9466544e+02  7.3226256e+01
7.2424344e-01   4738457  1.8136504e+02  1.8037883e+02  6.1098702e+01
7.6703215e-01   5629661  1.7085069e+02  1.7151545e+02  5.5735315e+01
8.1235262e-01   6687903  1.6219960e+02  1.6152368e+02  4.6868953e+01
8.6035444e-01   7945758  1.5546970e+02  1.5558879e+02  4.2187783e+01
9.1118812e-01   9436555  1.5061427e+02  1.5098091e+02  3.6190888e+01
9.6501980e-01  11210320  1.4725889e+02  1.4656475e+02  3.1615217e+01
1.0220366e+00  13318613  1.4497407e+02  1.4527589e+02  2.7898896e+01
1.0824208e+00  15819192  1.4317368e+02  1.4323788e+02  2.3986746e+01
1.1463741e+00  18795348  1.4138137e+02  1.4085951e+02  2.0822548e+01
1.2141088e+00  22326034  1.3903105e+02  1.3872120e+02  1.8271259e+01
1.2858419e+00  26520842  1.3599851e+02  1.3585643e+02  1.5920816e+01
1.3618105e+00  31503438  1.3243707e+02  1.3258471e+02  1.3810710e+01
1.4422695e+00  37426927  1.2856083e+02  1.2863892e+02  1.1999434e+01
1.5275481e+00  44525830  1.2437857e+02  1.2443913e+02  1.0399910e+01
