# Power spectrum from CO𝘕CEPT job 4701184 at t = 3.6249528 Gyr, a = 0.35714286
#
# Components:
#   0: matter  (upstream grid size 1024)
#
#                           grid size 1024
# ╭────────────────────────────────────────────────────────────────╮
#                         component 0    (corrected)      (linear)
#                        σ₈ = 3.33e-01  σ₈ = 3.33e-01  σ₈ = 3.28e-01
#  k [Mpc⁻¹]    modes       P [Mpc³]       P [Mpc³]       P [Mpc³]
3.0679616e-03         3  9.0049872e+03  9.0049872e+03  9.0064708e+03
5.8212951e-03        25  1.3116490e+04  1.3182134e+04  1.3178136e+04
1.0440195e-02       124  1.5158003e+04  1.5332031e+04  1.5401827e+04
1.6729547e-02       418  1.3647152e+04  1.3771860e+04  1.3755770e+04
2.3240110e-02       730  1.0477017e+04  1.0479080e+04  1.0558307e+04
2.9075630e-02      1012  8.2656615e+03  8.2456351e+03  8.2419062e+03
3.4544381e-02      1408  6.8970658e+03  6.8810137e+03  6.8654654e+03
3.9898901e-02      1841  6.0093002e+03  6.0045393e+03  6.0477923e+03
4.5580519e-02      2698  5.3838131e+03  5.3887864e+03  5.4095070e+03
5.1612543e-02      3532  4.6665556e+03  4.6738954e+03  4.7148404e+03
5.7899473e-02      4702  3.8862014e+03  3.8869393e+03  3.9205657e+03
6.4462744e-02      6019  3.1811288e+03  3.1735731e+03  3.1718528e+03
7.1309305e-02      7766  2.6527730e+03  2.6426448e+03  2.6422932e+03
7.8556104e-02     10012  2.3713787e+03  2.3660903e+03  2.3636713e+03
8.6194331e-02     12589  2.2193093e+03  2.2221875e+03  2.2151655e+03
9.4153926e-02     15650  2.0091281e+03  2.0147256e+03  2.0138522e+03
1.0254095e-01     19757  1.6988523e+03  1.6993013e+03  1.6960885e+03
1.1136076e-01     24241  1.4009749e+03  1.3960257e+03  1.3736511e+03
1.2060245e-01     29993  1.1907353e+03  1.1867431e+03  1.1596792e+03
1.3029316e-01     36494  1.0550572e+03  1.0556042e+03  1.0327496e+03
1.4046583e-01     44825  9.3502793e+02  9.3626273e+02  9.0736431e+02
1.5111985e-01     53906  8.0938532e+02  8.0742783e+02  7.7353625e+02
1.6229170e-01     65729  7.1605949e+02  7.1405838e+02  6.8501588e+02
1.7401323e-01     78746  6.5858246e+02  6.5984502e+02  6.3739506e+02
1.8625264e-01     94374  5.8821729e+02  5.8931944e+02  5.6784032e+02
1.9902230e-01    112166  5.0120182e+02  5.0018808e+02  4.7165207e+02
2.1238854e-01    134373  4.3312746e+02  4.3187722e+02  3.9603591e+02
2.2637810e-01    159077  3.8654545e+02  3.8614306e+02  3.4890478e+02
2.4096993e-01    188172  3.4802812e+02  3.4785818e+02  3.1772531e+02
2.5621802e-01    222492  3.1725318e+02  3.1755786e+02  2.9206218e+02
2.7214102e-01    261771  2.8317781e+02  2.8346628e+02  2.5905831e+02
2.8873063e-01    306759  2.4780477e+02  2.4724593e+02  2.1639143e+02
3.0605468e-01    360898  2.1953165e+02  2.1875403e+02  1.8447391e+02
3.2421519e-01    425046  1.9999024e+02  2.0009261e+02  1.7064522e+02
3.4337900e-01    505555  1.8070410e+02  1.8116612e+02  1.5846910e+02
3.6368055e-01    600292  1.6110667e+02  1.6089572e+02  1.3556204e+02
3.8517334e-01    712930  1.4354174e+02  1.4284478e+02  1.1299423e+02
4.0793004e-01    846715  1.2931157e+02  1.2942072e+02  1.0370450e+02
4.3202621e-01   1005596  1.1666739e+02  1.1705749e+02  9.5718916e+01
4.5754560e-01   1194719  1.0403513e+02  1.0347414e+02  7.9201672e+01
4.8457948e-01   1419743  9.3209487e+01  9.3093580e+01  6.9306937e+01
5.1321525e-01   1686576  8.3851471e+01  8.4215094e+01  6.4630520e+01
5.4354215e-01   2003484  7.5107176e+01  7.4554369e+01  5.3529092e+01
5.7565178e-01   2378778  6.7449504e+01  6.7629160e+01  4.7839586e+01
6.0966698e-01   2828400  6.0517071e+01  6.0498563e+01  4.2956717e+01
6.4568974e-01   3356890  5.4368608e+01  5.4184621e+01  3.5957872e+01
6.8383752e-01   3990317  4.9087231e+01  4.9302093e+01  3.3071962e+01
7.2424344e-01   4738457  4.4499910e+01  4.4257932e+01  2.7594668e+01
7.6703215e-01   5629661  4.0819200e+01  4.0978024e+01  2.5172346e+01
8.1235262e-01   6687903  3.8042936e+01  3.7884401e+01  2.1167937e+01
8.6035444e-01   7945758  3.6341890e+01  3.6369727e+01  1.9053731e+01
9.1118812e-01   9436555  3.5914626e+01  3.6002053e+01  1.6345290e+01
9.6501980e-01  11210320  3.6907263e+01  3.6733291e+01  1.4278731e+01
1.0220366e+00  13318613  3.9560095e+01  3.9642453e+01  1.2600289e+01
1.0824208e+00  15819192  4.4064872e+01  4.4084631e+01  1.0833403e+01
1.1463741e+00  18795348  5.0353208e+01  5.0167346e+01  9.4043220e+00
1.2141088e+00  22326034  5.7580615e+01  5.7452288e+01  8.2520563e+00
1.2858419e+00  26520842  6.4575431e+01  6.4507972e+01  7.1905001e+00
1.3618105e+00  31503438  6.9828539e+01  6.9906382e+01  6.2374902e+00
1.4422695e+00  37426927  7.2481879e+01  7.2525907e+01  5.4194441e+00
1.5275481e+00  44525830  7.3184418e+01  7.3220054e+01  4.6970332e+00
