# Power spectrum from CO𝘕CEPT job 4701184 at t = 5.8533978 Gyr, a = 0.5
#
# Components:
#   0: matter  (upstream grid size 1024)
#
#                           grid size 1024
# ╭────────────────────────────────────────────────────────────────╮
#                         component 0    (corrected)      (linear)
#                        σ₈ = 4.63e-01  σ₈ = 4.63e-01  σ₈ = 4.47e-01
#  k [Mpc⁻¹]    modes       P [Mpc³]       P [Mpc³]       P [Mpc³]
3.0679616e-03         3  1.6687905e+04  1.6687905e+04  1.6676373e+04
5.8212951e-03        25  2.4301626e+04  2.4423248e+04  2.4393267e+04
1.0440195e-02       124  2.8021668e+04  2.8343383e+04  2.8500218e+04
1.6729547e-02       418  2.5268285e+04  2.5499186e+04  2.5448430e+04
2.3240110e-02       730  1.9331653e+04  1.9335459e+04  1.9530550e+04
2.9075630e-02      1012  1.5294848e+04  1.5257791e+04  1.5244685e+04
3.4544381e-02      1408  1.2772834e+04  1.2743106e+04  1.2698219e+04
3.9898901e-02      1841  1.1090299e+04  1.1081512e+04  1.1185553e+04
4.5580519e-02      2698  9.9505313e+03  9.9597233e+03  1.0004814e+04
5.1612543e-02      3532  8.6110430e+03  8.6245868e+03  8.7198931e+03
5.7899473e-02      4702  7.1776038e+03  7.1789665e+03  7.2508247e+03
6.4462744e-02      6019  5.9104379e+03  5.8963997e+03  5.8660723e+03
7.1309305e-02      7766  4.9401066e+03  4.9212454e+03  4.8866589e+03
7.8556104e-02     10012  4.4220848e+03  4.4122231e+03  4.3713479e+03
8.6194331e-02     12589  4.1379539e+03  4.1433205e+03  4.0966820e+03
9.4153926e-02     15650  3.7445963e+03  3.7550290e+03  3.7243620e+03
1.0254095e-01     19757  3.1830710e+03  3.1839122e+03  3.1366880e+03
1.1136076e-01     24241  2.6571640e+03  2.6477772e+03  2.5403761e+03
1.2060245e-01     29993  2.2759873e+03  2.2683566e+03  2.1446599e+03
1.3029316e-01     36494  2.0218814e+03  2.0229297e+03  1.9099182e+03
1.4046583e-01     44825  1.8005699e+03  1.8029478e+03  1.6780338e+03
1.5111985e-01     53906  1.5782034e+03  1.5743866e+03  1.4305370e+03
1.6229170e-01     65729  1.4025839e+03  1.3986643e+03  1.2668306e+03
1.7401323e-01     78746  1.2880909e+03  1.2905603e+03  1.1787621e+03
1.8625264e-01     94374  1.1570455e+03  1.1592134e+03  1.0501306e+03
1.9902230e-01    112166  1.0040417e+03  1.0020109e+03  8.7224506e+02
2.1238854e-01    134373  8.8374843e+02  8.8119745e+02  7.3240459e+02
2.2637810e-01    159077  7.9778045e+02  7.9694995e+02  6.4524281e+02
2.4096993e-01    188172  7.2184153e+02  7.2148907e+02  5.8758115e+02
2.5621802e-01    222492  6.6049434e+02  6.6112866e+02  5.4012115e+02
2.7214102e-01    261771  5.9681472e+02  5.9742270e+02  4.7908574e+02
2.8873063e-01    306759  5.3422661e+02  5.3302184e+02  4.0018023e+02
3.0605468e-01    360898  4.8215029e+02  4.8044244e+02  3.4115394e+02
3.2421519e-01    425046  4.4250434e+02  4.4273083e+02  3.1558000e+02
3.4337900e-01    505555  4.0301668e+02  4.0404709e+02  2.9306222e+02
3.6368055e-01    600292  3.6649581e+02  3.6601593e+02  2.5069937e+02
3.8517334e-01    712930  3.3416600e+02  3.3254348e+02  2.0896394e+02
4.0793004e-01    846715  3.0498039e+02  3.0523781e+02  1.9178410e+02
4.3202621e-01   1005596  2.7881246e+02  2.7974474e+02  1.7701608e+02
4.5754560e-01   1194719  2.5450776e+02  2.5313538e+02  1.4647018e+02
4.8457948e-01   1419743  2.3265137e+02  2.3236207e+02  1.2817152e+02
5.1321525e-01   1686576  2.1318407e+02  2.1410855e+02  1.1952326e+02
5.4354215e-01   2003484  1.9548774e+02  1.9404890e+02  9.8993025e+01
5.7565178e-01   2378778  1.7939544e+02  1.7987327e+02  8.8471235e+01
6.0966698e-01   2828400  1.6508511e+02  1.6503462e+02  7.9441186e+01
6.4568974e-01   3356890  1.5212080e+02  1.5160602e+02  6.6498000e+01
6.8383752e-01   3990317  1.4082837e+02  1.4144480e+02  6.1160992e+01
7.2424344e-01   4738457  1.3101463e+02  1.3030221e+02  5.1031659e+01
7.6703215e-01   5629661  1.2287279e+02  1.2335088e+02  4.6551982e+01
8.1235262e-01   6687903  1.1641584e+02  1.1593071e+02  3.9146504e+01
8.6035444e-01   7945758  1.1169655e+02  1.1178211e+02  3.5236636e+01
9.1118812e-01   9436555  1.0879720e+02  1.0906205e+02  3.0227832e+01
9.6501980e-01  11210320  1.0758045e+02  1.0707334e+02  2.6406080e+01
1.0220366e+00  13318613  1.0765384e+02  1.0787796e+02  2.3302086e+01
1.0824208e+00  15819192  1.0860916e+02  1.0865786e+02  2.0034528e+01
1.1463741e+00  18795348  1.0972578e+02  1.0932076e+02  1.7391685e+01
1.2141088e+00  22326034  1.1032770e+02  1.1008182e+02  1.5260765e+01
1.2858419e+00  26520842  1.0995961e+02  1.0984474e+02  1.3297597e+01
1.3618105e+00  31503438  1.0880109e+02  1.0892238e+02  1.1535166e+01
1.4422695e+00  37426927  1.0696076e+02  1.0702573e+02  1.0022329e+01
1.5275481e+00  44525830  1.0474750e+02  1.0479850e+02  8.6863528e+00
