# Power spectrum from CO𝘕CEPT job 4701184 at t = 8.5934117 Gyr, a = 0.66666667
#
# Components:
#   0: matter  (upstream grid size 1024)
#
#                           grid size 1024
# ╭────────────────────────────────────────────────────────────────╮
#                         component 0    (corrected)      (linear)
#                        σ₈ = 6.00e-01  σ₈ = 5.99e-01  σ₈ = 5.65e-01
#  k [Mpc⁻¹]    modes       P [Mpc³]       P [Mpc³]       P [Mpc³]
3.0679616e-03         3  2.6738550e+04  2.6738550e+04  2.6729685e+04
5.8212951e-03        25  3.8930099e+04  3.9124931e+04  3.9090287e+04
1.0440195e-02       124  4.4788109e+04  4.5302317e+04  4.5660666e+04
1.6729547e-02       418  4.0443568e+04  4.0813141e+04  4.0763633e+04
2.3240110e-02       730  3.0831215e+04  3.0837285e+04  3.1280847e+04
2.9075630e-02      1012  2.4459654e+04  2.4400393e+04  2.4414987e+04
3.4544381e-02      1408  2.0442267e+04  2.0394690e+04  2.0335955e+04
3.9898901e-02      1841  1.7687640e+04  1.7673627e+04  1.7912985e+04
4.5580519e-02      2698  1.5892173e+04  1.5906854e+04  1.6021782e+04
5.1612543e-02      3532  1.3729393e+04  1.3750988e+04  1.3963882e+04
5.7899473e-02      4702  1.1456938e+04  1.1459114e+04  1.1611202e+04
6.4462744e-02      6019  9.4969835e+03  9.4744267e+03  9.3936212e+03
7.1309305e-02      7766  7.9632409e+03  7.9328375e+03  7.8251806e+03
7.8556104e-02     10012  7.1392954e+03  7.1233740e+03  6.9999517e+03
8.6194331e-02     12589  6.6734606e+03  6.6821155e+03  6.5600893e+03
9.4153926e-02     15650  6.0338054e+03  6.0506159e+03  5.9638623e+03
1.0254095e-01     19757  5.1634748e+03  5.1648395e+03  5.0227963e+03
1.1136076e-01     24241  4.3715520e+03  4.3561089e+03  4.0679073e+03
1.2060245e-01     29993  3.7770048e+03  3.7643416e+03  3.4342384e+03
1.3029316e-01     36494  3.3673275e+03  3.3690734e+03  3.0583412e+03
1.4046583e-01     44825  3.0092252e+03  3.0131992e+03  2.6870215e+03
1.5111985e-01     53906  2.6746798e+03  2.6682111e+03  2.2907036e+03
1.6229170e-01     65729  2.3903160e+03  2.3836360e+03  2.0285599e+03
1.7401323e-01     78746  2.1943203e+03  2.1985271e+03  1.8875350e+03
1.8625264e-01     94374  1.9829097e+03  1.9866251e+03  1.6815578e+03
1.9902230e-01    112166  1.7527150e+03  1.7491699e+03  1.3967114e+03
2.1238854e-01    134373  1.5657917e+03  1.5612720e+03  1.1727864e+03
2.2637810e-01    159077  1.4297779e+03  1.4282895e+03  1.0332152e+03
2.4096993e-01    188172  1.3033232e+03  1.3026868e+03  9.4088224e+02
2.5621802e-01    222492  1.1982320e+03  1.1993827e+03  8.6488509e+02
2.7214102e-01    261771  1.0978660e+03  1.0989845e+03  7.6715004e+02
2.8873063e-01    306759  9.9926743e+02  9.9701391e+02  6.4080008e+02
3.0605468e-01    360898  9.1632383e+02  9.1307806e+02  5.4628239e+02
3.2421519e-01    425046  8.4672103e+02  8.4715441e+02  5.0533127e+02
3.4337900e-01    505555  7.8080676e+02  7.8280310e+02  4.6927394e+02
3.6368055e-01    600292  7.2031038e+02  7.1936722e+02  4.0143917e+02
3.8517334e-01    712930  6.6648970e+02  6.6325358e+02  3.3460912e+02
4.0793004e-01    846715  6.1743089e+02  6.1795205e+02  3.0709938e+02
4.3202621e-01   1005596  5.7164688e+02  5.7355832e+02  2.8345166e+02
4.5754560e-01   1194719  5.3006647e+02  5.2720820e+02  2.3453921e+02
4.8457948e-01   1419743  4.9180771e+02  4.9119615e+02  2.0523797e+02
5.1321525e-01   1686576  4.5740063e+02  4.5938415e+02  1.9138970e+02
5.4354215e-01   2003484  4.2529603e+02  4.2216575e+02  1.5851512e+02
5.7565178e-01   2378778  3.9670901e+02  3.9776567e+02  1.4166682e+02
6.0966698e-01   2828400  3.7050358e+02  3.7039026e+02  1.2720721e+02
6.4568974e-01   3356890  3.4683888e+02  3.4566516e+02  1.0648160e+02
6.8383752e-01   3990317  3.2555526e+02  3.2698026e+02  9.7935569e+01
7.2424344e-01   4738457  3.0657800e+02  3.0491092e+02  8.1715716e+01
7.6703215e-01   5629661  2.9000802e+02  2.9113642e+02  7.4542515e+01
8.1235262e-01   6687903  2.7570725e+02  2.7455831e+02  6.2684306e+01
8.6035444e-01   7945758  2.6334439e+02  2.6354611e+02  5.6423529e+01
9.1118812e-01   9436555  2.5290244e+02  2.5351808e+02  4.8403054e+01
9.6501980e-01  11210320  2.4330542e+02  2.4215853e+02  4.2283378e+01
1.0220366e+00  13318613  2.3457671e+02  2.3506507e+02  3.7313029e+01
1.0824208e+00  15819192  2.2601536e+02  2.2611670e+02  3.2080770e+01
1.1463741e+00  18795348  2.1745964e+02  2.1665696e+02  2.7848852e+01
1.2141088e+00  22326034  2.0878767e+02  2.0832235e+02  2.4436663e+01
1.2858419e+00  26520842  1.9979013e+02  1.9958141e+02  2.1293091e+01
1.3618105e+00  31503438  1.9062609e+02  1.9083860e+02  1.8470956e+01
1.4422695e+00  37426927  1.8154666e+02  1.8165694e+02  1.6048487e+01
1.5275481e+00  44525830  1.7264786e+02  1.7273192e+02  1.3909223e+01
