# Power spectrum from CO𝘕CEPT job 4701184 at t = 4.270349 Gyr, a = 0.4
#
# Components:
#   0: matter  (upstream grid size 1024)
#
#                           grid size 1024
# ╭────────────────────────────────────────────────────────────────╮
#                         component 0    (corrected)      (linear)
#                        σ₈ = 3.73e-01  σ₈ = 3.73e-01  σ₈ = 3.65e-01
#  k [Mpc⁻¹]    modes       P [Mpc³]       P [Mpc³]       P [Mpc³]
3.0679616e-03         3  1.1142139e+04  1.1142139e+04  1.1141812e+04
5.8212951e-03        25  1.6228125e+04  1.6309341e+04  1.6300798e+04
1.0440195e-02       124  1.8741002e+04  1.8956166e+04  1.9049270e+04
1.6729547e-02       418  1.6881559e+04  1.7035822e+04  1.7012085e+04
2.3240110e-02       730  1.2946305e+04  1.2948854e+04  1.3057153e+04
2.9075630e-02      1012  1.0222931e+04  1.0198163e+04  1.0192302e+04
3.4544381e-02      1408  8.5324539e+03  8.5125955e+03  8.4900212e+03
3.9898901e-02      1841  7.4262179e+03  7.4203343e+03  7.4787969e+03
4.5580519e-02      2698  6.6563157e+03  6.6624645e+03  6.6894373e+03
5.1612543e-02      3532  5.7667104e+03  5.7757805e+03  5.8303769e+03
5.7899473e-02      4702  4.8036077e+03  4.8045197e+03  4.8481565e+03
6.4462744e-02      6019  3.9390198e+03  3.9296640e+03  3.9222887e+03
7.1309305e-02      7766  3.2867901e+03  3.2742412e+03  3.2674314e+03
7.8556104e-02     10012  2.9393222e+03  2.9327672e+03  2.9228848e+03
8.6194331e-02     12589  2.7509965e+03  2.7545643e+03  2.7392401e+03
9.4153926e-02     15650  2.4902594e+03  2.4971974e+03  2.4902959e+03
1.0254095e-01     19757  2.1087585e+03  2.1093158e+03  2.0973524e+03
1.1136076e-01     24241  1.7451529e+03  1.7389879e+03  1.6986307e+03
1.2060245e-01     29993  1.4866356e+03  1.4816514e+03  1.4340360e+03
1.3029316e-01     36494  1.3181432e+03  1.3188266e+03  1.2770767e+03
1.4046583e-01     44825  1.1701157e+03  1.1716610e+03  1.1220273e+03
1.5111985e-01     53906  1.0165444e+03  1.0140859e+03  9.5653795e+02
1.6229170e-01     65729  9.0048236e+02  8.9796587e+02  8.4707530e+02
1.7401323e-01     78746  8.2776816e+02  8.2935507e+02  7.8818822e+02
1.8625264e-01     94374  7.4056909e+02  7.4195670e+02  7.0217822e+02
1.9902230e-01    112166  6.3454313e+02  6.3325969e+02  5.8323392e+02
2.1238854e-01    134373  5.5162564e+02  5.5003335e+02  4.8972864e+02
2.2637810e-01    159077  4.9400937e+02  4.9349510e+02  4.3144733e+02
2.4096993e-01    188172  4.4532626e+02  4.4510881e+02  3.9289148e+02
2.5621802e-01    222492  4.0635399e+02  4.0674424e+02  3.6115702e+02
2.7214102e-01    261771  3.6396301e+02  3.6433378e+02  3.2034521e+02
2.8873063e-01    306759  3.2098098e+02  3.2025711e+02  2.6758435e+02
3.0605468e-01    360898  2.8610790e+02  2.8509446e+02  2.2811590e+02
3.2421519e-01    425046  2.6119128e+02  2.6132497e+02  2.1101568e+02
3.4337900e-01    505555  2.3638735e+02  2.3699174e+02  1.9595897e+02
3.6368055e-01    600292  2.1220153e+02  2.1192368e+02  1.6763265e+02
3.8517334e-01    712930  1.9063368e+02  1.8970806e+02  1.3972585e+02
4.0793004e-01    846715  1.7235235e+02  1.7249783e+02  1.2823839e+02
4.3202621e-01   1005596  1.5608247e+02  1.5660437e+02  1.1836362e+02
4.5754560e-01   1194719  1.4038401e+02  1.3962702e+02  9.7938802e+01
4.8457948e-01   1419743  1.2663349e+02  1.2647602e+02  8.5703217e+01
5.1321525e-01   1686576  1.1459549e+02  1.1509244e+02  7.9920475e+01
5.4354215e-01   2003484  1.0347842e+02  1.0271679e+02  6.6192725e+01
5.7565178e-01   2378778  9.3656927e+01  9.3906388e+01  5.9157224e+01
6.0966698e-01   2828400  8.4745427e+01  8.4719508e+01  5.3119190e+01
6.4568974e-01   3356890  7.6821361e+01  7.6561392e+01  4.4464594e+01
6.8383752e-01   3990317  7.0016225e+01  7.0322696e+01  4.0895950e+01
7.2424344e-01   4738457  6.4077428e+01  6.3728994e+01  3.4122865e+01
7.6703215e-01   5629661  5.9300989e+01  5.9531723e+01  3.1127483e+01
8.1235262e-01   6687903  5.5670445e+01  5.5438452e+01  2.6175732e+01
8.6035444e-01   7945758  5.3316194e+01  5.3357034e+01  2.3561358e+01
9.1118812e-01   9436555  5.2467289e+01  5.2595010e+01  2.0212168e+01
9.6501980e-01  11210320  5.3217505e+01  5.2966650e+01  1.7656713e+01
1.0220366e+00  13318613  5.5643464e+01  5.5759306e+01  1.5581195e+01
1.0824208e+00  15819192  5.9715344e+01  5.9742120e+01  1.3396308e+01
1.1463741e+00  18795348  6.5003404e+01  6.4763465e+01  1.1629143e+01
1.2141088e+00  22326034  7.0462145e+01  7.0305110e+01  1.0204280e+01
1.2858419e+00  26520842  7.5027641e+01  7.4949262e+01  8.8915864e+00
1.3618105e+00  31503438  7.7958890e+01  7.8045797e+01  7.7131186e+00
1.4422695e+00  37426927  7.9172907e+01  7.9220999e+01  6.7015436e+00
1.5275481e+00  44525830  7.9334730e+01  7.9373360e+01  5.8082287e+00
