# Power spectrum from CO𝘕CEPT job 4701184 at t = 2.2265221 Gyr, a = 0.25641026
#
# Components:
#   0: matter  (upstream grid size 1024)
#
#                           grid size 1024
# ╭────────────────────────────────────────────────────────────────╮
#                         component 0    (corrected)      (linear)
#                        σ₈ = 2.39e-01  σ₈ = 2.39e-01  σ₈ = 2.39e-01
#  k [Mpc⁻¹]    modes       P [Mpc³]       P [Mpc³]       P [Mpc³]
3.0679616e-03         3  4.7496918e+03  4.7496918e+03  4.7500922e+03
5.8212951e-03        25  6.9200418e+03  6.9546744e+03  6.9525750e+03
1.0440195e-02       124  8.0107398e+03  8.1027104e+03  8.1285505e+03
1.6729547e-02       418  7.2030109e+03  7.2688319e+03  7.2613824e+03
2.3240110e-02       730  5.5439916e+03  5.5450831e+03  5.5741508e+03
2.9075630e-02      1012  4.3641624e+03  4.3535887e+03  4.3514855e+03
3.4544381e-02      1408  3.6392888e+03  3.6308188e+03  3.6248912e+03
3.9898901e-02      1841  3.1791172e+03  3.1765985e+03  3.1932429e+03
4.5580519e-02      2698  2.8450223e+03  2.8476504e+03  2.8562771e+03
5.1612543e-02      3532  2.4688944e+03  2.4727775e+03  2.4895188e+03
5.7899473e-02      4702  2.0550459e+03  2.0554361e+03  2.0701487e+03
6.4462744e-02      6019  1.6757337e+03  1.6717536e+03  1.6748242e+03
7.1309305e-02      7766  1.3959530e+03  1.3906233e+03  1.3952109e+03
7.8556104e-02     10012  1.2468022e+03  1.2440217e+03  1.2480961e+03
8.6194331e-02     12589  1.1662797e+03  1.1677923e+03  1.1696847e+03
9.4153926e-02     15650  1.0559795e+03  1.0589216e+03  1.0633876e+03
1.0254095e-01     19757  8.9047828e+02  8.9071362e+02  8.9559915e+02
1.1136076e-01     24241  7.2897944e+02  7.2640421e+02  7.2534155e+02
1.2060245e-01     29993  6.1666602e+02  6.1459851e+02  6.1235707e+02
1.3029316e-01     36494  5.4577146e+02  5.4605444e+02  5.4533398e+02
1.4046583e-01     44825  4.8161049e+02  4.8224651e+02  4.7912602e+02
1.5111985e-01     53906  4.1386028e+02  4.1285937e+02  4.0845969e+02
1.6229170e-01     65729  3.6526190e+02  3.6424114e+02  3.6171754e+02
1.7401323e-01     78746  3.3639196e+02  3.3703685e+02  3.3657197e+02
1.8625264e-01     94374  2.9940719e+02  2.9996819e+02  2.9984427e+02
1.9902230e-01    112166  2.5197009e+02  2.5146045e+02  2.4905285e+02
2.1238854e-01    134373  2.1469310e+02  2.1407338e+02  2.0912432e+02
2.2637810e-01    159077  1.9013320e+02  1.8993527e+02  1.8423710e+02
2.4096993e-01    188172  1.7093538e+02  1.7085192e+02  1.6777302e+02
2.5621802e-01    222492  1.5560816e+02  1.5575760e+02  1.5422180e+02
2.7214102e-01    261771  1.3795386e+02  1.3809440e+02  1.3679433e+02
2.8873063e-01    306759  1.1829260e+02  1.1802583e+02  1.1426435e+02
3.0605468e-01    360898  1.0314203e+02  1.0277669e+02  9.7410490e+01
3.2421519e-01    425046  9.3684180e+01  9.3732131e+01  9.0108342e+01
3.4337900e-01    505555  8.4670929e+01  8.4887413e+01  8.3678817e+01
3.6368055e-01    600292  7.4099650e+01  7.4002625e+01  7.1582867e+01
3.8517334e-01    712930  6.4454741e+01  6.4141784e+01  5.9666057e+01
4.0793004e-01    846715  5.7729397e+01  5.7778125e+01  5.4760664e+01
4.3202621e-01   1005596  5.1803234e+01  5.1976451e+01  5.0543923e+01
4.5754560e-01   1194719  4.5007560e+01  4.4764865e+01  4.1822074e+01
4.8457948e-01   1419743  3.9638230e+01  3.9588939e+01  3.6597209e+01
5.1321525e-01   1686576  3.5270591e+01  3.5423543e+01  3.4127852e+01
5.4354215e-01   2003484  3.0848324e+01  3.0621273e+01  2.8265796e+01
5.7565178e-01   2378778  2.7117472e+01  2.7189701e+01  2.5261480e+01
6.0966698e-01   2828400  2.3860788e+01  2.3853490e+01  2.2683105e+01
6.4568974e-01   3356890  2.0874874e+01  2.0804232e+01  1.8987397e+01
6.8383752e-01   3990317  1.8367680e+01  1.8448078e+01  1.7463507e+01
7.2424344e-01   4738457  1.6163671e+01  1.6075777e+01  1.4571246e+01
7.6703215e-01   5629661  1.4400391e+01  1.4456422e+01  1.3292151e+01
8.1235262e-01   6687903  1.3072406e+01  1.3017930e+01  1.1177641e+01
8.6035444e-01   7945758  1.2354674e+01  1.2364138e+01  1.0061244e+01
9.1118812e-01   9436555  1.2348066e+01  1.2378125e+01  8.6310635e+00
9.6501980e-01  11210320  1.3164401e+01  1.3102347e+01  7.5398262e+00
1.0220366e+00  13318613  1.5113033e+01  1.5144496e+01  6.6535327e+00
1.0824208e+00  15819192  1.8623009e+01  1.8631360e+01  5.7205359e+00
1.1463741e+00  18795348  2.4352800e+01  2.4262909e+01  4.9659160e+00
1.2141088e+00  22326034  3.2878688e+01  3.2805413e+01  4.3574671e+00
1.2858419e+00  26520842  4.4710402e+01  4.4663695e+01  3.7969170e+00
1.3618105e+00  31503438  5.8686986e+01  5.8752409e+01  3.2936842e+00
1.4422695e+00  37426927  7.0427495e+01  7.0470274e+01  2.8617184e+00
1.5275481e+00  44525830  7.4520182e+01  7.4556468e+01  2.4802524e+00
