# Power spectrum from CO𝘕CEPT job 4701184 at t = 2.727498 Gyr, a = 0.29411765
#
# Components:
#   0: matter  (upstream grid size 1024)
#
#                           grid size 1024
# ╭────────────────────────────────────────────────────────────────╮
#                         component 0    (corrected)      (linear)
#                        σ₈ = 2.75e-01  σ₈ = 2.75e-01  σ₈ = 2.73e-01
#  k [Mpc⁻¹]    modes       P [Mpc³]       P [Mpc³]       P [Mpc³]
3.0679616e-03         3  6.2046629e+03  6.2046629e+03  6.2056587e+03
5.8212951e-03        25  9.0388841e+03  9.0841209e+03  9.0817607e+03
1.0440195e-02       124  1.0456722e+04  1.0576774e+04  1.0616341e+04
1.6729547e-02       418  9.4070218e+03  9.4929831e+03  9.4829460e+03
2.3240110e-02       730  7.2333645e+03  7.2347887e+03  7.2791852e+03
2.9075630e-02      1012  5.6988181e+03  5.6850107e+03  5.6823969e+03
3.4544381e-02      1408  4.7533789e+03  4.7423160e+03  4.7335077e+03
3.9898901e-02      1841  4.1482415e+03  4.1449550e+03  4.1698088e+03
4.5580519e-02      2698  3.7138712e+03  3.7173020e+03  3.7297662e+03
5.1612543e-02      3532  3.2214415e+03  3.2265084e+03  3.2508315e+03
5.7899473e-02      4702  2.6818682e+03  2.6823774e+03  2.7032044e+03
6.4462744e-02      6019  2.1898775e+03  2.1846762e+03  2.1869823e+03
7.1309305e-02      7766  1.8248341e+03  1.8178670e+03  1.8218595e+03
7.8556104e-02     10012  1.6303529e+03  1.6267171e+03  1.6297548e+03
8.6194331e-02     12589  1.5254219e+03  1.5274002e+03  1.5273635e+03
9.4153926e-02     15650  1.3810784e+03  1.3849261e+03  1.3885601e+03
1.0254095e-01     19757  1.1656468e+03  1.1659549e+03  1.1694625e+03
1.1136076e-01     24241  9.5667654e+02  9.5329693e+02  9.4714139e+02
1.2060245e-01     29993  8.1060266e+02  8.0788494e+02  7.9960722e+02
1.3029316e-01     36494  7.1765981e+02  7.1803190e+02  7.1208902e+02
1.4046583e-01     44825  6.3432948e+02  6.3516719e+02  6.2563535e+02
1.5111985e-01     53906  5.4645700e+02  5.4513540e+02  5.3336013e+02
1.6229170e-01     65729  4.8265985e+02  4.8131100e+02  4.7232481e+02
1.7401323e-01     78746  4.4428597e+02  4.4513771e+02  4.3949002e+02
1.8625264e-01     94374  3.9591147e+02  3.9665330e+02  3.9153151e+02
1.9902230e-01    112166  3.3466302e+02  3.3398612e+02  3.2520888e+02
2.1238854e-01    134373  2.8663377e+02  2.8580638e+02  2.7307085e+02
2.2637810e-01    159077  2.5454681e+02  2.5428182e+02  2.4057351e+02
2.4096993e-01    188172  2.2890927e+02  2.2879750e+02  2.1907499e+02
2.5621802e-01    222492  2.0844765e+02  2.0864784e+02  2.0138002e+02
2.7214102e-01    261771  1.8522325e+02  1.8541194e+02  1.7862353e+02
2.8873063e-01    306759  1.6006263e+02  1.5970166e+02  1.4920428e+02
3.0605468e-01    360898  1.4041939e+02  1.3992200e+02  1.2719681e+02
3.2421519e-01    425046  1.2762654e+02  1.2769186e+02  1.1766179e+02
3.4337900e-01    505555  1.1525192e+02  1.1554659e+02  1.0926623e+02
3.6368055e-01    600292  1.0159280e+02  1.0145978e+02  9.3471561e+01
3.8517334e-01    712930  8.9224519e+01  8.8791293e+01  7.7910810e+01
4.0793004e-01    846715  8.0042213e+01  8.0109774e+01  7.1505438e+01
4.3202621e-01   1005596  7.1916320e+01  7.2156789e+01  6.5999293e+01
4.5754560e-01   1194719  6.3148175e+01  6.2807661e+01  5.4610467e+01
4.8457948e-01   1419743  5.5974550e+01  5.5904946e+01  4.7787936e+01
5.1321525e-01   1686576  4.9965007e+01  5.0181681e+01  4.4563495e+01
5.4354215e-01   2003484  4.4133728e+01  4.3808893e+01  3.6908933e+01
5.7565178e-01   2378778  3.9111640e+01  3.9215816e+01  3.2985954e+01
6.0966698e-01   2828400  3.4651967e+01  3.4641369e+01  2.9619161e+01
6.4568974e-01   3356890  3.0649455e+01  3.0545735e+01  2.4793376e+01
6.8383752e-01   3990317  2.7229667e+01  2.7348855e+01  2.2803508e+01
7.2424344e-01   4738457  2.4259223e+01  2.4127308e+01  1.9026850e+01
7.6703215e-01   5629661  2.1879973e+01  2.1965106e+01  1.7356631e+01
8.1235262e-01   6687903  2.0090788e+01  2.0007065e+01  1.4595545e+01
8.6035444e-01   7945758  1.9078329e+01  1.9092943e+01  1.3137775e+01
9.1118812e-01   9436555  1.8978616e+01  1.9024816e+01  1.1270273e+01
9.6501980e-01  11210320  1.9934629e+01  1.9840662e+01  9.8453568e+00
1.0220366e+00  13318613  2.2279678e+01  2.2326060e+01  8.6880517e+00
1.0824208e+00  15819192  2.6423872e+01  2.6435721e+01  7.4697625e+00
1.1463741e+00  18795348  3.2846631e+01  3.2725388e+01  6.4843945e+00
1.2141088e+00  22326034  4.1549704e+01  4.1457104e+01  5.6898937e+00
1.2858419e+00  26520842  5.2057052e+01  5.2002670e+01  4.9579381e+00
1.3618105e+00  31503438  6.2317120e+01  6.2386590e+01  4.3008265e+00
1.4422695e+00  37426927  6.9038911e+01  6.9080847e+01  3.7367740e+00
1.5275481e+00  44525830  7.0802065e+01  7.0836541e+01  3.2386632e+00
