# Power spectrum from CO𝘕CEPT job 4701184 at t = 6.2819341 Gyr, a = 0.52631579
#
# Components:
#   0: matter  (upstream grid size 1024)
#
#                           grid size 1024
# ╭────────────────────────────────────────────────────────────────╮
#                         component 0    (corrected)      (linear)
#                        σ₈ = 4.86e-01  σ₈ = 4.86e-01  σ₈ = 4.67e-01
#  k [Mpc⁻¹]    modes       P [Mpc³]       P [Mpc³]       P [Mpc³]
3.0679616e-03         3  1.8237930e+04  1.8237930e+04  1.8224800e+04
5.8212951e-03        25  2.6557905e+04  2.6690819e+04  2.6657108e+04
1.0440195e-02       124  3.0611616e+04  3.0963066e+04  3.1143783e+04
1.6729547e-02       418  2.7610670e+04  2.7862976e+04  2.7807955e+04
2.3240110e-02       730  2.1110975e+04  2.1115131e+04  2.1340956e+04
2.9075630e-02      1012  1.6710542e+04  1.6670055e+04  1.6657630e+04
3.4544381e-02      1408  1.3956981e+04  1.3924498e+04  1.3875053e+04
3.9898901e-02      1841  1.2111249e+04  1.2101654e+04  1.2222142e+04
4.5580519e-02      2698  1.0869213e+04  1.0879254e+04  1.0931942e+04
5.1612543e-02      3532  9.4033750e+03  9.4181650e+03  9.5279246e+03
5.7899473e-02      4702  7.8394493e+03  7.8409377e+03  7.9227079e+03
6.4462744e-02      6019  6.4624854e+03  6.4471359e+03  6.4096296e+03
7.1309305e-02      7766  5.4041488e+03  5.3835159e+03  5.3394556e+03
7.8556104e-02     10012  4.8386835e+03  4.8278927e+03  4.7763909e+03
8.6194331e-02     12589  4.5272481e+03  4.5331196e+03  4.4762711e+03
9.4153926e-02     15650  4.0964261e+03  4.1078390e+03  4.0694499e+03
1.0254095e-01     19757  3.4858220e+03  3.4867432e+03  3.4273218e+03
1.1136076e-01     24241  2.9166036e+03  2.9063003e+03  2.7757566e+03
1.2060245e-01     29993  2.5017973e+03  2.4934095e+03  2.3433740e+03
1.3029316e-01     36494  2.2236975e+03  2.2248505e+03  2.0868816e+03
1.4046583e-01     44825  1.9816534e+03  1.9842704e+03  1.8335115e+03
1.5111985e-01     53906  1.7409918e+03  1.7367812e+03  1.5630825e+03
1.6229170e-01     65729  1.5486320e+03  1.5443042e+03  1.3842077e+03
1.7401323e-01     78746  1.4219769e+03  1.4247029e+03  1.2879791e+03
1.8625264e-01     94374  1.2786320e+03  1.2810278e+03  1.1474292e+03
1.9902230e-01    112166  1.1130694e+03  1.1108181e+03  9.5306177e+02
2.1238854e-01    134373  9.8249142e+02  9.7965542e+02  8.0026448e+02
2.2637810e-01    159077  8.8869874e+02  8.8777360e+02  7.0502678e+02
2.4096993e-01    188172  8.0500674e+02  8.0461367e+02  6.4202252e+02
2.5621802e-01    222492  7.3715736e+02  7.3786531e+02  5.9016515e+02
2.7214102e-01    261771  6.6766383e+02  6.6834399e+02  5.2347457e+02
2.8873063e-01    306759  5.9956301e+02  5.9821090e+02  4.3725819e+02
3.0605468e-01    360898  5.4267400e+02  5.4075177e+02  3.7276292e+02
3.2421519e-01    425046  4.9870015e+02  4.9895540e+02  3.4481945e+02
3.4337900e-01    505555  4.5509432e+02  4.5625789e+02  3.2021532e+02
3.6368055e-01    600292  4.1500422e+02  4.1446082e+02  2.7392741e+02
3.8517334e-01    712930  3.7954361e+02  3.7770075e+02  2.2832506e+02
4.0793004e-01    846715  3.4728379e+02  3.4757692e+02  2.0955345e+02
4.3202621e-01   1005596  3.1823990e+02  3.1930402e+02  1.9341713e+02
4.5754560e-01   1194719  2.9137128e+02  2.8980012e+02  1.6004107e+02
4.8457948e-01   1419743  2.6712630e+02  2.6679413e+02  1.4004697e+02
5.1321525e-01   1686576  2.4544723e+02  2.4651162e+02  1.3059742e+02
5.4354215e-01   2003484  2.2578640e+02  2.2412456e+02  1.0816501e+02
5.7565178e-01   2378778  2.0781360e+02  2.0836712e+02  9.6668340e+01
6.0966698e-01   2828400  1.9189548e+02  1.9183679e+02  8.6801631e+01
6.4568974e-01   3356890  1.7741275e+02  1.7681238e+02  7.2659222e+01
6.8383752e-01   3990317  1.6473614e+02  1.6545722e+02  6.6827725e+01
7.2424344e-01   4738457  1.5372211e+02  1.5288621e+02  5.5759881e+01
7.6703215e-01   5629661  1.4449953e+02  1.4506177e+02  5.0865149e+01
8.1235262e-01   6687903  1.3705607e+02  1.3648492e+02  4.2773533e+01
8.6035444e-01   7945758  1.3145084e+02  1.3155153e+02  3.8501404e+01
9.1118812e-01   9436555  1.2770109e+02  1.2801195e+02  3.3028520e+01
9.6501980e-01  11210320  1.2556665e+02  1.2497475e+02  2.8852673e+01
1.0220366e+00  13318613  1.2460358e+02  1.2486298e+02  2.5461085e+01
1.0824208e+00  15819192  1.2432793e+02  1.2438368e+02  2.1890779e+01
1.1463741e+00  18795348  1.2410352e+02  1.2364544e+02  1.9003070e+01
1.2141088e+00  22326034  1.2333352e+02  1.2305865e+02  1.6674714e+01
1.2858419e+00  26520842  1.2171375e+02  1.2158660e+02  1.4529653e+01
1.3618105e+00  31503438  1.1946174e+02  1.1959491e+02  1.2603929e+01
1.4422695e+00  37426927  1.1670907e+02  1.1677996e+02  1.0950923e+01
1.5275481e+00  44525830  1.1359984e+02  1.1365515e+02  9.4911648e+00
