# Power spectrum from CO𝘕CEPT job 4701184 at t = 2.5067588 Gyr, a = 0.27777778
#
# Components:
#   0: matter  (upstream grid size 1024)
#
#                           grid size 1024
# ╭────────────────────────────────────────────────────────────────╮
#                         component 0    (corrected)      (linear)
#                        σ₈ = 2.59e-01  σ₈ = 2.59e-01  σ₈ = 2.58e-01
#  k [Mpc⁻¹]    modes       P [Mpc³]       P [Mpc³]       P [Mpc³]
3.0679616e-03         3  5.5527613e+03  5.5527613e+03  5.5534837e+03
5.8212951e-03        25  8.0895569e+03  8.1300426e+03  8.1277959e+03
1.0440195e-02       124  9.3611054e+03  9.4685794e+03  9.5017482e+03
1.6729547e-02       418  8.4195961e+03  8.4965342e+03  8.4876578e+03
2.3240110e-02       730  6.4768093e+03  6.4780844e+03  6.5153206e+03
2.9075630e-02      1012  5.1009096e+03  5.0885509e+03  5.0861463e+03
3.4544381e-02      1408  4.2542303e+03  4.2443291e+03  4.2368482e+03
3.9898901e-02      1841  3.7142191e+03  3.7112765e+03  3.7323094e+03
4.5580519e-02      2698  3.3246870e+03  3.3277582e+03  3.3384460e+03
5.1612543e-02      3532  2.8844135e+03  2.8889503e+03  2.9097666e+03
5.7899473e-02      4702  2.4011173e+03  2.4015732e+03  2.4195986e+03
6.4462744e-02      6019  1.9594377e+03  1.9547837e+03  1.9575382e+03
7.1309305e-02      7766  1.6325639e+03  1.6263308e+03  1.6307234e+03
7.8556104e-02     10012  1.4583772e+03  1.4551248e+03  1.4587740e+03
8.6194331e-02     12589  1.3643845e+03  1.3661540e+03  1.3671257e+03
9.4153926e-02     15650  1.2353072e+03  1.2387488e+03  1.2428850e+03
1.0254095e-01     19757  1.0421939e+03  1.0424693e+03  1.0467736e+03
1.1136076e-01     24241  8.5438370e+02  8.5136546e+02  8.4777662e+02
1.2060245e-01     29993  7.2339987e+02  7.2097452e+02  7.1572049e+02
1.3029316e-01     36494  6.4035075e+02  6.4068276e+02  6.3738397e+02
1.4046583e-01     44825  5.6559543e+02  5.6634237e+02  5.6000024e+02
1.5111985e-01     53906  4.8669862e+02  4.8552154e+02  4.7740566e+02
1.6229170e-01     65729  4.2972454e+02  4.2852363e+02  4.2277358e+02
1.7401323e-01     78746  3.9564605e+02  3.9640454e+02  3.9338351e+02
1.8625264e-01     94374  3.5237806e+02  3.5303831e+02  3.5045632e+02
1.9902230e-01    112166  2.9728004e+02  2.9667876e+02  2.9109156e+02
2.1238854e-01    134373  2.5403652e+02  2.5330323e+02  2.4442330e+02
2.2637810e-01    159077  2.2532341e+02  2.2508884e+02  2.1533523e+02
2.4096993e-01    188172  2.0259544e+02  2.0249652e+02  1.9609210e+02
2.5621802e-01    222492  1.8445506e+02  1.8463221e+02  1.8025350e+02
2.7214102e-01    261771  1.6373430e+02  1.6390110e+02  1.5988438e+02
2.8873063e-01    306759  1.4101681e+02  1.4069879e+02  1.3355146e+02
3.0605468e-01    360898  1.2338440e+02  1.2294736e+02  1.1385277e+02
3.2421519e-01    425046  1.1210310e+02  1.1216048e+02  1.0531806e+02
3.4337900e-01    505555  1.0125870e+02  1.0151760e+02  9.7803270e+01
3.6368055e-01    600292  8.8980706e+01  8.8864196e+01  8.3665597e+01
3.8517334e-01    712930  7.7828056e+01  7.7450165e+01  6.9737303e+01
4.0793004e-01    846715  6.9763107e+01  6.9821992e+01  6.4003910e+01
4.3202621e-01   1005596  6.2638032e+01  6.2847477e+01  5.9075408e+01
4.5754560e-01   1194719  5.4754695e+01  5.4459442e+01  4.8881367e+01
4.8457948e-01   1419743  4.8398270e+01  4.8338086e+01  4.2774578e+01
5.1321525e-01   1686576  4.3134381e+01  4.3321434e+01  3.9888409e+01
5.4354215e-01   2003484  3.7943426e+01  3.7664153e+01  3.3036875e+01
5.7565178e-01   2378778  3.3506248e+01  3.3595494e+01  2.9525450e+01
6.0966698e-01   2828400  2.9594116e+01  2.9585065e+01  2.6511862e+01
6.4568974e-01   3356890  2.6055807e+01  2.5967632e+01  2.2192344e+01
6.8383752e-01   3990317  2.3049816e+01  2.3150708e+01  2.0411230e+01
7.2424344e-01   4738457  2.0429237e+01  2.0318149e+01  1.7030775e+01
7.6703215e-01   5629661  1.8330871e+01  1.8402195e+01  1.5535776e+01
8.1235262e-01   6687903  1.6752869e+01  1.6683055e+01  1.3064351e+01
8.6035444e-01   7945758  1.5877283e+01  1.5889445e+01  1.1759514e+01
9.1118812e-01   9436555  1.5824837e+01  1.5863359e+01  1.0087928e+01
9.6501980e-01  11210320  1.6726552e+01  1.6647707e+01  8.8124973e+00
1.0220366e+00  13318613  1.8911496e+01  1.8950867e+01  7.7766033e+00
1.0824208e+00  15819192  2.2808789e+01  2.2819017e+01  6.6861229e+00
1.1463741e+00  18795348  2.8994394e+01  2.8887370e+01  5.8041282e+00
1.2141088e+00  22326034  3.7731645e+01  3.7647555e+01  5.0929772e+00
1.2858419e+00  26520842  4.8937499e+01  4.8886375e+01  4.4378099e+00
1.3618105e+00  31503438  6.0792366e+01  6.0860136e+01  3.8496348e+00
1.4422695e+00  37426927  6.9369570e+01  6.9411707e+01  3.3447561e+00
1.5275481e+00  44525830  7.1832502e+01  7.1867479e+01  2.8989012e+00
