# Power spectrum from CO𝘕CEPT job 4701184 at t = 9.3730558 Gyr, a = 0.71428571
#
# Components:
#   0: matter  (upstream grid size 1024)
#
#                           grid size 1024
# ╭────────────────────────────────────────────────────────────────╮
#                         component 0    (corrected)      (linear)
#                        σ₈ = 6.35e-01  σ₈ = 6.35e-01  σ₈ = 5.95e-01
#  k [Mpc⁻¹]    modes       P [Mpc³]       P [Mpc³]       P [Mpc³]
3.0679616e-03         3  2.9610012e+04  2.9610012e+04  2.9601250e+04
5.8212951e-03        25  4.3108766e+04  4.3324511e+04  4.3287824e+04
1.0440195e-02       124  4.9567228e+04  5.0136305e+04  5.0561125e+04
1.6729547e-02       418  4.4773454e+04  4.5182593e+04  4.5136619e+04
2.3240110e-02       730  3.4101147e+04  3.4107861e+04  3.4635680e+04
2.9075630e-02      1012  2.7071729e+04  2.7006139e+04  2.7033090e+04
3.4544381e-02      1408  2.2629586e+04  2.2576919e+04  2.2516451e+04
3.9898901e-02      1841  1.9563244e+04  1.9547745e+04  1.9833559e+04
4.5580519e-02      2698  1.7583471e+04  1.7599714e+04  1.7739501e+04
5.1612543e-02      3532  1.5183888e+04  1.5207770e+04  1.5460914e+04
5.7899473e-02      4702  1.2674688e+04  1.2677094e+04  1.2855970e+04
6.4462744e-02      6019  1.0524601e+04  1.0499603e+04  1.0400632e+04
7.1309305e-02      7766  8.8331216e+03  8.7993970e+03  8.6640359e+03
7.8556104e-02     10012  7.9224879e+03  7.9048200e+03  7.7503312e+03
8.6194331e-02     12589  7.4026960e+03  7.4122967e+03  7.2633075e+03
9.4153926e-02     15650  6.6910974e+03  6.7097392e+03  6.6031604e+03
1.0254095e-01     19757  5.7365593e+03  5.7380754e+03  5.5612118e+03
1.1136076e-01     24241  4.8746835e+03  4.8574629e+03  4.5039609e+03
1.2060245e-01     29993  4.2210950e+03  4.2069429e+03  3.8023645e+03
1.3029316e-01     36494  3.7670733e+03  3.7690265e+03  3.3861721e+03
1.4046583e-01     44825  3.3689176e+03  3.3733666e+03  2.9750486e+03
1.5111985e-01     53906  3.0048352e+03  2.9975680e+03  2.5362477e+03
1.6229170e-01     65729  2.6894132e+03  2.6818973e+03  2.2460037e+03
1.7401323e-01     78746  2.4692809e+03  2.4740147e+03  2.0898617e+03
1.8625264e-01     94374  2.2345379e+03  2.2387248e+03  1.8618051e+03
1.9902230e-01    112166  1.9840968e+03  1.9800838e+03  1.5464255e+03
2.1238854e-01    134373  1.7780123e+03  1.7728799e+03  1.2984977e+03
2.2637810e-01    159077  1.6278652e+03  1.6261706e+03  1.1439657e+03
2.4096993e-01    188172  1.4870300e+03  1.4863039e+03  1.0417354e+03
2.5621802e-01    222492  1.3688340e+03  1.3701486e+03  9.5759202e+02
2.7214102e-01    261771  1.2582599e+03  1.2595417e+03  8.4938068e+02
2.8873063e-01    306759  1.1494097e+03  1.1468176e+03  7.0948723e+02
3.0605468e-01    360898  1.0578336e+03  1.0540866e+03  6.0483818e+02
3.2421519e-01    425046  9.7886444e+02  9.7936546e+02  5.5949749e+02
3.4337900e-01    505555  9.0548232e+02  9.0779743e+02  5.1957516e+02
3.6368055e-01    600292  8.3789496e+02  8.3679783e+02  4.4446920e+02
3.8517334e-01    712930  7.7741839e+02  7.7364366e+02  3.7047566e+02
4.0793004e-01    846715  7.2263216e+02  7.2324211e+02  3.4001716e+02
4.3202621e-01   1005596  6.7077602e+02  6.7301892e+02  3.1383463e+02
4.5754560e-01   1194719  6.2399578e+02  6.2063100e+02  2.5967929e+02
4.8457948e-01   1419743  5.8064241e+02  5.7992038e+02  2.2723726e+02
5.1321525e-01   1686576  5.4182285e+02  5.4417248e+02  2.1190460e+02
5.4354215e-01   2003484  5.0483104e+02  5.0111536e+02  1.7550621e+02
5.7565178e-01   2378778  4.7246939e+02  4.7372784e+02  1.5685196e+02
6.0966698e-01   2828400  4.4222489e+02  4.4208964e+02  1.4084243e+02
6.4568974e-01   3356890  4.1506055e+02  4.1365595e+02  1.1789526e+02
6.8383752e-01   3990317  3.9040502e+02  3.9211388e+02  1.0843319e+02
7.2424344e-01   4738457  3.6822368e+02  3.6622138e+02  9.0474744e+01
7.6703215e-01   5629661  3.4843820e+02  3.4979394e+02  8.2532653e+01
8.1235262e-01   6687903  3.3124914e+02  3.2986874e+02  6.9403373e+01
8.6035444e-01   7945758  3.1584914e+02  3.1609107e+02  6.2471509e+01
9.1118812e-01   9436555  3.0236596e+02  3.0310201e+02  5.3591327e+01
9.6501980e-01  11210320  2.8955904e+02  2.8819413e+02  4.6815688e+01
1.0220366e+00  13318613  2.7753257e+02  2.7811035e+02  4.1312572e+01
1.0824208e+00  15819192  2.6572201e+02  2.6584116e+02  3.5519473e+01
1.1463741e+00  18795348  2.5396929e+02  2.5303185e+02  3.0833939e+01
1.2141088e+00  22326034  2.4231144e+02  2.4177141e+02  2.7056000e+01
1.2858419e+00  26520842  2.3048103e+02  2.3024026e+02  2.3575472e+01
1.3618105e+00  31503438  2.1868579e+02  2.1892957e+02  2.0450835e+01
1.4422695e+00  37426927  2.0703914e+02  2.0716490e+02  1.7768705e+01
1.5275481e+00  44525830  1.9582936e+02  1.9592471e+02  1.5400135e+01
