# Power spectrum from CO𝘕CEPT job 4701184 at t = 2.4071778 Gyr, a = 0.27027027
#
# Components:
#   0: matter  (upstream grid size 1024)
#
#                           grid size 1024
# ╭────────────────────────────────────────────────────────────────╮
#                         component 0    (corrected)      (linear)
#                        σ₈ = 2.52e-01  σ₈ = 2.52e-01  σ₈ = 2.51e-01
#  k [Mpc⁻¹]    modes       P [Mpc³]       P [Mpc³]       P [Mpc³]
3.0679616e-03         3  5.2641238e+03  5.2641238e+03  5.2647256e+03
5.8212951e-03        25  7.6692193e+03  7.7076013e+03  7.7054064e+03
1.0440195e-02       124  8.8758505e+03  8.9777534e+03  9.0082164e+03
1.6729547e-02       418  7.9823582e+03  8.0553008e+03  8.0469388e+03
2.3240110e-02       730  6.1416458e+03  6.1428550e+03  6.1770711e+03
2.9075630e-02      1012  4.8361341e+03  4.8244169e+03  4.8221161e+03
3.4544381e-02      1408  4.0332151e+03  4.0238282e+03  4.0169173e+03
3.9898901e-02      1841  3.5219504e+03  3.5191601e+03  3.5385751e+03
4.5580519e-02      2698  3.1523171e+03  3.1552291e+03  3.1651603e+03
5.1612543e-02      3532  2.7351124e+03  2.7394143e+03  2.7587348e+03
5.7899473e-02      4702  2.2767615e+03  2.2771937e+03  2.2940108e+03
6.4462744e-02      6019  1.8574475e+03  1.8530358e+03  1.8559345e+03
7.1309305e-02      7766  1.5474908e+03  1.5415825e+03  1.5460834e+03
7.8556104e-02     10012  1.3822978e+03  1.3792151e+03  1.3830593e+03
8.6194331e-02     12589  1.2931466e+03  1.2948237e+03  1.2961681e+03
9.4153926e-02     15650  1.1708218e+03  1.1740838e+03  1.1783761e+03
1.0254095e-01     19757  9.8761790e+02  9.8787891e+02  9.9244360e+02
1.1136076e-01     24241  8.0923329e+02  8.0637455e+02  8.0377517e+02
1.2060245e-01     29993  6.8494955e+02  6.8265311e+02  6.7857313e+02
1.3029316e-01     36494  6.0627341e+02  6.0658775e+02  6.0430250e+02
1.4046583e-01     44825  5.3532151e+02  5.3602846e+02  5.3093519e+02
1.5111985e-01     53906  4.6041977e+02  4.5930625e+02  4.5262746e+02
1.6229170e-01     65729  4.0645993e+02  4.0532404e+02  4.0083091e+02
1.7401323e-01     78746  3.7426412e+02  3.7498162e+02  3.7296625e+02
1.8625264e-01     94374  3.3325541e+02  3.3387983e+02  3.3226707e+02
1.9902230e-01    112166  2.8090002e+02  2.8033186e+02  2.7598345e+02
2.1238854e-01    134373  2.3979165e+02  2.3909948e+02  2.3173735e+02
2.2637810e-01    159077  2.1257171e+02  2.1235043e+02  2.0415901e+02
2.4096993e-01    188172  1.9111968e+02  1.9102636e+02  1.8591463e+02
2.5621802e-01    222492  1.7399647e+02  1.7416357e+02  1.7089808e+02
2.7214102e-01    261771  1.5438028e+02  1.5453755e+02  1.5158615e+02
2.8873063e-01    306759  1.3275495e+02  1.3245557e+02  1.2661995e+02
3.0605468e-01    360898  1.1601380e+02  1.1560286e+02  1.0794365e+02
3.2421519e-01    425046  1.0539306e+02  1.0544700e+02  9.9851907e+01
3.4337900e-01    505555  9.5214078e+01  9.5457518e+01  9.2727145e+01
3.6368055e-01    600292  8.3548634e+01  8.3439237e+01  7.9323238e+01
3.8517334e-01    712930  7.2936351e+01  7.2582212e+01  6.6117843e+01
4.0793004e-01    846715  6.5357784e+01  6.5412950e+01  6.0682021e+01
4.3202621e-01   1005596  5.8668215e+01  5.8864387e+01  5.6009315e+01
4.5754560e-01   1194719  5.1175909e+01  5.0899954e+01  4.6344359e+01
4.8457948e-01   1419743  4.5176814e+01  4.5120636e+01  4.0554521e+01
5.1321525e-01   1686576  4.0238083e+01  4.0412577e+01  3.7818148e+01
5.4354215e-01   2003484  3.5325904e+01  3.5065897e+01  3.1322218e+01
5.7565178e-01   2378778  3.1144410e+01  3.1227366e+01  2.7993041e+01
6.0966698e-01   2828400  2.7470418e+01  2.7462017e+01  2.5135862e+01
6.4568974e-01   3356890  2.4133131e+01  2.4051463e+01  2.1040532e+01
6.8383752e-01   3990317  2.1307867e+01  2.1401134e+01  1.9351861e+01
7.2424344e-01   4738457  1.8838857e+01  1.8736417e+01  1.6146856e+01
7.6703215e-01   5629661  1.6862262e+01  1.6927871e+01  1.4729450e+01
8.1235262e-01   6687903  1.5375463e+01  1.5311389e+01  1.2386294e+01
8.6035444e-01   7945758  1.4557945e+01  1.4569097e+01  1.1149180e+01
9.1118812e-01   9436555  1.4523499e+01  1.4558853e+01  9.5643521e+00
9.6501980e-01  11210320  1.5396746e+01  1.5324170e+01  8.3551178e+00
1.0220366e+00  13318613  1.7501492e+01  1.7537927e+01  7.3729879e+00
1.0824208e+00  15819192  2.1269942e+01  2.1279480e+01  6.3391049e+00
1.1463741e+00  18795348  2.7312862e+01  2.7212046e+01  5.5028869e+00
1.2141088e+00  22326034  3.6009159e+01  3.5928907e+01  4.8286455e+00
1.2858419e+00  26520842  4.7477186e+01  4.7427588e+01  4.2074823e+00
1.3618105e+00  31503438  6.0081091e+01  6.0148068e+01  3.6498342e+00
1.4422695e+00  37426927  6.9669141e+01  6.9711460e+01  3.1711594e+00
1.5275481e+00  44525830  7.2590426e+01  7.2625772e+01  2.7484449e+00
