# Power spectrum from CO𝘕CEPT job 4701184 at t = 7.9068012 Gyr, a = 0.625
#
# Components:
#   0: matter  (upstream grid size 1024)
#
#                           grid size 1024
# ╭────────────────────────────────────────────────────────────────╮
#                         component 0    (corrected)      (linear)
#                        σ₈ = 5.67e-01  σ₈ = 5.67e-01  σ₈ = 5.38e-01
#  k [Mpc⁻¹]    modes       P [Mpc³]       P [Mpc³]       P [Mpc³]
3.0679616e-03         3  2.4202435e+04  2.4202435e+04  2.4192125e+04
5.8212951e-03        25  3.5239201e+04  3.5415562e+04  3.5380844e+04
1.0440195e-02       124  4.0563224e+04  4.1028927e+04  4.1329830e+04
1.6729547e-02       418  3.6617263e+04  3.6951871e+04  3.6898779e+04
2.3240110e-02       730  2.7937659e+04  2.7943159e+04  2.8315752e+04
2.9075630e-02      1012  2.2150333e+04  2.2096666e+04  2.2100996e+04
3.4544381e-02      1408  1.8508978e+04  1.8465901e+04  1.8408718e+04
3.9898901e-02      1841  1.6027796e+04  1.6015098e+04  1.6215468e+04
4.5580519e-02      2698  1.4396189e+04  1.4409487e+04  1.4503549e+04
5.1612543e-02      3532  1.2442003e+04  1.2461572e+04  1.2640702e+04
5.7899473e-02      4702  1.0379716e+04  1.0381687e+04  1.0510984e+04
6.4462744e-02      6019  8.5904491e+03  8.5700454e+03  8.5035487e+03
7.1309305e-02      7766  7.1972339e+03  7.1697551e+03  7.0837346e+03
7.8556104e-02     10012  6.4501126e+03  6.4357283e+03  6.3367062e+03
8.6194331e-02     12589  6.0311775e+03  6.0389995e+03  5.9385276e+03
9.4153926e-02     15650  5.4544502e+03  5.4696466e+03  5.3987976e+03
1.0254095e-01     19757  4.6599626e+03  4.6611942e+03  4.5468994e+03
1.1136076e-01     24241  3.9319625e+03  3.9180723e+03  3.6824861e+03
1.2060245e-01     29993  3.3902467e+03  3.3788802e+03  3.1088569e+03
1.3029316e-01     36494  3.0197913e+03  3.0213570e+03  2.7685759e+03
1.4046583e-01     44825  2.6967308e+03  2.7002922e+03  2.4324382e+03
1.5111985e-01     53906  2.3891326e+03  2.3833545e+03  2.0736703e+03
1.6229170e-01     65729  2.1322231e+03  2.1262643e+03  1.8363640e+03
1.7401323e-01     78746  1.9572974e+03  1.9610498e+03  1.7087009e+03
1.8625264e-01     94374  1.7663261e+03  1.7696357e+03  1.5222393e+03
1.9902230e-01    112166  1.5546789e+03  1.5515344e+03  1.2643807e+03
2.1238854e-01    134373  1.3846111e+03  1.3806143e+03  1.0616716e+03
2.2637810e-01    159077  1.2611091e+03  1.2597963e+03  9.3532409e+02
2.4096993e-01    188172  1.1474081e+03  1.1468479e+03  8.5173921e+02
2.5621802e-01    222492  1.0536838e+03  1.0546957e+03  7.8294242e+02
2.7214102e-01    261771  9.6239218e+02  9.6337259e+02  6.9446724e+02
2.8873063e-01    306759  8.7290695e+02  8.7093840e+02  5.8008821e+02
3.0605468e-01    360898  7.9766684e+02  7.9484138e+02  4.9452553e+02
3.2421519e-01    425046  7.3605045e+02  7.3642719e+02  4.5745429e+02
3.4337900e-01    505555  6.7675048e+02  6.7848077e+02  4.2481320e+02
3.6368055e-01    600292  6.2246240e+02  6.2164735e+02  3.6340536e+02
3.8517334e-01    712930  5.7434300e+02  5.7155430e+02  3.0290705e+02
4.0793004e-01    846715  5.3030025e+02  5.3074787e+02  2.7800369e+02
4.3202621e-01   1005596  4.8970556e+02  4.9134301e+02  2.5659644e+02
4.5754560e-01   1194719  4.5261153e+02  4.5017092e+02  2.1231814e+02
4.8457948e-01   1419743  4.1870475e+02  4.1818409e+02  1.8579301e+02
5.1321525e-01   1686576  3.8815881e+02  3.8984207e+02  1.7325677e+02
5.4354215e-01   2003484  3.6010524e+02  3.5745478e+02  1.4349685e+02
5.7565178e-01   2378778  3.3473082e+02  3.3562240e+02  1.2824482e+02
6.0966698e-01   2828400  3.1188065e+02  3.1178526e+02  1.1515517e+02
6.4568974e-01   3356890  2.9111464e+02  2.9012949e+02  9.6393169e+01
6.8383752e-01   3990317  2.7260861e+02  2.7380186e+02  8.8656824e+01
7.2424344e-01   4738457  2.5626524e+02  2.5487175e+02  7.3973695e+01
7.6703215e-01   5629661  2.4222054e+02  2.4316300e+02  6.7480108e+01
8.1235262e-01   6687903  2.3022729e+02  2.2926788e+02  5.6745386e+01
8.6035444e-01   7945758  2.2024840e+02  2.2041710e+02  5.1077777e+01
9.1118812e-01   9436555  2.1216902e+02  2.1268550e+02  4.3817189e+01
9.6501980e-01  11210320  2.0516412e+02  2.0419703e+02  3.8277312e+01
1.0220366e+00  13318613  1.9910220e+02  1.9951670e+02  3.3777870e+01
1.0824208e+00  15819192  1.9322656e+02  1.9331320e+02  2.9041334e+01
1.1463741e+00  18795348  1.8735758e+02  1.8666601e+02  2.5210362e+01
1.2141088e+00  22326034  1.8114501e+02  1.8074130e+02  2.2121455e+01
1.2858419e+00  26520842  1.7449289e+02  1.7431061e+02  1.9275715e+01
1.3618105e+00  31503438  1.6754734e+02  1.6773412e+02  1.6720959e+01
1.4422695e+00  37426927  1.6056241e+02  1.6065994e+02  1.4528003e+01
1.5275481e+00  44525830  1.5353684e+02  1.5361160e+02  1.2591419e+01
