# Power spectrum from CO𝘕CEPT job 4701184 at t = 4.0358434 Gyr, a = 0.38461538
#
# Components:
#   0: matter  (upstream grid size 1024)
#
#                           grid size 1024
# ╭────────────────────────────────────────────────────────────────╮
#                         component 0    (corrected)      (linear)
#                        σ₈ = 3.59e-01  σ₈ = 3.59e-01  σ₈ = 3.52e-01
#  k [Mpc⁻¹]    modes       P [Mpc³]       P [Mpc³]       P [Mpc³]
3.0679616e-03         3  1.0355279e+04  1.0355279e+04  1.0355903e+04
5.8212951e-03        25  1.5082503e+04  1.5157987e+04  1.5151542e+04
1.0440195e-02       124  1.7422266e+04  1.7622289e+04  1.7706921e+04
1.6729547e-02       418  1.5690865e+04  1.5834248e+04  1.5813714e+04
2.3240110e-02       730  1.2037747e+04  1.2040117e+04  1.2137556e+04
2.9075630e-02      1012  9.5024716e+03  9.4794486e+03  9.4745459e+03
3.4544381e-02      1408  7.9304049e+03  7.9119478e+03  7.8921794e+03
3.9898901e-02      1841  6.9048637e+03  6.8993932e+03  6.9521846e+03
4.5580519e-02      2698  6.1879984e+03  6.1937147e+03  6.2184221e+03
5.1612543e-02      3532  5.3619200e+03  5.3703535e+03  5.4198596e+03
5.7899473e-02      4702  4.4660028e+03  4.4668508e+03  4.5068038e+03
6.4462744e-02      6019  3.6598467e+03  3.6511539e+03  3.6461293e+03
7.1309305e-02      7766  3.0531450e+03  3.0414882e+03  3.0373817e+03
7.8556104e-02     10012  2.7299803e+03  2.7238922e+03  2.7170954e+03
8.6194331e-02     12589  2.5550391e+03  2.5583528e+03  2.5463819e+03
9.4153926e-02     15650  2.3129491e+03  2.3193931e+03  2.3149658e+03
1.0254095e-01     19757  1.9575532e+03  1.9580706e+03  1.9496884e+03
1.1136076e-01     24241  1.6179370e+03  1.6122214e+03  1.5790391e+03
1.2060245e-01     29993  1.3771267e+03  1.3725096e+03  1.3330735e+03
1.3029316e-01     36494  1.2207320e+03  1.2213650e+03  1.1871651e+03
1.4046583e-01     44825  1.0830205e+03  1.0844507e+03  1.0430320e+03
1.5111985e-01     53906  9.3964063e+02  9.3736812e+02  8.8919392e+02
1.6229170e-01     65729  8.3196695e+02  8.2964193e+02  7.8743798e+02
1.7401323e-01     78746  7.6492487e+02  7.6639130e+02  7.3269685e+02
1.8625264e-01     94374  6.8392855e+02  6.8521003e+02  6.5274234e+02
1.9902230e-01    112166  5.8483937e+02  5.8365646e+02  5.4217219e+02
2.1238854e-01    134373  5.0734881e+02  5.0588432e+02  4.5525005e+02
2.2637810e-01    159077  4.5379010e+02  4.5331770e+02  4.0107196e+02
2.4096993e-01    188172  4.0887841e+02  4.0867876e+02  3.6523060e+02
2.5621802e-01    222492  3.7295466e+02  3.7331284e+02  3.3573037e+02
2.7214102e-01    261771  3.3362323e+02  3.3396309e+02  2.9779185e+02
2.8873063e-01    306759  2.9343216e+02  2.9277042e+02  2.4874554e+02
3.0605468e-01    360898  2.6099133e+02  2.6006686e+02  2.1205581e+02
3.2421519e-01    425046  2.3807378e+02  2.3819564e+02  1.9615950e+02
3.4337900e-01    505555  2.1531815e+02  2.1586867e+02  1.8216284e+02
3.6368055e-01    600292  1.9283024e+02  1.9257775e+02  1.5583078e+02
3.8517334e-01    712930  1.7274339e+02  1.7190464e+02  1.2988872e+02
4.0793004e-01    846715  1.5596914e+02  1.5610079e+02  1.1921001e+02
4.3202621e-01   1005596  1.4104841e+02  1.4152004e+02  1.1003045e+02
4.5754560e-01   1194719  1.2649323e+02  1.2581115e+02  9.1043608e+01
4.8457948e-01   1419743  1.1383283e+02  1.1369128e+02  7.9669447e+01
5.1321525e-01   1686576  1.0279282e+02  1.0323858e+02  7.4293828e+01
5.4354215e-01   2003484  9.2561542e+01  9.1880267e+01  6.1532555e+01
5.7565178e-01   2378778  8.3553575e+01  8.3776126e+01  5.4992375e+01
6.0966698e-01   2828400  7.5377715e+01  7.5354662e+01  4.9379438e+01
6.4568974e-01   3356890  6.8119051e+01  6.7888532e+01  4.1334153e+01
6.8383752e-01   3990317  6.1886715e+01  6.2157602e+01  3.8016752e+01
7.2424344e-01   4738457  5.6456221e+01  5.6149229e+01  3.1720513e+01
7.6703215e-01   5629661  5.2094000e+01  5.2296693e+01  2.8936015e+01
8.1235262e-01   6687903  4.8789763e+01  4.8586444e+01  2.4332883e+01
8.6035444e-01   7945758  4.6689685e+01  4.6725449e+01  2.1902568e+01
9.1118812e-01   9436555  4.6016878e+01  4.6128897e+01  1.8789172e+01
9.6501980e-01  11210320  4.6886072e+01  4.6665062e+01  1.6413629e+01
1.0220366e+00  13318613  4.9442844e+01  4.9545777e+01  1.4484233e+01
1.0824208e+00  15819192  5.3737750e+01  5.3761846e+01  1.2453168e+01
1.1463741e+00  18795348  5.9458452e+01  5.9238981e+01  1.0810417e+01
1.2141088e+00  22326034  6.5593853e+01  6.5447668e+01  9.4858690e+00
1.2858419e+00  26520842  7.1008375e+01  7.0934195e+01  8.2655931e+00
1.3618105e+00  31503438  7.4698377e+01  7.4781649e+01  7.1700930e+00
1.4422695e+00  37426927  7.6380442e+01  7.6426837e+01  6.2297358e+00
1.5275481e+00  44525830  7.6757766e+01  7.6795142e+01  5.3993130e+00
