# Power spectrum from CO𝘕CEPT job 4701184 at t = 2.8501215 Gyr, a = 0.3030303
#
# Components:
#   0: matter  (upstream grid size 1024)
#
#                           grid size 1024
# ╭────────────────────────────────────────────────────────────────╮
#                         component 0    (corrected)      (linear)
#                        σ₈ = 2.83e-01  σ₈ = 2.83e-01  σ₈ = 2.81e-01
#  k [Mpc⁻¹]    modes       P [Mpc³]       P [Mpc³]       P [Mpc³]
3.0679616e-03         3  6.5736284e+03  6.5736284e+03  6.5747846e+03
5.8212951e-03        25  9.5761729e+03  9.6240987e+03  9.6216754e+03
1.0440195e-02       124  1.1076613e+04  1.1203783e+04  1.1247137e+04
1.6729547e-02       418  9.9658301e+03  1.0056898e+04  1.0046204e+04
2.3240110e-02       730  7.6613083e+03  7.6628166e+03  7.7114667e+03
2.9075630e-02      1012  6.0371640e+03  6.0225369e+03  6.0198200e+03
3.4544381e-02      1408  5.0358728e+03  5.0241524e+03  5.0145698e+03
3.9898901e-02      1841  4.3937561e+03  4.3902751e+03  4.4173909e+03
4.5580519e-02      2698  3.9340697e+03  3.9377038e+03  3.9512146e+03
5.1612543e-02      3532  3.4120882e+03  3.4174549e+03  3.4438399e+03
5.7899473e-02      4702  2.8407013e+03  2.8412406e+03  2.8636966e+03
6.4462744e-02      6019  2.3203574e+03  2.3148462e+03  2.3168241e+03
7.1309305e-02      7766  1.9337350e+03  1.9263520e+03  1.9300229e+03
7.8556104e-02     10012  1.7277782e+03  1.7239251e+03  1.7265121e+03
8.6194331e-02     12589  1.6166527e+03  1.6187494e+03  1.6180414e+03
9.4153926e-02     15650  1.4636590e+03  1.4677368e+03  1.4709970e+03
1.0254095e-01     19757  1.2356350e+03  1.2359615e+03  1.2388916e+03
1.1136076e-01     24241  1.0147666e+03  1.0111818e+03  1.0033714e+03
1.2060245e-01     29993  8.6017783e+02  8.5729390e+02  8.4707830e+02
1.3029316e-01     36494  7.6162524e+02  7.6202014e+02  7.5436422e+02
1.4046583e-01     44825  6.7344939e+02  6.7433875e+02  6.6277791e+02
1.5111985e-01     53906  5.8052650e+02  5.7912251e+02  5.6502446e+02
1.6229170e-01     65729  5.1285851e+02  5.1142527e+02  5.0036558e+02
1.7401323e-01     78746  4.7202732e+02  4.7293224e+02  4.6558144e+02
1.8625264e-01     94374  4.2076045e+02  4.2154883e+02  4.1477573e+02
1.9902230e-01    112166  3.5605731e+02  3.5533714e+02  3.4451568e+02
2.1238854e-01    134373  3.0534099e+02  3.0445961e+02  2.8928234e+02
2.2637810e-01    159077  2.7134389e+02  2.7106142e+02  2.5485571e+02
2.4096993e-01    188172  2.4404336e+02  2.4392420e+02  2.3208087e+02
2.5621802e-01    222492  2.2225378e+02  2.2246723e+02  2.1333540e+02
2.7214102e-01    261771  1.9760749e+02  1.9780880e+02  1.8922791e+02
2.8873063e-01    306759  1.7107729e+02  1.7069149e+02  1.5806211e+02
3.0605468e-01    360898  1.5029676e+02  1.4976439e+02  1.3474812e+02
3.2421519e-01    425046  1.3663720e+02  1.3670714e+02  1.2464704e+02
3.4337900e-01    505555  1.2338105e+02  1.2369650e+02  1.1575305e+02
3.6368055e-01    600292  1.0894106e+02  1.0879841e+02  9.9020698e+01
3.8517334e-01    712930  9.5886948e+01  9.5421373e+01  8.2536149e+01
4.0793004e-01    846715  8.6061362e+01  8.6134004e+01  7.5750507e+01
4.3202621e-01   1005596  7.7359278e+01  7.7617948e+01  6.9917478e+01
4.5754560e-01   1194719  6.8088781e+01  6.7721626e+01  5.7852530e+01
4.8457948e-01   1419743  6.0446683e+01  6.0371517e+01  5.0624965e+01
5.1321525e-01   1686576  5.4008692e+01  5.4242902e+01  4.7209098e+01
5.4354215e-01   2003484  4.7808435e+01  4.7456553e+01  3.9100107e+01
5.7565178e-01   2378778  4.2450708e+01  4.2563778e+01  3.4944232e+01
6.0966698e-01   2828400  3.7675630e+01  3.7664107e+01  3.1377562e+01
6.4568974e-01   3356890  3.3404194e+01  3.3291152e+01  2.6265285e+01
6.8383752e-01   3990317  2.9746880e+01  2.9877086e+01  2.4157284e+01
7.2424344e-01   4738457  2.6573870e+01  2.6429369e+01  2.0156417e+01
7.6703215e-01   5629661  2.4031917e+01  2.4125423e+01  1.8387042e+01
8.1235262e-01   6687903  2.2120116e+01  2.2027936e+01  1.5462038e+01
8.6035444e-01   7945758  2.1026568e+01  2.1042674e+01  1.3917725e+01
9.1118812e-01   9436555  2.0895764e+01  2.0946630e+01  1.1939355e+01
9.6501980e-01  11210320  2.1875877e+01  2.1772759e+01  1.0429846e+01
1.0220366e+00  13318613  2.4297832e+01  2.4348417e+01  9.2038347e+00
1.0824208e+00  15819192  2.8554317e+01  2.8567121e+01  7.9132194e+00
1.1463741e+00  18795348  3.5061021e+01  3.4931605e+01  6.8693530e+00
1.2141088e+00  22326034  4.3676601e+01  4.3579261e+01  6.0276851e+00
1.2858419e+00  26520842  5.3744405e+01  5.3688260e+01  5.2522755e+00
1.3618105e+00  31503438  6.3172797e+01  6.3243221e+01  4.5561532e+00
1.4422695e+00  37426927  6.9060313e+01  6.9102262e+01  3.9586146e+00
1.5275481e+00  44525830  7.0564526e+01  7.0598886e+01  3.4309324e+00
