# Power spectrum from CO𝘕CEPT job 4701184 at t = 3.8214654 Gyr, a = 0.37037037
#
# Components:
#   0: matter  (upstream grid size 1024)
#
#                           grid size 1024
# ╭────────────────────────────────────────────────────────────────╮
#                         component 0    (corrected)      (linear)
#                        σ₈ = 3.46e-01  σ₈ = 3.46e-01  σ₈ = 3.40e-01
#  k [Mpc⁻¹]    modes       P [Mpc³]       P [Mpc³]       P [Mpc³]
3.0679616e-03         3  9.6460414e+03  9.6460414e+03  9.6472322e+03
5.8212951e-03        25  1.4049872e+04  1.4120187e+04  1.4115199e+04
1.0440195e-02       124  1.6233168e+04  1.6419540e+04  1.6496411e+04
1.6729547e-02       418  1.4617477e+04  1.4751051e+04  1.4733009e+04
2.3240110e-02       730  1.1218234e+04  1.1220443e+04  1.1308239e+04
2.9075630e-02      1012  8.8529135e+03  8.8314643e+03  8.8272478e+03
3.4544381e-02      1408  7.3876755e+03  7.3704815e+03  7.3530209e+03
3.9898901e-02      1841  6.4346136e+03  6.4295156e+03  6.4772618e+03
4.5580519e-02      2698  5.7656860e+03  5.7710121e+03  5.7936377e+03
5.1612543e-02      3532  4.9967965e+03  5.0046557e+03  5.0496344e+03
5.7899473e-02      4702  4.1615360e+03  4.1623261e+03  4.1989541e+03
6.4462744e-02      6019  3.4083437e+03  3.4002483e+03  3.3970739e+03
7.1309305e-02      7766  2.8427592e+03  2.8319057e+03  2.8299102e+03
7.8556104e-02     10012  2.5415239e+03  2.5358560e+03  2.5315030e+03
8.6194331e-02     12589  2.3786102e+03  2.3816951e+03  2.3724514e+03
9.4153926e-02     15650  2.1532941e+03  2.1592933e+03  2.1568432e+03
1.0254095e-01     19757  1.8215470e+03  1.8220284e+03  1.8165165e+03
1.1136076e-01     24241  1.5037634e+03  1.4984512e+03  1.4711845e+03
1.2060245e-01     29993  1.2789810e+03  1.2746930e+03  1.2420197e+03
1.3029316e-01     36494  1.1334750e+03  1.1340627e+03  1.1060775e+03
1.4046583e-01     44825  1.0050531e+03  1.0063804e+03  9.7178940e+02
1.5111985e-01     53906  8.7095073e+02  8.6884434e+02  8.2845911e+02
1.6229170e-01     65729  7.7082097e+02  7.6866683e+02  7.3365351e+02
1.7401323e-01     78746  7.0883017e+02  7.1018906e+02  6.8265144e+02
1.8625264e-01     94374  6.3341995e+02  6.3460679e+02  6.0815812e+02
1.9902230e-01    112166  5.4064520e+02  5.3955168e+02  5.0514028e+02
2.1238854e-01    134373  4.6808309e+02  4.6673195e+02  4.2415519e+02
2.2637810e-01    159077  4.1818701e+02  4.1775167e+02  3.7367765e+02
2.4096993e-01    188172  3.7664689e+02  3.7646297e+02  3.4028436e+02
2.5621802e-01    222492  3.4344082e+02  3.4377065e+02  3.1279909e+02
2.7214102e-01    261771  3.0687008e+02  3.0718269e+02  2.7745189e+02
2.8873063e-01    306759  2.6920395e+02  2.6859685e+02  2.3175558e+02
3.0605468e-01    360898  2.3895322e+02  2.3810681e+02  1.9757185e+02
3.2421519e-01    425046  2.1781784e+02  2.1792933e+02  1.8276130e+02
3.4337900e-01    505555  1.9689266e+02  1.9739607e+02  1.6972066e+02
3.6368055e-01    600292  1.7592633e+02  1.7569598e+02  1.4518715e+02
3.8517334e-01    712930  1.5716674e+02  1.5640362e+02  1.2101699e+02
4.0793004e-01    846715  1.4173597e+02  1.4185561e+02  1.1106767e+02
4.3202621e-01   1005596  1.2801752e+02  1.2844558e+02  1.0251510e+02
4.5754560e-01   1194719  1.1447824e+02  1.1386094e+02  8.4825107e+01
4.8457948e-01   1419743  1.0278730e+02  1.0265949e+02  7.4227830e+01
5.1321525e-01   1686576  9.2635583e+01  9.3037299e+01  6.9219380e+01
5.4354215e-01   2003484  8.3191050e+01  8.2578744e+01  5.7329734e+01
5.7565178e-01   2378778  7.4899265e+01  7.5098764e+01  5.1236264e+01
6.0966698e-01   2828400  6.7379809e+01  6.7359202e+01  4.6006704e+01
6.4568974e-01   3356890  6.0709496e+01  6.0504051e+01  3.8510932e+01
6.8383752e-01   3990317  5.4981485e+01  5.5222147e+01  3.5420117e+01
7.2424344e-01   4738457  4.9998655e+01  4.9726777e+01  2.9553927e+01
7.6703215e-01   5629661  4.5998839e+01  4.6177816e+01  2.6959617e+01
8.1235262e-01   6687903  4.2976746e+01  4.2797651e+01  2.2670890e+01
8.6035444e-01   7945758  4.1092014e+01  4.1123490e+01  2.0406572e+01
9.1118812e-01   9436555  4.0556303e+01  4.0655029e+01  1.7505828e+01
9.6501980e-01  11210320  4.1502920e+01  4.1307285e+01  1.5292540e+01
1.0220366e+00  13318613  4.4130436e+01  4.4222309e+01  1.3494927e+01
1.0824208e+00  15819192  4.8564532e+01  4.8586308e+01  1.1602589e+01
1.1463741e+00  18795348  5.4614515e+01  5.4412923e+01  1.0072041e+01
1.2141088e+00  22326034  6.1338282e+01  6.1201581e+01  8.8379627e+00
1.2858419e+00  26520842  6.7563911e+01  6.7493329e+01  7.7010346e+00
1.3618105e+00  31503438  7.2025684e+01  7.2105976e+01  6.6803597e+00
1.4422695e+00  37426927  7.4181474e+01  7.4226534e+01  5.8042311e+00
1.5275481e+00  44525830  7.4734886e+01  7.4771277e+01  5.0305281e+00
