# Power spectrum from CO𝘕CEPT job 4701184 at t = 7.2998856 Gyr, a = 0.58823529
#
# Components:
#   0: matter  (upstream grid size 1024)
#
#                           grid size 1024
# ╭────────────────────────────────────────────────────────────────╮
#                         component 0    (corrected)      (linear)
#                        σ₈ = 5.38e-01  σ₈ = 5.38e-01  σ₈ = 5.12e-01
#  k [Mpc⁻¹]    modes       P [Mpc³]       P [Mpc³]       P [Mpc³]
3.0679616e-03         3  2.1964011e+04  2.1964011e+04  2.1951816e+04
5.8212951e-03        25  3.1981346e+04  3.2141403e+04  3.2105813e+04
1.0440195e-02       124  3.6831084e+04  3.7253938e+04  3.7505983e+04
1.6729547e-02       418  3.3238453e+04  3.3542186e+04  3.3486212e+04
2.3240110e-02       730  2.5379300e+04  2.5384296e+04  2.5697576e+04
2.9075630e-02      1012  2.0110269e+04  2.0061545e+04  2.0057711e+04
3.4544381e-02      1408  1.6801517e+04  1.6762414e+04  1.6706925e+04
3.9898901e-02      1841  1.4560128e+04  1.4548593e+04  1.4716510e+04
4.5580519e-02      2698  1.3074014e+04  1.3086092e+04  1.3162897e+04
5.1612543e-02      3532  1.1303482e+04  1.1321261e+04  1.1472283e+04
5.7899473e-02      4702  9.4275428e+03  9.4293327e+03  9.5394460e+03
6.4462744e-02      6019  7.7911681e+03  7.7726628e+03  7.7175749e+03
7.1309305e-02      7766  6.5229220e+03  6.4980177e+03  6.4290030e+03
7.8556104e-02     10012  5.8438116e+03  5.8307794e+03  5.7510281e+03
8.6194331e-02     12589  5.4656805e+03  5.4727691e+03  5.3896575e+03
9.4153926e-02     15650  4.9440395e+03  4.9578138e+03  4.8998165e+03
1.0254095e-01     19757  4.2176484e+03  4.2187631e+03  4.1266576e+03
1.1136076e-01     24241  3.5478105e+03  3.5352773e+03  3.3421386e+03
1.2060245e-01     29993  3.0532712e+03  3.0430344e+03  2.8215276e+03
1.3029316e-01     36494  2.7174707e+03  2.7188797e+03  2.5126973e+03
1.4046583e-01     44825  2.4250471e+03  2.4282497e+03  2.2076271e+03
1.5111985e-01     53906  2.1419553e+03  2.1367750e+03  1.8820179e+03
1.6229170e-01     65729  1.9092822e+03  1.9039465e+03  1.6666443e+03
1.7401323e-01     78746  1.7527131e+03  1.7560732e+03  1.5507804e+03
1.8625264e-01     94374  1.5796742e+03  1.5826341e+03  1.3815520e+03
1.9902230e-01    112166  1.3849167e+03  1.3821155e+03  1.1475253e+03
2.1238854e-01    134373  1.2296804e+03  1.2261309e+03  9.6355087e+02
2.2637810e-01    159077  1.1172665e+03  1.1161034e+03  8.4888064e+02
2.4096993e-01    188172  1.0148376e+03  1.0143421e+03  7.7302083e+02
2.5621802e-01    222492  9.3097183e+02  9.3186592e+02  7.1058236e+02
2.7214102e-01    261771  8.4777054e+02  8.4863418e+02  6.3028416e+02
2.8873063e-01    306759  7.6633435e+02  7.6460614e+02  5.2647614e+02
3.0605468e-01    360898  6.9794277e+02  6.9547055e+02  4.4882124e+02
3.2421519e-01    425046  6.4313505e+02  6.4346423e+02  4.1517617e+02
3.4337900e-01    505555  5.8969302e+02  5.9120073e+02  3.8555179e+02
3.6368055e-01    600292  5.4081484e+02  5.4010670e+02  3.2981931e+02
3.8517334e-01    712930  4.9756703e+02  4.9515111e+02  2.7491228e+02
4.0793004e-01    846715  4.5794131e+02  4.5832784e+02  2.5231051e+02
4.3202621e-01   1005596  4.2177871e+02  4.2318902e+02  2.3288173e+02
4.5754560e-01   1194719  3.8857384e+02  3.8647854e+02  1.9269565e+02
4.8457948e-01   1419743  3.5838632e+02  3.5794067e+02  1.6862198e+02
5.1321525e-01   1686576  3.3120922e+02  3.3264551e+02  1.5724435e+02
5.4354215e-01   2003484  3.0648305e+02  3.0422726e+02  1.3023485e+02
5.7565178e-01   2378778  2.8390217e+02  2.8465836e+02  1.1639241e+02
6.0966698e-01   2828400  2.6380898e+02  2.6372829e+02  1.0451251e+02
6.4568974e-01   3356890  2.4548556e+02  2.4465482e+02  8.7484502e+01
6.8383752e-01   3990317  2.2927276e+02  2.3027632e+02  8.0463152e+01
7.2424344e-01   4738457  2.1507424e+02  2.1390473e+02  6.7137040e+01
7.6703215e-01   5629661  2.0299206e+02  2.0378189e+02  6.1243592e+01
8.1235262e-01   6687903  1.9285335e+02  1.9204968e+02  5.1500975e+01
8.6035444e-01   7945758  1.8470250e+02  1.8484398e+02  4.6357167e+01
9.1118812e-01   9436555  1.7843406e+02  1.7886842e+02  3.9767604e+01
9.6501980e-01  11210320  1.7348034e+02  1.7266259e+02  3.4739722e+01
1.0220366e+00  13318613  1.6952483e+02  1.6987776e+02  3.0656120e+01
1.0824208e+00  15819192  1.6587606e+02  1.6595044e+02  2.6357334e+01
1.1463741e+00  18795348  1.6223026e+02  1.6163143e+02  2.2880421e+01
1.2141088e+00  22326034  1.5807974e+02  1.5772744e+02  2.0076991e+01
1.2858419e+00  26520842  1.5339406e+02  1.5323382e+02  1.7494255e+01
1.3618105e+00  31503438  1.4828231e+02  1.4844762e+02  1.5175609e+01
1.4422695e+00  37426927  1.4299658e+02  1.4308344e+02  1.3185327e+01
1.5275481e+00  44525830  1.3752912e+02  1.3759609e+02  1.1427722e+01
