# Power spectrum from CO𝘕CEPT job 4701184 at t = 3.1242836 Gyr, a = 0.32258065
#
# Components:
#   0: matter  (upstream grid size 1024)
#
#                           grid size 1024
# ╭────────────────────────────────────────────────────────────────╮
#                         component 0    (corrected)      (linear)
#                        σ₈ = 3.01e-01  σ₈ = 3.01e-01  σ₈ = 2.98e-01
#  k [Mpc⁻¹]    modes       P [Mpc³]       P [Mpc³]       P [Mpc³]
3.0679616e-03         3  7.4150346e+03  7.4150346e+03  7.4164974e+03
5.8212951e-03        25  1.0801395e+04  1.0855452e+04  1.0852783e+04
1.0440195e-02       124  1.2489702e+04  1.2633095e+04  1.2685404e+04
1.6729547e-02       418  1.1240006e+04  1.1342717e+04  1.1330433e+04
2.3240110e-02       730  8.6365500e+03  8.6382504e+03  8.6970492e+03
2.9075630e-02      1012  6.8085809e+03  6.7920848e+03  6.7891211e+03
3.4544381e-02      1408  5.6800365e+03  5.6668169e+03  5.6553674e+03
3.9898901e-02      1841  4.9532856e+03  4.9493613e+03  4.9818544e+03
4.5580519e-02      2698  4.4360257e+03  4.4401236e+03  4.4560941e+03
5.1612543e-02      3532  3.8465695e+03  3.8526195e+03  3.8838780e+03
5.7899473e-02      4702  3.2027353e+03  3.2033434e+03  3.2296003e+03
6.4462744e-02      6019  2.6180550e+03  2.6118367e+03  2.6128483e+03
7.1309305e-02      7766  2.1822909e+03  2.1739589e+03  2.1766223e+03
7.8556104e-02     10012  1.9501929e+03  1.9458438e+03  1.9471071e+03
8.6194331e-02     12589  1.8249262e+03  1.8272930e+03  1.8247758e+03
9.4153926e-02     15650  1.6521791e+03  1.6567822e+03  1.6589427e+03
1.0254095e-01     19757  1.3955465e+03  1.3959153e+03  1.3971810e+03
1.1136076e-01     24241  1.1477551e+03  1.1437005e+03  1.1315687e+03
1.2060245e-01     29993  9.7381799e+02  9.7055306e+02  9.5530624e+02
1.3029316e-01     36494  8.6244728e+02  8.6289445e+02  8.5074620e+02
1.4046583e-01     44825  7.6323714e+02  7.6424508e+02  7.4745810e+02
1.5111985e-01     53906  6.5887956e+02  6.5728607e+02  6.3721500e+02
1.6229170e-01     65729  5.8236075e+02  5.8073328e+02  5.6429486e+02
1.7401323e-01     78746  5.3585639e+02  5.3688368e+02  5.2506644e+02
1.8625264e-01     94374  4.7798766e+02  4.7888327e+02  4.6776948e+02
1.9902230e-01    112166  4.0547594e+02  4.0465582e+02  3.8853262e+02
2.1238854e-01    134373  3.4868700e+02  3.4768050e+02  3.2624238e+02
2.2637810e-01    159077  3.1033331e+02  3.1001025e+02  2.8741722e+02
2.4096993e-01    188172  2.7919959e+02  2.7906326e+02  2.6173255e+02
2.5621802e-01    222492  2.5434501e+02  2.5458927e+02  2.4059206e+02
2.7214102e-01    261771  2.2644537e+02  2.2667605e+02  2.1340449e+02
2.8873063e-01    306759  1.9682285e+02  1.9637898e+02  1.7825680e+02
3.0605468e-01    360898  1.7344973e+02  1.7283534e+02  1.5196411e+02
3.2421519e-01    425046  1.5778637e+02  1.5786713e+02  1.4057246e+02
3.4337900e-01    505555  1.4248306e+02  1.4284736e+02  1.3054214e+02
3.6368055e-01    600292  1.2626217e+02  1.2609685e+02  1.1167199e+02
3.8517334e-01    712930  1.1164742e+02  1.1110532e+02  9.3081302e+01
4.0793004e-01    846715  1.0032788e+02  1.0041256e+02  8.5428697e+01
4.3202621e-01   1005596  9.0288150e+01  9.0590050e+01  7.8850415e+01
4.5754560e-01   1194719  7.9865878e+01  7.9435217e+01  6.5244000e+01
4.8457948e-01   1419743  7.1140392e+01  7.1051928e+01  5.7093011e+01
5.1321525e-01   1686576  6.3709695e+01  6.3985973e+01  5.3240718e+01
5.4354215e-01   2003484  5.6650609e+01  5.6233647e+01  4.4095690e+01
5.7565178e-01   2378778  5.0514788e+01  5.0649338e+01  3.9408843e+01
6.0966698e-01   2828400  4.5007312e+01  4.4993547e+01  3.5386481e+01
6.4568974e-01   3356890  4.0106268e+01  3.9970545e+01  2.9621039e+01
6.8383752e-01   3990317  3.5898630e+01  3.6055764e+01  2.7243712e+01
7.2424344e-01   4738457  3.2251731e+01  3.2076355e+01  2.2731678e+01
7.6703215e-01   5629661  2.9328507e+01  2.9442622e+01  2.0736241e+01
8.1235262e-01   6687903  2.7128820e+01  2.7015768e+01  1.7437527e+01
8.6035444e-01   7945758  2.5839965e+01  2.5859758e+01  1.5695906e+01
9.1118812e-01   9436555  2.5625482e+01  2.5687861e+01  1.3464772e+01
9.6501980e-01  11210320  2.6640553e+01  2.6514976e+01  1.1762402e+01
1.0220366e+00  13318613  2.9198423e+01  2.9259210e+01  1.0379751e+01
1.0824208e+00  15819192  3.3636434e+01  3.3651516e+01  8.9242414e+00
1.1463741e+00  18795348  4.0209013e+01  4.0060594e+01  7.7470066e+00
1.2141088e+00  22326034  4.8476797e+01  4.8368759e+01  6.7978039e+00
1.2858419e+00  26520842  5.7484317e+01  5.7424265e+01  5.9233251e+00
1.3618105e+00  31503438  6.5221446e+01  6.5294153e+01  5.1382635e+00
1.4422695e+00  37426927  6.9636539e+01  6.9678838e+01  4.4643811e+00
1.5275481e+00  44525830  7.0756134e+01  7.0790587e+01  3.8692802e+00
