# Power spectrum from CO𝘕CEPT job 4701184 at t = 2.9820513 Gyr, a = 0.3125
#
# Components:
#   0: matter  (upstream grid size 1024)
#
#                           grid size 1024
# ╭────────────────────────────────────────────────────────────────╮
#                         component 0    (corrected)      (linear)
#                        σ₈ = 2.92e-01  σ₈ = 2.92e-01  σ₈ = 2.89e-01
#  k [Mpc⁻¹]    modes       P [Mpc³]       P [Mpc³]       P [Mpc³]
3.0679616e-03         3  6.9757588e+03  6.9757588e+03  6.9770769e+03
5.8212951e-03        25  1.0161745e+04  1.0212602e+04  1.0210086e+04
1.0440195e-02       124  1.1752058e+04  1.1886982e+04  1.1934571e+04
1.6729547e-02       418  1.0574820e+04  1.0671452e+04  1.0660021e+04
2.3240110e-02       730  8.1275152e+03  8.1291154e+03  8.1825449e+03
2.9075630e-02      1012  6.4058729e+03  6.3903525e+03  6.3875237e+03
3.4544381e-02      1408  5.3437445e+03  5.3313076e+03  5.3208532e+03
3.9898901e-02      1841  4.6612308e+03  4.6575379e+03  4.6871892e+03
4.5580519e-02      2698  4.1740014e+03  4.1778572e+03  4.1925337e+03
5.1612543e-02      3532  3.6197862e+03  3.6254796e+03  3.6541667e+03
5.7899473e-02      4702  3.0137572e+03  3.0143294e+03  3.0385892e+03
6.4462744e-02      6019  2.4626101e+03  2.4567610e+03  2.4583162e+03
7.1309305e-02      7766  2.0524895e+03  2.0446532e+03  2.0478912e+03
7.8556104e-02     10012  1.8340344e+03  1.8299443e+03  1.8319510e+03
8.6194331e-02     12589  1.7161534e+03  1.7183791e+03  1.7168553e+03
9.4153926e-02     15650  1.5537236e+03  1.5580524e+03  1.5608304e+03
1.0254095e-01     19757  1.3120081e+03  1.3123548e+03  1.3145500e+03
1.1136076e-01     24241  1.0782362e+03  1.0744271e+03  1.0646466e+03
1.2060245e-01     29993  9.1438833e+02  9.1132265e+02  8.9880861e+02
1.3029316e-01     36494  8.0971389e+02  8.1013372e+02  8.0043246e+02
1.4046583e-01     44825  7.1626208e+02  7.1720798e+02  7.0325298e+02
1.5111985e-01     53906  6.1785983e+02  6.1636554e+02  5.9952978e+02
1.6229170e-01     65729  5.4596581e+02  5.4444005e+02  5.3092222e+02
1.7401323e-01     78746  5.0243516e+02  5.0339837e+02  4.9401382e+02
1.8625264e-01     94374  4.4801414e+02  4.4885359e+02  4.4010546e+02
1.9902230e-01    112166  3.7956714e+02  3.7879942e+02  3.6555471e+02
2.1238854e-01    134373  3.2593920e+02  3.2499836e+02  3.0694834e+02
2.2637810e-01    159077  2.8985999e+02  2.8955825e+02  2.7041932e+02
2.4096993e-01    188172  2.6073438e+02  2.6060707e+02  2.4625365e+02
2.5621802e-01    222492  2.3748616e+02  2.3771424e+02  2.2636342e+02
2.7214102e-01    261771  2.1128673e+02  2.1150197e+02  2.0078373e+02
2.8873063e-01    306759  1.8327359e+02  1.8286028e+02  1.6771469e+02
3.0605468e-01    360898  1.6125389e+02  1.6068270e+02  1.4297695e+02
3.2421519e-01    425046  1.4664121e+02  1.4671626e+02  1.3225900e+02
3.4337900e-01    505555  1.3241272e+02  1.3275127e+02  1.2282188e+02
3.6368055e-01    600292  1.1712176e+02  1.1696841e+02  1.0506771e+02
3.8517334e-01    712930  1.0332140e+02  1.0281973e+02  8.7576478e+01
4.0793004e-01    846715  9.2786313e+01  9.2864631e+01  8.0376449e+01
4.3202621e-01   1005596  8.3448845e+01  8.3727876e+01  7.4187207e+01
4.5754560e-01   1194719  7.3629100e+01  7.3232070e+01  6.1385475e+01
4.8457948e-01   1419743  6.5471783e+01  6.5390369e+01  5.3716535e+01
5.1321525e-01   1686576  5.8561928e+01  5.8815883e+01  5.0092067e+01
5.4354215e-01   2003484  5.1954210e+01  5.1571815e+01  4.1487875e+01
5.7565178e-01   2378778  4.6226860e+01  4.6349989e+01  3.7078209e+01
6.0966698e-01   2828400  4.1103875e+01  4.1091304e+01  3.3293729e+01
6.4568974e-01   3356890  3.6534336e+01  3.6410702e+01  2.7869255e+01
6.8383752e-01   3990317  3.2615507e+01  3.2758269e+01  2.5632522e+01
7.2424344e-01   4738457  2.9218060e+01  2.9059181e+01  2.1387330e+01
7.6703215e-01   5629661  2.6495652e+01  2.6598744e+01  1.9509903e+01
8.1235262e-01   6687903  2.4447697e+01  2.4345817e+01  1.6406274e+01
8.6035444e-01   7945758  2.3262650e+01  2.3280469e+01  1.4767653e+01
9.1118812e-01   9436555  2.3094150e+01  2.3150368e+01  1.2668468e+01
9.6501980e-01  11210320  2.4094614e+01  2.3981038e+01  1.1066775e+01
1.0220366e+00  13318613  2.6588554e+01  2.6643907e+01  9.7658943e+00
1.0824208e+00  15819192  3.0944680e+01  3.0958556e+01  8.3964636e+00
1.1463741e+00  18795348  3.7503809e+01  3.7365376e+01  7.2888503e+00
1.2141088e+00  22326034  4.5976411e+01  4.5873945e+01  6.3957834e+00
1.2858419e+00  26520842  5.5543883e+01  5.5485858e+01  5.5730211e+00
1.3618105e+00  31503438  6.4128402e+01  6.4199891e+01  4.8343879e+00
1.4422695e+00  37426927  6.9247232e+01  6.9289295e+01  4.2003588e+00
1.5275481e+00  44525830  7.0540449e+01  7.0574797e+01  3.6404521e+00
