# Power spectrum from CO𝘕CEPT job 4701184 at t = 12.444912 Gyr, a = 0.90909091
#
# Components:
#   0: matter  (upstream grid size 1024)
#
#                           grid size 1024
# ╭────────────────────────────────────────────────────────────────╮
#                         component 0    (corrected)      (linear)
#                        σ₈ = 7.59e-01  σ₈ = 7.59e-01  σ₈ = 6.96e-01
#  k [Mpc⁻¹]    modes       P [Mpc³]       P [Mpc³]       P [Mpc³]
3.0679616e-03         3  4.0558354e+04  4.0558354e+04  4.0554697e+04
5.8212951e-03        25  5.9038614e+04  5.9334083e+04  5.9298421e+04
1.0440195e-02       124  6.7748809e+04  6.8526627e+04  6.9250945e+04
1.6729547e-02       418  6.1259062e+04  6.1818847e+04  6.1813062e+04
2.3240110e-02       730  4.6511522e+04  4.6520679e+04  4.7428567e+04
2.9075630e-02      1012  3.7005697e+04  3.6916039e+04  3.7016248e+04
3.4544381e-02      1408  3.0953122e+04  3.0881082e+04  3.0830750e+04
3.9898901e-02      1841  2.6680697e+04  2.6659559e+04  2.7156635e+04
4.5580519e-02      2698  2.4008927e+04  2.4031106e+04  2.4289009e+04
5.1612543e-02      3532  2.0701182e+04  2.0733741e+04  2.1168889e+04
5.7899473e-02      4702  1.7300718e+04  1.7304003e+04  1.7602059e+04
6.4462744e-02      6019  1.4453688e+04  1.4419359e+04  1.4240162e+04
7.1309305e-02      7766  1.2174042e+04  1.2127562e+04  1.1862404e+04
7.8556104e-02     10012  1.0936021e+04  1.0911632e+04  1.0611346e+04
8.6194331e-02     12589  1.0202269e+04  1.0215500e+04  9.9444964e+03
9.4153926e-02     15650  9.2094857e+03  9.2351438e+03  9.0406300e+03
1.0254095e-01     19757  7.9493174e+03  7.9514183e+03  7.6140378e+03
1.1136076e-01     24241  6.8425625e+03  6.8183901e+03  6.1665059e+03
1.2060245e-01     29993  5.9709713e+03  5.9509523e+03  5.2059189e+03
1.3029316e-01     36494  5.3489126e+03  5.3516859e+03  4.6360909e+03
1.4046583e-01     44825  4.7954435e+03  4.8017765e+03  4.0732057e+03
1.5111985e-01     53906  4.3263755e+03  4.3159122e+03  3.4724293e+03
1.6229170e-01     65729  3.8933285e+03  3.8824481e+03  3.0750470e+03
1.7401323e-01     78746  3.5793732e+03  3.5862351e+03  2.8612673e+03
1.8625264e-01     94374  3.2537011e+03  3.2597976e+03  2.5490291e+03
1.9902230e-01    112166  2.9326822e+03  2.9267505e+03  2.1172361e+03
2.1238854e-01    134373  2.6532782e+03  2.6456194e+03  1.7777931e+03
2.2637810e-01    159077  2.4489910e+03  2.4464416e+03  1.5662202e+03
2.4096993e-01    188172  2.2542263e+03  2.2531256e+03  1.4262546e+03
2.5621802e-01    222492  2.0842718e+03  2.0862735e+03  1.3110522e+03
2.7214102e-01    261771  1.9343606e+03  1.9363312e+03  1.1628982e+03
2.8873063e-01    306759  1.7870503e+03  1.7830202e+03  9.7136796e+02
3.0605468e-01    360898  1.6637203e+03  1.6578271e+03  8.2809141e+02
3.2421519e-01    425046  1.5472536e+03  1.5480455e+03  7.6601473e+02
3.4337900e-01    505555  1.4453654e+03  1.4490609e+03  7.1135645e+02
3.6368055e-01    600292  1.3507883e+03  1.3490196e+03  6.0852789e+02
3.8517334e-01    712930  1.2633107e+03  1.2571767e+03  5.0722240e+02
4.0793004e-01    846715  1.1858955e+03  1.1868965e+03  4.6552125e+02
4.3202621e-01   1005596  1.1098513e+03  1.1135623e+03  4.2967441e+02
4.5754560e-01   1194719  1.0424724e+03  1.0368511e+03  3.5552970e+02
4.8457948e-01   1419743  9.7774721e+02  9.7653138e+02  3.1111294e+02
5.1321525e-01   1686576  9.2109314e+02  9.2508748e+02  2.9012080e+02
5.4354215e-01   2003484  8.6445043e+02  8.5808787e+02  2.4028737e+02
5.7565178e-01   2378778  8.1574404e+02  8.1791682e+02  2.1474761e+02
6.0966698e-01   2828400  7.6877609e+02  7.6854097e+02  1.9282880e+02
6.4568974e-01   3356890  7.2577976e+02  7.2332367e+02  1.6141158e+02
6.8383752e-01   3990317  6.8545503e+02  6.8845537e+02  1.4845696e+02
7.2424344e-01   4738457  6.4854152e+02  6.4501493e+02  1.2386986e+02
7.6703215e-01   5629661  6.1426249e+02  6.1665252e+02  1.1299626e+02
8.1235262e-01   6687903  5.8236988e+02  5.7994300e+02  9.5020831e+01
8.6035444e-01   7945758  5.5251489e+02  5.5293811e+02  8.5530344e+01
9.1118812e-01   9436555  5.2421134e+02  5.2548742e+02  7.3372398e+01
9.6501980e-01  11210320  4.9670349e+02  4.9436215e+02  6.4095802e+01
1.0220366e+00  13318613  4.7013341e+02  4.7111216e+02  5.6561431e+01
1.0824208e+00  15819192  4.4379483e+02  4.4399383e+02  4.8630042e+01
1.1463741e+00  18795348  4.1825522e+02  4.1671136e+02  4.2215032e+01
1.2141088e+00  22326034  3.9321693e+02  3.9234059e+02  3.7042619e+01
1.2858419e+00  26520842  3.6888942e+02  3.6850405e+02  3.2277393e+01
1.3618105e+00  31503438  3.4538663e+02  3.4577166e+02  2.7999423e+01
1.4422695e+00  37426927  3.2263217e+02  3.2282814e+02  2.4327293e+01
1.5275481e+00  44525830  3.0084407e+02  3.0099056e+02  2.1084461e+01
