# Power spectrum from CO𝘕CEPT job 4701184 at t = 13.790139 Gyr, a = 1
#
# Components:
#   0: matter  (upstream grid size 1024)
#
#                           grid size 1024
# ╭────────────────────────────────────────────────────────────────╮
#                         component 0    (corrected)      (linear)
#                        σ₈ = 8.06e-01  σ₈ = 8.06e-01  σ₈ = 7.33e-01
#  k [Mpc⁻¹]    modes       P [Mpc³]       P [Mpc³]       P [Mpc³]
3.0679616e-03         3  4.5051214e+04  4.5051214e+04  4.5054207e+04
5.8212951e-03        25  6.5574558e+04  6.5902738e+04  6.5874112e+04
1.0440195e-02       124  7.5192725e+04  7.6056007e+04  7.6926255e+04
1.6729547e-02       418  6.8013641e+04  6.8635149e+04  6.8660897e+04
2.3240110e-02       730  5.1579787e+04  5.1589943e+04  5.2681376e+04
2.9075630e-02      1012  4.1071130e+04  4.0971621e+04  4.1115221e+04
3.4544381e-02      1408  3.4361523e+04  3.4281550e+04  3.4244424e+04
3.9898901e-02      1841  2.9587335e+04  2.9563894e+04  3.0163281e+04
4.5580519e-02      2698  2.6636089e+04  2.6660694e+04  2.6978010e+04
5.1612543e-02      3532  2.2953790e+04  2.2989893e+04  2.3512358e+04
5.7899473e-02      4702  1.9192583e+04  1.9196227e+04  1.9550598e+04
6.4462744e-02      6019  1.6071254e+04  1.6033082e+04  1.5816495e+04
7.1309305e-02      7766  1.3556222e+04  1.3504465e+04  1.3175497e+04
7.8556104e-02     10012  1.2185484e+04  1.2158310e+04  1.1785932e+04
8.6194331e-02     12589  1.1360153e+04  1.1374886e+04  1.1045251e+04
9.4153926e-02     15650  1.0248839e+04  1.0277393e+04  1.0041323e+04
1.0254095e-01     19757  8.8700387e+03  8.8723830e+03  8.4568141e+03
1.1136076e-01     24241  7.6718293e+03  7.6447274e+03  6.8490528e+03
1.2060245e-01     29993  6.7140024e+03  6.6914923e+03  5.7821377e+03
1.3029316e-01     36494  6.0234413e+03  6.0265644e+03  5.1492347e+03
1.4046583e-01     44825  5.4056802e+03  5.4128190e+03  4.5240444e+03
1.5111985e-01     53906  4.8961816e+03  4.8843402e+03  3.8567698e+03
1.6229170e-01     65729  4.4153765e+03  4.4030373e+03  3.4154026e+03
1.7401323e-01     78746  4.0624945e+03  4.0702826e+03  3.1779600e+03
1.8625264e-01     94374  3.6986266e+03  3.7055567e+03  2.8311615e+03
1.9902230e-01    112166  3.3512084e+03  3.3444302e+03  2.3515761e+03
2.1238854e-01    134373  3.0419580e+03  3.0331773e+03  1.9745625e+03
2.2637810e-01    159077  2.8152187e+03  2.8122880e+03  1.7395719e+03
2.4096993e-01    188172  2.5985150e+03  2.5972461e+03  1.5841144e+03
2.5621802e-01    222492  2.4067312e+03  2.4090426e+03  1.4561611e+03
2.7214102e-01    261771  2.2401511e+03  2.2424332e+03  1.2916090e+03
2.8873063e-01    306759  2.0769840e+03  2.0723000e+03  1.0788799e+03
3.0605468e-01    360898  1.9408094e+03  1.9339348e+03  9.1974528e+02
3.2421519e-01    425046  1.8087362e+03  1.8096619e+03  8.5079783e+02
3.4337900e-01    505555  1.6948358e+03  1.6991691e+03  7.9008987e+02
3.6368055e-01    600292  1.5893668e+03  1.5872857e+03  6.7588012e+02
3.8517334e-01    712930  1.4901177e+03  1.4828825e+03  5.6336205e+02
4.0793004e-01    846715  1.4027167e+03  1.4039007e+03  5.1704537e+02
4.3202621e-01   1005596  1.3166130e+03  1.3210154e+03  4.7723096e+02
4.5754560e-01   1194719  1.2404488e+03  1.2337600e+03  3.9487986e+02
4.8457948e-01   1419743  1.1663014e+03  1.1648512e+03  3.4554702e+02
5.1321525e-01   1686576  1.1010310e+03  1.1058056e+03  3.2223145e+02
5.4354215e-01   2003484  1.0365283e+03  1.0288992e+03  2.6688244e+02
5.7565178e-01   2378778  9.7995965e+02  9.8256984e+02  2.3851593e+02
6.0966698e-01   2828400  9.2585207e+02  9.2556891e+02  2.1417113e+02
6.4568974e-01   3356890  8.7567561e+02  8.7271227e+02  1.7927664e+02
6.8383752e-01   3990317  8.2790374e+02  8.3152760e+02  1.6488819e+02
7.2424344e-01   4738457  7.8370394e+02  7.7944238e+02  1.3757979e+02
7.6703215e-01   5629661  7.4253739e+02  7.4542653e+02  1.2550270e+02
8.1235262e-01   6687903  7.0335710e+02  7.0042604e+02  1.0553774e+02
8.6035444e-01   7945758  6.6640199e+02  6.6691244e+02  9.4996846e+01
9.1118812e-01   9436555  6.3084849e+02  6.3238416e+02  8.1493256e+01
9.6501980e-01  11210320  5.9593515e+02  5.9312605e+02  7.1189926e+01
1.0220366e+00  13318613  5.6262167e+02  5.6379296e+02  6.2821649e+01
1.0824208e+00  15819192  5.2972324e+02  5.2996076e+02  5.4012413e+01
1.1463741e+00  18795348  4.9757049e+02  4.9573387e+02  4.6887389e+01
1.2141088e+00  22326034  4.6632246e+02  4.6528319e+02  4.1142493e+01
1.2858419e+00  26520842  4.3619630e+02  4.3574062e+02  3.5849852e+01
1.3618105e+00  31503438  4.0713945e+02  4.0759332e+02  3.1098396e+01
1.4422695e+00  37426927  3.7928627e+02  3.7951666e+02  2.7019834e+01
1.5275481e+00  44525830  3.5261398e+02  3.5278568e+02  2.3418085e+01
