# Power spectrum from CO𝘕CEPT job 4701184 at t = 10.261595 Gyr, a = 0.76923077
#
# Components:
#   0: matter  (upstream grid size 1024)
#
#                           grid size 1024
# ╭────────────────────────────────────────────────────────────────╮
#                         component 0    (corrected)      (linear)
#                        σ₈ = 6.73e-01  σ₈ = 6.73e-01  σ₈ = 6.26e-01
#  k [Mpc⁻¹]    modes       P [Mpc³]       P [Mpc³]       P [Mpc³]
3.0679616e-03         3  3.2852614e+04  3.2852614e+04  3.2842931e+04
5.8212951e-03        25  4.7827185e+04  4.8066545e+04  4.8026208e+04
1.0440195e-02       124  5.4958619e+04  5.5589594e+04  5.6092729e+04
1.6729547e-02       418  4.9659937e+04  5.0113729e+04  5.0072582e+04
2.3240110e-02       730  3.7786031e+04  3.7793471e+04  3.8422300e+04
2.9075630e-02      1012  3.0018089e+04  2.9945360e+04  2.9988106e+04
3.4544381e-02      1408  2.5097518e+04  2.5039106e+04  2.4977516e+04
3.9898901e-02      1841  2.1676701e+04  2.1659527e+04  2.2001240e+04
4.5580519e-02      2698  1.9490267e+04  1.9508272e+04  1.9678216e+04
5.1612543e-02      3532  1.6822528e+04  1.6848988e+04  1.7150537e+04
5.7899473e-02      4702  1.4047513e+04  1.4050180e+04  1.4260872e+04
6.4462744e-02      6019  1.1686536e+04  1.1658778e+04  1.1537185e+04
7.1309305e-02      7766  9.8186867e+03  9.7811992e+03  9.6107996e+03
7.8556104e-02     10012  8.8105234e+03  8.7908751e+03  8.5972357e+03
8.6194331e-02     12589  8.2287392e+03  8.2394112e+03  8.0569826e+03
9.4153926e-02     15650  7.4349895e+03  7.4557037e+03  7.3246920e+03
1.0254095e-01     19757  6.3874242e+03  6.3891123e+03  6.1688834e+03
1.1136076e-01     24241  5.4495216e+03  5.4302703e+03  4.9961034e+03
1.2060245e-01     29993  4.7302215e+03  4.7143624e+03  4.2178416e+03
1.3029316e-01     36494  4.2262306e+03  4.2284219e+03  3.7561707e+03
1.4046583e-01     44825  3.7824471e+03  3.7874423e+03  3.3001232e+03
1.5111985e-01     53906  3.3861201e+03  3.3779308e+03  2.8133748e+03
1.6229170e-01     65729  3.0357021e+03  3.0272185e+03  2.4914161e+03
1.7401323e-01     78746  2.7880284e+03  2.7933733e+03  2.3182123e+03
1.8625264e-01     94374  2.5266659e+03  2.5314002e+03  2.0652365e+03
1.9902230e-01    112166  2.2542909e+03  2.2497313e+03  1.7153964e+03
2.1238854e-01    134373  2.0264945e+03  2.0206449e+03  1.4403784e+03
2.2637810e-01    159077  1.8603837e+03  1.8584470e+03  1.2689612e+03
2.4096993e-01    188172  1.7034351e+03  1.7026033e+03  1.1555605e+03
2.5621802e-01    222492  1.5701704e+03  1.5716784e+03  1.0622231e+03
2.7214102e-01    261771  1.4480702e+03  1.4495453e+03  9.4218797e+02
2.8873063e-01    306759  1.3277710e+03  1.3247766e+03  7.8700905e+02
3.0605468e-01    360898  1.2265979e+03  1.2222531e+03  6.7092551e+02
3.2421519e-01    425046  1.1367222e+03  1.1373040e+03  6.2063065e+02
3.4337900e-01    505555  1.0549335e+03  1.0576307e+03  5.7634620e+02
3.6368055e-01    600292  9.7929510e+02  9.7801283e+02  4.9303380e+02
3.8517334e-01    712930  9.1109298e+02  9.0666921e+02  4.1095539e+02
4.0793004e-01    846715  8.4975363e+02  8.5047089e+02  3.7716885e+02
4.3202621e-01   1005596  7.9084052e+02  7.9348488e+02  3.4812550e+02
4.5754560e-01   1194719  7.3806460e+02  7.3408474e+02  2.8805291e+02
4.8457948e-01   1419743  6.8871283e+02  6.8785641e+02  2.5206612e+02
5.1321525e-01   1686576  6.4483976e+02  6.4763612e+02  2.3505814e+02
5.4354215e-01   2003484  6.0207609e+02  5.9764467e+02  1.9468272e+02
5.7565178e-01   2378778  5.6519689e+02  5.6670233e+02  1.7399022e+02
6.0966698e-01   2828400  5.3016689e+02  5.3000474e+02  1.5623143e+02
6.4568974e-01   3356890  4.9871060e+02  4.9702293e+02  1.3077696e+02
6.8383752e-01   3990317  4.6992561e+02  4.7198255e+02  1.2028102e+02
7.2424344e-01   4738457  4.4382913e+02  4.4141571e+02  1.0036036e+02
7.6703215e-01   5629661  4.2007592e+02  4.2171039e+02  9.1550488e+01
8.1235262e-01   6687903  3.9914430e+02  3.9748096e+02  7.6986651e+01
8.6035444e-01   7945758  3.7994813e+02  3.8023917e+02  6.9297383e+01
9.1118812e-01   9436555  3.6259188e+02  3.6347453e+02  5.9446918e+01
9.6501980e-01  11210320  3.4582305e+02  3.4419292e+02  5.1930946e+01
1.0220366e+00  13318613  3.2978608e+02  3.3047264e+02  4.5826538e+01
1.0824208e+00  15819192  3.1401385e+02  3.1415466e+02  3.9400463e+01
1.1463741e+00  18795348  2.9851521e+02  2.9741334e+02  3.4202970e+01
1.2141088e+00  22326034  2.8321715e+02  2.8258596e+02  3.0012239e+01
1.2858419e+00  26520842  2.6796739e+02  2.6768746e+02  2.6151415e+01
1.3618105e+00  31503438  2.5299725e+02  2.5327928e+02  2.2685368e+01
1.4422695e+00  37426927  2.3829056e+02  2.3843531e+02  1.9710178e+01
1.5275481e+00  44525830  2.2418091e+02  2.2429007e+02  1.7082809e+01
