# Power spectrum from CO𝘕CEPT job 4547566 at t = 2.3140036 Gyr, a = 0.26315789
#
# Components:
#   0: matter  (upstream grid size 1024)
#
#                           grid size 1024
# ╭────────────────────────────────────────────────────────────────╮
#                         component 0    (corrected)      (linear)
#                        σ₈ = 2.53e-01  σ₈ = 2.53e-01  σ₈ = 2.50e-01
#  k [Mpc⁻¹]    modes       P [Mpc³]       P [Mpc³]       P [Mpc³]
2.4543693e-02         3  5.5651430e+03  5.5651430e+03  5.6018458e+03
4.6570361e-02        25  2.9779393e+03  3.0253735e+03  3.0343750e+03
8.3521561e-02       124  1.3090510e+03  1.2827928e+03  1.3020422e+03
1.3383638e-01       418  6.0198317e+02  5.9604472e+02  5.7640916e+02
1.8592088e-01       730  3.2321438e+02  3.3027608e+02  3.2555658e+02
2.3260504e-01      1012  2.1889613e+02  2.1728630e+02  1.9594205e+02
2.7635505e-01      1408  1.6195486e+02  1.6215510e+02  1.4199671e+02
3.1919121e-01      1841  1.1991962e+02  1.1926820e+02  1.0176383e+02
3.6464415e-01      2698  9.3736527e+01  9.3149337e+01  7.7240559e+01
4.1290034e-01      3532  7.3433954e+01  7.4037718e+01  5.9954353e+01
4.6319578e-01      4702  5.8305102e+01  5.7196319e+01  4.4305741e+01
5.1570195e-01      6019  4.9104579e+01  4.9655224e+01  3.6770033e+01
5.7047444e-01      7766  4.0320931e+01  4.0279489e+01  2.8437261e+01
6.2844883e-01     10012  3.4616102e+01  3.4069281e+01  2.2402262e+01
6.8955465e-01     12589  2.8969610e+01  2.9055356e+01  1.8603731e+01
7.5323141e-01     15650  2.4860998e+01  2.5073089e+01  1.5190265e+01
8.2032763e-01     19757  2.1324539e+01  2.1257358e+01  1.2215337e+01
8.9088605e-01     24241  1.8650331e+01  1.8461304e+01  9.9844787e+00
9.6481958e-01     29993  1.6273044e+01  1.6140546e+01  8.2967217e+00
1.0423453e+00     36494  1.4213788e+01  1.4135736e+01  6.9176708e+00
1.1237267e+00     44825  1.2645528e+01  1.2591417e+01  5.7825750e+00
1.2089588e+00     53906  1.1257295e+01  1.1226226e+01  4.8514134e+00
1.2983336e+00     65729  1.0043752e+01  1.0015381e+01  4.0776030e+00
1.3921058e+00     78746  9.0148009e+00  8.9863543e+00  3.4374917e+00
1.4900211e+00     94374  8.0973296e+00  8.0722173e+00  2.9083464e+00
1.5921784e+00    112166  7.3257400e+00  7.3196223e+00  2.4743300e+00
1.6991083e+00    134373  6.6273248e+00  6.6281755e+00  2.1101638e+00
1.8110248e+00    159077  6.0507131e+00  6.0426223e+00  1.7989819e+00
1.9277595e+00    188172  5.5335943e+00  5.5267609e+00  1.5402234e+00
2.0497441e+00    222492  5.0782508e+00  5.0760973e+00  1.3224028e+00
2.1771282e+00    261771  4.6588014e+00  4.6547742e+00  1.1366242e+00
2.3098450e+00    306759  4.2834787e+00  4.2801734e+00  9.7974313e-01
2.4484375e+00    360898  3.9653472e+00  3.9619947e+00  8.4599773e-01
2.5937215e+00    425046  3.6721503e+00  3.6690902e+00  7.3143172e-01
2.7470320e+00    505555  3.3952080e+00  3.3922046e+00  6.3243146e-01
2.9094444e+00    600292  3.1334911e+00  3.1306782e+00  5.4662687e-01
3.0813867e+00    712930  2.8959977e+00  2.8934343e+00  4.7234574e-01
3.2634403e+00    846715  2.6857341e+00  2.6833460e+00  4.0801019e-01
3.4562097e+00   1005596  2.4916132e+00  2.4894225e+00  3.5233886e-01
3.6603648e+00   1194719  2.3115041e+00  2.3094565e+00  3.0415296e-01
3.8766358e+00   1419743  2.1405811e+00  2.1386579e+00  2.6245417e-01
4.1057220e+00   1686576  1.9767089e+00  1.9749351e+00  2.2640406e-01
4.3483372e+00   2003484  1.8279748e+00  1.8263278e+00  1.9524226e-01
4.6052142e+00   2378778  1.6891357e+00  1.6876047e+00  1.6831654e-01
4.8773359e+00   2828400  1.5550912e+00  1.5536730e+00  1.4505874e-01
5.1655179e+00   3356890  1.4315805e+00  1.4302742e+00  1.2498080e-01
5.4707002e+00   3990317  1.3174467e+00  1.3162447e+00  1.0765316e-01
5.7939476e+00   4738457  1.2116010e+00  1.2104748e+00  9.2691721e-02
6.1362572e+00   5629661  1.1154050e+00  1.1143910e+00  7.9796666e-02
6.4988210e+00   6687903  1.0286434e+00  1.0276830e+00  6.8670080e-02
6.8828355e+00   7945758  9.4994731e-01  9.4906703e-01  5.9081099e-02
7.2895050e+00   9436555  8.7655834e-01  8.7574703e-01  5.0817728e-02
7.7201584e+00  11210320  8.0965413e-01  8.0888428e-01  4.3698017e-02
8.1762927e+00  13318613  7.4827112e-01  7.4756243e-01  3.7567227e-02
8.6593661e+00  15819192  6.9204386e-01  6.9139755e-01  3.2289562e-02
9.1709925e+00  18795348  6.3903302e-01  6.3842273e-01  2.7743199e-02
9.7128705e+00  22326034  5.8894905e-01  5.8838730e-01  2.3832557e-02
1.0286736e+01  26520842  5.4235680e-01  5.4182607e-01  2.0469576e-02
1.0894484e+01  31503438  4.9906371e-01  4.9858726e-01  1.7581168e-02
1.1538156e+01  37426927  4.5947361e-01  4.5903344e-01  1.5096692e-02
1.2220385e+01  44525830  4.2225851e-01  4.2185159e-01  1.2958799e-02
