# Power spectrum from CO𝘕CEPT job 4547566 at t = 3.4444119 Gyr, a = 0.34482759
#
# Components:
#   0: matter  (upstream grid size 1024)
#
#                           grid size 1024
# ╭────────────────────────────────────────────────────────────────╮
#                         component 0    (corrected)      (linear)
#                        σ₈ = 3.31e-01  σ₈ = 3.31e-01  σ₈ = 3.25e-01
#  k [Mpc⁻¹]    modes       P [Mpc³]       P [Mpc³]       P [Mpc³]
2.4543693e-02         3  9.3494401e+03  9.3494401e+03  9.4364172e+03
4.6570361e-02        25  5.0068785e+03  5.0866307e+03  5.1109612e+03
8.3521561e-02       124  2.2058468e+03  2.1615997e+03  2.1930244e+03
1.3383638e-01       418  1.0294511e+03  1.0192958e+03  9.7083342e+02
1.8592088e-01       730  5.5827671e+02  5.7047413e+02  5.4832602e+02
2.3260504e-01      1012  3.8745339e+02  3.8460394e+02  3.3001939e+02
2.7635505e-01      1408  2.9048104e+02  2.9084017e+02  2.3916069e+02
3.1919121e-01      1841  2.2176496e+02  2.2056030e+02  1.7139761e+02
3.6464415e-01      2698  1.7454098e+02  1.7344761e+02  1.3009380e+02
4.1290034e-01      3532  1.4026619e+02  1.4141944e+02  1.0097917e+02
4.6319578e-01      4702  1.1419081e+02  1.1201925e+02  7.4622708e+01
5.1570195e-01      6019  9.6685473e+01  9.7769677e+01  6.1930552e+01
5.7047444e-01      7766  8.1125155e+01  8.1041774e+01  4.7895933e+01
6.2844883e-01     10012  7.1134690e+01  7.0010995e+01  3.7731381e+01
6.8955465e-01     12589  6.1498991e+01  6.1681019e+01  3.1333639e+01
7.5323141e-01     15650  5.3845862e+01  5.4305225e+01  2.5584451e+01
8.2032763e-01     19757  4.6636188e+01  4.6489264e+01  2.0573877e+01
8.9088605e-01     24241  4.1979287e+01  4.1553815e+01  1.6816517e+01
9.6481958e-01     29993  3.7091303e+01  3.6789299e+01  1.3973883e+01
1.0423453e+00     36494  3.3317520e+01  3.3134563e+01  1.1651194e+01
1.1237267e+00     44825  3.0296463e+01  3.0166822e+01  9.7393900e+00
1.2089588e+00     53906  2.7560950e+01  2.7484886e+01  8.1710657e+00
1.2983336e+00     65729  2.5032247e+01  2.4961537e+01  6.8677629e+00
1.3921058e+00     78746  2.2926432e+01  2.2854087e+01  5.7896450e+00
1.4900211e+00     94374  2.0937619e+01  2.0872685e+01  4.8984235e+00
1.5921784e+00    112166  1.9315568e+01  1.9299438e+01  4.1674243e+00
1.6991083e+00    134373  1.7702556e+01  1.7704828e+01  3.5540715e+00
1.8110248e+00    159077  1.6375607e+01  1.6353710e+01  3.0299584e+00
1.9277595e+00    188172  1.5160821e+01  1.5142099e+01  2.5941404e+00
2.0497441e+00    222492  1.4088951e+01  1.4082977e+01  2.2272726e+00
2.1771282e+00    261771  1.3128808e+01  1.3117459e+01  1.9143722e+00
2.3098450e+00    306759  1.2164426e+01  1.2155039e+01  1.6501427e+00
2.4484375e+00    360898  1.1338750e+01  1.1329164e+01  1.4248800e+00
2.5937215e+00    425046  1.0538888e+01  1.0530105e+01  1.2319205e+00
2.7470320e+00    505555  9.7787246e+00  9.7700743e+00  1.0651778e+00
2.9094444e+00    600292  9.0551723e+00  9.0470438e+00  9.2066019e-01
3.0813867e+00    712930  8.4055057e+00  8.3980656e+00  7.9555112e-01
3.2634403e+00    846715  7.7816033e+00  7.7746840e+00  6.8719307e-01
3.4562097e+00   1005596  7.1703749e+00  7.1640707e+00  5.9342786e-01
3.6603648e+00   1194719  6.6052561e+00  6.5994050e+00  5.1227011e-01
3.8766358e+00   1419743  6.0663177e+00  6.0608674e+00  4.4203838e-01
4.1057220e+00   1686576  5.5631582e+00  5.5581661e+00  3.8132054e-01
4.3483372e+00   2003484  5.0742133e+00  5.0696413e+00  3.2883591e-01
4.6052142e+00   2378778  4.6390951e+00  4.6348903e+00  2.8348595e-01
4.8773359e+00   2828400  4.2187903e+00  4.2149430e+00  2.4431375e-01
5.1655179e+00   3356890  3.8355373e+00  3.8320373e+00  2.1049727e-01
5.4707002e+00   3990317  3.4750119e+00  3.4718415e+00  1.8131304e-01
5.7939476e+00   4738457  3.1424438e+00  3.1395230e+00  1.5611411e-01
6.1362572e+00   5629661  2.8380016e+00  2.8354216e+00  1.3439552e-01
6.4988210e+00   6687903  2.5640131e+00  2.5616192e+00  1.1565550e-01
6.8828355e+00   7945758  2.3151135e+00  2.3129682e+00  9.9505213e-02
7.2895050e+00   9436555  2.0839234e+00  2.0819946e+00  8.5587604e-02
7.7201584e+00  11210320  1.8772954e+00  1.8755104e+00  7.3596220e-02
8.1762927e+00  13318613  1.6881056e+00  1.6865068e+00  6.3270438e-02
8.6593661e+00  15819192  1.5172803e+00  1.5158633e+00  5.4381545e-02
9.1709925e+00  18795348  1.3600750e+00  1.3587761e+00  4.6724356e-02
9.7128705e+00  22326034  1.2205907e+00  1.2194265e+00  4.0137888e-02
1.0286736e+01  26520842  1.0928334e+00  1.0917640e+00  3.4473823e-02
1.0894484e+01  31503438  9.7882424e-01  9.7788977e-01  2.9609060e-02
1.1538156e+01  37426927  8.7747611e-01  8.7663550e-01  2.5424625e-02
1.2220385e+01  44525830  7.8675549e-01  7.8599730e-01  2.1823929e-02
