# Power spectrum from CO𝘕CEPT job 4547566 at t = 3.2780145 Gyr, a = 0.33333333
#
# Components:
#   0: matter  (upstream grid size 1024)
#
#                           grid size 1024
# ╭────────────────────────────────────────────────────────────────╮
#                         component 0    (corrected)      (linear)
#                        σ₈ = 3.21e-01  σ₈ = 3.20e-01  σ₈ = 3.14e-01
#  k [Mpc⁻¹]    modes       P [Mpc³]       P [Mpc³]       P [Mpc³]
2.4543693e-02         3  8.7679022e+03  8.7679022e+03  8.8460040e+03
4.6570361e-02        25  4.6949929e+03  4.7697772e+03  4.7912441e+03
8.3521561e-02       124  2.0674361e+03  2.0259654e+03  2.0558490e+03
1.3383638e-01       418  9.6297638e+02  9.5347680e+02  9.1010835e+02
1.8592088e-01       730  5.2132293e+02  5.3271297e+02  5.1402878e+02
2.3260504e-01      1012  3.6066109e+02  3.5800868e+02  3.0937706e+02
2.7635505e-01      1408  2.6986887e+02  2.7020252e+02  2.2420149e+02
3.1919121e-01      1841  2.0513759e+02  2.0402326e+02  1.6067692e+02
3.6464415e-01      2698  1.6132717e+02  1.6031657e+02  1.2195661e+02
4.1290034e-01      3532  1.2909841e+02  1.3015984e+02  9.4663065e+01
4.6319578e-01      4702  1.0478919e+02  1.0279642e+02  6.9955164e+01
5.1570195e-01      6019  8.8676993e+01  8.9671393e+01  5.8056885e+01
5.7047444e-01      7766  7.4181091e+01  7.4104847e+01  4.4900113e+01
6.2844883e-01     10012  6.4883655e+01  6.3858706e+01  3.5371339e+01
6.8955465e-01     12589  5.5862958e+01  5.6028304e+01  2.9373767e+01
7.5323141e-01     15650  4.8756385e+01  4.9172329e+01  2.3984182e+01
8.2032763e-01     19757  4.2167870e+01  4.2035023e+01  1.9287012e+01
8.9088605e-01     24241  3.7820765e+01  3.7437440e+01  1.5764669e+01
9.6481958e-01     29993  3.3379845e+01  3.3108061e+01  1.3099838e+01
1.0423453e+00     36494  2.9867736e+01  2.9703723e+01  1.0922430e+01
1.1237267e+00     44825  2.7115780e+01  2.6999750e+01  9.1302065e+00
1.2089588e+00     53906  2.4578438e+01  2.4510605e+01  7.6599785e+00
1.2983336e+00     65729  2.2287621e+01  2.2224664e+01  6.4381953e+00
1.3921058e+00     78746  2.0360412e+01  2.0296164e+01  5.4275121e+00
1.4900211e+00     94374  1.8550335e+01  1.8492805e+01  4.5920352e+00
1.5921784e+00    112166  1.7061526e+01  1.7047278e+01  3.9067588e+00
1.6991083e+00    134373  1.5640821e+01  1.5642828e+01  3.3317704e+00
1.8110248e+00    159077  1.4446553e+01  1.4427236e+01  2.8404397e+00
1.9277595e+00    188172  1.3357341e+01  1.3340846e+01  2.4318815e+00
2.0497441e+00    222492  1.2409637e+01  1.2404374e+01  2.0879607e+00
2.1771282e+00    261771  1.1537049e+01  1.1527076e+01  1.7946317e+00
2.3098450e+00    306759  1.0683044e+01  1.0674801e+01  1.5469294e+00
2.4484375e+00    360898  9.9413827e+00  9.9329778e+00  1.3357565e+00
2.5937215e+00    425046  9.2353413e+00  9.2276450e+00  1.1548663e+00
2.7470320e+00    505555  8.5690759e+00  8.5614957e+00  9.9855313e-01
2.9094444e+00    600292  7.9419850e+00  7.9348558e+00  8.6307485e-01
3.0813867e+00    712930  7.3766637e+00  7.3701342e+00  7.4579115e-01
3.2634403e+00    846715  6.8263782e+00  6.8203083e+00  6.4421071e-01
3.4562097e+00   1005596  6.3013860e+00  6.2958458e+00  5.5631036e-01
3.6603648e+00   1194719  5.8207947e+00  5.8156385e+00  4.8022889e-01
3.8766358e+00   1419743  5.3493739e+00  5.3445678e+00  4.1439003e-01
4.1057220e+00   1686576  4.9181183e+00  4.9137050e+00  3.5746999e-01
4.3483372e+00   2003484  4.5008877e+00  4.4968323e+00  3.0826818e-01
4.6052142e+00   2378778  4.1169800e+00  4.1132484e+00  2.6575478e-01
4.8773359e+00   2828400  3.7570055e+00  3.7535793e+00  2.2903272e-01
5.1655179e+00   3356890  3.4231947e+00  3.4200710e+00  1.9733140e-01
5.4707002e+00   3990317  3.1052440e+00  3.1024109e+00  1.6997259e-01
5.7939476e+00   4738457  2.8158773e+00  2.8132601e+00  1.4634980e-01
6.1362572e+00   5629661  2.5514736e+00  2.5491541e+00  1.2598966e-01
6.4988210e+00   6687903  2.3110731e+00  2.3089154e+00  1.0842178e-01
6.8828355e+00   7945758  2.0912110e+00  2.0892732e+00  9.3281662e-02
7.2895050e+00   9436555  1.8888726e+00  1.8871243e+00  8.0234567e-02
7.7201584e+00  11210320  1.7056079e+00  1.7039861e+00  6.8993213e-02
8.1762927e+00  13318613  1.5372590e+00  1.5358031e+00  5.9313282e-02
8.6593661e+00  15819192  1.3845696e+00  1.3832765e+00  5.0980365e-02
9.1709925e+00  18795348  1.2458258e+00  1.2446360e+00  4.3802111e-02
9.7128705e+00  22326034  1.1205402e+00  1.1194714e+00  3.7627605e-02
1.0286736e+01  26520842  1.0057840e+00  1.0047998e+00  3.2317809e-02
1.0894484e+01  31503438  9.0336023e-01  9.0249781e-01  2.7757320e-02
1.1538156e+01  37426927  8.1117272e-01  8.1039562e-01  2.3834606e-02
1.2220385e+01  44525830  7.2871874e-01  7.2801648e-01  2.0459118e-02
