# Power spectrum from CO𝘕CEPT job 4547566 at t = 2.7275572 Gyr, a = 0.29411765
#
# Components:
#   0: matter  (upstream grid size 1024)
#
#                           grid size 1024
# ╭────────────────────────────────────────────────────────────────╮
#                         component 0    (corrected)      (linear)
#                        σ₈ = 2.83e-01  σ₈ = 2.83e-01  σ₈ = 2.79e-01
#  k [Mpc⁻¹]    modes       P [Mpc³]       P [Mpc³]       P [Mpc³]
2.4543693e-02         3  6.9011677e+03  6.9011677e+03  6.9535583e+03
4.6570361e-02        25  3.6940555e+03  3.7528964e+03  3.7664175e+03
8.3521561e-02       124  1.6246638e+03  1.5920746e+03  1.6161382e+03
1.3383638e-01       418  7.5148088e+02  7.4406767e+02  7.1545539e+02
1.8592088e-01       730  4.0473499e+02  4.1357778e+02  4.0408953e+02
2.3260504e-01      1012  2.7680499e+02  2.7476928e+02  2.4320839e+02
2.7635505e-01      1408  2.0579340e+02  2.0604783e+02  1.7624998e+02
3.1919121e-01      1841  1.5412496e+02  1.5328773e+02  1.2631187e+02
3.6464415e-01      2698  1.2083194e+02  1.2007502e+02  9.5872945e+01
4.1290034e-01      3532  9.5453880e+01  9.6238689e+01  7.4416860e+01
4.6319578e-01      4702  7.6582255e+01  7.5125897e+01  5.4993404e+01
5.1570195e-01      6019  6.4656906e+01  6.5381951e+01  4.5639889e+01
5.7047444e-01      7766  5.3516230e+01  5.3461226e+01  3.5297042e+01
6.2844883e-01     10012  4.6371636e+01  4.5639116e+01  2.7806249e+01
6.8955465e-01     12589  3.9298943e+01  3.9415262e+01  2.3091416e+01
7.5323141e-01     15650  3.3952508e+01  3.4242160e+01  1.8854536e+01
8.2032763e-01     19757  2.9235780e+01  2.9143675e+01  1.5161980e+01
8.9088605e-01     24241  2.5867887e+01  2.5605709e+01  1.2392983e+01
9.6481958e-01     29993  2.2715699e+01  2.2530743e+01  1.0298096e+01
1.0423453e+00     36494  2.0051356e+01  1.9941248e+01  8.5863838e+00
1.1237267e+00     44825  1.8030490e+01  1.7953337e+01  7.1774745e+00
1.2089588e+00     53906  1.6163806e+01  1.6119196e+01  6.0216934e+00
1.2983336e+00     65729  1.4553913e+01  1.4512802e+01  5.0612207e+00
1.3921058e+00     78746  1.3168142e+01  1.3126589e+01  4.2666986e+00
1.4900211e+00     94374  1.1895336e+01  1.1858445e+01  3.6099102e+00
1.5921784e+00    112166  1.0862010e+01  1.0852939e+01  3.0711982e+00
1.6991083e+00    134373  9.9014560e+00  9.9027270e+00  2.6191860e+00
1.8110248e+00    159077  9.0952590e+00  9.0830971e+00  2.2329393e+00
1.9277595e+00    188172  8.3533520e+00  8.3430364e+00  1.9117619e+00
2.0497441e+00    222492  7.7423226e+00  7.7390392e+00  1.6413975e+00
2.1771282e+00    261771  7.1343479e+00  7.1281807e+00  1.4108046e+00
2.3098450e+00    306759  6.5957369e+00  6.5906473e+00  1.2160799e+00
2.4484375e+00    360898  6.1154078e+00  6.1102376e+00  1.0500718e+00
2.5937215e+00    425046  5.6879202e+00  5.6831802e+00  9.0786967e-01
2.7470320e+00    505555  5.2821521e+00  5.2774795e+00  7.8498812e-01
2.9094444e+00    600292  4.9080897e+00  4.9036839e+00  6.7848536e-01
3.0813867e+00    712930  4.5436098e+00  4.5395880e+00  5.8628581e-01
3.2634403e+00    846715  4.2167033e+00  4.2129539e+00  5.0643097e-01
3.4562097e+00   1005596  3.9038357e+00  3.9004034e+00  4.3733037e-01
3.6603648e+00   1194719  3.6113161e+00  3.6081171e+00  3.7752086e-01
3.8766358e+00   1419743  3.3400895e+00  3.3370886e+00  3.2576333e-01
4.1057220e+00   1686576  3.0768697e+00  3.0741086e+00  2.8101708e-01
4.3483372e+00   2003484  2.8393216e+00  2.8367633e+00  2.4233832e-01
4.6052142e+00   2378778  2.6163472e+00  2.6139757e+00  2.0891748e-01
4.8773359e+00   2828400  2.4044823e+00  2.4022895e+00  1.8004936e-01
5.1655179e+00   3356890  2.2098329e+00  2.2078164e+00  1.5512815e-01
5.4707002e+00   3990317  2.0195417e+00  2.0176991e+00  1.3362070e-01
5.7939476e+00   4738457  1.8514016e+00  1.8496807e+00  1.1505022e-01
6.1362572e+00   5629661  1.6930627e+00  1.6915235e+00  9.9044590e-02
6.4988210e+00   6687903  1.5481816e+00  1.5467361e+00  8.5234028e-02
6.8828355e+00   7945758  1.4132570e+00  1.4119474e+00  7.3331980e-02
7.2895050e+00   9436555  1.2898264e+00  1.2886326e+00  6.3075311e-02
7.7201584e+00  11210320  1.1766577e+00  1.1755389e+00  5.4238181e-02
8.1762927e+00  13318613  1.0729909e+00  1.0719746e+00  4.6628522e-02
8.6593661e+00  15819192  9.7753193e-01  9.7661899e-01  4.0077784e-02
9.1709925e+00  18795348  8.8888670e-01  8.8803781e-01  3.4434755e-02
9.7128705e+00  22326034  8.0728636e-01  8.0651635e-01  2.9580797e-02
1.0286736e+01  26520842  7.3274729e-01  7.3203026e-01  2.5406609e-02
1.0894484e+01  31503438  6.6532927e-01  6.6469410e-01  2.1821471e-02
1.1538156e+01  37426927  6.0380278e-01  6.0322434e-01  1.8737703e-02
1.2220385e+01  44525830  5.4792340e-01  5.4739537e-01  1.6084124e-02
