# Power spectrum from CO𝘕CEPT job 4547566 at t = 10.261679 Gyr, a = 0.76923077
#
# Components:
#   0: matter  (upstream grid size 1024)
#
#                           grid size 1024
# ╭────────────────────────────────────────────────────────────────╮
#                         component 0    (corrected)      (linear)
#                        σ₈ = 6.88e-01  σ₈ = 6.87e-01  σ₈ = 6.40e-01
#  k [Mpc⁻¹]    modes       P [Mpc³]       P [Mpc³]       P [Mpc³]
2.4543693e-02         3  3.5831657e+04  3.5831657e+04  3.6701994e+04
4.6570361e-02        25  1.9195222e+04  1.9500974e+04  1.9871596e+04
8.3521561e-02       124  8.8682300e+03  8.6903421e+03  8.5253983e+03
1.3383638e-01       418  4.3448592e+03  4.3019980e+03  3.7739561e+03
1.8592088e-01       730  2.5371629e+03  2.5925957e+03  2.1314971e+03
2.3260504e-01      1012  1.8898202e+03  1.8759219e+03  1.2828706e+03
2.7635505e-01      1408  1.5352454e+03  1.5371435e+03  9.2967659e+02
3.1919121e-01      1841  1.3214050e+03  1.3142270e+03  6.6626355e+02
3.6464415e-01      2698  1.0660053e+03  1.0593276e+03  5.0570507e+02
4.1290034e-01      3532  9.4837904e+02  9.5617649e+02  3.9252931e+02
4.6319578e-01      4702  8.2576843e+02  8.1006487e+02  2.9007546e+02
5.1570195e-01      6019  7.4727928e+02  7.5565906e+02  2.4073802e+02
5.7047444e-01      7766  6.7778527e+02  6.7708863e+02  1.8618220e+02
6.2844883e-01     10012  6.0446300e+02  5.9491446e+02  1.4667026e+02
6.8955465e-01     12589  5.5006026e+02  5.5168836e+02  1.2180077e+02
7.5323141e-01     15650  5.0748330e+02  5.1181268e+02  9.9452373e+01
8.2032763e-01     19757  4.6947372e+02  4.6799467e+02  7.9975151e+01
8.9088605e-01     24241  4.3184180e+02  4.2746495e+02  6.5369450e+01
9.6481958e-01     29993  3.9031236e+02  3.8713437e+02  5.4319502e+01
1.0423453e+00     36494  3.6200371e+02  3.6001583e+02  4.5290692e+01
1.1237267e+00     44825  3.2935733e+02  3.2794798e+02  3.7859088e+01
1.2089588e+00     53906  3.0289036e+02  3.0205442e+02  3.1762666e+01
1.2983336e+00     65729  2.7980993e+02  2.7901954e+02  2.6696441e+01
1.3921058e+00     78746  2.5692923e+02  2.5611848e+02  2.2505561e+01
1.4900211e+00     94374  2.3405318e+02  2.3332731e+02  1.9041188e+01
1.5921784e+00    112166  2.1290336e+02  2.1272557e+02  1.6199635e+01
1.6991083e+00    134373  1.9319480e+02  1.9321960e+02  1.3815399e+01
1.8110248e+00    159077  1.7630319e+02  1.7606744e+02  1.1778058e+01
1.9277595e+00    188172  1.6090865e+02  1.6070994e+02  1.0083939e+01
2.0497441e+00    222492  1.4607894e+02  1.4601699e+02  8.6578449e+00
2.1771282e+00    261771  1.3247677e+02  1.3236225e+02  7.4415340e+00
2.3098450e+00    306759  1.2020337e+02  1.2011062e+02  6.4144176e+00
2.4484375e+00    360898  1.0874855e+02  1.0865661e+02  5.5387735e+00
2.5937215e+00    425046  9.8402166e+01  9.8320163e+01  4.7886988e+00
2.7470320e+00    505555  8.9136496e+01  8.9057645e+01  4.1405349e+00
2.9094444e+00    600292  8.0356300e+01  8.0284167e+01  3.5787646e+00
3.0813867e+00    712930  7.2162175e+01  7.2098300e+01  3.0924396e+00
3.2634403e+00    846715  6.5212158e+01  6.5154172e+01  2.6712294e+00
3.4562097e+00   1005596  5.8753082e+01  5.8701426e+01  2.3067447e+00
3.6603648e+00   1194719  5.2654867e+01  5.2608224e+01  1.9912680e+00
3.8766358e+00   1419743  4.7212751e+01  4.7170332e+01  1.7182631e+00
4.1057220e+00   1686576  4.2401591e+01  4.2363541e+01  1.4822408e+00
4.3483372e+00   2003484  3.7931793e+01  3.7897616e+01  1.2782227e+00
4.6052142e+00   2378778  3.3816453e+01  3.3785802e+01  1.1019386e+00
4.8773359e+00   2828400  3.0220446e+01  3.0192886e+01  9.4966880e-01
5.1655179e+00   3356890  2.6965622e+01  2.6941016e+01  8.1821784e-01
5.4707002e+00   3990317  2.4019809e+01  2.3997894e+01  7.0477340e-01
5.7939476e+00   4738457  2.1414711e+01  2.1394807e+01  6.0682067e-01
6.1362572e+00   5629661  1.9051957e+01  1.9034637e+01  5.2239676e-01
6.4988210e+00   6687903  1.6958115e+01  1.6942282e+01  4.4955117e-01
6.8828355e+00   7945758  1.5063491e+01  1.5049532e+01  3.8677242e-01
7.2895050e+00   9436555  1.3367234e+01  1.3354862e+01  3.3267255e-01
7.7201584e+00  11210320  1.1847115e+01  1.1835850e+01  2.8606031e-01
8.1762927e+00  13318613  1.0501682e+01  1.0491736e+01  2.4592260e-01
8.6593661e+00  15819192  9.3105143e+00  9.3018190e+00  2.1137037e-01
9.1709925e+00  18795348  8.2275957e+00  8.2197383e+00  1.8160603e-01
9.7128705e+00  22326034  7.2687913e+00  7.2618582e+00  1.5600379e-01
1.0286736e+01  26520842  6.4149178e+00  6.4086404e+00  1.3398709e-01
1.0894484e+01  31503438  5.6630059e+00  5.6575995e+00  1.1507743e-01
1.1538156e+01  37426927  4.9935893e+00  4.9888055e+00  9.8812337e-02
1.2220385e+01  44525830  4.3983690e+00  4.3941303e+00  8.4816350e-02
