# Power spectrum from CO𝘕CEPT job 4547566 at t = 8.5934932 Gyr, a = 0.66666667
#
# Components:
#   0: matter  (upstream grid size 1024)
#
#                           grid size 1024
# ╭────────────────────────────────────────────────────────────────╮
#                         component 0    (corrected)      (linear)
#                        σ₈ = 6.14e-01  σ₈ = 6.13e-01  σ₈ = 5.77e-01
#  k [Mpc⁻¹]    modes       P [Mpc³]       P [Mpc³]       P [Mpc³]
2.4543693e-02         3  2.9269687e+04  2.9269687e+04  2.9880497e+04
4.6570361e-02        25  1.5686340e+04  1.5936200e+04  1.6179245e+04
8.3521561e-02       124  7.1419660e+03  6.9987053e+03  6.9414699e+03
1.3383638e-01       418  3.4673783e+03  3.4331733e+03  3.0728219e+03
1.8592088e-01       730  1.9939978e+03  2.0375633e+03  1.7355077e+03
2.3260504e-01      1012  1.4707079e+03  1.4598919e+03  1.0445402e+03
2.7635505e-01      1408  1.1769755e+03  1.1784306e+03  7.5696268e+02
3.1919121e-01      1841  9.8977618e+02  9.8439958e+02  5.4248632e+02
3.6464415e-01      2698  7.9244970e+02  7.8748559e+02  4.1175621e+02
4.1290034e-01      3532  7.0125228e+02  7.0701789e+02  3.1960608e+02
4.6319578e-01      4702  6.0935051e+02  5.9776254e+02  2.3618591e+02
5.1570195e-01      6019  5.4223582e+02  5.4831631e+02  1.9601429e+02
5.7047444e-01      7766  4.8137969e+02  4.8088492e+02  1.5159374e+02
6.2844883e-01     10012  4.2640363e+02  4.1966785e+02  1.1942223e+02
6.8955465e-01     12589  3.8823875e+02  3.8938789e+02  9.9172939e+01
7.5323141e-01     15650  3.5913881e+02  3.6220265e+02  8.0976374e+01
8.2032763e-01     19757  3.2489937e+02  3.2387580e+02  6.5117582e+01
8.9088605e-01     24241  2.9475861e+02  2.9177114e+02  5.3225292e+01
9.6481958e-01     29993  2.7206599e+02  2.6985078e+02  4.4228175e+01
1.0423453e+00     36494  2.4745694e+02  2.4609808e+02  3.6876714e+01
1.1237267e+00     44825  2.2607778e+02  2.2511038e+02  3.0825734e+01
1.2089588e+00     53906  2.1124379e+02  2.1066078e+02  2.5861889e+01
1.2983336e+00     65729  1.9340440e+02  1.9285808e+02  2.1736854e+01
1.3921058e+00     78746  1.7697078e+02  1.7641234e+02  1.8324544e+01
1.4900211e+00     94374  1.6180423e+02  1.6130243e+02  1.5503773e+01
1.5921784e+00    112166  1.4785545e+02  1.4773198e+02  1.3190116e+01
1.6991083e+00    134373  1.3534226e+02  1.3535963e+02  1.1248817e+01
1.8110248e+00    159077  1.2347904e+02  1.2331393e+02  9.5899676e+00
1.9277595e+00    188172  1.1233973e+02  1.1220100e+02  8.2105776e+00
2.0497441e+00    222492  1.0177122e+02  1.0172806e+02  7.0494192e+00
2.1771282e+00    261771  9.2618413e+01  9.2538351e+01  6.0590710e+00
2.3098450e+00    306759  8.4725674e+01  8.4660296e+01  5.2227694e+00
2.4484375e+00    360898  7.6710277e+01  7.6645422e+01  4.5097999e+00
2.5937215e+00    425046  6.9837653e+01  6.9779454e+01  3.8990720e+00
2.7470320e+00    505555  6.3334847e+01  6.3278821e+01  3.3713221e+00
2.9094444e+00    600292  5.7302936e+01  5.7251498e+01  2.9139158e+00
3.0813867e+00    712930  5.1872661e+01  5.1826745e+01  2.5179388e+00
3.2634403e+00    846715  4.6677888e+01  4.6636383e+01  2.1749798e+00
3.4562097e+00   1005596  4.2171037e+01  4.2133960e+01  1.8782080e+00
3.6603648e+00   1194719  3.7835387e+01  3.7801872e+01  1.6213395e+00
3.8766358e+00   1419743  3.4046839e+01  3.4016249e+01  1.3990526e+00
4.1057220e+00   1686576  3.0457940e+01  3.0430608e+01  1.2068778e+00
4.3483372e+00   2003484  2.7306874e+01  2.7282269e+01  1.0407615e+00
4.6052142e+00   2378778  2.4482134e+01  2.4459944e+01  8.9722687e-01
4.8773359e+00   2828400  2.1867690e+01  2.1847747e+01  7.7324521e-01
5.1655179e+00   3356890  1.9564298e+01  1.9546446e+01  6.6621474e-01
5.4707002e+00   3990317  1.7479527e+01  1.7463579e+01  5.7384559e-01
5.7939476e+00   4738457  1.5595043e+01  1.5580548e+01  4.9409015e-01
6.1362572e+00   5629661  1.3896853e+01  1.3884220e+01  4.2535018e-01
6.4988210e+00   6687903  1.2389687e+01  1.2378119e+01  3.6603754e-01
6.8828355e+00   7945758  1.1024567e+01  1.1014351e+01  3.1492156e-01
7.2895050e+00   9436555  9.8087557e+00  9.7996771e+00  2.7087213e-01
7.7201584e+00  11210320  8.6964211e+00  8.6881523e+00  2.3291929e-01
8.1762927e+00  13318613  7.7187837e+00  7.7114731e+00  2.0023817e-01
8.6593661e+00  15819192  6.8395005e+00  6.8331129e+00  1.7210487e-01
9.1709925e+00  18795348  6.0604252e+00  6.0546374e+00  1.4786999e-01
9.7128705e+00  22326034  5.3562801e+00  5.3511712e+00  1.2702397e-01
1.0286736e+01  26520842  4.7377023e+00  4.7330662e+00  1.0909740e-01
1.0894484e+01  31503438  4.1853752e+00  4.1813795e+00  9.3700653e-02
1.1538156e+01  37426927  3.6976788e+00  3.6941365e+00  8.0457168e-02
1.2220385e+01  44525830  3.2589293e+00  3.2557887e+00  6.9061246e-02
