# Power spectrum from CO𝘕CEPT job 4547566 at t = 5.8534727 Gyr, a = 0.5
#
# Components:
#   0: matter  (upstream grid size 1024)
#
#                           grid size 1024
# ╭────────────────────────────────────────────────────────────────╮
#                         component 0    (corrected)      (linear)
#                        σ₈ = 4.75e-01  σ₈ = 4.74e-01  σ₈ = 4.56e-01
#  k [Mpc⁻¹]    modes       P [Mpc³]       P [Mpc³]       P [Mpc³]
2.4543693e-02         3  1.8382793e+04  1.8382793e+04  1.8656487e+04
4.6570361e-02        25  9.8526211e+03  1.0009559e+04  1.0103154e+04
8.3521561e-02       124  4.3924319e+03  4.3043241e+03  4.3348341e+03
1.3383638e-01       418  2.0957280e+03  2.0750540e+03  1.9189592e+03
1.8592088e-01       730  1.1694976e+03  1.1950492e+03  1.0838203e+03
2.3260504e-01      1012  8.4085207e+02  8.3466819e+02  6.5231425e+02
2.7635505e-01      1408  6.4973790e+02  6.5054120e+02  4.7272294e+02
3.1919121e-01      1841  5.2250335e+02  5.1966504e+02  3.3878277e+02
3.6464415e-01      2698  4.1451302e+02  4.1191640e+02  2.5714193e+02
4.1290034e-01      3532  3.5485017e+02  3.5776770e+02  1.9959421e+02
4.6319578e-01      4702  2.9779407e+02  2.9213095e+02  1.4749830e+02
5.1570195e-01      6019  2.5504501e+02  2.5790501e+02  1.2241111e+02
5.7047444e-01      7766  2.1855297e+02  2.1832833e+02  9.4670451e+01
6.2844883e-01     10012  1.9583382e+02  1.9274029e+02  7.4579322e+01
6.8955465e-01     12589  1.7561194e+02  1.7613172e+02  6.1933624e+01
7.5323141e-01     15650  1.5832924e+02  1.5967996e+02  5.0569852e+01
8.2032763e-01     19757  1.3986403e+02  1.3942339e+02  4.0666020e+01
8.9088605e-01     24241  1.2938773e+02  1.2807635e+02  3.3239272e+01
9.6481958e-01     29993  1.1677313e+02  1.1582234e+02  2.7620562e+01
1.0423453e+00     36494  1.0774160e+02  1.0714996e+02  2.3029566e+01
1.1237267e+00     44825  9.8552169e+01  9.8130459e+01  1.9250722e+01
1.2089588e+00     53906  9.1159486e+01  9.0907898e+01  1.6150794e+01
1.2983336e+00     65729  8.4234876e+01  8.3996934e+01  1.3574705e+01
1.3921058e+00     78746  7.7053628e+01  7.6810482e+01  1.1443713e+01
1.4900211e+00     94374  7.1392784e+01  7.1171374e+01  9.6821371e+00
1.5921784e+00    112166  6.5768353e+01  6.5713430e+01  8.2372548e+00
1.6991083e+00    134373  6.0978196e+01  6.0986024e+01  7.0249109e+00
1.8110248e+00    159077  5.6486073e+01  5.6410542e+01  5.9889569e+00
1.9277595e+00    188172  5.2037117e+01  5.1972856e+01  5.1275257e+00
2.0497441e+00    222492  4.8121439e+01  4.8101032e+01  4.4023804e+00
2.1771282e+00    261771  4.4423734e+01  4.4385332e+01  3.7839064e+00
2.3098450e+00    306759  4.0771275e+01  4.0739813e+01  3.2616347e+00
2.4484375e+00    360898  3.7592830e+01  3.7561047e+01  2.8163841e+00
2.5937215e+00    425046  3.4476388e+01  3.4447657e+01  2.4349834e+00
2.7470320e+00    505555  3.1588113e+01  3.1560170e+01  2.1054027e+00
2.9094444e+00    600292  2.8871648e+01  2.8845731e+01  1.8197516e+00
3.0813867e+00    712930  2.6335001e+01  2.6311691e+01  1.5724632e+00
3.2634403e+00    846715  2.3866718e+01  2.3845496e+01  1.3582846e+00
3.4562097e+00   1005596  2.1689988e+01  2.1670918e+01  1.1729500e+00
3.6603648e+00   1194719  1.9622331e+01  1.9604949e+01  1.0125351e+00
3.8766358e+00   1419743  1.7692934e+01  1.7677038e+01  8.7371639e-01
4.1057220e+00   1686576  1.5966058e+01  1.5951731e+01  7.5370272e-01
4.3483372e+00   2003484  1.4417390e+01  1.4404400e+01  6.4996268e-01
4.6052142e+00   2378778  1.2946626e+01  1.2934891e+01  5.6032493e-01
4.8773359e+00   2828400  1.1587824e+01  1.1577256e+01  4.8289803e-01
5.1655179e+00   3356890  1.0400403e+01  1.0390913e+01  4.1605717e-01
5.4707002e+00   3990317  9.3031864e+00  9.2946985e+00  3.5837234e-01
5.7939476e+00   4738457  8.3026485e+00  8.2949315e+00  3.0856478e-01
6.1362572e+00   5629661  7.4096375e+00  7.4029015e+00  2.6563641e-01
6.4988210e+00   6687903  6.6079568e+00  6.6017873e+00  2.2859543e-01
6.8828355e+00   7945758  5.8876538e+00  5.8821979e+00  1.9667327e-01
7.2895050e+00   9436555  5.2418005e+00  5.2369489e+00  1.6916418e-01
7.7201584e+00  11210320  4.6590914e+00  4.6546614e+00  1.4546243e-01
8.1762927e+00  13318613  4.1358484e+00  4.1319313e+00  1.2505289e-01
8.6593661e+00  15819192  3.6736744e+00  3.6702435e+00  1.0748346e-01
9.1709925e+00  18795348  3.2633240e+00  3.2602075e+00  9.2348607e-02
9.7128705e+00  22326034  2.8927363e+00  2.8899772e+00  7.9330111e-02
1.0286736e+01  26520842  2.5627806e+00  2.5602728e+00  6.8134816e-02
1.0894484e+01  31503438  2.2726464e+00  2.2704768e+00  5.8519403e-02
1.1538156e+01  37426927  2.0146298e+00  2.0126998e+00  5.0248709e-02
1.2220385e+01  44525830  1.7824879e+00  1.7807701e+00  4.3131823e-02
