# Power spectrum from CO𝘕CEPT job 4547566 at t = 4.2704174 Gyr, a = 0.4
#
# Components:
#   0: matter  (upstream grid size 1024)
#
#                           grid size 1024
# ╭────────────────────────────────────────────────────────────────╮
#                         component 0    (corrected)      (linear)
#                        σ₈ = 3.84e-01  σ₈ = 3.83e-01  σ₈ = 3.73e-01
#  k [Mpc⁻¹]    modes       P [Mpc³]       P [Mpc³]       P [Mpc³]
2.4543693e-02         3  1.2334192e+04  1.2334192e+04  1.2472920e+04
4.6570361e-02        25  6.6079419e+03  6.7131966e+03  6.7551881e+03
8.3521561e-02       124  2.9202846e+03  2.8617066e+03  2.8984702e+03
1.3383638e-01       418  1.3748184e+03  1.3612561e+03  1.2831196e+03
1.8592088e-01       730  7.5260418e+02  7.6904734e+02  7.2470344e+02
2.3260504e-01      1012  5.2970124e+02  5.2580566e+02  4.3617477e+02
2.7635505e-01      1408  4.0103434e+02  4.0153015e+02  3.1608995e+02
3.1919121e-01      1841  3.1235480e+02  3.1065805e+02  2.2652990e+02
3.6464415e-01      2698  2.4662170e+02  2.4507679e+02  1.7194014e+02
4.1290034e-01      3532  2.0269644e+02  2.0436299e+02  1.3346040e+02
4.6319578e-01      4702  1.6693129e+02  1.6375677e+02  9.8626034e+01
5.1570195e-01      6019  1.4166309e+02  1.4325166e+02  8.1851280e+01
5.7047444e-01      7766  1.2024890e+02  1.2012531e+02  6.3302248e+01
6.2844883e-01     10012  1.0669174e+02  1.0500636e+02  4.9868140e+01
6.8955465e-01     12589  9.3625510e+01  9.3902628e+01  4.1412483e+01
7.5323141e-01     15650  8.3195693e+01  8.3905441e+01  3.3813996e+01
8.2032763e-01     19757  7.2559391e+01  7.2330797e+01  2.7191710e+01
8.9088605e-01     24241  6.6196236e+01  6.5525318e+01  2.2225748e+01
9.6481958e-01     29993  5.8791925e+01  5.8313231e+01  1.8468748e+01
1.0423453e+00     36494  5.3653775e+01  5.3359145e+01  1.5398937e+01
1.1237267e+00     44825  4.8814562e+01  4.8605681e+01  1.2872178e+01
1.2089588e+00     53906  4.5042155e+01  4.4917845e+01  1.0799383e+01
1.2983336e+00     65729  4.1166677e+01  4.1050391e+01  9.0768570e+00
1.3921058e+00     78746  3.7954187e+01  3.7834421e+01  7.6519496e+00
1.4900211e+00     94374  3.4814914e+01  3.4706943e+01  6.4740560e+00
1.5921784e+00    112166  3.2491382e+01  3.2464248e+01  5.5079221e+00
1.6991083e+00    134373  2.9814442e+01  2.9818270e+01  4.6972771e+00
1.8110248e+00    159077  2.7612608e+01  2.7575685e+01  4.0045768e+00
1.9277595e+00    188172  2.5570714e+01  2.5539136e+01  3.4285728e+00
2.0497441e+00    222492  2.3630062e+01  2.3620041e+01  2.9436976e+00
2.1771282e+00    261771  2.1946801e+01  2.1927829e+01  2.5301491e+00
2.3098450e+00    306759  2.0363351e+01  2.0347637e+01  2.1809272e+00
2.4484375e+00    360898  1.8822519e+01  1.8806606e+01  1.8832061e+00
2.5937215e+00    425046  1.7462275e+01  1.7447723e+01  1.6281789e+00
2.7470320e+00    505555  1.6160869e+01  1.6146573e+01  1.4078016e+00
2.9094444e+00    600292  1.4889179e+01  1.4875814e+01  1.2167982e+00
3.0813867e+00    712930  1.3715312e+01  1.3703172e+01  1.0514464e+00
3.2634403e+00    846715  1.2588515e+01  1.2577322e+01  9.0823378e-01
3.4562097e+00   1005596  1.1529141e+01  1.1519004e+01  7.8430797e-01
3.6603648e+00   1194719  1.0536105e+01  1.0526772e+01  6.7704494e-01
3.8766358e+00   1419743  9.6221822e+00  9.6135371e+00  5.8422243e-01
4.1057220e+00   1686576  8.7733781e+00  8.7655052e+00  5.0397406e-01
4.3483372e+00   2003484  7.9426318e+00  7.9354752e+00  4.3460720e-01
4.6052142e+00   2378778  7.2079260e+00  7.2013928e+00  3.7466997e-01
4.8773359e+00   2828400  6.5201808e+00  6.5142347e+00  3.2289765e-01
5.1655179e+00   3356890  5.8739707e+00  5.8686107e+00  2.7820378e-01
5.4707002e+00   3990317  5.2996704e+00  5.2948351e+00  2.3963217e-01
5.7939476e+00   4738457  4.7565070e+00  4.7520860e+00  2.0632778e-01
6.1362572e+00   5629661  4.2711337e+00  4.2672509e+00  1.7762322e-01
6.4988210e+00   6687903  3.8313680e+00  3.8277909e+00  1.5285533e-01
6.8828355e+00   7945758  3.4295444e+00  3.4263664e+00  1.3151018e-01
7.2895050e+00   9436555  3.0658826e+00  3.0630449e+00  1.1311588e-01
7.7201584e+00  11210320  2.7409873e+00  2.7383811e+00  9.7267393e-02
8.1762927e+00  13318613  2.4453035e+00  2.4429875e+00  8.3620268e-02
8.6593661e+00  15819192  2.1814997e+00  2.1794623e+00  7.1872222e-02
9.1709925e+00  18795348  1.9457635e+00  1.9439053e+00  6.1752073e-02
9.7128705e+00  22326034  1.7344492e+00  1.7327949e+00  5.3047051e-02
1.0286736e+01  26520842  1.5460379e+00  1.5445250e+00  4.5561132e-02
1.0894484e+01  31503438  1.3766854e+00  1.3753711e+00  3.9131619e-02
1.1538156e+01  37426927  1.2264037e+00  1.2252288e+00  3.3601267e-02
1.2220385e+01  44525830  1.0918005e+00  1.0907483e+00  2.8842420e-02
