# Power spectrum from CO𝘕CEPT job 4547566 at t = 12.444997 Gyr, a = 0.90909091
#
# Components:
#   0: matter  (upstream grid size 1024)
#
#                           grid size 1024
# ╭────────────────────────────────────────────────────────────────╮
#                         component 0    (corrected)      (linear)
#                        σ₈ = 7.75e-01  σ₈ = 7.74e-01  σ₈ = 7.11e-01
#  k [Mpc⁻¹]    modes       P [Mpc³]       P [Mpc³]       P [Mpc³]
2.4543693e-02         3  4.4051191e+04  4.4051191e+04  4.5304670e+04
4.6570361e-02        25  2.3579836e+04  2.3955428e+04  2.4527668e+04
8.3521561e-02       124  1.1109030e+04  1.0886194e+04  1.0522661e+04
1.3383638e-01       418  5.5052545e+03  5.4509462e+03  4.6580423e+03
1.8592088e-01       730  3.2738186e+03  3.3453461e+03  2.6308124e+03
2.3260504e-01      1012  2.4600271e+03  2.4419353e+03  1.5833882e+03
2.7635505e-01      1408  2.0193124e+03  2.0218089e+03  1.1474562e+03
3.1919121e-01      1841  1.7825027e+03  1.7728199e+03  8.2233752e+02
3.6464415e-01      2698  1.4579915e+03  1.4488582e+03  6.2416760e+02
4.1290034e-01      3532  1.3072314e+03  1.3179793e+03  4.8448006e+02
4.6319578e-01      4702  1.1247086e+03  1.1033201e+03  3.5802613e+02
5.1570195e-01      6019  1.0185620e+03  1.0299839e+03  2.9713127e+02
5.7047444e-01      7766  9.4140805e+02  9.4044046e+02  2.2979565e+02
6.2844883e-01     10012  8.4256978e+02  8.2925994e+02  1.8102796e+02
6.8955465e-01     12589  7.6282219e+02  7.6508003e+02  1.5033275e+02
7.5323141e-01     15650  7.0199627e+02  7.0798505e+02  1.2274921e+02
8.2032763e-01     19757  6.4668584e+02  6.4464850e+02  9.8709418e+01
8.9088605e-01     24241  6.0216160e+02  5.9605851e+02  8.0682312e+01
9.6481958e-01     29993  5.4210623e+02  5.3769231e+02  6.7043898e+01
1.0423453e+00     36494  5.0106820e+02  4.9831667e+02  5.5900078e+01
1.1237267e+00     44825  4.5255809e+02  4.5062156e+02  4.6727612e+01
1.2089588e+00     53906  4.1508909e+02  4.1394350e+02  3.9203095e+01
1.2983336e+00     65729  3.7942839e+02  3.7835660e+02  3.2950102e+01
1.3921058e+00     78746  3.4456574e+02  3.4347845e+02  2.7777504e+01
1.4900211e+00     94374  3.1585248e+02  3.1487293e+02  2.3501598e+01
1.5921784e+00    112166  2.8708970e+02  2.8684995e+02  1.9994408e+01
1.6991083e+00    134373  2.6147382e+02  2.6150738e+02  1.7051663e+01
1.8110248e+00    159077  2.3565235e+02  2.3533724e+02  1.4537072e+01
1.9277595e+00    188172  2.1504793e+02  2.1478237e+02  1.2446105e+01
2.0497441e+00    222492  1.9564168e+02  1.9555871e+02  1.0685946e+01
2.1771282e+00    261771  1.7692748e+02  1.7677454e+02  9.1847136e+00
2.3098450e+00    306759  1.6047030e+02  1.6034647e+02  7.9169944e+00
2.4484375e+00    360898  1.4542030e+02  1.4529736e+02  6.8362299e+00
2.5937215e+00    425046  1.3170588e+02  1.3159612e+02  5.9104497e+00
2.7470320e+00    505555  1.1913348e+02  1.1902809e+02  5.1104529e+00
2.9094444e+00    600292  1.0728464e+02  1.0718833e+02  4.4170875e+00
3.0813867e+00    712930  9.6906698e+01  9.6820921e+01  3.8168405e+00
3.2634403e+00    846715  8.7333821e+01  8.7256165e+01  3.2969616e+00
3.4562097e+00   1005596  7.8595786e+01  7.8526685e+01  2.8470963e+00
3.6603648e+00   1194719  7.0774042e+01  7.0711349e+01  2.4577190e+00
3.8766358e+00   1419743  6.3471025e+01  6.3414000e+01  2.1207626e+00
4.1057220e+00   1686576  5.7159042e+01  5.7107750e+01  1.8294520e+00
4.3483372e+00   2003484  5.1295547e+01  5.1249328e+01  1.5776426e+00
4.6052142e+00   2378778  4.5949155e+01  4.5907508e+01  1.3600640e+00
4.8773359e+00   2828400  4.1146624e+01  4.1109099e+01  1.1721250e+00
5.1655179e+00   3356890  3.6831880e+01  3.6798271e+01  1.0098816e+00
5.4707002e+00   3990317  3.2933915e+01  3.2903867e+01  8.6986289e-01
5.7939476e+00   4738457  2.9426916e+01  2.9399565e+01  7.4896478e-01
6.1362572e+00   5629661  2.6232455e+01  2.6208607e+01  6.4476463e-01
6.4988210e+00   6687903  2.3341934e+01  2.3320141e+01  5.5485503e-01
6.8828355e+00   7945758  2.0802051e+01  2.0782774e+01  4.7737043e-01
7.2895050e+00   9436555  1.8516870e+01  1.8499732e+01  4.1059775e-01
7.7201584e+00  11210320  1.6454072e+01  1.6438427e+01  3.5306667e-01
8.1762927e+00  13318613  1.4585109e+01  1.4571296e+01  3.0352680e-01
8.6593661e+00  15819192  1.2943577e+01  1.2931488e+01  2.6088080e-01
9.1709925e+00  18795348  1.1482387e+01  1.1471421e+01  2.2414425e-01
9.7128705e+00  22326034  1.0165879e+01  1.0156182e+01  1.9254477e-01
1.0286736e+01  26520842  8.9886443e+00  8.9798485e+00  1.6537076e-01
1.0894484e+01  31503438  7.9414570e+00  7.9338754e+00  1.4203160e-01
1.1538156e+01  37426927  7.0111361e+00  7.0044194e+00  1.2195649e-01
1.2220385e+01  44525830  6.1779458e+00  6.1719921e+00  1.0468203e-01
