# Power spectrum from CO𝘕CEPT job 4547566 at t = 2.9821123 Gyr, a = 0.3125
#
# Components:
#   0: matter  (upstream grid size 1024)
#
#                           grid size 1024
# ╭────────────────────────────────────────────────────────────────╮
#                         component 0    (corrected)      (linear)
#                        σ₈ = 3.01e-01  σ₈ = 3.00e-01  σ₈ = 2.95e-01
#  k [Mpc⁻¹]    modes       P [Mpc³]       P [Mpc³]       P [Mpc³]
2.4543693e-02         3  7.7529105e+03  7.7529105e+03  7.8164929e+03
4.6570361e-02        25  4.1507137e+03  4.2168284e+03  4.2337353e+03
8.3521561e-02       124  1.8264125e+03  1.7897764e+03  1.8166463e+03
1.3383638e-01       418  8.4761549e+02  8.3925393e+02  8.0421729e+02
1.8592088e-01       730  4.5754483e+02  4.6754143e+02  4.5422195e+02
2.3260504e-01      1012  3.1465255e+02  3.1233850e+02  2.7338138e+02
2.7635505e-01      1408  2.3462873e+02  2.3491881e+02  1.9811593e+02
3.1919121e-01      1841  1.7694608e+02  1.7598488e+02  1.4198238e+02
3.6464415e-01      2698  1.3893814e+02  1.3806780e+02  1.0776713e+02
4.1290034e-01      3532  1.1038726e+02  1.1129485e+02  8.3649156e+01
4.6319578e-01      4702  8.9073811e+01  8.7379902e+01  6.1815987e+01
5.1570195e-01      6019  7.5292302e+01  7.6136609e+01  5.1302056e+01
5.7047444e-01      7766  6.2629113e+01  6.2564742e+01  3.9676055e+01
6.2844883e-01     10012  5.4519884e+01  5.3658648e+01  3.1255940e+01
6.8955465e-01     12589  4.6556874e+01  4.6694676e+01  2.5956177e+01
7.5323141e-01     15650  4.0407838e+01  4.0752561e+01  2.1193662e+01
8.2032763e-01     19757  3.4862683e+01  3.4752851e+01  1.7043001e+01
8.9088605e-01     24241  3.1049687e+01  3.0734989e+01  1.3930476e+01
9.6481958e-01     29993  2.7339342e+01  2.7116740e+01  1.1575695e+01
1.0423453e+00     36494  2.4287272e+01  2.4153902e+01  9.6516241e+00
1.1237267e+00     44825  2.1951433e+01  2.1857502e+01  8.0679231e+00
1.2089588e+00     53906  1.9773017e+01  1.9718446e+01  6.7687537e+00
1.2983336e+00     65729  1.7870982e+01  1.7820501e+01  5.6891231e+00
1.3921058e+00     78746  1.6242833e+01  1.6191578e+01  4.7960312e+00
1.4900211e+00     94374  1.4727451e+01  1.4681777e+01  4.0577606e+00
1.5921784e+00    112166  1.3492936e+01  1.3481668e+01  3.4522151e+00
1.6991083e+00    134373  1.2344315e+01  1.2345899e+01  2.9441255e+00
1.8110248e+00    159077  1.1371060e+01  1.1355855e+01  2.5099604e+00
1.9277595e+00    188172  1.0472404e+01  1.0459471e+01  2.1489372e+00
2.0497441e+00    222492  9.7251025e+00  9.7209784e+00  1.8450310e+00
2.1771282e+00    261771  8.9989254e+00  8.9911464e+00  1.5858304e+00
2.3098450e+00    306759  8.3285039e+00  8.3220772e+00  1.3669478e+00
2.4484375e+00    360898  7.7274242e+00  7.7208910e+00  1.1803445e+00
2.5937215e+00    425046  7.1875541e+00  7.1815644e+00  1.0205005e+00
2.7470320e+00    505555  6.6785492e+00  6.6726413e+00  8.8237412e-01
2.9094444e+00    600292  6.2093337e+00  6.2037598e+00  7.6265848e-01
3.0813867e+00    712930  5.7649128e+00  5.7598099e+00  6.5902052e-01
3.2634403e+00    846715  5.3410944e+00  5.3363452e+00  5.6925877e-01
3.4562097e+00   1005596  4.9501701e+00  4.9458179e+00  4.9158546e-01
3.6603648e+00   1194719  4.5799349e+00  4.5758778e+00  4.2435591e-01
3.8766358e+00   1419743  4.2228911e+00  4.2190970e+00  3.6617727e-01
4.1057220e+00   1686576  3.8898939e+00  3.8864033e+00  3.1587976e-01
4.3483372e+00   2003484  3.5736876e+00  3.5704676e+00  2.7240247e-01
4.6052142e+00   2378778  3.2817203e+00  3.2787458e+00  2.3483541e-01
4.8773359e+00   2828400  3.0059817e+00  3.0032403e+00  2.0238588e-01
5.1655179e+00   3356890  2.7493241e+00  2.7468153e+00  1.7437293e-01
5.4707002e+00   3990317  2.5045553e+00  2.5022703e+00  1.5019725e-01
5.7939476e+00   4738457  2.2839133e+00  2.2817905e+00  1.2932290e-01
6.1362572e+00   5629661  2.0790366e+00  2.0771466e+00  1.1133161e-01
6.4988210e+00   6687903  1.8926696e+00  1.8909026e+00  9.5807710e-02
6.8828355e+00   7945758  1.7204022e+00  1.7188079e+00  8.2429095e-02
7.2895050e+00   9436555  1.5598738e+00  1.5584301e+00  7.0899986e-02
7.7201584e+00  11210320  1.4126966e+00  1.4113534e+00  6.0966526e-02
8.1762927e+00  13318613  1.2813167e+00  1.2801032e+00  5.2412819e-02
8.6593661e+00  15819192  1.1615687e+00  1.1604839e+00  4.5049403e-02
9.1709925e+00  18795348  1.0496372e+00  1.0486348e+00  3.8706309e-02
9.7128705e+00  22326034  9.4827696e-01  9.4737248e-01  3.3250178e-02
1.0286736e+01  26520842  8.5682511e-01  8.5598666e-01  2.8558150e-02
1.0894484e+01  31503438  7.7288232e-01  7.7214447e-01  2.4528250e-02
1.1538156e+01  37426927  6.9755330e-01  6.9688504e-01  2.1061921e-02
1.2220385e+01  44525830  6.2980004e-01  6.2919310e-01  1.8079149e-02
