# Power spectrum from CO𝘕CEPT job 4547566 at t = 9.3731384 Gyr, a = 0.71428571
#
# Components:
#   0: matter  (upstream grid size 1024)
#
#                           grid size 1024
# ╭────────────────────────────────────────────────────────────────╮
#                         component 0    (corrected)      (linear)
#                        σ₈ = 6.49e-01  σ₈ = 6.48e-01  σ₈ = 6.08e-01
#  k [Mpc⁻¹]    modes       P [Mpc³]       P [Mpc³]       P [Mpc³]
2.4543693e-02         3  3.2357368e+04  3.2357368e+04  3.3085033e+04
4.6570361e-02        25  1.7338218e+04  1.7614390e+04  1.7913839e+04
8.3521561e-02       124  7.9475595e+03  7.7881394e+03  7.6855757e+03
1.3383638e-01       418  3.8752361e+03  3.8370077e+03  3.4022054e+03
1.8592088e-01       730  2.2450935e+03  2.2941451e+03  1.9215385e+03
2.3260504e-01      1012  1.6643999e+03  1.6521594e+03  1.1565048e+03
2.7635505e-01      1408  1.3424625e+03  1.3441222e+03  8.3810153e+02
3.1919121e-01      1841  1.1417779e+03  1.1355756e+03  6.0063534e+02
3.6464415e-01      2698  9.1702587e+02  9.1128137e+02  4.5589223e+02
4.1290034e-01      3532  8.1388370e+02  8.2057534e+02  3.5386452e+02
4.6319578e-01      4702  7.0937845e+02  6.9588826e+02  2.6150256e+02
5.1570195e-01      6019  6.3732533e+02  6.4447212e+02  2.1702495e+02
5.7047444e-01      7766  5.7188066e+02  5.7129288e+02  1.6784298e+02
6.2844883e-01     10012  5.0856212e+02  5.0052850e+02  1.3222302e+02
6.8955465e-01     12589  4.6239277e+02  4.6376138e+02  1.0980322e+02
7.5323141e-01     15650  4.2766908e+02  4.3131756e+02  8.9656174e+01
8.2032763e-01     19757  3.9270033e+02  3.9146315e+02  7.2097487e+01
8.9088605e-01     24241  3.5717349e+02  3.5355343e+02  5.8930470e+01
9.6481958e-01     29993  3.2598761e+02  3.2333336e+02  4.8968958e+01
1.0423453e+00     36494  3.0040409e+02  2.9875447e+02  4.0829499e+01
1.1237267e+00     44825  2.7216905e+02  2.7100442e+02  3.4129918e+01
1.2089588e+00     53906  2.5239200e+02  2.5169543e+02  2.8634002e+01
1.2983336e+00     65729  2.3297139e+02  2.3231330e+02  2.4066808e+01
1.3921058e+00     78746  2.1284495e+02  2.1217331e+02  2.0288735e+01
1.4900211e+00     94374  1.9392439e+02  1.9332297e+02  1.7165608e+01
1.5921784e+00    112166  1.7695773e+02  1.7680996e+02  1.4603952e+01
1.6991083e+00    134373  1.6147202e+02  1.6149274e+02  1.2454566e+01
1.8110248e+00    159077  1.4794662e+02  1.4774879e+02  1.0617906e+01
1.9277595e+00    188172  1.3460376e+02  1.3443754e+02  9.0906602e+00
2.0497441e+00    222492  1.2254833e+02  1.2249636e+02  7.8050382e+00
2.1771282e+00    261771  1.1067614e+02  1.1058047e+02  6.7085354e+00
2.3098450e+00    306759  1.0087615e+02  1.0079831e+02  5.7825914e+00
2.4484375e+00    360898  9.1239580e+01  9.1162442e+01  4.9931993e+00
2.5937215e+00    425046  8.2361612e+01  8.2292977e+01  4.3170080e+00
2.7470320e+00    505555  7.4622500e+01  7.4556489e+01  3.7326891e+00
2.9094444e+00    600292  6.7344090e+01  6.7283638e+01  3.2262538e+00
3.0813867e+00    712930  6.0594969e+01  6.0541333e+01  2.7878324e+00
3.2634403e+00    846715  5.4690112e+01  5.4641483e+01  2.4081119e+00
3.4562097e+00   1005596  4.9241236e+01  4.9197943e+01  2.0795294e+00
3.6603648e+00   1194719  4.4225694e+01  4.4186518e+01  1.7951275e+00
3.8766358e+00   1419743  3.9578482e+01  3.9542923e+01  1.5490139e+00
4.1057220e+00   1686576  3.5413479e+01  3.5381700e+01  1.3362400e+00
4.3483372e+00   2003484  3.1606726e+01  3.1578247e+01  1.1523179e+00
4.6052142e+00   2378778  2.8351544e+01  2.8325846e+01  9.9339802e-01
4.8773359e+00   2828400  2.5448685e+01  2.5425476e+01  8.5612693e-01
5.1655179e+00   3356890  2.2682006e+01  2.2661309e+01  7.3762400e-01
5.4707002e+00   3990317  2.0261099e+01  2.0242613e+01  6.3535394e-01
5.7939476e+00   4738457  1.8074891e+01  1.8058091e+01  5.4704963e-01
6.1362572e+00   5629661  1.6123362e+01  1.6108704e+01  4.7094154e-01
6.4988210e+00   6687903  1.4365216e+01  1.4351804e+01  4.0527128e-01
6.8828355e+00   7945758  1.2783489e+01  1.2771643e+01  3.4867627e-01
7.2895050e+00   9436555  1.1362807e+01  1.1352290e+01  2.9990526e-01
7.7201584e+00  11210320  1.0080028e+01  1.0070443e+01  2.5788434e-01
8.1762927e+00  13318613  8.9465219e+00  8.9380485e+00  2.2170020e-01
8.6593661e+00  15819192  7.9386828e+00  7.9312687e+00  1.9055137e-01
9.1709925e+00  18795348  7.0290897e+00  7.0223768e+00  1.6371881e-01
9.7128705e+00  22326034  6.2163310e+00  6.2104017e+00  1.4063838e-01
1.0286736e+01  26520842  5.4925458e+00  5.4871711e+00  1.2079031e-01
1.0894484e+01  31503438  4.8488117e+00  4.8441826e+00  1.0374324e-01
1.1538156e+01  37426927  4.2760847e+00  4.2719883e+00  8.9080237e-02
1.2220385e+01  44525830  3.7682739e+00  3.7646425e+00  7.6462835e-02
