# Power spectrum from CO𝘕CEPT job 4547566 at t = 5.4691055 Gyr, a = 0.47619048
#
# Components:
#   0: matter  (upstream grid size 1024)
#
#                           grid size 1024
# ╭────────────────────────────────────────────────────────────────╮
#                         component 0    (corrected)      (linear)
#                        σ₈ = 4.53e-01  σ₈ = 4.53e-01  σ₈ = 4.37e-01
#  k [Mpc⁻¹]    modes       P [Mpc³]       P [Mpc³]       P [Mpc³]
2.4543693e-02         3  1.6885126e+04  1.6885126e+04  1.7121777e+04
4.6570361e-02        25  9.0493100e+03  9.1934521e+03  9.2722549e+03
8.3521561e-02       124  4.0245868e+03  3.9438576e+03  3.9783639e+03
1.3383638e-01       418  1.9145917e+03  1.8957046e+03  1.7611604e+03
1.8592088e-01       730  1.0634792e+03  1.0867144e+03  9.9469711e+02
2.3260504e-01      1012  7.6108111e+02  7.5548388e+02  5.9867425e+02
2.7635505e-01      1408  5.8507637e+02  5.8579972e+02  4.3385086e+02
3.1919121e-01      1841  4.6715988e+02  4.6462220e+02  3.1092464e+02
3.6464415e-01      2698  3.7018630e+02  3.6786736e+02  2.3599715e+02
4.1290034e-01      3532  3.1410556e+02  3.1668809e+02  1.8318159e+02
4.6319578e-01      4702  2.6225907e+02  2.5727171e+02  1.3536953e+02
5.1570195e-01      6019  2.2387132e+02  2.2638175e+02  1.1234526e+02
5.7047444e-01      7766  1.9147091e+02  1.9127411e+02  8.6885717e+01
6.2844883e-01     10012  1.7168227e+02  1.6897025e+02  6.8446680e+01
6.8955465e-01     12589  1.5301462e+02  1.5346752e+02  5.6840836e+01
7.5323141e-01     15650  1.3775316e+02  1.3892835e+02  4.6411506e+01
8.2032763e-01     19757  1.2143592e+02  1.2105335e+02  3.7322064e+01
8.9088605e-01     24241  1.1203014e+02  1.1089468e+02  3.0506016e+01
9.6481958e-01     29993  1.0064417e+02  9.9824702e+01  2.5349331e+01
1.0423453e+00     36494  9.2739857e+01  9.2230593e+01  2.1135852e+01
1.1237267e+00     44825  8.4486508e+01  8.4124985e+01  1.7667741e+01
1.2089588e+00     53906  7.8226535e+01  7.8010641e+01  1.4822720e+01
1.2983336e+00     65729  7.2137364e+01  7.1933594e+01  1.2458462e+01
1.3921058e+00     78746  6.6188377e+01  6.5979517e+01  1.0502701e+01
1.4900211e+00     94374  6.1471342e+01  6.1280701e+01  8.8859790e+00
1.5921784e+00    112166  5.6801112e+01  5.6753678e+01  7.5599091e+00
1.6991083e+00    134373  5.2649446e+01  5.2656204e+01  6.4472559e+00
1.8110248e+00    159077  4.8737574e+01  4.8672403e+01  5.4964880e+00
1.9277595e+00    188172  4.5017164e+01  4.4961572e+01  4.7058921e+00
2.0497441e+00    222492  4.1717657e+01  4.1699966e+01  4.0403753e+00
2.1771282e+00    261771  3.8484249e+01  3.8450982e+01  3.4727582e+00
2.3098450e+00    306759  3.5462595e+01  3.5435230e+01  2.9934328e+00
2.4484375e+00    360898  3.2720817e+01  3.2693153e+01  2.5847949e+00
2.5937215e+00    425046  3.0071128e+01  3.0046068e+01  2.2347567e+00
2.7470320e+00    505555  2.7552567e+01  2.7528193e+01  1.9322773e+00
2.9094444e+00    600292  2.5212272e+01  2.5189640e+01  1.6701152e+00
3.0813867e+00    712930  2.3072081e+01  2.3051658e+01  1.4431612e+00
3.2634403e+00    846715  2.0945084e+01  2.0926460e+01  1.2465944e+00
3.4562097e+00   1005596  1.9073252e+01  1.9056483e+01  1.0764998e+00
3.6603648e+00   1194719  1.7250791e+01  1.7235510e+01  9.2927571e-01
3.8766358e+00   1419743  1.5615566e+01  1.5601536e+01  8.0187202e-01
4.1057220e+00   1686576  1.4119566e+01  1.4106895e+01  6.9172700e-01
4.3483372e+00   2003484  1.2735560e+01  1.2724085e+01  5.9651744e-01
4.6052142e+00   2378778  1.1444644e+01  1.1434271e+01  5.1425055e-01
4.8773359e+00   2828400  1.0253745e+01  1.0244394e+01  4.4319041e-01
5.1655179e+00   3356890  9.2022061e+00  9.1938091e+00  3.8184583e-01
5.4707002e+00   3990317  8.2370526e+00  8.2295375e+00  3.2890437e-01
5.7939476e+00   4738457  7.3701504e+00  7.3633001e+00  2.8319245e-01
6.1362572e+00   5629661  6.5969858e+00  6.5909885e+00  2.4379404e-01
6.4988210e+00   6687903  5.8835681e+00  5.8780749e+00  2.0979889e-01
6.8828355e+00   7945758  5.2489742e+00  5.2441102e+00  1.8050166e-01
7.2895050e+00   9436555  4.6734776e+00  4.6691520e+00  1.5525461e-01
7.7201584e+00  11210320  4.1604832e+00  4.1565273e+00  1.3350182e-01
8.1762927e+00  13318613  3.7004649e+00  3.6969602e+00  1.1477052e-01
8.6593661e+00  15819192  3.2888901e+00  3.2858185e+00  9.8645804e-02
9.1709925e+00  18795348  2.9139984e+00  2.9112155e+00  8.4755458e-02
9.7128705e+00  22326034  2.5895411e+00  2.5870711e+00  7.2807446e-02
1.0286736e+01  26520842  2.2977435e+00  2.2954950e+00  6.2532714e-02
1.0894484e+01  31503438  2.0369037e+00  2.0349591e+00  5.3707952e-02
1.1538156e+01  37426927  1.8061462e+00  1.8044159e+00  4.6117334e-02
1.2220385e+01  44525830  1.5998576e+00  1.5983158e+00  3.9585646e-02
