# Power spectrum from CO𝘕CEPT job 4547566 at t = 2.2265774 Gyr, a = 0.25641026
#
# Components:
#   0: matter  (upstream grid size 1024)
#
#                           grid size 1024
# ╭────────────────────────────────────────────────────────────────╮
#                         component 0    (corrected)      (linear)
#                        σ₈ = 2.47e-01  σ₈ = 2.46e-01  σ₈ = 2.44e-01
#  k [Mpc⁻¹]    modes       P [Mpc³]       P [Mpc³]       P [Mpc³]
2.4543693e-02         3  5.2910267e+03  5.2910267e+03  5.3248153e+03
4.6570361e-02        25  2.8310457e+03  2.8761400e+03  2.8843396e+03
8.3521561e-02       124  1.2444111e+03  1.2194494e+03  1.2376660e+03
1.3383638e-01       418  5.7151472e+02  5.6587684e+02  5.4791056e+02
1.8592088e-01       730  3.0668772e+02  3.1338834e+02  3.0946062e+02
2.3260504e-01      1012  2.0724310e+02  2.0571897e+02  1.8625443e+02
2.7635505e-01      1408  1.5317527e+02  1.5336465e+02  1.3497623e+02
3.1919121e-01      1841  1.1314852e+02  1.1253388e+02  9.6732511e+01
3.6464415e-01      2698  8.8380990e+01  8.7827348e+01  7.3421700e+01
4.1290034e-01      3532  6.9127262e+01  6.9695617e+01  5.6990144e+01
4.6319578e-01      4702  5.4757574e+01  5.3716254e+01  4.2115218e+01
5.1570195e-01      6019  4.6087702e+01  4.6604516e+01  3.4952083e+01
5.7047444e-01      7766  3.7781224e+01  3.7742392e+01  2.7031293e+01
6.2844883e-01     10012  3.2361041e+01  3.1849843e+01  2.1294671e+01
6.8955465e-01     12589  2.7013085e+01  2.7093040e+01  1.7683943e+01
7.5323141e-01     15650  2.3151832e+01  2.3349342e+01  1.4439243e+01
8.2032763e-01     19757  1.9836999e+01  1.9774504e+01  1.1611398e+01
8.9088605e-01     24241  1.7304297e+01  1.7128913e+01  9.4908360e+00
9.6481958e-01     29993  1.5073297e+01  1.4950568e+01  7.8865235e+00
1.0423453e+00     36494  1.3136826e+01  1.3064687e+01  6.5756543e+00
1.1237267e+00     44825  1.1655804e+01  1.1605929e+01  5.4966789e+00
1.2089588e+00     53906  1.0361179e+01  1.0332584e+01  4.6115548e+00
1.2983336e+00     65729  9.2229643e+00  9.1969118e+00  3.8760025e+00
1.3921058e+00     78746  8.2628603e+00  8.2367865e+00  3.2675389e+00
1.4900211e+00     94374  7.4099905e+00  7.3870098e+00  2.7645551e+00
1.5921784e+00    112166  6.6885071e+00  6.6829215e+00  2.3519969e+00
1.6991083e+00    134373  6.0402541e+00  6.0410294e+00  2.0058355e+00
1.8110248e+00    159077  5.5067541e+00  5.4993906e+00  1.7100387e+00
1.9277595e+00    188172  5.0282193e+00  5.0220099e+00  1.4640735e+00
2.0497441e+00    222492  4.6030835e+00  4.6011314e+00  1.2570221e+00
2.1771282e+00    261771  4.2192009e+00  4.2155536e+00  1.0804287e+00
2.3098450e+00    306759  3.8736584e+00  3.8706693e+00  9.3130392e-01
2.4484375e+00    360898  3.5826338e+00  3.5796048e+00  8.0417103e-01
2.5937215e+00    425046  3.3127371e+00  3.3099764e+00  6.9526927e-01
2.7470320e+00    505555  3.0592808e+00  3.0565746e+00  6.0116368e-01
2.9094444e+00    600292  2.8206889e+00  2.8181569e+00  5.1960135e-01
3.0813867e+00    712930  2.6065115e+00  2.6042043e+00  4.4899275e-01
3.2634403e+00    846715  2.4161724e+00  2.4140239e+00  3.8783801e-01
3.4562097e+00   1005596  2.2419765e+00  2.2400053e+00  3.3491912e-01
3.6603648e+00   1194719  2.0798181e+00  2.0779758e+00  2.8911557e-01
3.8766358e+00   1419743  1.9231491e+00  1.9214212e+00  2.4947840e-01
4.1057220e+00   1686576  1.7770597e+00  1.7754650e+00  2.1521064e-01
4.3483372e+00   2003484  1.6406100e+00  1.6391318e+00  1.8558951e-01
4.6052142e+00   2378778  1.5159854e+00  1.5146113e+00  1.5999502e-01
4.8773359e+00   2828400  1.3955083e+00  1.3942356e+00  1.3788710e-01
5.1655179e+00   3356890  1.2864686e+00  1.2852947e+00  1.1880182e-01
5.4707002e+00   3990317  1.1851662e+00  1.1840849e+00  1.0233088e-01
5.7939476e+00   4738457  1.0916126e+00  1.0905980e+00  8.8109137e-02
6.1362572e+00   5629661  1.0072220e+00  1.0063064e+00  7.5851621e-02
6.4988210e+00   6687903  9.3050492e-01  9.2963616e-01  6.5275138e-02
6.8828355e+00   7945758  8.6062154e-01  8.5982404e-01  5.6160241e-02
7.2895050e+00   9436555  7.9696099e-01  7.9622335e-01  4.8305413e-02
7.7201584e+00  11210320  7.3871932e-01  7.3801692e-01  4.1537702e-02
8.1762927e+00  13318613  6.8554958e-01  6.8490029e-01  3.5710019e-02
8.6593661e+00  15819192  6.3676750e-01  6.3617281e-01  3.0693282e-02
9.1709925e+00  18795348  5.9035941e-01  5.8979560e-01  2.6371690e-02
9.7128705e+00  22326034  5.4636225e-01  5.4584111e-01  2.2654389e-02
1.0286736e+01  26520842  5.0548099e-01  5.0498635e-01  1.9457673e-02
1.0894484e+01  31503438  4.6725926e-01  4.6681318e-01  1.6712065e-02
1.1538156e+01  37426927  4.3153024e-01  4.3111684e-01  1.4350419e-02
1.2220385e+01  44525830  3.9799499e-01  3.9761145e-01  1.2318222e-02
