# Power spectrum from CO𝘕CEPT job 4547566 at t = 4.0359106 Gyr, a = 0.38461538
#
# Components:
#   0: matter  (upstream grid size 1024)
#
#                           grid size 1024
# ╭────────────────────────────────────────────────────────────────╮
#                         component 0    (corrected)      (linear)
#                        σ₈ = 3.69e-01  σ₈ = 3.69e-01  σ₈ = 3.60e-01
#  k [Mpc⁻¹]    modes       P [Mpc³]       P [Mpc³]       P [Mpc³]
2.4543693e-02         3  1.1471769e+04  1.1471769e+04  1.1594489e+04
4.6570361e-02        25  6.1452924e+03  6.2431778e+03  6.2795422e+03
8.3521561e-02       124  2.7131192e+03  2.6586967e+03  2.6943994e+03
1.3383638e-01       418  1.2743180e+03  1.2617471e+03  1.1927820e+03
1.8592088e-01       730  6.9566087e+02  7.1085991e+02  6.7368136e+02
2.3260504e-01      1012  4.8779907e+02  4.8421164e+02  4.0546638e+02
2.7635505e-01      1408  3.6826888e+02  3.6872419e+02  2.9383603e+02
3.1919121e-01      1841  2.8528208e+02  2.8373239e+02  2.1058136e+02
3.6464415e-01      2698  2.2506439e+02  2.2365453e+02  1.5983493e+02
4.1290034e-01      3532  1.8377290e+02  1.8528386e+02  1.2406431e+02
4.6319578e-01      4702  1.5091228e+02  1.4804239e+02  9.1682411e+01
5.1570195e-01      6019  1.2798141e+02  1.2941656e+02  7.6088661e+01
5.7047444e-01      7766  1.0834683e+02  1.0823547e+02  5.8845547e+01
6.2844883e-01     10012  9.5815348e+01  9.4301779e+01  4.6357248e+01
6.8955465e-01     12589  8.3791029e+01  8.4039038e+01  3.8496900e+01
7.5323141e-01     15650  7.4164468e+01  7.4797171e+01  3.1433374e+01
8.2032763e-01     19757  6.4547861e+01  6.4344507e+01  2.5277320e+01
8.9088605e-01     24241  5.8706066e+01  5.8111063e+01  2.0660979e+01
9.6481958e-01     29993  5.2053161e+01  5.1629335e+01  1.7168485e+01
1.0423453e+00     36494  4.7314017e+01  4.7054201e+01  1.4314799e+01
1.1237267e+00     44825  4.3060539e+01  4.2876281e+01  1.1965933e+01
1.2089588e+00     53906  3.9595993e+01  3.9486713e+01  1.0039070e+01
1.2983336e+00     65729  3.6122511e+01  3.6020474e+01  8.4378159e+00
1.3921058e+00     78746  3.3259141e+01  3.3154190e+01  7.1132269e+00
1.4900211e+00     94374  3.0476688e+01  3.0382171e+01  6.0182610e+00
1.5921784e+00    112166  2.8411479e+01  2.8387753e+01  5.1201463e+00
1.6991083e+00    134373  2.5983094e+01  2.5986430e+01  4.3665735e+00
1.8110248e+00    159077  2.4082715e+01  2.4050513e+01  3.7226417e+00
1.9277595e+00    188172  2.2265454e+01  2.2237958e+01  3.1871903e+00
2.0497441e+00    222492  2.0596679e+01  2.0587945e+01  2.7364520e+00
2.1771282e+00    261771  1.9186972e+01  1.9170386e+01  2.3520188e+00
2.3098450e+00    306759  1.7796180e+01  1.7782448e+01  2.0273833e+00
2.4484375e+00    360898  1.6481092e+01  1.6467158e+01  1.7506228e+00
2.5937215e+00    425046  1.5307040e+01  1.5294284e+01  1.5135504e+00
2.7470320e+00    505555  1.4202157e+01  1.4189594e+01  1.3086883e+00
2.9094444e+00    600292  1.3088125e+01  1.3076377e+01  1.1311322e+00
3.0813867e+00    712930  1.2071774e+01  1.2061088e+01  9.7742173e-01
3.2634403e+00    846715  1.1110708e+01  1.1100828e+01  8.4429174e-01
3.4562097e+00   1005596  1.0216237e+01  1.0207255e+01  7.2909071e-01
3.6603648e+00   1194719  9.3508930e+00  9.3426097e+00  6.2937935e-01
3.8766358e+00   1419743  8.5731963e+00  8.5654937e+00  5.4309184e-01
4.1057220e+00   1686576  7.8173418e+00  7.8103269e+00  4.6849321e-01
4.3483372e+00   2003484  7.0961614e+00  7.0897676e+00  4.0401000e-01
4.6052142e+00   2378778  6.4467182e+00  6.4408750e+00  3.4829254e-01
4.8773359e+00   2828400  5.8344919e+00  5.8291711e+00  3.0016514e-01
5.1655179e+00   3356890  5.2618143e+00  5.2570129e+00  2.5861786e-01
5.4707002e+00   3990317  4.7375774e+00  4.7332551e+00  2.2276181e-01
5.7939476e+00   4738457  4.2623518e+00  4.2583900e+00  1.9180214e-01
6.1362572e+00   5629661  3.8316035e+00  3.8281202e+00  1.6511847e-01
6.4988210e+00   6687903  3.4389077e+00  3.4356969e+00  1.4209430e-01
6.8828355e+00   7945758  3.0833848e+00  3.0805276e+00  1.2225191e-01
7.2895050e+00   9436555  2.7624331e+00  2.7598763e+00  1.0515261e-01
7.7201584e+00  11210320  2.4773800e+00  2.4750244e+00  9.0419894e-02
8.1762927e+00  13318613  2.2156603e+00  2.2135618e+00  7.7733558e-02
8.6593661e+00  15819192  1.9788272e+00  1.9769792e+00  6.6812599e-02
9.1709925e+00  18795348  1.7677932e+00  1.7661050e+00  5.7404927e-02
9.7128705e+00  22326034  1.5769808e+00  1.5754767e+00  4.9312754e-02
1.0286736e+01  26520842  1.4060753e+00  1.4046994e+00  4.2353855e-02
1.0894484e+01  31503438  1.2546362e+00  1.2534385e+00  3.6376988e-02
1.1538156e+01  37426927  1.1193627e+00  1.1182903e+00  3.1235978e-02
1.2220385e+01  44525830  9.9877129e-01  9.9780878e-01  2.6812157e-02
