# Power spectrum from CO𝘕CEPT job 4547566 at t = 2.4072346 Gyr, a = 0.27027027
#
# Components:
#   0: matter  (upstream grid size 1024)
#
#                           grid size 1024
# ╭────────────────────────────────────────────────────────────────╮
#                         component 0    (corrected)      (linear)
#                        σ₈ = 2.60e-01  σ₈ = 2.60e-01  σ₈ = 2.57e-01
#  k [Mpc⁻¹]    modes       P [Mpc³]       P [Mpc³]       P [Mpc³]
2.4543693e-02         3  5.8607777e+03  5.8607777e+03  5.9007593e+03
4.6570361e-02        25  3.1363781e+03  3.1863360e+03  3.1962600e+03
8.3521561e-02       124  1.3788069e+03  1.3511494e+03  1.3715024e+03
1.3383638e-01       418  6.3492288e+02  6.2865949e+02  6.0715835e+02
1.8592088e-01       730  3.4111419e+02  3.4856697e+02  3.4292366e+02
2.3260504e-01      1012  2.3155237e+02  2.2984946e+02  2.0639471e+02
2.7635505e-01      1408  1.7150642e+02  1.7171846e+02  1.4957162e+02
3.1919121e-01      1841  1.2731751e+02  1.2662590e+02  1.0719248e+02
3.6464415e-01      2698  9.9591233e+01  9.8967367e+01  8.1360999e+01
4.1290034e-01      3532  7.8159105e+01  7.8801719e+01  6.3152650e+01
4.6319578e-01      4702  6.2208789e+01  6.1025770e+01  4.6669254e+01
5.1570195e-01      6019  5.2425102e+01  5.3012983e+01  3.8731548e+01
5.7047444e-01      7766  4.3124014e+01  4.3079691e+01  2.9954261e+01
6.2844883e-01     10012  3.7108291e+01  3.6522101e+01  2.3597322e+01
6.8955465e-01     12589  3.1142205e+01  3.1234382e+01  1.9596156e+01
7.5323141e-01     15650  2.6763677e+01  2.6992000e+01  1.6000597e+01
8.2032763e-01     19757  2.2980127e+01  2.2907730e+01  1.2866970e+01
8.9088605e-01     24241  2.0152995e+01  1.9948739e+01  1.0517105e+01
9.6481958e-01     29993  1.7613708e+01  1.7470294e+01  8.7393138e+00
1.0423453e+00     36494  1.5421180e+01  1.5336497e+01  7.2866967e+00
1.1237267e+00     44825  1.3756773e+01  1.3697907e+01  6.0910488e+00
1.2089588e+00     53906  1.2265448e+01  1.2231597e+01  5.1102139e+00
1.2983336e+00     65729  1.0969000e+01  1.0938016e+01  4.2951242e+00
1.3921058e+00     78746  9.8640188e+00  9.8328925e+00  3.6208659e+00
1.4900211e+00     94374  8.8731933e+00  8.8456749e+00  3.0634931e+00
1.5921784e+00    112166  8.0471821e+00  8.0404619e+00  2.6063239e+00
1.6991083e+00    134373  7.2930679e+00  7.2940041e+00  2.2227311e+00
1.8110248e+00    159077  6.6684562e+00  6.6595393e+00  1.8949490e+00
1.9277595e+00    188172  6.1065121e+00  6.0989711e+00  1.6223870e+00
2.0497441e+00    222492  5.6189592e+00  5.6165763e+00  1.3929466e+00
2.1771282e+00    261771  5.1590821e+00  5.1546224e+00  1.1972576e+00
2.3098450e+00    306759  4.7509165e+00  4.7472505e+00  1.0320076e+00
2.4484375e+00    360898  4.4010560e+00  4.3973351e+00  8.9112753e-01
2.5937215e+00    425046  4.0813371e+00  4.0779359e+00  7.7044995e-01
2.7470320e+00    505555  3.7783674e+00  3.7750250e+00  6.6616848e-01
2.9094444e+00    600292  3.4919309e+00  3.4887963e+00  5.7578662e-01
3.0813867e+00    712930  3.2278474e+00  3.2249902e+00  4.9754293e-01
3.2634403e+00    846715  2.9945006e+00  2.9918379e+00  4.2977538e-01
3.4562097e+00   1005596  2.7760793e+00  2.7736386e+00  3.7113425e-01
3.6603648e+00   1194719  2.5745040e+00  2.5722234e+00  3.2037785e-01
3.8766358e+00   1419743  2.3862409e+00  2.3840970e+00  2.7645463e-01
4.1057220e+00   1686576  2.2023735e+00  2.2003972e+00  2.3848143e-01
4.3483372e+00   2003484  2.0386768e+00  2.0368399e+00  2.0565730e-01
4.6052142e+00   2378778  1.8835843e+00  1.8818771e+00  1.7729522e-01
4.8773359e+00   2828400  1.7352576e+00  1.7336751e+00  1.5279673e-01
5.1655179e+00   3356890  1.5970195e+00  1.5955622e+00  1.3164772e-01
5.4707002e+00   3990317  1.4678031e+00  1.4664640e+00  1.1339575e-01
5.7939476e+00   4738457  1.3495266e+00  1.3482722e+00  9.7636187e-02
6.1362572e+00   5629661  1.2395517e+00  1.2384248e+00  8.4053247e-02
6.4988210e+00   6687903  1.1402809e+00  1.1392162e+00  7.2333115e-02
6.8828355e+00   7945758  1.0509900e+00  1.0500161e+00  6.2232613e-02
7.2895050e+00   9436555  9.6733569e-01  9.6644036e-01  5.3528435e-02
7.7201584e+00  11210320  8.9066505e-01  8.8981817e-01  4.6028926e-02
8.1762927e+00  13318613  8.2042046e-01  8.1964343e-01  3.9571093e-02
8.6593661e+00  15819192  7.5526281e-01  7.5455745e-01  3.4011895e-02
9.1709925e+00  18795348  6.9489093e-01  6.9422730e-01  2.9223010e-02
9.7128705e+00  22326034  6.3819544e-01  6.3758671e-01  2.5103759e-02
1.0286736e+01  26520842  5.8549266e-01  5.8491973e-01  2.1561384e-02
1.0894484e+01  31503438  5.3650210e-01  5.3598991e-01  1.8518898e-02
1.1538156e+01  37426927  4.9178387e-01  4.9131274e-01  1.5901891e-02
1.2220385e+01  44525830  4.5048558e-01  4.5005145e-01  1.3649957e-02
