# Power spectrum from CO𝘕CEPT job 4547566 at t = 3.6250178 Gyr, a = 0.35714286
#
# Components:
#   0: matter  (upstream grid size 1024)
#
#                           grid size 1024
# ╭────────────────────────────────────────────────────────────────╮
#                         component 0    (corrected)      (linear)
#                        σ₈ = 3.43e-01  σ₈ = 3.43e-01  σ₈ = 3.36e-01
#  k [Mpc⁻¹]    modes       P [Mpc³]       P [Mpc³]       P [Mpc³]
2.4543693e-02         3  9.9887372e+03  9.9887372e+03  1.0085928e+04
4.6570361e-02        25  5.3497706e+03  5.4349845e+03  5.4626742e+03
8.3521561e-02       124  2.3582856e+03  2.3109807e+03  2.3439267e+03
1.3383638e-01       418  1.1028392e+03  1.0919599e+03  1.0376350e+03
1.8592088e-01       730  5.9924525e+02  6.1233776e+02  5.8605520e+02
2.3260504e-01      1012  4.1725988e+02  4.1419122e+02  3.5272727e+02
2.7635505e-01      1408  3.1348868e+02  3.1387626e+02  2.5561677e+02
3.1919121e-01      1841  2.4043176e+02  2.3912571e+02  1.8319106e+02
3.6464415e-01      2698  1.8938168e+02  1.8819534e+02  1.3904522e+02
4.1290034e-01      3532  1.5291560e+02  1.5417285e+02  1.0792729e+02
4.6319578e-01      4702  1.2485304e+02  1.2247872e+02  7.9757305e+01
5.1570195e-01      6019  1.0576814e+02  1.0695419e+02  6.6191832e+01
5.7047444e-01      7766  8.9017600e+01  8.8926106e+01  5.1191527e+01
6.2844883e-01     10012  7.8260619e+01  7.7024357e+01  4.0327579e+01
6.8955465e-01     12589  6.7932050e+01  6.8133119e+01  3.3489624e+01
7.5323141e-01     15650  5.9680987e+01  6.0190130e+01  2.7344849e+01
8.2032763e-01     19757  5.1767521e+01  5.1604431e+01  2.1989511e+01
8.9088605e-01     24241  4.6764968e+01  4.6290991e+01  1.7973616e+01
9.6481958e-01     29993  4.1364425e+01  4.1027628e+01  1.4935389e+01
1.0423453e+00     36494  3.7301174e+01  3.7096341e+01  1.2452881e+01
1.1237267e+00     44825  3.3949952e+01  3.3804678e+01  1.0409531e+01
1.2089588e+00     53906  3.0997760e+01  3.0912210e+01  8.7332942e+00
1.2983336e+00     65729  2.8195924e+01  2.8116277e+01  7.3403146e+00
1.3921058e+00     78746  2.5879787e+01  2.5798122e+01  6.1880143e+00
1.4900211e+00     94374  2.3675191e+01  2.3601767e+01  5.2354702e+00
1.5921784e+00    112166  2.1921541e+01  2.1903234e+01  4.4541728e+00
1.6991083e+00    134373  2.0064139e+01  2.0066714e+01  3.7986169e+00
1.8110248e+00    159077  1.8583087e+01  1.8558238e+01  3.2384409e+00
1.9277595e+00    188172  1.7201686e+01  1.7180444e+01  2.7726355e+00
2.0497441e+00    222492  1.5975189e+01  1.5968415e+01  2.3805245e+00
2.1771282e+00    261771  1.4906022e+01  1.4893136e+01  2.0460943e+00
2.3098450e+00    306759  1.3815038e+01  1.3804377e+01  1.7636839e+00
2.4484375e+00    360898  1.2871668e+01  1.2860786e+01  1.5229215e+00
2.5937215e+00    425046  1.1969254e+01  1.1959280e+01  1.3166850e+00
2.7470320e+00    505555  1.1110392e+01  1.1100563e+01  1.1384692e+00
2.9094444e+00    600292  1.0271902e+01  1.0262681e+01  9.8400771e-01
3.0813867e+00    712930  9.5236186e+00  9.5151887e+00  8.5029024e-01
3.2634403e+00    846715  8.8135286e+00  8.8056917e+00  7.3447637e-01
3.4562097e+00   1005596  8.1209172e+00  8.1137773e+00  6.3425945e-01
3.6603648e+00   1194719  7.4605610e+00  7.4539522e+00  5.4751747e-01
3.8766358e+00   1419743  6.8408267e+00  6.8346806e+00  4.7245330e-01
4.1057220e+00   1686576  6.2576057e+00  6.2519904e+00  4.0755764e-01
4.3483372e+00   2003484  5.6889388e+00  5.6838129e+00  3.5146170e-01
4.6052142e+00   2378778  5.1885412e+00  5.1838384e+00  3.0299135e-01
4.8773359e+00   2828400  4.7036703e+00  4.6993807e+00  2.6112383e-01
5.1655179e+00   3356890  4.2658680e+00  4.2619754e+00  2.2498054e-01
5.4707002e+00   3990317  3.8584747e+00  3.8549544e+00  1.9378824e-01
5.7939476e+00   4738457  3.4832542e+00  3.4800166e+00  1.6685545e-01
6.1362572e+00   5629661  3.1442740e+00  3.1414156e+00  1.4364248e-01
6.4988210e+00   6687903  2.8301954e+00  2.8275531e+00  1.2361302e-01
6.8828355e+00   7945758  2.5488913e+00  2.5465293e+00  1.0635149e-01
7.2895050e+00   9436555  2.2926932e+00  2.2905712e+00  9.1476266e-02
7.7201584e+00  11210320  2.0589541e+00  2.0569963e+00  7.8659800e-02
8.1762927e+00  13318613  1.8477825e+00  1.8460324e+00  6.7623542e-02
8.6593661e+00  15819192  1.6581821e+00  1.6566335e+00  5.8123041e-02
9.1709925e+00  18795348  1.4851803e+00  1.4837619e+00  4.9938994e-02
9.7128705e+00  22326034  1.3299162e+00  1.3286477e+00  4.2899341e-02
1.0286736e+01  26520842  1.1908949e+00  1.1897296e+00  3.6845558e-02
1.0894484e+01  31503438  1.0643007e+00  1.0632846e+00  3.1646076e-02
1.1538156e+01  37426927  9.5236418e-01  9.5145182e-01  2.7173733e-02
1.2220385e+01  44525830  8.5215003e-01  8.5132882e-01  2.3325293e-02
