# Power spectrum from CO𝘕CEPT job 4547566 at t = 13.790224 Gyr, a = 1
#
# Components:
#   0: matter  (upstream grid size 1024)
#
#                           grid size 1024
# ╭────────────────────────────────────────────────────────────────╮
#                         component 0    (corrected)      (linear)
#                        σ₈ = 8.24e-01  σ₈ = 8.23e-01  σ₈ = 7.49e-01
#  k [Mpc⁻¹]    modes       P [Mpc³]       P [Mpc³]       P [Mpc³]
2.4543693e-02         3  4.8817594e+04  4.8817594e+04  5.0322050e+04
4.6570361e-02        25  2.6117106e+04  2.6533113e+04  2.7243070e+04
8.3521561e-02       124  1.2451374e+04  1.2201612e+04  1.1687420e+04
1.3383638e-01       418  6.2150207e+03  6.1537108e+03  5.1736152e+03
1.8592088e-01       730  3.7368882e+03  3.8185330e+03  2.9219971e+03
2.3260504e-01      1012  2.8228098e+03  2.8020500e+03  1.7586401e+03
2.7635505e-01      1408  2.3222932e+03  2.3251644e+03  1.2744580e+03
3.1919121e-01      1841  2.0761254e+03  2.0648476e+03  9.1335457e+02
3.6464415e-01      2698  1.7175846e+03  1.7068252e+03  6.9325091e+02
4.1290034e-01      3532  1.5540965e+03  1.5668741e+03  5.3810259e+02
4.6319578e-01      4702  1.3332143e+03  1.3078607e+03  3.9765263e+02
5.1570195e-01      6019  1.2013343e+03  1.2148058e+03  3.3001787e+02
5.7047444e-01      7766  1.1137376e+03  1.1125929e+03  2.5522951e+02
6.2844883e-01     10012  1.0081497e+03  9.9222425e+02  2.0106418e+02
6.8955465e-01     12589  9.0879345e+02  9.1148335e+02  1.6697161e+02
7.5323141e-01     15650  8.3527663e+02  8.4240244e+02  1.3633511e+02
8.2032763e-01     19757  7.6799343e+02  7.6557392e+02  1.0963459e+02
8.9088605e-01     24241  7.1207163e+02  7.0485457e+02  8.9612240e+01
9.6481958e-01     29993  6.4408876e+02  6.3884447e+02  7.4464323e+01
1.0423453e+00     36494  5.9553393e+02  5.9226366e+02  6.2087103e+01
1.1237267e+00     44825  5.4073349e+02  5.3841966e+02  5.1899426e+01
1.2089588e+00     53906  4.9628244e+02  4.9491277e+02  4.3542095e+01
1.2983336e+00     65729  4.5605429e+02  4.5476605e+02  3.6597019e+01
1.3921058e+00     78746  4.1512480e+02  4.1381486e+02  3.0851917e+01
1.4900211e+00     94374  3.7965033e+02  3.7847292e+02  2.6102753e+01
1.5921784e+00    112166  3.4673147e+02  3.4644191e+02  2.2207387e+01
1.6991083e+00    134373  3.1419810e+02  3.1423843e+02  1.8938938e+01
1.8110248e+00    159077  2.8598688e+02  2.8560447e+02  1.6146033e+01
1.9277595e+00    188172  2.6081280e+02  2.6049072e+02  1.3823637e+01
2.0497441e+00    222492  2.3735112e+02  2.3725046e+02  1.1868664e+01
2.1771282e+00    261771  2.1582661e+02  2.1564004e+02  1.0201275e+01
2.3098450e+00    306759  1.9521664e+02  1.9506600e+02  8.7932445e+00
2.4484375e+00    360898  1.7682790e+02  1.7667840e+02  7.5928609e+00
2.5937215e+00    425046  1.6076494e+02  1.6063097e+02  6.5646154e+00
2.7470320e+00    505555  1.4516692e+02  1.4503851e+02  5.6760750e+00
2.9094444e+00    600292  1.3185505e+02  1.3173669e+02  4.9059679e+00
3.0813867e+00    712930  1.1932967e+02  1.1922404e+02  4.2392857e+00
3.2634403e+00    846715  1.0737170e+02  1.0727623e+02  3.6618666e+00
3.4562097e+00   1005596  9.6759116e+01  9.6674045e+01  3.1622102e+00
3.6603648e+00   1194719  8.6985300e+01  8.6908246e+01  2.7297367e+00
3.8766358e+00   1419743  7.8173819e+01  7.8103583e+01  2.3554861e+00
4.1057220e+00   1686576  7.0298968e+01  7.0235884e+01  2.0319332e+00
4.3483372e+00   2003484  6.3111529e+01  6.3054664e+01  1.7522536e+00
4.6052142e+00   2378778  5.6513184e+01  5.6461961e+01  1.5105935e+00
4.8773359e+00   2828400  5.0697527e+01  5.0651293e+01  1.3018534e+00
5.1655179e+00   3356890  4.5320573e+01  4.5279218e+01  1.1216531e+00
5.4707002e+00   3990317  4.0452780e+01  4.0415873e+01  9.6613713e-01
5.7939476e+00   4738457  3.6054665e+01  3.6021154e+01  8.3185809e-01
6.1362572e+00   5629661  3.2113436e+01  3.2084242e+01  7.1612513e-01
6.4988210e+00   6687903  2.8599306e+01  2.8572604e+01  6.1626440e-01
6.8828355e+00   7945758  2.5454979e+01  2.5431391e+01  5.3020387e-01
7.2895050e+00   9436555  2.2634196e+01  2.2613247e+01  4.5604085e-01
7.7201584e+00  11210320  2.0131340e+01  2.0112198e+01  3.9214230e-01
8.1762927e+00  13318613  1.7900855e+01  1.7883901e+01  3.3711941e-01
8.6593661e+00  15819192  1.5858290e+01  1.5843480e+01  2.8975341e-01
9.1709925e+00  18795348  1.4053700e+01  1.4040278e+01  2.4895092e-01
9.7128705e+00  22326034  1.2467112e+01  1.2455220e+01  2.1385407e-01
1.0286736e+01  26520842  1.1024060e+01  1.1013272e+01  1.8367249e-01
1.0894484e+01  31503438  9.7422508e+00  9.7329500e+00  1.5775021e-01
1.1538156e+01  37426927  8.5947683e+00  8.5865346e+00  1.3545324e-01
1.2220385e+01  44525830  7.5810635e+00  7.5737577e+00  1.1626690e-01
