# Power spectrum from CO𝘕CEPT job 4547566 at t = 6.7615025 Gyr, a = 0.55555556
#
# Components:
#   0: matter  (upstream grid size 1024)
#
#                           grid size 1024
# ╭────────────────────────────────────────────────────────────────╮
#                         component 0    (corrected)      (linear)
#                        σ₈ = 5.23e-01  σ₈ = 5.23e-01  σ₈ = 4.99e-01
#  k [Mpc⁻¹]    modes       P [Mpc³]       P [Mpc³]       P [Mpc³]
2.4543693e-02         3  2.1966932e+04  2.1966932e+04  2.2338582e+04
4.6570361e-02        25  1.1774457e+04  1.1962006e+04  1.2096562e+04
8.3521561e-02       124  5.2824901e+03  5.1765286e+03  5.1900254e+03
1.3383638e-01       418  2.5364201e+03  2.5113988e+03  2.2975244e+03
1.8592088e-01       730  1.4305488e+03  1.4618039e+03  1.2976299e+03
2.3260504e-01      1012  1.0387517e+03  1.0311124e+03  7.8099829e+02
2.7635505e-01      1408  8.1252670e+02  8.1353126e+02  5.6597822e+02
3.1919121e-01      1841  6.6385602e+02  6.6024987e+02  4.0561522e+02
3.6464415e-01      2698  5.2812950e+02  5.2482116e+02  3.0786885e+02
4.1290034e-01      3532  4.5968791e+02  4.6346740e+02  2.3896854e+02
4.6319578e-01      4702  3.9102361e+02  3.8358755e+02  1.7659555e+02
5.1570195e-01      6019  3.3861865e+02  3.4241582e+02  1.4655936e+02
5.7047444e-01      7766  2.9249973e+02  2.9219909e+02  1.1334624e+02
6.2844883e-01     10012  2.6014839e+02  2.5603889e+02  8.9291702e+01
6.8955465e-01     12589  2.3653486e+02  2.3723497e+02  7.4151364e+01
7.5323141e-01     15650  2.1433583e+02  2.1616435e+02  6.0545841e+01
8.2032763e-01     19757  1.8963592e+02  1.8903848e+02  4.8688263e+01
8.9088605e-01     24241  1.7566395e+02  1.7388355e+02  3.9796428e+01
9.6481958e-01     29993  1.6005130e+02  1.5874813e+02  3.3069307e+01
1.0423453e+00     36494  1.4682411e+02  1.4601785e+02  2.7572638e+01
1.1237267e+00     44825  1.3570868e+02  1.3512797e+02  2.3048335e+01
1.2089588e+00     53906  1.2590001e+02  1.2555255e+02  1.9336880e+01
1.2983336e+00     65729  1.1680588e+02  1.1647593e+02  1.6252602e+01
1.3921058e+00     78746  1.0773504e+02  1.0739508e+02  1.3701226e+01
1.4900211e+00     94374  9.9315423e+01  9.9007415e+01  1.1592142e+01
1.5921784e+00    112166  9.1449706e+01  9.1373337e+01  9.8622255e+00
1.6991083e+00    134373  8.4249370e+01  8.4260185e+01  8.4107208e+00
1.8110248e+00    159077  7.7616982e+01  7.7513195e+01  7.1704027e+00
1.9277595e+00    188172  7.1300322e+01  7.1212272e+01  6.1390359e+00
2.0497441e+00    222492  6.5368270e+01  6.5340549e+01  5.2708403e+00
2.1771282e+00    261771  5.9993373e+01  5.9941512e+01  4.5303592e+00
2.3098450e+00    306759  5.4924883e+01  5.4882500e+01  3.9050583e+00
2.4484375e+00    360898  5.0049715e+01  5.0007401e+01  3.3719725e+00
2.5937215e+00    425046  4.5775089e+01  4.5736943e+01  2.9153325e+00
2.7470320e+00    505555  4.1684483e+01  4.1647609e+01  2.5207350e+00
2.9094444e+00    600292  3.8056346e+01  3.8022184e+01  2.1787332e+00
3.0813867e+00    712930  3.4480284e+01  3.4449764e+01  1.8826619e+00
3.2634403e+00    846715  3.1336850e+01  3.1308986e+01  1.6262321e+00
3.4562097e+00   1005596  2.8275501e+01  2.8250641e+01  1.4043364e+00
3.6603648e+00   1194719  2.5410035e+01  2.5387526e+01  1.2122763e+00
3.8766358e+00   1419743  2.2834535e+01  2.2814020e+01  1.0460728e+00
4.1057220e+00   1686576  2.0545338e+01  2.0526901e+01  9.0238392e-01
4.3483372e+00   2003484  1.8454055e+01  1.8437427e+01  7.7817902e-01
4.6052142e+00   2378778  1.6574626e+01  1.6559603e+01  6.7085839e-01
4.8773359e+00   2828400  1.4800018e+01  1.4786521e+01  5.7815746e-01
5.1655179e+00   3356890  1.3242749e+01  1.3230665e+01  4.9813090e-01
5.4707002e+00   3990317  1.1824917e+01  1.1814128e+01  4.2906658e-01
5.7939476e+00   4738457  1.0533503e+01  1.0523712e+01  3.6943350e-01
6.1362572e+00   5629661  9.3948744e+00  9.3863336e+00  3.1803666e-01
6.4988210e+00   6687903  8.3704046e+00  8.3625896e+00  2.7368863e-01
6.8828355e+00   7945758  7.4622444e+00  7.4553294e+00  2.3546922e-01
7.2895050e+00   9436555  6.6281325e+00  6.6219977e+00  2.0253344e-01
7.7201584e+00  11210320  5.8844314e+00  5.8788363e+00  1.7415609e-01
8.1762927e+00  13318613  5.2245996e+00  5.2196513e+00  1.4972039e-01
8.6593661e+00  15819192  4.6384103e+00  4.6340784e+00  1.2868509e-01
9.1709925e+00  18795348  4.1068212e+00  4.1028991e+00  1.1056462e-01
9.7128705e+00  22326034  3.6368164e+00  3.6333475e+00  9.4978015e-02
1.0286736e+01  26520842  3.2194800e+00  3.2163296e+00  8.1574269e-02
1.0894484e+01  31503438  2.8492883e+00  2.8465682e+00  7.0062068e-02
1.1538156e+01  37426927  2.5187357e+00  2.5163228e+00  6.0159860e-02
1.2220385e+01  44525830  2.2254151e+00  2.2232705e+00  5.1639071e-02
