# Power spectrum from CO𝘕CEPT job 4547566 at t = 4.527675 Gyr, a = 0.41666667
#
# Components:
#   0: matter  (upstream grid size 1024)
#
#                           grid size 1024
# ╭────────────────────────────────────────────────────────────────╮
#                         component 0    (corrected)      (linear)
#                        σ₈ = 3.99e-01  σ₈ = 3.99e-01  σ₈ = 3.87e-01
#  k [Mpc⁻¹]    modes       P [Mpc³]       P [Mpc³]       P [Mpc³]
2.4543693e-02         3  1.3292193e+04  1.3292193e+04  1.3449667e+04
4.6570361e-02        25  7.1218796e+03  7.2353206e+03  7.2840568e+03
8.3521561e-02       124  3.1511583e+03  3.0879492e+03  3.1253737e+03
1.3383638e-01       418  1.4871261e+03  1.4724559e+03  1.3835644e+03
1.8592088e-01       730  8.1660513e+02  8.3444660e+02  7.8143396e+02
2.3260504e-01      1012  5.7699273e+02  5.7274935e+02  4.7031886e+02
2.7635505e-01      1408  4.3821875e+02  4.3876054e+02  3.4083366e+02
3.1919121e-01      1841  3.4327849e+02  3.4141375e+02  2.4426277e+02
3.6464415e-01      2698  2.7126310e+02  2.6956383e+02  1.8539969e+02
4.1290034e-01      3532  2.2455352e+02  2.2639977e+02  1.4390773e+02
4.6319578e-01      4702  1.8548015e+02  1.8195289e+02  1.0634652e+02
5.1570195e-01      6019  1.5754043e+02  1.5930705e+02  8.8258625e+01
5.7047444e-01      7766  1.3404299e+02  1.3390521e+02  6.8257568e+01
6.2844883e-01     10012  1.1933931e+02  1.1745414e+02  5.3771832e+01
6.8955465e-01     12589  1.0507885e+02  1.0538987e+02  4.4654264e+01
7.5323141e-01     15650  9.3741065e+01  9.4540776e+01  3.6460965e+01
8.2032763e-01     19757  8.1951662e+01  8.1693479e+01  2.9320284e+01
8.9088605e-01     24241  7.4979042e+01  7.4219107e+01  2.3965585e+01
9.6481958e-01     29993  6.6726232e+01  6.6182935e+01  1.9914485e+01
1.0423453e+00     36494  6.1113485e+01  6.0777891e+01  1.6604368e+01
1.1237267e+00     44825  5.5590106e+01  5.5352232e+01  1.3879814e+01
1.2089588e+00     53906  5.1453823e+01  5.1311818e+01  1.1644760e+01
1.2983336e+00     65729  4.7132529e+01  4.6999391e+01  9.7873945e+00
1.3921058e+00     78746  4.3496539e+01  4.3359283e+01  8.2509449e+00
1.4900211e+00     94374  3.9971045e+01  3.9847082e+01  6.9808455e+00
1.5921784e+00    112166  3.7245735e+01  3.7214631e+01  5.9390824e+00
1.6991083e+00    134373  3.4358789e+01  3.4363199e+01  5.0649799e+00
1.8110248e+00    159077  3.1792977e+01  3.1750464e+01  4.3180549e+00
1.9277595e+00    188172  2.9514770e+01  2.9478322e+01  3.6969611e+00
2.0497441e+00    222492  2.7291400e+01  2.7279827e+01  3.1741299e+00
2.1771282e+00    261771  2.5266607e+01  2.5244766e+01  2.7282087e+00
2.3098450e+00    306759  2.3439284e+01  2.3421197e+01  2.3516497e+00
2.4484375e+00    360898  2.1638358e+01  2.1620064e+01  2.0306229e+00
2.5937215e+00    425046  2.0047322e+01  2.0030615e+01  1.7556322e+00
2.7470320e+00    505555  1.8521503e+01  1.8505118e+01  1.5180037e+00
2.9094444e+00    600292  1.7038151e+01  1.7022857e+01  1.3120485e+00
3.0813867e+00    712930  1.5682725e+01  1.5668843e+01  1.1337530e+00
3.2634403e+00    846715  1.4370182e+01  1.4357404e+01  9.7932965e-01
3.4562097e+00   1005596  1.3137449e+01  1.3125899e+01  8.4570292e-01
3.6603648e+00   1194719  1.1977322e+01  1.1966712e+01  7.3004335e-01
3.8766358e+00   1419743  1.0863949e+01  1.0854188e+01  6.2995469e-01
4.1057220e+00   1686576  9.9107710e+00  9.9018775e+00  5.4342448e-01
4.3483372e+00   2003484  8.9569109e+00  8.9488404e+00  4.6862759e-01
4.6052142e+00   2378778  8.0968515e+00  8.0895126e+00  4.0399849e-01
4.8773359e+00   2828400  7.3149320e+00  7.3082611e+00  3.4817343e-01
5.1655179e+00   3356890  6.5786567e+00  6.5726537e+00  2.9998094e-01
5.4707002e+00   3990317  5.9219316e+00  5.9165286e+00  2.5838997e-01
5.7939476e+00   4738457  5.3159247e+00  5.3109837e+00  2.2247852e-01
6.1362572e+00   5629661  4.7667488e+00  4.7624154e+00  1.9152699e-01
6.4988210e+00   6687903  4.2728656e+00  4.2688763e+00  1.6482027e-01
6.8828355e+00   7945758  3.8223800e+00  3.8188379e+00  1.4180425e-01
7.2895050e+00   9436555  3.4137283e+00  3.4105686e+00  1.2197005e-01
7.7201584e+00  11210320  3.0521365e+00  3.0492344e+00  1.0488096e-01
8.1762927e+00  13318613  2.7190960e+00  2.7165207e+00  9.0165558e-02
8.6593661e+00  15819192  2.4235015e+00  2.4212382e+00  7.7497891e-02
9.1709925e+00  18795348  2.1556477e+00  2.1535890e+00  6.6585552e-02
9.7128705e+00  22326034  1.9154802e+00  1.9136532e+00  5.7199117e-02
1.0286736e+01  26520842  1.7039900e+00  1.7023226e+00  4.9127216e-02
1.0894484e+01  31503438  1.5147069e+00  1.5132608e+00  4.2194415e-02
1.1538156e+01  37426927  1.3467016e+00  1.3454114e+00  3.6231162e-02
1.2220385e+01  44525830  1.1973991e+00  1.1962452e+00  3.1099807e-02
