# Power spectrum from CO𝘕CEPT job 4547566 at t = 6.2820103 Gyr, a = 0.52631579
#
# Components:
#   0: matter  (upstream grid size 1024)
#
#                           grid size 1024
# ╭────────────────────────────────────────────────────────────────╮
#                         component 0    (corrected)      (linear)
#                        σ₈ = 4.98e-01  σ₈ = 4.97e-01  σ₈ = 4.77e-01
#  k [Mpc⁻¹]    modes       P [Mpc³]       P [Mpc³]       P [Mpc³]
2.4543693e-02         3  2.0067705e+04  2.0067705e+04  2.0385821e+04
4.6570361e-02        25  1.0756209e+04  1.0927540e+04  1.1039394e+04
8.3521561e-02       124  4.8090955e+03  4.7126299e+03  4.7364931e+03
1.3383638e-01       418  2.3016242e+03  2.2789191e+03  2.0967609e+03
1.8592088e-01       730  1.2909347e+03  1.3191395e+03  1.1842409e+03
2.3260504e-01      1012  9.3268379e+02  9.2582455e+02  7.1275368e+02
2.7635505e-01      1408  7.2487987e+02  7.2577607e+02  5.1652244e+02
3.1919121e-01      1841  5.8739878e+02  5.8420795e+02  3.7017218e+02
3.6464415e-01      2698  4.6659952e+02  4.6367662e+02  2.8096701e+02
4.1290034e-01      3532  4.0292559e+02  4.0623840e+02  2.1808728e+02
4.6319578e-01      4702  3.4026813e+02  3.3379728e+02  1.6116450e+02
5.1570195e-01      6019  2.9279526e+02  2.9607859e+02  1.3375290e+02
5.7047444e-01      7766  2.5167641e+02  2.5141773e+02  1.0344197e+02
6.2844883e-01     10012  2.2486793e+02  2.2131575e+02  8.1489335e+01
6.8955465e-01     12589  2.0309160e+02  2.0369273e+02  6.7671971e+01
7.5323141e-01     15650  1.8341270e+02  1.8497741e+02  5.5255308e+01
8.2032763e-01     19757  1.6219355e+02  1.6168257e+02  4.4433854e+01
8.9088605e-01     24241  1.5031234e+02  1.4878888e+02  3.6318994e+01
9.6481958e-01     29993  1.3628871e+02  1.3517902e+02  3.0179692e+01
1.0423453e+00     36494  1.2566593e+02  1.2497586e+02  2.5163326e+01
1.1237267e+00     44825  1.1558319e+02  1.1508860e+02  2.1034360e+01
1.2089588e+00     53906  1.0707827e+02  1.0678275e+02  1.7647214e+01
1.2983336e+00     65729  9.9196115e+01  9.8915911e+01  1.4832442e+01
1.3921058e+00     78746  9.0998684e+01  9.0711534e+01  1.2504006e+01
1.4900211e+00     94374  8.3925643e+01  8.3665364e+01  1.0579215e+01
1.5921784e+00    112166  7.7105959e+01  7.7041568e+01  9.0004604e+00
1.6991083e+00    134373  7.1213317e+01  7.1222458e+01  7.6757890e+00
1.8110248e+00    159077  6.5849815e+01  6.5761763e+01  6.5438506e+00
1.9277595e+00    188172  6.0600486e+01  6.0525650e+01  5.6026051e+00
2.0497441e+00    222492  5.5712948e+01  5.5689321e+01  4.8102730e+00
2.1771282e+00    261771  5.1416412e+01  5.1371965e+01  4.1344955e+00
2.3098450e+00    306759  4.7051221e+01  4.7014914e+01  3.5638337e+00
2.4484375e+00    360898  4.3201524e+01  4.3164999e+01  3.0773292e+00
2.5937215e+00    425046  3.9653814e+01  3.9620768e+01  2.6605906e+00
2.7470320e+00    505555  3.6217532e+01  3.6185494e+01  2.3004732e+00
2.9094444e+00    600292  3.3075124e+01  3.3045433e+01  1.9883557e+00
3.0813867e+00    712930  3.0045530e+01  3.0018936e+01  1.7181553e+00
3.2634403e+00    846715  2.7239270e+01  2.7215049e+01  1.4841324e+00
3.4562097e+00   1005596  2.4685786e+01  2.4664082e+01  1.2816260e+00
3.6603648e+00   1194719  2.2305473e+01  2.2285714e+01  1.1063483e+00
3.8766358e+00   1419743  2.0121148e+01  2.0103070e+01  9.5466763e-01
4.1057220e+00   1686576  1.8105697e+01  1.8089450e+01  8.2353436e-01
4.3483372e+00   2003484  1.6296288e+01  1.6281605e+01  7.1018252e-01
4.6052142e+00   2378778  1.4649742e+01  1.4636463e+01  6.1223959e-01
4.8773359e+00   2828400  1.3078024e+01  1.3066097e+01  5.2763888e-01
5.1655179e+00   3356890  1.1700025e+01  1.1689349e+01  4.5460505e-01
5.4707002e+00   3990317  1.0468231e+01  1.0458680e+01  3.9157557e-01
5.7939476e+00   4738457  9.3521065e+00  9.3434140e+00  3.3715323e-01
6.1362572e+00   5629661  8.3422945e+00  8.3347106e+00  2.9024744e-01
6.4988210e+00   6687903  7.4302784e+00  7.4233411e+00  2.4977453e-01
6.8828355e+00   7945758  6.6229055e+00  6.6167683e+00  2.1489472e-01
7.2895050e+00   9436555  5.8873305e+00  5.8818814e+00  1.8483686e-01
7.7201584e+00  11210320  5.2307635e+00  5.2257900e+00  1.5893911e-01
8.1762927e+00  13318613  4.6417722e+00  4.6373759e+00  1.3663858e-01
8.6593661e+00  15819192  4.1238761e+00  4.1200247e+00  1.1744133e-01
9.1709925e+00  18795348  3.6579601e+00  3.6544667e+00  1.0090421e-01
9.7128705e+00  22326034  3.2394724e+00  3.2363825e+00  8.6679539e-02
1.0286736e+01  26520842  2.8723924e+00  2.8695816e+00  7.4446992e-02
1.0894484e+01  31503438  2.5448519e+00  2.5424224e+00  6.3940707e-02
1.1538156e+01  37426927  2.2491807e+00  2.2470260e+00  5.4903734e-02
1.2220385e+01  44525830  1.9892358e+00  1.9873188e+00  4.7127471e-02
