# Power spectrum from CO𝘕CEPT job 4547566 at t = 2.613361 Gyr, a = 0.28571429
#
# Components:
#   0: matter  (upstream grid size 1024)
#
#                           grid size 1024
# ╭────────────────────────────────────────────────────────────────╮
#                         component 0    (corrected)      (linear)
#                        σ₈ = 2.75e-01  σ₈ = 2.75e-01  σ₈ = 2.71e-01
#  k [Mpc⁻¹]    modes       P [Mpc³]       P [Mpc³]       P [Mpc³]
2.4543693e-02         3  6.5260531e+03  6.5260531e+03  6.5738141e+03
4.6570361e-02        25  3.4929666e+03  3.5486044e+03  3.5607646e+03
8.3521561e-02       124  1.5359497e+03  1.5051401e+03  1.5278997e+03
1.3383638e-01       418  7.0934323e+02  7.0234570e+02  6.7639343e+02
1.8592088e-01       730  3.8168367e+02  3.9002283e+02  3.8202745e+02
2.3260504e-01      1012  2.6036293e+02  2.5844814e+02  2.2992997e+02
2.7635505e-01      1408  1.9331132e+02  1.9355032e+02  1.6662730e+02
3.1919121e-01      1841  1.4432219e+02  1.4353821e+02  1.1941565e+02
3.6464415e-01      2698  1.1306069e+02  1.1235245e+02  9.0638596e+01
4.1290034e-01      3532  8.9098477e+01  8.9831033e+01  7.0353944e+01
4.6319578e-01      4702  7.1286442e+01  6.9930794e+01  5.1990946e+01
5.1570195e-01      6019  6.0149333e+01  6.0823831e+01  4.3148103e+01
5.7047444e-01      7766  4.9674831e+01  4.9623775e+01  3.3369941e+01
6.2844883e-01     10012  4.2943622e+01  4.2265253e+01  2.6288121e+01
6.8955465e-01     12589  3.6266970e+01  3.6374315e+01  2.1830702e+01
7.5323141e-01     15650  3.1271961e+01  3.1538745e+01  1.7825142e+01
8.2032763e-01     19757  2.6902631e+01  2.6817876e+01  1.4334187e+01
8.9088605e-01     24241  2.3730107e+01  2.3489595e+01  1.1716368e+01
9.6481958e-01     29993  2.0807244e+01  2.0637828e+01  9.7358553e+00
1.0423453e+00     36494  1.8313319e+01  1.8212755e+01  8.1175965e+00
1.1237267e+00     44825  1.6424202e+01  1.6353921e+01  6.7856090e+00
1.2089588e+00     53906  1.4694465e+01  1.4653910e+01  5.6929297e+00
1.2983336e+00     65729  1.3202349e+01  1.3165056e+01  4.7848955e+00
1.3921058e+00     78746  1.1919955e+01  1.1882341e+01  4.0337516e+00
1.4900211e+00     94374  1.0751986e+01  1.0718641e+01  3.4128217e+00
1.5921784e+00    112166  9.7975888e+00  9.7894068e+00  2.9035216e+00
1.6991083e+00    134373  8.9134813e+00  8.9146255e+00  2.4761878e+00
1.8110248e+00    159077  8.1751507e+00  8.1642191e+00  2.1110288e+00
1.9277595e+00    188172  7.5010139e+00  7.4917508e+00  1.8073866e+00
2.0497441e+00    222492  6.9382335e+00  6.9352912e+00  1.5517832e+00
2.1771282e+00    261771  6.3832753e+00  6.3777574e+00  1.3337799e+00
2.3098450e+00    306759  5.8952568e+00  5.8907078e+00  1.1496864e+00
2.4484375e+00    360898  5.4649846e+00  5.4603642e+00  9.9274184e-01
2.5937215e+00    425046  5.0790123e+00  5.0747797e+00  8.5830344e-01
2.7470320e+00    505555  4.7125956e+00  4.7084268e+00  7.4213080e-01
2.9094444e+00    600292  4.3713287e+00  4.3674048e+00  6.4144272e-01
3.0813867e+00    712930  4.0434670e+00  4.0398879e+00  5.5427695e-01
3.2634403e+00    846715  3.7529860e+00  3.7496489e+00  4.7878190e-01
3.4562097e+00   1005596  3.4738832e+00  3.4708289e+00  4.1345395e-01
3.6603648e+00   1194719  3.2158854e+00  3.2130367e+00  3.5690983e-01
3.8766358e+00   1419743  2.9780651e+00  2.9753895e+00  3.0797807e-01
4.1057220e+00   1686576  2.7452937e+00  2.7428302e+00  2.6567481e-01
4.3483372e+00   2003484  2.5379968e+00  2.5357099e+00  2.2910777e-01
4.6052142e+00   2378778  2.3411229e+00  2.3390009e+00  1.9751158e-01
4.8773359e+00   2828400  2.1542377e+00  2.1522732e+00  1.7021955e-01
5.1655179e+00   3356890  1.9823530e+00  1.9805441e+00  1.4665895e-01
5.4707002e+00   3990317  1.8152511e+00  1.8135950e+00  1.2632572e-01
5.7939476e+00   4738457  1.6668463e+00  1.6652970e+00  1.0876912e-01
6.1362572e+00   5629661  1.5265999e+00  1.5252121e+00  9.3637339e-02
6.4988210e+00   6687903  1.3979122e+00  1.3966071e+00  8.0580778e-02
6.8828355e+00   7945758  1.2801390e+00  1.2789528e+00  6.9328534e-02
7.2895050e+00   9436555  1.1727742e+00  1.1716887e+00  5.9631837e-02
7.7201584e+00  11210320  1.0719077e+00  1.0708885e+00  5.1277176e-02
8.1762927e+00  13318613  9.8061395e-01  9.7968521e-01  4.4082972e-02
8.6593661e+00  15819192  8.9619560e-01  8.9535863e-01  3.7889874e-02
9.1709925e+00  18795348  8.1774345e-01  8.1696249e-01  3.2554928e-02
9.7128705e+00  22326034  7.4532364e-01  7.4461273e-01  2.7965973e-02
1.0286736e+01  26520842  6.7945927e-01  6.7879438e-01  2.4019675e-02
1.0894484e+01  31503438  6.1938872e-01  6.1879740e-01  2.0630267e-02
1.1538156e+01  37426927  5.6352753e-01  5.6298768e-01  1.7714856e-02
1.2220385e+01  44525830  5.1290150e-01  5.1240722e-01  1.5206147e-02
