# Power spectrum from CO𝘕CEPT job 4547566 at t = 2.1444682 Gyr, a = 0.25
#
# Components:
#   0: matter  (upstream grid size 1024)
#
#                           grid size 1024
# ╭────────────────────────────────────────────────────────────────╮
#                         component 0    (corrected)      (linear)
#                        σ₈ = 2.41e-01  σ₈ = 2.40e-01  σ₈ = 2.38e-01
#  k [Mpc⁻¹]    modes       P [Mpc³]       P [Mpc³]       P [Mpc³]
2.4543693e-02         3  5.0364590e+03  5.0364590e+03  5.0676153e+03
4.6570361e-02        25  2.6946399e+03  2.7375615e+03  2.7450425e+03
8.3521561e-02       124  1.1844130e+03  1.1606549e+03  1.1778971e+03
1.3383638e-01       418  5.4328396e+02  5.3792457e+02  5.2145152e+02
1.8592088e-01       730  2.9140033e+02  2.9776694e+02  2.9451660e+02
2.3260504e-01      1012  1.9649297e+02  1.9504790e+02  1.7726012e+02
2.7635505e-01      1408  1.4508885e+02  1.4526823e+02  1.2845817e+02
3.1919121e-01      1841  1.0693727e+02  1.0635637e+02  9.2061263e+01
3.6464415e-01      2698  8.3471204e+01  8.2948318e+01  6.9876141e+01
4.1290034e-01      3532  6.5191985e+01  6.5727984e+01  5.4238072e+01
4.6319578e-01      4702  5.1525564e+01  5.0545707e+01  4.0081461e+01
5.1570195e-01      6019  4.3339858e+01  4.3825859e+01  3.3264237e+01
5.7047444e-01      7766  3.5473915e+01  3.5437454e+01  2.5725944e+01
6.2844883e-01     10012  3.0315304e+01  2.9836422e+01  2.0266346e+01
6.8955465e-01     12589  2.5246304e+01  2.5321030e+01  1.6829981e+01
7.5323141e-01     15650  2.1611876e+01  2.1796249e+01  1.3741968e+01
8.2032763e-01     19757  1.8496335e+01  1.8438064e+01  1.1050681e+01
8.9088605e-01     24241  1.6094807e+01  1.5931682e+01  9.0325213e+00
9.6481958e-01     29993  1.3996615e+01  1.3882652e+01  7.5056815e+00
1.0423453e+00     36494  1.2173230e+01  1.2106383e+01  6.2581145e+00
1.1237267e+00     44825  1.0771614e+01  1.0725521e+01  5.2312431e+00
1.2089588e+00     53906  9.5620250e+00  9.5356351e+00  4.3888620e+00
1.2983336e+00     65729  8.4926841e+00  8.4686944e+00  3.6888296e+00
1.3921058e+00     78746  7.5949898e+00  7.5710234e+00  3.1097490e+00
1.4900211e+00     94374  6.7991131e+00  6.7780269e+00  2.6310544e+00
1.5921784e+00    112166  6.1241711e+00  6.1190568e+00  2.2384187e+00
1.6991083e+00    134373  5.5209602e+00  5.5216689e+00  1.9089735e+00
1.8110248e+00    159077  5.0261820e+00  5.0194611e+00  1.6274608e+00
1.9277595e+00    188172  4.5811589e+00  4.5755016e+00  1.3933733e+00
2.0497441e+00    222492  4.1844341e+00  4.1826596e+00  1.1963205e+00
2.1771282e+00    261771  3.8316670e+00  3.8283548e+00  1.0282548e+00
2.3098450e+00    306759  3.5131974e+00  3.5104864e+00  8.8633130e-01
2.4484375e+00    360898  3.2454568e+00  3.2427130e+00  7.6533768e-01
2.5937215e+00    425046  2.9962574e+00  2.9937605e+00  6.6169481e-01
2.7470320e+00    505555  2.7638933e+00  2.7614484e+00  5.7213360e-01
2.9094444e+00    600292  2.5463552e+00  2.5440695e+00  4.9450993e-01
3.0813867e+00    712930  2.3523408e+00  2.3502586e+00  4.2731102e-01
3.2634403e+00    846715  2.1790500e+00  2.1771124e+00  3.6910945e-01
3.4562097e+00   1005596  2.0210941e+00  2.0193172e+00  3.1874602e-01
3.6603648e+00   1194719  1.8738603e+00  1.8722004e+00  2.7515433e-01
3.8766358e+00   1419743  1.7295376e+00  1.7279837e+00  2.3743125e-01
4.1057220e+00   1686576  1.5987880e+00  1.5973533e+00  2.0481828e-01
4.3483372e+00   2003484  1.4735502e+00  1.4722225e+00  1.7662755e-01
4.6052142e+00   2378778  1.3613790e+00  1.3601451e+00  1.5226902e-01
4.8773359e+00   2828400  1.2539101e+00  1.2527666e+00  1.3122869e-01
5.1655179e+00   3356890  1.1574028e+00  1.1563466e+00  1.1306504e-01
5.4707002e+00   3990317  1.0669666e+00  1.0659932e+00  9.7389476e-02
5.7939476e+00   4738457  9.8433029e-01  9.8341538e-01  8.3854501e-02
6.1362572e+00   5629661  9.0919477e-01  9.0836823e-01  7.2188897e-02
6.4988210e+00   6687903  8.4085456e-01  8.4006951e-01  6.2123150e-02
6.8828355e+00   7945758  7.7945707e-01  7.7873478e-01  5.3448407e-02
7.2895050e+00   9436555  7.2448921e-01  7.2381865e-01  4.5972886e-02
7.7201584e+00  11210320  6.7393550e-01  6.7329470e-01  3.9531984e-02
8.1762927e+00  13318613  6.2791843e-01  6.2732372e-01  3.3985716e-02
8.6593661e+00  15819192  5.8572804e-01  5.8518102e-01  2.9211234e-02
9.1709925e+00  18795348  5.4556180e-01  5.4504078e-01  2.5098328e-02
9.7128705e+00  22326034  5.0701365e-01  5.0653005e-01  2.1560531e-02
1.0286736e+01  26520842  4.7101415e-01  4.7055324e-01  1.8518180e-02
1.0894484e+01  31503438  4.3713940e-01  4.3672207e-01  1.5905154e-02
1.1538156e+01  37426927  4.0495494e-01  4.0456700e-01  1.3657549e-02
1.2220385e+01  44525830  3.7497871e-01  3.7461734e-01  1.1723482e-02
