# Power spectrum from CO𝘕CEPT job 4547566 at t = 5.1231559 Gyr, a = 0.45454545
#
# Components:
#   0: matter  (upstream grid size 1024)
#
#                           grid size 1024
# ╭────────────────────────────────────────────────────────────────╮
#                         component 0    (corrected)      (linear)
#                        σ₈ = 4.34e-01  σ₈ = 4.33e-01  σ₈ = 4.19e-01
#  k [Mpc⁻¹]    modes       P [Mpc³]       P [Mpc³]       P [Mpc³]
2.4543693e-02         3  1.5550864e+04  1.5550864e+04  1.5756493e+04
4.6570361e-02        25  8.3335754e+03  8.4663169e+03  8.5330642e+03
8.3521561e-02       124  3.6987861e+03  3.6245921e+03  3.6612344e+03
1.3383638e-01       418  1.7546905e+03  1.7373808e+03  1.6207761e+03
1.8592088e-01       730  9.7055747e+02  9.9176254e+02  9.1540926e+02
2.3260504e-01      1012  6.9150216e+02  6.8641665e+02  5.5095377e+02
2.7635505e-01      1408  5.2917388e+02  5.2982812e+02  3.9926857e+02
3.1919121e-01      1841  4.1969720e+02  4.1741735e+02  2.8614084e+02
3.6464415e-01      2698  3.3224065e+02  3.3015941e+02  2.1718584e+02
4.1290034e-01      3532  2.7947562e+02  2.8177344e+02  1.6858021e+02
4.6319578e-01      4702  2.3238051e+02  2.2796135e+02  1.2457925e+02
5.1570195e-01      6019  1.9791251e+02  2.0013184e+02  1.0339024e+02
5.7047444e-01      7766  1.6901287e+02  1.6883915e+02  7.9960075e+01
6.2844883e-01     10012  1.5135283e+02  1.4896195e+02  6.2990811e+01
6.8955465e-01     12589  1.3425042e+02  1.3464779e+02  5.2310067e+01
7.5323141e-01     15650  1.2058745e+02  1.2161619e+02  4.2712057e+01
8.2032763e-01     19757  1.0600632e+02  1.0567236e+02  3.4347133e+01
8.9088605e-01     24241  9.7509995e+01  9.6521703e+01  2.8074391e+01
9.6481958e-01     29993  8.7251381e+01  8.6540964e+01  2.3328744e+01
1.0423453e+00     36494  8.0272572e+01  7.9831769e+01  1.9451121e+01
1.1237267e+00     44825  7.3010515e+01  7.2698098e+01  1.6259452e+01
1.2089588e+00     53906  6.7725243e+01  6.7538331e+01  1.3641207e+01
1.2983336e+00     65729  6.2331464e+01  6.2155393e+01  1.1465403e+01
1.3921058e+00     78746  5.7420919e+01  5.7239724e+01  9.6655347e+00
1.4900211e+00     94374  5.3164595e+01  5.2999715e+01  8.1776816e+00
1.5921784e+00    112166  4.9207161e+01  4.9166068e+01  6.9573123e+00
1.6991083e+00    134373  4.5592557e+01  4.5598410e+01  5.9333484e+00
1.8110248e+00    159077  4.2175256e+01  4.2118861e+01  5.0583659e+00
1.9277595e+00    188172  3.9107652e+01  3.9059357e+01  4.3307881e+00
2.0497441e+00    222492  3.6221723e+01  3.6206362e+01  3.7183195e+00
2.1771282e+00    261771  3.3425090e+01  3.3396197e+01  3.1959470e+00
2.3098450e+00    306759  3.0938246e+01  3.0914373e+01  2.7548284e+00
2.4484375e+00    360898  2.8515467e+01  2.8491359e+01  2.3787629e+00
2.5937215e+00    425046  2.6269526e+01  2.6247634e+01  2.0566261e+00
2.7470320e+00    505555  2.4106715e+01  2.4085391e+01  1.7782572e+00
2.9094444e+00    600292  2.2130399e+01  2.2110533e+01  1.5369919e+00
3.0813867e+00    712930  2.0266267e+01  2.0248328e+01  1.3281283e+00
3.2634403e+00    846715  1.8457279e+01  1.8440867e+01  1.1472298e+00
3.4562097e+00   1005596  1.6823243e+01  1.6808452e+01  9.9069333e-01
3.6603648e+00   1194719  1.5275158e+01  1.5261627e+01  8.5520443e-01
3.8766358e+00   1419743  1.3840800e+01  1.3828365e+01  7.3795602e-01
4.1057220e+00   1686576  1.2502069e+01  1.2490850e+01  6.3659061e-01
4.3483372e+00   2003484  1.1271567e+01  1.1261411e+01  5.4897014e-01
4.6052142e+00   2378778  1.0146351e+01  1.0137154e+01  4.7326069e-01
4.8773359e+00   2828400  9.1088199e+00  9.1005130e+00  4.0786470e-01
5.1655179e+00   3356890  8.1814707e+00  8.1740052e+00  3.5140985e-01
5.4707002e+00   3990317  7.3404098e+00  7.3337127e+00  3.0268832e-01
5.7939476e+00   4738457  6.5584599e+00  6.5523640e+00  2.6062005e-01
6.1362572e+00   5629661  5.8681382e+00  5.8628035e+00  2.2436205e-01
6.4988210e+00   6687903  5.2391243e+00  5.2342328e+00  1.9307662e-01
6.8828355e+00   7945758  4.6727359e+00  4.6684059e+00  1.6611464e-01
7.2895050e+00   9436555  4.1653790e+00  4.1615236e+00  1.4288000e-01
7.7201584e+00  11210320  3.7073033e+00  3.7037782e+00  1.2286110e-01
8.1762927e+00  13318613  3.2969765e+00  3.2938539e+00  1.0562284e-01
8.6593661e+00  15819192  2.9329772e+00  2.9302380e+00  9.0783393e-02
9.1709925e+00  18795348  2.6074754e+00  2.6049852e+00  7.8000219e-02
9.7128705e+00  22326034  2.3169907e+00  2.3147807e+00  6.7004558e-02
1.0286736e+01  26520842  2.0558234e+00  2.0538117e+00  5.7548802e-02
1.0894484e+01  31503438  1.8240576e+00  1.8223162e+00  4.9427439e-02
1.1538156e+01  37426927  1.6190790e+00  1.6175280e+00  4.2441847e-02
1.2220385e+01  44525830  1.4360600e+00  1.4346761e+00  3.6430779e-02
