# Power spectrum from CO𝘕CEPT job 4547566 at t = 4.8107345 Gyr, a = 0.43478261
#
# Components:
#   0: matter  (upstream grid size 1024)
#
#                           grid size 1024
# ╭────────────────────────────────────────────────────────────────╮
#                         component 0    (corrected)      (linear)
#                        σ₈ = 4.16e-01  σ₈ = 4.15e-01  σ₈ = 4.03e-01
#  k [Mpc⁻¹]    modes       P [Mpc³]       P [Mpc³]       P [Mpc³]
2.4543693e-02         3  1.4359221e+04  1.4359221e+04  1.4538759e+04
4.6570361e-02        25  7.6943093e+03  7.8168683e+03  7.8737422e+03
8.3521561e-02       124  3.4092728e+03  3.3408862e+03  3.3783673e+03
1.3383638e-01       418  1.6130412e+03  1.5971289e+03  1.4955583e+03
1.8592088e-01       730  8.8880399e+02  9.0822288e+02  8.4468730e+02
2.3260504e-01      1012  6.3056886e+02  6.2593146e+02  5.0838877e+02
2.7635505e-01      1408  4.8061132e+02  4.8120552e+02  3.6842236e+02
3.1919121e-01      1841  3.7876718e+02  3.7670966e+02  2.6403454e+02
3.6464415e-01      2698  2.9956536e+02  2.9768881e+02  2.0040679e+02
4.1290034e-01      3532  2.4991349e+02  2.5196825e+02  1.5555627e+02
4.6319578e-01      4702  2.0707676e+02  2.0313880e+02  1.1495468e+02
5.1570195e-01      6019  1.7608295e+02  1.7805750e+02  9.5402673e+01
5.7047444e-01      7766  1.5012085e+02  1.4996655e+02  7.3782638e+01
6.2844883e-01     10012  1.3408848e+02  1.3197032e+02  5.8124362e+01
6.8955465e-01     12589  1.1847667e+02  1.1882735e+02  4.8268776e+01
7.5323141e-01     15650  1.0608466e+02  1.0698967e+02  3.9412275e+01
8.2032763e-01     19757  9.2990266e+01  9.2697306e+01  3.1693596e+01
8.9088605e-01     24241  8.5305943e+01  8.4441343e+01  2.5905464e+01
9.6481958e-01     29993  7.6099074e+01  7.5479462e+01  2.1526449e+01
1.0423453e+00     36494  6.9886337e+01  6.9502569e+01  1.7948397e+01
1.1237267e+00     44825  6.3558597e+01  6.3286625e+01  1.5003306e+01
1.2089588e+00     53906  5.8953362e+01  5.8790659e+01  1.2587337e+01
1.2983336e+00     65729  5.4132265e+01  5.3979355e+01  1.0579628e+01
1.3921058e+00     78746  4.9957151e+01  4.9799509e+01  8.9188112e+00
1.4900211e+00     94374  4.6049535e+01  4.5906722e+01  7.5459043e+00
1.5921784e+00    112166  4.2757382e+01  4.2721675e+01  6.4198164e+00
1.6991083e+00    134373  3.9594413e+01  3.9599495e+01  5.4749602e+00
1.8110248e+00    159077  3.6623370e+01  3.6574399e+01  4.6675758e+00
1.9277595e+00    188172  3.4031144e+01  3.3989119e+01  3.9962081e+00
2.0497441e+00    222492  3.1497667e+01  3.1484309e+01  3.4310566e+00
2.1771282e+00    261771  2.9102087e+01  2.9076930e+01  2.9490407e+00
2.3098450e+00    306759  2.6997915e+01  2.6977082e+01  2.5420013e+00
2.4484375e+00    360898  2.4890863e+01  2.4869819e+01  2.1949893e+00
2.5937215e+00    425046  2.2992952e+01  2.2973791e+01  1.8977396e+00
2.7470320e+00    505555  2.1185466e+01  2.1166726e+01  1.6408764e+00
2.9094444e+00    600292  1.9478392e+01  1.9460907e+01  1.4182504e+00
3.0813867e+00    712930  1.7889516e+01  1.7873681e+01  1.2255229e+00
3.2634403e+00    846715  1.6343863e+01  1.6329330e+01  1.0585999e+00
3.4562097e+00   1005596  1.4935937e+01  1.4922805e+01  9.1415686e-01
3.6603648e+00   1194719  1.3606276e+01  1.3594224e+01  7.8913532e-01
3.8766358e+00   1419743  1.2298495e+01  1.2287445e+01  6.8094507e-01
4.1057220e+00   1686576  1.1153022e+01  1.1143013e+01  5.8741076e-01
4.3483372e+00   2003484  1.0093035e+01  1.0083941e+01  5.0655952e-01
4.6052142e+00   2378778  9.0973477e+00  9.0891020e+00  4.3669908e-01
4.8773359e+00   2828400  8.1978012e+00  8.1903251e+00  3.7635533e-01
5.1655179e+00   3356890  7.3647366e+00  7.3580163e+00  3.2426195e-01
5.4707002e+00   3990317  6.6124500e+00  6.6064171e+00  2.7930444e-01
5.7939476e+00   4738457  5.9181251e+00  5.9126244e+00  2.4048619e-01
6.1362572e+00   5629661  5.2997596e+00  5.2949416e+00  2.0702933e-01
6.4988210e+00   6687903  4.7378358e+00  4.7334123e+00  1.7816088e-01
6.8828355e+00   7945758  4.2288208e+00  4.2249021e+00  1.5328186e-01
7.2895050e+00   9436555  3.7677731e+00  3.7642858e+00  1.3184222e-01
7.7201584e+00  11210320  3.3595707e+00  3.3563763e+00  1.1336989e-01
8.1762927e+00  13318613  2.9913015e+00  2.9884684e+00  9.7463376e-02
8.6593661e+00  15819192  2.6624276e+00  2.6599411e+00  8.3770354e-02
9.1709925e+00  18795348  2.3701360e+00  2.3678725e+00  7.1974742e-02
9.7128705e+00  22326034  2.1047253e+00  2.1027178e+00  6.1828547e-02
1.0286736e+01  26520842  1.8719005e+00  1.8700687e+00  5.3103290e-02
1.0894484e+01  31503438  1.6640688e+00  1.6624801e+00  4.5609336e-02
1.1538156e+01  37426927  1.4775656e+00  1.4761501e+00  3.9163409e-02
1.2220385e+01  44525830  1.3130488e+00  1.3117834e+00  3.3616717e-02
