# Power spectrum from CO𝘕CEPT job 4547566 at t = 7.9068814 Gyr, a = 0.625
#
# Components:
#   0: matter  (upstream grid size 1024)
#
#                           grid size 1024
# ╭────────────────────────────────────────────────────────────────╮
#                         component 0    (corrected)      (linear)
#                        σ₈ = 5.81e-01  σ₈ = 5.80e-01  σ₈ = 5.49e-01
#  k [Mpc⁻¹]    modes       P [Mpc³]       P [Mpc³]       P [Mpc³]
2.4543693e-02         3  2.6533145e+04  2.6533145e+04  2.7048227e+04
4.6570361e-02        25  1.4221176e+04  1.4447699e+04  1.4646097e+04
8.3521561e-02       124  6.4376836e+03  6.3085501e+03  6.2837687e+03
1.3383638e-01       418  3.1130750e+03  3.0823651e+03  2.7816842e+03
1.8592088e-01       730  1.7779002e+03  1.8167444e+03  1.5710773e+03
2.3260504e-01      1012  1.3043586e+03  1.2947659e+03  9.4557587e+02
2.7635505e-01      1408  1.0354805e+03  1.0367607e+03  6.8524489e+02
3.1919121e-01      1841  8.6172546e+02  8.5704445e+02  4.9108899e+02
3.6464415e-01      2698  6.8822163e+02  6.8391042e+02  3.7274482e+02
4.1290034e-01      3532  6.0646556e+02  6.1145184e+02  2.8932538e+02
4.6319578e-01      4702  5.2375456e+02  5.1379436e+02  2.1380877e+02
5.1570195e-01      6019  4.6138140e+02  4.6655520e+02  1.7744316e+02
5.7047444e-01      7766  4.0527982e+02  4.0486327e+02  1.3723119e+02
6.2844883e-01     10012  3.5826131e+02  3.5260196e+02  1.0810773e+02
6.8955465e-01     12589  3.2692055e+02  3.2788819e+02  8.9776935e+01
7.5323141e-01     15650  3.0056763e+02  3.0313179e+02  7.3304380e+01
8.2032763e-01     19757  2.6827313e+02  2.6742795e+02  5.8948109e+01
8.9088605e-01     24241  2.4533246e+02  2.4284594e+02  4.8182538e+01
9.6481958e-01     29993  2.2652998e+02  2.2468554e+02  4.0037841e+01
1.0423453e+00     36494  2.0477151e+02  2.0364705e+02  3.3382884e+01
1.1237267e+00     44825  1.8902021e+02  1.8821138e+02  2.7905196e+01
1.2089588e+00     53906  1.7585568e+02  1.7537034e+02  2.3411643e+01
1.2983336e+00     65729  1.6087772e+02  1.6042328e+02  1.9677429e+01
1.3921058e+00     78746  1.4785299e+02  1.4738643e+02  1.6588414e+01
1.4900211e+00     94374  1.3528344e+02  1.3486388e+02  1.4034893e+01
1.5921784e+00    112166  1.2452877e+02  1.2442478e+02  1.1940440e+01
1.6991083e+00    134373  1.1445388e+02  1.1446858e+02  1.0183067e+01
1.8110248e+00    159077  1.0498419e+02  1.0484381e+02  8.6813823e+00
1.9277595e+00    188172  9.5646681e+01  9.5528567e+01  7.4326806e+00
2.0497441e+00    222492  8.7365373e+01  8.7328323e+01  6.3815344e+00
2.1771282e+00    261771  8.0014801e+01  7.9945634e+01  5.4850153e+00
2.3098450e+00    306759  7.3288561e+01  7.3232008e+01  4.7279479e+00
2.4484375e+00    360898  6.6546077e+01  6.6489816e+01  4.0825276e+00
2.5937215e+00    425046  6.0494373e+01  6.0443960e+01  3.5296622e+00
2.7470320e+00    505555  5.4648497e+01  5.4600155e+01  3.0519131e+00
2.9094444e+00    600292  4.9526146e+01  4.9481688e+01  2.6378431e+00
3.0813867e+00    712930  4.4903014e+01  4.4863268e+01  2.2793823e+00
3.2634403e+00    846715  4.0431876e+01  4.0395925e+01  1.9689163e+00
3.4562097e+00   1005596  3.6406935e+01  3.6374926e+01  1.7002617e+00
3.6603648e+00   1194719  3.2736838e+01  3.2707839e+01  1.4677299e+00
3.8766358e+00   1419743  2.9440645e+01  2.9414194e+01  1.2665031e+00
4.1057220e+00   1686576  2.6441802e+01  2.6418075e+01  1.0925355e+00
4.3483372e+00   2003484  2.3698951e+01  2.3677597e+01  9.4215765e-01
4.6052142e+00   2378778  2.1278627e+01  2.1259341e+01  8.1222197e-01
4.8773359e+00   2828400  1.9026103e+01  1.9008752e+01  6.9998673e-01
5.1655179e+00   3356890  1.7025423e+01  1.7009887e+01  6.0309665e-01
5.4707002e+00   3990317  1.5238645e+01  1.5224742e+01  5.1947884e-01
5.7939476e+00   4738457  1.3600161e+01  1.3587520e+01  4.4727966e-01
6.1362572e+00   5629661  1.2121317e+01  1.2110297e+01  3.8505232e-01
6.4988210e+00   6687903  1.0796424e+01  1.0786344e+01  3.3135913e-01
6.8828355e+00   7945758  9.5990892e+00  9.5901941e+00  2.8508601e-01
7.2895050e+00   9436555  8.5464948e+00  8.5385845e+00  2.4520993e-01
7.7201584e+00  11210320  7.5913013e+00  7.5840832e+00  2.1085284e-01
8.1762927e+00  13318613  6.7493771e+00  6.7429847e+00  1.8126800e-01
8.6593661e+00  15819192  5.9773319e+00  5.9717495e+00  1.5580012e-01
9.1709925e+00  18795348  5.2917296e+00  5.2866759e+00  1.3386129e-01
9.7128705e+00  22326034  4.6816305e+00  4.6771650e+00  1.1499027e-01
1.0286736e+01  26520842  4.1382731e+00  4.1342236e+00  9.8762086e-02
1.0894484e+01  31503438  3.6558667e+00  3.6523765e+00  8.4824044e-02
1.1538156e+01  37426927  3.2264584e+00  3.2233675e+00  7.2835260e-02
1.2220385e+01  44525830  2.8500250e+00  2.8472785e+00  6.2518994e-02
