# Power spectrum from CO𝘕CEPT job 4547566 at t = 2.8501816 Gyr, a = 0.3030303
#
# Components:
#   0: matter  (upstream grid size 1024)
#
#                           grid size 1024
# ╭────────────────────────────────────────────────────────────────╮
#                         component 0    (corrected)      (linear)
#                        σ₈ = 2.92e-01  σ₈ = 2.91e-01  σ₈ = 2.87e-01
#  k [Mpc⁻¹]    modes       P [Mpc³]       P [Mpc³]       P [Mpc³]
2.4543693e-02         3  7.3088518e+03  7.3088518e+03  7.3664957e+03
4.6570361e-02        25  3.9126234e+03  3.9749457e+03  3.9900434e+03
8.3521561e-02       124  1.7211744e+03  1.6866494e+03  1.7120877e+03
1.3383638e-01       418  7.9741719e+02  7.8955082e+02  7.5793084e+02
1.8592088e-01       730  4.2993104e+02  4.3932432e+02  4.2807952e+02
2.3260504e-01      1012  2.9483237e+02  2.9266408e+02  2.5764715e+02
2.7635505e-01      1408  2.1951036e+02  2.1978175e+02  1.8671355e+02
3.1919121e-01      1841  1.6495142e+02  1.6405539e+02  1.3381072e+02
3.6464415e-01      2698  1.2941930e+02  1.2860858e+02  1.0156470e+02
4.1290034e-01      3532  1.0251432e+02  1.0335718e+02  7.8834816e+01
4.6319578e-01      4702  8.2480967e+01  8.0912434e+01  5.8258233e+01
5.1570195e-01      6019  6.9678567e+01  7.0459924e+01  4.8349422e+01
5.7047444e-01      7766  5.7810734e+01  5.7751316e+01  3.7392543e+01
6.2844883e-01     10012  5.0208772e+01  4.9415638e+01  2.9457039e+01
6.8955465e-01     12589  4.2708701e+01  4.2835113e+01  2.4462298e+01
7.5323141e-01     15650  3.6978599e+01  3.7294066e+01  1.9973884e+01
8.2032763e-01     19757  3.1871666e+01  3.1771256e+01  1.6062110e+01
8.9088605e-01     24241  2.8290997e+01  2.8004260e+01  1.3128724e+01
9.6481958e-01     29993  2.4878167e+01  2.4675605e+01  1.0909469e+01
1.0423453e+00     36494  2.2028292e+01  2.1907328e+01  9.0961362e+00
1.1237267e+00     44825  1.9859732e+01  1.9774751e+01  7.6035833e+00
1.2089588e+00     53906  1.7843432e+01  1.7794186e+01  6.3791862e+00
1.2983336e+00     65729  1.6098136e+01  1.6052663e+01  5.3616926e+00
1.3921058e+00     78746  1.4597597e+01  1.4551533e+01  4.5200016e+00
1.4900211e+00     94374  1.3209112e+01  1.3168147e+01  3.8242213e+00
1.5921784e+00    112166  1.2083085e+01  1.2072995e+01  3.2535273e+00
1.6991083e+00    134373  1.1035644e+01  1.1037060e+01  2.7746802e+00
1.8110248e+00    159077  1.0152013e+01  1.0138438e+01  2.3655030e+00
1.9277595e+00    188172  9.3351635e+00  9.3236354e+00  2.0252581e+00
2.0497441e+00    222492  8.6637948e+00  8.6601207e+00  1.7388428e+00
2.1771282e+00    261771  7.9993733e+00  7.9924584e+00  1.4945602e+00
2.3098450e+00    306759  7.4006842e+00  7.3949735e+00  1.2882751e+00
2.4484375e+00    360898  6.8631398e+00  6.8573373e+00  1.1124116e+00
2.5937215e+00    425046  6.3856987e+00  6.3803771e+00  9.6176724e-01
2.7470320e+00    505555  5.9337219e+00  5.9284729e+00  8.3159052e-01
2.9094444e+00    600292  5.5187544e+00  5.5138004e+00  7.1876497e-01
3.0813867e+00    712930  5.1159937e+00  5.1114653e+00  6.2109176e-01
3.2634403e+00    846715  4.7446225e+00  4.7404037e+00  5.3649614e-01
3.4562097e+00   1005596  4.3961218e+00  4.3922567e+00  4.6329322e-01
3.6603648e+00   1194719  4.0662419e+00  4.0626400e+00  3.9993298e-01
3.8766358e+00   1419743  3.7555327e+00  3.7521586e+00  3.4510273e-01
4.1057220e+00   1686576  3.4585941e+00  3.4554905e+00  2.9770002e-01
4.3483372e+00   2003484  3.1839997e+00  3.1811308e+00  2.5672501e-01
4.6052142e+00   2378778  2.9299451e+00  2.9272894e+00  2.2132007e-01
4.8773359e+00   2828400  2.6884840e+00  2.6860322e+00  1.9073812e-01
5.1655179e+00   3356890  2.4659192e+00  2.4636690e+00  1.6433742e-01
5.4707002e+00   3990317  2.2495100e+00  2.2474576e+00  1.4155313e-01
5.7939476e+00   4738457  2.0572179e+00  2.0553057e+00  1.2188017e-01
6.1362572e+00   5629661  1.8769427e+00  1.8752364e+00  1.0492434e-01
6.4988210e+00   6687903  1.7126937e+00  1.7110947e+00  9.0293889e-02
6.8828355e+00   7945758  1.5600416e+00  1.5585959e+00  7.7685255e-02
7.2895050e+00   9436555  1.4179818e+00  1.4166693e+00  6.6819682e-02
7.7201584e+00  11210320  1.2895585e+00  1.2883323e+00  5.7457921e-02
8.1762927e+00  13318613  1.1725721e+00  1.1714615e+00  4.9396504e-02
8.6593661e+00  15819192  1.0650941e+00  1.0640994e+00  4.2456873e-02
9.1709925e+00  18795348  9.6555151e-01  9.6462939e-01  3.6478839e-02
9.7128705e+00  22326034  8.7491398e-01  8.7407947e-01  3.1336722e-02
1.0286736e+01  26520842  7.9185685e-01  7.9108197e-01  2.6914730e-02
1.0894484e+01  31503438  7.1625061e-01  7.1556682e-01  2.3116759e-02
1.1538156e+01  37426927  6.4788958e-01  6.4726890e-01  1.9849923e-02
1.2220385e+01  44525830  5.8628641e-01  5.8572141e-01  1.7038814e-02
