# Power spectrum from CO𝘕CEPT job 4532064 at t = 4.8106637 Gyr, a = 0.43478261
#
# Components:
#   0: matter  (upstream grid size 1024)
#
#                           grid size 1024
# ╭────────────────────────────────────────────────────────────────╮
#                         component 0    (corrected)      (linear)
#                        σ₈ = 4.12e-01  σ₈ = 4.12e-01  σ₈ = 3.99e-01
#  k [Mpc⁻¹]    modes       P [Mpc³]       P [Mpc³]       P [Mpc³]
2.4543693e-02         3  1.4238611e+04  1.4238611e+04  1.4416007e+04
4.6570361e-02        25  7.5984556e+03  7.7125155e+03  7.7666966e+03
8.3521561e-02       124  3.3603847e+03  3.2851536e+03  3.3214430e+03
1.3383638e-01       418  1.5862382e+03  1.5680961e+03  1.4676637e+03
1.8592088e-01       730  8.7254969e+02  8.9219411e+02  8.3033615e+02
2.3260504e-01      1012  6.1820195e+02  6.1385308e+02  4.9950797e+02
2.7635505e-01      1408  4.7061909e+02  4.7121052e+02  3.6105010e+02
3.1919121e-01      1841  3.7046758e+02  3.6841045e+02  2.5933452e+02
3.6464415e-01      2698  2.9276035e+02  2.9090068e+02  1.9605944e+02
4.1290034e-01      3532  2.4387690e+02  2.4588429e+02  1.5281581e+02
4.6319578e-01      4702  2.0185154e+02  1.9801254e+02  1.1251910e+02
5.1570195e-01      6019  1.7158143e+02  1.7350509e+02  9.3432169e+01
5.7047444e-01      7766  1.4618434e+02  1.4603370e+02  7.2415805e+01
6.2844883e-01     10012  1.3047929e+02  1.2841792e+02  5.6836595e+01
6.8955465e-01     12589  1.1517312e+02  1.1551390e+02  4.7191243e+01
7.5323141e-01     15650  1.0305589e+02  1.0393490e+02  3.8621989e+01
8.2032763e-01     19757  9.0258563e+01  8.9974102e+01  3.1072433e+01
8.9088605e-01     24241  8.2743673e+01  8.1904975e+01  2.5362419e+01
9.6481958e-01     29993  7.3774672e+01  7.3173916e+01  2.1047478e+01
1.0423453e+00     36494  6.7704688e+01  6.7332833e+01  1.7544267e+01
1.1237267e+00     44825  6.1569911e+01  6.1306393e+01  1.4660120e+01
1.2089588e+00     53906  5.7084143e+01  5.6926558e+01  1.2299710e+01
1.2983336e+00     65729  5.2391043e+01  5.2243021e+01  1.0341071e+01
1.3921058e+00     78746  4.8349477e+01  4.8196885e+01  8.7187017e+00
1.4900211e+00     94374  4.4533812e+01  4.4395678e+01  7.3790847e+00
1.5921784e+00    112166  4.1374734e+01  4.1340163e+01  6.2799928e+00
1.6991083e+00    134373  3.8293473e+01  3.8298370e+01  5.3522470e+00
1.8110248e+00    159077  3.5420274e+01  3.5372894e+01  4.5630388e+00
1.9277595e+00    188172  3.2914168e+01  3.2873507e+01  3.9063962e+00
2.0497441e+00    222492  3.0457261e+01  3.0444331e+01  3.3536879e+00
2.1771282e+00    261771  2.8148873e+01  2.8124528e+01  2.8824884e+00
2.3098450e+00    306759  2.6115691e+01  2.6095529e+01  2.4844459e+00
2.4484375e+00    360898  2.4083223e+01  2.4062854e+01  2.1451385e+00
2.5937215e+00    425046  2.2260866e+01  2.2242309e+01  1.8544510e+00
2.7470320e+00    505555  2.0529086e+01  2.0510921e+01  1.6033336e+00
2.9094444e+00    600292  1.8878159e+01  1.8861207e+01  1.3857433e+00
3.0813867e+00    712930  1.7349441e+01  1.7334079e+01  1.1973516e+00
3.2634403e+00    846715  1.5858111e+01  1.5844006e+01  1.0342219e+00
3.4562097e+00   1005596  1.4499728e+01  1.4486976e+01  8.9305180e-01
3.6603648e+00   1194719  1.3214733e+01  1.3203023e+01  7.7087796e-01
3.8766358e+00   1419743  1.1950270e+01  1.1939530e+01  6.6515773e-01
4.1057220e+00   1686576  1.0854131e+01  1.0844388e+01  5.7375657e-01
4.3483372e+00   2003484  9.8248370e+00  9.8159820e+00  4.9475966e-01
4.6052142e+00   2378778  8.8587799e+00  8.8507482e+00  4.2650643e-01
4.8773359e+00   2828400  7.9909898e+00  7.9837004e+00  3.6754853e-01
5.1655179e+00   3356890  7.1813541e+00  7.1747994e+00  3.1665989e-01
5.4707002e+00   3990317  6.4489685e+00  6.4430832e+00  2.7274286e-01
5.7939476e+00   4738457  5.7746333e+00  5.7692646e+00  2.3482453e-01
6.1362572e+00   5629661  5.1740963e+00  5.1693914e+00  2.0214760e-01
6.4988210e+00   6687903  4.6259596e+00  4.6216396e+00  1.7395191e-01
6.8828355e+00   7945758  4.1306111e+00  4.1267826e+00  1.4965352e-01
7.2895050e+00   9436555  3.6829515e+00  3.6795419e+00  1.2871626e-01
7.7201584e+00  11210320  3.2839670e+00  3.2808438e+00  1.1067912e-01
8.1762927e+00  13318613  2.9239599e+00  2.9211900e+00  9.5143969e-02
8.6593661e+00  15819192  2.6033169e+00  2.6008850e+00  8.1773584e-02
9.1709925e+00  18795348  2.3170907e+00  2.3148774e+00  7.0257044e-02
9.7128705e+00  22326034  2.0572880e+00  2.0553253e+00  6.0349256e-02
1.0286736e+01  26520842  1.8292392e+00  1.8274488e+00  5.1830614e-02
1.0894484e+01  31503438  1.6262868e+00  1.6247339e+00  4.4515674e-02
1.1538156e+01  37426927  1.4441270e+00  1.4427433e+00  3.8223830e-02
1.2220385e+01  44525830  1.2834786e+00  1.2822415e+00  3.2809779e-02
