# Power spectrum from CO𝘕CEPT job 4532064 at t = 3.8214654 Gyr, a = 0.37037037
#
# Components:
#   0: matter  (upstream grid size 1024)
#
#                           grid size 1024
# ╭────────────────────────────────────────────────────────────────╮
#                         component 0    (corrected)      (linear)
#                        σ₈ = 3.53e-01  σ₈ = 3.52e-01  σ₈ = 3.44e-01
#  k [Mpc⁻¹]    modes       P [Mpc³]       P [Mpc³]       P [Mpc³]
2.4543693e-02         3  1.0603309e+04  1.0603309e+04  1.0711110e+04
4.6570361e-02        25  5.6561526e+03  5.7410568e+03  5.7710529e+03
8.3521561e-02       124  2.4904595e+03  2.4347040e+03  2.4680631e+03
1.3383638e-01       418  1.1644221e+03  1.1511044e+03  1.0905847e+03
1.8592088e-01       730  6.3308782e+02  6.4734104e+02  6.1700386e+02
2.3260504e-01      1012  4.4176738e+02  4.3865967e+02  3.7117335e+02
2.7635505e-01      1408  3.3227387e+02  3.3269144e+02  2.6828850e+02
3.1919121e-01      1841  2.5584598e+02  2.5442532e+02  1.9270592e+02
3.6464415e-01      2698  2.0148301e+02  2.0020315e+02  1.4568760e+02
4.1290034e-01      3532  1.6337600e+02  1.6472077e+02  1.1355420e+02
4.6319578e-01      4702  1.3361737e+02  1.3107612e+02  8.3610575e+01
5.1570195e-01      6019  1.1322518e+02  1.1449459e+02  6.9427485e+01
5.7047444e-01      7766  9.5485869e+01  9.5387471e+01  5.3810671e+01
6.2844883e-01     10012  8.4116510e+01  8.2787603e+01  4.2234089e+01
6.8955465e-01     12589  7.3212374e+01  7.3429000e+01  3.5066831e+01
7.5323141e-01     15650  6.4496438e+01  6.5046558e+01  2.8699199e+01
8.2032763e-01     19757  5.5991515e+01  5.5815051e+01  2.3089281e+01
8.9088605e-01     24241  5.0714057e+01  5.0200014e+01  1.8846289e+01
9.6481958e-01     29993  4.4888022e+01  4.4522493e+01  1.5639947e+01
1.0423453e+00     36494  4.0592544e+01  4.0369597e+01  1.3036784e+01
1.1237267e+00     44825  3.6947746e+01  3.6789611e+01  1.0893635e+01
1.2089588e+00     53906  3.3820563e+01  3.3727199e+01  9.1396630e+00
1.2983336e+00     65729  3.0794265e+01  3.0707261e+01  7.6842388e+00
1.3921058e+00     78746  2.8298626e+01  2.8209315e+01  6.4786902e+00
1.4900211e+00     94374  2.5904898e+01  2.5824547e+01  5.4832486e+00
1.5921784e+00    112166  2.4055143e+01  2.4035044e+01  4.6665362e+00
1.6991083e+00    134373  2.1989827e+01  2.1992640e+01  3.9771475e+00
1.8110248e+00    159077  2.0375567e+01  2.0348312e+01  3.3907032e+00
1.9277595e+00    188172  1.8844999e+01  1.8821719e+01  2.9027656e+00
2.0497441e+00    222492  1.7475692e+01  1.7468273e+01  2.4920594e+00
2.1771282e+00    261771  1.6306939e+01  1.6292835e+01  2.1419208e+00
2.3098450e+00    306759  1.5112715e+01  1.5101047e+01  1.8461435e+00
2.4484375e+00    360898  1.4049549e+01  1.4037666e+01  1.5940112e+00
2.5937215e+00    425046  1.3061992e+01  1.3051103e+01  1.3780072e+00
2.7470320e+00    505555  1.2127428e+01  1.2116697e+01  1.1914070e+00
2.9094444e+00    600292  1.1189614e+01  1.1179567e+01  1.0297201e+00
3.0813867e+00    712930  1.0355614e+01  1.0346444e+01  8.8973001e-01
3.2634403e+00    846715  9.5685165e+00  9.5600055e+00  7.6851166e-01
3.4562097e+00   1005596  8.8165374e+00  8.8087833e+00  6.6361098e-01
3.6603648e+00   1194719  8.0871259e+00  8.0799598e+00  5.7282606e-01
3.8766358e+00   1419743  7.4130331e+00  7.4063708e+00  4.9426746e-01
4.1057220e+00   1686576  6.7682447e+00  6.7621694e+00  4.2634908e-01
4.3483372e+00   2003484  6.1454934e+00  6.1399546e+00  3.6764803e-01
4.6052142e+00   2378778  5.5912348e+00  5.5861656e+00  3.1693040e-01
4.8773359e+00   2828400  5.0612772e+00  5.0566602e+00  2.7311992e-01
5.1655179e+00   3356890  4.5776851e+00  4.5735068e+00  2.3530556e-01
5.4707002e+00   3990317  4.1345507e+00  4.1307776e+00  2.0267165e-01
5.7939476e+00   4738457  3.7272480e+00  3.7237828e+00  1.7449526e-01
6.1362572e+00   5629661  3.3616612e+00  3.3586044e+00  1.5021364e-01
6.4988210e+00   6687903  3.0247322e+00  3.0219075e+00  1.2926194e-01
6.8828355e+00   7945758  2.7198420e+00  2.7173211e+00  1.1120625e-01
7.2895050e+00   9436555  2.4442085e+00  2.4419457e+00  9.5648137e-02
7.7201584e+00  11210320  2.1934826e+00  2.1913965e+00  8.2245050e-02
8.1762927e+00  13318613  1.9637045e+00  1.9618442e+00  7.0701142e-02
8.6593661e+00  15819192  1.7598418e+00  1.7581979e+00  6.0765828e-02
9.1709925e+00  18795348  1.5740701e+00  1.5725665e+00  5.2208069e-02
9.7128705e+00  22326034  1.4076140e+00  1.4062711e+00  4.4845741e-02
1.0286736e+01  26520842  1.2585289e+00  1.2572971e+00  3.8515662e-02
1.0894484e+01  31503438  1.1244350e+00  1.1233613e+00  3.3080031e-02
1.1538156e+01  37426927  1.0045246e+00  1.0035621e+00  2.8404642e-02
1.2220385e+01  44525830  8.9804907e-01  8.9718347e-01  2.4381524e-02
