# Power spectrum from CO𝘕CEPT job 4532064 at t = 4.5276054 Gyr, a = 0.41666667
#
# Components:
#   0: matter  (upstream grid size 1024)
#
#                           grid size 1024
# ╭────────────────────────────────────────────────────────────────╮
#                         component 0    (corrected)      (linear)
#                        σ₈ = 3.96e-01  σ₈ = 3.95e-01  σ₈ = 3.84e-01
#  k [Mpc⁻¹]    modes       P [Mpc³]       P [Mpc³]       P [Mpc³]
2.4543693e-02         3  1.3180425e+04  1.3180425e+04  1.3336117e+04
4.6570361e-02        25  7.0330531e+03  7.1386259e+03  7.1850316e+03
8.3521561e-02       124  3.1059762e+03  3.0364406e+03  3.0727137e+03
1.3383638e-01       418  1.4624093e+03  1.4456835e+03  1.3577593e+03
1.8592088e-01       730  8.0168746e+02  8.1973651e+02  7.6815785e+02
2.3260504e-01      1012  5.6569451e+02  5.6171501e+02  4.6210330e+02
2.7635505e-01      1408  4.2912624e+02  4.2966553e+02  3.3401362e+02
3.1919121e-01      1841  3.3578854e+02  3.3392397e+02  2.3991482e+02
3.6464415e-01      2698  2.6511571e+02  2.6343164e+02  1.8137797e+02
4.1290034e-01      3532  2.1915895e+02  2.2096289e+02  1.4137255e+02
4.6319578e-01      4702  1.8082268e+02  1.7738363e+02  1.0409337e+02
5.1570195e-01      6019  1.5353902e+02  1.5526041e+02  8.6435720e+01
5.7047444e-01      7766  1.3053779e+02  1.3040328e+02  6.6993119e+01
6.2844883e-01     10012  1.1612427e+02  1.1428969e+02  5.2580522e+01
6.8955465e-01     12589  1.0214578e+02  1.0244801e+02  4.3657440e+01
7.5323141e-01     15650  9.1052190e+01  9.1828817e+01  3.5729875e+01
8.2032763e-01     19757  7.9532669e+01  7.9282012e+01  2.8745649e+01
8.9088605e-01     24241  7.2714264e+01  7.1977225e+01  2.3463216e+01
9.6481958e-01     29993  6.4678371e+01  6.4151687e+01  1.9471389e+01
1.0423453e+00     36494  5.9183696e+01  5.8858641e+01  1.6230508e+01
1.1237267e+00     44825  5.3828884e+01  5.3598497e+01  1.3562333e+01
1.2089588e+00     53906  4.9785928e+01  4.9648491e+01  1.1378677e+01
1.2983336e+00     65729  4.5580014e+01  4.5451235e+01  9.5667058e+00
1.3921058e+00     78746  4.2050107e+01  4.1917397e+01  8.0658241e+00
1.4900211e+00     94374  3.8620231e+01  3.8500440e+01  6.8265211e+00
1.5921784e+00    112166  3.5998004e+01  3.5967926e+01  5.8097320e+00
1.6991083e+00    134373  3.3170803e+01  3.3175045e+01  4.9514582e+00
1.8110248e+00    159077  3.0693546e+01  3.0652489e+01  4.2213479e+00
1.9277595e+00    188172  2.8479186e+01  2.8444004e+01  3.6138764e+00
2.0497441e+00    222492  2.6323594e+01  2.6312418e+01  3.1025562e+00
2.1771282e+00    261771  2.4381569e+01  2.4360482e+01  2.6666414e+00
2.3098450e+00    306759  2.2616568e+01  2.2599107e+01  2.2984053e+00
2.4484375e+00    360898  2.0882803e+01  2.0865141e+01  1.9845060e+00
2.5937215e+00    425046  1.9354648e+01  1.9338514e+01  1.7155860e+00
2.7470320e+00    505555  1.7886031e+01  1.7870204e+01  1.4832728e+00
2.9094444e+00    600292  1.6454890e+01  1.6440114e+01  1.2819762e+00
3.0813867e+00    712930  1.5149131e+01  1.5135717e+01  1.1076917e+00
3.2634403e+00    846715  1.3884953e+01  1.3872602e+01  9.5677762e-01
3.4562097e+00   1005596  1.2695738e+01  1.2684573e+01  8.2617865e-01
3.6603648e+00   1194719  1.1577834e+01  1.1567575e+01  7.1315348e-01
3.8766358e+00   1419743  1.0516770e+01  1.0507318e+01  6.1534982e-01
4.1057220e+00   1686576  9.5954847e+00  9.5868716e+00  5.3079299e-01
4.3483372e+00   2003484  8.6691670e+00  8.6613536e+00  4.5771155e-01
4.6052142e+00   2378778  7.8446179e+00  7.8375057e+00  3.9456927e-01
4.8773359e+00   2828400  7.0887039e+00  7.0822375e+00  3.4002626e-01
5.1655179e+00   3356890  6.3762418e+00  6.3704220e+00  2.9294827e-01
5.4707002e+00   3990317  5.7456509e+00  5.7404074e+00  2.5231984e-01
5.7939476e+00   4738457  5.1581215e+00  5.1533260e+00  2.1724091e-01
6.1362572e+00   5629661  4.6265660e+00  4.6223590e+00  1.8701089e-01
6.4988210e+00   6687903  4.1498726e+00  4.1459972e+00  1.6092654e-01
6.8828355e+00   7945758  3.7124390e+00  3.7089980e+00  1.3844766e-01
7.2895050e+00   9436555  3.3159502e+00  3.3128804e+00  1.1907821e-01
7.7201584e+00  11210320  2.9654687e+00  2.9626484e+00  1.0239172e-01
8.1762927e+00  13318613  2.6442424e+00  2.6417375e+00  8.8019864e-02
8.6593661e+00  15819192  2.3578956e+00  2.3556930e+00  7.5650669e-02
9.1709925e+00  18795348  2.0987212e+00  2.0967165e+00  6.4996499e-02
9.7128705e+00  22326034  1.8677113e+00  1.8659295e+00  5.5830614e-02
1.0286736e+01  26520842  1.6624944e+00  1.6608672e+00  4.7949853e-02
1.0894484e+01  31503438  1.4789547e+00  1.4775425e+00  4.1182658e-02
1.1538156e+01  37426927  1.3153842e+00  1.3141238e+00  3.5361948e-02
1.2220385e+01  44525830  1.1692197e+00  1.1680928e+00  3.0353299e-02
