# Power spectrum from CO𝘕CEPT job 4532064 at t = 13.790139 Gyr, a = 1
#
# Components:
#   0: matter  (upstream grid size 1024)
#
#                           grid size 1024
# ╭────────────────────────────────────────────────────────────────╮
#                         component 0    (corrected)      (linear)
#                        σ₈ = 8.17e-01  σ₈ = 8.16e-01  σ₈ = 7.43e-01
#  k [Mpc⁻¹]    modes       P [Mpc³]       P [Mpc³]       P [Mpc³]
2.4543693e-02         3  4.8413659e+04  4.8413659e+04  4.9896982e+04
4.6570361e-02        25  2.5800678e+04  2.6187970e+04  2.6872588e+04
8.3521561e-02       124  1.2267801e+04  1.1993154e+04  1.1490445e+04
1.3383638e-01       418  6.1084220e+03  6.0385588e+03  5.0770989e+03
1.8592088e-01       730  3.6649594e+03  3.7474716e+03  2.8723413e+03
2.3260504e-01      1012  2.7649340e+03  2.7454835e+03  1.7279125e+03
2.7635505e-01      1408  2.2739020e+03  2.2767596e+03  1.2489508e+03
3.1919121e-01      1841  2.0298479e+03  2.0185766e+03  8.9709261e+02
3.6464415e-01      2698  1.6763880e+03  1.6657393e+03  6.7820982e+02
4.1290034e-01      3532  1.5145425e+03  1.5270090e+03  5.2862065e+02
4.6319578e-01      4702  1.2993090e+03  1.2745976e+03  3.8922590e+02
5.1570195e-01      6019  1.1713531e+03  1.1844856e+03  3.2320022e+02
5.7047444e-01      7766  1.0860714e+03  1.0849522e+03  2.5050036e+02
6.2844883e-01     10012  9.8132524e+02  9.6582187e+02  1.9660876e+02
6.8955465e-01     12589  8.8495117e+02  8.8756963e+02  1.6324356e+02
7.5323141e-01     15650  8.1360879e+02  8.2054844e+02  1.3360083e+02
8.2032763e-01     19757  7.4822857e+02  7.4587043e+02  1.0748544e+02
8.9088605e-01     24241  6.9424077e+02  6.8720388e+02  8.7733393e+01
9.6481958e-01     29993  6.2807125e+02  6.2295679e+02  7.2807178e+01
1.0423453e+00     36494  5.8092600e+02  5.7773537e+02  6.0688897e+01
1.1237267e+00     44825  5.2763778e+02  5.2537950e+02  5.0712079e+01
1.2089588e+00     53906  4.8422811e+02  4.8289136e+02  4.2546969e+01
1.2983336e+00     65729  4.4476479e+02  4.4350819e+02  3.5771662e+01
1.3921058e+00     78746  4.0463241e+02  4.0335538e+02  3.0159580e+01
1.4900211e+00     94374  3.7009706e+02  3.6894911e+02  2.5525591e+01
1.5921784e+00    112166  3.3796393e+02  3.3768154e+02  2.1723625e+01
1.6991083e+00    134373  3.0638555e+02  3.0642474e+02  1.8514377e+01
1.8110248e+00    159077  2.7890241e+02  2.7852934e+02  1.5784357e+01
1.9277595e+00    188172  2.5430095e+02  2.5398679e+02  1.3512908e+01
2.0497441e+00    222492  2.3146635e+02  2.3136808e+02  1.1600986e+01
2.1771282e+00    261771  2.1027493e+02  2.1009307e+02  9.9710192e+00
2.3098450e+00    306759  1.9025446e+02  1.9010758e+02  8.5941162e+00
2.4484375e+00    360898  1.7263271e+02  1.7248671e+02  7.4203890e+00
2.5937215e+00    425046  1.5712549e+02  1.5699451e+02  6.4148474e+00
2.7470320e+00    505555  1.4205612e+02  1.4193042e+02  5.5461861e+00
2.9094444e+00    600292  1.2910295e+02  1.2898703e+02  4.7935014e+00
3.0813867e+00    712930  1.1653061e+02  1.1642743e+02  4.1418202e+00
3.2634403e+00    846715  1.0490735e+02  1.0481403e+02  3.5775253e+00
3.4562097e+00   1005596  9.4449349e+01  9.4366281e+01  3.0891924e+00
3.6603648e+00   1194719  8.5054952e+01  8.4979583e+01  2.6665714e+00
3.8766358e+00   1419743  7.6431415e+01  7.6362724e+01  2.3008664e+00
4.1057220e+00   1686576  6.8853278e+01  6.8791474e+01  1.9846938e+00
4.3483372e+00   2003484  6.1763694e+01  6.1708027e+01  1.7114298e+00
4.6052142e+00   2378778  5.5372831e+01  5.5322628e+01  1.4753302e+00
4.8773359e+00   2828400  4.9728005e+01  4.9682642e+01  1.2713848e+00
5.1655179e+00   3356890  4.4389236e+01  4.4348720e+01  1.0953526e+00
5.4707002e+00   3990317  3.9595067e+01  3.9558932e+01  9.4343639e-01
5.7939476e+00   4738457  3.5270431e+01  3.5237640e+01  8.1227084e-01
6.1362572e+00   5629661  3.1416937e+01  3.1388369e+01  6.9923625e-01
6.4988210e+00   6687903  2.8015918e+01  2.7989755e+01  6.0170309e-01
6.8828355e+00   7945758  2.4943497e+01  2.4920377e+01  5.1765139e-01
7.2895050e+00   9436555  2.2183977e+01  2.2163440e+01  4.4522645e-01
7.7201584e+00  11210320  1.9774616e+01  1.9755809e+01  3.8283354e-01
8.1762927e+00  13318613  1.7534680e+01  1.7518069e+01  3.2909546e-01
8.6593661e+00  15819192  1.5538001e+01  1.5523486e+01  2.8284569e-01
9.1709925e+00  18795348  1.3776202e+01  1.3763043e+01  2.4300871e-01
9.7128705e+00  22326034  1.2208524e+01  1.2196876e+01  2.0873666e-01
1.0286736e+01  26520842  1.0804539e+01  1.0793964e+01  1.7926991e-01
1.0894484e+01  31503438  9.5539185e+00  9.5447959e+00  1.5396694e-01
1.1538156e+01  37426927  8.4250234e+00  8.4169508e+00  1.3220305e-01
1.2220385e+01  44525830  7.4342980e+00  7.4271323e+00  1.1347559e-01
