# Power spectrum from CO𝘕CEPT job 4532064 at t = 5.8533978 Gyr, a = 0.5
#
# Components:
#   0: matter  (upstream grid size 1024)
#
#                           grid size 1024
# ╭────────────────────────────────────────────────────────────────╮
#                         component 0    (corrected)      (linear)
#                        σ₈ = 4.71e-01  σ₈ = 4.70e-01  σ₈ = 4.52e-01
#  k [Mpc⁻¹]    modes       P [Mpc³]       P [Mpc³]       P [Mpc³]
2.4543693e-02         3  1.8228585e+04  1.8228585e+04  1.8498945e+04
4.6570361e-02        25  9.7301902e+03  9.8762495e+03  9.9657852e+03
8.3521561e-02       124  4.3292694e+03  4.2323472e+03  4.2617879e+03
1.3383638e-01       418  2.0608585e+03  2.0372881e+03  1.8831650e+03
1.8592088e-01       730  1.1480101e+03  1.1738562e+03  1.0654049e+03
2.3260504e-01      1012  8.2425684e+02  8.1845844e+02  6.4091843e+02
2.7635505e-01      1408  6.3610173e+02  6.3690113e+02  4.6326297e+02
3.1919121e-01      1841  5.1086658e+02  5.0802984e+02  3.3275172e+02
3.6464415e-01      2698  4.0497556e+02  4.0240307e+02  2.5156351e+02
4.1290034e-01      3532  3.4614421e+02  3.4899338e+02  1.9607765e+02
4.6319578e-01      4702  2.9010668e+02  2.8458917e+02  1.4437301e+02
5.1570195e-01      6019  2.4827913e+02  2.5106268e+02  1.1988260e+02
5.7047444e-01      7766  2.1261403e+02  2.1239493e+02  9.2916543e+01
6.2844883e-01     10012  1.9052756e+02  1.8751753e+02  7.2926892e+01
6.8955465e-01     12589  1.7062001e+02  1.7112485e+02  6.0550961e+01
7.5323141e-01     15650  1.5379201e+02  1.5510377e+02  4.9555771e+01
8.2032763e-01     19757  1.3578706e+02  1.3535911e+02  3.9868953e+01
8.9088605e-01     24241  1.2553769e+02  1.2426523e+02  3.2542448e+01
9.6481958e-01     29993  1.1320712e+02  1.1228526e+02  2.7005958e+01
1.0423453e+00     36494  1.0440986e+02  1.0383641e+02  2.2510997e+01
1.1237267e+00     44825  9.5418248e+01  9.5009860e+01  1.8810355e+01
1.2089588e+00     53906  8.8249269e+01  8.8005651e+01  1.5781719e+01
1.2983336e+00     65729  8.1510048e+01  8.1279756e+01  1.3268594e+01
1.3921058e+00     78746  7.4579767e+01  7.4344392e+01  1.1186937e+01
1.4900211e+00     94374  6.9150134e+01  6.8935645e+01  9.4680785e+00
1.5921784e+00    112166  6.3750723e+01  6.3697455e+01  8.0578367e+00
1.6991083e+00    134373  5.9119547e+01  5.9127108e+01  6.8674486e+00
1.8110248e+00    159077  5.4766047e+01  5.4692790e+01  5.8548178e+00
1.9277595e+00    188172  5.0469857e+01  5.0407508e+01  5.0122816e+00
2.0497441e+00    222492  4.6710188e+01  4.6690358e+01  4.3031031e+00
2.1771282e+00    261771  4.3109688e+01  4.3072403e+01  3.6985085e+00
2.3098450e+00    306759  3.9588321e+01  3.9557758e+01  3.1877813e+00
2.4484375e+00    360898  3.6510459e+01  3.6479580e+01  2.7524170e+00
2.5937215e+00    425046  3.3495908e+01  3.3467985e+01  2.3794368e+00
2.7470320e+00    505555  3.0692267e+01  3.0665109e+01  2.0572289e+00
2.9094444e+00    600292  2.8054217e+01  2.8029027e+01  1.7780394e+00
3.0813867e+00    712930  2.5598203e+01  2.5575538e+01  1.5363146e+00
3.2634403e+00    846715  2.3204664e+01  2.3184024e+01  1.3270035e+00
3.4562097e+00   1005596  2.1097208e+01  2.1078653e+01  1.1458686e+00
3.6603648e+00   1194719  1.9093304e+01  1.9076385e+01  9.8910784e-01
3.8766358e+00   1419743  1.7224702e+01  1.7209222e+01  8.5345861e-01
4.1057220e+00   1686576  1.5555221e+01  1.5541258e+01  7.3618214e-01
4.3483372e+00   2003484  1.4045624e+01  1.4032965e+01  6.3482153e-01
4.6052142e+00   2378778  1.2614502e+01  1.2603065e+01  5.4724610e-01
4.8773359e+00   2828400  1.1291455e+01  1.1281155e+01  4.7159747e-01
5.1655179e+00   3356890  1.0139429e+01  1.0130174e+01  4.0630251e-01
5.4707002e+00   3990317  9.0711144e+00  9.0628361e+00  3.4995278e-01
5.7939476e+00   4738457  8.0987066e+00  8.0911772e+00  3.0129997e-01
6.1362572e+00   5629661  7.2365823e+00  7.2300020e+00  2.5937238e-01
6.4988210e+00   6687903  6.4566609e+00  6.4506313e+00  2.2319466e-01
6.8828355e+00   7945758  5.7553836e+00  5.7500491e+00  1.9201755e-01
7.2895050e+00   9436555  5.1249922e+00  5.1202476e+00  1.6515310e-01
7.7201584e+00  11210320  4.5548117e+00  4.5504799e+00  1.4200978e-01
8.1762927e+00  13318613  4.0464899e+00  4.0426566e+00  1.2207675e-01
8.6593661e+00  15819192  3.5974578e+00  3.5940973e+00  1.0492132e-01
9.1709925e+00  18795348  3.1936695e+00  3.1906189e+00  9.0144561e-02
9.7128705e+00  22326034  2.8309977e+00  2.8282969e+00  7.7431981e-02
1.0286736e+01  26520842  2.5095941e+00  2.5071378e+00  6.6501807e-02
1.0894484e+01  31503438  2.2261963e+00  2.2240706e+00  5.7116097e-02
1.1538156e+01  37426927  1.9710365e+00  1.9691479e+00  4.9043117e-02
1.2220385e+01  44525830  1.7445020e+00  1.7428205e+00  4.2096430e-02
