# Power spectrum from CO𝘕CEPT job 4532064 at t = 11.277962 Gyr, a = 0.83333333
#
# Components:
#   0: matter  (upstream grid size 1024)
#
#                           grid size 1024
# ╭────────────────────────────────────────────────────────────────╮
#                         component 0    (corrected)      (linear)
#                        σ₈ = 7.24e-01  σ₈ = 7.23e-01  σ₈ = 6.69e-01
#  k [Mpc⁻¹]    modes       P [Mpc³]       P [Mpc³]       P [Mpc³]
2.4543693e-02         3  3.9392701e+04  3.9392701e+04  4.0422521e+04
4.6570361e-02        25  2.1012720e+04  2.1328140e+04  2.1771550e+04
8.3521561e-02       124  9.7727410e+03  9.5539522e+03  9.3095762e+03
1.3383638e-01       418  4.8025325e+03  4.7476050e+03  4.1135166e+03
1.8592088e-01       730  2.8233413e+03  2.8869054e+03  2.3272082e+03
2.3260504e-01      1012  2.1096802e+03  2.0948392e+03  1.3999791e+03
2.7635505e-01      1408  1.7226587e+03  1.7248236e+03  1.0119183e+03
3.1919121e-01      1841  1.4987853e+03  1.4904628e+03  7.2683800e+02
3.6464415e-01      2698  1.2147795e+03  1.2070629e+03  5.4949604e+02
4.1290034e-01      3532  1.0829327e+03  1.0918465e+03  4.2829669e+02
4.6319578e-01      4702  9.3907475e+02  9.2121457e+02  3.1535695e+02
5.1570195e-01      6019  8.5186075e+02  8.6141131e+02  2.6186194e+02
5.7047444e-01      7766  7.7957404e+02  7.7877070e+02  2.0295938e+02
6.2844883e-01     10012  6.9568387e+02  6.8469317e+02  1.5929556e+02
6.8955465e-01     12589  6.3321082e+02  6.3508441e+02  1.3226256e+02
7.5323141e-01     15650  5.8340075e+02  5.8837684e+02  1.0824554e+02
8.2032763e-01     19757  5.3968180e+02  5.3798093e+02  8.7086441e+01
8.9088605e-01     24241  5.0043811e+02  4.9536562e+02  7.1083017e+01
9.6481958e-01     29993  4.5018796e+02  4.4652203e+02  5.8989558e+01
1.0423453e+00     36494  4.1660622e+02  4.1431809e+02  4.9171132e+01
1.1237267e+00     44825  3.8023755e+02  3.7861013e+02  4.1087754e+01
1.2089588e+00     53906  3.4974793e+02  3.4878242e+02  3.4472251e+01
1.2983336e+00     65729  3.2077827e+02  3.1987197e+02  2.8982788e+01
1.3921058e+00     78746  2.9411642e+02  2.9318818e+02  2.4435788e+01
1.4900211e+00     94374  2.7022497e+02  2.6938680e+02  2.0681255e+01
1.5921784e+00    112166  2.4562762e+02  2.4542238e+02  1.7600840e+01
1.6991083e+00    134373  2.2337330e+02  2.2340187e+02  1.5000655e+01
1.8110248e+00    159077  2.0139204e+02  2.0112265e+02  1.2788749e+01
1.9277595e+00    188172  1.8457405e+02  1.8434603e+02  1.0948383e+01
2.0497441e+00    222492  1.6721044e+02  1.6713946e+02  9.3993134e+00
2.1771282e+00    261771  1.5133250e+02  1.5120162e+02  8.0786877e+00
2.3098450e+00    306759  1.3696130e+02  1.3685556e+02  6.9630984e+00
2.4484375e+00    360898  1.2390737e+02  1.2380257e+02  6.0121254e+00
2.5937215e+00    425046  1.1178477e+02  1.1169158e+02  5.1974191e+00
2.7470320e+00    505555  1.0103590e+02  1.0094650e+02  4.4936155e+00
2.9094444e+00    600292  9.1346739e+01  9.1264715e+01  3.8837780e+00
3.0813867e+00    712930  8.2121091e+01  8.2048378e+01  3.3557751e+00
3.2634403e+00    846715  7.3413803e+01  7.3348502e+01  2.8985740e+00
3.4562097e+00   1005596  6.6002598e+01  6.5944548e+01  2.5029187e+00
3.6603648e+00   1194719  5.9435255e+01  5.9382589e+01  2.1605041e+00
3.8766358e+00   1419743  5.3254270e+01  5.3206409e+01  1.8642038e+00
4.1057220e+00   1686576  4.7865708e+01  4.7822743e+01  1.6080355e+00
4.3483372e+00   2003484  4.2941753e+01  4.2903050e+01  1.3866324e+00
4.6052142e+00   2378778  3.8528935e+01  3.8494003e+01  1.1953405e+00
4.8773359e+00   2828400  3.4411023e+01  3.4379633e+01  1.0301006e+00
5.1655179e+00   3356890  3.0767071e+01  3.0738988e+01  8.8747625e-01
5.4707002e+00   3990317  2.7498311e+01  2.7473216e+01  7.6439116e-01
5.7939476e+00   4738457  2.4511101e+01  2.4488314e+01  6.5811858e-01
6.1362572e+00   5629661  2.1835609e+01  2.1815753e+01  5.6653600e-01
6.4988210e+00   6687903  1.9478653e+01  1.9460462e+01  4.8751293e-01
6.8828355e+00   7945758  1.7326945e+01  1.7310886e+01  4.1941276e-01
7.2895050e+00   9436555  1.5384720e+01  1.5370478e+01  3.6073278e-01
7.7201584e+00  11210320  1.3646214e+01  1.3633236e+01  3.1018092e-01
8.1762927e+00  13318613  1.2097255e+01  1.2085795e+01  2.6664135e-01
8.6593661e+00  15819192  1.0704103e+01  1.0694104e+01  2.2916893e-01
9.1709925e+00  18795348  9.4784411e+00  9.4693872e+00  1.9689226e-01
9.7128705e+00  22326034  8.3897438e+00  8.3817398e+00  1.6912440e-01
1.0286736e+01  26520842  7.4145462e+00  7.4072893e+00  1.4524986e-01
1.0894484e+01  31503438  6.5471438e+00  6.5408921e+00  1.2474890e-01
1.1538156e+01  37426927  5.7747587e+00  5.7692255e+00  1.0711535e-01
1.2220385e+01  44525830  5.0873250e+00  5.0824214e+00  9.1941970e-02
