# Power spectrum from CO𝘕CEPT job 4532064 at t = 3.1242836 Gyr, a = 0.32258065
#
# Components:
#   0: matter  (upstream grid size 1024)
#
#                           grid size 1024
# ╭────────────────────────────────────────────────────────────────╮
#                         component 0    (corrected)      (linear)
#                        σ₈ = 3.08e-01  σ₈ = 3.07e-01  σ₈ = 3.02e-01
#  k [Mpc⁻¹]    modes       P [Mpc³]       P [Mpc³]       P [Mpc³]
2.4543693e-02         3  8.1682098e+03  8.1682098e+03  8.2378614e+03
4.6570361e-02        25  4.3554439e+03  4.4208232e+03  4.4387283e+03
8.3521561e-02       124  1.9136338e+03  1.8707920e+03  1.8983146e+03
1.3383638e-01       418  8.8761100e+02  8.7745923e+02  8.3882998e+02
1.8592088e-01       730  4.7906359e+02  4.8984914e+02  4.7457324e+02
2.3260504e-01      1012  3.3000755e+02  3.2768604e+02  2.8549105e+02
2.7635505e-01      1408  2.4618665e+02  2.4649604e+02  2.0635640e+02
3.1919121e-01      1841  1.8625087e+02  1.8521666e+02  1.4822144e+02
3.6464415e-01      2698  1.4618794e+02  1.4525932e+02  1.1205691e+02
4.1290034e-01      3532  1.1646784e+02  1.1742650e+02  8.7341232e+01
4.6319578e-01      4702  9.4125751e+01  9.2335582e+01  6.4309832e+01
5.1570195e-01      6019  7.9588827e+01  8.0481129e+01  5.3400784e+01
5.7047444e-01      7766  6.6316918e+01  6.6248579e+01  4.1388972e+01
6.2844883e-01     10012  5.7819307e+01  5.6905854e+01  3.2484739e+01
6.8955465e-01     12589  4.9511519e+01  4.9658018e+01  2.6971978e+01
7.5323141e-01     15650  4.3051696e+01  4.3418904e+01  2.2074256e+01
8.2032763e-01     19757  3.7161442e+01  3.7044324e+01  1.7759337e+01
8.9088605e-01     24241  3.3179378e+01  3.2843068e+01  1.4495801e+01
9.6481958e-01     29993  2.9234137e+01  2.8996080e+01  1.2029613e+01
1.0423453e+00     36494  2.6031167e+01  2.5888196e+01  1.0027366e+01
1.1237267e+00     44825  2.3565908e+01  2.3465046e+01  8.3789430e+00
1.2089588e+00     53906  2.1268560e+01  2.1209847e+01  7.0298595e+00
1.2983336e+00     65729  1.9243002e+01  1.9188634e+01  5.9104065e+00
1.3921058e+00     78746  1.7519392e+01  1.7464101e+01  4.9831476e+00
1.4900211e+00     94374  1.5909386e+01  1.5860039e+01  4.2174944e+00
1.5921784e+00    112166  1.4590381e+01  1.4578190e+01  3.5893124e+00
1.6991083e+00    134373  1.3360529e+01  1.3362237e+01  3.0590626e+00
1.8110248e+00    159077  1.2316591e+01  1.2300116e+01  2.6079935e+00
1.9277595e+00    188172  1.1358220e+01  1.1344188e+01  2.2326917e+00
2.0497441e+00    222492  1.0547149e+01  1.0542671e+01  1.9167932e+00
2.1771282e+00    261771  9.7758763e+00  9.7674213e+00  1.6474807e+00
2.3098450e+00    306759  9.0464708e+00  9.0394867e+00  1.4199809e+00
2.4484375e+00    360898  8.4001118e+00  8.3930073e+00  1.2260508e+00
2.5937215e+00    425046  7.8082565e+00  7.8017474e+00  1.0599093e+00
2.7470320e+00    505555  7.2508479e+00  7.2444319e+00  9.1638397e-01
2.9094444e+00    600292  6.7335887e+00  6.7275424e+00  7.9202089e-01
3.0813867e+00    712930  6.2553688e+00  6.2498300e+00  6.8434617e-01
3.2634403e+00    846715  5.7914807e+00  5.7863293e+00  5.9110990e-01
3.4562097e+00   1005596  5.3629459e+00  5.3582292e+00  5.1042450e-01
3.6603648e+00   1194719  4.9615502e+00  4.9571537e+00  4.4059637e-01
3.8766358e+00   1419743  4.5679118e+00  4.5638065e+00  3.8017224e-01
4.1057220e+00   1686576  4.2072124e+00  4.2034359e+00  3.2793212e-01
4.3483372e+00   2003484  3.8610674e+00  3.8575875e+00  2.8278161e-01
4.6052142e+00   2378778  3.5396105e+00  3.5364013e+00  2.4377162e-01
4.8773359e+00   2828400  3.2384582e+00  3.2355041e+00  2.1007433e-01
5.1655179e+00   3356890  2.9565807e+00  2.9538821e+00  1.8098901e-01
5.4707002e+00   3990317  2.6890099e+00  2.6865559e+00  1.5588828e-01
5.7939476e+00   4738457  2.4471555e+00  2.4448803e+00  1.3421609e-01
6.1362572e+00   5629661  2.2234875e+00  2.2214657e+00  1.1553961e-01
6.4988210e+00   6687903  2.0206354e+00  2.0187484e+00  9.9424371e-02
6.8828355e+00   7945758  1.8337049e+00  1.8320053e+00  8.5536618e-02
7.2895050e+00   9436555  1.6603717e+00  1.6588345e+00  7.3569909e-02
7.7201584e+00  11210320  1.5004068e+00  1.4989798e+00  6.3260756e-02
8.1762927e+00  13318613  1.3571376e+00  1.3558520e+00  5.4381609e-02
8.6593661e+00  15819192  1.2279705e+00  1.2268234e+00  4.6739727e-02
9.1709925e+00  18795348  1.1081221e+00  1.1070636e+00  4.0157406e-02
9.7128705e+00  22326034  9.9909992e-01  9.9814676e-01  3.4494564e-02
1.0286736e+01  26520842  9.0081903e-01  8.9993736e-01  2.9625686e-02
1.0894484e+01  31503438  8.1160120e-01  8.1082623e-01  2.5444783e-02
1.1538156e+01  37426927  7.3149962e-01  7.3079872e-01  2.1848629e-02
1.2220385e+01  44525830  6.5935845e-01  6.5872292e-01  1.8754175e-02
