# Power spectrum from CO𝘕CEPT job 4532064 at t = 2.6133026 Gyr, a = 0.28571429
#
# Components:
#   0: matter  (upstream grid size 1024)
#
#                           grid size 1024
# ╭────────────────────────────────────────────────────────────────╮
#                         component 0    (corrected)      (linear)
#                        σ₈ = 2.73e-01  σ₈ = 2.72e-01  σ₈ = 2.69e-01
#  k [Mpc⁻¹]    modes       P [Mpc³]       P [Mpc³]       P [Mpc³]
2.4543693e-02         3  6.4708429e+03  6.4708429e+03  6.5183524e+03
4.6570361e-02        25  3.4491288e+03  3.5009035e+03  3.5123773e+03
8.3521561e-02       124  1.5139172e+03  1.4800241e+03  1.5021646e+03
1.3383638e-01       418  6.9755153e+02  6.8957350e+02  6.6378180e+02
1.8592088e-01       730  3.7479907e+02  3.8323723e+02  3.7553922e+02
2.3260504e-01      1012  2.5536459e+02  2.5356817e+02  2.2591486e+02
2.7635505e-01      1408  1.8936035e+02  1.8959832e+02  1.6329406e+02
3.1919121e-01      1841  1.4131460e+02  1.4052991e+02  1.1729070e+02
3.6464415e-01      2698  1.1055676e+02  1.0985448e+02  8.8672970e+01
4.1290034e-01      3532  8.7102380e+01  8.7819333e+01  6.9114943e+01
4.6319578e-01      4702  6.9584106e+01  6.8260692e+01  5.0889719e+01
5.1570195e-01      6019  5.8697983e+01  5.9356070e+01  4.2257164e+01
5.7047444e-01      7766  4.8433473e+01  4.8383562e+01  3.2751966e+01
6.2844883e-01     10012  4.1832058e+01  4.1171179e+01  2.5705860e+01
6.8955465e-01     12589  3.5286851e+01  3.5391261e+01  2.1343497e+01
7.5323141e-01     15650  3.0407168e+01  3.0666525e+01  1.7467827e+01
8.2032763e-01     19757  2.6143037e+01  2.6060644e+01  1.4053340e+01
8.9088605e-01     24241  2.3036850e+01  2.2803346e+01  1.1470835e+01
9.6481958e-01     29993  2.0185697e+01  2.0021323e+01  9.5192891e+00
1.0423453e+00     36494  1.7747712e+01  1.7650236e+01  7.9348690e+00
1.1237267e+00     44825  1.5902149e+01  1.5834088e+01  6.6304369e+00
1.2089588e+00     53906  1.4217236e+01  1.4177989e+01  5.5628786e+00
1.2983336e+00     65729  1.2762440e+01  1.2726382e+01  4.6770318e+00
1.3921058e+00     78746  1.1514262e+01  1.1477923e+01  3.9432722e+00
1.4900211e+00     94374  1.0379748e+01  1.0347552e+01  3.3373946e+00
1.5921784e+00    112166  9.4504018e+00  9.4425054e+00  2.8403009e+00
1.6991083e+00    134373  8.5917259e+00  8.5928248e+00  2.4207029e+00
1.8110248e+00    159077  7.8748645e+00  7.8643308e+00  2.0637623e+00
1.9277595e+00    188172  7.2227774e+00  7.2138546e+00  1.7667781e+00
2.0497441e+00    222492  6.6753236e+00  6.6724896e+00  1.5168008e+00
2.1771282e+00    261771  6.1382210e+00  6.1329121e+00  1.3036881e+00
2.3098450e+00    306759  5.6660752e+00  5.6617009e+00  1.1236626e+00
2.4484375e+00    360898  5.2517609e+00  5.2473191e+00  9.7020164e-01
2.5937215e+00    425046  4.8789978e+00  4.8749305e+00  8.3873033e-01
2.7470320e+00    505555  4.5251515e+00  4.5211474e+00  7.2515562e-01
2.9094444e+00    600292  4.1947552e+00  4.1909886e+00  6.2674444e-01
3.0813867e+00    712930  3.8790903e+00  3.8756556e+00  5.4153911e-01
3.2634403e+00    846715  3.5999674e+00  3.5967653e+00  4.6775923e-01
3.4562097e+00   1005596  3.3323438e+00  3.3294130e+00  4.0391112e-01
3.6603648e+00   1194719  3.0854850e+00  3.0827509e+00  3.4865460e-01
3.8766358e+00   1419743  2.8580059e+00  2.8554373e+00  3.0083966e-01
4.1057220e+00   1686576  2.6351134e+00  2.6327481e+00  2.5950091e-01
4.3483372e+00   2003484  2.4370018e+00  2.4348054e+00  2.2377232e-01
4.6052142e+00   2378778  2.2487040e+00  2.2466652e+00  1.9290284e-01
4.8773359e+00   2828400  2.0698635e+00  2.0679754e+00  1.6623743e-01
5.1655179e+00   3356890  1.9050882e+00  1.9033494e+00  1.4322156e-01
5.4707002e+00   3990317  1.7454096e+00  1.7438168e+00  1.2335878e-01
5.7939476e+00   4738457  1.6033774e+00  1.6018868e+00  1.0620909e-01
6.1362572e+00   5629661  1.4691467e+00  1.4678108e+00  9.1429954e-02
6.4988210e+00   6687903  1.3462251e+00  1.3449679e+00  7.8677588e-02
6.8828355e+00   7945758  1.2340988e+00  1.2329549e+00  6.7687881e-02
7.2895050e+00   9436555  1.1314902e+00  1.1304427e+00  5.8218338e-02
7.7201584e+00  11210320  1.0350353e+00  1.0340509e+00  5.0060454e-02
8.1762927e+00  13318613  9.4817182e-01  9.4727360e-01  4.3034166e-02
8.6593661e+00  15819192  8.6743183e-01  8.6662154e-01  3.6986953e-02
9.1709925e+00  18795348  7.9270674e-01  7.9194954e-01  3.1778193e-02
9.7128705e+00  22326034  7.2343255e-01  7.2274238e-01  2.7297038e-02
1.0286736e+01  26520842  6.6040988e-01  6.5976351e-01  2.3444164e-02
1.0894484e+01  31503438  6.0250072e-01  6.0192542e-01  2.0135701e-02
1.1538156e+01  37426927  5.4869486e-01  5.4816911e-01  1.7289962e-02
1.2220385e+01  44525830  4.9984954e-01  4.9936775e-01  1.4841229e-02
