# Power spectrum from CO𝘕CEPT job 4532064 at t = 6.2819341 Gyr, a = 0.52631579
#
# Components:
#   0: matter  (upstream grid size 1024)
#
#                           grid size 1024
# ╭────────────────────────────────────────────────────────────────╮
#                         component 0    (corrected)      (linear)
#                        σ₈ = 4.94e-01  σ₈ = 4.93e-01  σ₈ = 4.73e-01
#  k [Mpc⁻¹]    modes       P [Mpc³]       P [Mpc³]       P [Mpc³]
2.4543693e-02         3  1.9899378e+04  1.9899378e+04  2.0213667e+04
4.6570361e-02        25  1.0622662e+04  1.0782118e+04  1.0889292e+04
8.3521561e-02       124  4.7398243e+03  4.6337107e+03  4.6566766e+03
1.3383638e-01       418  2.2632891e+03  2.2374035e+03  2.0576493e+03
1.8592088e-01       730  1.2671645e+03  1.2956932e+03  1.1641188e+03
2.3260504e-01      1012  9.1422614e+02  9.0779483e+02  7.0030171e+02
2.7635505e-01      1408  7.0960926e+02  7.1050104e+02  5.0618576e+02
3.1919121e-01      1841  5.7423081e+02  5.7104222e+02  3.6358219e+02
3.6464415e-01      2698  4.5579864e+02  4.5290331e+02  2.7487162e+02
4.1290034e-01      3532  3.9301181e+02  3.9624675e+02  2.1424482e+02
4.6319578e-01      4702  3.3142446e+02  3.2512113e+02  1.5774958e+02
5.1570195e-01      6019  2.8490711e+02  2.8810132e+02  1.3099006e+02
5.7047444e-01      7766  2.4468141e+02  2.4442927e+02  1.0152552e+02
6.2844883e-01     10012  2.1870642e+02  2.1525121e+02  7.9683769e+01
6.8955465e-01     12589  1.9724556e+02  1.9782918e+02  6.6161173e+01
7.5323141e-01     15650  1.7806638e+02  1.7958519e+02  5.4147247e+01
8.2032763e-01     19757  1.5741656e+02  1.5692044e+02  4.3562919e+01
8.9088605e-01     24241  1.4582726e+02  1.4434914e+02  3.5557592e+01
9.6481958e-01     29993  1.3211928e+02  1.3104342e+02  2.9508131e+01
1.0423453e+00     36494  1.2183033e+02  1.2116120e+02  2.4596700e+01
1.1237267e+00     44825  1.1194393e+02  1.1146481e+02  2.0553184e+01
1.2089588e+00     53906  1.0365826e+02  1.0337210e+02  1.7243936e+01
1.2983336e+00     65729  9.5973266e+01  9.5702111e+01  1.4497964e+01
1.3921058e+00     78746  8.7967705e+01  8.7690078e+01  1.2223435e+01
1.4900211e+00     94374  8.1166737e+01  8.0914977e+01  1.0345319e+01
1.5921784e+00    112166  7.4587766e+01  7.4525443e+01  8.8044150e+00
1.6991083e+00    134373  6.8941445e+01  6.8950263e+01  7.5037343e+00
1.8110248e+00    159077  6.3790378e+01  6.3705050e+01  6.3972806e+00
1.9277595e+00    188172  5.8726894e+01  5.8654345e+01  5.4766811e+00
2.0497441e+00    222492  5.4042502e+01  5.4019559e+01  4.7017954e+00
2.1771282e+00    261771  4.9899074e+01  4.9855918e+01  4.0411835e+00
2.3098450e+00    306759  4.5684711e+01  4.5649441e+01  3.4831361e+00
2.4484375e+00    360898  4.1990767e+01  4.1955252e+01  3.0074342e+00
2.5937215e+00    425046  3.8530120e+01  3.8498000e+01  2.5998964e+00
2.7470320e+00    505555  3.5200183e+01  3.5169036e+01  2.2478351e+00
2.9094444e+00    600292  3.2146807e+01  3.2117941e+01  1.9427780e+00
3.0813867e+00    712930  2.9226465e+01  2.9200587e+01  1.6786569e+00
3.2634403e+00    846715  2.6502010e+01  2.6478437e+01  1.4499526e+00
3.4562097e+00   1005596  2.4042276e+01  2.4021131e+01  1.2520351e+00
3.6603648e+00   1194719  2.1724029e+01  2.1704779e+01  1.0807500e+00
3.8766358e+00   1419743  1.9592822e+01  1.9575213e+01  9.3253255e-01
4.1057220e+00   1686576  1.7628913e+01  1.7613089e+01  8.0439015e-01
4.3483372e+00   2003484  1.5883814e+01  1.5869498e+01  6.9363824e-01
4.6052142e+00   2378778  1.4269170e+01  1.4256233e+01  5.9794875e-01
4.8773359e+00   2828400  1.2742260e+01  1.2730636e+01  5.1529112e-01
5.1655179e+00   3356890  1.1408710e+01  1.1398297e+01  4.4394643e-01
5.4707002e+00   3990317  1.0209431e+01  1.0200114e+01  3.8237579e-01
5.7939476e+00   4738457  9.1203572e+00  9.1118780e+00  3.2921520e-01
6.1362572e+00   5629661  8.1376779e+00  8.1302782e+00  2.8340295e-01
6.4988210e+00   6687903  7.2437795e+00  7.2370149e+00  2.4387330e-01
6.8828355e+00   7945758  6.4559944e+00  6.4500105e+00  2.0980758e-01
7.2895050e+00   9436555  5.7380771e+00  5.7327650e+00  1.8045409e-01
7.7201584e+00  11210320  5.1000519e+00  5.0952016e+00  1.5516651e-01
8.1762927e+00  13318613  4.5283418e+00  4.5240520e+00  1.3338666e-01
8.6593661e+00  15819192  4.0222465e+00  4.0184892e+00  1.1464177e-01
9.1709925e+00  18795348  3.5674382e+00  3.5640305e+00  9.8495932e-02
9.7128705e+00  22326034  3.1605377e+00  3.1575225e+00  8.4605526e-02
1.0286736e+01  26520842  2.8042409e+00  2.8014963e+00  7.2662668e-02
1.0894484e+01  31503438  2.4816133e+00  2.4792437e+00  6.2407373e-02
1.1538156e+01  37426927  2.1945583e+00  2.1924556e+00  5.3586435e-02
1.2220385e+01  44525830  1.9429296e+00  1.9410569e+00  4.5996143e-02
