# Power spectrum from CO𝘕CEPT job 4532064 at t = 2.3139476 Gyr, a = 0.26315789
#
# Components:
#   0: matter  (upstream grid size 1024)
#
#                           grid size 1024
# ╭────────────────────────────────────────────────────────────────╮
#                         component 0    (corrected)      (linear)
#                        σ₈ = 2.51e-01  σ₈ = 2.51e-01  σ₈ = 2.48e-01
#  k [Mpc⁻¹]    modes       P [Mpc³]       P [Mpc³]       P [Mpc³]
2.4543693e-02         3  5.5178020e+03  5.5178020e+03  5.5545938e+03
4.6570361e-02        25  2.9404168e+03  2.9845553e+03  2.9931459e+03
8.3521561e-02       124  1.2902136e+03  1.2613287e+03  1.2801135e+03
1.3383638e-01       418  5.9195515e+02  5.8518485e+02  5.6566273e+02
1.8592088e-01       730  3.1738555e+02  3.2453111e+02  3.2002797e+02
2.3260504e-01      1012  2.1470346e+02  2.1319308e+02  1.9252078e+02
2.7635505e-01      1408  1.5864681e+02  1.5884619e+02  1.3915643e+02
3.1919121e-01      1841  1.1744310e+02  1.1679097e+02  9.9953157e+01
3.6464415e-01      2698  9.1667927e+01  9.1085634e+01  7.5565617e+01
4.1290034e-01      3532  7.1810569e+01  7.2401654e+01  5.8898599e+01
4.6319578e-01      4702  5.6927394e+01  5.5844697e+01  4.3367369e+01
5.1570195e-01      6019  4.7932148e+01  4.8469535e+01  3.6010852e+01
5.7047444e-01      7766  3.9328064e+01  3.9287537e+01  2.7910681e+01
6.2844883e-01     10012  3.3729431e+01  3.3196560e+01  2.1906108e+01
6.8955465e-01     12589  2.8198379e+01  2.8281814e+01  1.8188575e+01
7.5323141e-01     15650  2.4186007e+01  2.4392301e+01  1.4885793e+01
8.2032763e-01     19757  2.0732346e+01  2.0667005e+01  1.1976025e+01
8.9088605e-01     24241  1.8114068e+01  1.7930462e+01  9.7752570e+00
9.6481958e-01     29993  1.5793351e+01  1.5664744e+01  8.1121816e+00
1.0423453e+00     36494  1.3781840e+01  1.3706146e+01  6.7619651e+00
1.1237267e+00     44825  1.2248764e+01  1.2196340e+01  5.6503497e+00
1.2089588e+00     53906  1.0897036e+01  1.0866954e+01  4.7405943e+00
1.2983336e+00     65729  9.7128830e+00  9.6854409e+00  3.9856903e+00
1.3921058e+00     78746  8.7114723e+00  8.6839788e+00  3.3603925e+00
1.4900211e+00     94374  7.8194433e+00  7.7951891e+00  2.8440736e+00
1.5921784e+00    112166  7.0677309e+00  7.0618254e+00  2.4204585e+00
1.6991083e+00    134373  6.3895832e+00  6.3904004e+00  2.0628841e+00
1.8110248e+00    159077  5.8296691e+00  5.8218711e+00  1.7587052e+00
1.9277595e+00    188172  5.3282049e+00  5.3216226e+00  1.5056201e+00
2.0497441e+00    222492  4.8852449e+00  4.8831709e+00  1.2925936e+00
2.1771282e+00    261771  4.4797959e+00  4.4759214e+00  1.1109825e+00
2.3098450e+00    306759  4.1164886e+00  4.1133106e+00  9.5756770e-01
2.4484375e+00    360898  3.8093067e+00  3.8060849e+00  8.2679076e-01
2.5937215e+00    425046  3.5255665e+00  3.5226275e+00  7.1475306e-01
2.7470320e+00    505555  3.2579844e+00  3.2551016e+00  6.1796655e-01
2.9094444e+00    600292  3.0054749e+00  3.0027762e+00  5.3410214e-01
3.0813867e+00    712930  2.7772952e+00  2.7748361e+00  4.6149155e-01
3.2634403e+00    846715  2.5751336e+00  2.5728430e+00  3.9861753e-01
3.4562097e+00   1005596  2.3892581e+00  2.3871567e+00  3.4420720e-01
3.6603648e+00   1194719  2.2163628e+00  2.2143988e+00  2.9711849e-01
3.8766358e+00   1419743  2.0513760e+00  2.0495324e+00  2.5637136e-01
4.1057220e+00   1686576  1.8946554e+00  1.8929547e+00  2.2114314e-01
4.3483372e+00   2003484  1.7511721e+00  1.7495938e+00  1.9069580e-01
4.6052142e+00   2378778  1.6179866e+00  1.6165197e+00  1.6438932e-01
4.8773359e+00   2828400  1.4893129e+00  1.4879543e+00  1.4166547e-01
5.1655179e+00   3356890  1.3714828e+00  1.3702310e+00  1.2205170e-01
5.4707002e+00   3990317  1.2625530e+00  1.2614008e+00  1.0512495e-01
5.7939476e+00   4738457  1.1616029e+00  1.1605229e+00  9.0510243e-02
6.1362572e+00   5629661  1.0702754e+00  1.0693021e+00  7.7915690e-02
6.4988210e+00   6687903  9.8761782e-01  9.8669553e-01  6.7048314e-02
6.8828355e+00   7945758  9.1256013e-01  9.1171431e-01  5.7683048e-02
7.2895050e+00   9436555  8.4298339e-01  8.4220298e-01  4.9613241e-02
7.7201584e+00  11210320  7.7961056e-01  7.7886912e-01  4.2661209e-02
8.1762927e+00  13318613  7.2161537e-01  7.2093177e-01  3.6673504e-02
8.6593661e+00  15819192  6.6842182e-01  6.6779743e-01  3.1520151e-02
9.1709925e+00  18795348  6.1819879e-01  6.1760828e-01  2.7081314e-02
9.7128705e+00  22326034  5.7063197e-01  5.7008758e-01  2.3262531e-02
1.0286736e+01  26520842  5.2631808e-01  5.2580295e-01  1.9979159e-02
1.0894484e+01  31503438  4.8513808e-01  4.8467484e-01  1.7159726e-02
1.1538156e+01  37426927  4.4721446e-01  4.4678595e-01  1.4734619e-02
1.2220385e+01  44525830  4.1148332e-01  4.1108670e-01  1.2647835e-02
