# Power spectrum from CO𝘕CEPT job 4532064 at t = 3.4443479 Gyr, a = 0.34482759
#
# Components:
#   0: matter  (upstream grid size 1024)
#
#                           grid size 1024
# ╭────────────────────────────────────────────────────────────────╮
#                         component 0    (corrected)      (linear)
#                        σ₈ = 3.29e-01  σ₈ = 3.28e-01  σ₈ = 3.22e-01
#  k [Mpc⁻¹]    modes       P [Mpc³]       P [Mpc³]       P [Mpc³]
2.4543693e-02         3  9.2706304e+03  9.2706304e+03  9.3567734e+03
4.6570361e-02        25  4.9442423e+03  5.0184601e+03  5.0414917e+03
8.3521561e-02       124  2.1742452e+03  2.1255690e+03  2.1560792e+03
1.3383638e-01       418  1.0123426e+03  1.0007643e+03  9.5272869e+02
1.8592088e-01       730  5.4814816e+02  5.6048907e+02  5.3901166e+02
2.3260504e-01      1012  3.7994157e+02  3.7726880e+02  3.2425542e+02
2.7635505e-01      1408  2.8450656e+02  2.8486411e+02  2.3437571e+02
3.1919121e-01      1841  2.1703129e+02  2.1582616e+02  1.6834711e+02
3.6464415e-01      2698  1.7063106e+02  1.6954718e+02  1.2727211e+02
4.1290034e-01      3532  1.3700881e+02  1.3813655e+02  9.9200502e+01
4.6319578e-01      4702  1.1139281e+02  1.0927424e+02  7.3041874e+01
5.1570195e-01      6019  9.4293926e+01  9.5351093e+01  6.0651585e+01
5.7047444e-01      7766  7.9035179e+01  7.8953734e+01  4.7008797e+01
6.2844883e-01     10012  6.9247445e+01  6.8153446e+01  3.6895540e+01
6.8955465e-01     12589  5.9792983e+01  5.9969902e+01  3.0634252e+01
7.5323141e-01     15650  5.2306194e+01  5.2752338e+01  2.5071513e+01
8.2032763e-01     19757  4.5269972e+01  4.5127298e+01  2.0170711e+01
8.9088605e-01     24241  4.0711441e+01  4.0298786e+01  1.6464049e+01
9.6481958e-01     29993  3.5953566e+01  3.5660791e+01  1.3663001e+01
1.0423453e+00     36494  3.2257146e+01  3.2079980e+01  1.1388887e+01
1.1237267e+00     44825  2.9317870e+01  2.9192389e+01  9.5166400e+00
1.2089588e+00     53906  2.6641000e+01  2.6567456e+01  7.9843770e+00
1.2983336e+00     65729  2.4183417e+01  2.4115091e+01  6.7129239e+00
1.3921058e+00     78746  2.2132892e+01  2.2063040e+01  5.6597612e+00
1.4900211e+00     94374  2.0199215e+01  2.0136562e+01  4.7901471e+00
1.5921784e+00    112166  1.8616385e+01  1.8600830e+01  4.0766702e+00
1.6991083e+00    134373  1.7062220e+01  1.7064402e+01  3.4744227e+00
1.8110248e+00    159077  1.5774812e+01  1.5753711e+01  2.9621071e+00
1.9277595e+00    188172  1.4600882e+01  1.4582844e+01  2.5358467e+00
2.0497441e+00    222492  1.3565763e+01  1.3560004e+01  2.1770552e+00
2.1771282e+00    261771  1.2634377e+01  1.2623450e+01  1.8711754e+00
2.3098450e+00    306759  1.1701922e+01  1.1692888e+01  1.6127855e+00
2.4484375e+00    360898  1.0903822e+01  1.0894600e+01  1.3925235e+00
2.5937215e+00    425046  1.0132545e+01  1.0124099e+01  1.2038233e+00
2.7470320e+00    505555  9.4004670e+00  9.3921489e+00  1.0408100e+00
2.9094444e+00    600292  8.7058366e+00  8.6980194e+00  8.9956084e-01
3.0813867e+00    712930  8.0816573e+00  8.0745015e+00  7.7726601e-01
3.2634403e+00    846715  7.4810133e+00  7.4743591e+00  6.7137008e-01
3.4562097e+00   1005596  6.8944605e+00  6.8883968e+00  5.7972920e-01
3.6603648e+00   1194719  6.3558840e+00  6.3502520e+00  5.0041980e-01
3.8766358e+00   1419743  5.8390226e+00  5.8337749e+00  4.3179127e-01
4.1057220e+00   1686576  5.3578404e+00  5.3530311e+00  3.7245799e-01
4.3483372e+00   2003484  4.8911119e+00  4.8867036e+00  3.2117694e-01
4.6052142e+00   2378778  4.4725452e+00  4.4684902e+00  2.7687017e-01
4.8773359e+00   2828400  4.0710147e+00  4.0673011e+00  2.3859747e-01
5.1655179e+00   3356890  3.7038464e+00  3.7004657e+00  2.0556296e-01
5.4707002e+00   3990317  3.3568152e+00  3.3537518e+00  1.7705406e-01
5.7939476e+00   4738457  3.0373357e+00  3.0345119e+00  1.5243924e-01
6.1362572e+00   5629661  2.7452525e+00  2.7427562e+00  1.3122688e-01
6.4988210e+00   6687903  2.4825329e+00  2.4802146e+00  1.1292353e-01
6.8828355e+00   7945758  2.2428853e+00  2.2408064e+00  9.7150114e-02
7.2895050e+00   9436555  2.0200774e+00  2.0182073e+00  8.3558583e-02
7.7201584e+00  11210320  1.8213281e+00  1.8195960e+00  7.1849670e-02
8.1762927e+00  13318613  1.6386790e+00  1.6371267e+00  6.1764930e-02
8.6593661e+00  15819192  1.4736305e+00  1.4722540e+00  5.3085452e-02
9.1709925e+00  18795348  1.3222742e+00  1.3210111e+00  4.5609402e-02
9.7128705e+00  22326034  1.1878089e+00  1.1866758e+00  3.9177678e-02
1.0286736e+01  26520842  1.0639606e+00  1.0629193e+00  3.3647722e-02
1.0894484e+01  31503438  9.5374618e-01  9.5283548e-01  2.8899153e-02
1.1538156e+01  37426927  8.5539003e-01  8.5457042e-01  2.4814731e-02
1.2220385e+01  44525830  7.6703974e-01  7.6630042e-01  2.1300129e-02
