# Power spectrum from CO𝘕CEPT job 4532064 at t = 2.9820513 Gyr, a = 0.3125
#
# Components:
#   0: matter  (upstream grid size 1024)
#
#                           grid size 1024
# ╭────────────────────────────────────────────────────────────────╮
#                         component 0    (corrected)      (linear)
#                        σ₈ = 2.98e-01  σ₈ = 2.98e-01  σ₈ = 2.93e-01
#  k [Mpc⁻¹]    modes       P [Mpc³]       P [Mpc³]       P [Mpc³]
2.4543693e-02         3  7.6874924e+03  7.6874924e+03  7.7505341e+03
4.6570361e-02        25  4.0987299e+03  4.1602557e+03  4.1761960e+03
8.3521561e-02       124  1.8002465e+03  1.7599432e+03  1.7860447e+03
1.3383638e-01       418  8.3353298e+02  8.2399970e+02  7.8922101e+02
1.8592088e-01       730  4.4927412e+02  4.5938899e+02  4.4650685e+02
2.3260504e-01      1012  3.0858640e+02  3.0641558e+02  2.6860707e+02
2.7635505e-01      1408  2.2982116e+02  2.3010998e+02  1.9415247e+02
3.1919121e-01      1841  1.7321655e+02  1.7225471e+02  1.3945563e+02
3.6464415e-01      2698  1.3584495e+02  1.3498204e+02  1.0542987e+02
4.1290034e-01      3532  1.0787265e+02  1.0876057e+02  8.2175876e+01
4.6319578e-01      4702  8.6919814e+01  8.5266694e+01  6.0506553e+01
5.1570195e-01      6019  7.3453154e+01  7.4276667e+01  5.0242667e+01
5.7047444e-01      7766  6.1038269e+01  6.0975370e+01  3.8941233e+01
6.2844883e-01     10012  5.3091145e+01  5.2252389e+01  3.0563596e+01
6.8955465e-01     12589  4.5279380e+01  4.5413356e+01  2.5376859e+01
7.5323141e-01     15650  3.9268482e+01  3.9603421e+01  2.0768788e+01
8.2032763e-01     19757  3.3858556e+01  3.3751847e+01  1.6709053e+01
8.9088605e-01     24241  3.0125318e+01  2.9819965e+01  1.3638522e+01
9.6481958e-01     29993  2.6510439e+01  2.6294561e+01  1.1318184e+01
1.0423453e+00     36494  2.3524204e+01  2.3395002e+01  9.4343498e+00
1.1237267e+00     44825  2.1244495e+01  2.1153569e+01  7.8834141e+00
1.2089588e+00     53906  1.9119073e+01  1.9066293e+01  6.6141152e+00
1.2983336e+00     65729  1.7268545e+01  1.7219756e+01  5.5608665e+00
1.3921058e+00     78746  1.5683349e+01  1.5633852e+01  4.6884456e+00
1.4900211e+00     94374  1.4209660e+01  1.4165585e+01  3.9680730e+00
1.5921784e+00    112166  1.3010483e+01  1.2999612e+01  3.3770416e+00
1.6991083e+00    134373  1.1896559e+01  1.1898081e+01  2.8781507e+00
1.8110248e+00    159077  1.0952844e+01  1.0938193e+01  2.4537577e+00
1.9277595e+00    188172  1.0081795e+01  1.0069340e+01  2.1006512e+00
2.0497441e+00    222492  9.3595678e+00  9.3555943e+00  1.8034348e+00
2.1771282e+00    261771  8.6553284e+00  8.6478426e+00  1.5500495e+00
2.3098450e+00    306759  8.0080426e+00  8.0018602e+00  1.3360039e+00
2.4484375e+00    360898  7.4287573e+00  7.4224743e+00  1.1535429e+00
2.5937215e+00    425046  6.9103278e+00  6.9045672e+00  9.9722695e-01
2.7470320e+00    505555  6.4207953e+00  6.4151138e+00  8.6218964e-01
2.9094444e+00    600292  5.9705390e+00  5.9651779e+00  7.4518136e-01
3.0813867e+00    712930  5.5407355e+00  5.5358295e+00  6.4387450e-01
3.2634403e+00    846715  5.1342136e+00  5.1296469e+00  5.5615219e-01
3.4562097e+00   1005596  4.7582084e+00  4.7540235e+00  4.8023850e-01
3.6603648e+00   1194719  4.4016778e+00  4.3977775e+00  4.1453999e-01
3.8766358e+00   1419743  4.0603112e+00  4.0566621e+00  3.5768931e-01
4.1057220e+00   1686576  3.7394333e+00  3.7360767e+00  3.0853866e-01
4.3483372e+00   2003484  3.4370493e+00  3.4339515e+00  2.6605833e-01
4.6052142e+00   2378778  3.1580216e+00  3.1551584e+00  2.2935537e-01
4.8773359e+00   2828400  2.8940013e+00  2.8913614e+00  1.9765092e-01
5.1655179e+00   3356890  2.6490327e+00  2.6466149e+00  1.7028569e-01
5.4707002e+00   3990317  2.4144682e+00  2.4122648e+00  1.4666940e-01
5.7939476e+00   4738457  2.2033930e+00  2.2013445e+00  1.2627890e-01
6.1362572e+00   5629661  2.0068993e+00  2.0050744e+00  1.0870693e-01
6.4988210e+00   6687903  1.8281965e+00  1.8264892e+00  9.3544729e-02
6.8828355e+00   7945758  1.6626939e+00  1.6611528e+00  8.0478285e-02
7.2895050e+00   9436555  1.5082887e+00  1.5068923e+00  6.9219275e-02
7.7201584e+00  11210320  1.3674679e+00  1.3661673e+00  5.9519794e-02
8.1762927e+00  13318613  1.2415661e+00  1.2403899e+00  5.1165748e-02
8.6593661e+00  15819192  1.1261338e+00  1.1250818e+00  4.3975798e-02
9.1709925e+00  18795348  1.0185761e+00  1.0176031e+00  3.7782745e-02
9.7128705e+00  22326034  9.2120807e-01  9.2032922e-01  3.2454793e-02
1.0286736e+01  26520842  8.3265951e-01  8.3184455e-01  2.7873852e-02
1.0894484e+01  31503438  7.5158070e-01  7.5086304e-01  2.3940199e-02
1.1538156e+01  37426927  6.7879802e-01  6.7814762e-01  2.0556713e-02
1.2220385e+01  44525830  6.1325876e-01  6.1266766e-01  1.7645257e-02
