# Power spectrum from CO𝘕CEPT job 4532064 at t = 3.6249528 Gyr, a = 0.35714286
#
# Components:
#   0: matter  (upstream grid size 1024)
#
#                           grid size 1024
# ╭────────────────────────────────────────────────────────────────╮
#                         component 0    (corrected)      (linear)
#                        σ₈ = 3.40e-01  σ₈ = 3.40e-01  σ₈ = 3.33e-01
#  k [Mpc⁻¹]    modes       P [Mpc³]       P [Mpc³]       P [Mpc³]
2.4543693e-02         3  9.9046718e+03  9.9046718e+03  1.0000797e+04
4.6570361e-02        25  5.2829301e+03  5.3622318e+03  5.3884212e+03
8.3521561e-02       124  2.3245235e+03  2.2724829e+03  2.3044381e+03
1.3383638e-01       418  1.0845232e+03  1.0721193e+03  1.0182840e+03
1.8592088e-01       730  5.8836690e+02  6.0161328e+02  5.7609963e+02
2.3260504e-01      1012  4.0916120e+02  4.0628287e+02  3.4656651e+02
2.7635505e-01      1408  3.0703772e+02  3.0742358e+02  2.5050241e+02
3.1919121e-01      1841  2.3528327e+02  2.3397678e+02  1.7993057e+02
3.6464415e-01      2698  1.8513541e+02  1.8395940e+02  1.3602931e+02
4.1290034e-01      3532  1.4934502e+02  1.5057431e+02  1.0602618e+02
4.6319578e-01      4702  1.2178434e+02  1.1946814e+02  7.8067656e+01
5.1570195e-01      6019  1.0314494e+02  1.0430134e+02  6.4824829e+01
5.7047444e-01      7766  8.6720855e+01  8.6631490e+01  5.0243324e+01
6.2844883e-01     10012  7.6181143e+01  7.4977603e+01  3.9434205e+01
6.8955465e-01     12589  6.6048865e+01  6.6244295e+01  3.2742097e+01
7.5323141e-01     15650  5.7974995e+01  5.8469491e+01  2.6796603e+01
8.2032763e-01     19757  5.0251544e+01  5.0093170e+01  2.1558592e+01
8.9088605e-01     24241  4.5355090e+01  4.4895366e+01  1.7596887e+01
9.6481958e-01     29993  4.0099595e+01  3.9773059e+01  1.4603107e+01
1.0423453e+00     36494  3.6119362e+01  3.5920984e+01  1.2172519e+01
1.1237267e+00     44825  3.2864776e+01  3.2724115e+01  1.0171449e+01
1.2089588e+00     53906  2.9974715e+01  2.9891967e+01  8.5337555e+00
1.2983336e+00     65729  2.7252685e+01  2.7175688e+01  7.1748178e+00
1.3921058e+00     78746  2.4999381e+01  2.4920482e+01  6.0491903e+00
1.4900211e+00     94374  2.2859308e+01  2.2788404e+01  5.1197409e+00
1.5921784e+00    112166  2.1144782e+01  2.1127114e+01  4.3571719e+00
1.6991083e+00    134373  1.9357856e+01  1.9360332e+01  3.7134857e+00
1.8110248e+00    159077  1.7921738e+01  1.7897765e+01  3.1659194e+00
1.9277595e+00    188172  1.6591920e+01  1.6571422e+01  2.7103293e+00
2.0497441e+00    222492  1.5410947e+01  1.5404404e+01  2.3268506e+00
2.1771282e+00    261771  1.4376881e+01  1.4364446e+01  1.9999242e+00
2.3098450e+00    306759  1.3321662e+01  1.3311377e+01  1.7237553e+00
2.4484375e+00    360898  1.2415366e+01  1.2404865e+01  1.4883379e+00
2.5937215e+00    425046  1.1544579e+01  1.1534955e+01  1.2866538e+00
2.7470320e+00    505555  1.0714713e+01  1.0705232e+01  1.1124241e+00
2.9094444e+00    600292  9.9104839e+00  9.9015849e+00  9.6145608e-01
3.0813867e+00    712930  9.1913795e+00  9.1832411e+00  8.3074655e-01
3.2634403e+00    846715  8.5070594e+00  8.4994925e+00  7.1756428e-01
3.4562097e+00   1005596  7.8370583e+00  7.8301656e+00  6.1961791e-01
3.6603648e+00   1194719  7.2035584e+00  7.1971752e+00  5.3485150e-01
3.8766358e+00   1419743  6.6082978e+00  6.6023588e+00  4.6150088e-01
4.1057220e+00   1686576  6.0478761e+00  6.0424474e+00  3.9808508e-01
4.3483372e+00   2003484  5.5015072e+00  5.4965488e+00  3.4327557e-01
4.6052142e+00   2378778  5.0216319e+00  5.0170791e+00  2.9592021e-01
4.8773359e+00   2828400  4.5551745e+00  4.5510192e+00  2.5501411e-01
5.1655179e+00   3356890  4.1344706e+00  4.1306969e+00  2.1970661e-01
5.4707002e+00   3990317  3.7419478e+00  3.7385329e+00  1.8923613e-01
5.7939476e+00   4738457  3.3795402e+00  3.3763982e+00  1.6292765e-01
6.1362572e+00   5629661  3.0499530e+00  3.0471797e+00  1.4025575e-01
6.4988210e+00   6687903  2.7471587e+00  2.7445932e+00  1.2069302e-01
6.8828355e+00   7945758  2.4765194e+00  2.4742240e+00  1.0383430e-01
7.2895050e+00   9436555  2.2276899e+00  2.2256276e+00  8.9307595e-02
7.7201584e+00  11210320  2.0017977e+00  1.9998939e+00  7.6793043e-02
8.1762927e+00  13318613  1.7979484e+00  1.7962452e+00  6.6014418e-02
8.6593661e+00  15819192  1.6140374e+00  1.6125297e+00  5.6737746e-02
9.1709925e+00  18795348  1.4458439e+00  1.4444628e+00  4.8747306e-02
9.7128705e+00  22326034  1.2956247e+00  1.2943887e+00  4.1873047e-02
1.0286736e+01  26520842  1.1601745e+00  1.1590390e+00  3.5962605e-02
1.0894484e+01  31503438  1.0373075e+00  1.0363170e+00  3.0887314e-02
1.1538156e+01  37426927  9.2881808e-01  9.2792811e-01  2.6521866e-02
1.2220385e+01  44525830  8.3144091e-01  8.3063951e-01  2.2765447e-02
