# Power spectrum from CO𝘕CEPT job 4532064 at t = 7.2998856 Gyr, a = 0.58823529
#
# Components:
#   0: matter  (upstream grid size 1024)
#
#                           grid size 1024
# ╭────────────────────────────────────────────────────────────────╮
#                         component 0    (corrected)      (linear)
#                        σ₈ = 5.46e-01  σ₈ = 5.45e-01  σ₈ = 5.19e-01
#  k [Mpc⁻¹]    modes       P [Mpc³]       P [Mpc³]       P [Mpc³]
2.4543693e-02         3  2.3908973e+04  2.3908973e+04  2.4340009e+04
4.6570361e-02        25  1.2763551e+04  1.2955144e+04  1.3111528e+04
8.3521561e-02       124  5.7376786e+03  5.6092254e+03  5.6068784e+03
1.3383638e-01       418  2.7581880e+03  2.7266421e+03  2.4774998e+03
1.8592088e-01       730  1.5621956e+03  1.5973666e+03  1.4016469e+03
2.3260504e-01      1012  1.1385688e+03  1.1305593e+03  8.4319139e+02
2.7635505e-01      1408  8.9573855e+02  8.9686424e+02  6.0946773e+02
3.1919121e-01      1841  7.3723774e+02  7.3314400e+02  4.3776725e+02
3.6464415e-01      2698  5.8711801e+02  5.8338852e+02  3.3095617e+02
4.1290034e-01      3532  5.1392056e+02  5.1815072e+02  2.5795910e+02
4.6319578e-01      4702  4.3992245e+02  4.3155561e+02  1.8993661e+02
5.1570195e-01      6019  3.8346340e+02  3.8776257e+02  1.5771710e+02
5.7047444e-01      7766  3.3317118e+02  3.3282785e+02  1.2224064e+02
6.2844883e-01     10012  2.9512164e+02  2.9045919e+02  9.5942328e+01
6.8955465e-01     12589  2.6921420e+02  2.7001077e+02  7.9660597e+01
7.5323141e-01     15650  2.4520311e+02  2.4729456e+02  6.5195366e+01
8.2032763e-01     19757  2.1723065e+02  2.1654602e+02  5.2451425e+01
8.9088605e-01     24241  2.0050659e+02  1.9847424e+02  4.2812704e+01
9.6481958e-01     29993  1.8365664e+02  1.8216110e+02  3.5528919e+01
1.0423453e+00     36494  1.6712710e+02  1.6620919e+02  2.9615367e+01
1.1237267e+00     44825  1.5478104e+02  1.5411858e+02  2.4746817e+01
1.2089588e+00     53906  1.4355421e+02  1.4315792e+02  2.0762356e+01
1.2983336e+00     65729  1.3269966e+02  1.3232474e+02  1.7456100e+01
1.3921058e+00     78746  1.2247199e+02  1.2208547e+02  1.4717480e+01
1.4900211e+00     94374  1.1281137e+02  1.1246145e+02  1.2456157e+01
1.5921784e+00    112166  1.0421390e+02  1.0412682e+02  1.0600849e+01
1.6991083e+00    134373  9.6008128e+01  9.6020407e+01  9.0347794e+00
1.8110248e+00    159077  8.8377758e+01  8.8259540e+01  7.7025668e+00
1.9277595e+00    188172  8.1092683e+01  8.0992503e+01  6.5941298e+00
2.0497441e+00    222492  7.4413614e+01  7.4382022e+01  5.6611377e+00
2.1771282e+00    261771  6.8153424e+01  6.8094479e+01  4.8657358e+00
2.3098450e+00    306759  6.2372082e+01  6.2323929e+01  4.1938255e+00
2.4484375e+00    360898  5.6776812e+01  5.6728792e+01  3.6210622e+00
2.5937215e+00    425046  5.1742418e+01  5.1699285e+01  3.1303712e+00
2.7470320e+00    505555  4.7065624e+01  4.7023977e+01  2.7064759e+00
2.9094444e+00    600292  4.2801783e+01  4.2763350e+01  2.3391757e+00
3.0813867e+00    712930  3.8728105e+01  3.8693813e+01  2.0211637e+00
3.2634403e+00    846715  3.5060145e+01  3.5028960e+01  1.7457951e+00
3.4562097e+00   1005596  3.1757527e+01  3.1729597e+01  1.5074949e+00
3.6603648e+00   1194719  2.8590749e+01  2.8565414e+01  1.3012613e+00
3.8766358e+00   1419743  2.5655655e+01  2.5632598e+01  1.1228018e+00
4.1057220e+00   1686576  2.3019926e+01  2.2999263e+01  9.6851357e-01
4.3483372e+00   2003484  2.0613557e+01  2.0594978e+01  8.3516413e-01
4.6052142e+00   2378778  1.8475215e+01  1.8458464e+01  7.1995041e-01
4.8773359e+00   2828400  1.6491416e+01  1.6476372e+01  6.2042754e-01
5.1655179e+00   3356890  1.4718847e+01  1.4705412e+01  5.3452589e-01
5.4707002e+00   3990317  1.3148197e+01  1.3136198e+01  4.6039256e-01
5.7939476e+00   4738457  1.1717657e+01  1.1706763e+01  3.9638527e-01
6.1362572e+00   5629661  1.0436214e+01  1.0426724e+01  3.4122564e-01
6.4988210e+00   6687903  9.2655333e+00  9.2568806e+00  2.9363051e-01
6.8828355e+00   7945758  8.2510306e+00  8.2433829e+00  2.5261415e-01
7.2895050e+00   9436555  7.3345679e+00  7.3277778e+00  2.1727151e-01
7.7201584e+00  11210320  6.5100932e+00  6.5039018e+00  1.8682436e-01
8.1762927e+00  13318613  5.7696826e+00  5.7642169e+00  1.6060067e-01
8.6593661e+00  15819192  5.1214684e+00  5.1166843e+00  1.3803117e-01
9.1709925e+00  18795348  4.5410177e+00  4.5366800e+00  1.1859103e-01
9.7128705e+00  22326034  4.0226277e+00  4.0187900e+00  1.0186652e-01
1.0286736e+01  26520842  3.5615685e+00  3.5580827e+00  8.7486923e-02
1.0894484e+01  31503438  3.1545659e+00  3.1515537e+00  7.5139216e-02
1.1538156e+01  37426927  2.7897996e+00  2.7871265e+00  6.4518529e-02
1.2220385e+01  44525830  2.4630676e+00  2.4606935e+00  5.5379587e-02
