# Power spectrum from CO𝘕CEPT job 4532064 at t = 6.7614249 Gyr, a = 0.55555556
#
# Components:
#   0: matter  (upstream grid size 1024)
#
#                           grid size 1024
# ╭────────────────────────────────────────────────────────────────╮
#                         component 0    (corrected)      (linear)
#                        σ₈ = 5.19e-01  σ₈ = 5.18e-01  σ₈ = 4.95e-01
#  k [Mpc⁻¹]    modes       P [Mpc³]       P [Mpc³]       P [Mpc³]
2.4543693e-02         3  2.1782780e+04  2.1782780e+04  2.2149929e+04
4.6570361e-02        25  1.1628456e+04  1.1803010e+04  1.1932081e+04
8.3521561e-02       124  5.2062737e+03  5.0897174e+03  5.1025644e+03
1.3383638e-01       418  2.4941366e+03  2.4656107e+03  2.2546671e+03
1.8592088e-01       730  1.4041577e+03  1.4357707e+03  1.2755806e+03
2.3260504e-01      1012  1.0181606e+03  1.0109982e+03  7.6735378e+02
2.7635505e-01      1408  7.9536586e+02  7.9636541e+02  5.5465162e+02
3.1919121e-01      1841  6.4890005e+02  6.4529684e+02  3.9839410e+02
3.6464415e-01      2698  5.1584428e+02  5.1256753e+02  3.0118973e+02
4.1290034e-01      3532  4.4839080e+02  4.5208158e+02  2.3475808e+02
4.6319578e-01      4702  3.8086608e+02  3.7362242e+02  1.7285360e+02
5.1570195e-01      6019  3.2942380e+02  3.3311710e+02  1.4353193e+02
5.7047444e-01      7766  2.8422213e+02  2.8392924e+02  1.1124625e+02
6.2844883e-01     10012  2.5292948e+02  2.4893360e+02  8.7313225e+01
6.8955465e-01     12589  2.2970274e+02  2.3038240e+02  7.2495883e+01
7.5323141e-01     15650  2.0799412e+02  2.0976820e+02  5.9331664e+01
8.2032763e-01     19757  1.8397343e+02  1.8339361e+02  4.7733920e+01
8.9088605e-01     24241  1.7042558e+02  1.6869813e+02  3.8962110e+01
9.6481958e-01     29993  1.5514890e+02  1.5388550e+02  3.2333434e+01
1.0423453e+00     36494  1.4245513e+02  1.4167273e+02  2.6951749e+01
1.1237267e+00     44825  1.3157842e+02  1.3101527e+02  2.2521079e+01
1.2089588e+00     53906  1.2204843e+02  1.2171151e+02  1.8894983e+01
1.2983336e+00     65729  1.1321848e+02  1.1289860e+02  1.5886092e+01
1.3921058e+00     78746  1.0435036e+02  1.0402103e+02  1.3393786e+01
1.4900211e+00     94374  9.6170061e+01  9.5871763e+01  1.1335847e+01
1.5921784e+00    112166  8.8500993e+01  8.8427045e+01  9.6474058e+00
1.6991083e+00    134373  8.1529807e+01  8.1540235e+01  8.2221893e+00
1.8110248e+00    159077  7.5141640e+01  7.5041128e+01  7.0097965e+00
1.9277595e+00    188172  6.9048564e+01  6.8963263e+01  6.0010528e+00
2.0497441e+00    222492  6.3314762e+01  6.3287883e+01  5.1519744e+00
2.1771282e+00    261771  5.8159442e+01  5.8109141e+01  4.4281112e+00
2.3098450e+00    306759  5.3223221e+01  5.3182132e+01  3.8166328e+00
2.4484375e+00    360898  4.8539648e+01  4.8498595e+01  3.2953840e+00
2.5937215e+00    425046  4.4443755e+01  4.4406706e+01  2.8488260e+00
2.7470320e+00    505555  4.0495814e+01  4.0459981e+01  2.4630560e+00
2.9094444e+00    600292  3.6995911e+01  3.6962691e+01  2.1287908e+00
3.0813867e+00    712930  3.3527420e+01  3.3497734e+01  1.8393810e+00
3.2634403e+00    846715  3.0462776e+01  3.0435680e+01  1.5887791e+00
3.4562097e+00   1005596  2.7470679e+01  2.7446519e+01  1.3719117e+00
3.6603648e+00   1194719  2.4713076e+01  2.4691177e+01  1.1842267e+00
3.8766358e+00   1419743  2.2243785e+01  2.2223794e+01  1.0218180e+00
4.1057220e+00   1686576  2.0034241e+01  2.0016258e+01  8.8140640e-01
4.3483372e+00   2003484  1.7997262e+01  1.7981041e+01  7.6005042e-01
4.6052142e+00   2378778  1.6177042e+01  1.6162375e+01  6.5519903e-01
4.8773359e+00   2828400  1.4446221e+01  1.4433043e+01  5.6462725e-01
5.1655179e+00   3356890  1.2926438e+01  1.2914640e+01  4.8645159e-01
5.4707002e+00   3990317  1.1548268e+01  1.1537729e+01  4.1898581e-01
5.7939476e+00   4738457  1.0294186e+01  1.0284615e+01  3.6073532e-01
6.1362572e+00   5629661  9.1870652e+00  9.1787112e+00  3.1053673e-01
6.4988210e+00   6687903  8.1858082e+00  8.1781638e+00  2.6722229e-01
6.8828355e+00   7945758  7.2941511e+00  7.2873904e+00  2.2989493e-01
7.2895050e+00   9436555  6.4745933e+00  6.4685993e+00  1.9773098e-01
7.7201584e+00  11210320  5.7508931e+00  5.7454237e+00  1.7002224e-01
8.1762927e+00  13318613  5.1034800e+00  5.0986454e+00  1.4615708e-01
8.6593661e+00  15819192  4.5298666e+00  4.5256352e+00  1.2561746e-01
9.1709925e+00  18795348  4.0129434e+00  4.0091102e+00  1.0792574e-01
9.7128705e+00  22326034  3.5578749e+00  3.5544806e+00  9.2705407e-02
1.0286736e+01  26520842  3.1515454e+00  3.1484608e+00  7.9619091e-02
1.0894484e+01  31503438  2.7894817e+00  2.7868181e+00  6.8381915e-02
1.1538156e+01  37426927  2.4663799e+00  2.4640167e+00  5.8716429e-02
1.2220385e+01  44525830  2.1789072e+00  2.1768070e+00  5.0399420e-02
