# Power spectrum from CO𝘕CEPT job 4532064 at t = 2.8501215 Gyr, a = 0.3030303
#
# Components:
#   0: matter  (upstream grid size 1024)
#
#                           grid size 1024
# ╭────────────────────────────────────────────────────────────────╮
#                         component 0    (corrected)      (linear)
#                        σ₈ = 2.89e-01  σ₈ = 2.89e-01  σ₈ = 2.84e-01
#  k [Mpc⁻¹]    modes       P [Mpc³]       P [Mpc³]       P [Mpc³]
2.4543693e-02         3  7.2470411e+03  7.2470411e+03  7.3043381e+03
4.6570361e-02        25  3.8635399e+03  3.9215353e+03  3.9358182e+03
8.3521561e-02       124  1.6964852e+03  1.6585049e+03  1.6832484e+03
1.3383638e-01       418  7.8415577e+02  7.7518723e+02  7.4379808e+02
1.8592088e-01       730  4.2215944e+02  4.3166386e+02  4.2080869e+02
2.3260504e-01      1012  2.8915204e+02  2.8711794e+02  2.5314776e+02
2.7635505e-01      1408  2.1501294e+02  2.1528315e+02  1.8297830e+02
3.1919121e-01      1841  1.6148512e+02  1.6058842e+02  1.3142947e+02
3.6464415e-01      2698  1.2654062e+02  1.2573681e+02  9.9362017e+01
4.1290034e-01      3532  1.0019039e+02  1.0101507e+02  7.7446372e+01
4.6319578e-01      4702  8.0492713e+01  7.8961830e+01  5.7024194e+01
5.1570195e-01      6019  6.7981661e+01  6.8743831e+01  4.7351031e+01
5.7047444e-01      7766  5.6348475e+01  5.6290409e+01  3.6700033e+01
6.2844883e-01     10012  4.8896937e+01  4.8124443e+01  2.8804558e+01
6.8955465e-01     12589  4.1541013e+01  4.1663927e+01  2.3916336e+01
7.5323141e-01     15650  3.5941023e+01  3.6247581e+01  1.9573475e+01
8.2032763e-01     19757  3.0958656e+01  3.0861086e+01  1.5747391e+01
8.9088605e-01     24241  2.7452844e+01  2.7174579e+01  1.2853579e+01
9.6481958e-01     29993  2.4126484e+01  2.3930019e+01  1.0666785e+01
1.0423453e+00     36494  2.1338987e+01  2.1221786e+01  8.8913718e+00
1.1237267e+00     44825  1.9221517e+01  1.9139249e+01  7.4296976e+00
1.2089588e+00     53906  1.7255828e+01  1.7208192e+01  6.2334512e+00
1.2983336e+00     65729  1.5556504e+01  1.5512552e+01  5.2408205e+00
1.3921058e+00     78746  1.4095779e+01  1.4051292e+01  4.4186103e+00
1.4900211e+00     94374  1.2746156e+01  1.2706620e+01  3.7396976e+00
1.5921784e+00    112166  1.1651677e+01  1.1641941e+01  3.1826820e+00
1.6991083e+00    134373  1.0634889e+01  1.0636249e+01  2.7125040e+00
1.8110248e+00    159077  9.7775115e+00  9.7644327e+00  2.3125362e+00
1.9277595e+00    188172  8.9865356e+00  8.9754338e+00  1.9797522e+00
2.0497441e+00    222492  8.3362204e+00  8.3326814e+00  1.6996416e+00
2.1771282e+00    261771  7.6918256e+00  7.6851731e+00  1.4608394e+00
2.3098450e+00    306759  7.1133680e+00  7.1078764e+00  1.2591129e+00
2.4484375e+00    360898  6.5958748e+00  6.5902962e+00  1.0871531e+00
2.5937215e+00    425046  6.1360956e+00  6.1309804e+00  9.3983365e-01
2.7470320e+00    505555  5.7003109e+00  5.6952669e+00  8.1256818e-01
2.9094444e+00    600292  5.3002046e+00  5.2954454e+00  7.0229411e-01
3.0813867e+00    712930  4.9105924e+00  4.9062443e+00  6.0681778e-01
3.2634403e+00    846715  4.5545166e+00  4.5504655e+00  5.2414417e-01
3.4562097e+00   1005596  4.2184610e+00  4.2147508e+00  4.5259956e-01
3.6603648e+00   1194719  3.9014188e+00  3.8979617e+00  3.9068220e-01
3.8766358e+00   1419743  3.6045632e+00  3.6013237e+00  3.3710347e-01
4.1057220e+00   1686576  3.3191777e+00  3.3161983e+00  2.9078158e-01
4.3483372e+00   2003484  3.0577597e+00  3.0550038e+00  2.5074613e-01
4.6052142e+00   2378778  2.8149571e+00  2.8124049e+00  2.1615553e-01
4.8773359e+00   2828400  2.5842747e+00  2.5819173e+00  1.8627577e-01
5.1655179e+00   3356890  2.3719459e+00  2.3697809e+00  1.6048549e-01
5.4707002e+00   3990317  2.1648670e+00  2.1628914e+00  1.3822839e-01
5.7939476e+00   4738457  1.9812030e+00  1.9793611e+00  1.1901142e-01
6.1362572e+00   5629661  1.8089125e+00  1.8072676e+00  1.0245077e-01
6.4988210e+00   6687903  1.6519226e+00  1.6503799e+00  8.8161192e-02
6.8828355e+00   7945758  1.5055923e+00  1.5041968e+00  7.5846757e-02
7.2895050e+00   9436555  1.3700752e+00  1.3688069e+00  6.5235731e-02
7.7201584e+00  11210320  1.2473678e+00  1.2461815e+00  5.6094479e-02
8.1762927e+00  13318613  1.1349185e+00  1.1338434e+00  4.8221228e-02
8.6593661e+00  15819192  1.0318496e+00  1.0308857e+00  4.1445074e-02
9.1709925e+00  18795348  9.3600379e-01  9.3510971e-01  3.5608444e-02
9.7128705e+00  22326034  8.4859026e-01  8.4778069e-01  3.0587126e-02
1.0286736e+01  26520842  7.6834868e-01  7.6759666e-01  2.6269825e-02
1.0894484e+01  31503438  6.9569015e-01  6.9502586e-01  2.2562560e-02
1.1538156e+01  37426927  6.2988269e-01  6.2927915e-01  1.9373797e-02
1.2220385e+01  44525830  5.7051090e-01  5.6996100e-01  1.6629898e-02
