# Power spectrum from CO𝘕CEPT job 4532064 at t = 8.5934117 Gyr, a = 0.66666667
#
# Components:
#   0: matter  (upstream grid size 1024)
#
#                           grid size 1024
# ╭────────────────────────────────────────────────────────────────╮
#                         component 0    (corrected)      (linear)
#                        σ₈ = 6.09e-01  σ₈ = 6.07e-01  σ₈ = 5.73e-01
#  k [Mpc⁻¹]    modes       P [Mpc³]       P [Mpc³]       P [Mpc³]
2.4543693e-02         3  2.9025137e+04  2.9025137e+04  2.9628123e+04
4.6570361e-02        25  1.5492984e+04  1.5725548e+04  1.5959235e+04
8.3521561e-02       124  7.0382943e+03  6.8807234e+03  6.8244874e+03
1.3383638e-01       418  3.4093179e+03  3.3703249e+03  3.0154995e+03
1.8592088e-01       730  1.9570251e+03  2.0010852e+03  1.7060163e+03
2.3260504e-01      1012  1.4414698e+03  1.4313295e+03  1.0262905e+03
2.7635505e-01      1408  1.1520590e+03  1.1535069e+03  7.4181330e+02
3.1919121e-01      1841  9.6725996e+02  9.6188895e+02  5.3282799e+02
3.6464415e-01      2698  7.7382946e+02  7.6891394e+02  4.0282290e+02
4.1290034e-01      3532  6.8420792e+02  6.8983974e+02  3.1397455e+02
4.6319578e-01      4702  5.9406545e+02  5.8276697e+02  2.3118105e+02
5.1570195e-01      6019  5.2781961e+02  5.3373721e+02  1.9196510e+02
5.7047444e-01      7766  4.6780184e+02  4.6731977e+02  1.4878498e+02
6.2844883e-01     10012  4.1411866e+02  4.0757625e+02  1.1677602e+02
6.8955465e-01     12589  3.7707579e+02  3.7819151e+02  9.6958741e+01
7.5323141e-01     15650  3.4866382e+02  3.5163774e+02  7.9352409e+01
8.2032763e-01     19757  3.1474785e+02  3.1375588e+02  6.3841144e+01
8.9088605e-01     24241  2.8566397e+02  2.8276845e+02  5.2109392e+01
9.6481958e-01     29993  2.6385303e+02  2.6170444e+02  4.3243947e+01
1.0423453e+00     36494  2.3966489e+02  2.3834857e+02  3.6046278e+01
1.1237267e+00     44825  2.1930619e+02  2.1836756e+02  3.0120532e+01
1.2089588e+00     53906  2.0493250e+02  2.0436676e+02  2.5270854e+01
1.2983336e+00     65729  1.8747176e+02  1.8694209e+02  2.1246650e+01
1.3921058e+00     78746  1.7162995e+02  1.7108828e+02  1.7913345e+01
1.4900211e+00     94374  1.5692286e+02  1.5643612e+02  1.5160980e+01
1.5921784e+00    112166  1.4345051e+02  1.4333065e+02  1.2902795e+01
1.6991083e+00    134373  1.3141059e+02  1.3142740e+02  1.0996657e+01
1.8110248e+00    159077  1.1994367e+02  1.1978323e+02  9.3751577e+00
1.9277595e+00    188172  1.0917484e+02  1.0903996e+02  8.0260261e+00
2.0497441e+00    222492  9.8941646e+01  9.8899641e+01  6.8904368e+00
2.1771282e+00    261771  9.0184836e+01  9.0106838e+01  5.9223151e+00
2.3098450e+00    306759  8.2517715e+01  8.2454010e+01  5.1045010e+00
2.4484375e+00    360898  7.4779082e+01  7.4715836e+01  4.4073635e+00
2.5937215e+00    425046  6.8130958e+01  6.8074163e+01  3.8101201e+00
2.7470320e+00    505555  6.1694712e+01  6.1640121e+01  3.2941770e+00
2.9094444e+00    600292  5.5846219e+01  5.5796073e+01  2.8471184e+00
3.0813867e+00    712930  5.0537367e+01  5.0492619e+01  2.4600509e+00
3.2634403e+00    846715  4.5499017e+01  4.5458547e+01  2.1248867e+00
3.4562097e+00   1005596  4.1154937e+01  4.1118741e+01  1.8348403e+00
3.6603648e+00   1194719  3.6913311e+01  3.6880602e+01  1.5838235e+00
3.8766358e+00   1419743  3.3188448e+01  3.3158621e+01  1.3666121e+00
4.1057220e+00   1686576  2.9701386e+01  2.9674725e+01  1.1788206e+00
4.3483372e+00   2003484  2.6615337e+01  2.6591349e+01  1.0165147e+00
4.6052142e+00   2378778  2.3861318e+01  2.3839684e+01  8.7628272e-01
4.8773359e+00   2828400  2.1337593e+01  2.1318129e+01  7.5514877e-01
5.1655179e+00   3356890  1.9091011e+01  1.9073586e+01  6.5059387e-01
5.4707002e+00   3990317  1.7057623e+01  1.7042056e+01  5.6036275e-01
5.7939476e+00   4738457  1.5220387e+01  1.5206236e+01  4.8245651e-01
6.1362572e+00   5629661  1.3583327e+01  1.3570975e+01  4.1531919e-01
6.4988210e+00   6687903  1.2118073e+01  1.2106756e+01  3.5738898e-01
6.8828355e+00   7945758  1.0773328e+01  1.0763342e+01  3.0746610e-01
7.2895050e+00   9436555  9.5798916e+00  9.5710228e+00  2.6444897e-01
7.7201584e+00  11210320  8.4966530e+00  8.4885723e+00  2.2739039e-01
8.1762927e+00  13318613  7.5452754e+00  7.5381276e+00  1.9547236e-01
8.6593661e+00  15819192  6.6865834e+00  6.6803373e+00  1.6800203e-01
9.1709925e+00  18795348  5.9252986e+00  5.9196387e+00  1.4434059e-01
9.7128705e+00  22326034  5.2353385e+00  5.2303439e+00  1.2398446e-01
1.0286736e+01  26520842  4.6313704e+00  4.6268375e+00  1.0648245e-01
1.0894484e+01  31503438  4.0903966e+00  4.0864908e+00  9.1453540e-02
1.1538156e+01  37426927  3.6124587e+00  3.6089973e+00  7.8526667e-02
1.2220385e+01  44525830  3.1859018e+00  3.1828310e+00  6.7403295e-02
