# Power spectrum from CO𝘕CEPT job 4532064 at t = 4.270349 Gyr, a = 0.4
#
# Components:
#   0: matter  (upstream grid size 1024)
#
#                           grid size 1024
# ╭────────────────────────────────────────────────────────────────╮
#                         component 0    (corrected)      (linear)
#                        σ₈ = 3.80e-01  σ₈ = 3.80e-01  σ₈ = 3.70e-01
#  k [Mpc⁻¹]    modes       P [Mpc³]       P [Mpc³]       P [Mpc³]
2.4543693e-02         3  1.2230521e+04  1.2230521e+04  1.2367623e+04
4.6570361e-02        25  6.5255200e+03  6.6234742e+03  6.6633560e+03
8.3521561e-02       124  2.8784526e+03  2.8140108e+03  2.8496347e+03
1.3383638e-01       418  1.3519832e+03  1.3365203e+03  1.2591885e+03
1.8592088e-01       730  7.3888459e+02  7.5551970e+02  7.1239149e+02
2.3260504e-01      1012  5.1935770e+02  5.1570417e+02  4.2855586e+02
2.7635505e-01      1408  3.9273804e+02  3.9323160e+02  3.0976518e+02
3.1919121e-01      1841  3.0557719e+02  3.0388038e+02  2.2249770e+02
3.6464415e-01      2698  2.4105328e+02  2.3952206e+02  1.6821047e+02
4.1290034e-01      3532  1.9786381e+02  1.9949246e+02  1.3110933e+02
4.6319578e-01      4702  1.6276709e+02  1.5967144e+02  9.6536506e+01
5.1570195e-01      6019  1.3809295e+02  1.3964116e+02  8.0160752e+01
5.7047444e-01      7766  1.1711885e+02  1.1699816e+02  6.2129625e+01
6.2844883e-01     10012  1.0382792e+02  1.0218761e+02  4.8763340e+01
6.8955465e-01     12589  9.1019484e+01  9.1288799e+01  4.0488046e+01
7.5323141e-01     15650  8.0811525e+01  8.1500804e+01  3.3135998e+01
8.2032763e-01     19757  7.0421809e+01  7.0199867e+01  2.6658806e+01
8.9088605e-01     24241  6.4198447e+01  6.3547725e+01  2.1759861e+01
9.6481958e-01     29993  5.6990357e+01  5.6526278e+01  1.8057828e+01
1.0423453e+00     36494  5.1955309e+01  5.1669955e+01  1.5052225e+01
1.1237267e+00     44825  4.7265298e+01  4.7063003e+01  1.2577752e+01
1.2089588e+00     53906  4.3573177e+01  4.3452890e+01  1.0552622e+01
1.2983336e+00     65729  3.9804491e+01  3.9692030e+01  8.8721941e+00
1.3921058e+00     78746  3.6682502e+01  3.6566731e+01  7.4802717e+00
1.4900211e+00     94374  3.3635006e+01  3.3530678e+01  6.3309382e+00
1.5921784e+00    112166  3.1384634e+01  3.1358410e+01  5.3879648e+00
1.6991083e+00    134373  2.8771580e+01  2.8775260e+01  4.5919989e+00
1.8110248e+00    159077  2.6647856e+01  2.6612210e+01  3.9148924e+00
1.9277595e+00    188172  2.4665123e+01  2.4634652e+01  3.3515213e+00
2.0497441e+00    222492  2.2791382e+01  2.2781706e+01  2.8773214e+00
2.1771282e+00    261771  2.1182788e+01  2.1164467e+01  2.4730526e+00
2.3098450e+00    306759  1.9652852e+01  1.9637680e+01  2.1315492e+00
2.4484375e+00    360898  1.8170496e+01  1.8155128e+01  1.8404381e+00
2.5937215e+00    425046  1.6862616e+01  1.6848559e+01  1.5910407e+00
2.7470320e+00    505555  1.5614001e+01  1.5600185e+01  1.3755928e+00
2.9094444e+00    600292  1.4386713e+01  1.4373795e+01  1.1889096e+00
3.0813867e+00    712930  1.3254260e+01  1.3242525e+01  1.0272776e+00
3.2634403e+00    846715  1.2171644e+01  1.2160818e+01  8.8731939e-01
3.4562097e+00   1005596  1.1157468e+01  1.1147655e+01  7.6620146e-01
3.6603648e+00   1194719  1.0200130e+01  1.0191091e+01  6.6138154e-01
3.8766358e+00   1419743  9.3268027e+00  9.3184205e+00  5.7067810e-01
4.1057220e+00   1686576  8.5021999e+00  8.4945681e+00  4.9225980e-01
4.3483372e+00   2003484  7.7056021e+00  7.6986572e+00  4.2448382e-01
4.6052142e+00   2378778  6.9958234e+00  6.9894807e+00  3.6592545e-01
4.8773359e+00   2828400  6.3296971e+00  6.3239231e+00  3.1534207e-01
5.1655179e+00   3356890  5.7048526e+00  5.6996455e+00  2.7168178e-01
5.4707002e+00   3990317  5.1443015e+00  5.1396068e+00  2.3400282e-01
5.7939476e+00   4738457  4.6189188e+00  4.6146246e+00  2.0147049e-01
6.1362572e+00   5629661  4.1497119e+00  4.1459385e+00  1.7343505e-01
6.4988210e+00   6687903  3.7220749e+00  3.7185990e+00  1.4924433e-01
6.8828355e+00   7945758  3.3326996e+00  3.3296106e+00  1.2839732e-01
7.2895050e+00   9436555  2.9804792e+00  2.9777200e+00  1.1043402e-01
7.7201584e+00  11210320  2.6659884e+00  2.6634529e+00  9.4958896e-02
8.1762927e+00  13318613  2.3802818e+00  2.3780270e+00  8.1630373e-02
8.6593661e+00  15819192  2.1235153e+00  2.1215317e+00  7.0159126e-02
9.1709925e+00  18795348  1.8959742e+00  1.8941631e+00  6.0278399e-02
9.7128705e+00  22326034  1.6902419e+00  1.6886294e+00  5.1777912e-02
1.0286736e+01  26520842  1.5064479e+00  1.5049735e+00  4.4469254e-02
1.0894484e+01  31503438  1.3422816e+00  1.3409999e+00  3.8193322e-02
1.1538156e+01  37426927  1.1960336e+00  1.1948876e+00  3.2795162e-02
1.2220385e+01  44525830  1.0652538e+00  1.0642271e+00  2.8150111e-02
