# Power spectrum from CO𝘕CEPT job 4532064 at t = 5.1230837 Gyr, a = 0.45454545
#
# Components:
#   0: matter  (upstream grid size 1024)
#
#                           grid size 1024
# ╭────────────────────────────────────────────────────────────────╮
#                         component 0    (corrected)      (linear)
#                        σ₈ = 4.30e-01  σ₈ = 4.30e-01  σ₈ = 4.16e-01
#  k [Mpc⁻¹]    modes       P [Mpc³]       P [Mpc³]       P [Mpc³]
2.4543693e-02         3  1.5420211e+04  1.5420211e+04  1.5623453e+04
4.6570361e-02        25  8.2297881e+03  8.3533250e+03  8.4170510e+03
8.3521561e-02       124  3.6456845e+03  3.5640662e+03  3.5995422e+03
1.3383638e-01       418  1.7255128e+03  1.7057778e+03  1.5905453e+03
1.8592088e-01       730  9.5277200e+02  9.7422253e+02  8.9985614e+02
2.3260504e-01      1012  6.7790515e+02  6.7313629e+02  5.4132918e+02
2.7635505e-01      1408  5.1813368e+02  5.1878483e+02  3.9127888e+02
3.1919121e-01      1841  4.1044843e+02  4.0816929e+02  2.8104718e+02
3.6464415e-01      2698  3.2466143e+02  3.2259912e+02  2.1247441e+02
4.1290034e-01      3532  2.7268051e+02  2.7492498e+02  1.6561022e+02
4.6319578e-01      4702  2.2647333e+02  2.2216605e+02  1.2193969e+02
5.1570195e-01      6019  1.9279904e+02  1.9496059e+02  1.0125471e+02
5.7047444e-01      7766  1.6454741e+02  1.6437784e+02  7.8478767e+01
6.2844883e-01     10012  1.4727450e+02  1.4494780e+02  6.1595197e+01
6.8955465e-01     12589  1.3049424e+02  1.3088036e+02  5.1142294e+01
7.5323141e-01     15650  1.1715055e+02  1.1814978e+02  4.1855585e+01
8.2032763e-01     19757  1.0289958e+02  1.0257528e+02  3.3673948e+01
8.9088605e-01     24241  9.4585073e+01  9.3626350e+01  2.7485867e+01
9.6481958e-01     29993  8.4579713e+01  8.3890970e+01  2.2809660e+01
1.0423453e+00     36494  7.7771105e+01  7.7343962e+01  1.9013146e+01
1.1237267e+00     44825  7.0722327e+01  7.0419636e+01  1.5887526e+01
1.2089588e+00     53906  6.5603454e+01  6.5422351e+01  1.3329492e+01
1.2983336e+00     65729  6.0353737e+01  6.0183218e+01  1.1206867e+01
1.3921058e+00     78746  5.5621686e+01  5.5446143e+01  9.4486668e+00
1.4900211e+00     94374  5.1452613e+01  5.1293019e+01  7.9968914e+00
1.5921784e+00    112166  4.7640043e+01  4.7600237e+01  6.8057789e+00
1.6991083e+00    134373  4.4132959e+01  4.4138603e+01  5.8003583e+00
1.8110248e+00    159077  4.0821908e+01  4.0767303e+01  4.9450743e+00
1.9277595e+00    188172  3.7872527e+01  3.7825741e+01  4.2334549e+00
2.0497441e+00    222492  3.5072757e+01  3.5057867e+01  3.6344715e+00
2.1771282e+00    261771  3.2365848e+01  3.2337855e+01  3.1238212e+00
2.3098450e+00    306759  2.9975236e+01  2.9952095e+01  2.6924530e+00
2.4484375e+00    360898  2.7628591e+01  2.7605224e+01  2.3247373e+00
2.5937215e+00    425046  2.5460702e+01  2.5439477e+01  2.0097123e+00
2.7470320e+00    505555  2.3376986e+01  2.3356301e+01  1.7375703e+00
2.9094444e+00    600292  2.1468151e+01  2.1448874e+01  1.5017624e+00
3.0813867e+00    712930  1.9668952e+01  1.9651537e+01  1.2975978e+00
3.2634403e+00    846715  1.7924846e+01  1.7908902e+01  1.1208103e+00
3.4562097e+00   1005596  1.6344009e+01  1.6329635e+01  9.6782084e-01
3.6603648e+00   1194719  1.4851342e+01  1.4838182e+01  8.3541812e-01
3.8766358e+00   1419743  1.3449048e+01  1.3436961e+01  7.2084658e-01
4.1057220e+00   1686576  1.2145415e+01  1.2134513e+01  6.2179296e-01
4.3483372e+00   2003484  1.0955758e+01  1.0945883e+01  5.3618212e-01
4.6052142e+00   2378778  9.8657267e+00  9.8567821e+00  4.6221448e-01
4.8773359e+00   2828400  8.8624629e+00  8.8543785e+00  3.9832039e-01
5.1655179e+00   3356890  7.9594851e+00  7.9522201e+00  3.4317118e-01
5.4707002e+00   3990317  7.1398041e+00  7.1332883e+00  2.9557725e-01
5.7939476e+00   4738457  6.3838177e+00  6.3778827e+00  2.5448427e-01
6.1362572e+00   5629661  5.7123167e+00  5.7071224e+00  2.1907151e-01
6.4988210e+00   6687903  5.1038794e+00  5.0991132e+00  1.8851519e-01
6.8828355e+00   7945758  4.5553442e+00  4.5511220e+00  1.6218246e-01
7.2895050e+00   9436555  4.0619501e+00  4.0581896e+00  1.3949226e-01
7.7201584e+00  11210320  3.6161395e+00  3.6127004e+00  1.1994500e-01
8.1762927e+00  13318613  3.2174695e+00  3.2144216e+00  1.0310921e-01
8.6593661e+00  15819192  2.8633688e+00  2.8606941e+00  8.8619418e-02
9.1709925e+00  18795348  2.5469930e+00  2.5445601e+00  7.6138686e-02
9.7128705e+00  22326034  2.2631722e+00  2.2610131e+00  6.5401398e-02
1.0286736e+01  26520842  2.0086973e+00  2.0067313e+00  5.6169559e-02
1.0894484e+01  31503438  1.7834723e+00  1.7817694e+00  4.8242201e-02
1.1538156e+01  37426927  1.5822803e+00  1.5807642e+00  4.1423596e-02
1.2220385e+01  44525830  1.4034647e+00  1.4021120e+00  3.5556277e-02
