# Power spectrum from CO𝘕CEPT job 4532064 at t = 2.1444136 Gyr, a = 0.25
#
# Components:
#   0: matter  (upstream grid size 1024)
#
#                           grid size 1024
# ╭────────────────────────────────────────────────────────────────╮
#                         component 0    (corrected)      (linear)
#                        σ₈ = 2.39e-01  σ₈ = 2.38e-01  σ₈ = 2.36e-01
#  k [Mpc⁻¹]    modes       P [Mpc³]       P [Mpc³]       P [Mpc³]
2.4543693e-02         3  4.9933402e+03  4.9933402e+03  5.0248753e+03
4.6570361e-02        25  2.6605344e+03  2.7004716e+03  2.7077477e+03
8.3521561e-02       124  1.1673033e+03  1.1411701e+03  1.1580606e+03
1.3383638e-01       418  5.3420688e+02  5.2809706e+02  5.1173030e+02
1.8592088e-01       730  2.8613637e+02  2.9257839e+02  2.8951545e+02
2.3260504e-01      1012  1.9272814e+02  1.9137235e+02  1.7416525e+02
2.7635505e-01      1408  1.4212128e+02  1.4229989e+02  1.2588884e+02
3.1919121e-01      1841  1.0473733e+02  1.0415574e+02  9.0423331e+01
3.6464415e-01      2698  8.1629931e+01  8.1111401e+01  6.8360973e+01
4.1290034e-01      3532  6.3759568e+01  6.4284383e+01  5.3283038e+01
4.6319578e-01      4702  5.0313671e+01  4.9356760e+01  3.9232602e+01
5.1570195e-01      6019  4.2309832e+01  4.2784185e+01  3.2577476e+01
5.7047444e-01      7766  3.4606608e+01  3.4570946e+01  2.5249599e+01
6.2844883e-01     10012  2.9542282e+01  2.9075561e+01  1.9817519e+01
6.8955465e-01     12589  2.4579393e+01  2.4652120e+01  1.6454426e+01
7.5323141e-01     15650  2.1030598e+01  2.1209978e+01  1.3466541e+01
8.2032763e-01     19757  1.7986482e+01  1.7929796e+01  1.0834198e+01
8.9088605e-01     24241  1.5635268e+01  1.5476787e+01  8.8432577e+00
9.6481958e-01     29993  1.3586689e+01  1.3476051e+01  7.3387446e+00
1.0423453e+00     36494  1.1806136e+01  1.1741293e+01  6.1172615e+00
1.1237267e+00     44825  1.0435521e+01  1.0390857e+01  5.1116305e+00
1.2089588e+00     53906  9.2576769e+00  9.2321204e+00  4.2886137e+00
1.2983336e+00     65729  8.2143356e+00  8.1911275e+00  3.6056843e+00
1.3921058e+00     78746  7.3406321e+00  7.3174649e+00  3.0400041e+00
1.4900211e+00     94374  6.5660531e+00  6.5456866e+00  2.5729125e+00
1.5921784e+00    112166  5.9090401e+00  5.9041027e+00  2.1896860e+00
1.6991083e+00    134373  5.3231773e+00  5.3238582e+00  1.8662037e+00
1.8110248e+00    159077  4.8426514e+00  4.8361737e+00  1.5910261e+00
1.9277595e+00    188172  4.4103547e+00  4.4049062e+00  1.3620708e+00
2.0497441e+00    222492  4.0250004e+00  4.0232916e+00  1.1693548e+00
2.1771282e+00    261771  3.6837701e+00  3.6805841e+00  1.0050590e+00
2.3098450e+00    306759  3.3756395e+00  3.3730335e+00  8.6627114e-01
2.4484375e+00    360898  3.1165764e+00  3.1139406e+00  7.4796282e-01
2.5937215e+00    425046  2.8753200e+00  2.8729231e+00  6.4660709e-01
2.7470320e+00    505555  2.6509978e+00  2.6486520e+00  5.5904845e-01
2.9094444e+00    600292  2.4414094e+00  2.4392172e+00  4.8317990e-01
3.0813867e+00    712930  2.2548420e+00  2.2528455e+00  4.1749218e-01
3.2634403e+00    846715  2.0878692e+00  2.0860121e+00  3.6061272e-01
3.4562097e+00   1005596  1.9359359e+00  1.9342333e+00  3.1139001e-01
3.6603648e+00   1194719  1.7941128e+00  1.7925231e+00  2.6879085e-01
3.8766358e+00   1419743  1.6547688e+00  1.6532816e+00  2.3192866e-01
4.1057220e+00   1686576  1.5296537e+00  1.5282807e+00  2.0005917e-01
4.3483372e+00   2003484  1.4090728e+00  1.4078028e+00  1.7251475e-01
4.6052142e+00   2378778  1.3016256e+00  1.3004455e+00  1.4871639e-01
4.8773359e+00   2828400  1.1990942e+00  1.1980004e+00  1.2815908e-01
5.1655179e+00   3356890  1.1071326e+00  1.1061221e+00  1.1041533e-01
5.4707002e+00   3990317  1.0207139e+00  1.0197824e+00  9.5102413e-02
5.7939476e+00   4738457  9.4198596e-01  9.4111020e-01  8.1881098e-02
6.1362572e+00   5629661  8.7012232e-01  8.6933111e-01  7.0487333e-02
6.4988210e+00   6687903  8.0497225e-01  8.0422052e-01  6.0656071e-02
6.8828355e+00   7945758  7.4686801e-01  7.4617576e-01  5.2183704e-02
7.2895050e+00   9436555  6.9488349e-01  6.9424019e-01  4.4883283e-02
7.7201584e+00  11210320  6.4720024e-01  6.4658473e-01  3.8594066e-02
8.1762927e+00  13318613  6.0388593e-01  6.0331386e-01  3.3177234e-02
8.6593661e+00  15819192  5.6425067e-01  5.6372359e-01  2.8515206e-02
9.1709925e+00  18795348  5.2656436e-01  5.2606138e-01  2.4499571e-02
9.7128705e+00  22326034  4.9020887e-01  4.8974121e-01  2.1044871e-02
1.0286736e+01  26520842  4.5621205e-01  4.5576554e-01  1.8074536e-02
1.0894484e+01  31503438  4.2413357e-01  4.2372858e-01  1.5523906e-02
1.1538156e+01  37426927  3.9353502e-01  3.9315795e-01  1.3330007e-02
1.2220385e+01  44525830  3.6498309e-01  3.6463130e-01  1.1442174e-02
