# Power spectrum from CO𝘕CEPT job 4532064 at t = 2.5067588 Gyr, a = 0.27777778
#
# Components:
#   0: matter  (upstream grid size 1024)
#
#                           grid size 1024
# ╭────────────────────────────────────────────────────────────────╮
#                         component 0    (corrected)      (linear)
#                        σ₈ = 2.65e-01  σ₈ = 2.65e-01  σ₈ = 2.61e-01
#  k [Mpc⁻¹]    modes       P [Mpc³]       P [Mpc³]       P [Mpc³]
2.4543693e-02         3  6.1279434e+03  6.1279434e+03  6.1713681e+03
4.6570361e-02        25  3.2660814e+03  3.3151084e+03  3.3254395e+03
8.3521561e-02       124  1.4333746e+03  1.4012847e+03  1.4222204e+03
1.3383638e-01       418  6.5946334e+02  6.5192093e+02  6.2845640e+02
1.8592088e-01       730  3.5404880e+02  3.6201979e+02  3.5555375e+02
2.3260504e-01      1012  2.4062905e+02  2.3893629e+02  2.1389214e+02
2.7635505e-01      1408  1.7820980e+02  1.7843375e+02  1.5460390e+02
3.1919121e-01      1841  1.3261123e+02  1.3187486e+02  1.1104874e+02
3.6464415e-01      2698  1.0366616e+02  1.0300765e+02  8.3953988e+01
4.1290034e-01      3532  8.1502246e+01  8.2173104e+01  6.5436798e+01
4.6319578e-01      4702  6.4936412e+01  6.3701392e+01  4.8181481e+01
5.1570195e-01      6019  5.4743877e+01  5.5357632e+01  4.0008332e+01
5.7047444e-01      7766  4.5079693e+01  4.5033239e+01  3.1008980e+01
6.2844883e-01     10012  3.8844193e+01  3.8230517e+01  2.4337852e+01
6.8955465e-01     12589  3.2661169e+01  3.2757809e+01  2.0207645e+01
7.5323141e-01     15650  2.8096440e+01  2.8336087e+01  1.6538229e+01
8.2032763e-01     19757  2.4133486e+01  2.4057426e+01  1.3305454e+01
8.9088605e-01     24241  2.1203290e+01  2.0988371e+01  1.0860384e+01
9.6481958e-01     29993  1.8549156e+01  1.8398108e+01  9.0126946e+00
1.0423453e+00     36494  1.6265107e+01  1.6175774e+01  7.5125938e+00
1.1237267e+00     44825  1.4534704e+01  1.4472496e+01  6.2775805e+00
1.2089588e+00     53906  1.2971744e+01  1.2935935e+01  5.2668353e+00
1.2983336e+00     65729  1.1617302e+01  1.1584480e+01  4.4281312e+00
1.3921058e+00     78746  1.0459961e+01  1.0426950e+01  3.7334207e+00
1.4900211e+00     94374  9.4165430e+00  9.3873350e+00  3.1597865e+00
1.5921784e+00    112166  8.5531406e+00  8.5459939e+00  2.6891469e+00
1.6991083e+00    134373  7.7609158e+00  7.7619084e+00  2.2918791e+00
1.8110248e+00    159077  7.1023713e+00  7.0928709e+00  1.9539340e+00
1.9277595e+00    188172  6.5080980e+00  6.5000581e+00  1.6727546e+00
2.0497441e+00    222492  5.9992475e+00  5.9967006e+00  1.4360805e+00
2.1771282e+00    261771  5.5107154e+00  5.5059493e+00  1.2343092e+00
2.3098450e+00    306759  5.0797856e+00  5.0758639e+00  1.0638642e+00
2.4484375e+00    360898  4.7068939e+00  4.7029130e+00  9.1857009e-01
2.5937215e+00    425046  4.3682829e+00  4.3646414e+00  7.9409537e-01
2.7470320e+00    505555  4.0470430e+00  4.0434620e+00  6.8656484e-01
2.9094444e+00    600292  3.7445071e+00  3.7411448e+00  5.9339087e-01
3.0813867e+00    712930  3.4615834e+00  3.4585184e+00  5.1271997e-01
3.2634403e+00    846715  3.2118409e+00  3.2089840e+00  4.4286647e-01
3.4562097e+00   1005596  2.9754827e+00  2.9728658e+00  3.8241621e-01
3.6603648e+00   1194719  2.7578437e+00  2.7554000e+00  3.3010030e-01
3.8766358e+00   1419743  2.5562398e+00  2.5539424e+00  2.8482996e-01
4.1057220e+00   1686576  2.3584638e+00  2.3563468e+00  2.4569115e-01
4.3483372e+00   2003484  2.1831194e+00  2.1811518e+00  2.1186394e-01
4.6052142e+00   2378778  2.0163654e+00  2.0145373e+00  1.8263726e-01
4.8773359e+00   2828400  1.8576491e+00  1.8559546e+00  1.5739091e-01
5.1655179e+00   3356890  1.7100880e+00  1.7085272e+00  1.3559988e-01
5.4707002e+00   3990317  1.5699724e+00  1.5685396e+00  1.1679415e-01
5.7939476e+00   4738457  1.4436630e+00  1.4423208e+00  1.0055711e-01
6.1362572e+00   5629661  1.3247676e+00  1.3235630e+00  8.6564487e-02
6.4988210e+00   6687903  1.2167396e+00  1.2156033e+00  7.4490764e-02
6.8828355e+00   7945758  1.1192120e+00  1.1181746e+00  6.4085897e-02
7.2895050e+00   9436555  1.0286338e+00  1.0276815e+00  5.5120294e-02
7.7201584e+00  11210320  9.4469536e-01  9.4379691e-01  4.7396547e-02
8.1762927e+00  13318613  8.6870185e-01  8.6787892e-01  4.0744175e-02
8.6593661e+00  15819192  7.9738390e-01  7.9663904e-01  3.5018774e-02
9.1709925e+00  18795348  7.3182179e-01  7.3112274e-01  3.0087206e-02
9.7128705e+00  22326034  6.7035060e-01  6.6971107e-01  2.5844521e-02
1.0286736e+01  26520842  6.1386473e-01  6.1326391e-01  2.2196682e-02
1.0894484e+01  31503438  5.6117176e-01  5.6063592e-01  1.9064282e-02
1.1538156e+01  37426927  5.1287520e-01  5.1238378e-01  1.6369981e-02
1.2220385e+01  44525830  4.6859351e-01  4.6814185e-01  1.4051559e-02
