# Power spectrum from CO𝘕CEPT job 4532064 at t = 2.727498 Gyr, a = 0.29411765
#
# Components:
#   0: matter  (upstream grid size 1024)
#
#                           grid size 1024
# ╭────────────────────────────────────────────────────────────────╮
#                         component 0    (corrected)      (linear)
#                        σ₈ = 2.81e-01  σ₈ = 2.80e-01  σ₈ = 2.76e-01
#  k [Mpc⁻¹]    modes       P [Mpc³]       P [Mpc³]       P [Mpc³]
2.4543693e-02         3  6.8427531e+03  6.8427531e+03  6.8948888e+03
4.6570361e-02        25  3.6476811e+03  3.7024362e+03  3.7152336e+03
8.3521561e-02       124  1.6013488e+03  1.5654984e+03  1.5889160e+03
1.3383638e-01       418  7.3898096e+02  7.3052910e+02  7.0211503e+02
1.8592088e-01       730  3.9742396e+02  4.0637149e+02  3.9722638e+02
2.3260504e-01      1012  2.7147938e+02  2.6956961e+02  2.3896128e+02
2.7635505e-01      1408  2.0158050e+02  2.0183383e+02  1.7272416e+02
3.1919121e-01      1841  1.5089832e+02  1.5006042e+02  1.2406413e+02
3.6464415e-01      2698  1.1814890e+02  1.1739839e+02  9.3793753e+01
4.1290034e-01      3532  9.3301919e+01  9.4069902e+01  7.3106266e+01
4.6319578e-01      4702  7.4743879e+01  7.3322331e+01  5.3828551e+01
5.1570195e-01      6019  6.3088657e+01  6.3795969e+01  4.4697474e+01
5.7047444e-01      7766  5.2169910e+01  5.2116149e+01  3.4643359e+01
6.2844883e-01     10012  4.5164951e+01  4.4451417e+01  2.7190348e+01
6.8955465e-01     12589  3.8229862e+01  3.8342980e+01  2.2576062e+01
7.5323141e-01     15650  3.3005982e+01  3.3287505e+01  1.8476576e+01
8.2032763e-01     19757  2.8403750e+01  2.8314232e+01  1.4864906e+01
8.9088605e-01     24241  2.5106254e+01  2.4851774e+01  1.2133264e+01
9.6481958e-01     29993  2.2032634e+01  2.1853220e+01  1.0069018e+01
1.0423453e+00     36494  1.9427339e+01  1.9320638e+01  8.3930992e+00
1.1237267e+00     44825  1.7453472e+01  1.7378772e+01  7.0133374e+00
1.2089588e+00     53906  1.5634580e+01  1.5591419e+01  5.8841287e+00
1.2983336e+00     65729  1.4065889e+01  1.4026148e+01  4.9471251e+00
1.3921058e+00     78746  1.2716995e+01  1.2676860e+01  4.1709916e+00
1.4900211e+00     94374  1.1480364e+01  1.1444755e+01  3.5301252e+00
1.5921784e+00    112166  1.0474997e+01  1.0466244e+01  3.0043248e+00
1.6991083e+00    134373  9.5421524e+00  9.5433728e+00  2.5604956e+00
1.8110248e+00    159077  8.7595362e+00  8.7478191e+00  2.1829420e+00
1.9277595e+00    188172  8.0417021e+00  8.0317675e+00  1.8688072e+00
2.0497441e+00    222492  7.4483650e+00  7.4452029e+00  1.6043940e+00
2.1771282e+00    261771  6.8591726e+00  6.8532402e+00  1.3789743e+00
2.3098450e+00    306759  6.3384213e+00  6.3335279e+00  1.1885526e+00
2.4484375e+00    360898  5.8760572e+00  5.8710874e+00  1.0262294e+00
2.5937215e+00    425046  5.4635392e+00  5.4589847e+00  8.8716573e-01
2.7470320e+00    505555  5.0718849e+00  5.0673970e+00  7.6703221e-01
2.9094444e+00    600292  4.7100331e+00  4.7058038e+00  6.6293790e-01
3.0813867e+00    712930  4.3583309e+00  4.3544719e+00  5.7281206e-01
3.2634403e+00    846715  4.0445282e+00  4.0409307e+00  4.9477148e-01
3.4562097e+00   1005596  3.7434514e+00  3.7401591e+00  4.2723622e-01
3.6603648e+00   1194719  3.4630998e+00  3.4600311e+00  3.6878870e-01
3.8766358e+00   1419743  3.2039159e+00  3.2010364e+00  3.1821251e-01
4.1057220e+00   1686576  2.9516400e+00  2.9489905e+00  2.7448650e-01
4.3483372e+00   2003484  2.7252738e+00  2.7228175e+00  2.3669463e-01
4.6052142e+00   2378778  2.5119570e+00  2.5096795e+00  2.0404248e-01
4.8773359e+00   2828400  2.3092993e+00  2.3071928e+00  1.7583717e-01
5.1655179e+00   3356890  2.1231618e+00  2.1212239e+00  1.5149217e-01
5.4707002e+00   3990317  1.9413343e+00  1.9395627e+00  1.3048235e-01
5.7939476e+00   4738457  1.7803635e+00  1.7787083e+00  1.1234228e-01
6.1362572e+00   5629661  1.6288011e+00  1.6273200e+00  9.6709682e-02
6.4988210e+00   6687903  1.4899856e+00  1.4885942e+00  8.3220889e-02
6.8828355e+00   7945758  1.3613077e+00  1.3600459e+00  7.1596546e-02
7.2895050e+00   9436555  1.2439475e+00  1.2427959e+00  6.1580155e-02
7.7201584e+00  11210320  1.1355642e+00  1.1344842e+00  5.2951170e-02
8.1762927e+00  13318613  1.0366109e+00  1.0356289e+00  4.5519129e-02
8.6593661e+00  15819192  9.4545999e-01  9.4457681e-01  3.9122703e-02
9.1709925e+00  18795348  8.6050743e-01  8.5968546e-01  3.3613150e-02
9.7128705e+00  22326034  7.8231207e-01  7.8156573e-01  2.8873220e-02
1.0286736e+01  26520842  7.1111272e-01  7.1041672e-01  2.4797854e-02
1.0894484e+01  31503438  6.4663314e-01  6.4601569e-01  2.1298337e-02
1.1538156e+01  37426927  5.8717726e-01  5.8661465e-01  1.8288266e-02
1.2220385e+01  44525830  5.3330403e-01  5.3279000e-01  1.5698128e-02
