# Power spectrum from CO𝘕CEPT job 4532064 at t = 9.3730558 Gyr, a = 0.71428571
#
# Components:
#   0: matter  (upstream grid size 1024)
#
#                           grid size 1024
# ╭────────────────────────────────────────────────────────────────╮
#                         component 0    (corrected)      (linear)
#                        σ₈ = 6.44e-01  σ₈ = 6.43e-01  σ₈ = 6.03e-01
#  k [Mpc⁻¹]    modes       P [Mpc³]       P [Mpc³]       P [Mpc³]
2.4543693e-02         3  3.2087365e+04  3.2087365e+04  3.2805584e+04
4.6570361e-02        25  1.7125038e+04  1.7382101e+04  1.7670237e+04
8.3521561e-02       124  7.8319230e+03  7.6565846e+03  7.5560511e+03
1.3383638e-01       418  3.8102012e+03  3.7666232e+03  3.3387376e+03
1.8592088e-01       730  2.2033684e+03  2.2529747e+03  1.8888854e+03
2.3260504e-01      1012  1.6313520e+03  1.6198760e+03  1.1362986e+03
2.7635505e-01      1408  1.3142199e+03  1.3158715e+03  8.2132808e+02
3.1919121e-01      1841  1.1159224e+03  1.1097259e+03  5.8994158e+02
3.6464415e-01      2698  8.9550506e+02  8.8981664e+02  4.4600125e+02
4.1290034e-01      3532  7.9422769e+02  8.0076511e+02  3.4762926e+02
4.6319578e-01      4702  6.9207718e+02  6.7891462e+02  2.5596116e+02
5.1570195e-01      6019  6.2095767e+02  6.2791947e+02  2.1254168e+02
5.7047444e-01      7766  5.5630662e+02  5.5573335e+02  1.6473311e+02
6.2844883e-01     10012  4.9438679e+02  4.8657626e+02  1.2929314e+02
6.8955465e-01     12589  4.4942049e+02  4.5075027e+02  1.0735166e+02
7.5323141e-01     15650  4.1580717e+02  4.1935379e+02  8.7858115e+01
8.2032763e-01     19757  3.8118573e+02  3.7998437e+02  7.0684212e+01
8.9088605e-01     24241  3.4627798e+02  3.4276808e+02  5.7694943e+01
9.6481958e-01     29993  3.1649331e+02  3.1391607e+02  4.7879220e+01
1.0423453e+00     36494  2.9122031e+02  2.8962084e+02  3.9910039e+01
1.1237267e+00     44825  2.6393875e+02  2.6280910e+02  3.3349119e+01
1.2089588e+00     53906  2.4509811e+02  2.4442150e+02  2.7979608e+01
1.2983336e+00     65729  2.2608686e+02  2.2544809e+02  2.3524054e+01
1.3921058e+00     78746  2.0655673e+02  2.0590483e+02  1.9833455e+01
1.4900211e+00     94374  1.8832778e+02  1.8774363e+02  1.6786067e+01
1.5921784e+00    112166  1.7200890e+02  1.7186517e+02  1.4285830e+01
1.6991083e+00    134373  1.5708452e+02  1.5710461e+02  1.2175375e+01
1.8110248e+00    159077  1.4393164e+02  1.4373911e+02  1.0380068e+01
1.9277595e+00    188172  1.3094665e+02  1.3078489e+02  8.8863246e+00
2.0497441e+00    222492  1.1920475e+02  1.1915415e+02  7.6290128e+00
2.1771282e+00    261771  1.0769561e+02  1.0760246e+02  6.5571192e+00
2.3098450e+00    306759  9.8232474e+01  9.8156636e+01  5.6516445e+00
2.4484375e+00    360898  8.8880729e+01  8.8805557e+01  4.8797816e+00
2.5937215e+00    425046  8.0250613e+01  8.0183714e+01  4.2185204e+00
2.7470320e+00    505555  7.2775973e+01  7.2711577e+01  3.6472739e+00
2.9094444e+00    600292  6.5617022e+01  6.5558103e+01  3.1522956e+00
3.0813867e+00    712930  5.9082491e+01  5.9030178e+01  2.7237389e+00
3.2634403e+00    846715  5.3321209e+01  5.3273781e+01  2.3526488e+00
3.4562097e+00   1005596  4.8024126e+01  4.7981889e+01  2.0315127e+00
3.6603648e+00   1194719  4.3086850e+01  4.3048670e+01  1.7535898e+00
3.8766358e+00   1419743  3.8547648e+01  3.8513004e+01  1.5130958e+00
4.1057220e+00   1686576  3.4504481e+01  3.4473509e+01  1.3051752e+00
4.3483372e+00   2003484  3.0835771e+01  3.0807979e+01  1.1254720e+00
4.6052142e+00   2378778  2.7706858e+01  2.7681738e+01  9.7020869e-01
4.8773359e+00   2828400  2.4822296e+01  2.4799653e+01  8.3609059e-01
5.1655179e+00   3356890  2.2113809e+01  2.2093625e+01  7.2032862e-01
5.4707002e+00   3990317  1.9764681e+01  1.9746644e+01  6.2042577e-01
5.7939476e+00   4738457  1.7629966e+01  1.7613575e+01  5.3416890e-01
6.1362572e+00   5629661  1.5728934e+01  1.5714631e+01  4.5983526e-01
6.4988210e+00   6687903  1.4014022e+01  1.4000935e+01  3.9569562e-01
6.8828355e+00   7945758  1.2472831e+01  1.2461270e+01  3.4042162e-01
7.2895050e+00   9436555  1.1092593e+01  1.1082324e+01  2.9279357e-01
7.7201584e+00  11210320  9.8476345e+00  9.8382691e+00  2.5176277e-01
8.1762927e+00  13318613  8.7589980e+00  8.7507005e+00  2.1642353e-01
8.6593661e+00  15819192  7.7617254e+00  7.7544750e+00  1.8600873e-01
9.1709925e+00  18795348  6.8691013e+00  6.8625399e+00  1.5981109e-01
9.7128705e+00  22326034  6.0803919e+00  6.0745911e+00  1.3727306e-01
1.0286736e+01  26520842  5.3735555e+00  5.3682961e+00  1.1789506e-01
1.0894484e+01  31503438  4.7450861e+00  4.7405552e+00  1.0125526e-01
1.1538156e+01  37426927  4.1888128e+00  4.1847992e+00  8.6942811e-02
1.2220385e+01  44525830  3.6948930e+00  3.6913316e+00  7.4627177e-02
