# Power spectrum from CO𝘕CEPT job 4700068 at t = 3.6250178 Gyr, a = 0.35714286
#
# Components:
#   0: matter  (upstream grid size 1024)
#
#                           grid size 1024
# ╭────────────────────────────────────────────────────────────────╮
#                         component 0    (corrected)      (linear)
#                        σ₈ = 3.39e-01  σ₈ = 3.39e-01  σ₈ = 3.34e-01
#  k [Mpc⁻¹]    modes       P [Mpc³]       P [Mpc³]       P [Mpc³]
3.0679616e-03         3  9.0183014e+03  9.0183014e+03  9.0198585e+03
5.8212951e-03        25  1.3155784e+04  1.3220580e+04  1.3216794e+04
1.0440195e-02       124  1.5234571e+04  1.5409310e+04  1.5479594e+04
1.6729547e-02       418  1.3750127e+04  1.3875859e+04  1.3859466e+04
2.3240110e-02       730  1.0592047e+04  1.0594010e+04  1.0674874e+04
2.9075630e-02      1012  8.3962028e+03  8.3759554e+03  8.3730536e+03
3.4544381e-02      1408  7.0432882e+03  7.0271878e+03  7.0126419e+03
3.9898901e-02      1841  6.1656054e+03  6.1610454e+03  6.2072255e+03
4.5580519e-02      2698  5.5433714e+03  5.5487821e+03  5.5718849e+03
5.1612543e-02      3532  4.8151111e+03  4.8226637e+03  4.8669422e+03
5.7899473e-02      4702  4.0166210e+03  4.0171455e+03  4.0536950e+03
6.4462744e-02      6019  3.2944651e+03  3.2864379e+03  3.2861716e+03
7.1309305e-02      7766  2.7523289e+03  2.7417899e+03  2.7428101e+03
7.8556104e-02     10012  2.4599086e+03  2.4547397e+03  2.4530728e+03
8.6194331e-02     12589  2.2938438e+03  2.2970410e+03  2.2895313e+03
9.4153926e-02     15650  2.0657118e+03  2.0713878e+03  2.0689881e+03
1.0254095e-01     19757  1.7422112e+03  1.7423278e+03  1.7366361e+03
1.1136076e-01     24241  1.4419324e+03  1.4367486e+03  1.4119420e+03
1.2060245e-01     29993  1.2354244e+03  1.2315252e+03  1.2033918e+03
1.3029316e-01     36494  1.1015873e+03  1.1023968e+03  1.0797066e+03
1.4046583e-01     44825  9.7824105e+02  9.7940375e+02  9.5029705e+02
1.5111985e-01     53906  8.4682300e+02  8.4456390e+02  8.0959997e+02
1.6229170e-01     65729  7.4770616e+02  7.4568585e+02  7.1514583e+02
1.7401323e-01     78746  6.8425591e+02  6.8564147e+02  6.6034287e+02
1.8625264e-01     94374  6.0872903e+02  6.0974996e+02  5.8363119e+02
1.9902230e-01    112166  5.2050411e+02  5.1944615e+02  4.8757331e+02
2.1238854e-01    134373  4.5360150e+02  4.5238401e+02  4.1451761e+02
2.2637810e-01    159077  4.0678281e+02  4.0633588e+02  3.6860526e+02
2.4096993e-01    188172  3.6557406e+02  3.6530911e+02  3.3341653e+02
2.5621802e-01    222492  3.3163614e+02  3.3197608e+02  3.0324193e+02
2.7214102e-01    261771  2.9540183e+02  2.9571660e+02  2.6661620e+02
2.8873063e-01    306759  2.5970241e+02  2.5913882e+02  2.2513118e+02
3.0605468e-01    360898  2.3143062e+02  2.3063943e+02  1.9501802e+02
3.2421519e-01    425046  2.1088550e+02  2.1094954e+02  1.7993456e+02
3.4337900e-01    505555  1.8993130e+02  1.9040972e+02  1.6426032e+02
3.6368055e-01    600292  1.6946495e+02  1.6928877e+02  1.4007286e+02
3.8517334e-01    712930  1.5166869e+02  1.5097225e+02  1.1918102e+02
4.0793004e-01    846715  1.3680588e+02  1.3688081e+02  1.0956641e+02
4.3202621e-01   1005596  1.2330358e+02  1.2370131e+02  9.8887035e+01
4.5754560e-01   1194719  1.1019039e+02  1.0960943e+02  8.2519254e+01
4.8457948e-01   1419743  9.8968227e+01  9.8815773e+01  7.3565748e+01
5.1321525e-01   1686576  8.9084811e+01  8.9500275e+01  6.7049223e+01
5.4354215e-01   2003484  7.9940825e+01  7.9370937e+01  5.5922275e+01
5.7565178e-01   2378778  7.1928218e+01  7.2075273e+01  5.0662339e+01
6.0966698e-01   2828400  6.4637311e+01  6.4659193e+01  4.4412303e+01
6.4568974e-01   3356890  5.8189314e+01  5.7970079e+01  3.8079130e+01
6.8383752e-01   3990317  5.2641876e+01  5.2883029e+01  3.4376329e+01
7.2424344e-01   4738457  4.7819235e+01  4.7541069e+01  2.9125807e+01
7.6703215e-01   5629661  4.3949212e+01  4.4128620e+01  2.6233372e+01
8.1235262e-01   6687903  4.1023941e+01  4.0825713e+01  2.2365765e+01
8.6035444e-01   7945758  3.9215201e+01  3.9266999e+01  1.9837134e+01
9.1118812e-01   9436555  3.8724387e+01  3.8786863e+01  1.7278268e+01
9.6501980e-01  11210320  3.9688457e+01  3.9519116e+01  1.4927528e+01
1.0220366e+00  13318613  4.2326008e+01  4.2441755e+01  1.3175149e+01
1.0824208e+00  15819192  4.6782902e+01  4.6775439e+01  1.1424067e+01
1.1463741e+00  18795348  5.2921774e+01  5.2702514e+01  9.8875727e+00
1.2141088e+00  22326034  5.9835744e+01  5.9734324e+01  8.6359320e+00
1.2858419e+00  26520842  6.6361049e+01  6.6330602e+01  7.5275796e+00
1.3618105e+00  31503438  7.1133415e+01  7.1214441e+01  6.5522803e+00
1.4422695e+00  37426927  7.3481961e+01  7.3542826e+01  5.6914083e+00
1.5275481e+00  44525830  7.4090144e+01  7.4114741e+01  4.9394372e+00
