# Power spectrum from CO𝘕CEPT job 4700068 at t = 5.8534727 Gyr, a = 0.5
#
# Components:
#   0: matter  (upstream grid size 1024)
#
#                           grid size 1024
# ╭────────────────────────────────────────────────────────────────╮
#                         component 0    (corrected)      (linear)
#                        σ₈ = 4.72e-01  σ₈ = 4.71e-01  σ₈ = 4.54e-01
#  k [Mpc⁻¹]    modes       P [Mpc³]       P [Mpc³]       P [Mpc³]
3.0679616e-03         3  1.6712575e+04  1.6712575e+04  1.6701224e+04
5.8212951e-03        25  2.4374330e+04  2.4494380e+04  2.4464918e+04
1.0440195e-02       124  2.8162668e+04  2.8485690e+04  2.8644233e+04
1.6729547e-02       418  2.5458083e+04  2.5690874e+04  2.5640369e+04
2.3240110e-02       730  1.9542387e+04  1.9546010e+04  1.9746249e+04
2.9075630e-02      1012  1.5534683e+04  1.5497221e+04  1.5487322e+04
3.4544381e-02      1408  1.3041404e+04  1.3011592e+04  1.2970483e+04
3.9898901e-02      1841  1.1376001e+04  1.1367587e+04  1.1480474e+04
4.5580519e-02      2698  1.0242527e+04  1.0252524e+04  1.0305169e+04
5.1612543e-02      3532  8.8820286e+03  8.8959602e+03  9.0012333e+03
5.7899473e-02      4702  7.4156966e+03  7.4166650e+03  7.4970672e+03
6.4462744e-02      6019  6.1185621e+03  6.1036538e+03  6.0775186e+03
7.1309305e-02      7766  5.1231954e+03  5.1035781e+03  5.0725743e+03
7.8556104e-02     10012  4.5853292e+03  4.5756943e+03  4.5367036e+03
8.6194331e-02     12589  4.2761965e+03  4.2821569e+03  4.2342290e+03
9.4153926e-02     15650  3.8508700e+03  3.8614512e+03  3.8263435e+03
1.0254095e-01     19757  3.2663679e+03  3.2665865e+03  3.2116878e+03
1.1136076e-01     24241  2.7363543e+03  2.7265171e+03  2.6111998e+03
1.2060245e-01     29993  2.3606871e+03  2.3532363e+03  2.2255088e+03
1.3029316e-01     36494  2.1087700e+03  2.1103197e+03  1.9967660e+03
1.4046583e-01     44825  1.8814496e+03  1.8836858e+03  1.7574382e+03
1.5111985e-01     53906  1.6496808e+03  1.6452799e+03  1.4972371e+03
1.6229170e-01     65729  1.4641323e+03  1.4601762e+03  1.3225563e+03
1.7401323e-01     78746  1.3398415e+03  1.3425545e+03  1.2212051e+03
1.8625264e-01     94374  1.2005804e+03  1.2025939e+03  1.0793375e+03
1.9902230e-01    112166  1.0449342e+03  1.0428103e+03  9.0169231e+02
2.1238854e-01    134373  9.2513229e+02  9.2264918e+02  7.6658647e+02
2.2637810e-01    159077  8.3795729e+02  8.3703664e+02  6.8167827e+02
2.4096993e-01    188172  7.5776020e+02  7.5721100e+02  6.1660187e+02
2.5621802e-01    222492  6.9188850e+02  6.9259770e+02  5.6079843e+02
2.7214102e-01    261771  6.2504579e+02  6.2571181e+02  4.9306471e+02
2.8873063e-01    306759  5.6106844e+02  5.5985084e+02  4.1634455e+02
3.0605468e-01    360898  5.0795084e+02  5.0621434e+02  3.6065492e+02
3.2421519e-01    425046  4.6650873e+02  4.6665039e+02  3.3276037e+02
3.4337900e-01    505555  4.2480913e+02  4.2587919e+02  3.0377329e+02
3.6368055e-01    600292  3.8676579e+02  3.8636372e+02  2.5904237e+02
3.8517334e-01    712930  3.5338370e+02  3.5176101e+02  2.2040622e+02
4.0793004e-01    846715  3.2293151e+02  3.2310839e+02  2.0262550e+02
4.3202621e-01   1005596  2.9548597e+02  2.9643911e+02  1.8287568e+02
4.5754560e-01   1194719  2.7012352e+02  2.6869933e+02  1.5260608e+02
4.8457948e-01   1419743  2.4731614e+02  2.4693516e+02  1.3604800e+02
5.1321525e-01   1686576  2.2691216e+02  2.2797041e+02  1.2399672e+02
5.4354215e-01   2003484  2.0838993e+02  2.0690434e+02  1.0341921e+02
5.7565178e-01   2378778  1.9151664e+02  1.9190819e+02  9.3691801e+01
6.0966698e-01   2828400  1.7652500e+02  1.7658476e+02  8.2133362e+01
6.4568974e-01   3356890  1.6292158e+02  1.6230775e+02  7.0421178e+01
6.8383752e-01   3990317  1.5105686e+02  1.5174885e+02  6.3573441e+01
7.2424344e-01   4738457  1.4074174e+02  1.3992304e+02  5.3863449e+01
7.6703215e-01   5629661  1.3214837e+02  1.3268782e+02  4.8514356e+01
8.1235262e-01   6687903  1.2529589e+02  1.2469046e+02  4.1361842e+01
8.6035444e-01   7945758  1.2021551e+02  1.2037430e+02  3.6685546e+01
9.1118812e-01   9436555  1.1696516e+02  1.1715387e+02  3.1953338e+01
9.6501980e-01  11210320  1.1537998e+02  1.1488768e+02  2.7606025e+01
1.0220366e+00  13318613  1.1501076e+02  1.1532528e+02  2.4365284e+01
1.0824208e+00  15819192  1.1543570e+02  1.1541729e+02  2.1126941e+01
1.1463741e+00  18795348  1.1596489e+02  1.1548444e+02  1.8285445e+01
1.2141088e+00  22326034  1.1596327e+02  1.1576671e+02  1.5970739e+01
1.2858419e+00  26520842  1.1503754e+02  1.1498476e+02  1.3921021e+01
1.3618105e+00  31503438  1.1340622e+02  1.1353540e+02  1.2117363e+01
1.4422695e+00  37426927  1.1116083e+02  1.1125291e+02  1.0525321e+01
1.5275481e+00  44525830  1.0856235e+02  1.0859839e+02  9.1346722e+00
