# Power spectrum from CO𝘕CEPT job 4700068 at t = 2.4072346 Gyr, a = 0.27027027
#
# Components:
#   0: matter  (upstream grid size 1024)
#
#                           grid size 1024
# ╭────────────────────────────────────────────────────────────────╮
#                         component 0    (corrected)      (linear)
#                        σ₈ = 2.57e-01  σ₈ = 2.57e-01  σ₈ = 2.56e-01
#  k [Mpc⁻¹]    modes       P [Mpc³]       P [Mpc³]       P [Mpc³]
3.0679616e-03         3  5.2718950e+03  5.2718950e+03  5.2725262e+03
5.8212951e-03        25  7.6921836e+03  7.7300697e+03  7.7279725e+03
1.0440195e-02       124  8.9207507e+03  9.0230708e+03  9.0536557e+03
1.6729547e-02       418  8.0426870e+03  8.1162302e+03  8.1075593e+03
2.3240110e-02       730  6.2092853e+03  6.2104364e+03  6.2452369e+03
2.9075630e-02      1012  4.9127434e+03  4.9008963e+03  4.8988225e+03
3.4544381e-02      1408  4.1190365e+03  4.1096208e+03  4.1030086e+03
3.9898901e-02      1841  3.6139588e+03  3.6112859e+03  3.6318418e+03
4.5580519e-02      2698  3.2461567e+03  3.2493251e+03  3.2601532e+03
5.1612543e-02      3532  2.8226381e+03  2.8270655e+03  2.8477181e+03
5.7899473e-02      4702  2.3535655e+03  2.3538729e+03  2.3718959e+03
6.4462744e-02      6019  1.9239618e+03  1.9192740e+03  1.9228159e+03
7.1309305e-02      7766  1.6058846e+03  1.5997355e+03  1.6048908e+03
7.8556104e-02     10012  1.4341420e+03  1.4311285e+03  1.4353638e+03
8.6194331e-02     12589  1.3366268e+03  1.3384899e+03  1.3396754e+03
9.4153926e-02     15650  1.2035906e+03  1.2068978e+03  1.2106321e+03
1.0254095e-01     19757  1.0124192e+03  1.0124869e+03  1.0161645e+03
1.1136076e-01     24241  8.3258188e+02  8.2958872e+02  8.2617651e+02
1.2060245e-01     29993  7.1071177e+02  7.0846864e+02  7.0414763e+02
1.3029316e-01     36494  6.3332477e+02  6.3379018e+02  6.3177577e+02
1.4046583e-01     44825  5.6037291e+02  5.6103894e+02  5.5605411e+02
1.5111985e-01     53906  4.8188259e+02  4.8059705e+02  4.7372746e+02
1.6229170e-01     65729  4.2440318e+02  4.2325643e+02  4.1845910e+02
1.7401323e-01     78746  3.8849070e+02  3.8927737e+02  3.8639204e+02
1.8625264e-01     94374  3.4422100e+02  3.4479831e+02  3.4150528e+02
1.9902230e-01    112166  2.9124448e+02  2.9065250e+02  2.8529822e+02
2.1238854e-01    134373  2.5114467e+02  2.5047058e+02  2.4255057e+02
2.2637810e-01    159077  2.2394890e+02  2.2370285e+02  2.1568552e+02
2.4096993e-01    188172  2.0077765e+02  2.0063214e+02  1.9509527e+02
2.5621802e-01    222492  1.8150240e+02  1.8168845e+02  1.7743896e+02
2.7214102e-01    261771  1.6045757e+02  1.6062855e+02  1.5600782e+02
2.8873063e-01    306759  1.3882792e+02  1.3852665e+02  1.3173330e+02
3.0605468e-01    360898  1.2237017e+02  1.2195183e+02  1.1411290e+02
3.2421519e-01    425046  1.1113451e+02  1.1116826e+02  1.0528698e+02
3.4337900e-01    505555  9.9728667e+01  9.9979876e+01  9.6115362e+01
3.6368055e-01    600292  8.7514967e+01  8.7423988e+01  8.1962308e+01
3.8517334e-01    712930  7.6987154e+01  7.6633639e+01  6.9737658e+01
4.0793004e-01    846715  6.9082198e+01  6.9120036e+01  6.4111763e+01
4.3202621e-01   1005596  6.1735117e+01  6.1934254e+01  5.7862833e+01
4.5754560e-01   1194719  5.4014292e+01  5.3729509e+01  4.8285382e+01
4.8457948e-01   1419743  4.7888306e+01  4.7814537e+01  4.3046324e+01
5.1321525e-01   1686576  4.2576200e+01  4.2774762e+01  3.9233242e+01
5.4354215e-01   2003484  3.7460888e+01  3.7193835e+01  3.2722413e+01
5.7565178e-01   2378778  3.3112847e+01  3.3180545e+01  2.9644611e+01
6.0966698e-01   2828400  2.9212300e+01  2.9222189e+01  2.5987461e+01
6.4568974e-01   3356890  2.5735195e+01  2.5638235e+01  2.2281663e+01
6.8383752e-01   3990317  2.2756371e+01  2.2860618e+01  2.0115003e+01
7.2424344e-01   4738457  2.0165881e+01  2.0048575e+01  1.7042708e+01
7.6703215e-01   5629661  1.8087306e+01  1.8161141e+01  1.5350227e+01
8.1235262e-01   6687903  1.6523047e+01  1.6443208e+01  1.3087131e+01
8.6035444e-01   7945758  1.5656021e+01  1.5676701e+01  1.1607526e+01
9.1118812e-01   9436555  1.5604725e+01  1.5629901e+01  1.0110228e+01
9.6501980e-01  11210320  1.6497039e+01  1.6426650e+01  8.7347141e+00
1.0220366e+00  13318613  1.8661973e+01  1.8713007e+01  7.7093254e+00
1.0824208e+00  15819192  2.2524093e+01  2.2520499e+01  6.6846955e+00
1.1463741e+00  18795348  2.8665316e+01  2.8546552e+01  5.7856296e+00
1.2141088e+00  22326034  3.7370007e+01  3.7306666e+01  5.0532433e+00
1.2858419e+00  26520842  4.8609030e+01  4.8586728e+01  4.4047007e+00
1.3618105e+00  31503438  6.0619280e+01  6.0688330e+01  3.8340130e+00
1.4422695e+00  37426927  6.9435756e+01  6.9493269e+01  3.3302814e+00
1.5275481e+00  44525830  7.2015259e+01  7.2039168e+01  2.8902720e+00
