# Power spectrum from CO𝘕CEPT job 4700068 at t = 3.4444119 Gyr, a = 0.34482759
#
# Components:
#   0: matter  (upstream grid size 1024)
#
#                           grid size 1024
# ╭────────────────────────────────────────────────────────────────╮
#                         component 0    (corrected)      (linear)
#                        σ₈ = 3.28e-01  σ₈ = 3.28e-01  σ₈ = 3.23e-01
#  k [Mpc⁻¹]    modes       P [Mpc³]       P [Mpc³]       P [Mpc³]
3.0679616e-03         3  8.4364410e+03  8.4364410e+03  8.4380934e+03
5.8212951e-03        25  1.2307285e+04  1.2367902e+04  1.2364752e+04
1.0440195e-02       124  1.4254896e+04  1.4418398e+04  1.4482189e+04
1.6729547e-02       418  1.2863988e+04  1.2981617e+04  1.2966758e+04
2.3240110e-02       730  9.9125299e+03  9.9143675e+03  9.9874184e+03
2.9075630e-02      1012  7.8555049e+03  7.8365614e+03  7.8338859e+03
3.4544381e-02      1408  6.5892492e+03  6.5741867e+03  6.5611017e+03
3.9898901e-02      1841  5.7699786e+03  5.7657112e+03  5.8075613e+03
4.5580519e-02      2698  5.1869866e+03  5.1920495e+03  5.2131389e+03
5.1612543e-02      3532  4.5062081e+03  4.5132762e+03  4.5535910e+03
5.7899473e-02      4702  3.7586898e+03  3.7591807e+03  3.7927081e+03
6.4462744e-02      6019  3.0813838e+03  3.0738758e+03  3.0746026e+03
7.1309305e-02      7766  2.5739114e+03  2.5640555e+03  2.5662254e+03
7.8556104e-02     10012  2.3001776e+03  2.2953444e+03  2.2951430e+03
8.6194331e-02     12589  2.1447827e+03  2.1477722e+03  2.1421313e+03
9.4153926e-02     15650  1.9314522e+03  1.9367594e+03  1.9357874e+03
1.0254095e-01     19757  1.6282841e+03  1.6283931e+03  1.6248327e+03
1.1136076e-01     24241  1.3463315e+03  1.3414914e+03  1.3210424e+03
1.2060245e-01     29993  1.1528659e+03  1.1492273e+03  1.1259188e+03
1.3029316e-01     36494  1.0278552e+03  1.0286106e+03  1.0101965e+03
1.4046583e-01     44825  9.1231721e+02  9.1340156e+02  8.8911828e+02
1.5111985e-01     53906  7.8894790e+02  7.8684320e+02  7.5747917e+02
1.6229170e-01     65729  6.9632503e+02  6.9444354e+02  6.6910592e+02
1.7401323e-01     78746  6.3725370e+02  6.3854408e+02  6.1783113e+02
1.8625264e-01     94374  5.6657132e+02  5.6752154e+02  5.4605806e+02
1.9902230e-01    112166  4.8370695e+02  4.8272378e+02  4.5618425e+02
2.1238854e-01    134373  4.2090123e+02  4.1977151e+02  3.8783176e+02
2.2637810e-01    159077  3.7714061e+02  3.7672624e+02  3.4487517e+02
2.4096993e-01    188172  3.3878949e+02  3.3854395e+02  3.1195184e+02
2.5621802e-01    222492  3.0716997e+02  3.0748482e+02  2.8371983e+02
2.7214102e-01    261771  2.7329654e+02  2.7358775e+02  2.4945200e+02
2.8873063e-01    306759  2.3974859e+02  2.3922830e+02  2.1063770e+02
3.0605468e-01    360898  2.1332742e+02  2.1259813e+02  1.8246318e+02
3.2421519e-01    425046  1.9427160e+02  1.9433059e+02  1.6835076e+02
3.4337900e-01    505555  1.7484354e+02  1.7528396e+02  1.5368560e+02
3.6368055e-01    600292  1.5566219e+02  1.5550036e+02  1.3105527e+02
3.8517334e-01    712930  1.3900253e+02  1.3836425e+02  1.1150841e+02
4.0793004e-01    846715  1.2526436e+02  1.2533297e+02  1.0251277e+02
4.3202621e-01   1005596  1.1275284e+02  1.1311654e+02  9.2520908e+01
4.5754560e-01   1194719  1.0049372e+02  9.9963885e+01  7.7206849e+01
4.8457948e-01   1419743  9.0089783e+01  8.9951006e+01  6.8829750e+01
5.1321525e-01   1686576  8.0942825e+01  8.1320317e+01  6.2732745e+01
5.4354215e-01   2003484  7.2454617e+01  7.1938098e+01  5.2322126e+01
5.7565178e-01   2378778  6.5036279e+01  6.5169243e+01  4.7400813e+01
6.0966698e-01   2828400  5.8293405e+01  5.8313139e+01  4.1553140e+01
6.4568974e-01   3356890  5.2333991e+01  5.2136816e+01  3.5627683e+01
6.8383752e-01   3990317  4.7203263e+01  4.7419501e+01  3.2163260e+01
7.2424344e-01   4738457  4.2749543e+01  4.2500867e+01  2.7250755e+01
7.6703215e-01   5629661  3.9176480e+01  3.9336405e+01  2.4544529e+01
8.1235262e-01   6687903  3.6479360e+01  3.6303092e+01  2.0925909e+01
8.6035444e-01   7945758  3.4839154e+01  3.4885172e+01  1.8560065e+01
9.1118812e-01   9436555  3.4445251e+01  3.4500823e+01  1.6165933e+01
9.6501980e-01  11210320  3.5444707e+01  3.5293473e+01  1.3966529e+01
1.0220366e+00  13318613  3.8092787e+01  3.8196958e+01  1.2326964e+01
1.0824208e+00  15819192  4.2597265e+01  4.2590469e+01  1.0688613e+01
1.1463741e+00  18795348  4.8937678e+01  4.8734924e+01  9.2510344e+00
1.2141088e+00  22326034  5.6313324e+01  5.6217874e+01  8.0799715e+00
1.2858419e+00  26520842  6.3573947e+01  6.3544779e+01  7.0429722e+00
1.3618105e+00  31503438  6.9131066e+01  6.9209812e+01  6.1304604e+00
1.4422695e+00  37426927  7.1981688e+01  7.2041310e+01  5.3250094e+00
1.5275481e+00  44525830  7.2730827e+01  7.2754973e+01  4.6214484e+00
