# Power spectrum from CO𝘕CEPT job 4700068 at t = 5.4691055 Gyr, a = 0.47619048
#
# Components:
#   0: matter  (upstream grid size 1024)
#
#                           grid size 1024
# ╭────────────────────────────────────────────────────────────────╮
#                         component 0    (corrected)      (linear)
#                        σ₈ = 4.50e-01  σ₈ = 4.50e-01  σ₈ = 4.35e-01
#  k [Mpc⁻¹]    modes       P [Mpc³]       P [Mpc³]       P [Mpc³]
3.0679616e-03         3  1.5334319e+04  1.5334319e+04  1.5325211e+04
5.8212951e-03        25  2.2364985e+04  2.2475138e+04  2.2450163e+04
1.0440195e-02       124  2.5850242e+04  2.6146742e+04  2.6286469e+04
1.6729547e-02       418  2.3362246e+04  2.3575873e+04  2.3530643e+04
2.3240110e-02       730  1.7943674e+04  1.7947000e+04  1.8121844e+04
2.9075630e-02      1012  1.4257597e+04  1.4223215e+04  1.4213418e+04
3.4544381e-02      1408  1.1967890e+04  1.1940533e+04  1.1903675e+04
3.9898901e-02      1841  1.0445471e+04  1.0437745e+04  1.0536262e+04
4.5580519e-02      2698  9.4026325e+03  9.4118101e+03  9.4576520e+03
5.1612543e-02      3532  8.1559294e+03  8.1687222e+03  8.2609754e+03
5.7899473e-02      4702  6.8084040e+03  6.8092932e+03  6.8805249e+03
6.4462744e-02      6019  5.6119335e+03  5.5982596e+03  5.5777254e+03
7.1309305e-02      7766  4.6970179e+03  4.6790325e+03  4.6554298e+03
7.8556104e-02     10012  4.2029036e+03  4.1940722e+03  4.1636306e+03
8.6194331e-02     12589  3.9197313e+03  3.9251948e+03  3.8860329e+03
9.4153926e-02     15650  3.5299507e+03  3.5396501e+03  3.5116916e+03
1.0254095e-01     19757  2.9911229e+03  2.9913231e+03  2.9475825e+03
1.1136076e-01     24241  2.5005863e+03  2.4915966e+03  2.3964753e+03
1.2060245e-01     29993  2.1547782e+03  2.1479773e+03  2.0425012e+03
1.3029316e-01     36494  1.9241563e+03  1.9255703e+03  1.8325689e+03
1.4046583e-01     44825  1.7156309e+03  1.7176700e+03  1.6129219e+03
1.5111985e-01     53906  1.5010118e+03  1.4970075e+03  1.3741176e+03
1.6229170e-01     65729  1.3309938e+03  1.3273974e+03  1.2138013e+03
1.7401323e-01     78746  1.2179534e+03  1.2204196e+03  1.1207845e+03
1.8625264e-01     94374  1.0900707e+03  1.0918989e+03  9.9058287e+02
1.9902230e-01    112166  9.4604981e+02  9.4412689e+02  8.2754568e+02
2.1238854e-01    134373  8.3562060e+02  8.3337775e+02  7.0354974e+02
2.2637810e-01    159077  7.5563413e+02  7.5480392e+02  6.2562363e+02
2.4096993e-01    188172  6.8253373e+02  6.8203906e+02  5.6589853e+02
2.5621802e-01    222492  6.2254863e+02  6.2318676e+02  5.1468385e+02
2.7214102e-01    261771  5.6106722e+02  5.6166507e+02  4.5251992e+02
2.8873063e-01    306759  5.0217962e+02  5.0108982e+02  3.8210849e+02
3.0605468e-01    360898  4.5353880e+02  4.5198830e+02  3.3099824e+02
3.2421519e-01    425046  4.1600707e+02  4.1613340e+02  3.0539747e+02
3.4337900e-01    505555  3.7805069e+02  3.7900298e+02  2.7879401e+02
3.6368055e-01    600292  3.4325321e+02  3.4289637e+02  2.3774133e+02
3.8517334e-01    712930  3.1274984e+02  3.1131373e+02  2.0228223e+02
4.0793004e-01    846715  2.8513549e+02  2.8529167e+02  1.8596362e+02
4.3202621e-01   1005596  2.6028823e+02  2.6112784e+02  1.6783783e+02
4.5754560e-01   1194719  2.3725673e+02  2.3600583e+02  1.4005730e+02
4.8457948e-01   1419743  2.1662403e+02  2.1629033e+02  1.2486079e+02
5.1321525e-01   1686576  1.9821880e+02  1.9914323e+02  1.1380049e+02
5.4354215e-01   2003484  1.8146887e+02  1.8017521e+02  9.4915068e+01
5.7565178e-01   2378778  1.6630756e+02  1.6664757e+02  8.5987541e+01
6.0966698e-01   2828400  1.5276187e+02  1.5281359e+02  7.5379552e+01
6.4568974e-01   3356890  1.4053264e+02  1.4000317e+02  6.4630459e+01
6.8383752e-01   3990317  1.2991367e+02  1.3050880e+02  5.8345811e+01
7.2424344e-01   4738457  1.2066878e+02  1.1996685e+02  4.9434270e+01
7.6703215e-01   5629661  1.1304072e+02  1.1350217e+02  4.4525033e+01
8.1235262e-01   6687903  1.0704817e+02  1.0653091e+02  3.7960668e+01
8.6035444e-01   7945758  1.0273001e+02  1.0286571e+02  3.3668904e+01
9.1118812e-01   9436555  1.0019942e+02  1.0036107e+02  2.9325824e+01
9.6501980e-01  11210320  9.9376138e+01  9.8952123e+01  2.5335989e+01
1.0220366e+00  13318613  9.9893279e+01  1.0016645e+02  2.2361734e+01
1.0824208e+00  15819192  1.0138503e+02  1.0136886e+02  1.9389680e+01
1.1463741e+00  18795348  1.0312652e+02  1.0269925e+02  1.6781839e+01
1.2141088e+00  22326034  1.0437235e+02  1.0419544e+02  1.4657470e+01
1.2858419e+00  26520842  1.0460714e+02  1.0455914e+02  1.2776300e+01
1.3618105e+00  31503438  1.0395033e+02  1.0406874e+02  1.1120957e+01
1.4422695e+00  37426927  1.0252271e+02  1.0260763e+02  9.6598277e+00
1.5275481e+00  44525830  1.0071176e+02  1.0074520e+02  8.3835321e+00
