# Power spectrum from CO𝘕CEPT job 4700068 at t = 6.7615025 Gyr, a = 0.55555556
#
# Components:
#   0: matter  (upstream grid size 1024)
#
#                           grid size 1024
# ╭────────────────────────────────────────────────────────────────╮
#                         component 0    (corrected)      (linear)
#                        σ₈ = 5.20e-01  σ₈ = 5.20e-01  σ₈ = 4.97e-01
#  k [Mpc⁻¹]    modes       P [Mpc³]       P [Mpc³]       P [Mpc³]
3.0679616e-03         3  2.0016643e+04  2.0016643e+04  2.0003327e+04
5.8212951e-03        25  2.9190966e+04  2.9334740e+04  2.9299556e+04
1.0440195e-02       124  3.3700847e+04  3.4087392e+04  3.4301580e+04
1.6729547e-02       418  3.0479895e+04  3.0758606e+04  3.0702258e+04
2.3240110e-02       730  2.3367477e+04  2.3371808e+04  2.3643560e+04
2.9075630e-02      1012  1.8593287e+04  1.8548449e+04  1.8543641e+04
3.4544381e-02      1408  1.5613093e+04  1.5577403e+04  1.5529908e+04
3.9898901e-02      1841  1.3602013e+04  1.3591953e+04  1.3745750e+04
4.5580519e-02      2698  1.2252715e+04  1.2264674e+04  1.2338450e+04
5.1612543e-02      3532  1.0618573e+04  1.0635228e+04  1.0777178e+04
5.7899473e-02      4702  8.8688213e+03  8.8699795e+03  8.9762005e+03
6.4462744e-02      6019  7.3341884e+03  7.3163181e+03  7.2765573e+03
7.1309305e-02      7766  6.1473070e+03  6.1237682e+03  6.0733302e+03
7.8556104e-02     10012  5.5049345e+03  5.4933672e+03  5.4317269e+03
8.6194331e-02     12589  5.1328469e+03  5.1400013e+03  5.0695696e+03
9.4153926e-02     15650  4.6218602e+03  4.6345599e+03  4.5812086e+03
1.0254095e-01     19757  3.9297596e+03  3.9300226e+03  3.8452884e+03
1.1136076e-01     24241  3.3079513e+03  3.2960592e+03  3.1263332e+03
1.2060245e-01     29993  2.8614560e+03  2.8524248e+03  2.6645515e+03
1.3029316e-01     36494  2.5583308e+03  2.5602109e+03  2.3906812e+03
1.4046583e-01     44825  2.2855323e+03  2.2882487e+03  2.1041385e+03
1.5111985e-01     53906  2.0140308e+03  2.0086579e+03  1.7926049e+03
1.6229170e-01     65729  1.7912447e+03  1.7864048e+03  1.5834634e+03
1.7401323e-01     78746  1.6395055e+03  1.6428253e+03  1.4621176e+03
1.8625264e-01     94374  1.4729761e+03  1.4754465e+03  1.2922627e+03
1.9902230e-01    112166  1.2902427e+03  1.2876202e+03  1.0795725e+03
2.1238854e-01    134373  1.1479805e+03  1.1448993e+03  9.1781360e+02
2.2637810e-01    159077  1.0436904e+03  1.0425437e+03  8.1615510e+02
2.4096993e-01    188172  9.4640638e+02  9.4572046e+02  7.3824075e+02
2.5621802e-01    222492  8.6614050e+02  8.6702832e+02  6.7142869e+02
2.7214102e-01    261771  7.8670220e+02  7.8754047e+02  5.9033288e+02
2.8873063e-01    306759  7.1044382e+02  7.0890206e+02  4.9847787e+02
3.0605468e-01    360898  6.4662542e+02  6.4441483e+02  4.3180217e+02
3.2421519e-01    425046  5.9546976e+02  5.9565059e+02  3.9840476e+02
3.4337900e-01    505555  5.4482608e+02  5.4619845e+02  3.6369930e+02
3.6368055e-01    600292  4.9883366e+02  4.9831508e+02  3.1014420e+02
3.8517334e-01    712930  4.5835299e+02  4.5624829e+02  2.6388620e+02
4.0793004e-01    846715  4.2112588e+02  4.2135655e+02  2.4259782e+02
4.3202621e-01   1005596  3.8727097e+02  3.8852017e+02  2.1895191e+02
4.5754560e-01   1194719  3.5615333e+02  3.5427556e+02  1.8271096e+02
4.8457948e-01   1419743  3.2796477e+02  3.2745956e+02  1.6288642e+02
5.1321525e-01   1686576  3.0258796e+02  3.0399914e+02  1.4845776e+02
5.4354215e-01   2003484  2.7956805e+02  2.7757505e+02  1.2382089e+02
5.7565178e-01   2378778  2.5848245e+02  2.5901091e+02  1.1217454e+02
6.0966698e-01   2828400  2.3980234e+02  2.3988352e+02  9.8335941e+01
6.4568974e-01   3356890  2.2274332e+02  2.2190410e+02  8.4313273e+01
6.8383752e-01   3990317  2.0771519e+02  2.0866674e+02  7.6114670e+01
7.2424344e-01   4738457  1.9460571e+02  1.9347368e+02  6.4489171e+01
7.6703215e-01   5629661  1.8349214e+02  1.8424119e+02  5.8084854e+01
8.1235262e-01   6687903  1.7428423e+02  1.7344209e+02  4.9521351e+01
8.6035444e-01   7945758  1.6701725e+02  1.6723786e+02  4.3922555e+01
9.1118812e-01   9436555  1.6162000e+02  1.6188075e+02  3.8256816e+01
9.6501980e-01  11210320  1.5766101e+02  1.5698830e+02  3.3051902e+01
1.0220366e+00  13318613  1.5471948e+02  1.5514259e+02  2.9171854e+01
1.0824208e+00  15819192  1.5218379e+02  1.5215951e+02  2.5294679e+01
1.1463741e+00  18795348  1.4965633e+02  1.4903629e+02  2.1892637e+01
1.2141088e+00  22326034  1.4657415e+02  1.4632571e+02  1.9121305e+01
1.2858419e+00  26520842  1.4287535e+02  1.4280980e+02  1.6667236e+01
1.3618105e+00  31503438  1.3870913e+02  1.3886713e+02  1.4507768e+01
1.4422695e+00  37426927  1.3427487e+02  1.3438609e+02  1.2601661e+01
1.5275481e+00  44525830  1.2958097e+02  1.2962399e+02  1.0936678e+01
