# Power spectrum from CO𝘕CEPT job 4700068 at t = 2.613361 Gyr, a = 0.28571429
#
# Components:
#   0: matter  (upstream grid size 1024)
#
#                           grid size 1024
# ╭────────────────────────────────────────────────────────────────╮
#                         component 0    (corrected)      (linear)
#                        σ₈ = 2.72e-01  σ₈ = 2.72e-01  σ₈ = 2.70e-01
#  k [Mpc⁻¹]    modes       P [Mpc³]       P [Mpc³]       P [Mpc³]
3.0679616e-03         3  5.8740484e+03  5.8740484e+03  5.8749334e+03
5.8212951e-03        25  8.5704091e+03  8.6126208e+03  8.6104328e+03
1.0440195e-02       124  9.9365812e+03  1.0050553e+04  1.0086908e+04
1.6729547e-02       418  8.9603395e+03  9.0422737e+03  9.0325188e+03
2.3240110e-02       730  6.9149880e+03  6.9162699e+03  6.9576014e+03
2.9075630e-02      1012  5.4729673e+03  5.4597693e+03  5.4575566e+03
3.4544381e-02      1408  4.5891709e+03  4.5786804e+03  4.5709509e+03
3.9898901e-02      1841  4.0247978e+03  4.0218211e+03  4.0460333e+03
4.5580519e-02      2698  3.6158011e+03  3.6193304e+03  3.6319457e+03
5.1612543e-02      3532  3.1434668e+03  3.1483974e+03  3.1724692e+03
5.7899473e-02      4702  2.6212478e+03  2.6215902e+03  2.6423806e+03
6.4462744e-02      6019  2.1439990e+03  2.1387750e+03  2.1420861e+03
7.1309305e-02      7766  1.7897759e+03  1.7829226e+03  1.7879043e+03
7.8556104e-02     10012  1.5985758e+03  1.5952168e+03  1.5990441e+03
8.6194331e-02     12589  1.4900550e+03  1.4921319e+03  1.4924431e+03
9.4153926e-02     15650  1.3417646e+03  1.3454515e+03  1.3486839e+03
1.0254095e-01     19757  1.1291017e+03  1.1291772e+03  1.1320401e+03
1.1136076e-01     24241  9.2951185e+02  9.2617023e+02  9.2038705e+02
1.2060245e-01     29993  7.9393086e+02  7.9142508e+02  7.8444275e+02
1.3029316e-01     36494  7.0753654e+02  7.0805649e+02  7.0381805e+02
1.4046583e-01     44825  6.2645223e+02  6.2719680e+02  6.1946162e+02
1.5111985e-01     53906  5.3928245e+02  5.3784379e+02  5.2774707e+02
1.6229170e-01     65729  4.7514186e+02  4.7385802e+02  4.6617635e+02
1.7401323e-01     78746  4.3491185e+02  4.3579251e+02  4.3045261e+02
1.8625264e-01     94374  3.8560773e+02  3.8625445e+02  3.8044733e+02
1.9902230e-01    112166  3.2684403e+02  3.2617969e+02  3.1783092e+02
2.1238854e-01    134373  2.8236103e+02  2.8160316e+02  2.7020872e+02
2.2637810e-01    159077  2.5202545e+02  2.5174855e+02  2.4028022e+02
2.4096993e-01    188172  2.2601939e+02  2.2585558e+02  2.1734204e+02
2.5621802e-01    222492  2.0443199e+02  2.0464154e+02  1.9767236e+02
2.7214102e-01    261771  1.8095273e+02  1.8114555e+02  1.7379742e+02
2.8873063e-01    306759  1.5701716e+02  1.5667641e+02  1.4675487e+02
3.0605468e-01    360898  1.3867700e+02  1.3820291e+02  1.2712521e+02
3.2421519e-01    425046  1.2599507e+02  1.2603333e+02  1.1729286e+02
3.4337900e-01    505555  1.1310815e+02  1.1339306e+02  1.0707540e+02
3.6368055e-01    600292  9.9565862e+01  9.9462355e+01  9.1308472e+01
3.8517334e-01    712930  8.7873853e+01  8.7470348e+01  7.7689843e+01
4.0793004e-01    846715  7.8902893e+01  7.8946110e+01  7.1422426e+01
4.3202621e-01   1005596  7.0606365e+01  7.0834118e+01  6.4460930e+01
4.5754560e-01   1194719  6.2031635e+01  6.1704582e+01  5.3791361e+01
4.8457948e-01   1419743  5.5117089e+01  5.5032185e+01  4.7954893e+01
5.1321525e-01   1686576  4.9100450e+01  4.9329440e+01  4.3707005e+01
5.4354215e-01   2003484  4.3370446e+01  4.3061264e+01  3.6453746e+01
5.7565178e-01   2378778  3.8457967e+01  3.8536593e+01  3.3024982e+01
6.0966698e-01   2828400  3.4038703e+01  3.4050226e+01  2.8950807e+01
6.4568974e-01   3356890  3.0114067e+01  3.0000609e+01  2.4822437e+01
6.8383752e-01   3990317  2.6740325e+01  2.6862822e+01  2.2408713e+01
7.2424344e-01   4738457  2.3814226e+01  2.3675697e+01  1.8986085e+01
7.6703215e-01   5629661  2.1467338e+01  2.1554971e+01  1.7100610e+01
8.1235262e-01   6687903  1.9700856e+01  1.9605661e+01  1.4579454e+01
8.6035444e-01   7945758  1.8703525e+01  1.8728230e+01  1.2931129e+01
9.1118812e-01   9436555  1.8608046e+01  1.8638067e+01  1.1263095e+01
9.6501980e-01  11210320  1.9553861e+01  1.9470429e+01  9.7307311e+00
1.0220366e+00  13318613  2.1875478e+01  2.1935300e+01  8.5884175e+00
1.0824208e+00  15819192  2.5980646e+01  2.5976501e+01  7.4469491e+00
1.1463741e+00  18795348  3.2361747e+01  3.2227668e+01  6.4453630e+00
1.2141088e+00  22326034  4.1052956e+01  4.0983372e+01  5.6294627e+00
1.2858419e+00  26520842  5.1639137e+01  5.1615445e+01  4.9069669e+00
1.3618105e+00  31503438  6.2105596e+01  6.2176339e+01  4.2712038e+00
1.4422695e+00  37426927  6.9070559e+01  6.9127769e+01  3.7100318e+00
1.5275481e+00  44525830  7.0922851e+01  7.0946397e+01  3.2198483e+00
