# Power spectrum from CO𝘕CEPT job 4700068 at t = 4.0359106 Gyr, a = 0.38461538
#
# Components:
#   0: matter  (upstream grid size 1024)
#
#                           grid size 1024
# ╭────────────────────────────────────────────────────────────────╮
#                         component 0    (corrected)      (linear)
#                        σ₈ = 3.65e-01  σ₈ = 3.65e-01  σ₈ = 3.58e-01
#  k [Mpc⁻¹]    modes       P [Mpc³]       P [Mpc³]       P [Mpc³]
3.0679616e-03         3  1.0370592e+04  1.0370592e+04  1.0371307e+04
5.8212951e-03        25  1.5127686e+04  1.5202194e+04  1.5196005e+04
1.0440195e-02       124  1.7510214e+04  1.7711054e+04  1.7796345e+04
1.6729547e-02       418  1.5809175e+04  1.5953735e+04  1.5932940e+04
2.3240110e-02       730  1.2169751e+04  1.2172007e+04  1.2271571e+04
2.9075630e-02      1012  9.6523656e+03  9.6290890e+03  9.6253173e+03
3.4544381e-02      1408  8.0982975e+03  8.0797855e+03  8.0613742e+03
3.9898901e-02      1841  7.0841663e+03  7.0789270e+03  7.1354670e+03
4.5580519e-02      2698  6.3710795e+03  6.3772981e+03  6.4050879e+03
5.1612543e-02      3532  5.5322736e+03  5.5409511e+03  5.5947112e+03
5.7899473e-02      4702  4.6155825e+03  4.6161852e+03  4.6598446e+03
6.4462744e-02      6019  3.7899795e+03  3.7807449e+03  3.7775457e+03
7.1309305e-02      7766  3.1674838e+03  3.1553551e+03  3.1529315e+03
7.8556104e-02     10012  2.8317071e+03  2.8257570e+03  2.8198675e+03
8.6194331e-02     12589  2.6407851e+03  2.6444660e+03  2.6318698e+03
9.4153926e-02     15650  2.3782007e+03  2.3847353e+03  2.3783482e+03
1.0254095e-01     19757  2.0077663e+03  2.0079006e+03  1.9963008e+03
1.1136076e-01     24241  1.6654253e+03  1.6594381e+03  1.6230569e+03
1.2060245e-01     29993  1.4287463e+03  1.4242369e+03  1.3833235e+03
1.3029316e-01     36494  1.2743272e+03  1.2752636e+03  1.2411444e+03
1.4046583e-01     44825  1.1328286e+03  1.1341750e+03  1.0923851e+03
1.5111985e-01     53906  9.8295449e+02  9.8033224e+02  9.3065079e+02
1.6229170e-01     65729  8.6871390e+02  8.6636662e+02  8.2207374e+02
1.7401323e-01     78746  7.9495261e+02  7.9656232e+02  7.5907654e+02
1.8625264e-01     94374  7.0818119e+02  7.0936891e+02  6.7089490e+02
1.9902230e-01    112166  6.0764894e+02  6.0641385e+02  5.6047451e+02
2.1238854e-01    134373  5.3129783e+02  5.2987180e+02  4.7649557e+02
2.2637810e-01    159077  4.7736712e+02  4.7684264e+02  4.2371843e+02
2.4096993e-01    188172  4.2945271e+02  4.2914146e+02  3.8326831e+02
2.5621802e-01    222492  3.9007182e+02  3.9047166e+02  3.4858204e+02
2.7214102e-01    261771  3.4836329e+02  3.4873449e+02  3.0648009e+02
2.8873063e-01    306759  3.0768841e+02  3.0702068e+02  2.5879229e+02
3.0605468e-01    360898  2.7509417e+02  2.7415372e+02  2.2417667e+02
3.2421519e-01    425046  2.5103637e+02  2.5111260e+02  2.0683796e+02
3.4337900e-01    505555  2.2649550e+02  2.2706603e+02  1.8882013e+02
3.6368055e-01    600292  2.0302626e+02  2.0281520e+02  1.6101621e+02
3.8517334e-01    712930  1.8256906e+02  1.8173073e+02  1.3700068e+02
4.0793004e-01    846715  1.6504693e+02  1.6513733e+02  1.2594850e+02
4.3202621e-01   1005596  1.4920261e+02  1.4968389e+02  1.1367237e+02
4.5754560e-01   1194719  1.3407056e+02  1.3336369e+02  9.4857320e+01
4.8457948e-01   1419743  1.2091403e+02  1.2072777e+02  8.4565107e+01
5.1321525e-01   1686576  1.0928736e+02  1.0979705e+02  7.7074246e+01
5.4354215e-01   2003484  9.8584494e+01  9.7881698e+01  6.4283625e+01
5.7565178e-01   2378778  8.9149960e+01  8.9332224e+01  5.8237236e+01
6.0966698e-01   2828400  8.0563690e+01  8.0590964e+01  5.1052710e+01
6.4568974e-01   3356890  7.2948904e+01  7.2674061e+01  4.3772618e+01
6.8383752e-01   3990317  6.6404067e+01  6.6708263e+01  3.9516183e+01
7.2424344e-01   4738457  6.0694872e+01  6.0341808e+01  3.3480617e+01
7.6703215e-01   5629661  5.6107095e+01  5.6336133e+01  3.0155713e+01
8.1235262e-01   6687903  5.2622785e+01  5.2368511e+01  2.5709831e+01
8.6035444e-01   7945758  5.0386776e+01  5.0453330e+01  2.2803125e+01
9.1118812e-01   9436555  4.9620278e+01  4.9700334e+01  1.9861665e+01
9.6501980e-01  11210320  5.0424827e+01  5.0209675e+01  1.7159448e+01
1.0220366e+00  13318613  5.2910995e+01  5.3055688e+01  1.5145059e+01
1.0824208e+00  15819192  5.7079081e+01  5.7069975e+01  1.3132160e+01
1.1463741e+00  18795348  6.2554672e+01  6.2295501e+01  1.1365933e+01
1.2141088e+00  22326034  6.8302279e+01  6.8186508e+01  9.9271505e+00
1.2858419e+00  26520842  7.3233209e+01  7.3199609e+01  8.6530803e+00
1.3618105e+00  31503438  7.6490707e+01  7.6577836e+01  7.5319569e+00
1.4422695e+00  37426927  7.7906650e+01  7.7971179e+01  6.5423698e+00
1.5275481e+00  44525830  7.8158882e+01  7.8184830e+01  5.6779660e+00
