# Power spectrum from CO𝘕CEPT job 4700068 at t = 9.3731384 Gyr, a = 0.71428571
#
# Components:
#   0: matter  (upstream grid size 1024)
#
#                           grid size 1024
# ╭────────────────────────────────────────────────────────────────╮
#                         component 0    (corrected)      (linear)
#                        σ₈ = 6.46e-01  σ₈ = 6.46e-01  σ₈ = 6.05e-01
#  k [Mpc⁻¹]    modes       P [Mpc³]       P [Mpc³]       P [Mpc³]
3.0679616e-03         3  2.9653692e+04  2.9653692e+04  2.9645419e+04
5.8212951e-03        25  4.3237220e+04  4.3450176e+04  4.3415062e+04
1.0440195e-02       124  4.9814860e+04  5.0386231e+04  5.0816719e+04
1.6729547e-02       418  4.5106920e+04  4.5519382e+04  4.5477143e+04
2.3240110e-02       730  3.4468428e+04  3.4474817e+04  3.5018273e+04
2.9075630e-02      1012  2.7491029e+04  2.7424735e+04  2.7463409e+04
3.4544381e-02      1408  2.3098773e+04  2.3045971e+04  2.2999275e+04
3.9898901e-02      1841  2.0059143e+04  2.0044308e+04  2.0356535e+04
4.5580519e-02      2698  1.8090879e+04  1.8108537e+04  1.8272098e+04
5.1612543e-02      3532  1.5652598e+04  1.5677150e+04  1.5959779e+04
5.7899473e-02      4702  1.3086854e+04  1.3088563e+04  1.3292594e+04
6.4462744e-02      6019  1.0887839e+04  1.0861310e+04  1.0775551e+04
7.1309305e-02      7766  9.1536162e+03  9.1185660e+03  8.9936817e+03
7.8556104e-02     10012  8.2092685e+03  8.1920187e+03  8.0435203e+03
8.6194331e-02     12589  7.6473845e+03  7.6580438e+03  7.5071896e+03
9.4153926e-02     15650  6.8824061e+03  6.9013172e+03  6.7839835e+03
1.0254095e-01     19757  5.8913600e+03  5.8917543e+03  5.6941947e+03
1.1136076e-01     24241  5.0231212e+03  5.0050629e+03  4.6295371e+03
1.2060245e-01     29993  4.3756913e+03  4.3618809e+03  3.9457131e+03
1.3029316e-01     36494  3.9225980e+03  3.9254806e+03  3.5401551e+03
1.4046583e-01     44825  3.5136566e+03  3.5178328e+03  3.1158339e+03
1.5111985e-01     53906  3.1360303e+03  3.1276642e+03  2.6545079e+03
1.6229170e-01     65729  2.8050312e+03  2.7974520e+03  2.3448064e+03
1.7401323e-01     78746  2.5705654e+03  2.5757706e+03  2.1651145e+03
1.8625264e-01     94374  2.3240197e+03  2.3279174e+03  1.9135906e+03
1.9902230e-01    112166  2.0684499e+03  2.0642456e+03  1.5986365e+03
2.1238854e-01    134373  1.8599508e+03  1.8549586e+03  1.3591023e+03
2.2637810e-01    159077  1.7063756e+03  1.7045008e+03  1.2085654e+03
2.4096993e-01    188172  1.5593924e+03  1.5582622e+03  1.0931891e+03
2.5621802e-01    222492  1.4350904e+03  1.4365614e+03  9.9425319e+02
2.7214102e-01    261771  1.3202597e+03  1.3216665e+03  8.7416602e+02
2.8873063e-01    306759  1.2080991e+03  1.2054773e+03  7.3814675e+02
3.0605468e-01    360898  1.1137518e+03  1.1099443e+03  6.3941311e+02
3.2421519e-01    425046  1.0313671e+03  1.0316803e+03  5.8995804e+02
3.4337900e-01    505555  9.5498237e+02  9.5738790e+02  5.3856607e+02
3.6368055e-01    600292  8.8473513e+02  8.8381538e+02  4.5926157e+02
3.8517334e-01    712930  8.2181198e+02  8.1803833e+02  3.9076266e+02
4.0793004e-01    846715  7.6484107e+02  7.6525999e+02  3.5923878e+02
4.3202621e-01   1005596  7.1065663e+02  7.1294897e+02  3.2422387e+02
4.5754560e-01   1194719  6.6186978e+02  6.5838016e+02  2.7055826e+02
4.8457948e-01   1419743  6.1657375e+02  6.1562396e+02  2.4120207e+02
5.1321525e-01   1686576  5.7602051e+02  5.7870690e+02  2.1983610e+02
5.4354215e-01   2003484  5.3713569e+02  5.3330652e+02  1.8335383e+02
5.7565178e-01   2378778  5.0328561e+02  5.0431457e+02  1.6610791e+02
6.0966698e-01   2828400  4.7148725e+02  4.7164686e+02  1.4561572e+02
6.4568974e-01   3356890  4.4290005e+02  4.4123137e+02  1.2485097e+02
6.8383752e-01   3990317  4.1687271e+02  4.1878240e+02  1.1271048e+02
7.2424344e-01   4738457  3.9343268e+02  3.9114407e+02  9.5495455e+01
7.6703215e-01   5629661  3.7235191e+02  3.7387191e+02  8.6011947e+01
8.1235262e-01   6687903  3.5393874e+02  3.5222851e+02  7.3331122e+01
8.6035444e-01   7945758  3.3725603e+02  3.3770150e+02  6.5040432e+01
9.1118812e-01   9436555  3.2249729e+02  3.2301759e+02  5.6650613e+01
9.6501980e-01  11210320  3.0835539e+02  3.0703970e+02  4.8943184e+01
1.0220366e+00  13318613  2.9497057e+02  2.9577722e+02  4.3197616e+01
1.0824208e+00  15819192  2.8180401e+02  2.8175906e+02  3.7456301e+01
1.1463741e+00  18795348  2.6876833e+02  2.6765480e+02  3.2418562e+01
1.2141088e+00  22326034  2.5585738e+02  2.5542370e+02  2.8314779e+01
1.2858419e+00  26520842  2.4285320e+02  2.4274178e+02  2.4680798e+01
1.3618105e+00  31503438  2.2996898e+02  2.3023093e+02  2.1483062e+01
1.4422695e+00  37426927  2.1727421e+02  2.1745418e+02  1.8660502e+01
1.5275481e+00  44525830  2.0510551e+02  2.0517360e+02  1.6194998e+01
