# Power spectrum from CO𝘕CEPT job 4700068 at t = 2.1444682 Gyr, a = 0.25
#
# Components:
#   0: matter  (upstream grid size 1024)
#
#                           grid size 1024
# ╭────────────────────────────────────────────────────────────────╮
#                         component 0    (corrected)      (linear)
#                        σ₈ = 2.38e-01  σ₈ = 2.38e-01  σ₈ = 2.37e-01
#  k [Mpc⁻¹]    modes       P [Mpc³]       P [Mpc³]       P [Mpc³]
3.0679616e-03         3  4.5266547e+03  4.5266547e+03  4.5269902e+03
5.8212951e-03        25  6.6052231e+03  6.6377557e+03  6.6357742e+03
1.0440195e-02       124  7.6629169e+03  7.7508097e+03  7.7747428e+03
1.6729547e-02       418  6.9068045e+03  6.9699610e+03  6.9626272e+03
2.3240110e-02       730  5.3351451e+03  5.3361341e+03  5.3634238e+03
2.9075630e-02      1012  4.2192147e+03  4.2090401e+03  4.2071818e+03
3.4544381e-02      1408  3.5371300e+03  3.5290444e+03  3.5237446e+03
3.9898901e-02      1841  3.1050821e+03  3.1027856e+03  3.1191218e+03
4.5580519e-02      2698  2.7884439e+03  2.7911656e+03  2.7999194e+03
5.1612543e-02      3532  2.4252433e+03  2.4290473e+03  2.4457097e+03
5.7899473e-02      4702  2.0220561e+03  2.0223202e+03  2.0370466e+03
6.4462744e-02      6019  1.6517727e+03  1.6477481e+03  1.6513900e+03
7.1309305e-02      7766  1.3784952e+03  1.3732168e+03  1.3783614e+03
7.8556104e-02     10012  1.2308698e+03  1.2282834e+03  1.2327747e+03
8.6194331e-02     12589  1.1469828e+03  1.1485815e+03  1.1505831e+03
9.4153926e-02     15650  1.0328117e+03  1.0356497e+03  1.0397760e+03
1.0254095e-01     19757  8.6835125e+02  8.6840936e+02  8.7281063e+02
1.1136076e-01     24241  7.1317310e+02  7.1060922e+02  7.0961065e+02
1.2060245e-01     29993  6.0833029e+02  6.0641029e+02  6.0476075e+02
1.3029316e-01     36494  5.4205086e+02  5.4244920e+02  5.4259894e+02
1.4046583e-01     44825  4.7919584e+02  4.7976539e+02  4.7760489e+02
1.5111985e-01     53906  4.1153396e+02  4.1043610e+02  4.0691155e+02
1.6229170e-01     65729  3.6227935e+02  3.6130047e+02  3.5932190e+02
1.7401323e-01     78746  3.3164976e+02  3.3232132e+02  3.3179182e+02
1.8625264e-01     94374  2.9361615e+02  2.9410858e+02  2.9347554e+02
1.9902230e-01    112166  2.4787113e+02  2.4736731e+02  2.4486308e+02
2.1238854e-01    134373  2.1324293e+02  2.1267057e+02  2.0844779e+02
2.2637810e-01    159077  1.8992225e+02  1.8971358e+02  1.8508795e+02
2.4096993e-01    188172  1.7021866e+02  1.7009529e+02  1.6767711e+02
2.5621802e-01    222492  1.5377853e+02  1.5393615e+02  1.5228307e+02
2.7214102e-01    261771  1.3573843e+02  1.3588307e+02  1.3406738e+02
2.8873063e-01    306759  1.1699627e+02  1.1674237e+02  1.1308481e+02
3.0605468e-01    360898  1.0286029e+02  1.0250864e+02  9.8005914e+01
3.2421519e-01    425046  9.3381045e+01  9.3409402e+01  9.0453678e+01
3.4337900e-01    505555  8.3770321e+01  8.3981332e+01  8.2510077e+01
3.6368055e-01    600292  7.3208421e+01  7.3132315e+01  7.0382221e+01
3.8517334e-01    712930  6.4123046e+01  6.3828601e+01  5.9909250e+01
4.0793004e-01    846715  5.7502565e+01  5.7534060e+01  5.5070270e+01
4.3202621e-01   1005596  5.1304937e+01  5.1470430e+01  4.9695589e+01
4.5754560e-01   1194719  4.4638519e+01  4.4403168e+01  4.1469245e+01
4.8457948e-01   1419743  3.9468288e+01  3.9407490e+01  3.6970354e+01
5.1321525e-01   1686576  3.5008703e+01  3.5171973e+01  3.3695681e+01
5.4354215e-01   2003484  3.0636295e+01  3.0417893e+01  2.8103515e+01
5.7565178e-01   2378778  2.6973893e+01  2.7029040e+01  2.5459898e+01
6.0966698e-01   2828400  2.3697231e+01  2.3705254e+01  2.2319162e+01
6.4568974e-01   3356890  2.0757020e+01  2.0678815e+01  1.9136700e+01
6.8383752e-01   3990317  1.8256409e+01  1.8340041e+01  1.7275841e+01
7.2424344e-01   4738457  1.6068492e+01  1.5975021e+01  1.4637012e+01
7.6703215e-01   5629661  1.4312112e+01  1.4370536e+01  1.3183290e+01
8.1235262e-01   6687903  1.2988878e+01  1.2926116e+01  1.1239635e+01
8.6035444e-01   7945758  1.2273367e+01  1.2289579e+01  9.9689284e+00
9.1118812e-01   9436555  1.2265437e+01  1.2285226e+01  8.6830377e+00
9.6501980e-01  11210320  1.3074626e+01  1.3018840e+01  7.5017236e+00
1.0220366e+00  13318613  1.5009618e+01  1.5050664e+01  6.6210950e+00
1.0824208e+00  15819192  1.8493996e+01  1.8491046e+01  5.7411027e+00
1.1463741e+00  18795348  2.4186065e+01  2.4085860e+01  4.9689392e+00
1.2141088e+00  22326034  3.2668880e+01  3.2613507e+01  4.3399261e+00
1.2858419e+00  26520842  4.4486463e+01  4.4466052e+01  3.7829270e+00
1.3618105e+00  31503438  5.8541083e+01  5.8607766e+01  3.2928012e+00
1.4422695e+00  37426927  7.0484838e+01  7.0543220e+01  2.8601844e+00
1.5275481e+00  44525830  7.4730010e+01  7.4754819e+01  2.4822841e+00
