# Power spectrum from CO𝘕CEPT job 4700068 at t = 3.8215315 Gyr, a = 0.37037037
#
# Components:
#   0: matter  (upstream grid size 1024)
#
#                           grid size 1024
# ╭────────────────────────────────────────────────────────────────╮
#                         component 0    (corrected)      (linear)
#                        σ₈ = 3.52e-01  σ₈ = 3.52e-01  σ₈ = 3.46e-01
#  k [Mpc⁻¹]    modes       P [Mpc³]       P [Mpc³]       P [Mpc³]
3.0679616e-03         3  9.6603042e+03  9.6603042e+03  9.6615773e+03
5.8212951e-03        25  1.4091962e+04  1.4161369e+04  1.4156614e+04
1.0440195e-02       124  1.6315142e+04  1.6502275e+04  1.6579714e+04
1.6729547e-02       418  1.4727736e+04  1.4862408e+04  1.4844080e+04
2.3240110e-02       730  1.1341331e+04  1.1343433e+04  1.1433091e+04
2.9075630e-02      1012  8.9926499e+03  8.9709642e+03  8.9677139e+03
3.4544381e-02      1408  7.5441945e+03  7.5269491e+03  7.5106532e+03
3.9898901e-02      1841  6.6018511e+03  6.5969684e+03  6.6480203e+03
4.5580519e-02      2698  5.9364247e+03  5.9422191e+03  5.9675493e+03
5.1612543e-02      3532  5.1557161e+03  5.1638029e+03  5.2125394e+03
5.7899473e-02      4702  4.3010643e+03  4.3016260e+03  4.3415388e+03
6.4462744e-02      6019  3.5296613e+03  3.5210610e+03  3.5195119e+03
7.1309305e-02      7766  2.9493386e+03  2.9380452e+03  2.9375658e+03
7.8556104e-02     10012  2.6363222e+03  2.6307827e+03  2.6272539e+03
8.6194331e-02     12589  2.4584678e+03  2.4618945e+03  2.4520988e+03
9.4153926e-02     15650  2.2139890e+03  2.2200725e+03  2.2158951e+03
1.0254095e-01     19757  1.8681503e+03  1.8682753e+03  1.8599441e+03
1.1136076e-01     24241  1.5478104e+03  1.5422460e+03  1.5121950e+03
1.2060245e-01     29993  1.3269543e+03  1.3227662e+03  1.2888367e+03
1.3029316e-01     36494  1.1833574e+03  1.1842270e+03  1.1563692e+03
1.4046583e-01     44825  1.0513952e+03  1.0526449e+03  1.0177710e+03
1.5111985e-01     53906  9.1117150e+02  9.0874074e+02  8.6708389e+02
1.6229170e-01     65729  8.0487974e+02  8.0270494e+02  7.6592315e+02
1.7401323e-01     78746  7.3655730e+02  7.3804876e+02  7.0722896e+02
1.8625264e-01     94374  6.5568957e+02  6.5678925e+02  6.2507049e+02
1.9902230e-01    112166  5.6159578e+02  5.6045430e+02  5.2219223e+02
2.1238854e-01    134373  4.9019556e+02  4.8887985e+02  4.4394936e+02
2.2637810e-01    159077  4.4000083e+02  4.3951740e+02  3.9477710e+02
2.4096993e-01    188172  3.9561920e+02  3.9533247e+02  3.5708987e+02
2.5621802e-01    222492  3.5910672e+02  3.5947481e+02  3.2477279e+02
2.7214102e-01    261771  3.2027061e+02  3.2061188e+02  2.8554655e+02
2.8873063e-01    306759  2.8220579e+02  2.8159337e+02  2.4111599e+02
3.0605468e-01    360898  2.5188540e+02  2.5102429e+02  2.0886472e+02
3.2421519e-01    425046  2.2968132e+02  2.2975107e+02  1.9271030e+02
3.4337900e-01    505555  2.0703056e+02  2.0755206e+02  1.7592315e+02
3.6368055e-01    600292  1.8514184e+02  1.8494937e+02  1.5001832e+02
3.8517334e-01    712930  1.6608590e+02  1.6532326e+02  1.2764312e+02
4.0793004e-01    846715  1.4996794e+02  1.5005008e+02  1.1734585e+02
4.3202621e-01   1005596  1.3536022e+02  1.3579685e+02  1.0590822e+02
4.5754560e-01   1194719  1.2129475e+02  1.2065524e+02  8.8378288e+01
4.8457948e-01   1419743  1.0915987e+02  1.0899171e+02  7.8789064e+01
5.1321525e-01   1686576  9.8454236e+01  9.8913397e+01  7.1809852e+01
5.4354215e-01   2003484  8.8575832e+01  8.7944386e+01  5.9892868e+01
5.7565178e-01   2378778  7.9895485e+01  8.0058829e+01  5.4259466e+01
6.0966698e-01   2828400  7.1992999e+01  7.2017371e+01  4.7565664e+01
6.4568974e-01   3356890  6.4996277e+01  6.4751396e+01  4.0782823e+01
6.8383752e-01   3990317  5.8980533e+01  5.9250723e+01  3.6817115e+01
7.2424344e-01   4738457  5.3741862e+01  5.3429243e+01  3.1193796e+01
7.6703215e-01   5629661  4.9535968e+01  4.9738182e+01  2.8095992e+01
8.1235262e-01   6687903  4.6350553e+01  4.6126587e+01  2.3953777e+01
8.6035444e-01   7945758  4.4345240e+01  4.4403814e+01  2.1245608e+01
9.1118812e-01   9436555  4.3732973e+01  4.3803529e+01  1.8505057e+01
9.6501980e-01  11210320  4.4634829e+01  4.4444383e+01  1.5987410e+01
1.0220366e+00  13318613  4.7222571e+01  4.7351709e+01  1.4110609e+01
1.0824208e+00  15819192  5.1571990e+01  5.1563762e+01  1.2235197e+01
1.1463741e+00  18795348  5.7426401e+01  5.7188477e+01  1.0589609e+01
1.2141088e+00  22326034  6.3798677e+01  6.3690539e+01  9.2490990e+00
1.2858419e+00  26520842  6.9546153e+01  6.9514244e+01  8.0620513e+00
1.3618105e+00  31503438  7.3553146e+01  7.3636929e+01  7.0175039e+00
1.4422695e+00  37426927  7.5428578e+01  7.5491054e+01  6.0955084e+00
1.5275481e+00  44525830  7.5875008e+01  7.5900197e+01  5.2901458e+00
