# Power spectrum from CO𝘕CEPT job 4700068 at t = 13.790224 Gyr, a = 1
#
# Components:
#   0: matter  (upstream grid size 1024)
#
#                           grid size 1024
# ╭────────────────────────────────────────────────────────────────╮
#                         component 0    (corrected)      (linear)
#                        σ₈ = 8.21e-01  σ₈ = 8.21e-01  σ₈ = 7.46e-01
#  k [Mpc⁻¹]    modes       P [Mpc³]       P [Mpc³]       P [Mpc³]
3.0679616e-03         3  4.5117552e+04  4.5117552e+04  4.5121460e+04
5.8212951e-03        25  6.5769022e+04  6.6092953e+04  6.6067778e+04
1.0440195e-02       124  7.5565328e+04  7.6432055e+04  7.7315175e+04
1.6729547e-02       418  6.8515146e+04  6.9141656e+04  6.9178935e+04
2.3240110e-02       730  5.2127910e+04  5.2137574e+04  5.3263335e+04
2.9075630e-02      1012  4.1698438e+04  4.1597883e+04  4.1769726e+04
3.4544381e-02      1408  3.5062449e+04  3.4982299e+04  3.4978755e+04
3.9898901e-02      1841  3.0323717e+04  3.0301290e+04  3.0958651e+04
4.5580519e-02      2698  2.7390112e+04  2.7416846e+04  2.7787992e+04
5.1612543e-02      3532  2.3647228e+04  2.3684319e+04  2.4271028e+04
5.7899473e-02      4702  1.9802926e+04  1.9805512e+04  2.0214601e+04
6.4462744e-02      6019  1.6613445e+04  1.6572965e+04  1.6386653e+04
7.1309305e-02      7766  1.4036511e+04  1.3982763e+04  1.3676801e+04
7.8556104e-02     10012  1.2616988e+04  1.2590476e+04  1.2231793e+04
8.6194331e-02     12589  1.1730984e+04  1.1747335e+04  1.1416127e+04
9.4153926e-02     15650  1.0543547e+04  1.0572518e+04  1.0316304e+04
1.0254095e-01     19757  9.1161773e+03  9.1167873e+03  8.6590434e+03
1.1136076e-01     24241  7.9096203e+03  7.8811850e+03  7.0400173e+03
1.2060245e-01     29993  6.9559509e+03  6.9339967e+03  6.0001270e+03
1.3029316e-01     36494  6.2626876e+03  6.2672899e+03  5.3833946e+03
1.4046583e-01     44825  5.6283914e+03  5.6350811e+03  4.7381341e+03
1.5111985e-01     53906  5.1021466e+03  5.0885355e+03  4.0366057e+03
1.6229170e-01     65729  4.6005687e+03  4.5881379e+03  3.5656496e+03
1.7401323e-01     78746  4.2297930e+03  4.2383580e+03  3.2923956e+03
1.8625264e-01     94374  3.8507355e+03  3.8571937e+03  2.9099110e+03
1.9902230e-01    112166  3.4956994e+03  3.4885941e+03  2.4309723e+03
2.1238854e-01    134373  3.1799842e+03  3.1714489e+03  2.0667222e+03
2.2637810e-01    159077  2.9469047e+03  2.9436670e+03  1.8378065e+03
2.4096993e-01    188172  2.7220715e+03  2.7200986e+03  1.6623584e+03
2.5621802e-01    222492  2.5223727e+03  2.5249582e+03  1.5119107e+03
2.7214102e-01    261771  2.3497859e+03  2.3522897e+03  1.3292996e+03
2.8873063e-01    306759  2.1813351e+03  2.1766013e+03  1.1224616e+03
3.0605468e-01    360898  2.0407700e+03  2.0337933e+03  9.7232211e+02
3.2421519e-01    425046  1.9033964e+03  1.9039744e+03  8.9711810e+02
3.4337900e-01    505555  1.7852284e+03  1.7897253e+03  8.1896881e+02
3.6368055e-01    600292  1.6759038e+03  1.6741615e+03  6.9837450e+02
3.8517334e-01    712930  1.5724201e+03  1.5651998e+03  5.9421173e+02
4.0793004e-01    846715  1.4815455e+03  1.4823570e+03  5.4627495e+02
4.3202621e-01   1005596  1.3917011e+03  1.3961902e+03  4.9302959e+02
4.5754560e-01   1194719  1.3123119e+03  1.3053929e+03  4.1142315e+02
4.8457948e-01   1419743  1.2347874e+03  1.2328853e+03  3.6678275e+02
5.1321525e-01   1686576  1.1662782e+03  1.1717174e+03  3.3429264e+02
5.4354215e-01   2003484  1.0988669e+03  1.0910332e+03  2.7881603e+02
5.7565178e-01   2378778  1.0393634e+03  1.0414883e+03  2.5259108e+02
6.0966698e-01   2828400  9.8256110e+02  9.8289372e+02  2.2142973e+02
6.4568974e-01   3356890  9.2966946e+02  9.2616682e+02  1.8985390e+02
6.8383752e-01   3990317  8.7922065e+02  8.8324836e+02  1.7139253e+02
7.2424344e-01   4738457  8.3229660e+02  8.2745509e+02  1.4521459e+02
7.6703215e-01   5629661  7.8846443e+02  7.9168307e+02  1.3079354e+02
8.1235262e-01   6687903  7.4659511e+02  7.4298756e+02  1.1151051e+02
8.6035444e-01   7945758  7.0692292e+02  7.0785667e+02  9.8903318e+01
9.1118812e-01   9436555  6.6866531e+02  6.6974411e+02  8.6145388e+01
9.6501980e-01  11210320  6.3091947e+02  6.2822749e+02  7.4425130e+01
1.0220366e+00  13318613  5.9505643e+02  5.9668370e+02  6.5688166e+01
1.0824208e+00  15819192  5.5972626e+02  5.5963696e+02  5.6957670e+01
1.1463741e+00  18795348  5.2513994e+02  5.2296423e+02  4.9297063e+01
1.2141088e+00  22326034  4.9161151e+02  4.9077824e+02  4.3056669e+01
1.2858419e+00  26520842  4.5938030e+02  4.5916953e+02  3.7530679e+01
1.3618105e+00  31503438  4.2825120e+02  4.2873901e+02  3.2668062e+01
1.4422695e+00  37426927  3.9847466e+02  3.9880471e+02  2.8375955e+01
1.5275481e+00  44525830  3.6999070e+02  3.7011353e+02  2.4626801e+01
