# Power spectrum from CO𝘕CEPT job 4700068 at t = 2.2265774 Gyr, a = 0.25641026
#
# Components:
#   0: matter  (upstream grid size 1024)
#
#                           grid size 1024
# ╭────────────────────────────────────────────────────────────────╮
#                         component 0    (corrected)      (linear)
#                        σ₈ = 2.44e-01  σ₈ = 2.44e-01  σ₈ = 2.43e-01
#  k [Mpc⁻¹]    modes       P [Mpc³]       P [Mpc³]       P [Mpc³]
3.0679616e-03         3  4.7567002e+03  4.7567002e+03  4.7571252e+03
5.8212951e-03        25  6.9407589e+03  6.9749441e+03  6.9729285e+03
1.0440195e-02       124  8.0512688e+03  8.1436161e+03  8.1695433e+03
1.6729547e-02       418  7.2574569e+03  7.3238198e+03  7.3160766e+03
2.3240110e-02       730  5.6050711e+03  5.6061101e+03  5.6356567e+03
2.9075630e-02      1012  4.4333193e+03  4.4226283e+03  4.4207004e+03
3.4544381e-02      1408  3.7167630e+03  3.7082668e+03  3.7025762e+03
3.9898901e-02      1841  3.2622153e+03  3.2598026e+03  3.2774039e+03
4.5580519e-02      2698  2.9297614e+03  2.9326210e+03  2.9419964e+03
5.1612543e-02      3532  2.5479534e+03  2.5519499e+03  2.5698156e+03
5.7899473e-02      4702  2.1244151e+03  2.1246925e+03  2.1404309e+03
6.4462744e-02      6019  1.7357779e+03  1.7315485e+03  1.7351770e+03
7.1309305e-02      7766  1.4486638e+03  1.4431167e+03  1.4482780e+03
7.8556104e-02     10012  1.2935893e+03  1.2908712e+03  1.2952952e+03
8.6194331e-02     12589  1.2054941e+03  1.2071744e+03  1.2089451e+03
9.4153926e-02     15650  1.0855013e+03  1.0884840e+03  1.0924948e+03
1.0254095e-01     19757  9.1278242e+02  9.1284350e+02  9.1700427e+02
1.1136076e-01     24241  7.4996706e+02  7.4727091e+02  7.4555609e+02
1.2060245e-01     29993  6.3986120e+02  6.3784168e+02  6.3543525e+02
1.3029316e-01     36494  5.7015793e+02  5.7057692e+02  5.7012572e+02
1.4046583e-01     44825  5.0418188e+02  5.0478113e+02  5.0179323e+02
1.5111985e-01     53906  4.3316736e+02  4.3201178e+02  4.2750025e+02
1.6229170e-01     65729  3.8137626e+02  3.8034577e+02  3.7762513e+02
1.7401323e-01     78746  3.4912312e+02  3.4983007e+02  3.4868727e+02
1.8625264e-01     94374  3.0916391e+02  3.0968242e+02  3.0818065e+02
1.9902230e-01    112166  2.6117833e+02  2.6064747e+02  2.5745839e+02
2.1238854e-01    134373  2.2485535e+02  2.2425183e+02  2.1888214e+02
2.2637810e-01    159077  2.0033984e+02  2.0011973e+02  1.9463863e+02
2.4096993e-01    188172  1.7957090e+02  1.7944075e+02  1.7605761e+02
2.5621802e-01    222492  1.6225883e+02  1.6242515e+02  1.6012423e+02
2.7214102e-01    261771  1.4329230e+02  1.4344498e+02  1.4078438e+02
2.8873063e-01    306759  1.2365454e+02  1.2338619e+02  1.1887860e+02
3.0605468e-01    360898  1.0880271e+02  1.0843075e+02  1.0297763e+02
3.2421519e-01    425046  9.8785512e+01  9.8815510e+01  9.5012949e+01
3.4337900e-01    505555  8.8625444e+01  8.8848685e+01  8.6736313e+01
3.6368055e-01    600292  7.7552560e+01  7.7471938e+01  7.3964332e+01
3.8517334e-01    712930  6.8021591e+01  6.7709245e+01  6.2932578e+01
4.0793004e-01    846715  6.1008979e+01  6.1042395e+01  5.7855666e+01
4.3202621e-01   1005596  5.4459717e+01  5.4635385e+01  5.2216514e+01
4.5754560e-01   1194719  4.7467940e+01  4.7217672e+01  4.3573642e+01
4.8457948e-01   1419743  4.2005196e+01  4.1940490e+01  3.8845818e+01
5.1321525e-01   1686576  3.7284893e+01  3.7458779e+01  3.5404821e+01
5.4354215e-01   2003484  3.2685197e+01  3.2452189e+01  2.9529325e+01
5.7565178e-01   2378778  2.8812726e+01  2.8871632e+01  2.6751859e+01
6.0966698e-01   2828400  2.5345733e+01  2.5354313e+01  2.3451578e+01
6.4568974e-01   3356890  2.2241801e+01  2.2158002e+01  2.0107396e+01
6.8383752e-01   3990317  1.9594897e+01  1.9684661e+01  1.8152161e+01
7.2424344e-01   4738457  1.7284244e+01  1.7183701e+01  1.5379664e+01
7.6703215e-01   5629661  1.5429519e+01  1.5492504e+01  1.3852337e+01
8.1235262e-01   6687903  1.4033027e+01  1.3965219e+01  1.1810076e+01
8.6035444e-01   7945758  1.3271850e+01  1.3289381e+01  1.0474852e+01
9.1118812e-01   9436555  1.3251827e+01  1.3273207e+01  9.1236629e+00
9.6501980e-01  11210320  1.4088547e+01  1.4028435e+01  7.8823726e+00
1.0220366e+00  13318613  1.6098538e+01  1.6142562e+01  6.9570424e+00
1.0824208e+00  15819192  1.9708363e+01  1.9705219e+01  6.0323969e+00
1.1463741e+00  18795348  2.5557353e+01  2.5451466e+01  5.2210628e+00
1.2141088e+00  22326034  3.4139810e+01  3.4081943e+01  4.5601435e+00
1.2858419e+00  26520842  4.5814155e+01  4.5793135e+01  3.9748863e+00
1.3618105e+00  31503438  5.9229978e+01  5.9297446e+01  3.4598869e+00
1.4422695e+00  37426927  7.0094268e+01  7.0152327e+01  3.0053099e+00
1.5275481e+00  44525830  7.3698565e+01  7.3723032e+01  2.6082371e+00
