# Power spectrum from CO𝘕CEPT job 4700068 at t = 6.2820103 Gyr, a = 0.52631579
#
# Components:
#   0: matter  (upstream grid size 1024)
#
#                           grid size 1024
# ╭────────────────────────────────────────────────────────────────╮
#                         component 0    (corrected)      (linear)
#                        σ₈ = 4.95e-01  σ₈ = 4.95e-01  σ₈ = 4.75e-01
#  k [Mpc⁻¹]    modes       P [Mpc³]       P [Mpc³]       P [Mpc³]
3.0679616e-03         3  1.8264884e+04  1.8264884e+04  1.8251965e+04
5.8212951e-03        25  2.6637325e+04  2.6768522e+04  2.6735420e+04
1.0440195e-02       124  3.0765520e+04  3.1118397e+04  3.1301169e+04
1.6729547e-02       418  2.7817858e+04  2.8072227e+04  2.8017702e+04
2.3240110e-02       730  2.1340772e+04  2.1344729e+04  2.1576658e+04
2.9075630e-02      1012  1.6972183e+04  1.6931255e+04  1.6922762e+04
3.4544381e-02      1408  1.4249954e+04  1.4217380e+04  1.4172556e+04
3.9898901e-02      1841  1.2422641e+04  1.2413453e+04  1.2544398e+04
4.5580519e-02      2698  1.1187520e+04  1.1198440e+04  1.1260136e+04
5.1612543e-02      3532  9.6986032e+03  9.7138156e+03  9.8353394e+03
5.7899473e-02      4702  8.0988750e+03  8.0999326e+03  8.1917714e+03
6.4462744e-02      6019  6.6895003e+03  6.6732008e+03  6.6406715e+03
7.1309305e-02      7766  5.6039182e+03  5.5824601e+03  5.5426002e+03
7.8556104e-02     10012  5.0168863e+03  5.0063446e+03  4.9570703e+03
8.6194331e-02     12589  4.6783064e+03  4.6848272e+03  4.6265647e+03
9.4153926e-02     15650  4.2128162e+03  4.2243919e+03  4.1808824e+03
1.0254095e-01     19757  3.5774302e+03  3.5776696e+03  3.5092723e+03
1.1136076e-01     24241  3.0037980e+03  2.9929993e+03  2.8531437e+03
1.2060245e-01     29993  2.5947241e+03  2.5865347e+03  2.4317150e+03
1.3029316e-01     36494  2.3187708e+03  2.3204748e+03  2.1817771e+03
1.4046583e-01     44825  2.0701616e+03  2.0726222e+03  1.9202739e+03
1.5111985e-01     53906  1.8194891e+03  1.8146352e+03  1.6359633e+03
1.6229170e-01     65729  1.6164432e+03  1.6120755e+03  1.4450973e+03
1.7401323e-01     78746  1.4793346e+03  1.4823301e+03  1.3343552e+03
1.8625264e-01     94374  1.3272639e+03  1.3294899e+03  1.1793427e+03
1.9902230e-01    112166  1.1587552e+03  1.1564000e+03  9.8523782e+02
2.1238854e-01    134373  1.0284053e+03  1.0256450e+03  8.3761378e+02
2.2637810e-01    159077  9.3316787e+02  9.3214260e+02  7.4483842e+02
2.4096993e-01    188172  8.4495189e+02  8.4433951e+02  6.7373238e+02
2.5621802e-01    222492  7.7236630e+02  7.7315800e+02  6.1275849e+02
2.7214102e-01    261771  6.9956182e+02  7.0030724e+02  5.3874896e+02
2.8873063e-01    306759  6.2982775e+02  6.2846094e+02  4.5492037e+02
3.0605468e-01    360898  5.7167313e+02  5.6971878e+02  3.9407088e+02
3.2421519e-01    425046  5.2572917e+02  5.2588882e+02  3.6359178e+02
3.4337900e-01    505555  4.7982026e+02  4.8102889e+02  3.3191893e+02
3.6368055e-01    600292  4.3807113e+02  4.3761572e+02  2.8304354e+02
3.8517334e-01    712930  4.0138917e+02  3.9954605e+02  2.4082761e+02
4.0793004e-01    846715  3.6774747e+02  3.6794889e+02  2.2139943e+02
4.3202621e-01   1005596  3.3732275e+02  3.3841084e+02  1.9981972e+02
4.5754560e-01   1194719  3.0928080e+02  3.0765016e+02  1.6674554e+02
4.8457948e-01   1419743  2.8397433e+02  2.8353689e+02  1.4865329e+02
5.1321525e-01   1686576  2.6126183e+02  2.6248027e+02  1.3548542e+02
5.4354215e-01   2003484  2.4067555e+02  2.3895980e+02  1.1300134e+02
5.7565178e-01   2378778  2.2183585e+02  2.2228939e+02  1.0237265e+02
6.0966698e-01   2828400  2.0515677e+02  2.0522623e+02  8.9743281e+01
6.4568974e-01   3356890  1.8995764e+02  1.8924195e+02  7.6945924e+01
6.8383752e-01   3990317  1.7663784e+02  1.7744702e+02  6.9463722e+01
7.2424344e-01   4738457  1.6505364e+02  1.6409351e+02  5.8854068e+01
7.6703215e-01   5629661  1.5531370e+02  1.5594772e+02  5.3009364e+01
8.1235262e-01   6687903  1.4740397e+02  1.4669172e+02  4.5194146e+01
8.6035444e-01   7945758  1.4135676e+02  1.4154348e+02  4.0084576e+01
9.1118812e-01   9436555  1.3716867e+02  1.3738998e+02  3.4913914e+01
9.6501980e-01  11210320  1.3456092e+02  1.3398678e+02  3.0163808e+01
1.0220366e+00  13318613  1.3305579e+02  1.3341966e+02  2.6622802e+01
1.0824208e+00  15819192  1.3215129e+02  1.3213021e+02  2.3084417e+01
1.1463741e+00  18795348  1.3127209e+02  1.3072822e+02  1.9979647e+01
1.2141088e+00  22326034  1.2983880e+02  1.2961872e+02  1.7450476e+01
1.2858419e+00  26520842  1.2761849e+02  1.2755994e+02  1.5210845e+01
1.3618105e+00  31503438  1.2483258e+02  1.2497477e+02  1.3240073e+01
1.4422695e+00  37426927  1.2160910e+02  1.2170983e+02  1.1500522e+01
1.5275481e+00  44525830  1.1805806e+02  1.1809725e+02  9.9810262e+00
