# Power spectrum from CO𝘕CEPT job 4700068 at t = 7.2999645 Gyr, a = 0.58823529
#
# Components:
#   0: matter  (upstream grid size 1024)
#
#                           grid size 1024
# ╭────────────────────────────────────────────────────────────────╮
#                         component 0    (corrected)      (linear)
#                        σ₈ = 5.48e-01  σ₈ = 5.48e-01  σ₈ = 5.21e-01
#  k [Mpc⁻¹]    modes       P [Mpc³]       P [Mpc³]       P [Mpc³]
3.0679616e-03         3  2.1996447e+04  2.1996447e+04  2.1984553e+04
5.8212951e-03        25  3.2076877e+04  3.2234865e+04  3.2200155e+04
1.0440195e-02       124  3.7015876e+04  3.7440444e+04  3.7695548e+04
1.6729547e-02       418  3.3487264e+04  3.3793475e+04  3.3738813e+04
2.3240110e-02       730  2.5654595e+04  2.5659351e+04  2.5981414e+04
2.9075630e-02      1012  2.0424011e+04  2.0374758e+04  2.0376977e+04
3.4544381e-02      1408  1.7152767e+04  1.7113557e+04  1.7065160e+04
3.9898901e-02      1841  1.4932730e+04  1.4921686e+04  1.5104546e+04
4.5580519e-02      2698  1.3455033e+04  1.3468166e+04  1.3558077e+04
5.1612543e-02      3532  1.1656386e+04  1.1674669e+04  1.1842440e+04
5.7899473e-02      4702  9.7377243e+03  9.7389959e+03  9.8634228e+03
6.4462744e-02      6019  8.0632660e+03  8.0436192e+03  7.9957689e+03
7.1309305e-02      7766  6.7625510e+03  6.7366564e+03  6.6736054e+03
7.8556104e-02     10012  6.0578081e+03  6.0450791e+03  5.9685800e+03
8.6194331e-02     12589  5.6474882e+03  5.6553600e+03  5.5706228e+03
9.4153926e-02     15650  5.0848471e+03  5.0988189e+03  5.0339903e+03
1.0254095e-01     19757  4.3295435e+03  4.3298332e+03  4.2253329e+03
1.1136076e-01     24241  3.6545950e+03  3.6414566e+03  3.4353188e+03
1.2060245e-01     29993  3.1661530e+03  3.1561601e+03  2.9278962e+03
1.3029316e-01     36494  2.8322672e+03  2.8343485e+03  2.6269576e+03
1.4046583e-01     44825  2.5319159e+03  2.5349252e+03  2.3120945e+03
1.5111985e-01     53906  2.2374944e+03  2.2315253e+03  1.9697709e+03
1.6229170e-01     65729  1.9924089e+03  1.9870254e+03  1.7399592e+03
1.7401323e-01     78746  1.8239491e+03  1.8276424e+03  1.6066203e+03
1.8625264e-01     94374  1.6410717e+03  1.6438240e+03  1.4199782e+03
1.9902230e-01    112166  1.4426259e+03  1.4396936e+03  1.1862674e+03
2.1238854e-01    134373  1.2868671e+03  1.2834131e+03  1.0085217e+03
2.2637810e-01    159077  1.1723977e+03  1.1711096e+03  8.9681611e+02
2.4096993e-01    188172  1.0648583e+03  1.0640866e+03  8.1120137e+02
2.5621802e-01    222492  9.7578870e+02  9.7678891e+02  7.3778619e+02
2.7214102e-01    261771  8.8895295e+02  8.8990017e+02  6.4867560e+02
2.8873063e-01    306759  8.0529835e+02  8.0355074e+02  5.4774251e+02
3.0605468e-01    360898  7.3511429e+02  7.3260119e+02  4.7447722e+02
3.2421519e-01    425046  6.7789475e+02  6.7810060e+02  4.3777911e+02
3.4337900e-01    505555  6.2192820e+02  6.2349479e+02  3.9964370e+02
3.6368055e-01    600292  5.7105976e+02  5.7046610e+02  3.4079573e+02
3.8517334e-01    712930  5.2618647e+02  5.2377029e+02  2.8996605e+02
4.0793004e-01    846715  4.8491731e+02  4.8518291e+02  2.6657373e+02
4.3202621e-01   1005596  4.4709785e+02  4.4854004e+02  2.4059089e+02
4.5754560e-01   1194719  4.1245425e+02  4.1027965e+02  2.0076824e+02
4.8457948e-01   1419743  3.8092663e+02  3.8033983e+02  1.7898445e+02
5.1321525e-01   1686576  3.5248940e+02  3.5413330e+02  1.6312980e+02
5.4354215e-01   2003484  3.2655951e+02  3.2423151e+02  1.3605808e+02
5.7565178e-01   2378778  3.0292592e+02  3.0354525e+02  1.2326071e+02
6.0966698e-01   2828400  2.8183755e+02  2.8193296e+02  1.0805445e+02
6.4568974e-01   3356890  2.6260279e+02  2.6161340e+02  9.2645925e+01
6.8383752e-01   3990317  2.4554954e+02  2.4667440e+02  8.3637056e+01
7.2424344e-01   4738457  2.3058050e+02  2.2923920e+02  7.0862612e+01
7.6703215e-01   5629661  2.1779018e+02  2.1867923e+02  6.3825357e+01
8.1235262e-01   6687903  2.0697934e+02  2.0597922e+02  5.4415526e+01
8.6035444e-01   7945758  1.9816713e+02  1.9842888e+02  4.8263402e+01
9.1118812e-01   9436555  1.9123347e+02  1.9154200e+02  4.2037720e+01
9.6501980e-01  11210320  1.8551814e+02  1.8472658e+02  3.6318406e+01
1.0220366e+00  13318613  1.8077494e+02  1.8126930e+02  3.2054895e+01
1.0824208e+00  15819192  1.7626963e+02  1.7624151e+02  2.7794540e+01
1.1463741e+00  18795348  1.7178613e+02  1.7107440e+02  2.4056275e+01
1.2141088e+00  22326034  1.6682487e+02  1.6654210e+02  2.1011053e+01
1.2858419e+00  26520842  1.6138328e+02  1.6130923e+02  1.8314450e+01
1.3618105e+00  31503438  1.5558178e+02  1.5575900e+02  1.5941563e+01
1.4422695e+00  37426927  1.4964532e+02  1.4976927e+02  1.3847076e+01
1.5275481e+00  44525830  1.4358035e+02  1.4362802e+02  1.2017543e+01
