# Power spectrum from CO𝘕CEPT job 4700068 at t = 5.1231559 Gyr, a = 0.45454545
#
# Components:
#   0: matter  (upstream grid size 1024)
#
#                           grid size 1024
# ╭────────────────────────────────────────────────────────────────╮
#                         component 0    (corrected)      (linear)
#                        σ₈ = 4.30e-01  σ₈ = 4.30e-01  σ₈ = 4.18e-01
#  k [Mpc⁻¹]    modes       P [Mpc³]       P [Mpc³]       P [Mpc³]
3.0679616e-03         3  1.4107821e+04  1.4107821e+04  1.4101269e+04
5.8212951e-03        25  2.0576811e+04  2.0678157e+04  2.0658017e+04
1.0440195e-02       124  2.3791265e+04  2.4064149e+04  2.4189125e+04
1.6729547e-02       418  2.1496662e+04  2.1693230e+04  2.1653872e+04
2.3240110e-02       730  1.6519387e+04  1.6522449e+04  1.6676773e+04
2.9075630e-02      1012  1.3120526e+04  1.3088886e+04  1.3080138e+04
3.4544381e-02      1408  1.1012216e+04  1.0987043e+04  1.0954623e+04
3.9898901e-02      1841  9.6163961e+03  9.6092840e+03  9.6962699e+03
4.5580519e-02      2698  8.6545343e+03  8.6629817e+03  8.7036774e+03
5.1612543e-02      3532  7.5089100e+03  7.5206878e+03  7.6024194e+03
5.7899473e-02      4702  6.2674058e+03  6.2682242e+03  6.3320285e+03
6.4462744e-02      6019  5.1613361e+03  5.1487602e+03  5.1330919e+03
7.1309305e-02      7766  4.3182902e+03  4.3017550e+03  4.2843228e+03
7.8556104e-02     10012  3.8631875e+03  3.8550700e+03  3.8317308e+03
8.6194331e-02     12589  3.6029807e+03  3.6080027e+03  3.5762643e+03
9.4153926e-02     15650  3.2447456e+03  3.2536614e+03  3.2317649e+03
1.0254095e-01     19757  2.7469570e+03  2.7471408e+03  2.7126239e+03
1.1136076e-01     24241  2.2921529e+03  2.2839125e+03  2.2054476e+03
1.2060245e-01     29993  1.9730767e+03  1.9668493e+03  1.8796901e+03
1.3029316e-01     36494  1.7613614e+03  1.7626557e+03  1.6864923e+03
1.4046583e-01     44825  1.5694844e+03  1.5713499e+03  1.4843540e+03
1.5111985e-01     53906  1.3704260e+03  1.3667701e+03  1.2645854e+03
1.6229170e-01     65729  1.2142183e+03  1.2109375e+03  1.1170483e+03
1.7401323e-01     78746  1.1110744e+03  1.1133242e+03  1.0314461e+03
1.8625264e-01     94374  9.9332704e+02  9.9499299e+02  9.1162298e+02
1.9902230e-01    112166  8.5981347e+02  8.5806584e+02  7.6158165e+02
2.1238854e-01    134373  7.5774528e+02  7.5571145e+02  6.4746954e+02
2.2637810e-01    159077  6.8417763e+02  6.8342593e+02  5.7575500e+02
2.4096993e-01    188172  6.1736411e+02  6.1691667e+02  5.2079064e+02
2.5621802e-01    222492  5.6255832e+02  5.6313496e+02  4.7365832e+02
2.7214102e-01    261771  5.0590019e+02  5.0643926e+02  4.1644951e+02
2.8873063e-01    306759  4.5152480e+02  4.5054493e+02  3.5165060e+02
3.0605468e-01    360898  4.0686469e+02  4.0547376e+02  3.0461436e+02
3.2421519e-01    425046  3.7274856e+02  3.7286176e+02  2.8105424e+02
3.4337900e-01    505555  3.3812429e+02  3.3897600e+02  2.5657135e+02
3.6368055e-01    600292  3.0617737e+02  3.0585907e+02  2.1879098e+02
3.8517334e-01    712930  2.7819991e+02  2.7692246e+02  1.8615833e+02
4.0793004e-01    846715  2.5310750e+02  2.5324614e+02  1.7114048e+02
4.3202621e-01   1005596  2.3053803e+02  2.3128167e+02  1.5445950e+02
4.5754560e-01   1194719  2.0953377e+02  2.0842903e+02  1.2889335e+02
4.8457948e-01   1419743  1.9080190e+02  1.9050798e+02  1.1490816e+02
5.1321525e-01   1686576  1.7413133e+02  1.7494342e+02  1.0472947e+02
5.4354215e-01   2003484  1.5892082e+02  1.5778789e+02  8.7349407e+01
5.7565178e-01   2378778  1.4524459e+02  1.4554154e+02  7.9133493e+01
6.0966698e-01   2828400  1.3295468e+02  1.3299969e+02  6.9371065e+01
6.4568974e-01   3356890  1.2191402e+02  1.2145469e+02  5.9478781e+01
6.8383752e-01   3990317  1.1236437e+02  1.1287911e+02  5.3695081e+01
7.2424344e-01   4738457  1.0403467e+02  1.0342949e+02  4.5493877e+01
7.6703215e-01   5629661  9.7222527e+01  9.7619406e+01  4.0975955e+01
8.1235262e-01   6687903  9.1931421e+01  9.1487208e+01  3.4934834e+01
8.6035444e-01   7945758  8.8217448e+01  8.8333972e+01  3.0985165e+01
9.1118812e-01   9436555  8.6238791e+01  8.6377924e+01  2.6988271e+01
9.6501980e-01  11210320  8.5979068e+01  8.5612215e+01  2.3316466e+01
1.0220366e+00  13318613  8.7172930e+01  8.7411318e+01  2.0579288e+01
1.0824208e+00  15819192  8.9513431e+01  8.9499151e+01  1.7844135e+01
1.1463741e+00  18795348  9.2293065e+01  9.1910684e+01  1.5444165e+01
1.2141088e+00  22326034  9.4643260e+01  9.4482841e+01  1.3489129e+01
1.2858419e+00  26520842  9.5933538e+01  9.5889523e+01  1.1757906e+01
1.3618105e+00  31503438  9.6136554e+01  9.6246061e+01  1.0234510e+01
1.4422695e+00  37426927  9.5418758e+01  9.5497792e+01  8.8898470e+00
1.5275481e+00  44525830  9.4246252e+01  9.4277541e+01  7.7152846e+00
