# Power spectrum from CO𝘕CEPT job 4700068 at t = 3.1243456 Gyr, a = 0.32258065
#
# Components:
#   0: matter  (upstream grid size 1024)
#
#                           grid size 1024
# ╭────────────────────────────────────────────────────────────────╮
#                         component 0    (corrected)      (linear)
#                        σ₈ = 3.07e-01  σ₈ = 3.07e-01  σ₈ = 3.03e-01
#  k [Mpc⁻¹]    modes       P [Mpc³]       P [Mpc³]       P [Mpc³]
3.0679616e-03         3  7.4259946e+03  7.4259946e+03  7.4275101e+03
5.8212951e-03        25  1.0833750e+04  1.0887110e+04  1.0884602e+04
1.0440195e-02       124  1.2552835e+04  1.2696815e+04  1.2749435e+04
1.6729547e-02       418  1.1324884e+04  1.1428440e+04  1.1415828e+04
2.3240110e-02       730  8.7315054e+03  8.7331241e+03  8.7930531e+03
2.9075630e-02      1012  6.9162574e+03  6.8995789e+03  6.8971402e+03
3.4544381e-02      1408  5.8006528e+03  5.7873930e+03  5.7765935e+03
3.9898901e-02      1841  5.0823690e+03  5.0786101e+03  5.1131790e+03
4.5580519e-02      2698  4.5677509e+03  4.5722093e+03  4.5898459e+03
5.1612543e-02      3532  3.9693013e+03  3.9755272e+03  4.0091663e+03
5.7899473e-02      4702  3.3104637e+03  3.3108961e+03  3.3392613e+03
6.4462744e-02      6019  2.7115421e+03  2.7049352e+03  2.7070153e+03
7.1309305e-02      7766  2.2643884e+03  2.2557178e+03  2.2594207e+03
7.8556104e-02     10012  2.0231516e+03  2.0189004e+03  2.0207496e+03
8.6194331e-02     12589  1.8862577e+03  1.8888869e+03  1.8860327e+03
9.4153926e-02     15650  1.6986016e+03  1.7032689e+03  1.7043590e+03
1.0254095e-01     19757  1.4309367e+03  1.4310324e+03  1.4305806e+03
1.1136076e-01     24241  1.1811381e+03  1.1768919e+03  1.1631096e+03
1.2060245e-01     29993  1.0104104e+03  1.0072214e+03  9.9131375e+02
1.3029316e-01     36494  9.0067951e+02  9.0134139e+02  8.8942646e+02
1.4046583e-01     44825  7.9870829e+02  7.9965760e+02  7.8282349e+02
1.5111985e-01     53906  6.8946863e+02  6.8762931e+02  6.6692210e+02
1.6229170e-01     65729  6.0810153e+02  6.0645843e+02  5.8911403e+02
1.7401323e-01     78746  5.5654804e+02  5.5767500e+02  5.4396925e+02
1.8625264e-01     94374  4.9428743e+02  4.9511642e+02  4.8077674e+02
1.9902230e-01    112166  4.2082838e+02  4.1997301e+02  4.0164741e+02
2.1238854e-01    134373  3.6518940e+02  3.6420921e+02  3.4146650e+02
2.2637810e-01    159077  3.2673268e+02  3.2637370e+02  3.0364539e+02
2.4096993e-01    188172  2.9329967e+02  2.9308710e+02  2.7465806e+02
2.5621802e-01    222492  2.6567160e+02  2.6594392e+02  2.4980120e+02
2.7214102e-01    261771  2.3590021e+02  2.3615157e+02  2.1963010e+02
2.8873063e-01    306759  2.0611120e+02  2.0566391e+02  1.8545604e+02
3.0605468e-01    360898  1.8289025e+02  1.8226502e+02  1.6064978e+02
3.2421519e-01    425046  1.6638601e+02  1.6643653e+02  1.4822450e+02
3.4337900e-01    505555  1.4957681e+02  1.4995358e+02  1.3531256e+02
3.6368055e-01    600292  1.3262058e+02  1.3248271e+02  1.1538768e+02
3.8517334e-01    712930  1.1792522e+02  1.1738372e+02  9.8177640e+01
4.0793004e-01    846715  1.0610647e+02  1.0616459e+02  9.0257421e+01
4.3202621e-01   1005596  9.5287981e+01  9.5595348e+01  8.1460087e+01
4.5754560e-01   1194719  8.4494548e+01  8.4049062e+01  6.7976816e+01
4.8457948e-01   1419743  7.5489940e+01  7.5373653e+01  6.0601196e+01
5.1321525e-01   1686576  6.7600803e+01  6.7916072e+01  5.5233085e+01
5.4354215e-01   2003484  6.0226870e+01  5.9797520e+01  4.6067050e+01
5.7565178e-01   2378778  5.3817394e+01  5.3927422e+01  4.1734078e+01
6.0966698e-01   2828400  4.8010200e+01  4.8026453e+01  3.6585491e+01
6.4568974e-01   3356890  4.2877155e+01  4.2715611e+01  3.1368418e+01
6.8383752e-01   3990317  3.8453960e+01  3.8630117e+01  2.8318165e+01
7.2424344e-01   4738457  3.4621743e+01  3.4420347e+01  2.3992947e+01
7.6703215e-01   5629661  3.1548158e+01  3.1676943e+01  2.1610249e+01
8.1235262e-01   6687903  2.9231770e+01  2.9090522e+01  1.8424233e+01
8.6035444e-01   7945758  2.7863387e+01  2.7900191e+01  1.6341224e+01
9.1118812e-01   9436555  2.7610633e+01  2.7655179e+01  1.4233309e+01
9.6501980e-01  11210320  2.8626850e+01  2.8504706e+01  1.2296841e+01
1.0220366e+00  13318613  3.1216341e+01  3.1301706e+01  1.0853286e+01
1.0824208e+00  15819192  3.5684809e+01  3.5679116e+01  9.4107980e+00
1.1463741e+00  18795348  4.2223798e+01  4.2048860e+01  8.1450813e+00
1.2141088e+00  22326034  5.0296156e+01  5.0210905e+01  7.1140181e+00
1.2858419e+00  26520842  5.8884572e+01  5.8857555e+01  6.2009914e+00
1.3618105e+00  31503438  6.6063317e+01  6.6138568e+01  5.3975698e+00
1.4422695e+00  37426927  7.0051364e+01  7.0109387e+01  4.6884098e+00
1.5275481e+00  44525830  7.1070618e+01  7.1094213e+01  4.0689590e+00
