# Power spectrum from CO𝘕CEPT job 4700068 at t = 2.3140036 Gyr, a = 0.26315789
#
# Components:
#   0: matter  (upstream grid size 1024)
#
#                           grid size 1024
# ╭────────────────────────────────────────────────────────────────╮
#                         component 0    (corrected)      (linear)
#                        σ₈ = 2.50e-01  σ₈ = 2.50e-01  σ₈ = 2.49e-01
#  k [Mpc⁻¹]    modes       P [Mpc³]       P [Mpc³]       P [Mpc³]
3.0679616e-03         3  5.0045007e+03  5.0045007e+03  5.0050233e+03
5.8212951e-03        25  7.3021853e+03  7.3381506e+03  7.3360956e+03
1.0440195e-02       124  8.4695173e+03  8.5666618e+03  8.5947964e+03
1.6729547e-02       418  7.6351515e+03  7.7049681e+03  7.6967793e+03
2.3240110e-02       730  5.8957385e+03  5.8968314e+03  5.9288660e+03
2.9075630e-02      1012  4.6639266e+03  4.6526796e+03  4.6506788e+03
3.4544381e-02      1408  3.9102538e+03  3.9013152e+03  3.8951859e+03
3.9898901e-02      1841  3.4314258e+03  3.4288880e+03  3.4478903e+03
4.5580519e-02      2698  3.0819578e+03  3.0849660e+03  3.0950316e+03
5.1612543e-02      3532  2.6800943e+03  2.6842981e+03  2.7034883e+03
5.7899473e-02      4702  2.2346474e+03  2.2349393e+03  2.2517670e+03
6.4462744e-02      6019  1.8262824e+03  1.8218326e+03  1.8254325e+03
7.1309305e-02      7766  1.5242714e+03  1.5184348e+03  1.5236097e+03
7.8556104e-02     10012  1.3611774e+03  1.3583172e+03  1.3626691e+03
8.6194331e-02     12589  1.2685507e+03  1.2703188e+03  1.2718273e+03
9.4153926e-02     15650  1.1422851e+03  1.1454238e+03  1.1493196e+03
1.0254095e-01     19757  9.6068347e+02  9.6074775e+02  9.6470101e+02
1.1136076e-01     24241  7.8966673e+02  7.8682786e+02  7.8433506e+02
1.2060245e-01     29993  6.7389858e+02  6.7177164e+02  6.6848637e+02
1.3029316e-01     36494  6.0050226e+02  6.0094355e+02  5.9977982e+02
1.4046583e-01     44825  5.3116869e+02  5.3180002e+02  5.2789309e+02
1.5111985e-01     53906  4.5655278e+02  4.5533482e+02  4.4973585e+02
1.6229170e-01     65729  4.0202700e+02  4.0094072e+02  3.9726655e+02
1.7401323e-01     78746  3.6801781e+02  3.6876301e+02  3.6682353e+02
1.8625264e-01     94374  3.2598496e+02  3.2653168e+02  3.2421003e+02
1.9902230e-01    112166  2.7559422e+02  2.7503406e+02  2.7084955e+02
2.1238854e-01    134373  2.3745148e+02  2.3681414e+02  2.3026682e+02
2.2637810e-01    159077  2.1164755e+02  2.1141502e+02  2.0476233e+02
2.4096993e-01    188172  1.8972591e+02  1.8958840e+02  1.8521485e+02
2.5621802e-01    222492  1.7147136e+02  1.7164712e+02  1.6845274e+02
2.7214102e-01    261771  1.5150579e+02  1.5166722e+02  1.4810696e+02
2.8873063e-01    306759  1.3090763e+02  1.3062354e+02  1.2506180e+02
3.0605468e-01    360898  1.1528388e+02  1.1488977e+02  1.0833377e+02
3.2421519e-01    425046  1.0468291e+02  1.0471470e+02  9.9954829e+01
3.4337900e-01    505555  9.3926250e+01  9.4162843e+01  9.1247702e+01
3.6368055e-01    600292  8.2304091e+01  8.2218530e+01  7.7811415e+01
3.8517334e-01    712930  7.2293508e+01  7.1961546e+01  6.6205870e+01
4.0793004e-01    846715  6.4854069e+01  6.4889591e+01  6.0864893e+01
4.3202621e-01   1005596  5.7922818e+01  5.8109657e+01  5.4932434e+01
4.5754560e-01   1194719  5.0580489e+01  5.0313810e+01  4.5840022e+01
4.8457948e-01   1419743  4.4800108e+01  4.4731097e+01  4.0866291e+01
5.1321525e-01   1686576  3.9796478e+01  3.9982077e+01  3.7246319e+01
5.4354215e-01   2003484  3.4949946e+01  3.4700793e+01  3.1065223e+01
5.7565178e-01   2378778  3.0849597e+01  3.0912668e+01  2.8143293e+01
6.0966698e-01   2828400  2.7175305e+01  2.7184505e+01  2.4671355e+01
6.4568974e-01   3356890  2.3893013e+01  2.3802993e+01  2.1153234e+01
6.8383752e-01   3990317  2.1087176e+01  2.1183776e+01  1.9096302e+01
7.2424344e-01   4738457  1.8642772e+01  1.8534326e+01  1.6179600e+01
7.6703215e-01   5629661  1.6681015e+01  1.6749110e+01  1.4572832e+01
8.1235262e-01   6687903  1.5204458e+01  1.5130990e+01  1.2424349e+01
8.6035444e-01   7945758  1.4393006e+01  1.4412017e+01  1.1019676e+01
9.1118812e-01   9436555  1.4358666e+01  1.4381832e+01  9.5982079e+00
9.6501980e-01  11210320  1.5223203e+01  1.5158249e+01  8.2923549e+00
1.0220366e+00  13318613  1.7310023e+01  1.7357360e+01  7.3188959e+00
1.0824208e+00  15819192  2.1046211e+01  2.1042854e+01  6.3461571e+00
1.1463741e+00  18795348  2.7045930e+01  2.6933876e+01  5.4926235e+00
1.2141088e+00  22326034  3.5703885e+01  3.5643367e+01  4.7973280e+00
1.2858419e+00  26520842  4.7186465e+01  4.7164816e+01  4.1816301e+00
1.3618105e+00  31503438  5.9919476e+01  5.9987729e+01  3.6398442e+00
1.4422695e+00  37426927  6.9738728e+01  6.9796492e+01  3.1616235e+00
1.5275481e+00  44525830  7.2789839e+01  7.2814004e+01  2.7438979e+00
