# Power spectrum from CO𝘕CEPT job 4700068 at t = 7.9068814 Gyr, a = 0.625
#
# Components:
#   0: matter  (upstream grid size 1024)
#
#                           grid size 1024
# ╭────────────────────────────────────────────────────────────────╮
#                         component 0    (corrected)      (linear)
#                        σ₈ = 5.78e-01  σ₈ = 5.78e-01  σ₈ = 5.47e-01
#  k [Mpc⁻¹]    modes       P [Mpc³]       P [Mpc³]       P [Mpc³]
3.0679616e-03         3  2.4238166e+04  2.4238166e+04  2.4228210e+04
5.8212951e-03        25  3.5344386e+04  3.5518467e+04  3.5484822e+04
1.0440195e-02       124  4.0766488e+04  4.1234076e+04  4.1538736e+04
1.6729547e-02       418  3.6890959e+04  3.7228294e+04  3.7177134e+04
2.3240110e-02       730  2.8240063e+04  2.8245298e+04  2.8628518e+04
2.9075630e-02      1012  2.2495162e+04  2.2440915e+04  2.2452793e+04
3.4544381e-02      1408  1.8894980e+04  1.8851788e+04  1.8803450e+04
3.9898901e-02      1841  1.6436806e+04  1.6424649e+04  1.6643032e+04
4.5580519e-02      2698  1.4814519e+04  1.4828979e+04  1.4938983e+04
5.1612543e-02      3532  1.2829152e+04  1.2849275e+04  1.3048563e+04
5.7899473e-02      4702  1.0720043e+04  1.0721443e+04  1.0867960e+04
6.4462744e-02      6019  8.8894119e+03  8.8677522e+03  8.8100775e+03
7.1309305e-02      7766  7.4606604e+03  7.4320927e+03  7.3532497e+03
7.8556104e-02     10012  6.6855051e+03  6.6714571e+03  6.5764154e+03
8.6194331e-02     12589  6.2314256e+03  6.2401113e+03  6.1379240e+03
9.4153926e-02     15650  5.6099842e+03  5.6253990e+03  5.5466371e+03
1.0254095e-01     19757  4.7842409e+03  4.7845611e+03  4.6556249e+03
1.1136076e-01     24241  4.0507460e+03  4.0361834e+03  3.7851564e+03
1.2060245e-01     29993  3.5152325e+03  3.5041378e+03  3.2260586e+03
1.3029316e-01     36494  3.1464704e+03  3.1487827e+03  2.8944727e+03
1.4046583e-01     44825  2.8146509e+03  2.8179963e+03  2.5475447e+03
1.5111985e-01     53906  2.4950175e+03  2.4883615e+03  2.1703603e+03
1.6229170e-01     65729  2.2247145e+03  2.2187033e+03  1.9171454e+03
1.7401323e-01     78746  2.0371187e+03  2.0412436e+03  1.7702278e+03
1.8625264e-01     94374  1.8356993e+03  1.8387781e+03  1.5645790e+03
1.9902230e-01    112166  1.6199266e+03  1.6166339e+03  1.3070685e+03
2.1238854e-01    134373  1.4488217e+03  1.4449330e+03  1.1112222e+03
2.2637810e-01    159077  1.3228741e+03  1.3214207e+03  9.8814126e+02
2.4096993e-01    188172  1.2037367e+03  1.2028643e+03  8.9380805e+02
2.5621802e-01    222492  1.1045447e+03  1.1056769e+03  8.1291674e+02
2.7214102e-01    261771  1.0094382e+03  1.0105138e+03  7.1473175e+02
2.8873063e-01    306759  9.1739420e+02  9.1540332e+02  6.0352037e+02
3.0605468e-01    360898  8.4005823e+02  8.3718637e+02  5.2279427e+02
3.2421519e-01    425046  7.7574605e+02  7.7598162e+02  4.8235908e+02
3.4337900e-01    505555  7.1378354e+02  7.1558151e+02  4.4034024e+02
3.6368055e-01    600292  6.5730971e+02  6.5662638e+02  3.7549965e+02
3.8517334e-01    712930  6.0731937e+02  6.0453064e+02  3.1949386e+02
4.0793004e-01    846715  5.6148109e+02  5.6178862e+02  2.9371945e+02
4.3202621e-01   1005596  5.1904419e+02  5.2071846e+02  2.6509072e+02
4.5754560e-01   1194719  4.8034857e+02  4.7781600e+02  2.2121285e+02
4.8457948e-01   1419743  4.4493010e+02  4.4424471e+02  1.9721077e+02
5.1321525e-01   1686576  4.1298624e+02  4.1491228e+02  1.7974161e+02
5.4354215e-01   2003484  3.8353375e+02  3.8079959e+02  1.4991311e+02
5.7565178e-01   2378778  3.5699747e+02  3.5772734e+02  1.3581257e+02
6.0966698e-01   2828400  3.3298929e+02  3.3310202e+02  1.1905782e+02
6.4568974e-01   3356890  3.1119250e+02  3.1002004e+02  1.0208022e+02
6.8383752e-01   3990317  2.9170724e+02  2.9304355e+02  9.2153960e+01
7.2424344e-01   4738457  2.7445797e+02  2.7286144e+02  7.8078672e+01
7.6703215e-01   5629661  2.5955329e+02  2.6061283e+02  7.0324800e+01
8.1235262e-01   6687903  2.4675063e+02  2.4555833e+02  5.9956749e+01
8.6035444e-01   7945758  2.3594673e+02  2.3625839e+02  5.3178144e+01
9.1118812e-01   9436555  2.2704277e+02  2.2740907e+02  4.6318490e+01
9.6501980e-01  11210320  2.1910309e+02  2.1816823e+02  4.0016768e+01
1.0220366e+00  13318613  2.1209078e+02  2.1267077e+02  3.5319096e+01
1.0824208e+00  15819192  2.0521612e+02  2.0518338e+02  3.0624902e+01
1.1463741e+00  18795348  1.9838054e+02  1.9755863e+02  2.6505963e+01
1.2141088e+00  22326034  1.9124460e+02  1.9092045e+02  2.3150641e+01
1.2858419e+00  26520842  1.8372717e+02  1.8364288e+02  2.0179438e+01
1.3618105e+00  31503438  1.7596785e+02  1.7616829e+02  1.7564916e+01
1.4422695e+00  37426927  1.6822293e+02  1.6836227e+02  1.5257144e+01
1.5275481e+00  44525830  1.6051986e+02  1.6057316e+02  1.3241306e+01
