# Power spectrum from CO𝘕CEPT job 4700068 at t = 4.527675 Gyr, a = 0.41666667
#
# Components:
#   0: matter  (upstream grid size 1024)
#
#                           grid size 1024
# ╭────────────────────────────────────────────────────────────────╮
#                         component 0    (corrected)      (linear)
#                        σ₈ = 3.95e-01  σ₈ = 3.95e-01  σ₈ = 3.86e-01
#  k [Mpc⁻¹]    modes       P [Mpc³]       P [Mpc³]       P [Mpc³]
3.0679616e-03         3  1.2035376e+04  1.2035376e+04  1.2033673e+04
5.8212951e-03        25  1.7555131e+04  1.7641595e+04  1.7630397e+04
1.0440195e-02       124  2.0309553e+04  2.0542502e+04  2.0645698e+04
1.6729547e-02       418  1.8343254e+04  1.8510986e+04  1.8482934e+04
2.3240110e-02       730  1.4109193e+04  1.4111808e+04  1.4235146e+04
2.9075630e-02      1012  1.1197913e+04  1.1170909e+04  1.1165288e+04
3.4544381e-02      1408  9.3966619e+03  9.3751819e+03  9.3510362e+03
3.9898901e-02      1841  8.2132972e+03  8.2072228e+03  8.2769478e+03
4.5580519e-02      2698  7.3889945e+03  7.3962067e+03  7.4296909e+03
5.1612543e-02      3532  6.4137408e+03  6.4238009e+03  6.4896559e+03
5.7899473e-02      4702  5.3520286e+03  5.3527275e+03  5.4052297e+03
6.4462744e-02      6019  4.4005311e+03  4.3898089e+03  4.3817890e+03
7.1309305e-02      7766  3.6795060e+03  3.6654167e+03  3.6572571e+03
7.8556104e-02     10012  3.2904878e+03  3.2835736e+03  3.2709132e+03
8.6194331e-02     12589  3.0688218e+03  3.0730993e+03  3.0528412e+03
9.4153926e-02     15650  2.7637124e+03  2.7713064e+03  2.7587658e+03
1.0254095e-01     19757  2.3361190e+03  2.3362754e+03  2.3156080e+03
1.1136076e-01     24241  1.9430030e+03  1.9360178e+03  1.8826628e+03
1.2060245e-01     29993  1.6694433e+03  1.6641743e+03  1.6045835e+03
1.3029316e-01     36494  1.4895681e+03  1.4906627e+03  1.4396624e+03
1.4046583e-01     44825  1.3256809e+03  1.3272565e+03  1.2671090e+03
1.5111985e-01     53906  1.1535673e+03  1.1504899e+03  1.0795054e+03
1.6229170e-01     65729  1.0206585e+03  1.0179007e+03  9.5356151e+02
1.7401323e-01     78746  9.3396115e+02  9.3585234e+02  8.8048793e+02
1.8625264e-01     94374  8.3337280e+02  8.3477048e+02  7.7820183e+02
1.9902230e-01    112166  7.1796680e+02  7.1650748e+02  6.5012002e+02
2.1238854e-01    134373  6.3010112e+02  6.2840990e+02  5.5270893e+02
2.2637810e-01    159077  5.6741524e+02  5.6679182e+02  4.9149026e+02
2.4096993e-01    188172  5.1113953e+02  5.1076908e+02  4.4457028e+02
2.5621802e-01    222492  4.6495507e+02  4.6543166e+02  4.0433606e+02
2.7214102e-01    261771  4.1654767e+02  4.1699152e+02  3.5550008e+02
2.8873063e-01    306759  3.6977017e+02  3.6896771e+02  3.0018483e+02
3.0605468e-01    360898  3.3181970e+02  3.3068533e+02  2.6003260e+02
3.2421519e-01    425046  3.0334426e+02  3.0343638e+02  2.3992063e+02
3.4337900e-01    505555  2.7433343e+02  2.7502446e+02  2.1902094e+02
3.6368055e-01    600292  2.4712431e+02  2.4686740e+02  1.8676991e+02
3.8517334e-01    712930  2.2334848e+02  2.2232289e+02  1.5891321e+02
4.0793004e-01    846715  2.0248441e+02  2.0259531e+02  1.4609329e+02
4.3202621e-01   1005596  1.8368834e+02  1.8428086e+02  1.3185366e+02
4.5754560e-01   1194719  1.6599690e+02  1.6512171e+02  1.1002924e+02
4.8457948e-01   1419743  1.5039794e+02  1.5016626e+02  9.8090835e+01
5.1321525e-01   1686576  1.3656707e+02  1.3720397e+02  8.9401850e+01
5.4354215e-01   2003484  1.2388958e+02  1.2300639e+02  7.4565437e+01
5.7565178e-01   2378778  1.1262150e+02  1.1285175e+02  6.7551960e+01
6.0966698e-01   2828400  1.0240625e+02  1.0244092e+02  5.9218307e+01
6.4568974e-01   3356890  9.3300920e+01  9.2949398e+01  5.0773803e+01
6.8383752e-01   3990317  8.5466357e+01  8.5857878e+01  4.5836574e+01
7.2424344e-01   4738457  7.8617595e+01  7.8160274e+01  3.8835653e+01
7.6703215e-01   5629661  7.3086969e+01  7.3385322e+01  3.4978948e+01
8.1235262e-01   6687903  6.8851615e+01  6.8518924e+01  2.9821972e+01
8.6035444e-01   7945758  6.6016376e+01  6.6103575e+01  2.6450355e+01
9.1118812e-01   9436555  6.4794981e+01  6.4899518e+01  2.3038424e+01
9.6501980e-01  11210320  6.5246282e+01  6.4967891e+01  1.9904003e+01
1.0220366e+00  13318613  6.7308940e+01  6.7493007e+01  1.7567423e+01
1.0824208e+00  15819192  7.0825729e+01  7.0814430e+01  1.5232572e+01
1.1463741e+00  18795348  7.5214951e+01  7.4903327e+01  1.3183848e+01
1.2141088e+00  22326034  7.9449839e+01  7.9315173e+01  1.1514940e+01
1.2858419e+00  26520842  8.2642942e+01  8.2605025e+01  1.0037089e+01
1.3618105e+00  31503438  8.4410830e+01  8.4506981e+01  8.7366484e+00
1.4422695e+00  37426927  8.4866587e+01  8.4936881e+01  7.5887825e+00
1.5275481e+00  44525830  8.4577733e+01  8.4605812e+01  6.5861222e+00
