# Power spectrum from CO𝘕CEPT job 4700068 at t = 2.9821123 Gyr, a = 0.3125
#
# Components:
#   0: matter  (upstream grid size 1024)
#
#                           grid size 1024
# ╭────────────────────────────────────────────────────────────────╮
#                         component 0    (corrected)      (linear)
#                        σ₈ = 2.97e-01  σ₈ = 2.97e-01  σ₈ = 2.94e-01
#  k [Mpc⁻¹]    modes       P [Mpc³]       P [Mpc³]       P [Mpc³]
3.0679616e-03         3  6.9860679e+03  6.9860679e+03  6.9874335e+03
5.8212951e-03        25  1.0192184e+04  1.0242383e+04  1.0240015e+04
1.0440195e-02       124  1.1811473e+04  1.1946949e+04  1.1994805e+04
1.6729547e-02       418  1.0654690e+04  1.0752117e+04  1.0740358e+04
2.3240110e-02       730  8.2169071e+03  8.2184303e+03  8.2728648e+03
2.9075630e-02      1012  6.5072170e+03  6.4915249e+03  6.4891496e+03
3.4544381e-02      1408  5.4572690e+03  5.4447941e+03  5.4349059e+03
3.9898901e-02      1841  4.7827661e+03  4.7792288e+03  4.8107436e+03
4.5580519e-02      2698  4.2980109e+03  4.3022060e+03  4.3183722e+03
5.1612543e-02      3532  3.7353533e+03  3.7412123e+03  3.7720428e+03
5.7899473e-02      4702  3.1151912e+03  3.1155981e+03  3.1417627e+03
6.4462744e-02      6019  2.5505994e+03  2.5443847e+03  2.5469125e+03
7.1309305e-02      7766  2.1297541e+03  2.1215990e+03  2.1257915e+03
7.8556104e-02     10012  1.9026851e+03  1.8986871e+03  1.9012371e+03
8.6194331e-02     12589  1.7738378e+03  1.7763103e+03  1.7744884e+03
9.4153926e-02     15650  1.5973484e+03  1.6017375e+03  1.6035599e+03
1.0254095e-01     19757  1.3452170e+03  1.3453071e+03  1.3459735e+03
1.1136076e-01     24241  1.1095494e+03  1.1055605e+03  1.0943215e+03
1.2060245e-01     29993  9.4875687e+02  9.4576243e+02  9.3268610e+02
1.3029316e-01     36494  8.4565812e+02  8.4627957e+02  8.3682468e+02
1.4046583e-01     44825  7.4959954e+02  7.5049048e+02  7.3652643e+02
1.5111985e-01     53906  6.4657122e+02  6.4484634e+02  6.2747964e+02
1.6229170e-01     65729  5.7009541e+02  5.6855500e+02  5.5427327e+02
1.7401323e-01     78746  5.2177976e+02  5.2283632e+02  5.1179844e+02
1.8625264e-01     94374  4.6318929e+02  4.6396613e+02  4.5234322e+02
1.9902230e-01    112166  3.9386442e+02  3.9306386e+02  3.7789368e+02
2.1238854e-01    134373  3.4136836e+02  3.4045211e+02  3.2127193e+02
2.2637810e-01    159077  3.0521735e+02  3.0488201e+02  2.8568760e+02
2.4096993e-01    188172  2.7390623e+02  2.7370771e+02  2.5841461e+02
2.5621802e-01    222492  2.4800189e+02  2.4825610e+02  2.3502781e+02
2.7214102e-01    261771  2.2001588e+02  2.2025032e+02  2.0664105e+02
2.8873063e-01    306759  1.9187486e+02  1.9145846e+02  1.7448807e+02
3.0605468e-01    360898  1.7004173e+02  1.6946042e+02  1.5114886e+02
3.2421519e-01    425046  1.5463365e+02  1.5468060e+02  1.3945843e+02
3.4337900e-01    505555  1.3894992e+02  1.3929993e+02  1.2731011e+02
3.6368055e-01    600292  1.2296108e+02  1.2283325e+02  1.0856360e+02
3.8517334e-01    712930  1.0911820e+02  1.0861714e+02  9.2371368e+01
4.0793004e-01    846715  9.8120100e+01  9.8173844e+01  8.4919556e+01
4.3202621e-01   1005596  8.8026700e+01  8.8310645e+01  7.6642501e+01
4.5754560e-01   1194719  7.7865650e+01  7.7455114e+01  6.3956638e+01
4.8457948e-01   1419743  6.9461214e+01  6.9354213e+01  5.7017216e+01
5.1321525e-01   1686576  6.2110601e+01  6.2400266e+01  5.1966578e+01
5.4354215e-01   2003484  5.5211224e+01  5.4817631e+01  4.3342626e+01
5.7565178e-01   2378778  4.9232361e+01  4.9333015e+01  3.9265908e+01
6.0966698e-01   2828400  4.3825260e+01  4.3840096e+01  3.4421810e+01
6.4568974e-01   3356890  3.9042551e+01  3.8895454e+01  2.9513278e+01
6.8383752e-01   3990317  3.4921379e+01  3.5081354e+01  2.6643418e+01
7.2424344e-01   4738457  3.1351942e+01  3.1169567e+01  2.2573995e+01
7.6703215e-01   5629661  2.8489452e+01  2.8605751e+01  2.0332211e+01
8.1235262e-01   6687903  2.6333132e+01  2.6205890e+01  1.7334617e+01
8.6035444e-01   7945758  2.5075372e+01  2.5108493e+01  1.5374798e+01
9.1118812e-01   9436555  2.4874092e+01  2.4914223e+01  1.3391546e+01
9.6501980e-01  11210320  2.5881324e+01  2.5770895e+01  1.1569602e+01
1.0220366e+00  13318613  2.8415970e+01  2.8493678e+01  1.0211419e+01
1.0824208e+00  15819192  3.2819903e+01  3.2814668e+01  8.8542405e+00
1.1463741e+00  18795348  3.9376088e+01  3.9212948e+01  7.6633788e+00
1.2141088e+00  22326034  4.7692065e+01  4.7611228e+01  6.6932931e+00
1.2858419e+00  26520842  5.6865555e+01  5.6839464e+01  5.8342631e+00
1.3618105e+00  31503438  6.4871863e+01  6.4945757e+01  5.0783561e+00
1.4422695e+00  37426927  6.9511122e+01  6.9568697e+01  4.4111361e+00
1.5275481e+00  44525830  7.0685148e+01  7.0708615e+01  3.8283199e+00
