# Power spectrum from CO𝘕CEPT job 4700068 at t = 4.8107345 Gyr, a = 0.43478261
#
# Components:
#   0: matter  (upstream grid size 1024)
#
#                           grid size 1024
# ╭────────────────────────────────────────────────────────────────╮
#                         component 0    (corrected)      (linear)
#                        σ₈ = 4.12e-01  σ₈ = 4.12e-01  σ₈ = 4.01e-01
#  k [Mpc⁻¹]    modes       P [Mpc³]       P [Mpc³]       P [Mpc³]
3.0679616e-03         3  1.3013659e+04  1.3013659e+04  1.3009753e+04
5.8212951e-03        25  1.8981517e+04  1.9075007e+04  1.9059715e+04
1.0440195e-02       124  2.1953488e+04  2.2205292e+04  2.2318559e+04
1.6729547e-02       418  1.9831965e+04  2.0013311e+04  1.9979969e+04
2.3240110e-02       730  1.5247471e+04  1.5250297e+04  1.5387878e+04
2.9075630e-02      1012  1.2105665e+04  1.2076472e+04  1.2069325e+04
3.4544381e-02      1408  1.0159382e+04  1.0136158e+04  1.0108123e+04
3.9898901e-02      1841  8.8759656e+03  8.8694010e+03  8.9470411e+03
4.5580519e-02      2698  7.9866110e+03  7.9944065e+03  8.0311693e+03
5.1612543e-02      3532  6.9310032e+03  6.9418746e+03  7.0150180e+03
5.7899473e-02      4702  5.7843199e+03  5.7850753e+03  5.8427940e+03
6.4462744e-02      6019  4.7595670e+03  4.7479700e+03  4.7364978e+03
7.1309305e-02      7766  3.9808537e+03  3.9656106e+03  3.9533107e+03
7.8556104e-02     10012  3.5606144e+03  3.5531326e+03  3.5356895e+03
8.6194331e-02     12589  3.3207952e+03  3.3254239e+03  3.2999627e+03
9.4153926e-02     15650  2.9906353e+03  2.9988528e+03  2.9820810e+03
1.0254095e-01     19757  2.5297737e+03  2.5299430e+03  2.5030496e+03
1.1136076e-01     24241  2.1073309e+03  2.0997550e+03  2.0350580e+03
1.2060245e-01     29993  1.8122310e+03  1.8065113e+03  1.7344686e+03
1.3029316e-01     36494  1.6173442e+03  1.6185327e+03  1.5561973e+03
1.4046583e-01     44825  1.4402645e+03  1.4419764e+03  1.3696761e+03
1.5111985e-01     53906  1.2553295e+03  1.2519806e+03  1.1668866e+03
1.6229170e-01     65729  1.1114296e+03  1.1084265e+03  1.0307480e+03
1.7401323e-01     78746  1.0170141e+03  1.0190734e+03  9.5175930e+02
1.8625264e-01     94374  9.0831997e+02  9.0984335e+02  8.4119353e+02
1.9902230e-01    112166  7.8431105e+02  7.8271688e+02  7.0274405e+02
2.1238854e-01    134373  6.8972650e+02  6.8787523e+02  5.9744797e+02
2.2637810e-01    159077  6.2190015e+02  6.2121687e+02  5.3127391e+02
2.4096993e-01    188172  5.6066528e+02  5.6025894e+02  4.8055597e+02
2.5621802e-01    222492  5.1043189e+02  5.1095509e+02  4.3706497e+02
2.7214102e-01    261771  4.5811543e+02  4.5860358e+02  3.8427595e+02
2.8873063e-01    306759  4.0775399e+02  4.0686911e+02  3.2448321e+02
3.0605468e-01    360898  3.6664047e+02  3.6538705e+02  2.8108085e+02
3.2421519e-01    425046  3.3552236e+02  3.3562425e+02  2.5934092e+02
3.4337900e-01    505555  3.0386613e+02  3.0463155e+02  2.3674950e+02
3.6368055e-01    600292  2.7443251e+02  2.7414722e+02  2.0188792e+02
3.8517334e-01    712930  2.4868335e+02  2.4754142e+02  1.7177637e+02
4.0793004e-01    846715  2.2583050e+02  2.2595419e+02  1.5791875e+02
4.3202621e-01   1005596  2.0526595e+02  2.0592807e+02  1.4252649e+02
4.5754560e-01   1194719  1.8602877e+02  1.8504796e+02  1.1893550e+02
4.8457948e-01   1419743  1.6896345e+02  1.6870317e+02  1.0603075e+02
5.1321525e-01   1686576  1.5380605e+02  1.5452336e+02  9.6638435e+01
5.4354215e-01   2003484  1.3994305e+02  1.3894542e+02  8.0601095e+01
5.7565178e-01   2378778  1.2755524e+02  1.2781603e+02  7.3019915e+01
6.0966698e-01   2828400  1.1636698e+02  1.1640638e+02  6.4011699e+01
6.4568974e-01   3356890  1.0635945e+02  1.0595873e+02  5.4883659e+01
6.8383752e-01   3990317  9.7730230e+01  9.8177932e+01  4.9546788e+01
7.2424344e-01   4738457  9.0191604e+01  8.9666956e+01  4.1979181e+01
7.6703215e-01   5629661  8.4071490e+01  8.4414683e+01  3.7810298e+01
8.1235262e-01   6687903  7.9356744e+01  7.8973292e+01  3.2235893e+01
8.6035444e-01   7945758  7.6127233e+01  7.6227787e+01  2.8591362e+01
9.1118812e-01   9436555  7.4574764e+01  7.4695080e+01  2.4903254e+01
9.6501980e-01  11210320  7.4728690e+01  7.4409840e+01  2.1515119e+01
1.0220366e+00  13318613  7.6426529e+01  7.6635529e+01  1.8989406e+01
1.0824208e+00  15819192  7.9432904e+01  7.9420232e+01  1.6465562e+01
1.1463741e+00  18795348  8.3090265e+01  8.2746013e+01  1.4251005e+01
1.2141088e+00  22326034  8.6431809e+01  8.6285309e+01  1.2447008e+01
1.2858419e+00  26520842  8.8699875e+01  8.8659179e+01  1.0849534e+01
1.3618105e+00  31503438  8.9701942e+01  8.9804119e+01  9.4438296e+00
1.4422695e+00  37426927  8.9608420e+01  8.9682642e+01  8.2030504e+00
1.5275481e+00  44525830  8.8934126e+01  8.8963652e+01  7.1192304e+00
