# Power spectrum from CO𝘕CEPT job 4700068 at t = 3.2780145 Gyr, a = 0.33333333
#
# Components:
#   0: matter  (upstream grid size 1024)
#
#                           grid size 1024
# ╭────────────────────────────────────────────────────────────────╮
#                         component 0    (corrected)      (linear)
#                        σ₈ = 3.17e-01  σ₈ = 3.17e-01  σ₈ = 3.13e-01
#  k [Mpc⁻¹]    modes       P [Mpc³]       P [Mpc³]       P [Mpc³]
3.0679616e-03         3  7.9076969e+03  7.9076969e+03  7.9093199e+03
5.8212951e-03        25  1.1536226e+04  1.1593045e+04  1.1590295e+04
1.0440195e-02       124  1.3364372e+04  1.3517659e+04  1.3575577e+04
1.6729547e-02       418  1.2058649e+04  1.2168915e+04  1.2155290e+04
2.3240110e-02       730  9.2946857e+03  9.2964088e+03  9.3625144e+03
2.9075630e-02      1012  7.3640625e+03  7.3463041e+03  7.3437730e+03
3.4544381e-02      1408  6.1766132e+03  6.1624939e+03  6.1506417e+03
3.9898901e-02      1841  5.4102597e+03  5.4062583e+03  5.4442563e+03
4.5580519e-02      2698  4.8630094e+03  4.8677560e+03  4.8870287e+03
5.1612543e-02      3532  4.2253322e+03  4.2319597e+03  4.2687454e+03
5.7899473e-02      4702  3.5241926e+03  3.5246528e+03  3.5554627e+03
6.4462744e-02      6019  2.8878231e+03  2.8807868e+03  2.8822794e+03
7.1309305e-02      7766  2.4118951e+03  2.4026597e+03  2.4057039e+03
7.8556104e-02     10012  2.1551588e+03  2.1506302e+03  2.1515794e+03
8.6194331e-02     12589  2.0094489e+03  2.0122498e+03  2.0081396e+03
9.4153926e-02     15650  1.8095579e+03  1.8145301e+03  1.8147033e+03
1.0254095e-01     19757  1.5249372e+03  1.5250392e+03  1.5231993e+03
1.1136076e-01     24241  1.2597577e+03  1.2552288e+03  1.2384115e+03
1.2060245e-01     29993  1.0781762e+03  1.0747733e+03  1.0554930e+03
1.3029316e-01     36494  9.6116891e+02  9.6187524e+02  9.4700924e+02
1.4046583e-01     44825  8.5272838e+02  8.5374190e+02  8.3350452e+02
1.5111985e-01     53906  7.3672885e+02  7.3476346e+02  7.1009944e+02
1.6229170e-01     65729  6.4999940e+02  6.4824309e+02  6.2725392e+02
1.7401323e-01     78746  5.9487587e+02  5.9608044e+02  5.7918638e+02
1.8625264e-01     94374  5.2859902e+02  5.2948555e+02  5.1190268e+02
1.9902230e-01    112166  4.5064080e+02  4.4972484e+02  4.2765042e+02
2.1238854e-01    134373  3.9157658e+02  3.9052557e+02  3.6357332e+02
2.2637810e-01    159077  3.5059262e+02  3.5020743e+02  3.2330363e+02
2.4096993e-01    188172  3.1482242e+02  3.1459425e+02  2.9243963e+02
2.5621802e-01    222492  2.8529708e+02  2.8558952e+02  2.6597351e+02
2.7214102e-01    261771  2.5357013e+02  2.5384032e+02  2.3384910e+02
2.8873063e-01    306759  2.2198504e+02  2.2150330e+02  1.9746259e+02
3.0605468e-01    360898  1.9724065e+02  1.9656635e+02  1.7105034e+02
3.2421519e-01    425046  1.7952567e+02  1.7958018e+02  1.5782064e+02
3.4337900e-01    505555  1.6147346e+02  1.6188020e+02  1.4407277e+02
3.6368055e-01    600292  1.4345727e+02  1.4330814e+02  1.2285794e+02
3.8517334e-01    712930  1.2782673e+02  1.2723977e+02  1.0453371e+02
4.0793004e-01    846715  1.1509866e+02  1.1516171e+02  9.6100735e+01
4.3202621e-01   1005596  1.0347768e+02  1.0381146e+02  8.6733856e+01
4.5754560e-01   1194719  9.1987973e+01  9.1502979e+01  7.2377670e+01
4.8457948e-01   1419743  8.2319828e+01  8.2193020e+01  6.4524548e+01
5.1321525e-01   1686576  7.3834528e+01  7.4178870e+01  5.8808902e+01
5.4354215e-01   2003484  6.5933488e+01  6.5463457e+01  4.9049453e+01
5.7565178e-01   2378778  5.9046584e+01  5.9167303e+01  4.4435962e+01
6.0966698e-01   2828400  5.2796068e+01  5.2813941e+01  3.8954052e+01
6.4568974e-01   3356890  4.7272719e+01  4.7094613e+01  3.3399224e+01
6.8383752e-01   3990317  4.2514697e+01  4.2709457e+01  3.0151496e+01
7.2424344e-01   4738457  3.8389297e+01  3.8165985e+01  2.5546261e+01
7.6703215e-01   5629661  3.5080142e+01  3.5223345e+01  2.3009305e+01
8.1235262e-01   6687903  3.2584577e+01  3.2427128e+01  1.9617025e+01
8.6035444e-01   7945758  3.1089793e+01  3.1130858e+01  1.7399161e+01
9.1118812e-01   9436555  3.0773893e+01  3.0823542e+01  1.5154779e+01
9.6501980e-01  11210320  3.1788878e+01  3.1653242e+01  1.3092944e+01
1.0220366e+00  13318613  3.4418245e+01  3.4512367e+01  1.1555931e+01
1.0824208e+00  15819192  3.8923123e+01  3.8916914e+01  1.0020057e+01
1.1463741e+00  18795348  4.5393386e+01  4.5205316e+01  8.6723967e+00
1.2141088e+00  22326034  5.3153844e+01  5.3063749e+01  7.5745821e+00
1.2858419e+00  26520842  6.1103488e+01  6.1075453e+01  6.6024456e+00
1.3618105e+00  31503438  6.7463918e+01  6.7540765e+01  5.7470100e+00
1.4422695e+00  37426927  7.0857960e+01  7.0916651e+01  4.9919388e+00
1.5275481e+00  44525830  7.1739740e+01  7.1763556e+01  4.3323845e+00
