# Power spectrum from CO𝘕CEPT job 4700068 at t = 11.278047 Gyr, a = 0.83333333
#
# Components:
#   0: matter  (upstream grid size 1024)
#
#                           grid size 1024
# ╭────────────────────────────────────────────────────────────────╮
#                         component 0    (corrected)      (linear)
#                        σ₈ = 7.27e-01  σ₈ = 7.27e-01  σ₈ = 6.72e-01
#  k [Mpc⁻¹]    modes       P [Mpc³]       P [Mpc³]       P [Mpc³]
3.0679616e-03         3  3.6546282e+04  3.6546282e+04  3.6541190e+04
5.8212951e-03        25  5.3281221e+04  5.3543646e+04  5.3508936e+04
1.0440195e-02       124  6.1307539e+04  6.2010730e+04  6.2624882e+04
1.6729547e-02       418  5.5549960e+04  5.6057915e+04  5.6039636e+04
2.3240110e-02       730  4.2361552e+04  4.2369405e+04  4.3149309e+04
2.9075630e-02      1012  3.3833935e+04  3.3752345e+04  3.3839250e+04
3.4544381e-02      1408  2.8438490e+04  2.8373482e+04  2.8338198e+04
3.9898901e-02      1841  2.4647858e+04  2.4629629e+04  2.5081653e+04
4.5580519e-02      2698  2.2245436e+04  2.2267149e+04  2.2513147e+04
5.1612543e-02      3532  1.9227417e+04  1.9257576e+04  1.9663966e+04
5.7899473e-02      4702  1.6087286e+04  1.6089387e+04  1.6377635e+04
6.4462744e-02      6019  1.3436273e+04  1.3403535e+04  1.3276351e+04
7.1309305e-02      7766  1.1321079e+04  1.1277729e+04  1.1080898e+04
7.8556104e-02     10012  1.0163379e+04  1.0142023e+04  9.9101942e+03
8.6194331e-02     12589  9.4600338e+03  9.4732197e+03  9.2493708e+03
9.4153926e-02     15650  8.5090820e+03  8.5324628e+03  8.3583126e+03
1.0254095e-01     19757  7.3172483e+03  7.3177380e+03  7.0156082e+03
1.1136076e-01     24241  6.2902586e+03  6.2676450e+03  5.7038737e+03
1.2060245e-01     29993  5.5038893e+03  5.4865180e+03  4.8613542e+03
1.3029316e-01     36494  4.9435934e+03  4.9472263e+03  4.3616778e+03
1.4046583e-01     44825  4.4347794e+03  4.4400505e+03  3.8388857e+03
1.5111985e-01     53906  3.9883502e+03  3.9777104e+03  3.2705030e+03
1.6229170e-01     65729  3.5807475e+03  3.5710722e+03  2.8889314e+03
1.7401323e-01     78746  3.2857890e+03  3.2924424e+03  2.6675395e+03
1.8625264e-01     94374  2.9808755e+03  2.9858748e+03  2.3576471e+03
1.9902230e-01    112166  2.6786655e+03  2.6732209e+03  1.9696058e+03
2.1238854e-01    134373  2.4221958e+03  2.4156945e+03  1.6744863e+03
2.2637810e-01    159077  2.2333784e+03  2.2309246e+03  1.4890163e+03
2.4096993e-01    188172  2.0515251e+03  2.0500383e+03  1.3468662e+03
2.5621802e-01    222492  1.8941663e+03  1.8961079e+03  1.2249717e+03
2.7214102e-01    261771  1.7541031e+03  1.7559722e+03  1.0770178e+03
2.8873063e-01    306759  1.6168578e+03  1.6133490e+03  9.0943488e+02
3.0605468e-01    360898  1.5016634e+03  1.4965298e+03  7.8778981e+02
3.2421519e-01    425046  1.3950076e+03  1.3954313e+03  7.2685853e+02
3.4337900e-01    505555  1.3002629e+03  1.3035381e+03  6.6354090e+02
3.6368055e-01    600292  1.2124554e+03  1.2111949e+03  5.6583364e+02
3.8517334e-01    712930  1.1321134e+03  1.1269148e+03  4.8143944e+02
4.0793004e-01    846715  1.0606058e+03  1.0611867e+03  4.4260037e+02
4.3202621e-01   1005596  9.9067673e+02  9.9387232e+02  3.9946021e+02
4.5754560e-01   1194719  9.2859324e+02  9.2369736e+02  3.3334143e+02
4.8457948e-01   1419743  8.6959291e+02  8.6825336e+02  2.9717311e+02
5.1321525e-01   1686576  8.1767159e+02  8.2148496e+02  2.7084914e+02
5.4354215e-01   2003484  7.6592697e+02  7.6046678e+02  2.2590113e+02
5.7565178e-01   2378778  7.2164856e+02  7.2312395e+02  2.0465328e+02
6.0966698e-01   2828400  6.7900913e+02  6.7923900e+02  1.7940587e+02
6.4568974e-01   3356890  6.4028729e+02  6.3787493e+02  1.5382264e+02
6.8383752e-01   3990317  6.0437437e+02  6.0714300e+02  1.3886495e+02
7.2424344e-01   4738457  5.7159890e+02  5.6827388e+02  1.1765517e+02
7.6703215e-01   5629661  5.4123349e+02  5.4344290e+02  1.0597101e+02
8.1235262e-01   6687903  5.1355563e+02  5.1107412e+02  9.0347600e+01
8.6035444e-01   7945758  4.8767789e+02  4.8832205e+02  8.0133053e+01
9.1118812e-01   9436555  4.6349400e+02  4.6424177e+02  6.9796376e+01
9.6501980e-01  11210320  4.4002930e+02  4.3815180e+02  6.0300437e+01
1.0220366e+00  13318613  4.1730825e+02  4.1844945e+02  5.3221610e+01
1.0824208e+00  15819192  3.9478550e+02  3.9472252e+02  4.6148023e+01
1.1463741e+00  18795348  3.7298438e+02  3.7143906e+02  3.9941277e+01
1.2141088e+00  22326034  3.5152395e+02  3.5092812e+02  3.4885211e+01
1.2858419e+00  26520842  3.3052005e+02  3.3036840e+02  3.0407965e+01
1.3618105e+00  31503438  3.1015596e+02  3.1050925e+02  2.6468195e+01
1.4422695e+00  37426927  2.9037537e+02  2.9061589e+02  2.2990661e+01
1.5275481e+00  44525830  2.7140157e+02  2.7149167e+02  1.9953037e+01
