# Power spectrum from CO𝘕CEPT job 4700068 at t = 2.7275572 Gyr, a = 0.29411765
#
# Components:
#   0: matter  (upstream grid size 1024)
#
#                           grid size 1024
# ╭────────────────────────────────────────────────────────────────╮
#                         component 0    (corrected)      (linear)
#                        σ₈ = 2.80e-01  σ₈ = 2.80e-01  σ₈ = 2.77e-01
#  k [Mpc⁻¹]    modes       P [Mpc³]       P [Mpc³]       P [Mpc³]
3.0679616e-03         3  6.2138286e+03  6.2138286e+03  6.2148635e+03
5.8212951e-03        25  9.0659563e+03  9.1106087e+03  9.1083729e+03
1.0440195e-02       124  1.0509603e+04  1.0630147e+04  1.0669910e+04
1.6729547e-02       418  9.4780946e+03  9.5647632e+03  9.5544008e+03
2.3240110e-02       730  7.3129713e+03  7.3143270e+03  7.3595255e+03
2.9075630e-02      1012  5.7890308e+03  5.7750706e+03  5.7727977e+03
3.4544381e-02      1408  4.8544368e+03  4.8433399e+03  4.8349652e+03
3.9898901e-02      1841  4.2564973e+03  4.2533493e+03  4.2797203e+03
4.5580519e-02      2698  3.8243101e+03  3.8280428e+03  3.8417105e+03
5.1612543e-02      3532  3.3244005e+03  3.3296149e+03  3.3556930e+03
5.7899473e-02      4702  2.7722268e+03  2.7725888e+03  2.7949871e+03
6.4462744e-02      6019  2.2682027e+03  2.2626760e+03  2.2657974e+03
7.1309305e-02      7766  1.8936048e+03  1.8863540e+03  1.8911597e+03
7.8556104e-02     10012  1.6914362e+03  1.6878821e+03  1.6913917e+03
8.6194331e-02     12589  1.5767056e+03  1.5789033e+03  1.5786338e+03
9.4153926e-02     15650  1.4198031e+03  1.4237044e+03  1.4265719e+03
1.0254095e-01     19757  1.1950498e+03  1.1951297e+03  1.1974164e+03
1.1136076e-01     24241  9.8438147e+02  9.8084259e+02  9.7354002e+02
1.2060245e-01     29993  8.4108212e+02  8.3842752e+02  8.2974473e+02
1.3029316e-01     36494  7.4959310e+02  7.5014395e+02  7.4446382e+02
1.4046583e-01     44825  6.6392811e+02  6.6471723e+02  6.5523570e+02
1.5111985e-01     53906  5.7188899e+02  5.7036334e+02  5.5822456e+02
1.6229170e-01     65729  5.0398388e+02  5.0262210e+02  4.9309808e+02
1.7401323e-01     78746  4.6129861e+02  4.6223270e+02  4.5531126e+02
1.8625264e-01     94374  4.0915554e+02  4.0984175e+02  4.0241816e+02
1.9902230e-01    112166  3.4714767e+02  3.4644207e+02  3.3618564e+02
2.1238854e-01    134373  3.0020538e+02  2.9939962e+02  2.8581324e+02
2.2637810e-01    159077  2.6809508e+02  2.6780053e+02  2.5415637e+02
2.4096993e-01    188172  2.4047732e+02  2.4030303e+02  2.2989350e+02
2.5621802e-01    222492  2.1757718e+02  2.1780020e+02  2.0908790e+02
2.7214102e-01    261771  1.9272216e+02  1.9292751e+02  1.8383418e+02
2.8873063e-01    306759  1.6749484e+02  1.6713136e+02  1.5522992e+02
3.0605468e-01    360898  1.4808973e+02  1.4758347e+02  1.3446665e+02
3.2421519e-01    425046  1.3458204e+02  1.3462291e+02  1.2406649e+02
3.4337900e-01    505555  1.2084851e+02  1.2115292e+02  1.1325897e+02
3.6368055e-01    600292  1.0655807e+02  1.0644729e+02  9.6581507e+01
3.8517334e-01    712930  9.4209181e+01  9.3776585e+01  8.2176405e+01
4.0793004e-01    846715  8.4626528e+01  8.4672880e+01  7.5547046e+01
4.3202621e-01   1005596  7.5786717e+01  7.6031179e+01  6.8183525e+01
4.5754560e-01   1194719  6.6728821e+01  6.6377003e+01  5.6897792e+01
4.8457948e-01   1419743  5.9363428e+01  5.9271983e+01  5.0724270e+01
5.1321525e-01   1686576  5.2943524e+01  5.3190436e+01  4.6231068e+01
5.4354215e-01   2003484  4.6860872e+01  4.6526807e+01  3.8558935e+01
5.7565178e-01   2378778  4.1625860e+01  4.1710963e+01  3.4932162e+01
6.0966698e-01   2828400  3.6908661e+01  3.6921155e+01  3.0622704e+01
6.4568974e-01   3356890  3.2726128e+01  3.2602828e+01  2.6255923e+01
6.8383752e-01   3990317  2.9126437e+01  2.9259865e+01  2.3702807e+01
7.2424344e-01   4738457  2.6006965e+01  2.5855682e+01  2.0082523e+01
7.6703215e-01   5629661  2.3505327e+01  2.3601280e+01  1.8088163e+01
8.1235262e-01   6687903  2.1621961e+01  2.1517484e+01  1.5421411e+01
8.6035444e-01   7945758  2.0547867e+01  2.0575008e+01  1.3677896e+01
9.1118812e-01   9436555  2.0423537e+01  2.0456487e+01  1.1913534e+01
9.6501980e-01  11210320  2.1393559e+01  2.1302278e+01  1.0292676e+01
1.0220366e+00  13318613  2.3791151e+01  2.3856211e+01  9.0843945e+00
1.0824208e+00  15819192  2.8008354e+01  2.8003886e+01  7.8770068e+00
1.1463741e+00  18795348  3.4478362e+01  3.4335515e+01  6.8175794e+00
1.2141088e+00  22326034  4.3097863e+01  4.3024813e+01  5.9545613e+00
1.2858419e+00  26520842  5.3271327e+01  5.3246886e+01  5.1903417e+00
1.3618105e+00  31503438  6.2929560e+01  6.3001242e+01  4.5178635e+00
1.4422695e+00  37426927  6.9056499e+01  6.9113698e+01  3.9242840e+00
1.5275481e+00  44525830  7.0636839e+01  7.0660290e+01  3.4057926e+00
