# Power spectrum from CO𝘕CEPT job 4700068 at t = 12.444997 Gyr, a = 0.90909091
#
# Components:
#   0: matter  (upstream grid size 1024)
#
#                           grid size 1024
# ╭────────────────────────────────────────────────────────────────╮
#                         component 0    (corrected)      (linear)
#                        σ₈ = 7.73e-01  σ₈ = 7.72e-01  σ₈ = 7.08e-01
#  k [Mpc⁻¹]    modes       P [Mpc³]       P [Mpc³]       P [Mpc³]
3.0679616e-03         3  4.0618116e+04  4.0618116e+04  4.0615230e+04
5.8212951e-03        25  5.9213939e+04  5.9505584e+04  5.9472751e+04
1.0440195e-02       124  6.8085275e+04  6.8866206e+04  6.9601054e+04
1.6729547e-02       418  6.1712063e+04  6.2276364e+04  6.2279428e+04
2.3240110e-02       730  4.7007667e+04  4.7016382e+04  4.7952496e+04
2.9075630e-02      1012  3.7573154e+04  3.7482546e+04  3.7605499e+04
3.4544381e-02      1408  3.1587471e+04  3.1515264e+04  3.1491876e+04
3.9898901e-02      1841  2.7348222e+04  2.7327996e+04  2.7872722e+04
4.5580519e-02      2698  2.4692306e+04  2.4716408e+04  2.5018254e+04
5.1612543e-02      3532  2.1330405e+04  2.1363862e+04  2.1851940e+04
5.7899473e-02      4702  1.7854370e+04  1.7856701e+04  1.8199882e+04
6.4462744e-02      6019  1.4944467e+04  1.4908053e+04  1.4753495e+04
7.1309305e-02      7766  1.2608243e+04  1.2559965e+04  1.2313746e+04
7.8556104e-02     10012  1.1325698e+04  1.1301900e+04  1.1012771e+04
8.6194331e-02     12589  1.0536491e+04  1.0551178e+04  1.0278411e+04
9.4153926e-02     15650  9.4739280e+03  9.4999599e+03  9.2882063e+03
1.0254095e-01     19757  8.1682851e+03  8.1688317e+03  7.7961129e+03
1.1136076e-01     24241  7.0537048e+03  7.0283465e+03  6.3384391e+03
1.2060245e-01     29993  6.1870732e+03  6.1675457e+03  5.4021841e+03
1.3029316e-01     36494  5.5635878e+03  5.5676763e+03  4.8469152e+03
1.4046583e-01     44825  4.9951870e+03  5.0011241e+03  4.2659602e+03
1.5111985e-01     53906  4.5101989e+03  4.4981669e+03  3.6343436e+03
1.6229170e-01     65729  4.0577635e+03  4.0467993e+03  3.2103212e+03
1.7401323e-01     78746  3.7268007e+03  3.7343471e+03  2.9642989e+03
1.8625264e-01     94374  3.3868943e+03  3.3925746e+03  2.6199307e+03
1.9902230e-01    112166  3.0589331e+03  3.0527156e+03  2.1887201e+03
2.1238854e-01    134373  2.7741962e+03  2.7667501e+03  1.8607688e+03
2.2637810e-01    159077  2.5644122e+03  2.5615947e+03  1.6546654e+03
2.4096993e-01    188172  2.3621430e+03  2.3604310e+03  1.4967012e+03
2.5621802e-01    222492  2.1847990e+03  2.1870385e+03  1.3612462e+03
2.7214102e-01    261771  2.0294818e+03  2.0316443e+03  1.1968327e+03
2.8873063e-01    306759  1.8774461e+03  1.8733717e+03  1.0106066e+03
3.0605468e-01    360898  1.7502170e+03  1.7442337e+03  8.7542881e+02
3.2421519e-01    425046  1.6289830e+03  1.6294777e+03  8.0771905e+02
3.4337900e-01    505555  1.5232466e+03  1.5270835e+03  7.3735751e+02
3.6368055e-01    600292  1.4251832e+03  1.4237016e+03  6.2878061e+02
3.8517334e-01    712930  1.3340123e+03  1.3278867e+03  5.3499783e+02
4.0793004e-01    846715  1.2535674e+03  1.2542540e+03  4.9183803e+02
4.3202621e-01   1005596  1.1742009e+03  1.1779885e+03  4.4389866e+02
4.5754560e-01   1194719  1.1040165e+03  1.0981957e+03  3.7042440e+02
4.8457948e-01   1419743  1.0363334e+03  1.0347370e+03  3.3023248e+02
5.1321525e-01   1686576  9.7700498e+02  9.8156143e+02  3.0098006e+02
5.4354215e-01   2003484  9.1774162e+02  9.1119916e+02  2.5103175e+02
5.7565178e-01   2378778  8.6666090e+02  8.6843277e+02  2.2742015e+02
6.0966698e-01   2828400  8.1741062e+02  8.1768733e+02  1.9936406e+02
6.4568974e-01   3356890  7.7205770e+02  7.6914888e+02  1.7093480e+02
6.8383752e-01   3990317  7.2940008e+02  7.3274146e+02  1.5431312e+02
7.2424344e-01   4738457  6.9021933e+02  6.8620430e+02  1.3074383e+02
7.6703215e-01   5629661  6.5370488e+02  6.5637341e+02  1.1775986e+02
8.1235262e-01   6687903  6.1951403e+02  6.1652053e+02  1.0039840e+02
8.6035444e-01   7945758  5.8732622e+02  5.8810200e+02  8.9047526e+01
9.1118812e-01   9436555  5.5667591e+02  5.5757402e+02  7.7560935e+01
9.6501980e-01  11210320  5.2682944e+02  5.2458158e+02  6.7008611e+01
1.0220366e+00  13318613  4.9811546e+02  4.9947764e+02  5.9142292e+01
1.0824208e+00  15819192  4.6967295e+02  4.6959802e+02  5.1281798e+01
1.1463741e+00  18795348  4.4201491e+02  4.4018359e+02  4.4384576e+01
1.2141088e+00  22326034  4.1498926e+02  4.1428587e+02  3.8766043e+01
1.2858419e+00  26520842  3.8878007e+02  3.8860170e+02  3.3790722e+01
1.3618105e+00  31503438  3.6346115e+02  3.6387516e+02  2.9412669e+01
1.4422695e+00  37426927  3.3904205e+02  3.3932287e+02  2.5548273e+01
1.5275481e+00  44525830  3.1571877e+02  3.1582359e+02  2.2172726e+01
