# Power spectrum from CO𝘕CEPT job 4700068 at t = 8.5934932 Gyr, a = 0.66666667
#
# Components:
#   0: matter  (upstream grid size 1024)
#
#                           grid size 1024
# ╭────────────────────────────────────────────────────────────────╮
#                         component 0    (corrected)      (linear)
#                        σ₈ = 6.11e-01  σ₈ = 6.11e-01  σ₈ = 5.75e-01
#  k [Mpc⁻¹]    modes       P [Mpc³]       P [Mpc³]       P [Mpc³]
3.0679616e-03         3  2.6778010e+04  2.6778010e+04  2.6769563e+04
5.8212951e-03        25  3.9046201e+04  3.9238515e+04  3.9205177e+04
1.0440195e-02       124  4.5012227e+04  4.5528512e+04  4.5891476e+04
1.6729547e-02       418  4.0745359e+04  4.1117939e+04  4.1071155e+04
2.3240110e-02       730  3.1164151e+04  3.1169928e+04  3.1626373e+04
2.9075630e-02      1012  2.4839520e+04  2.4779620e+04  2.4803624e+04
3.4544381e-02      1408  2.0867416e+04  2.0819715e+04  2.0772018e+04
3.9898901e-02      1841  1.8137581e+04  1.8124167e+04  1.8385314e+04
4.5580519e-02      2698  1.6352467e+04  1.6368428e+04  1.6502802e+04
5.1612543e-02      3532  1.4154994e+04  1.4177196e+04  1.4414441e+04
5.7899473e-02      4702  1.1831124e+04  1.1832670e+04  1.2005547e+04
6.4462744e-02      6019  9.8261971e+03  9.8022548e+03  9.7322374e+03
7.1309305e-02      7766  8.2535019e+03  8.2218982e+03  8.1229078e+03
7.8556104e-02     10012  7.3988409e+03  7.3832940e+03  7.2647528e+03
8.6194331e-02     12589  6.8945666e+03  6.9041766e+03  6.7803576e+03
9.4153926e-02     15650  6.2060815e+03  6.2231342e+03  6.1271771e+03
1.0254095e-01     19757  5.3019613e+03  5.3023161e+03  5.1429030e+03
1.1136076e-01     24241  4.5041238e+03  4.4879314e+03  4.1813247e+03
1.2060245e-01     29993  3.9158105e+03  3.9034515e+03  3.5637078e+03
1.3029316e-01     36494  3.5075068e+03  3.5100843e+03  3.1974156e+03
1.4046583e-01     44825  3.1396959e+03  3.1434276e+03  2.8141761e+03
1.5111985e-01     53906  2.7923809e+03  2.7849315e+03  2.3975140e+03
1.6229170e-01     65729  2.4935657e+03  2.4868280e+03  2.1177966e+03
1.7401323e-01     78746  2.2840819e+03  2.2887070e+03  1.9555019e+03
1.8625264e-01     94374  2.0615704e+03  2.0650280e+03  1.7283293e+03
1.9902230e-01    112166  1.8267674e+03  1.8230543e+03  1.4438673e+03
2.1238854e-01    134373  1.6381816e+03  1.6337847e+03  1.2275234e+03
2.2637810e-01    159077  1.4992659e+03  1.4976187e+03  1.0915606e+03
2.4096993e-01    188172  1.3670292e+03  1.3660384e+03  9.8735429e+02
2.5621802e-01    222492  1.2561731e+03  1.2574607e+03  8.9799678e+02
2.7214102e-01    261771  1.1517878e+03  1.1530151e+03  7.8953566e+02
2.8873063e-01    306759  1.0502617e+03  1.0479824e+03  6.6668483e+02
3.0605468e-01    360898  9.6489809e+02  9.6159943e+02  5.7750990e+02
3.2421519e-01    425046  8.9226126e+02  8.9253221e+02  5.3284273e+02
3.4337900e-01    505555  8.2352857e+02  8.2560298e+02  4.8642618e+02
3.6368055e-01    600292  7.6062694e+02  7.5983621e+02  4.1479936e+02
3.8517334e-01    712930  7.0465855e+02  7.0142285e+02  3.5293200e+02
4.0793004e-01    846715  6.5362303e+02  6.5398104e+02  3.2446004e+02
4.3202621e-01   1005596  6.0577408e+02  6.0772810e+02  2.9283502e+02
4.5754560e-01   1194719  5.6239919e+02  5.5943402e+02  2.4436490e+02
4.8457948e-01   1419743  5.2243303e+02  5.2162826e+02  2.1785076e+02
5.1321525e-01   1686576  4.8647381e+02  4.8874258e+02  1.9855329e+02
5.4354215e-01   2003484  4.5273341e+02  4.4950593e+02  1.6560295e+02
5.7565178e-01   2378778  4.2284296e+02  4.2370745e+02  1.5002664e+02
6.0966698e-01   2828400  3.9529220e+02  3.9542602e+02  1.3151835e+02
6.4568974e-01   3356890  3.7042739e+02  3.6903176e+02  1.1276388e+02
6.8383752e-01   3990317  3.4799048e+02  3.4958463e+02  1.0179874e+02
7.2424344e-01   4738457  3.2795168e+02  3.2604397e+02  8.6250341e+01
7.6703215e-01   5629661  3.1031952e+02  3.1158630e+02  7.7684952e+01
8.1235262e-01   6687903  2.9503393e+02  2.9360832e+02  6.6231786e+01
8.6035444e-01   7945758  2.8163979e+02  2.8201180e+02  5.8743735e+01
9.1118812e-01   9436555  2.7017091e+02  2.7060679e+02  5.1166153e+01
9.6501980e-01  11210320  2.5945452e+02  2.5834748e+02  4.4204896e+01
1.0220366e+00  13318613  2.4958188e+02  2.5026440e+02  3.9015569e+01
1.0824208e+00  15819192  2.3986102e+02  2.3982276e+02  3.3830083e+01
1.1463741e+00  18795348  2.3018302e+02  2.2922934e+02  2.9280058e+01
1.2141088e+00  22326034  2.2044171e+02  2.2006806e+02  2.5573570e+01
1.2858419e+00  26520842  2.1044439e+02  2.1034784e+02  2.2291402e+01
1.3618105e+00  31503438  2.0034522e+02  2.0057343e+02  1.9403246e+01
1.4422695e+00  37426927  1.9034984e+02  1.9050750e+02  1.6853944e+01
1.5275481e+00  44525830  1.8064693e+02  1.8070690e+02  1.4627130e+01
