# Power spectrum from CO𝘕CEPT job 4701060 at t = 4.0358434 Gyr, a = 0.38461538
#
# Components:
#   0: matter  (upstream grid size 1024)
#
#                           grid size 1024
# ╭────────────────────────────────────────────────────────────────╮
#                         component 0    (corrected)      (linear)
#                        σ₈ = 3.68e-01  σ₈ = 3.68e-01  σ₈ = 3.61e-01
#  k [Mpc⁻¹]    modes       P [Mpc³]       P [Mpc³]       P [Mpc³]
3.0679616e-03         3  1.0355231e+04  1.0355231e+04  1.0355989e+04
5.8212951e-03        25  1.5083526e+04  1.5159014e+04  1.5152793e+04
1.0440195e-02       124  1.7432572e+04  1.7632714e+04  1.7716874e+04
1.6729547e-02       418  1.5733799e+04  1.5877574e+04  1.5855845e+04
2.3240110e-02       730  1.2128964e+04  1.2131352e+04  1.2230406e+04
2.9075630e-02      1012  9.6437128e+03  9.6203476e+03  9.6172554e+03
3.4544381e-02      1408  8.1162394e+03  8.0973498e+03  8.0801471e+03
3.9898901e-02      1841  7.1269757e+03  7.1213292e+03  7.1795890e+03
4.5580519e-02      2698  6.4399217e+03  6.4458707e+03  6.4758237e+03
5.1612543e-02      3532  5.6215300e+03  5.6303718e+03  5.6874433e+03
5.7899473e-02      4702  4.7110887e+03  4.7119831e+03  4.7593373e+03
6.4462744e-02      6019  3.8741960e+03  3.8649942e+03  3.8646823e+03
7.1309305e-02      7766  3.2279531e+03  3.2156288e+03  3.2150321e+03
7.8556104e-02     10012  2.8672156e+03  2.8608214e+03  2.8547842e+03
8.6194331e-02     12589  2.6586539e+03  2.6621020e+03  2.6474020e+03
9.4153926e-02     15650  2.3887039e+03  2.3953590e+03  2.3863501e+03
1.0254095e-01     19757  2.0179271e+03  2.0184604e+03  2.0046659e+03
1.1136076e-01     24241  1.6775103e+03  1.6715843e+03  1.6336779e+03
1.2060245e-01     29993  1.4451002e+03  1.4402552e+03  1.3988056e+03
1.3029316e-01     36494  1.2978834e+03  1.2985563e+03  1.2658660e+03
1.4046583e-01     44825  1.1615797e+03  1.1631137e+03  1.1244651e+03
1.5111985e-01     53906  1.0079980e+03  1.0055601e+03  9.5824685e+02
1.6229170e-01     65729  8.8372709e+02  8.8125742e+02  8.3571072e+02
1.7401323e-01     78746  8.0187905e+02  8.0341632e+02  7.6132311e+02
1.8625264e-01     94374  7.1331215e+02  7.1464869e+02  6.7180630e+02
1.9902230e-01    112166  6.1513477e+02  6.1389058e+02  5.6519262e+02
2.1238854e-01    134373  5.4198529e+02  5.4042083e+02  4.8808700e+02
2.2637810e-01    159077  4.8916673e+02  4.8865750e+02  4.3749807e+02
2.4096993e-01    188172  4.3867257e+02  4.3845837e+02  3.9310352e+02
2.5621802e-01    222492  3.9553839e+02  3.9591825e+02  3.4978054e+02
2.7214102e-01    261771  3.5267254e+02  3.5303182e+02  3.0614120e+02
2.8873063e-01    306759  3.1323100e+02  3.1252461e+02  2.6288516e+02
3.0605468e-01    360898  2.8144892e+02  2.8045198e+02  2.3223886e+02
3.2421519e-01    425046  2.5643726e+02  2.5656852e+02  2.1231328e+02
3.4337900e-01    505555  2.3044858e+02  2.3103778e+02  1.8882343e+02
3.6368055e-01    600292  2.0678029e+02  2.0650954e+02  1.6171816e+02
3.8517334e-01    712930  1.8661759e+02  1.8571148e+02  1.4176499e+02
4.0793004e-01    846715  1.6867220e+02  1.6881457e+02  1.2921321e+02
4.3202621e-01   1005596  1.5227000e+02  1.5277915e+02  1.1327709e+02
4.5754560e-01   1194719  1.3703206e+02  1.3629314e+02  9.6787315e+01
4.8457948e-01   1419743  1.2372090e+02  1.2356705e+02  8.7451207e+01
5.1321525e-01   1686576  1.1180617e+02  1.1229102e+02  7.6952338e+01
5.4354215e-01   2003484  1.0094339e+02  1.0020042e+02  6.5867803e+01
5.7565178e-01   2378778  9.1344419e+01  9.1587721e+01  5.9665212e+01
6.0966698e-01   2828400  8.2590804e+01  8.2565544e+01  5.1133564e+01
6.4568974e-01   3356890  7.4842468e+01  7.4589196e+01  4.5277258e+01
6.8383752e-01   3990317  6.8173285e+01  6.8471690e+01  3.9557469e+01
7.2424344e-01   4738457  6.2356981e+01  6.2017902e+01  3.4583778e+01
7.6703215e-01   5629661  5.7682281e+01  5.7906716e+01  3.0261271e+01
8.1235262e-01   6687903  5.4128044e+01  5.3902479e+01  2.6521602e+01
8.6035444e-01   7945758  5.1839111e+01  5.1878819e+01  2.2974931e+01
9.1118812e-01   9436555  5.1034946e+01  5.1159180e+01  2.0283027e+01
9.6501980e-01  11210320  5.1811222e+01  5.1566996e+01  1.7517165e+01
1.0220366e+00  13318613  5.4264570e+01  5.4377541e+01  1.5280882e+01
1.0824208e+00  15819192  5.8379605e+01  5.8405782e+01  1.3392784e+01
1.1463741e+00  18795348  6.3756896e+01  6.3521559e+01  1.1641276e+01
1.2141088e+00  22326034  6.9353715e+01  6.9199150e+01  1.0097630e+01
1.2858419e+00  26520842  7.4103508e+01  7.4026095e+01  8.7827186e+00
1.3618105e+00  31503438  7.7199150e+01  7.7285210e+01  7.6445395e+00
1.4422695e+00  37426927  7.8517435e+01  7.8565129e+01  6.6419116e+00
1.5275481e+00  44525830  7.8720577e+01  7.8758908e+01  5.7718646e+00
