# Power spectrum from CO𝘕CEPT job 4701060 at t = 13.790139 Gyr, a = 1
#
# Components:
#   0: matter  (upstream grid size 1024)
#
#                           grid size 1024
# ╭────────────────────────────────────────────────────────────────╮
#                         component 0    (corrected)      (linear)
#                        σ₈ = 8.26e-01  σ₈ = 8.26e-01  σ₈ = 7.51e-01
#  k [Mpc⁻¹]    modes       P [Mpc³]       P [Mpc³]       P [Mpc³]
3.0679616e-03         3  4.5049921e+04  4.5049921e+04  4.5054582e+04
5.8212951e-03        25  6.5575817e+04  6.5904004e+04  6.5879551e+04
1.0440195e-02       124  7.5228383e+04  7.6092073e+04  7.6969497e+04
1.6729547e-02       418  6.8183557e+04  6.8806617e+04  6.8843825e+04
2.3240110e-02       730  5.1946659e+04  5.1956886e+04  5.3084380e+04
2.9075630e-02      1012  4.1651304e+04  4.1550390e+04  4.1734515e+04
3.4544381e-02      1408  3.5126031e+04  3.5044279e+04  3.5060022e+04
3.9898901e-02      1841  3.0490286e+04  3.0466130e+04  3.1149914e+04
4.5580519e-02      2698  2.7663266e+04  2.7688821e+04  2.8094721e+04
5.1612543e-02      3532  2.3998677e+04  2.4036424e+04  2.4673186e+04
5.7899473e-02      4702  2.0177474e+04  2.0181305e+04  2.0646093e+04
6.4462744e-02      6019  1.6947377e+04  1.6907125e+04  1.6764553e+04
7.1309305e-02      7766  1.4281890e+04  1.4227363e+04  1.3946106e+04
7.8556104e-02     10012  1.2773966e+04  1.2745478e+04  1.2383185e+04
8.6194331e-02     12589  1.1826726e+04  1.1842064e+04  1.1483438e+04
9.4153926e-02     15650  1.0611272e+04  1.0640836e+04  1.0350957e+04
1.0254095e-01     19757  9.1810188e+03  9.1834452e+03  8.6952802e+03
1.1136076e-01     24241  7.9792628e+03  7.9510749e+03  7.0860473e+03
1.2060245e-01     29993  7.0356784e+03  7.0120898e+03  6.0672474e+03
1.3029316e-01     36494  6.3573675e+03  6.3606637e+03  5.4905936e+03
1.4046583e-01     44825  5.7307882e+03  5.7383564e+03  4.8772521e+03
1.5111985e-01     53906  5.1954657e+03  5.1829005e+03  4.1562785e+03
1.6229170e-01     65729  4.6736521e+03  4.6605910e+03  3.6247789e+03
1.7401323e-01     78746  4.2885548e+03  4.2967763e+03  3.3021220e+03
1.8625264e-01     94374  3.9043944e+03  3.9117101e+03  2.9138483e+03
1.9902230e-01    112166  3.5491163e+03  3.5419378e+03  2.4514232e+03
2.1238854e-01    134373  3.2334371e+03  3.2241037e+03  2.1169866e+03
2.2637810e-01    159077  2.9985965e+03  2.9954749e+03  1.8975631e+03
2.4096993e-01    188172  2.7698005e+03  2.7684481e+03  1.7050076e+03
2.5621802e-01    222492  2.5662574e+03  2.5687220e+03  1.5171008e+03
2.7214102e-01    261771  2.3914465e+03  2.3938827e+03  1.3278226e+03
2.8873063e-01    306759  2.2212818e+03  2.2162724e+03  1.1402074e+03
3.0605468e-01    360898  2.0792189e+03  2.0718540e+03  1.0072848e+03
3.2421519e-01    425046  1.9397342e+03  1.9407270e+03  9.2086122e+02
3.4337900e-01    505555  1.8199605e+03  1.8246138e+03  8.1897867e+02
3.6368055e-01    600292  1.7091116e+03  1.7068737e+03  7.0141526e+02
3.8517334e-01    712930  1.6040232e+03  1.5962350e+03  6.1487262e+02
4.0793004e-01    846715  1.5118247e+03  1.5131007e+03  5.6043190e+02
4.3202621e-01   1005596  1.4205823e+03  1.4253323e+03  4.9131248e+02
4.5754560e-01   1194719  1.3399789e+03  1.3327533e+03  4.1979182e+02
4.8457948e-01   1419743  1.2611498e+03  1.2595815e+03  3.7929853e+02
5.1321525e-01   1686576  1.1914115e+03  1.1965780e+03  3.3376209e+02
5.4354215e-01   2003484  1.1228422e+03  1.1145778e+03  2.8568552e+02
5.7565178e-01   2378778  1.0621921e+03  1.0650213e+03  2.5878321e+02
6.0966698e-01   2828400  1.0043047e+03  1.0039975e+03  2.2177922e+02
6.4568974e-01   3356890  9.5039088e+02  9.4717469e+02  1.9637888e+02
6.8383752e-01   3990317  8.9883906e+02  9.0277341e+02  1.7157067e+02
7.2424344e-01   4738457  8.5087059e+02  8.4624380e+02  1.4999849e+02
7.6703215e-01   5629661  8.0603028e+02  8.0916646e+02  1.3125066e+02
8.1235262e-01   6687903  7.6312343e+02  7.5994331e+02  1.1503076e+02
8.6035444e-01   7945758  7.2241158e+02  7.2296494e+02  9.9647945e+01
9.1118812e-01   9436555  6.8323292e+02  6.8489611e+02  8.7972476e+01
9.6501980e-01  11210320  6.4437263e+02  6.4133521e+02  7.5976233e+01
1.0220366e+00  13318613  6.0750735e+02  6.0877208e+02  6.6276909e+01
1.0824208e+00  15819192  5.7116019e+02  5.7141629e+02  5.8087756e+01
1.1463741e+00  18795348  5.3561202e+02  5.3363498e+02  5.0491024e+01
1.2141088e+00  22326034  5.0119446e+02  5.0007747e+02  4.3795849e+01
1.2858419e+00  26520842  4.6807506e+02  4.6758608e+02  3.8092749e+01
1.3618105e+00  31503438  4.3621431e+02  4.3670059e+02  3.3156183e+01
1.4422695e+00  37426927  4.0574828e+02  4.0599474e+02  2.8807537e+01
1.5275481e+00  44525830  3.7661827e+02  3.7680166e+02  2.5033928e+01
