# Power spectrum from CO𝘕CEPT job 4701060 at t = 2.8501215 Gyr, a = 0.3030303
#
# Components:
#   0: matter  (upstream grid size 1024)
#
#                           grid size 1024
# ╭────────────────────────────────────────────────────────────────╮
#                         component 0    (corrected)      (linear)
#                        σ₈ = 2.90e-01  σ₈ = 2.90e-01  σ₈ = 2.87e-01
#  k [Mpc⁻¹]    modes       P [Mpc³]       P [Mpc³]       P [Mpc³]
3.0679616e-03         3  6.5736189e+03  6.5736189e+03  6.5748393e+03
5.8212951e-03        25  9.5768791e+03  9.6248083e+03  9.6224700e+03
1.0440195e-02       124  1.1083323e+04  1.1210570e+04  1.1253459e+04
1.6729547e-02       418  9.9933566e+03  1.0084676e+04  1.0072969e+04
2.3240110e-02       730  7.7197668e+03  7.7212867e+03  7.7704582e+03
2.9075630e-02      1012  6.1273926e+03  6.1125469e+03  6.1104930e+03
3.4544381e-02      1408  5.1545490e+03  5.1425524e+03  5.1340016e+03
3.9898901e-02      1841  4.5359031e+03  4.5323095e+03  4.5618827e+03
4.5580519e-02      2698  4.0951678e+03  4.0989508e+03  4.1147688e+03
5.1612543e-02      3532  3.5784056e+03  3.5840339e+03  3.6138656e+03
5.7899473e-02      4702  2.9977097e+03  2.9982789e+03  3.0241605e+03
6.4462744e-02      6019  2.4573031e+03  2.4514666e+03  2.4556971e+03
7.1309305e-02      7766  2.0452456e+03  2.0374369e+03  2.0429061e+03
7.8556104e-02     10012  1.8149348e+03  1.8108873e+03  1.8140032e+03
8.6194331e-02     12589  1.6819485e+03  1.6841299e+03  1.6822324e+03
9.4153926e-02     15650  1.5109278e+03  1.5151373e+03  1.5163566e+03
1.0254095e-01     19757  1.2728777e+03  1.2732141e+03  1.2738260e+03
1.1136076e-01     24241  1.0515177e+03  1.0478030e+03  1.0380906e+03
1.2060245e-01     29993  9.0272057e+02  8.9969401e+02  8.8884664e+02
1.3029316e-01     36494  8.1060594e+02  8.1102623e+02  8.0437339e+02
1.4046583e-01     44825  7.2358141e+02  7.2453698e+02  7.1452326e+02
1.5111985e-01     53906  6.2375036e+02  6.2224183e+02  6.0890307e+02
1.6229170e-01     65729  5.4476735e+02  5.4324493e+02  5.3103977e+02
1.7401323e-01     78746  4.9369183e+02  4.9463828e+02  4.8377158e+02
1.8625264e-01     94374  4.3727256e+02  4.3809188e+02  4.2688966e+02
1.9902230e-01    112166  3.7362318e+02  3.7286748e+02  3.5914369e+02
2.1238854e-01    134373  3.2654277e+02  3.2560019e+02  3.1014812e+02
2.2637810e-01    159077  2.9346825e+02  2.9316275e+02  2.7800218e+02
2.4096993e-01    188172  2.6213600e+02  2.6200801e+02  2.4979234e+02
2.5621802e-01    222492  2.3479095e+02  2.3501644e+02  2.2226339e+02
2.7214102e-01    261771  2.0757086e+02  2.0778231e+02  1.9453340e+02
2.8873063e-01    306759  1.8219588e+02  1.8178500e+02  1.6704695e+02
3.0605468e-01    360898  1.6254460e+02  1.6196884e+02  1.4757318e+02
3.2421519e-01    425046  1.4732466e+02  1.4740007e+02  1.3491175e+02
3.4337900e-01    505555  1.3131708e+02  1.3165282e+02  1.1998544e+02
3.6368055e-01    600292  1.1616283e+02  1.1601073e+02  1.0276176e+02
3.8517334e-01    712930  1.0362782e+02  1.0312466e+02  9.0082778e+01
4.0793004e-01    846715  9.3028844e+01  9.3107367e+01  8.2106917e+01
4.3202621e-01   1005596  8.3021574e+01  8.3299176e+01  7.1980514e+01
4.5754560e-01   1194719  7.3510405e+01  7.3114015e+01  6.1502298e+01
4.8457948e-01   1419743  6.5622491e+01  6.5540889e+01  5.5569788e+01
5.1321525e-01   1686576  5.8472703e+01  5.8726272e+01  4.8898415e+01
5.4354215e-01   2003484  5.1957673e+01  5.1575252e+01  4.1854887e+01
5.7565178e-01   2378778  4.6274663e+01  4.6397918e+01  3.7913529e+01
6.0966698e-01   2828400  4.1106487e+01  4.1093916e+01  3.2492200e+01
6.4568974e-01   3356890  3.6579824e+01  3.6456036e+01  2.8770884e+01
6.8383752e-01   3990317  3.2649138e+01  3.2792049e+01  2.5136314e+01
7.2424344e-01   4738457  2.9258245e+01  2.9099147e+01  2.1975844e+01
7.6703215e-01   5629661  2.6533317e+01  2.6636556e+01  1.9229160e+01
8.1235262e-01   6687903  2.4481971e+01  2.4379949e+01  1.6852834e+01
8.6035444e-01   7945758  2.3295435e+01  2.3313279e+01  1.4599145e+01
9.1118812e-01   9436555  2.3125229e+01  2.3181523e+01  1.2888608e+01
9.6501980e-01  11210320  2.4119770e+01  2.4006075e+01  1.1131075e+01
1.0220366e+00  13318613  2.6606205e+01  2.6661595e+01  9.7100557e+00
1.0824208e+00  15819192  3.0945447e+01  3.0959322e+01  8.5102874e+00
1.1463741e+00  18795348  3.7481478e+01  3.7343128e+01  7.3973124e+00
1.2141088e+00  22326034  4.5926897e+01  4.5824542e+01  6.4164217e+00
1.2858419e+00  26520842  5.5486523e+01  5.5428559e+01  5.5808769e+00
1.3618105e+00  31503438  6.4102838e+01  6.4174298e+01  4.8576348e+00
1.4422695e+00  37426927  6.9262775e+01  6.9304847e+01  4.2205269e+00
1.5275481e+00  44525830  7.0571475e+01  7.0605838e+01  3.6676660e+00
