# Power spectrum from CO𝘕CEPT job 4701060 at t = 2.1444136 Gyr, a = 0.25
#
# Components:
#   0: matter  (upstream grid size 1024)
#
#                           grid size 1024
# ╭────────────────────────────────────────────────────────────────╮
#                         component 0    (corrected)      (linear)
#                        σ₈ = 2.39e-01  σ₈ = 2.39e-01  σ₈ = 2.38e-01
#  k [Mpc⁻¹]    modes       P [Mpc³]       P [Mpc³]       P [Mpc³]
3.0679616e-03         3  4.5199901e+03  4.5199901e+03  4.5203376e+03
5.8212951e-03        25  6.5860158e+03  6.6189768e+03  6.6169579e+03
1.0440195e-02       124  7.6290198e+03  7.7166080e+03  7.7400842e+03
1.6729547e-02       418  6.8740090e+03  6.9368236e+03  6.9289934e+03
2.3240110e-02       730  5.3174068e+03  5.3184537e+03  5.3454862e+03
2.9075630e-02      1012  4.2156342e+03  4.2054204e+03  4.2036922e+03
3.4544381e-02      1408  3.5452437e+03  3.5369926e+03  3.5319858e+03
3.9898901e-02      1841  3.1241548e+03  3.1216796e+03  3.1384310e+03
4.5580519e-02      2698  2.8189863e+03  2.8215904e+03  2.8308575e+03
5.1612543e-02      3532  2.4649154e+03  2.4687923e+03  2.4862666e+03
5.7899473e-02      4702  2.0645165e+03  2.0649085e+03  2.0805728e+03
6.4462744e-02      6019  1.6891023e+03  1.6850904e+03  1.6894864e+03
7.1309305e-02      7766  1.4051978e+03  1.3998328e+03  1.4054964e+03
7.8556104e-02     10012  1.2462702e+03  1.2434909e+03  1.2480170e+03
8.6194331e-02     12589  1.1543528e+03  1.1558499e+03  1.1573624e+03
9.4153926e-02     15650  1.0368876e+03  1.0397764e+03  1.0432429e+03
1.0254095e-01     19757  8.7232139e+02  8.7255193e+02  8.7638476e+02
1.1136076e-01     24241  7.1807054e+02  7.1553385e+02  7.1420108e+02
1.2060245e-01     29993  6.1527482e+02  6.1321198e+02  6.1152255e+02
1.3029316e-01     36494  5.5252027e+02  5.5280674e+02  5.5340575e+02
1.4046583e-01     44825  4.9227288e+02  4.9292298e+02  4.9158955e+02
1.5111985e-01     53906  4.2281358e+02  4.2179101e+02  4.1892346e+02
1.6229170e-01     65729  3.6851145e+02  3.6748160e+02  3.6535392e+02
1.7401323e-01     78746  3.3372658e+02  3.3436637e+02  3.3283366e+02
1.8625264e-01     94374  2.9485713e+02  2.9540961e+02  2.9369914e+02
1.9902230e-01    112166  2.5055645e+02  2.5004967e+02  2.4709014e+02
2.1238854e-01    134373  2.1787540e+02  2.1724649e+02  2.1338135e+02
2.2637810e-01    159077  1.9533337e+02  1.9513002e+02  1.9126504e+02
2.4096993e-01    188172  1.7414691e+02  1.7406187e+02  1.7185675e+02
2.5621802e-01    222492  1.5534722e+02  1.5549641e+02  1.5291690e+02
2.7214102e-01    261771  1.3665390e+02  1.3679311e+02  1.3383872e+02
2.8873063e-01    306759  1.1900017e+02  1.1873180e+02  1.1492810e+02
3.0605468e-01    360898  1.0569191e+02  1.0531753e+02  1.0153018e+02
3.2421519e-01    425046  9.5549233e+01  9.5598139e+01  9.2819137e+01
3.4337900e-01    505555  8.4782406e+01  8.4999175e+01  8.2549862e+01
3.6368055e-01    600292  7.4231904e+01  7.4134706e+01  7.0699991e+01
3.8517334e-01    712930  6.5715527e+01  6.5396448e+01  6.1976870e+01
4.0793004e-01    846715  5.8807736e+01  5.8857374e+01  5.6489489e+01
4.3202621e-01   1005596  5.2068862e+01  5.2242966e+01  4.9522535e+01
4.5754560e-01   1194719  4.5557022e+01  4.5311365e+01  4.2313534e+01
4.8457948e-01   1419743  4.0421037e+01  4.0370773e+01  3.8231974e+01
5.1321525e-01   1686576  3.5670868e+01  3.5825555e+01  3.3642076e+01
5.4354215e-01   2003484  3.1321190e+01  3.1090659e+01  2.8796135e+01
5.7565178e-01   2378778  2.7600728e+01  2.7674244e+01  2.6084484e+01
6.0966698e-01   2828400  2.4215619e+01  2.4208213e+01  2.2354614e+01
6.4568974e-01   3356890  2.1264095e+01  2.1192136e+01  1.9794352e+01
6.8383752e-01   3990317  1.8692498e+01  1.8774318e+01  1.7293771e+01
7.2424344e-01   4738457  1.6476178e+01  1.6386585e+01  1.5119370e+01
7.6703215e-01   5629661  1.4680292e+01  1.4737412e+01  1.3229653e+01
8.1235262e-01   6687903  1.3334736e+01  1.3279167e+01  1.1594743e+01
8.6035444e-01   7945758  1.2602710e+01  1.2612364e+01  1.0044206e+01
9.1118812e-01   9436555  1.2590286e+01  1.2620934e+01  8.8673578e+00
9.6501980e-01  11210320  1.3407068e+01  1.3343870e+01  7.6581758e+00
1.0220366e+00  13318613  1.5365495e+01  1.5397483e+01  6.6805157e+00
1.0824208e+00  15819192  1.8887709e+01  1.8896179e+01  5.8550758e+00
1.1463741e+00  18795348  2.4626364e+01  2.4535464e+01  5.0893497e+00
1.2141088e+00  22326034  3.3134071e+01  3.3060226e+01  4.4144973e+00
1.2858419e+00  26520842  4.4898501e+01  4.4851597e+01  3.8396430e+00
1.3618105e+00  31503438  5.8747344e+01  5.8812834e+01  3.3420528e+00
1.4422695e+00  37426927  7.0352850e+01  7.0395585e+01  2.9037229e+00
1.5275481e+00  44525830  7.4402070e+01  7.4438299e+01  2.5233549e+00
