# Power spectrum from CO𝘕CEPT job 4701060 at t = 2.5067588 Gyr, a = 0.27777778
#
# Components:
#   0: matter  (upstream grid size 1024)
#
#                           grid size 1024
# ╭────────────────────────────────────────────────────────────────╮
#                         component 0    (corrected)      (linear)
#                        σ₈ = 2.66e-01  σ₈ = 2.66e-01  σ₈ = 2.64e-01
#  k [Mpc⁻¹]    modes       P [Mpc³]       P [Mpc³]       P [Mpc³]
3.0679616e-03         3  5.5527592e+03  5.5527592e+03  5.5535299e+03
5.8212951e-03        25  8.0901652e+03  8.1306540e+03  8.1284671e+03
1.0440195e-02       124  9.3668128e+03  9.4743524e+03  9.5070894e+03
1.6729547e-02       418  8.4429072e+03  8.5200584e+03  8.5102709e+03
2.3240110e-02       730  6.5263181e+03  6.5276031e+03  6.5651618e+03
2.9075630e-02      1012  5.1772519e+03  5.1647082e+03  5.1627560e+03
3.4544381e-02      1408  4.3546341e+03  4.3444992e+03  4.3377570e+03
3.9898901e-02      1841  3.8345613e+03  3.8315233e+03  3.8543924e+03
4.5580519e-02      2698  3.4610363e+03  3.4642335e+03  3.4766356e+03
5.1612543e-02      3532  3.0252567e+03  3.0300150e+03  3.0534246e+03
5.7899473e-02      4702  2.5340739e+03  2.5345550e+03  2.5551780e+03
6.4462744e-02      6019  2.0753115e+03  2.0703823e+03  2.0748752e+03
7.1309305e-02      7766  1.7268790e+03  1.7202858e+03  1.7261012e+03
7.8556104e-02     10012  1.5320001e+03  1.5285836e+03  1.5326975e+03
8.6194331e-02     12589  1.4194123e+03  1.4212532e+03  1.4213624e+03
9.4153926e-02     15650  1.2750265e+03  1.2785788e+03  1.2812106e+03
1.0254095e-01     19757  1.0733866e+03  1.0736703e+03  1.0762906e+03
1.1136076e-01     24241  8.8516666e+02  8.8203967e+02  8.7711183e+02
1.2060245e-01     29993  7.5918320e+02  7.5663788e+02  7.5101174e+02
1.3029316e-01     36494  6.8171924e+02  6.8207270e+02  6.7963815e+02
1.4046583e-01     44825  6.0798914e+02  6.0879205e+02  6.0372139e+02
1.5111985e-01     53906  5.2315631e+02  5.2189106e+02  5.1447997e+02
1.6229170e-01     65729  4.5643605e+02  4.5516049e+02  4.4869110e+02
1.7401323e-01     78746  4.1349785e+02  4.1429056e+02  4.0875289e+02
1.8625264e-01     94374  3.6579457e+02  3.6647996e+02  3.6069174e+02
1.9902230e-01    112166  3.1170753e+02  3.1107706e+02  3.0345120e+02
2.1238854e-01    134373  2.7175807e+02  2.7097363e+02  2.6205342e+02
2.2637810e-01    159077  2.4394092e+02  2.4368697e+02  2.3489238e+02
2.4096993e-01    188172  2.1768021e+02  2.1757392e+02  2.1105706e+02
2.5621802e-01    222492  1.9458410e+02  1.9477097e+02  1.8779704e+02
2.7214102e-01    261771  1.7160469e+02  1.7177951e+02  1.6436714e+02
2.8873063e-01    306759  1.5005402e+02  1.4971562e+02  1.4114302e+02
3.0605468e-01    360898  1.3358100e+02  1.3310783e+02  1.2468905e+02
3.2421519e-01    425046  1.2091039e+02  1.2097228e+02  1.1399103e+02
3.4337900e-01    505555  1.0752892e+02  1.0780385e+02  1.0137934e+02
3.6368055e-01    600292  9.4659564e+01  9.4535619e+01  8.6826532e+01
3.8517334e-01    712930  8.4133741e+01  8.3725233e+01  7.6113680e+01
4.0793004e-01    846715  7.5402501e+01  7.5466147e+01  6.9374634e+01
4.3202621e-01   1005596  6.7038757e+01  6.7262918e+01  6.0818530e+01
4.5754560e-01   1194719  5.9025891e+01  5.8707606e+01  5.1965167e+01
4.8457948e-01   1419743  5.2528199e+01  5.2462880e+01  4.6952610e+01
5.1321525e-01   1686576  4.6589332e+01  4.6791368e+01  4.1315765e+01
5.4354215e-01   2003484  4.1170029e+01  4.0867007e+01  3.5364473e+01
5.7565178e-01   2378778  3.6476503e+01  3.6573661e+01  3.2034300e+01
6.0966698e-01   2828400  3.2213436e+01  3.2203584e+01  2.7453654e+01
6.4568974e-01   3356890  2.8486915e+01  2.8390513e+01  2.4309401e+01
6.8383752e-01   3990317  2.5243548e+01  2.5354043e+01  2.1238442e+01
7.2424344e-01   4738457  2.2449371e+01  2.2327298e+01  1.8568065e+01
7.6703215e-01   5629661  2.0197774e+01  2.0276361e+01  1.6247307e+01
8.1235262e-01   6687903  1.8506539e+01  1.8429417e+01  1.4239477e+01
8.6035444e-01   7945758  1.7556969e+01  1.7570417e+01  1.2335266e+01
9.1118812e-01   9436555  1.7478216e+01  1.7520763e+01  1.0889981e+01
9.6501980e-01  11210320  1.8404175e+01  1.8317422e+01  9.4049873e+00
1.0220366e+00  13318613  2.0669799e+01  2.0712831e+01  8.2043250e+00
1.0824208e+00  15819192  2.4687772e+01  2.4698841e+01  7.1906040e+00
1.1463741e+00  18795348  3.0986797e+01  3.0872419e+01  6.2502174e+00
1.2141088e+00  22326034  3.9691493e+01  3.9603035e+01  5.4214327e+00
1.2858419e+00  26520842  5.0526118e+01  5.0473335e+01  4.7154554e+00
1.3618105e+00  31503438  6.1553060e+01  6.1621678e+01  4.1043659e+00
1.4422695e+00  37426927  6.9158138e+01  6.9200146e+01  3.5660540e+00
1.5275481e+00  44525830  7.1247199e+01  7.1281891e+01  3.0989248e+00
