# Power spectrum from CO𝘕CEPT job 4701060 at t = 2.727498 Gyr, a = 0.29411765
#
# Components:
#   0: matter  (upstream grid size 1024)
#
#                           grid size 1024
# ╭────────────────────────────────────────────────────────────────╮
#                         component 0    (corrected)      (linear)
#                        σ₈ = 2.81e-01  σ₈ = 2.81e-01  σ₈ = 2.79e-01
#  k [Mpc⁻¹]    modes       P [Mpc³]       P [Mpc³]       P [Mpc³]
3.0679616e-03         3  6.2046562e+03  6.2046562e+03  6.2057103e+03
5.8212951e-03        25  9.0395553e+03  9.0847954e+03  9.0825106e+03
1.0440195e-02       124  1.0463071e+04  1.0583197e+04  1.0622309e+04
1.6729547e-02       418  9.4330275e+03  9.5192264e+03  9.5082108e+03
2.3240110e-02       730  7.2885938e+03  7.2900288e+03  7.3348698e+03
2.9075630e-02      1012  5.7840333e+03  5.7700196e+03  5.7679875e+03
3.4544381e-02      1408  4.8654581e+03  4.8541343e+03  4.8462455e+03
3.9898901e-02      1841  4.2825186e+03  4.2791257e+03  4.3062023e+03
4.5580519e-02      2698  3.8660357e+03  3.8696070e+03  3.8841539e+03
5.1612543e-02      3532  3.3785663e+03  3.3838802e+03  3.4113282e+03
5.7899473e-02      4702  2.8301972e+03  2.8307346e+03  2.8546754e+03
6.4462744e-02      6019  2.3192158e+03  2.3137073e+03  2.3180724e+03
7.1309305e-02      7766  1.9301350e+03  1.9227658e+03  1.9284165e+03
7.8556104e-02     10012  1.7126185e+03  1.7087992e+03  1.7123426e+03
8.6194331e-02     12589  1.5870023e+03  1.5890605e+03  1.5879571e+03
9.4153926e-02     15650  1.4256112e+03  1.4295830e+03  1.4313777e+03
1.0254095e-01     19757  1.2006929e+03  1.2010102e+03  1.2024391e+03
1.1136076e-01     24241  9.9126058e+02  9.8775881e+02  9.7991487e+02
1.2060245e-01     29993  8.5069673e+02  8.4784459e+02  8.3903482e+02
1.3029316e-01     36494  7.6388943e+02  7.6428550e+02  7.5929563e+02
1.4046583e-01     44825  6.8166744e+02  6.8256766e+02  6.7448085e+02
1.5111985e-01     53906  5.8723391e+02  5.8581369e+02  5.7477975e+02
1.6229170e-01     65729  5.1268144e+02  5.1124869e+02  5.0128000e+02
1.7401323e-01     78746  4.6455579e+02  4.6544638e+02  4.5666077e+02
1.8625264e-01     94374  4.1128484e+02  4.1205547e+02  4.0296657e+02
1.9902230e-01    112166  3.5107899e+02  3.5036889e+02  3.3901713e+02
2.1238854e-01    134373  3.0657016e+02  3.0568523e+02  2.9276731e+02
2.2637810e-01    159077  2.7540032e+02  2.7511363e+02  2.6242285e+02
2.4096993e-01    188172  2.4590696e+02  2.4578689e+02  2.3579391e+02
2.5621802e-01    222492  2.2009794e+02  2.2030931e+02  2.0980769e+02
2.7214102e-01    261771  1.9441064e+02  1.9460869e+02  1.8363170e+02
2.8873063e-01    306759  1.7041524e+02  1.7003092e+02  1.5768560e+02
3.0605468e-01    360898  1.5191816e+02  1.5138005e+02  1.3930315e+02
3.2421519e-01    425046  1.3762494e+02  1.3769538e+02  1.2735127e+02
3.4337900e-01    505555  1.2257085e+02  1.2288423e+02  1.1326144e+02
3.6368055e-01    600292  1.0824210e+02  1.0810037e+02  9.7002971e+01
3.8517334e-01    712930  9.6435729e+01  9.5967490e+01  8.5034525e+01
4.0793004e-01    846715  8.6518799e+01  8.6591827e+01  7.7505633e+01
4.3202621e-01   1005596  7.7109790e+01  7.7367625e+01  6.7946716e+01
4.5754560e-01   1194719  6.8141985e+01  6.7774543e+01  5.8055701e+01
4.8457948e-01   1419743  6.0761015e+01  6.0685459e+01  5.2455651e+01
5.1321525e-01   1686576  5.4052908e+01  5.4287309e+01  4.6158143e+01
5.4354215e-01   2003484  4.7938196e+01  4.7585360e+01  3.9509335e+01
5.7565178e-01   2378778  4.2615906e+01  4.2729416e+01  3.5788851e+01
6.0966698e-01   2828400  3.7778801e+01  3.7767246e+01  3.0671334e+01
6.4568974e-01   3356890  3.3545146e+01  3.3431627e+01  2.7158561e+01
6.8383752e-01   3990317  2.9865393e+01  2.9996118e+01  2.3727673e+01
7.2424344e-01   4738457  2.6693042e+01  2.6547893e+01  2.0744317e+01
7.6703215e-01   5629661  2.4141897e+01  2.4235830e+01  1.8151557e+01
8.1235262e-01   6687903  2.2222736e+01  2.2130128e+01  1.5908400e+01
8.6035444e-01   7945758  2.1124476e+01  2.1140657e+01  1.3781008e+01
9.1118812e-01   9436555  2.0990552e+01  2.1041649e+01  1.2166330e+01
9.6501980e-01  11210320  2.1965293e+01  2.1861754e+01  1.0507289e+01
1.0220366e+00  13318613  2.4382102e+01  2.4432862e+01  9.1659040e+00
1.0824208e+00  15819192  2.8624865e+01  2.8637700e+01  8.0333708e+00
1.1463741e+00  18795348  3.5109426e+01  3.4979831e+01  6.9827671e+00
1.2141088e+00  22326034  4.3691471e+01  4.3594098e+01  6.0568455e+00
1.2858419e+00  26520842  5.3733484e+01  5.3677351e+01  5.2681247e+00
1.3618105e+00  31503438  6.3168212e+01  6.3238631e+01  4.5854131e+00
1.4422695e+00  37426927  6.9081799e+01  6.9123761e+01  3.9840089e+00
1.5275481e+00  44525830  7.0601629e+01  7.0636007e+01  3.4621303e+00
