# Power spectrum from CO𝘕CEPT job 4701060 at t = 12.444912 Gyr, a = 0.90909091
#
# Components:
#   0: matter  (upstream grid size 1024)
#
#                           grid size 1024
# ╭────────────────────────────────────────────────────────────────╮
#                         component 0    (corrected)      (linear)
#                        σ₈ = 7.78e-01  σ₈ = 7.78e-01  σ₈ = 7.13e-01
#  k [Mpc⁻¹]    modes       P [Mpc³]       P [Mpc³]       P [Mpc³]
3.0679616e-03         3  4.0557330e+04  4.0557330e+04  4.0555034e+04
5.8212951e-03        25  5.9040086e+04  5.9335563e+04  5.9303318e+04
1.0440195e-02       124  6.7781827e+04  6.8560025e+04  6.9289873e+04
1.6729547e-02       418  6.1413877e+04  6.1975076e+04  6.1977746e+04
2.3240110e-02       730  4.6844932e+04  4.6854155e+04  4.7791387e+04
2.9075630e-02      1012  3.7531722e+04  3.7440789e+04  3.7573802e+04
3.4544381e-02      1408  3.1646268e+04  3.1572615e+04  3.1565044e+04
3.9898901e-02      1841  2.7500283e+04  2.7478496e+04  2.8044923e+04
4.5580519e-02      2698  2.4941061e+04  2.4964100e+04  2.5294413e+04
5.1612543e-02      3532  2.1650751e+04  2.1684804e+04  2.2214017e+04
5.7899473e-02      4702  1.8195959e+04  1.8199413e+04  1.8588370e+04
6.4462744e-02      6019  1.5248653e+04  1.5212435e+04  1.5093733e+04
7.1309305e-02      7766  1.2831112e+04  1.2782123e+04  1.2556212e+04
7.8556104e-02     10012  1.1466885e+04  1.1441313e+04  1.1149076e+04
8.6194331e-02     12589  1.0620974e+04  1.0634748e+04  1.0339015e+04
9.4153926e-02     15650  9.5327624e+03  9.5593212e+03  9.3194068e+03
1.0254095e-01     19757  8.2246172e+03  8.2267909e+03  7.8287392e+03
1.1136076e-01     24241  7.1146852e+03  7.0895515e+03  6.3798826e+03
1.2060245e-01     29993  6.2579153e+03  6.2369343e+03  5.4626161e+03
1.3029316e-01     36494  5.6493719e+03  5.6523010e+03  4.9434318e+03
1.4046583e-01     44825  5.0891252e+03  5.0958459e+03  4.3912149e+03
1.5111985e-01     53906  4.5954081e+03  4.5842942e+03  3.7420908e+03
1.6229170e-01     65729  4.1230373e+03  4.1115150e+03  3.2635583e+03
1.7401323e-01     78746  3.7777655e+03  3.7850079e+03  2.9730563e+03
1.8625264e-01     94374  3.4330225e+03  3.4394550e+03  2.6234759e+03
1.9902230e-01    112166  3.1053673e+03  3.0990863e+03  2.2071332e+03
2.1238854e-01    134373  2.8213357e+03  2.8131918e+03  1.9060244e+03
2.2637810e-01    159077  2.6102002e+03  2.6074830e+03  1.7084673e+03
2.4096993e-01    188172  2.4041327e+03  2.4029588e+03  1.5351006e+03
2.5621802e-01    222492  2.2229085e+03  2.2250433e+03  1.3659192e+03
2.7214102e-01    261771  2.0655531e+03  2.0676573e+03  1.1955030e+03
2.8873063e-01    306759  1.9121222e+03  1.9078100e+03  1.0265841e+03
3.0605468e-01    360898  1.7836099e+03  1.7772921e+03  9.0690750e+02
3.2421519e-01    425046  1.6604482e+03  1.6612981e+03  8.2909621e+02
3.4337900e-01    505555  1.5532145e+03  1.5571857e+03  7.3736644e+02
3.6368055e-01    600292  1.4537568e+03  1.4518533e+03  6.3151842e+02
3.8517334e-01    712930  1.3612046e+03  1.3545953e+03  5.5359988e+02
4.0793004e-01    846715  1.2795816e+03  1.2806617e+03  5.0458427e+02
4.3202621e-01   1005596  1.1989881e+03  1.2029972e+03  4.4235269e+02
4.5754560e-01   1194719  1.1277386e+03  1.1216575e+03  3.7795915e+02
4.8457948e-01   1419743  1.0588992e+03  1.0575825e+03  3.4150108e+02
5.1321525e-01   1686576  9.9854458e+02  1.0028748e+03  3.0050240e+02
5.4354215e-01   2003484  9.3825091e+02  9.3134516e+02  2.5721671e+02
5.7565178e-01   2378778  8.8624688e+02  8.8860746e+02  2.3299524e+02
6.0966698e-01   2828400  8.3605161e+02  8.3579592e+02  1.9967874e+02
6.4568974e-01   3356890  7.8981802e+02  7.8714522e+02  1.7680957e+02
6.8383752e-01   3990317  7.4621016e+02  7.4947643e+02  1.5447352e+02
7.2424344e-01   4738457  7.0616015e+02  7.0232025e+02  1.3505103e+02
7.6703215e-01   5629661  6.6880585e+02  6.7140811e+02  1.1817144e+02
8.1235262e-01   6687903  6.3370626e+02  6.3106545e+02  1.0356786e+02
8.6035444e-01   7945758  6.0066316e+02  6.0112326e+02  8.9717958e+01
9.1118812e-01   9436555  5.6915454e+02  5.7054003e+02  7.9205959e+01
9.6501980e-01  11210320  5.3832533e+02  5.3578779e+02  6.8405151e+01
1.0220366e+00  13318613  5.0872929e+02  5.0978839e+02  5.9672372e+01
1.0824208e+00  15819192  4.7944800e+02  4.7966298e+02  5.2299274e+01
1.1463741e+00  18795348  4.5098064e+02  4.4931599e+02  4.5459563e+01
1.2141088e+00  22326034  4.2315956e+02  4.2221648e+02  3.9431566e+01
1.2858419e+00  26520842  3.9618809e+02  3.9577420e+02  3.4296784e+01
1.3618105e+00  31503438  3.7022340e+02  3.7063612e+02  2.9852151e+01
1.4422695e+00  37426927  3.4519307e+02  3.4540275e+02  2.5936851e+01
1.5275481e+00  44525830  3.2132247e+02  3.2147893e+02  2.2539284e+01
