# Power spectrum from CO𝘕CEPT job 4701060 at t = 2.4071778 Gyr, a = 0.27027027
#
# Components:
#   0: matter  (upstream grid size 1024)
#
#                           grid size 1024
# ╭────────────────────────────────────────────────────────────────╮
#                         component 0    (corrected)      (linear)
#                        σ₈ = 2.59e-01  σ₈ = 2.59e-01  σ₈ = 2.57e-01
#  k [Mpc⁻¹]    modes       P [Mpc³]       P [Mpc³]       P [Mpc³]
3.0679616e-03         3  5.2641236e+03  5.2641236e+03  5.2647694e+03
5.8212951e-03        25  7.6697995e+03  7.7081845e+03  7.7060427e+03
1.0440195e-02       124  8.8812719e+03  8.9832371e+03  9.0132802e+03
1.6729547e-02       418  8.0044731e+03  8.0776178e+03  8.0683777e+03
2.3240110e-02       730  6.1886161e+03  6.1898346e+03  6.2243247e+03
2.9075630e-02      1012  4.9085416e+03  4.8966490e+03  4.8947488e+03
3.4544381e-02      1408  4.1284417e+03  4.1188332e+03  4.1125881e+03
3.9898901e-02      1841  3.6361105e+03  3.6332297e+03  3.6543210e+03
4.5580519e-02      2698  3.2816514e+03  3.2846829e+03  3.2961770e+03
5.1612543e-02      3532  2.8687304e+03  2.8732424e+03  2.8949362e+03
5.7899473e-02      4702  2.4028965e+03  2.4033527e+03  2.4225530e+03
6.4462744e-02      6019  1.9673502e+03  1.9626775e+03  1.9671813e+03
7.1309305e-02      7766  1.6369359e+03  1.6306861e+03  1.6365107e+03
7.8556104e-02     10012  1.4520936e+03  1.4488553e+03  1.4531458e+03
8.6194331e-02     12589  1.3452783e+03  1.3470230e+03  1.3475897e+03
9.4153926e-02     15650  1.2084186e+03  1.2117853e+03  1.2147125e+03
1.0254095e-01     19757  1.0171162e+03  1.0173850e+03  1.0204286e+03
1.1136076e-01     24241  8.3834483e+02  8.3538325e+02  8.3158782e+02
1.2060245e-01     29993  7.1883075e+02  7.1642072e+02  7.1203269e+02
1.3029316e-01     36494  6.4548950e+02  6.4582418e+02  6.4436360e+02
1.4046583e-01     44825  5.7552316e+02  5.7628320e+02  5.7238713e+02
1.5111985e-01     53906  4.9496692e+02  4.9376985e+02  4.8777755e+02
1.6229170e-01     65729  4.3171611e+02  4.3050963e+02  4.2540326e+02
1.7401323e-01     78746  3.9106464e+02  3.9181435e+02  3.8753794e+02
1.8625264e-01     94374  3.4582863e+02  3.4647661e+02  3.4197125e+02
1.9902230e-01    112166  2.9446505e+02  2.9386946e+02  2.8770161e+02
2.1238854e-01    134373  2.5654113e+02  2.5580061e+02  2.4845245e+02
2.2637810e-01    159077  2.3020296e+02  2.2996332e+02  2.2270111e+02
2.4096993e-01    188172  2.0536647e+02  2.0526620e+02  2.0010289e+02
2.5621802e-01    222492  1.8347125e+02  1.8364745e+02  1.7805010e+02
2.7214102e-01    261771  1.6169036e+02  1.6185507e+02  1.5583625e+02
2.8873063e-01    306759  1.4122557e+02  1.4090709e+02  1.3381749e+02
3.0605468e-01    360898  1.2564226e+02  1.2519722e+02  1.1821751e+02
3.2421519e-01    425046  1.1368369e+02  1.1374188e+02  1.0807473e+02
3.4337900e-01    505555  1.0103752e+02  1.0129585e+02  9.6117614e+01
3.6368055e-01    600292  8.8815144e+01  8.8698851e+01  8.2320116e+01
3.8517334e-01    712930  7.8853362e+01  7.8470493e+01  7.2163276e+01
4.0793004e-01    846715  7.0638794e+01  7.0698418e+01  6.5773997e+01
4.3202621e-01   1005596  6.2733055e+01  6.2942818e+01  5.7661967e+01
4.5754560e-01   1194719  5.5141066e+01  5.4843729e+01  4.9268106e+01
4.8457948e-01   1419743  4.9028884e+01  4.8967916e+01  4.4515707e+01
5.1321525e-01   1686576  4.3425980e+01  4.3614298e+01  3.9171422e+01
5.4354215e-01   2003484  3.8309584e+01  3.8027616e+01  3.3529011e+01
5.7565178e-01   2378778  3.3890908e+01  3.3981178e+01  3.0371678e+01
6.0966698e-01   2828400  2.9877270e+01  2.9868132e+01  2.6028774e+01
6.4568974e-01   3356890  2.6370890e+01  2.6281649e+01  2.3047711e+01
6.8383752e-01   3990317  2.3317784e+01  2.3419850e+01  2.0136140e+01
7.2424344e-01   4738457  2.0687744e+01  2.0575250e+01  1.7604358e+01
7.6703215e-01   5629661  1.8565767e+01  1.8638004e+01  1.5404052e+01
8.1235262e-01   6687903  1.6973110e+01  1.6902379e+01  1.3500430e+01
8.6035444e-01   7945758  1.6086513e+01  1.6098836e+01  1.1695050e+01
9.1118812e-01   9436555  1.6028769e+01  1.6067787e+01  1.0324777e+01
9.6501980e-01  11210320  1.6927933e+01  1.6848139e+01  8.9168568e+00
1.0220366e+00  13318613  1.9115675e+01  1.9155471e+01  7.7785104e+00
1.0824208e+00  15819192  2.3012102e+01  2.3022421e+01  6.8174028e+00
1.1463741e+00  18795348  2.9188226e+01  2.9080488e+01  5.9258235e+00
1.2141088e+00  22326034  3.7890873e+01  3.7806427e+01  5.1400538e+00
1.2858419e+00  26520842  4.9036856e+01  4.8985629e+01  4.4707176e+00
1.3618105e+00  31503438  6.0823390e+01  6.0891195e+01  3.8913445e+00
1.4422695e+00  37426927  6.9360074e+01  6.9402205e+01  3.3809716e+00
1.5275481e+00  44525830  7.1824979e+01  7.1859953e+01  2.9380871e+00
