# Power spectrum from CO𝘕CEPT job 4701060 at t = 6.2819341 Gyr, a = 0.52631579
#
# Components:
#   0: matter  (upstream grid size 1024)
#
#                           grid size 1024
# ╭────────────────────────────────────────────────────────────────╮
#                         component 0    (corrected)      (linear)
#                        σ₈ = 4.98e-01  σ₈ = 4.98e-01  σ₈ = 4.78e-01
#  k [Mpc⁻¹]    modes       P [Mpc³]       P [Mpc³]       P [Mpc³]
3.0679616e-03         3  1.8237758e+04  1.8237758e+04  1.8224951e+04
5.8212951e-03        25  2.6559384e+04  2.6692306e+04  2.6659310e+04
1.0440195e-02       124  3.0628829e+04  3.0980477e+04  3.1161290e+04
1.6729547e-02       418  2.7684691e+04  2.7937673e+04  2.7882042e+04
2.3240110e-02       730  2.1268580e+04  2.1272768e+04  2.1504211e+04
2.9075630e-02      1012  1.6955983e+04  1.6914902e+04  1.6908534e+04
3.4544381e-02      1408  1.4280113e+04  1.4246878e+04  1.4205515e+04
3.9898901e-02      1841  1.2496082e+04  1.2486182e+04  1.2621926e+04
4.5580519e-02      2698  1.1306188e+04  1.1316632e+04  1.1384453e+04
5.1612543e-02      3532  9.8521531e+03  9.8676490e+03  9.9983274e+03
5.7899473e-02      4702  8.2630583e+03  8.2646272e+03  8.3666477e+03
6.4462744e-02      6019  6.8347401e+03  6.8185065e+03  6.7938298e+03
7.1309305e-02      7766  5.7087522e+03  5.6869564e+03  5.6517497e+03
7.8556104e-02     10012  5.0798092e+03  5.0684808e+03  5.0184347e+03
8.6194331e-02     12589  4.7117832e+03  4.7178940e+03  4.6538539e+03
9.4153926e-02     15650  4.2337280e+03  4.2455234e+03  4.1949354e+03
1.0254095e-01     19757  3.5975563e+03  3.5985071e+03  3.5239658e+03
1.1136076e-01     24241  3.0269047e+03  3.0162117e+03  2.8718048e+03
1.2060245e-01     29993  2.6244186e+03  2.6156197e+03  2.4589228e+03
1.3029316e-01     36494  2.3592982e+03  2.3605214e+03  2.2252275e+03
1.4046583e-01     44825  2.1181044e+03  2.1209016e+03  1.9766600e+03
1.5111985e-01     53906  1.8617607e+03  1.8572581e+03  1.6844682e+03
1.6229170e-01     65729  1.6440733e+03  1.6394788e+03  1.4690646e+03
1.7401323e-01     78746  1.4955084e+03  1.4983755e+03  1.3383001e+03
1.8625264e-01     94374  1.3405922e+03  1.3431041e+03  1.1809410e+03
1.9902230e-01    112166  1.1745622e+03  1.1721865e+03  9.9352842e+02
2.1238854e-01    134373  1.0476544e+03  1.0446303e+03  8.5798715e+02
2.2637810e-01    159077  9.5324580e+02  9.5225346e+02  7.6905865e+02
2.4096993e-01    188172  8.6177030e+02  8.6134951e+02  6.9101909e+02
2.5621802e-01    222492  7.8497199e+02  7.8572586e+02  6.1486331e+02
2.7214102e-01    261771  7.1069730e+02  7.1142130e+02  5.3815151e+02
2.8873063e-01    306759  6.4154701e+02  6.4010022e+02  4.6211356e+02
3.0605468e-01    360898  5.8355543e+02  5.8148839e+02  4.0824175e+02
3.2421519e-01    425046  5.3648601e+02  5.3676060e+02  3.7321541e+02
3.4337900e-01    505555  4.8922242e+02  4.9047325e+02  3.3192365e+02
3.6368055e-01    600292  4.4694579e+02  4.4636057e+02  2.8427655e+02
3.8517334e-01    712930  4.0999180e+02  4.0800110e+02  2.4920179e+02
4.0793004e-01    846715  3.7575728e+02  3.7607444e+02  2.2713759e+02
4.3202621e-01   1005596  3.4473323e+02  3.4588592e+02  1.9912423e+02
4.5754560e-01   1194719  3.1626505e+02  3.1455965e+02  1.7013765e+02
4.8457948e-01   1419743  2.9056657e+02  2.9020525e+02  1.5372614e+02
5.1321525e-01   1686576  2.6743985e+02  2.6859961e+02  1.3527069e+02
5.4354215e-01   2003484  2.4649149e+02  2.4467725e+02  1.1578572e+02
5.7565178e-01   2378778  2.2733429e+02  2.2793981e+02  1.0488249e+02
6.0966698e-01   2828400  2.1034791e+02  2.1028357e+02  8.9885122e+01
6.4568974e-01   3356890  1.9487622e+02  1.9421674e+02  7.9590609e+01
6.8383752e-01   3990317  1.8130234e+02  1.8209593e+02  6.9536073e+01
7.2424344e-01   4738457  1.6948943e+02  1.6856780e+02  6.0793069e+01
7.6703215e-01   5629661  1.5954992e+02  1.6017071e+02  5.3194749e+01
8.1235262e-01   6687903  1.5145775e+02  1.5082659e+02  4.6620972e+01
8.6035444e-01   7945758  1.4524540e+02  1.4535665e+02  4.0386455e+01
9.1118812e-01   9436555  1.4087614e+02  1.4121908e+02  3.5654493e+01
9.6501980e-01  11210320  1.3807983e+02  1.3742895e+02  3.0792523e+01
1.0220366e+00  13318613  1.3635434e+02  1.3663821e+02  2.6861473e+01
1.0824208e+00  15819192  1.3520868e+02  1.3526931e+02  2.3542482e+01
1.1463741e+00  18795348  1.3407627e+02  1.3358137e+02  2.0463593e+01
1.2141088e+00  22326034  1.3238071e+02  1.3208568e+02  1.7750097e+01
1.2858419e+00  26520842  1.2993366e+02  1.2979792e+02  1.5438680e+01
1.3618105e+00  31503438  1.2693822e+02  1.2707973e+02  1.3437933e+01
1.4422695e+00  37426927  1.2352867e+02  1.2360371e+02  1.1675465e+01
1.5275481e+00  44525830  1.1980236e+02  1.1986070e+02  1.0146053e+01
