# Power spectrum from CO𝘕CEPT job 4701060 at t = 2.2265221 Gyr, a = 0.25641026
#
# Components:
#   0: matter  (upstream grid size 1024)
#
#                           grid size 1024
# ╭────────────────────────────────────────────────────────────────╮
#                         component 0    (corrected)      (linear)
#                        σ₈ = 2.45e-01  σ₈ = 2.45e-01  σ₈ = 2.44e-01
#  k [Mpc⁻¹]    modes       P [Mpc³]       P [Mpc³]       P [Mpc³]
3.0679616e-03         3  4.7496940e+03  4.7496940e+03  4.7501317e+03
5.8212951e-03        25  6.9205712e+03  6.9552065e+03  6.9531491e+03
1.0440195e-02       124  8.0156486e+03  8.1076756e+03  8.1331198e+03
1.6729547e-02       418  7.2229891e+03  7.2889927e+03  7.2807284e+03
2.3240110e-02       730  5.5864283e+03  5.5875282e+03  5.6167922e+03
2.9075630e-02      1012  4.4295477e+03  4.4188156e+03  4.4170293e+03
3.4544381e-02      1408  3.7252766e+03  3.7166065e+03  3.7112251e+03
3.9898901e-02      1841  3.2822401e+03  3.2796397e+03  3.2976931e+03
4.5580519e-02      2698  2.9618346e+03  2.9645707e+03  2.9745081e+03
5.1612543e-02      3532  2.5896104e+03  2.5936834e+03  2.6124288e+03
5.7899473e-02      4702  2.1689997e+03  2.1694115e+03  2.1861471e+03
6.4462744e-02      6019  1.7749801e+03  1.7707643e+03  1.7752149e+03
7.1309305e-02      7766  1.4767101e+03  1.4710721e+03  1.4768140e+03
7.8556104e-02     10012  1.3097768e+03  1.3068559e+03  1.3113434e+03
8.6194331e-02     12589  1.2132578e+03  1.2148313e+03  1.2160885e+03
9.4153926e-02     15650  1.0898070e+03  1.0928432e+03  1.0961783e+03
1.0254095e-01     19757  9.1697485e+02  9.1721719e+02  9.2085334e+02
1.1136076e-01     24241  7.5512996e+02  7.5246235e+02  7.5044020e+02
1.2060245e-01     29993  6.4716740e+02  6.4499763e+02  6.4255161e+02
1.3029316e-01     36494  5.8115146e+02  5.8145278e+02  5.8148587e+02
1.4046583e-01     44825  5.1790122e+02  5.1858516e+02  5.1653303e+02
1.5111985e-01     53906  4.4500559e+02  4.4392935e+02  4.4017981e+02
1.6229170e-01     65729  3.8794052e+02  3.8685638e+02  3.8389210e+02
1.7401323e-01     78746  3.5134919e+02  3.5202276e+02  3.4972174e+02
1.8625264e-01     94374  3.1051361e+02  3.1109543e+02  3.0860151e+02
1.9902230e-01    112166  2.6402627e+02  2.6349224e+02  2.5962755e+02
2.1238854e-01    134373  2.2972348e+02  2.2906038e+02  2.2420835e+02
2.2637810e-01    159077  2.0601230e+02  2.0579784e+02  2.0096986e+02
2.4096993e-01    188172  1.8370261e+02  1.8361291e+02  1.8057678e+02
2.5621802e-01    222492  1.6394742e+02  1.6410487e+02  1.6067592e+02
2.7214102e-01    261771  1.4430146e+02  1.4444846e+02  1.4062971e+02
2.8873063e-01    306759  1.2577809e+02  1.2549444e+02  1.2075955e+02
3.0605468e-01    360898  1.1177045e+02  1.1137454e+02  1.0668183e+02
3.2421519e-01    425046  1.0107042e+02  1.0112215e+02  9.7528783e+01
3.4337900e-01    505555  8.9726074e+01  8.9955482e+01  8.6738444e+01
3.6368055e-01    600292  7.8658763e+01  7.8555768e+01  7.4287309e+01
3.8517334e-01    712930  6.9697588e+01  6.9359174e+01  6.5121577e+01
4.0793004e-01    846715  6.2390445e+01  6.2443107e+01  5.9355765e+01
4.3202621e-01   1005596  5.5293523e+01  5.5478410e+01  5.2035308e+01
4.5754560e-01   1194719  4.8448974e+01  4.8187723e+01  4.4460522e+01
4.8457948e-01   1419743  4.3014503e+01  4.2961015e+01  4.0171863e+01
5.1321525e-01   1686576  3.8003207e+01  3.8168009e+01  3.5349073e+01
5.4354215e-01   2003484  3.3419027e+01  3.3173055e+01  3.0257249e+01
5.7565178e-01   2378778  2.9484676e+01  2.9563211e+01  2.7408010e+01
6.0966698e-01   2828400  2.5907846e+01  2.5899922e+01  2.3488886e+01
6.4568974e-01   3356890  2.2787018e+01  2.2709905e+01  2.0798716e+01
6.8383752e-01   3990317  2.0068225e+01  2.0156067e+01  1.8171256e+01
7.2424344e-01   4738457  1.7725659e+01  1.7629272e+01  1.5886526e+01
7.6703215e-01   5629661  1.5830323e+01  1.5891917e+01  1.3900925e+01
8.1235262e-01   6687903  1.4409612e+01  1.4349563e+01  1.2183059e+01
8.6035444e-01   7945758  1.3631030e+01  1.3641471e+01  1.0553848e+01
9.1118812e-01   9436555  1.3605945e+01  1.3639065e+01  9.3172866e+00
9.6501980e-01  11210320  1.4450107e+01  1.4381993e+01  8.0467509e+00
1.0220366e+00  13318613  1.6483527e+01  1.6517844e+01  7.0194843e+00
1.0824208e+00  15819192  2.0130434e+01  2.0139461e+01  6.1521616e+00
1.1463741e+00  18795348  2.6022902e+01  2.5926847e+01  5.3475826e+00
1.2141088e+00  22326034  3.4622207e+01  3.4545046e+01  4.6384883e+00
1.2858419e+00  26520842  4.6230300e+01  4.6182005e+01  4.0344659e+00
1.3618105e+00  31503438  5.9432571e+01  5.9498826e+01  3.5116280e+00
1.4422695e+00  37426927  6.9976540e+01  7.0019045e+01  3.0510573e+00
1.5275481e+00  44525830  7.3414853e+01  7.3450601e+01  2.6513894e+00
