# Power spectrum from CO𝘕CEPT job 4701060 at t = 3.4443479 Gyr, a = 0.34482759
#
# Components:
#   0: matter  (upstream grid size 1024)
#
#                           grid size 1024
# ╭────────────────────────────────────────────────────────────────╮
#                         component 0    (corrected)      (linear)
#                        σ₈ = 3.30e-01  σ₈ = 3.30e-01  σ₈ = 3.25e-01
#  k [Mpc⁻¹]    modes       P [Mpc³]       P [Mpc³]       P [Mpc³]
3.0679616e-03         3  8.4239602e+03  8.4239602e+03  8.4256436e+03
5.8212951e-03        25  1.2271395e+04  1.2332810e+04  1.2329610e+04
1.0440195e-02       124  1.4191725e+04  1.4354659e+04  1.4417541e+04
1.6729547e-02       418  1.2802727e+04  1.2919718e+04  1.2904036e+04
2.3240110e-02       730  9.8793881e+03  9.8813332e+03  9.9539314e+03
2.9075630e-02      1012  7.8485824e+03  7.8295665e+03  7.8273367e+03
3.4544381e-02      1408  6.6040134e+03  6.5886433e+03  6.5763912e+03
3.9898901e-02      1841  5.8050346e+03  5.8004355e+03  5.8434813e+03
4.5580519e-02      2698  5.2432888e+03  5.2481324e+03  5.2707194e+03
5.1612543e-02      3532  4.5792446e+03  4.5864470e+03  4.6290738e+03
5.7899473e-02      4702  3.8368501e+03  3.8375786e+03  3.8736926e+03
6.4462744e-02      6019  3.1502412e+03  3.1427588e+03  3.1455293e+03
7.1309305e-02      7766  2.6232909e+03  2.6132753e+03  2.6167742e+03
7.8556104e-02     10012  2.3290078e+03  2.3238139e+03  2.3235661e+03
8.6194331e-02     12589  2.1590675e+03  2.1618677e+03  2.1547767e+03
9.4153926e-02     15650  1.9396980e+03  1.9451021e+03  1.9423034e+03
1.0254095e-01     19757  1.6362748e+03  1.6367072e+03  1.6316437e+03
1.1136076e-01     24241  1.3559389e+03  1.3511489e+03  1.3296891e+03
1.2060245e-01     29993  1.1660576e+03  1.1621481e+03  1.1385219e+03
1.3029316e-01     36494  1.0471317e+03  1.0476746e+03  1.0303196e+03
1.4046583e-01     44825  9.3602758e+02  9.3726370e+02  9.1523038e+02
1.5111985e-01     53906  8.0953477e+02  8.0757692e+02  7.7994150e+02
1.6229170e-01     65729  7.0836198e+02  7.0638238e+02  6.8020645e+02
1.7401323e-01     78746  6.4234823e+02  6.4357967e+02  6.1966065e+02
1.8625264e-01     94374  5.7017121e+02  5.7123955e+02  5.4680073e+02
1.9902230e-01    112166  4.8945778e+02  4.8846779e+02  4.6002516e+02
2.1238854e-01    134373  4.2956590e+02  4.2832594e+02  3.9726694e+02
2.2637810e-01    159077  3.8687333e+02  3.8647059e+02  3.5609133e+02
2.4096993e-01    188172  3.4622973e+02  3.4606067e+02  3.1995747e+02
2.5621802e-01    222492  3.1117273e+02  3.1147157e+02  2.8469577e+02
2.7214102e-01    261771  2.7627464e+02  2.7655609e+02  2.4917657e+02
2.8873063e-01    306759  2.4400920e+02  2.4345892e+02  2.1396933e+02
3.0605468e-01    360898  2.1848534e+02  2.1771143e+02  1.8902549e+02
3.2421519e-01    425046  1.9853735e+02  1.9863896e+02  1.7280753e+02
3.4337900e-01    505555  1.7768596e+02  1.7814026e+02  1.5368852e+02
3.6368055e-01    600292  1.5838452e+02  1.5817713e+02  1.3162681e+02
3.8517334e-01    712930  1.4215353e+02  1.4146331e+02  1.1538639e+02
4.0793004e-01    846715  1.2803129e+02  1.2813936e+02  1.0517016e+02
4.3202621e-01   1005596  1.1495264e+02  1.1533702e+02  9.2199320e+01
4.5754560e-01   1194719  1.0267948e+02  1.0212580e+02  7.8777845e+01
4.8457948e-01   1419743  9.2185198e+01  9.2070565e+01  7.1178934e+01
5.1321525e-01   1686576  8.2755154e+01  8.3114024e+01  6.2633619e+01
5.4354215e-01   2003484  7.4163797e+01  7.3617934e+01  5.3611614e+01
5.7565178e-01   2378778  6.6617140e+01  6.6794579e+01  4.8563156e+01
6.0966698e-01   2828400  5.9732597e+01  5.9714329e+01  4.1619015e+01
6.4568974e-01   3356890  5.3675267e+01  5.3493626e+01  3.6852407e+01
6.8383752e-01   3990317  4.8444209e+01  4.8656256e+01  3.2196914e+01
7.2424344e-01   4738457  4.3908257e+01  4.3669497e+01  2.8148691e+01
7.6703215e-01   5629661  4.0267548e+01  4.0424225e+01  2.4630484e+01
8.1235262e-01   6687903  3.7517261e+01  3.7360917e+01  2.1586665e+01
8.6035444e-01   7945758  3.5839218e+01  3.5866671e+01  1.8699931e+01
9.1118812e-01   9436555  3.5424067e+01  3.5510299e+01  1.6508917e+01
9.6501980e-01  11210320  3.6415635e+01  3.6243981e+01  1.4257706e+01
1.0220366e+00  13318613  3.9062167e+01  3.9143488e+01  1.2437533e+01
1.0824208e+00  15819192  4.3556439e+01  4.3575970e+01  1.0900759e+01
1.1463741e+00  18795348  4.9851236e+01  4.9667227e+01  9.4751579e+00
1.2141088e+00  22326034  5.7117607e+01  5.6990311e+01  8.2187424e+00
1.2858419e+00  26520842  6.4204091e+01  6.4137019e+01  7.1484995e+00
1.3618105e+00  31503438  6.9574065e+01  6.9651625e+01  6.2221041e+00
1.4422695e+00  37426927  7.2304799e+01  7.2348719e+01  5.4060376e+00
1.5275481e+00  44525830  7.3020877e+01  7.3056433e+01  4.6978823e+00
