# Power spectrum from CO𝘕CEPT job 4701060 at t = 9.3730558 Gyr, a = 0.71428571
#
# Components:
#   0: matter  (upstream grid size 1024)
#
#                           grid size 1024
# ╭────────────────────────────────────────────────────────────────╮
#                         component 0    (corrected)      (linear)
#                        σ₈ = 6.51e-01  σ₈ = 6.51e-01  σ₈ = 6.09e-01
#  k [Mpc⁻¹]    modes       P [Mpc³]       P [Mpc³]       P [Mpc³]
3.0679616e-03         3  2.9609505e+04  2.9609505e+04  2.9601496e+04
5.8212951e-03        25  4.3110460e+04  4.3326214e+04  4.3291398e+04
1.0440195e-02       124  4.9593134e+04  5.0162509e+04  5.0589547e+04
1.6729547e-02       418  4.4889920e+04  4.5300123e+04  4.5256873e+04
2.3240110e-02       730  3.4350408e+04  3.4357171e+04  3.4900638e+04
2.9075630e-02      1012  2.7462644e+04  2.7396106e+04  2.7440274e+04
3.4544381e-02      1408  2.3144562e+04  2.3090696e+04  2.3052724e+04
3.9898901e-02      1841  2.0174056e+04  2.0158073e+04  2.0482310e+04
4.5580519e-02      2698  1.8277745e+04  1.8294629e+04  1.8473800e+04
5.1612543e-02      3532  1.5893791e+04  1.5918790e+04  1.6224234e+04
5.7899473e-02      4702  1.3344415e+04  1.3346949e+04  1.3576340e+04
6.4462744e-02      6019  1.1116496e+04  1.1090092e+04  1.1024057e+04
7.1309305e-02      7766  9.3199429e+03  9.2843596e+03  9.1707782e+03
7.8556104e-02     10012  8.3120036e+03  8.2934671e+03  8.1430794e+03
8.6194331e-02     12589  7.7057383e+03  7.7157321e+03  7.5514576e+03
9.4153926e-02     15650  6.9212355e+03  6.9405184e+03  6.8067753e+03
1.0254095e-01     19757  5.9286061e+03  5.9301729e+03  5.7180274e+03
1.1136076e-01     24241  5.0643975e+03  5.0465068e+03  4.6598094e+03
1.2060245e-01     29993  4.4257380e+03  4.4108998e+03  3.9898542e+03
1.3029316e-01     36494  3.9865201e+03  3.9885871e+03  3.6106520e+03
1.4046583e-01     44825  3.5861493e+03  3.5908852e+03  3.2073209e+03
1.5111985e-01     53906  3.2009568e+03  3.1932153e+03  2.7332073e+03
1.6229170e-01     65729  2.8515762e+03  2.8436072e+03  2.3836917e+03
1.7401323e-01     78746  2.6034093e+03  2.6084003e+03  2.1715120e+03
1.8625264e-01     94374  2.3528759e+03  2.3572846e+03  1.9161809e+03
1.9902230e-01    112166  2.0988924e+03  2.0946471e+03  1.6120862e+03
2.1238854e-01    134373  1.8926833e+03  1.8872200e+03  1.3921577e+03
2.2637810e-01    159077  1.7389046e+03  1.7370944e+03  1.2478628e+03
2.4096993e-01    188172  1.5883316e+03  1.5875560e+03  1.1212364e+03
2.5621802e-01    222492  1.4599898e+03  1.4613919e+03  9.9766684e+02
2.7214102e-01    261771  1.3434427e+03  1.3448113e+03  8.7319522e+02
2.8873063e-01    306759  1.2307533e+03  1.2279778e+03  7.4981711e+02
3.0605468e-01    360898  1.1356720e+03  1.1316492e+03  6.6240547e+02
3.2421519e-01    425046  1.0518029e+03  1.0523412e+03  6.0557223e+02
3.4337900e-01    505555  9.7407498e+02  9.7656546e+02  5.3857287e+02
3.6368055e-01    600292  9.0286097e+02  9.0167878e+02  4.6126150e+02
3.8517334e-01    712930  8.3904556e+02  8.3497161e+02  4.0434981e+02
4.0793004e-01    846715  7.8118904e+02  7.8184842e+02  3.6854882e+02
4.3202621e-01   1005596  7.2611000e+02  7.2853792e+02  3.2309486e+02
4.5754560e-01   1194719  6.7656146e+02  6.7291324e+02  2.7606179e+02
4.8457948e-01   1419743  6.3052226e+02  6.2973820e+02  2.4943279e+02
5.1321525e-01   1686576  5.8929697e+02  5.9185247e+02  2.1948733e+02
5.4354215e-01   2003484  5.4970949e+02  5.4566349e+02  1.8787142e+02
5.7565178e-01   2378778  5.1528064e+02  5.1665313e+02  1.7018005e+02
6.0966698e-01   2828400  4.8288800e+02  4.8274031e+02  1.4584564e+02
6.4568974e-01   3356890  4.5373282e+02  4.5219735e+02  1.2914197e+02
6.8383752e-01   3990317  4.2717488e+02  4.2904469e+02  1.1282770e+02
7.2424344e-01   4738457  4.0325536e+02  4.0106257e+02  9.8641483e+01
7.6703215e-01   5629661  3.8166768e+02  3.8315271e+02  8.6312610e+01
8.1235262e-01   6687903  3.6275736e+02  3.6124566e+02  7.5646141e+01
8.6035444e-01   7945758  3.4558824e+02  3.4585296e+02  6.5530149e+01
9.1118812e-01   9436555  3.3032457e+02  3.3112868e+02  5.7852170e+01
9.6501980e-01  11210320  3.1567204e+02  3.1418403e+02  4.9963244e+01
1.0220366e+00  13318613  3.0173909e+02  3.0236727e+02  4.3584808e+01
1.0824208e+00  15819192  2.8809181e+02  2.8822099e+02  3.8199487e+01
1.1463741e+00  18795348  2.7454610e+02  2.7353270e+02  3.3203751e+01
1.2141088e+00  22326034  2.6113467e+02  2.6055269e+02  2.8800892e+01
1.2858419e+00  26520842  2.4768930e+02  2.4743055e+02  2.5050439e+01
1.3618105e+00  31503438  2.3437856e+02  2.3463985e+02  2.1804071e+01
1.4422695e+00  37426927  2.2131622e+02  2.2145066e+02  1.8944329e+01
1.5275481e+00  44525830  2.0876711e+02  2.0886877e+02  1.6462741e+01
