# Power spectrum from CO𝘕CEPT job 4701060 at t = 4.8106637 Gyr, a = 0.43478261
#
# Components:
#   0: matter  (upstream grid size 1024)
#
#                           grid size 1024
# ╭────────────────────────────────────────────────────────────────╮
#                         component 0    (corrected)      (linear)
#                        σ₈ = 4.15e-01  σ₈ = 4.15e-01  σ₈ = 4.04e-01
#  k [Mpc⁻¹]    modes       P [Mpc³]       P [Mpc³]       P [Mpc³]
3.0679616e-03         3  1.2994360e+04  1.2994360e+04  1.2990519e+04
5.8212951e-03        25  1.8926050e+04  1.9020769e+04  1.9005488e+04
1.0440195e-02       124  2.1856069e+04  2.2106997e+04  2.2218861e+04
1.6729547e-02       418  1.9737271e+04  1.9917630e+04  1.9883262e+04
2.3240110e-02       730  1.5196206e+04  1.5199198e+04  1.5336237e+04
2.9075630e-02      1012  1.2094570e+04  1.2065266e+04  1.2059198e+04
3.4544381e-02      1408  1.0181548e+04  1.0157851e+04  1.0131647e+04
3.9898901e-02      1841  8.9292100e+03  8.9221357e+03  9.0023516e+03
4.5580519e-02      2698  8.0723759e+03  8.0798329e+03  8.1198510e+03
5.1612543e-02      3532  7.0421205e+03  7.0531967e+03  7.1312811e+03
5.7899473e-02      4702  5.9031956e+03  5.9043164e+03  5.9675353e+03
6.4462744e-02      6019  4.8645153e+03  4.8529613e+03  4.8457473e+03
7.1309305e-02      7766  4.0563400e+03  4.0408530e+03  4.0311696e+03
7.8556104e-02     10012  3.6052784e+03  3.5972383e+03  3.5794647e+03
8.6194331e-02     12589  3.3437217e+03  3.3480583e+03  3.3194329e+03
9.4153926e-02     15650  3.0044182e+03  3.0127886e+03  2.9921097e+03
1.0254095e-01     19757  2.5430792e+03  2.5437513e+03  2.5135344e+03
1.1136076e-01     24241  2.1229478e+03  2.1154482e+03  2.0483719e+03
1.2060245e-01     29993  1.8329753e+03  1.8268299e+03  1.7538781e+03
1.3029316e-01     36494  1.6466678e+03  1.6475216e+03  1.5871920e+03
1.4046583e-01     44825  1.4756804e+03  1.4776292e+03  1.4098972e+03
1.5111985e-01     53906  1.2863081e+03  1.2831972e+03  1.2014859e+03
1.6229170e-01     65729  1.1305955e+03  1.1274359e+03  1.0478450e+03
1.7401323e-01     78746  1.0267491e+03  1.0287174e+03  9.5457474e+02
1.8625264e-01     94374  9.1587767e+02  9.1759376e+02  8.4233503e+02
1.9902230e-01    112166  7.9437518e+02  7.9276846e+02  7.0865876e+02
2.1238854e-01    134373  7.0321920e+02  7.0118933e+02  6.1198083e+02
2.2637810e-01    159077  6.3648139e+02  6.3581881e+02  5.4855053e+02
2.4096993e-01    188172  5.7236439e+02  5.7208491e+02  4.9288699e+02
2.5621802e-01    222492  5.1810782e+02  5.1860540e+02  4.3856705e+02
2.7214102e-01    261771  4.6449456e+02  4.6496775e+02  3.8385047e+02
2.8873063e-01    306759  4.1520565e+02  4.1426930e+02  3.2961451e+02
3.0605468e-01    360898  3.7471867e+02  3.7339136e+02  2.9118909e+02
3.2421519e-01    425046  3.4258470e+02  3.4276004e+02  2.6620568e+02
3.4337900e-01    505555  3.0949690e+02  3.1028821e+02  2.3675328e+02
3.6368055e-01    600292  2.7975384e+02  2.7938754e+02  2.0276775e+02
3.8517334e-01    712930  2.5410151e+02  2.5286773e+02  1.7774978e+02
4.0793004e-01    846715  2.3077041e+02  2.3096520e+02  1.6201192e+02
4.3202621e-01   1005596  2.0965146e+02  2.1035248e+02  1.4203066e+02
4.5754560e-01   1194719  1.9019031e+02  1.8916475e+02  1.2135522e+02
4.8457948e-01   1419743  1.7288832e+02  1.7267334e+02  1.0964928e+02
5.1321525e-01   1686576  1.5741686e+02  1.5809950e+02  9.6485440e+01
5.4354215e-01   2003484  1.4332505e+02  1.4227014e+02  8.2587273e+01
5.7565178e-01   2378778  1.3072056e+02  1.3106874e+02  7.4810252e+01
6.0966698e-01   2828400  1.1932476e+02  1.1928827e+02  6.4112983e+01
6.4568974e-01   3356890  1.0913736e+02  1.0876803e+02  5.6770148e+01
6.8383752e-01   3990317  1.0034469e+02  1.0078391e+02  4.9598481e+01
7.2424344e-01   4738457  9.2662093e+01  9.2158223e+01  4.3362300e+01
7.6703215e-01   5629661  8.6425481e+01  8.6761753e+01  3.7942594e+01
8.1235262e-01   6687903  8.1610428e+01  8.1270337e+01  3.3253671e+01
8.6035444e-01   7945758  7.8301336e+01  7.8361314e+01  2.8806735e+01
9.1118812e-01   9436555  7.6676022e+01  7.6862674e+01  2.5431536e+01
9.6501980e-01  11210320  7.6760752e+01  7.6398920e+01  2.1963605e+01
1.0220366e+00  13318613  7.8371348e+01  7.8534505e+01  1.9159678e+01
1.0824208e+00  15819192  8.1260288e+01  8.1296724e+01  1.6792318e+01
1.1463741e+00  18795348  8.4758995e+01  8.4446135e+01  1.4596217e+01
1.2141088e+00  22326034  8.7913589e+01  8.7717660e+01  1.2660743e+01
1.2858419e+00  26520842  8.9998785e+01  8.9904767e+01  1.1012063e+01
1.3618105e+00  31503438  9.0848088e+01  9.0949364e+01  9.5849755e+00
1.4422695e+00  37426927  9.0640296e+01  9.0695353e+01  8.3278470e+00
1.5275481e+00  44525830  8.9880471e+01  8.9924236e+01  7.2369530e+00
