# Power spectrum from CO𝘕CEPT job 4701060 at t = 3.6249528 Gyr, a = 0.35714286
#
# Components:
#   0: matter  (upstream grid size 1024)
#
#                           grid size 1024
# ╭────────────────────────────────────────────────────────────────╮
#                         component 0    (corrected)      (linear)
#                        σ₈ = 3.42e-01  σ₈ = 3.42e-01  σ₈ = 3.36e-01
#  k [Mpc⁻¹]    modes       P [Mpc³]       P [Mpc³]       P [Mpc³]
3.0679616e-03         3  9.0049547e+03  9.0049547e+03  9.0065457e+03
5.8212951e-03        25  1.3117407e+04  1.3183055e+04  1.3179224e+04
1.0440195e-02       124  1.5167046e+04  1.5341177e+04  1.5410485e+04
1.6729547e-02       418  1.3684621e+04  1.3809671e+04  1.3792419e+04
2.3240110e-02       730  1.0556607e+04  1.0558685e+04  1.0639076e+04
2.9075630e-02      1012  8.3887653e+03  8.3684406e+03  8.3660492e+03
3.4544381e-02      1408  7.0590159e+03  7.0425869e+03  7.0289799e+03
3.9898901e-02      1841  6.2030043e+03  6.1980899e+03  6.2456141e+03
4.5580519e-02      2698  5.6034599e+03  5.6086362e+03  5.6334248e+03
5.1612543e-02      3532  4.8930471e+03  4.9007431e+03  4.9476166e+03
5.7899473e-02      4702  4.1000213e+03  4.1007997e+03  4.1402501e+03
6.4462744e-02      6019  3.3679600e+03  3.3599606e+03  3.3619771e+03
7.1309305e-02      7766  2.8050535e+03  2.7943438e+03  2.7968357e+03
7.8556104e-02     10012  2.4907459e+03  2.4851913e+03  2.4834504e+03
8.6194331e-02     12589  2.3091959e+03  2.3121907e+03  2.3030456e+03
9.4153926e-02     15650  2.0746237e+03  2.0804037e+03  2.0759513e+03
1.0254095e-01     19757  1.7508428e+03  1.7513055e+03  1.7439149e+03
1.1136076e-01     24241  1.4522753e+03  1.4471449e+03  1.4211829e+03
1.2060245e-01     29993  1.2495627e+03  1.2453733e+03  1.2168614e+03
1.3029316e-01     36494  1.1221565e+03  1.1227383e+03  1.1012138e+03
1.4046583e-01     44825  1.0034828e+03  1.0048080e+03  9.7820536e+02
1.5111985e-01     53906  8.6876081e+02  8.6665972e+02  8.3360744e+02
1.6229170e-01     65729  7.6063201e+02  7.5850635e+02  7.2700979e+02
1.7401323e-01     78746  6.8987991e+02  6.9120248e+02  6.6229791e+02
1.8625264e-01     94374  6.1276605e+02  6.1391419e+02  5.8442464e+02
1.9902230e-01    112166  5.2676252e+02  5.2569708e+02  4.9167825e+02
2.1238854e-01    134373  4.6287233e+02  4.6153623e+02  4.2460177e+02
2.2637810e-01    159077  4.1714096e+02  4.1670672e+02  3.8059297e+02
2.4096993e-01    188172  3.7354671e+02  3.7336432e+02  3.4197282e+02
2.5621802e-01    222492  3.3606370e+02  3.3638645e+02  3.0428485e+02
2.7214102e-01    261771  2.9876176e+02  2.9906611e+02  2.6632167e+02
2.8873063e-01    306759  2.6433774e+02  2.6374161e+02  2.2869192e+02
3.0605468e-01    360898  2.3694366e+02  2.3610437e+02  2.0203177e+02
3.2421519e-01    425046  2.1548551e+02  2.1559580e+02  1.8469790e+02
3.4337900e-01    505555  1.9309588e+02  1.9358958e+02  1.6426336e+02
3.6368055e-01    600292  1.7248614e+02  1.7226028e+02  1.4068365e+02
3.8517334e-01    712930  1.5508017e+02  1.5432718e+02  1.2332577e+02
4.0793004e-01    846715  1.3982145e+02  1.3993947e+02  1.1240659e+02
4.3202621e-01   1005596  1.2575497e+02  1.2617546e+02  9.8543268e+01
4.5754560e-01   1194719  1.1259964e+02  1.1199247e+02  8.4198302e+01
4.8457948e-01   1419743  1.0126753e+02  1.0114160e+02  7.6076532e+01
5.1321525e-01   1686576  9.1100648e+01  9.1495708e+01  6.6943240e+01
5.4354215e-01   2003484  8.1835892e+01  8.1233560e+01  5.7300459e+01
5.7565178e-01   2378778  7.3684102e+01  7.3880365e+01  5.1904632e+01
6.0966698e-01   2828400  6.6244381e+01  6.6224121e+01  4.4482687e+01
6.4568974e-01   3356890  5.9687369e+01  5.9485383e+01  3.9388104e+01
6.8383752e-01   3990317  5.4032917e+01  5.4269427e+01  3.4412280e+01
7.2424344e-01   4738457  4.9120581e+01  4.8853478e+01  3.0085512e+01
7.6703215e-01   5629661  4.5177316e+01  4.5353096e+01  2.6325228e+01
8.1235262e-01   6687903  4.2194103e+01  4.2018270e+01  2.3071973e+01
8.6035444e-01   7945758  4.0343275e+01  4.0374178e+01  1.9986613e+01
9.1118812e-01   9436555  3.9827054e+01  3.9924004e+01  1.7644842e+01
9.6501980e-01  11210320  4.0777991e+01  4.0585773e+01  1.5238732e+01
1.0220366e+00  13318613  4.3405565e+01  4.3495929e+01  1.3293319e+01
1.0824208e+00  15819192  4.7840219e+01  4.7861671e+01  1.1650804e+01
1.1463741e+00  18795348  5.3916826e+01  5.3717809e+01  1.0127112e+01
1.2141088e+00  22326034  6.0707312e+01  6.0572016e+01  8.7842467e+00
1.2858419e+00  26520842  6.7054470e+01  6.6984421e+01  7.6403638e+00
1.3618105e+00  31503438  7.1649159e+01  7.1729032e+01  6.6502262e+00
1.4422695e+00  37426927  7.3889247e+01  7.3934130e+01  5.7780087e+00
1.5275481e+00  44525830  7.4461284e+01  7.4497541e+01  5.0211276e+00
