# Power spectrum from CO𝘕CEPT job 4701060 at t = 11.277962 Gyr, a = 0.83333333
#
# Components:
#   0: matter  (upstream grid size 1024)
#
#                           grid size 1024
# ╭────────────────────────────────────────────────────────────────╮
#                         component 0    (corrected)      (linear)
#                        σ₈ = 7.32e-01  σ₈ = 7.32e-01  σ₈ = 6.76e-01
#  k [Mpc⁻¹]    modes       P [Mpc³]       P [Mpc³]       P [Mpc³]
3.0679616e-03         3  3.6491688e+04  3.6491688e+04  3.6487037e+04
5.8212951e-03        25  5.3124863e+04  5.3390736e+04  5.3356501e+04
1.0440195e-02       124  6.1034429e+04  6.1735161e+04  6.2344899e+04
1.6729547e-02       418  5.5281965e+04  5.5787130e+04  5.5768186e+04
2.3240110e-02       730  4.2215492e+04  4.2223804e+04  4.3004344e+04
2.9075630e-02      1012  3.3797492e+04  3.3715606e+04  3.3810731e+04
3.4544381e-02      1408  2.8492690e+04  2.8426376e+04  2.8404043e+04
3.9898901e-02      1841  2.4786420e+04  2.4766782e+04  2.5236614e+04
4.5580519e-02      2698  2.2471624e+04  2.2492382e+04  2.2761656e+04
5.1612543e-02      3532  1.9518937e+04  1.9549637e+04  1.9989791e+04
5.7899473e-02      4702  1.6398303e+04  1.6401417e+04  1.6727228e+04
6.4462744e-02      6019  1.3712932e+04  1.3680361e+04  1.3582525e+04
7.1309305e-02      7766  1.1523248e+04  1.1479253e+04  1.1299090e+04
7.8556104e-02     10012  1.0290272e+04  1.0267324e+04  1.0032854e+04
8.6194331e-02     12589  9.5346010e+03  9.5469666e+03  9.3039085e+03
9.4153926e-02     15650  8.5602000e+03  8.5840491e+03  8.3863905e+03
1.0254095e-01     19757  7.3662164e+03  7.3681632e+03  7.0449689e+03
1.1136076e-01     24241  6.3436942e+03  6.3212842e+03  5.7411688e+03
1.2060245e-01     29993  5.5668691e+03  5.5482050e+03  4.9157368e+03
1.3029316e-01     36494  5.0213117e+03  5.0239152e+03  4.4485324e+03
1.4046583e-01     44825  4.5209359e+03  4.5269062e+03  3.9516014e+03
1.5111985e-01     53906  4.0661624e+03  4.0563284e+03  3.3674639e+03
1.6229170e-01     65729  3.6390174e+03  3.6288478e+03  2.9368392e+03
1.7401323e-01     78746  3.3298701e+03  3.3362537e+03  2.6754205e+03
1.8625264e-01     94374  3.0204014e+03  3.0260607e+03  2.3608377e+03
1.9902230e-01    112166  2.7189980e+03  2.7134985e+03  1.9861758e+03
2.1238854e-01    134373  2.4638384e+03  2.4567265e+03  1.7152116e+03
2.2637810e-01    159077  2.2740861e+03  2.2717188e+03  1.5374322e+03
2.4096993e-01    188172  2.0885393e+03  2.0875195e+03  1.3814215e+03
2.5621802e-01    222492  1.9272593e+03  1.9291102e+03  1.2291770e+03
2.7214102e-01    261771  1.7852878e+03  1.7871065e+03  1.0758214e+03
2.8873063e-01    306759  1.6469583e+03  1.6432442e+03  9.2381302e+02
3.0605468e-01    360898  1.5306580e+03  1.5252362e+03  8.1611728e+02
3.2421519e-01    425046  1.4222463e+03  1.4229743e+03  7.4609572e+02
3.4337900e-01    505555  1.3260784e+03  1.3294689e+03  6.6354902e+02
3.6368055e-01    600292  1.2370355e+03  1.2354157e+03  5.6829744e+02
3.8517334e-01    712930  1.1555130e+03  1.1499024e+03  4.9817931e+02
4.0793004e-01    846715  1.0829335e+03  1.0838476e+03  4.5407065e+02
4.3202621e-01   1005596  1.0119134e+03  1.0152969e+03  3.9806906e+02
4.5754560e-01   1194719  9.4887316e+02  9.4375655e+02  3.4012193e+02
4.8457948e-01   1419743  8.8887626e+02  8.8777094e+02  3.0731365e+02
5.1321525e-01   1686576  8.3608195e+02  8.3970764e+02  2.7041933e+02
5.4354215e-01   2003484  7.8343475e+02  7.7766848e+02  2.3146694e+02
5.7565178e-01   2378778  7.3837432e+02  7.4034103e+02  2.0967028e+02
6.0966698e-01   2828400  6.9491237e+02  6.9469984e+02  1.7968907e+02
6.4568974e-01   3356890  6.5543563e+02  6.5321759e+02  1.5910932e+02
6.8383752e-01   3990317  6.1873149e+02  6.2143977e+02  1.3900931e+02
7.2424344e-01   4738457  5.8524619e+02  5.8206379e+02  1.2153119e+02
7.6703215e-01   5629661  5.5417877e+02  5.5633502e+02  1.0634140e+02
8.1235262e-01   6687903  5.2574580e+02  5.2355488e+02  9.3199783e+01
8.6035444e-01   7945758  4.9913784e+02  4.9952018e+02  8.0736378e+01
9.1118812e-01   9436555  4.7420955e+02  4.7536392e+02  7.1276727e+01
9.6501980e-01  11210320  4.4995116e+02  4.4783020e+02  6.1557178e+01
1.0220366e+00  13318613  4.2648623e+02  4.2737411e+02  5.3698630e+01
1.0824208e+00  15819192  4.0326889e+02  4.0344971e+02  4.7063647e+01
1.1463741e+00  18795348  3.8076840e+02  3.7936292e+02  4.0908653e+01
1.2141088e+00  22326034  3.5860706e+02  3.5780785e+02  3.5484113e+01
1.2858419e+00  26520842  3.3695942e+02  3.3660741e+02  3.0863370e+01
1.3618105e+00  31503438  3.1605430e+02  3.1640663e+02  2.6863684e+01
1.4422695e+00  37426927  2.9571315e+02  2.9589277e+02  2.3340341e+01
1.5275481e+00  44525830  2.7626364e+02  2.7639816e+02  2.0282902e+01
