# Power spectrum from CO𝘕CEPT job 4701060 at t = 4.5276054 Gyr, a = 0.41666667
#
# Components:
#   0: matter  (upstream grid size 1024)
#
#                           grid size 1024
# ╭────────────────────────────────────────────────────────────────╮
#                         component 0    (corrected)      (linear)
#                        σ₈ = 3.98e-01  σ₈ = 3.98e-01  σ₈ = 3.88e-01
#  k [Mpc⁻¹]    modes       P [Mpc³]       P [Mpc³]       P [Mpc³]
3.0679616e-03         3  1.2017534e+04  1.2017534e+04  1.2015888e+04
5.8212951e-03        25  1.7503849e+04  1.7591450e+04  1.7580246e+04
1.0440195e-02       124  2.0219456e+04  2.0451594e+04  2.0553482e+04
1.6729547e-02       418  1.8255714e+04  1.8422534e+04  1.8393482e+04
2.3240110e-02       730  1.4061810e+04  1.4064578e+04  1.4187381e+04
2.9075630e-02      1012  1.1187732e+04  1.1160626e+04  1.1155925e+04
3.4544381e-02      1408  9.4172801e+03  9.3953625e+03  9.3728032e+03
3.9898901e-02      1841  8.2627008e+03  8.2561545e+03  8.3281197e+03
4.5580519e-02      2698  7.4685245e+03  7.4754237e+03  7.5117346e+03
5.1612543e-02      3532  6.5168071e+03  6.5270570e+03  6.5972150e+03
5.7899473e-02      4702  5.4622997e+03  5.4633368e+03  5.5206317e+03
6.4462744e-02      6019  4.4978406e+03  4.4871575e+03  4.4828591e+03
7.1309305e-02      7766  3.7494530e+03  3.7351377e+03  3.7292872e+03
7.8556104e-02     10012  3.3317592e+03  3.3243291e+03  3.3114117e+03
8.6194331e-02     12589  3.0898555e+03  3.0938628e+03  3.0708548e+03
9.4153926e-02     15650  2.7762560e+03  2.7839908e+03  2.7680449e+03
1.0254095e-01     19757  2.3482369e+03  2.3488575e+03  2.3253088e+03
1.1136076e-01     24241  1.9572935e+03  1.9503791e+03  1.8949806e+03
1.2060245e-01     29993  1.6885537e+03  1.6828924e+03  1.6225403e+03
1.3029316e-01     36494  1.5167677e+03  1.5175542e+03  1.4683367e+03
1.4046583e-01     44825  1.3586597e+03  1.3604540e+03  1.3043188e+03
1.5111985e-01     53906  1.1823697e+03  1.1795101e+03  1.1115142e+03
1.6229170e-01     65729  1.0382771e+03  1.0353755e+03  9.6937871e+02
1.7401323e-01     78746  9.4261887e+02  9.4442596e+02  8.8309295e+02
1.8625264e-01     94374  8.3999004e+02  8.4156394e+02  7.7925822e+02
1.9902230e-01    112166  7.2704996e+02  7.2557941e+02  6.5559213e+02
2.1238854e-01    134373  6.4254923e+02  6.4069448e+02  5.6615379e+02
2.2637810e-01    159077  5.8097127e+02  5.8036647e+02  5.0747339e+02
2.4096993e-01    188172  5.2191400e+02  5.2165916e+02  4.5597813e+02
2.5621802e-01    222492  4.7178832e+02  4.7224142e+02  4.0572585e+02
2.7214102e-01    261771  4.2213037e+02  4.2256040e+02  3.5510664e+02
2.8873063e-01    306759  3.7649538e+02  3.7564632e+02  3.0493203e+02
3.0605468e-01    360898  3.3924654e+02  3.3804488e+02  2.6938402e+02
3.2421519e-01    425046  3.0977656e+02  3.0993511e+02  2.4627145e+02
3.4337900e-01    505555  2.7932393e+02  2.8003809e+02  2.1902454e+02
3.6368055e-01    600292  2.5184629e+02  2.5151653e+02  1.8758395e+02
3.8517334e-01    712930  2.2824068e+02  2.2713247e+02  1.6443939e+02
4.0793004e-01    846715  2.0691922e+02  2.0709387e+02  1.4988003e+02
4.3202621e-01   1005596  1.8756903e+02  1.8819622e+02  1.3139502e+02
4.5754560e-01   1194719  1.6969644e+02  1.6878138e+02  1.1226781e+02
4.8457948e-01   1419743  1.5389076e+02  1.5369940e+02  1.0143845e+02
5.1321525e-01   1686576  1.3975785e+02  1.4036391e+02  8.9260354e+01
5.4354215e-01   2003484  1.2687598e+02  1.2594214e+02  7.6402920e+01
5.7565178e-01   2378778  1.1541078e+02  1.1571819e+02  6.9208264e+01
6.0966698e-01   2828400  1.0500330e+02  1.0497118e+02  5.9312035e+01
6.4568974e-01   3356890  9.5735405e+01  9.5411430e+01  5.2519051e+01
6.8383752e-01   3990317  8.7752487e+01  8.8136592e+01  4.5884418e+01
7.2424344e-01   4738457  8.0774341e+01  8.0335113e+01  4.0115219e+01
7.6703215e-01   5629661  7.5138768e+01  7.5431125e+01  3.5101355e+01
8.1235262e-01   6687903  7.0815949e+01  7.0520841e+01  3.0763551e+01
8.6035444e-01   7945758  6.7912010e+01  6.7964030e+01  2.6649613e+01
9.1118812e-01   9436555  6.6632644e+01  6.6794847e+01  2.3527158e+01
9.6501980e-01  11210320  6.7031140e+01  6.6715171e+01  2.0318914e+01
1.0220366e+00  13318613  6.9028422e+01  6.9172129e+01  1.7724953e+01
1.0824208e+00  15819192  7.2451565e+01  7.2484052e+01  1.5534867e+01
1.1463741e+00  18795348  7.6703302e+01  7.6420177e+01  1.3503216e+01
1.2141088e+00  22326034  8.0762757e+01  8.0582765e+01  1.1712675e+01
1.2858419e+00  26520842  8.3774519e+01  8.3687003e+01  1.0187452e+01
1.3618105e+00  31503438  8.5389405e+01  8.5484595e+01  8.8672291e+00
1.4422695e+00  37426927  8.5739597e+01  8.5791677e+01  7.7042377e+00
1.5275481e+00  44525830  8.5379818e+01  8.5421392e+01  6.6950326e+00
