# Power spectrum from CO𝘕CEPT job 4701060 at t = 7.9068012 Gyr, a = 0.625
#
# Components:
#   0: matter  (upstream grid size 1024)
#
#                           grid size 1024
# ╭────────────────────────────────────────────────────────────────╮
#                         component 0    (corrected)      (linear)
#                        σ₈ = 5.82e-01  σ₈ = 5.82e-01  σ₈ = 5.51e-01
#  k [Mpc⁻¹]    modes       P [Mpc³]       P [Mpc³]       P [Mpc³]
3.0679616e-03         3  2.4202102e+04  2.4202102e+04  2.4192326e+04
5.8212951e-03        25  3.5240848e+04  3.5417217e+04  3.5383766e+04
1.0440195e-02       124  4.0585179e+04  4.1051134e+04  4.1353063e+04
1.6729547e-02       418  3.6713890e+04  3.7049381e+04  3.6997086e+04
2.3240110e-02       730  2.8143902e+04  2.8149443e+04  2.8532363e+04
2.9075630e-02      1012  2.2472759e+04  2.2418312e+04  2.2433891e+04
3.4544381e-02      1408  1.8933616e+04  1.8889550e+04  1.8847158e+04
3.9898901e-02      1841  1.6532381e+04  1.6519283e+04  1.6745872e+04
4.5580519e-02      2698  1.4969471e+04  1.4983299e+04  1.5103900e+04
5.1612543e-02      3532  1.3029385e+04  1.3049878e+04  1.3264786e+04
5.7899473e-02      4702  1.0934010e+04  1.0936086e+04  1.1099955e+04
6.4462744e-02      6019  9.0790610e+03  9.0574968e+03  9.0132607e+03
7.1309305e-02      7766  7.5980992e+03  7.5690898e+03  7.4980481e+03
7.8556104e-02     10012  6.7692772e+03  6.7541811e+03  6.6578189e+03
8.6194331e-02     12589  6.2776167e+03  6.2857583e+03  6.1741211e+03
9.4153926e-02     15650  5.6399033e+03  5.6556164e+03  5.5652748e+03
1.0254095e-01     19757  4.8129666e+03  4.8142386e+03  4.6751133e+03
1.1136076e-01     24241  4.0830640e+03  4.0686399e+03  3.8099094e+03
1.2060245e-01     29993  3.5554386e+03  3.5435183e+03  3.2621506e+03
1.3029316e-01     36494  3.1993837e+03  3.2010426e+03  2.9521134e+03
1.4046583e-01     44825  2.8758436e+03  2.8796415e+03  2.6223470e+03
1.5111985e-01     53906  2.5494285e+03  2.5432627e+03  2.2347072e+03
1.6229170e-01     65729  2.2621854e+03  2.2558635e+03  1.9489396e+03
1.7401323e-01     78746  2.0616667e+03  2.0656191e+03  1.7754594e+03
1.8625264e-01     94374  1.8567670e+03  1.8602461e+03  1.5666977e+03
1.9902230e-01    112166  1.6430865e+03  1.6397632e+03  1.3180659e+03
2.1238854e-01    134373  1.4749469e+03  1.4706894e+03  1.1382494e+03
2.2637810e-01    159077  1.3493497e+03  1.3479450e+03  1.0202720e+03
2.4096993e-01    188172  1.2267221e+03  1.2261231e+03  9.1674051e+02
2.5621802e-01    222492  1.1233732e+03  1.1244520e+03  8.1570823e+02
2.7214102e-01    261771  1.0266662e+03  1.0277121e+03  7.1393839e+02
2.8873063e-01    306759  9.3459207e+02  9.3248441e+02  6.1306257e+02
3.0605468e-01    360898  8.5690755e+02  8.5387224e+02  5.4159348e+02
3.2421519e-01    425046  7.9130983e+02  7.9171485e+02  4.9512576e+02
3.4337900e-01    505555  7.2803441e+02  7.2989583e+02  4.4034604e+02
3.6368055e-01    600292  6.7079186e+02  6.6991354e+02  3.7713502e+02
3.8517334e-01    712930  6.2017193e+02  6.1716071e+02  3.3060312e+02
4.0793004e-01    846715  5.7360195e+02  5.7408611e+02  3.0133166e+02
4.3202621e-01   1005596  5.3042442e+02  5.3219802e+02  2.6416776e+02
4.5754560e-01   1194719  4.9111619e+02  4.8846795e+02  2.2571275e+02
4.8457948e-01   1419743  4.5514141e+02  4.5457544e+02  2.0394045e+02
5.1321525e-01   1686576  4.2264657e+02  4.2447939e+02  1.7945654e+02
5.4354215e-01   2003484  3.9266146e+02  3.8977138e+02  1.5360685e+02
5.7565178e-01   2378778  3.6567894e+02  3.6665295e+02  1.3914209e+02
6.0966698e-01   2828400  3.4122209e+02  3.4111773e+02  1.1924587e+02
6.4568974e-01   3356890  3.1900974e+02  3.1793019e+02  1.0558868e+02
6.8383752e-01   3990317  2.9914577e+02  3.0045518e+02  9.2249847e+01
7.2424344e-01   4738457  2.8154459e+02  2.8001364e+02  8.0650960e+01
7.6703215e-01   5629661  2.6628444e+02  2.6732053e+02  7.0570666e+01
8.1235262e-01   6687903  2.5315948e+02  2.5210450e+02  6.1849580e+01
8.6035444e-01   7945758  2.4203190e+02  2.4221729e+02  5.3578574e+01
9.1118812e-01   9436555  2.3279631e+02  2.3336301e+02  4.7300928e+01
9.6501980e-01  11210320  2.2451011e+02  2.2345182e+02  4.0850808e+01
1.0220366e+00  13318613  2.1711082e+02  2.1756282e+02  3.5635690e+01
1.0824208e+00  15819192  2.0986521e+02  2.0995931e+02  3.1232560e+01
1.1463741e+00  18795348  2.0265521e+02  2.0190718e+02  2.7147960e+01
1.2141088e+00  22326034  1.9515869e+02  1.9472375e+02  2.3548108e+01
1.2858419e+00  26520842  1.8731345e+02  1.8711777e+02  2.0481674e+01
1.3618105e+00  31503438  1.7925292e+02  1.7945275e+02  1.7827388e+01
1.4422695e+00  37426927  1.7120868e+02  1.7131268e+02  1.5489214e+01
1.5275481e+00  44525830  1.6324139e+02  1.6332087e+02  1.3460225e+01
