# Power spectrum from CO𝘕CEPT job 4701060 at t = 7.2998856 Gyr, a = 0.58823529
#
# Components:
#   0: matter  (upstream grid size 1024)
#
#                           grid size 1024
# ╭────────────────────────────────────────────────────────────────╮
#                         component 0    (corrected)      (linear)
#                        σ₈ = 5.51e-01  σ₈ = 5.51e-01  σ₈ = 5.25e-01
#  k [Mpc⁻¹]    modes       P [Mpc³]       P [Mpc³]       P [Mpc³]
3.0679616e-03         3  2.1963746e+04  2.1963746e+04  2.1951998e+04
5.8212951e-03        25  3.1982950e+04  3.2143014e+04  3.2108464e+04
1.0440195e-02       124  3.6851305e+04  3.7274392e+04  3.7527066e+04
1.6729547e-02       418  3.3326686e+04  3.3631225e+04  3.3575427e+04
2.3240110e-02       730  2.5567445e+04  2.5572479e+04  2.5894158e+04
2.9075630e-02      1012  2.0403984e+04  2.0354549e+04  2.0359829e+04
3.4544381e-02      1408  1.7188296e+04  1.7148292e+04  1.7104833e+04
3.9898901e-02      1841  1.5020102e+04  1.5008202e+04  1.5197884e+04
4.5580519e-02      2698  1.3596503e+04  1.3609063e+04  1.3707754e+04
5.1612543e-02      3532  1.1839286e+04  1.1857908e+04  1.2038680e+04
5.7899473e-02      4702  9.9332211e+03  9.9351071e+03  1.0073978e+04
6.4462744e-02      6019  8.2364227e+03  8.2168598e+03  8.1801747e+03
7.1309305e-02      7766  6.8878486e+03  6.8615510e+03  6.8050226e+03
7.8556104e-02     10012  6.1337468e+03  6.1200680e+03  6.0424616e+03
8.6194331e-02     12589  5.6888215e+03  5.6961995e+03  5.6034762e+03
9.4153926e-02     15650  5.1112784e+03  5.1255187e+03  5.0509072e+03
1.0254095e-01     19757  4.3549416e+03  4.3560925e+03  4.2430214e+03
1.1136076e-01     24241  3.6833734e+03  3.6703613e+03  3.4577851e+03
1.2060245e-01     29993  3.2023746e+03  3.1916380e+03  2.9606535e+03
1.3029316e-01     36494  2.8805711e+03  2.8820646e+03  2.6792719e+03
1.4046583e-01     44825  2.5882486e+03  2.5916667e+03  2.3799841e+03
1.5111985e-01     53906  2.2874279e+03  2.2818958e+03  2.0281714e+03
1.6229170e-01     65729  2.0261683e+03  2.0205060e+03  1.7688155e+03
1.7401323e-01     78746  1.8452471e+03  1.8487846e+03  1.6113689e+03
1.8625264e-01     94374  1.6591139e+03  1.6622226e+03  1.4219016e+03
1.9902230e-01    112166  1.4629369e+03  1.4599779e+03  1.1962488e+03
2.1238854e-01    134373  1.3103688e+03  1.3065863e+03  1.0330513e+03
2.2637810e-01    159077  1.1964456e+03  1.1952001e+03  9.2597758e+02
2.4096993e-01    188172  1.0854864e+03  1.0849564e+03  8.3201466e+02
2.5621802e-01    222492  9.9221906e+02  9.9317197e+02  7.4031993e+02
2.7214102e-01    261771  9.0383016e+02  9.0475091e+02  6.4795578e+02
2.8873063e-01    306759  8.2037269e+02  8.1852261e+02  5.5640300e+02
3.0605468e-01    360898  7.5002530e+02  7.4736859e+02  4.9153915e+02
3.2421519e-01    425046  6.9158562e+02  6.9193960e+02  4.4936602e+02
3.4337900e-01    505555  6.3430037e+02  6.3592213e+02  3.9964908e+02
3.6368055e-01    600292  5.8275046e+02  5.8198741e+02  3.4228007e+02
3.8517334e-01    712930  5.3737575e+02  5.3476654e+02  3.0004867e+02
4.0793004e-01    846715  4.9542889e+02  4.9584707e+02  2.7348250e+02
4.3202621e-01   1005596  4.5693148e+02  4.5845934e+02  2.3975331e+02
4.5754560e-01   1194719  4.2174228e+02  4.1946812e+02  2.0485233e+02
4.8457948e-01   1419743  3.8971816e+02  3.8923354e+02  1.8509223e+02
5.1321525e-01   1686576  3.6078423e+02  3.6234878e+02  1.6287114e+02
5.4354215e-01   2003484  3.3438908e+02  3.3192790e+02  1.3941048e+02
5.7565178e-01   2378778  3.1035968e+02  3.1118634e+02  1.2628256e+02
6.0966698e-01   2828400  2.8887836e+02  2.8879001e+02  1.0822515e+02
6.4568974e-01   3356890  2.6928913e+02  2.6837784e+02  9.5830159e+01
6.8383752e-01   3990317  2.5191128e+02  2.5301393e+02  8.3724108e+01
7.2424344e-01   4738457  2.3663670e+02  2.3534994e+02  7.3197192e+01
7.6703215e-01   5629661  2.2356352e+02  2.2443339e+02  6.4048521e+01
8.1235262e-01   6687903  2.1249098e+02  2.1160548e+02  5.6133439e+01
8.6035444e-01   7945758  2.0342251e+02  2.0357833e+02  4.8626840e+01
9.1118812e-01   9436555  1.9622551e+02  1.9670318e+02  4.2929375e+01
9.6501980e-01  11210320  1.9022331e+02  1.8932664e+02  3.7075376e+01
1.0220366e+00  13318613  1.8516060e+02  1.8554608e+02  3.2342240e+01
1.0824208e+00  15819192  1.8033044e+02  1.8041130e+02  2.8346047e+01
1.1463741e+00  18795348  1.7552312e+02  1.7487523e+02  2.4638947e+01
1.2141088e+00  22326034  1.7024702e+02  1.6986760e+02  2.1371793e+01
1.2858419e+00  26520842  1.6451810e+02  1.6434624e+02  1.8588759e+01
1.3618105e+00  31503438  1.5844557e+02  1.5862220e+02  1.6179782e+01
1.4422695e+00  37426927  1.5224331e+02  1.5233579e+02  1.4057703e+01
1.5275481e+00  44525830  1.4595455e+02  1.4602562e+02  1.2216233e+01
