# Power spectrum from CO𝘕CEPT job 4701060 at t = 5.8533978 Gyr, a = 0.5
#
# Components:
#   0: matter  (upstream grid size 1024)
#
#                           grid size 1024
# ╭────────────────────────────────────────────────────────────────╮
#                         component 0    (corrected)      (linear)
#                        σ₈ = 4.75e-01  σ₈ = 4.75e-01  σ₈ = 4.57e-01
#  k [Mpc⁻¹]    modes       P [Mpc³]       P [Mpc³]       P [Mpc³]
3.0679616e-03         3  1.6687765e+04  1.6687765e+04  1.6676512e+04
5.8212951e-03        25  2.4303035e+04  2.4424664e+04  2.4395281e+04
1.0440195e-02       124  2.8037582e+04  2.8359479e+04  2.8516239e+04
1.6729547e-02       418  2.5336300e+04  2.5567823e+04  2.5516230e+04
2.3240110e-02       730  1.9476398e+04  1.9480233e+04  1.9679956e+04
2.9075630e-02      1012  1.5520025e+04  1.5482423e+04  1.5474307e+04
3.4544381e-02      1408  1.3069253e+04  1.3038836e+04  1.3000652e+04
3.9898901e-02      1841  1.1443544e+04  1.1434478e+04  1.1551430e+04
4.5580519e-02      2698  1.0351568e+04  1.0361130e+04  1.0418947e+04
5.1612543e-02      3532  9.0231732e+03  9.0373652e+03  9.1504026e+03
5.7899473e-02      4702  7.5666381e+03  7.5680748e+03  7.6571163e+03
6.4462744e-02      6019  6.2520167e+03  6.2371671e+03  6.2176910e+03
7.1309305e-02      7766  5.2194223e+03  5.1994947e+03  5.1724698e+03
7.8556104e-02     10012  4.6428468e+03  4.6324928e+03  4.5928660e+03
8.6194331e-02     12589  4.3064881e+03  4.3120733e+03  4.2592057e+03
9.4153926e-02     15650  3.8695941e+03  3.8803750e+03  3.8392063e+03
1.0254095e-01     19757  3.2844007e+03  3.2852688e+03  3.2251366e+03
1.1136076e-01     24241  2.7571855e+03  2.7474454e+03  2.6282796e+03
1.2060245e-01     29993  2.3877045e+03  2.3796992e+03  2.2504103e+03
1.3029316e-01     36494  2.1460173e+03  2.1471300e+03  2.0365327e+03
1.4046583e-01     44825  1.9257807e+03  1.9283239e+03  1.8090437e+03
1.5111985e-01     53906  1.6886797e+03  1.6845957e+03  1.5416294e+03
1.6229170e-01     65729  1.4892368e+03  1.4850750e+03  1.3444918e+03
1.7401323e-01     78746  1.3540071e+03  1.3566029e+03  1.2248160e+03
1.8625264e-01     94374  1.2120876e+03  1.2143587e+03  1.0808007e+03
1.9902230e-01    112166  1.0589658e+03  1.0568239e+03  9.0928026e+02
2.1238854e-01    134373  9.4265289e+02  9.3993188e+02  7.8523256e+02
2.2637810e-01    159077  8.5640362e+02  8.5551210e+02  7.0384498e+02
2.4096993e-01    188172  7.7303727e+02  7.7265981e+02  6.3242297e+02
2.5621802e-01    222492  7.0297492e+02  7.0365004e+02  5.6272499e+02
2.7214102e-01    261771  6.3470256e+02  6.3534914e+02  4.9251812e+02
2.8873063e-01    306759  5.7146704e+02  5.7017828e+02  4.2292795e+02
3.0605468e-01    360898  5.1865280e+02  5.1681565e+02  3.7362430e+02
3.2421519e-01    425046  4.7612020e+02  4.7636390e+02  3.4156809e+02
3.4337900e-01    505555  4.3304398e+02  4.3415117e+02  3.0377773e+02
3.6368055e-01    600292  3.9453638e+02  3.9401978e+02  2.6017094e+02
3.8517334e-01    712930  3.6098573e+02  3.5923298e+02  2.2807040e+02
4.0793004e-01    846715  3.2997540e+02  3.3025392e+02  2.0787717e+02
4.3202621e-01   1005596  3.0195099e+02  3.0296064e+02  1.8223924e+02
4.5754560e-01   1194719  2.7621787e+02  2.7472842e+02  1.5571061e+02
4.8457948e-01   1419743  2.5306203e+02  2.5274735e+02  1.4069075e+02
5.1321525e-01   1686576  2.3227847e+02  2.3328575e+02  1.2380024e+02
5.4354215e-01   2003484  2.1343535e+02  2.1186441e+02  1.0596753e+02
5.7565178e-01   2378778  1.9627447e+02  1.9679726e+02  9.5988852e+01
6.0966698e-01   2828400  1.8100897e+02  1.8095361e+02  8.2263209e+01
6.4568974e-01   3356890  1.6716096e+02  1.6659528e+02  7.2841632e+01
6.8383752e-01   3990317  1.5506903e+02  1.5574779e+02  6.3639683e+01
7.2424344e-01   4738457  1.4455331e+02  1.4376727e+02  5.5638053e+01
7.6703215e-01   5629661  1.3578753e+02  1.3631587e+02  4.8684041e+01
8.1235262e-01   6687903  1.2877879e+02  1.2824214e+02  4.2667695e+01
8.6035444e-01   7945758  1.2356267e+02  1.2365732e+02  3.6961842e+01
9.1118812e-01   9436555  1.2016570e+02  1.2045822e+02  3.2631132e+01
9.6501980e-01  11210320  1.1843183e+02  1.1787357e+02  2.8181438e+01
1.0220366e+00  13318613  1.1788253e+02  1.1812795e+02  2.4583726e+01
1.0824208e+00  15819192  1.1810413e+02  1.1815708e+02  2.1546173e+01
1.1463741e+00  18795348  1.1840711e+02  1.1797005e+02  1.8728362e+01
1.2141088e+00  22326034  1.1817036e+02  1.1790700e+02  1.6244960e+01
1.2858419e+00  26520842  1.1703628e+02  1.1691402e+02  1.4129542e+01
1.3618105e+00  31503438  1.1522079e+02  1.1534924e+02  1.2298451e+01
1.4422695e+00  37426927  1.1281640e+02  1.1288493e+02  1.0685433e+01
1.5275481e+00  44525830  1.1006910e+02  1.1012269e+02  9.2857094e+00
