# Power spectrum from CO𝘕CEPT job 4701060 at t = 10.261595 Gyr, a = 0.76923077
#
# Components:
#   0: matter  (upstream grid size 1024)
#
#                           grid size 1024
# ╭────────────────────────────────────────────────────────────────╮
#                         component 0    (corrected)      (linear)
#                        σ₈ = 6.90e-01  σ₈ = 6.90e-01  σ₈ = 6.41e-01
#  k [Mpc⁻¹]    modes       P [Mpc³]       P [Mpc³]       P [Mpc³]
3.0679616e-03         3  3.2851974e+04  3.2851974e+04  3.2843204e+04
5.8212951e-03        25  4.7828862e+04  4.8068231e+04  4.8030174e+04
1.0440195e-02       124  5.4986754e+04  5.5618052e+04  5.6124260e+04
1.6729547e-02       418  4.9788004e+04  5.0242966e+04  5.0205987e+04
2.3240110e-02       730  3.8060623e+04  3.8068117e+04  3.8716225e+04
2.9075630e-02      1012  3.0449503e+04  3.0375729e+04  3.0439799e+04
3.4544381e-02      1408  2.5665923e+04  2.5606188e+04  2.5572405e+04
3.9898901e-02      1841  2.2350208e+04  2.2332501e+04  2.2720895e+04
4.5580519e-02      2698  2.0255965e+04  2.0274677e+04  2.0492764e+04
5.1612543e-02      3532  1.7604549e+04  1.7632238e+04  1.7997275e+04
5.7899473e-02      4702  1.4785142e+04  1.4787950e+04  1.5059963e+04
6.4462744e-02      6019  1.2339403e+04  1.2310095e+04  1.2228737e+04
7.1309305e-02      7766  1.0356459e+04  1.0316918e+04  1.0172916e+04
7.8556104e-02     10012  9.2420509e+03  9.2214403e+03  9.0329008e+03
8.6194331e-02     12589  8.5659175e+03  8.5770268e+03  8.3766194e+03
9.4153926e-02     15650  7.6923721e+03  7.7138034e+03  7.5505560e+03
1.0254095e-01     19757  6.6035810e+03  6.6053262e+03  6.3428342e+03
1.1136076e-01     24241  5.6630835e+03  5.6430778e+03  5.1689812e+03
1.2060245e-01     29993  4.9589060e+03  4.9422802e+03  4.4258180e+03
1.3029316e-01     36494  4.4696280e+03  4.4719455e+03  4.0051790e+03
1.4046583e-01     44825  4.0223970e+03  4.0277090e+03  3.5577752e+03
1.5111985e-01     53906  3.6037760e+03  3.5950603e+03  3.0318556e+03
1.6229170e-01     65729  3.2175687e+03  3.2085769e+03  2.6441487e+03
1.7401323e-01     78746  2.9407055e+03  2.9463431e+03  2.4087842e+03
1.8625264e-01     94374  2.6625229e+03  2.6675116e+03  2.1255537e+03
1.9902230e-01    112166  2.3856861e+03  2.3808608e+03  1.7882315e+03
2.1238854e-01    134373  2.1564429e+03  2.1502182e+03  1.5442721e+03
2.2637810e-01    159077  1.9857415e+03  1.9836744e+03  1.3842106e+03
2.4096993e-01    188172  1.8186198e+03  1.8177318e+03  1.2437482e+03
2.5621802e-01    222492  1.6748938e+03  1.6765024e+03  1.1066767e+03
2.7214102e-01    261771  1.5464452e+03  1.5480206e+03  9.6860461e+02
2.8873063e-01    306759  1.4216168e+03  1.4184108e+03  8.3174555e+02
3.0605468e-01    360898  1.3164052e+03  1.3117423e+03  7.3478287e+02
3.2421519e-01    425046  1.2210834e+03  1.2217084e+03  6.7173972e+02
3.4337900e-01    505555  1.1346861e+03  1.1375872e+03  5.9741968e+02
3.6368055e-01    600292  1.0550446e+03  1.0536631e+03  5.1166090e+02
3.8517334e-01    712930  9.8302183e+02  9.7824881e+02  4.4853078e+02
4.0793004e-01    846715  9.1828217e+02  9.1905727e+02  4.0881800e+02
4.3202621e-01   1005596  8.5575774e+02  8.5861917e+02  3.5839754e+02
4.5754560e-01   1194719  7.9989841e+02  7.9558512e+02  3.0622543e+02
4.8457948e-01   1419743  7.4745615e+02  7.4652669e+02  2.7668683e+02
5.1321525e-01   1686576  7.0087319e+02  7.0391254e+02  2.4346940e+02
5.4354215e-01   2003484  6.5515916e+02  6.5033703e+02  2.0839900e+02
5.7565178e-01   2378778  6.1589106e+02  6.1753153e+02  1.8877459e+02
6.0966698e-01   2828400  5.7837700e+02  5.7820011e+02  1.6178131e+02
6.4568974e-01   3356890  5.4458052e+02  5.4273763e+02  1.4325253e+02
6.8383752e-01   3990317  5.1349686e+02  5.1574451e+02  1.2515569e+02
7.2424344e-01   4738457  4.8529743e+02  4.8265852e+02  1.0941943e+02
7.6703215e-01   5629661  4.5940739e+02  4.6119490e+02  9.5743458e+01
8.1235262e-01   6687903  4.3632088e+02  4.3450262e+02  8.3911527e+01
8.6035444e-01   7945758  4.1495480e+02  4.1527265e+02  7.2690222e+01
9.1118812e-01   9436555  3.9538235e+02  3.9634483e+02  6.4173317e+01
9.6501980e-01  11210320  3.7641164e+02  3.7463733e+02  5.5422416e+01
1.0220366e+00  13318613  3.5812327e+02  3.5886883e+02  4.8347048e+01
1.0824208e+00  15819192  3.4016198e+02  3.4031450e+02  4.2373305e+01
1.1463741e+00  18795348  3.2258363e+02  3.2139292e+02  3.6831715e+01
1.2141088e+00  22326034  3.0521145e+02  3.0453124e+02  3.1947784e+01
1.2858419e+00  26520842  2.8806446e+02  2.8776353e+02  2.7787542e+01
1.3618105e+00  31503438  2.7131073e+02  2.7161319e+02  2.4186464e+01
1.4422695e+00  37426927  2.5497458e+02  2.5512946e+02  2.1014255e+01
1.5275481e+00  44525830  2.3929057e+02  2.3940708e+02  1.8261519e+01
