# Power spectrum from CO𝘕CEPT job 4701060 at t = 2.9820513 Gyr, a = 0.3125
#
# Components:
#   0: matter  (upstream grid size 1024)
#
#                           grid size 1024
# ╭────────────────────────────────────────────────────────────────╮
#                         component 0    (corrected)      (linear)
#                        σ₈ = 2.99e-01  σ₈ = 2.99e-01  σ₈ = 2.96e-01
#  k [Mpc⁻¹]    modes       P [Mpc³]       P [Mpc³]       P [Mpc³]
3.0679616e-03         3  6.9757460e+03  6.9757460e+03  6.9771350e+03
5.8212951e-03        25  1.0162488e+04  1.0213348e+04  1.0210929e+04
1.0440195e-02       124  1.1759159e+04  1.1894165e+04  1.1941279e+04
1.6729547e-02       418  1.0604000e+04  1.0700899e+04  1.0688422e+04
2.3240110e-02       730  8.1894866e+03  8.1910990e+03  8.2451400e+03
2.9075630e-02      1012  6.5015582e+03  6.4858059e+03  6.4837352e+03
3.4544381e-02      1408  5.4696018e+03  5.4568719e+03  5.4475798e+03
3.9898901e-02      1841  4.8119413e+03  4.8081290e+03  4.8405061e+03
4.5580519e-02      2698  4.3448216e+03  4.3488352e+03  4.3660769e+03
5.1612543e-02      3532  3.7961039e+03  3.8020746e+03  3.8345764e+03
5.7899473e-02      4702  3.1802079e+03  3.1808117e+03  3.2088530e+03
6.4462744e-02      6019  2.6078361e+03  2.6016420e+03  2.6056703e+03
7.1309305e-02      7766  2.1707612e+03  2.1624733e+03  2.1676683e+03
7.8556104e-02     10012  1.9265209e+03  1.9222246e+03  1.9247852e+03
8.6194331e-02     12589  1.7855037e+03  1.7878194e+03  1.7849664e+03
9.4153926e-02     15650  1.6039838e+03  1.6084526e+03  1.6089601e+03
1.0254095e-01     19757  1.3516577e+03  1.3520149e+03  1.3516179e+03
1.1136076e-01     24241  1.1173617e+03  1.1134144e+03  1.1014861e+03
1.2060245e-01     29993  9.5960686e+02  9.5638958e+02  9.4312770e+02
1.3029316e-01     36494  8.6169267e+02  8.6213944e+02  8.5349563e+02
1.4046583e-01     44825  7.6943550e+02  7.7045163e+02  7.5815836e+02
1.5111985e-01     53906  6.6375217e+02  6.6214689e+02  6.4608800e+02
1.6229170e-01     65729  5.7994245e+02  5.7832174e+02  5.6346964e+02
1.7401323e-01     78746  5.2564067e+02  5.2664837e+02  5.1331481e+02
1.8625264e-01     94374  4.6579238e+02  4.6666514e+02  4.5295916e+02
1.9902230e-01    112166  3.9840583e+02  3.9760001e+02  3.8107603e+02
2.1238854e-01    134373  3.4852972e+02  3.4752367e+02  3.2908837e+02
2.2637810e-01    159077  3.1337385e+02  3.1304763e+02  2.9497932e+02
2.4096993e-01    188172  2.8003022e+02  2.7989349e+02  2.6504674e+02
2.5621802e-01    222492  2.5101051e+02  2.5125158e+02  2.3583664e+02
2.7214102e-01    261771  2.2212009e+02  2.2234637e+02  2.0641321e+02
2.8873063e-01    306759  1.9524424e+02  1.9480393e+02  1.7724821e+02
3.0605468e-01    360898  1.7432824e+02  1.7371074e+02  1.5658521e+02
3.2421519e-01    425046  1.5809195e+02  1.5817287e+02  1.4315056e+02
3.4337900e-01    505555  1.4103998e+02  1.4140058e+02  1.2731273e+02
3.6368055e-01    600292  1.2498596e+02  1.2482231e+02  1.0903723e+02
3.8517334e-01    712930  1.1165366e+02  1.1111153e+02  9.5583965e+01
4.0793004e-01    846715  1.0030289e+02  1.0038755e+02  8.7121032e+01
4.3202621e-01   1005596  8.9638145e+01  8.9937871e+01  7.6376228e+01
4.5754560e-01   1194719  7.9532188e+01  7.9103327e+01  6.5258127e+01
4.8457948e-01   1419743  7.1086508e+01  7.0998112e+01  5.8963329e+01
5.1321525e-01   1686576  6.3450303e+01  6.3725457e+01  5.1884548e+01
5.4354215e-01   2003484  5.6493574e+01  5.6077767e+01  4.4410884e+01
5.7565178e-01   2378778  5.0413404e+01  5.0547684e+01  4.0228835e+01
6.0966698e-01   2828400  4.4879753e+01  4.4866027e+01  3.4476436e+01
6.4568974e-01   3356890  4.0028941e+01  3.9893480e+01  3.0527865e+01
6.8383752e-01   3990317  3.5821583e+01  3.5978379e+01  2.6671340e+01
7.2424344e-01   4738457  3.2188835e+01  3.2013801e+01  2.3317866e+01
7.6703215e-01   5629661  2.9271078e+01  2.9384969e+01  2.0403447e+01
8.1235262e-01   6687903  2.7072999e+01  2.6960179e+01  1.7882003e+01
8.6035444e-01   7945758  2.5786729e+01  2.5806481e+01  1.5490686e+01
9.1118812e-01   9436555  2.5572540e+01  2.5634791e+01  1.3675690e+01
9.6501980e-01  11210320  2.6581546e+01  2.6456247e+01  1.1810827e+01
1.0220366e+00  13318613  2.9130142e+01  2.9190786e+01  1.0303029e+01
1.0824208e+00  15819192  3.3549283e+01  3.3564326e+01  9.0299933e+00
1.1463741e+00  18795348  4.0100359e+01  3.9952342e+01  7.8490512e+00
1.2141088e+00  22326034  4.8351108e+01  4.8243350e+01  6.8082593e+00
1.2858419e+00  26520842  5.7371788e+01  5.7311853e+01  5.9216895e+00
1.3618105e+00  31503438  6.5165081e+01  6.5237726e+01  5.1542803e+00
1.4422695e+00  37426927  6.9633296e+01  6.9675593e+01  4.4782656e+00
1.5275481e+00  44525830  7.0767062e+01  7.0801521e+01  3.8916426e+00
