# Power spectrum from CO𝘕CEPT job 4701060 at t = 3.1242836 Gyr, a = 0.32258065
#
# Components:
#   0: matter  (upstream grid size 1024)
#
#                           grid size 1024
# ╭────────────────────────────────────────────────────────────────╮
#                         component 0    (corrected)      (linear)
#                        σ₈ = 3.09e-01  σ₈ = 3.09e-01  σ₈ = 3.05e-01
#  k [Mpc⁻¹]    modes       P [Mpc³]       P [Mpc³]       P [Mpc³]
3.0679616e-03         3  7.4150177e+03  7.4150177e+03  7.4165591e+03
5.8212951e-03        25  1.0802177e+04  1.0856239e+04  1.0853679e+04
1.0440195e-02       124  1.2497228e+04  1.2640708e+04  1.2692535e+04
1.6729547e-02       418  1.1270989e+04  1.1373983e+04  1.1360620e+04
2.3240110e-02       730  8.7023506e+03  8.7040639e+03  8.7635802e+03
2.9075630e-02      1012  6.9102182e+03  6.8934758e+03  6.8913817e+03
3.4544381e-02      1408  5.8137275e+03  5.8001967e+03  5.7900610e+03
3.9898901e-02      1841  5.1133340e+03  5.1092829e+03  5.1448097e+03
4.5580519e-02      2698  4.6174486e+03  4.6217140e+03  4.6405470e+03
5.1612543e-02      3532  4.0337895e+03  4.0401340e+03  4.0756288e+03
5.7899473e-02      4702  3.3794796e+03  3.3801212e+03  3.4105672e+03
6.4462744e-02      6019  2.7723129e+03  2.7657282e+03  2.7694653e+03
7.1309305e-02      7766  2.3079401e+03  2.2991285e+03  2.3039286e+03
7.8556104e-02     10012  2.0485008e+03  2.0439325e+03  2.0457768e+03
8.6194331e-02     12589  1.8987117e+03  1.9011742e+03  1.8971683e+03
9.4153926e-02     15650  1.7057178e+03  1.7104700e+03  1.7100978e+03
1.0254095e-01     19757  1.4378402e+03  1.4382202e+03  1.4365789e+03
1.1136076e-01     24241  1.1894892e+03  1.1852871e+03  1.1707239e+03
1.2060245e-01     29993  1.0219677e+03  1.0185414e+03  1.0024112e+03
1.3029316e-01     36494  9.1770046e+02  9.1817628e+02  9.0714483e+02
1.4046583e-01     44825  8.1972809e+02  8.2081063e+02  8.0581473e+02
1.5111985e-01     53906  7.0768848e+02  7.0597694e+02  6.8669977e+02
1.6229170e-01     65729  6.1860869e+02  6.1687992e+02  5.9888813e+02
1.7401323e-01     78746  5.6076965e+02  5.6184470e+02  5.4558064e+02
1.8625264e-01     94374  4.9717841e+02  4.9810998e+02  4.8143114e+02
1.9902230e-01    112166  4.2572800e+02  4.2486691e+02  4.0502957e+02
2.1238854e-01    134373  3.7280566e+02  3.7172954e+02  3.4977407e+02
2.2637810e-01    159077  3.3537021e+02  3.3502109e+02  3.1352100e+02
2.4096993e-01    188172  2.9982129e+02  2.9967489e+02  2.8170692e+02
2.5621802e-01    222492  2.6897146e+02  2.6922977e+02  2.5066073e+02
2.7214102e-01    261771  2.3825715e+02  2.3849986e+02  2.1938782e+02
2.8873063e-01    306759  2.0974438e+02  2.0927137e+02  1.8838957e+02
3.0605468e-01    360898  1.8743924e+02  1.8677530e+02  1.6642775e+02
3.2421519e-01    425046  1.7008545e+02  1.7017251e+02  1.5214863e+02
3.4337900e-01    505555  1.5188697e+02  1.5227531e+02  1.3531528e+02
3.6368055e-01    600292  1.3484946e+02  1.3467289e+02  1.1589102e+02
3.8517334e-01    712930  1.2064242e+02  1.2005665e+02  1.0159212e+02
4.0793004e-01    846715  1.0846109e+02  1.0855264e+02  9.2597227e+01
4.3202621e-01   1005596  9.7071745e+01  9.7396327e+01  8.1177032e+01
4.5754560e-01   1194719  8.6312716e+01  8.5847292e+01  6.9360076e+01
4.8457948e-01   1419743  7.7252023e+01  7.7155960e+01  6.2669604e+01
5.1321525e-01   1686576  6.9078459e+01  6.9378019e+01  5.5145869e+01
5.4354215e-01   2003484  6.1633015e+01  6.1179381e+01  4.7202431e+01
5.7565178e-01   2378778  5.5114102e+01  5.5260902e+01  4.2757509e+01
6.0966698e-01   2828400  4.9176106e+01  4.9161066e+01  3.6643530e+01
6.4568974e-01   3356890  4.3965619e+01  4.3816836e+01  3.2446763e+01
6.8383752e-01   3990317  3.9452322e+01  3.9625011e+01  2.8347826e+01
7.2424344e-01   4738457  3.5550983e+01  3.5357667e+01  2.4783562e+01
7.6703215e-01   5629661  3.2418625e+01  3.2544763e+01  2.1685951e+01
8.1235262e-01   6687903  3.0057048e+01  2.9931793e+01  1.9006016e+01
8.6035444e-01   7945758  2.8657505e+01  2.8679456e+01  1.6464387e+01
9.1118812e-01   9436555  2.8389626e+01  2.8458735e+01  1.4535305e+01
9.6501980e-01  11210320  2.9405265e+01  2.9266655e+01  1.2553222e+01
1.0220366e+00  13318613  3.2004863e+01  3.2071492e+01  1.0950648e+01
1.0824208e+00  15819192  3.6481532e+01  3.6497890e+01  9.5975930e+00
1.1463741e+00  18795348  4.3003457e+01  4.2844724e+01  8.3424201e+00
1.2141088e+00  22326034  5.0995970e+01  5.0882318e+01  7.2362069e+00
1.2858419e+00  26520842  5.9422924e+01  5.9360847e+01  6.2939098e+00
1.3618105e+00  31503438  6.6396365e+01  6.6470382e+01  5.4782634e+00
1.4422695e+00  37426927  7.0232558e+01  7.0275219e+01  4.7597563e+00
1.5275481e+00  44525830  7.1217069e+01  7.1251746e+01  4.1362597e+00
