# Power spectrum from CO𝘕CEPT job 4701060 at t = 5.1230837 Gyr, a = 0.45454545
#
# Components:
#   0: matter  (upstream grid size 1024)
#
#                           grid size 1024
# ╭────────────────────────────────────────────────────────────────╮
#                         component 0    (corrected)      (linear)
#                        σ₈ = 4.33e-01  σ₈ = 4.33e-01  σ₈ = 4.20e-01
#  k [Mpc⁻¹]    modes       P [Mpc³]       P [Mpc³]       P [Mpc³]
3.0679616e-03         3  1.4086893e+04  1.4086893e+04  1.4080416e+04
5.8212951e-03        25  2.0516663e+04  2.0619342e+04  2.0599234e+04
1.0440195e-02       124  2.3685660e+04  2.3957593e+04  2.4081060e+04
1.6729547e-02       418  2.1393961e+04  2.1589459e+04  2.1549053e+04
2.3240110e-02       730  1.6463774e+04  1.6467016e+04  1.6620799e+04
2.9075630e-02      1012  1.3108393e+04  1.3076633e+04  1.3069157e+04
3.4544381e-02      1408  1.1036091e+04  1.1010406e+04  1.0980112e+04
3.9898901e-02      1841  9.6739073e+03  9.6662429e+03  9.7562075e+03
4.5580519e-02      2698  8.7472338e+03  8.7553142e+03  8.7997810e+03
5.1612543e-02      3532  7.6289778e+03  7.6409770e+03  7.7284141e+03
5.7899473e-02      4702  6.3958432e+03  6.3970575e+03  6.4672117e+03
6.4462744e-02      6019  5.2747784e+03  5.2622499e+03  5.2514866e+03
7.1309305e-02      7766  4.3999455e+03  4.3831466e+03  4.3686989e+03
7.8556104e-02     10012  3.9116497e+03  3.9029263e+03  3.8791694e+03
8.6194331e-02     12589  3.6280525e+03  3.6327578e+03  3.5973630e+03
9.4153926e-02     15650  3.2599488e+03  3.2690312e+03  3.2426318e+03
1.0254095e-01     19757  2.7616220e+03  2.7623519e+03  2.7239852e+03
1.1136076e-01     24241  2.3092803e+03  2.3011224e+03  2.2198753e+03
1.2060245e-01     29993  1.9956610e+03  1.9889701e+03  1.9007239e+03
1.3029316e-01     36494  1.7930462e+03  1.7939758e+03  1.7200813e+03
1.4046583e-01     44825  1.6075850e+03  1.6097080e+03  1.5279420e+03
1.5111985e-01     53906  1.4038106e+03  1.4004155e+03  1.3020809e+03
1.6229170e-01     65729  1.2351275e+03  1.2316758e+03  1.1355762e+03
1.7401323e-01     78746  1.1220635e+03  1.1242146e+03  1.0344967e+03
1.8625264e-01     94374  1.0019903e+03  1.0038677e+03  9.1285963e+02
1.9902230e-01    112166  8.7100997e+02  8.6924824e+02  7.6799122e+02
2.1238854e-01    134373  7.7241586e+02  7.7018624e+02  6.6321887e+02
2.2637810e-01    159077  6.9990210e+02  6.9917350e+02  5.9447783e+02
2.4096993e-01    188172  6.3010729e+02  6.2979961e+02  5.3415383e+02
2.5621802e-01    222492  5.7120787e+02  5.7175645e+02  4.7528594e+02
2.7214102e-01    261771  5.1320745e+02  5.1373027e+02  4.1598822e+02
2.8873063e-01    306759  4.5981545e+02  4.5877849e+02  3.5721135e+02
3.0605468e-01    360898  4.1569184e+02  4.1421939e+02  3.1556876e+02
3.2421519e-01    425046  3.8053756e+02  3.8073233e+02  2.8849362e+02
3.4337900e-01    505555  3.4449640e+02  3.4537720e+02  2.5657533e+02
3.6368055e-01    600292  3.1219352e+02  3.1178474e+02  2.1974437e+02
3.8517334e-01    712930  2.8423247e+02  2.8285239e+02  1.9263177e+02
4.0793004e-01    846715  2.5863776e+02  2.5885607e+02  1.7557627e+02
4.3202621e-01   1005596  2.3551075e+02  2.3629823e+02  1.5392209e+02
4.5754560e-01   1194719  2.1423660e+02  2.1308137e+02  1.3151560e+02
4.8457948e-01   1419743  1.9523419e+02  1.9499142e+02  1.1882959e+02
5.1321525e-01   1686576  1.7823323e+02  1.7900614e+02  1.0456362e+02
5.4354215e-01   2003484  1.6276711e+02  1.6156911e+02  8.9501835e+01
5.7565178e-01   2378778  1.4885288e+02  1.4924936e+02  8.1073687e+01
6.0966698e-01   2828400  1.3633671e+02  1.3629501e+02  6.9480796e+01
6.4568974e-01   3356890  1.2509725e+02  1.2467391e+02  6.1523186e+01
6.8383752e-01   3990317  1.1536589e+02  1.1587087e+02  5.3751077e+01
7.2424344e-01   4738457  1.0687589e+02  1.0629473e+02  4.6992776e+01
7.6703215e-01   5629661  9.9932417e+01  1.0032124e+02  4.1119309e+01
8.1235262e-01   6687903  9.4525386e+01  9.4131476e+01  3.6037809e+01
8.6035444e-01   7945758  9.0717157e+01  9.0786645e+01  3.1218556e+01
9.1118812e-01   9436555  8.8646492e+01  8.8862283e+01  2.7560771e+01
9.6501980e-01  11210320  8.8297280e+01  8.7881067e+01  2.3802489e+01
1.0220366e+00  13318613  8.9377210e+01  8.9563280e+01  2.0763805e+01
1.0824208e+00  15819192  9.1574488e+01  9.1615549e+01  1.8198240e+01
1.1463741e+00  18795348  9.4172446e+01  9.3824839e+01  1.5818273e+01
1.2141088e+00  22326034  9.6323490e+01  9.6108819e+01  1.3720752e+01
1.2858419e+00  26520842  9.7425723e+01  9.7323946e+01  1.1934037e+01
1.3618105e+00  31503438  9.7472146e+01  9.7580806e+01  1.0387469e+01
1.4422695e+00  37426927  9.6627748e+01  9.6686442e+01  9.0250880e+00
1.5275481e+00  44525830  9.5351732e+01  9.5398161e+01  7.8428598e+00
