# Power spectrum from CO𝘕CEPT job 4701060 at t = 3.8214654 Gyr, a = 0.37037037
#
# Components:
#   0: matter  (upstream grid size 1024)
#
#                           grid size 1024
# ╭────────────────────────────────────────────────────────────────╮
#                         component 0    (corrected)      (linear)
#                        σ₈ = 3.54e-01  σ₈ = 3.54e-01  σ₈ = 3.48e-01
#  k [Mpc⁻¹]    modes       P [Mpc³]       P [Mpc³]       P [Mpc³]
3.0679616e-03         3  9.6460020e+03  9.6460020e+03  9.6473124e+03
5.8212951e-03        25  1.4050840e+04  1.4121160e+04  1.4116365e+04
1.0440195e-02       124  1.6242814e+04  1.6429296e+04  1.6505684e+04
1.6729547e-02       418  1.4657545e+04  1.4791486e+04  1.4772261e+04
2.3240110e-02       730  1.1303353e+04  1.1305578e+04  1.1394745e+04
2.9075630e-02      1012  8.9846384e+03  8.9628700e+03  8.9602074e+03
3.4544381e-02      1408  7.5609779e+03  7.5433805e+03  7.5281475e+03
3.9898901e-02      1841  6.6418246e+03  6.6365625e+03  6.6891315e+03
4.5580519e-02      2698  6.0006772e+03  6.0062204e+03  6.0334561e+03
5.1612543e-02      3532  5.2390381e+03  5.2472782e+03  5.2989397e+03
5.7899473e-02      4702  4.3902246e+03  4.3910581e+03  4.4342377e+03
6.4462744e-02      6019  3.6082560e+03  3.5996858e+03  3.6006982e+03
7.1309305e-02      7766  3.0057451e+03  2.9942693e+03  2.9954260e+03
7.8556104e-02     10012  2.6693761e+03  2.6634231e+03  2.6597870e+03
8.6194331e-02     12589  2.4750085e+03  2.4782184e+03  2.4665714e+03
9.4153926e-02     15650  2.2236490e+03  2.2298442e+03  2.2233516e+03
1.0254095e-01     19757  1.8775010e+03  1.8779972e+03  1.8677388e+03
1.1136076e-01     24241  1.5589747e+03  1.5534674e+03  1.5220912e+03
1.2060245e-01     29993  1.3421419e+03  1.3376420e+03  1.3032620e+03
1.3029316e-01     36494  1.2053477e+03  1.2059727e+03  1.1794029e+03
1.4046583e-01     44825  1.0783117e+03  1.0797357e+03  1.0476603e+03
1.5111985e-01     53906  9.3458971e+02  9.3232941e+02  8.9279550e+02
1.6229170e-01     65729  8.1879302e+02  8.1650481e+02  7.7862907e+02
1.7401323e-01     78746  7.4278738e+02  7.4421137e+02  7.0932245e+02
1.8625264e-01     94374  6.6023269e+02  6.6146977e+02  6.2591996e+02
1.9902230e-01    112166  5.6842878e+02  5.6727906e+02  5.2658835e+02
2.1238854e-01    134373  5.0013746e+02  4.9869379e+02  4.5474929e+02
2.2637810e-01    159077  4.5104530e+02  4.5057575e+02  4.0761575e+02
2.4096993e-01    188172  4.0418229e+02  4.0398493e+02  3.6625349e+02
2.5621802e-01    222492  3.6401888e+02  3.6436847e+02  3.2588960e+02
2.7214102e-01    261771  3.2407091e+02  3.2440105e+02  2.8523095e+02
2.8873063e-01    306759  2.8726563e+02  2.8661780e+02  2.4492942e+02
3.0605468e-01    360898  2.5779492e+02  2.5688177e+02  2.1637635e+02
3.2421519e-01    425046  2.3465738e+02  2.3477749e+02  1.9781174e+02
3.4337900e-01    505555  2.1056290e+02  2.1110126e+02  1.7592631e+02
3.6368055e-01    600292  1.8850450e+02  1.8825767e+02  1.5067240e+02
3.8517334e-01    712930  1.6979432e+02  1.6896989e+02  1.3208209e+02
4.0793004e-01    846715  1.5326745e+02  1.5339682e+02  1.2038763e+02
4.3202621e-01   1005596  1.3809880e+02  1.3856057e+02  1.0553999e+02
4.5754560e-01   1194719  1.2396064e+02  1.2329220e+02  9.0176505e+01
4.8457948e-01   1419743  1.1169434e+02  1.1155545e+02  8.1478077e+01
5.1321525e-01   1686576  1.0070374e+02  1.0114045e+02  7.1696307e+01
5.4354215e-01   2003484  9.0685683e+01  9.0018215e+01  6.1368874e+01
5.7565178e-01   2378778  8.1854256e+01  8.2072280e+01  5.5589935e+01
6.0966698e-01   2828400  7.3794405e+01  7.3771835e+01  4.7641020e+01
6.4568974e-01   3356890  6.6676841e+01  6.6451202e+01  4.2184714e+01
6.8383752e-01   3990317  6.0546063e+01  6.0811082e+01  3.6855600e+01
7.2424344e-01   4738457  5.5209488e+01  5.4909274e+01  3.2221625e+01
7.6703215e-01   5629661  5.0923949e+01  5.1122089e+01  2.8194355e+01
8.1235262e-01   6687903  4.7675072e+01  4.7476399e+01  2.4710115e+01
8.6035444e-01   7945758  4.5622684e+01  4.5657630e+01  2.1405689e+01
9.1118812e-01   9436555  4.4979674e+01  4.5089168e+01  1.8897649e+01
9.6501980e-01  11210320  4.5861764e+01  4.5645582e+01  1.6320702e+01
1.0220366e+00  13318613  4.8429184e+01  4.8530007e+01  1.4237162e+01
1.0824208e+00  15819192  5.2742149e+01  5.2765798e+01  1.2478027e+01
1.1463741e+00  18795348  5.8516559e+01  5.8300564e+01  1.0846150e+01
1.2141088e+00  22326034  6.4751562e+01  6.4607254e+01  9.4079394e+00
1.2858419e+00  26520842  7.0318645e+01  7.0245186e+01  8.1828392e+00
1.3618105e+00  31503438  7.4156532e+01  7.4239200e+01  7.1224004e+00
1.4422695e+00  37426927  7.5931147e+01  7.5977270e+01  6.1882543e+00
1.5275481e+00  44525830  7.6336124e+01  7.6373294e+01  5.3776336e+00
