# Power spectrum from CO𝘕CEPT job 4701060 at t = 2.6133026 Gyr, a = 0.28571429
#
# Components:
#   0: matter  (upstream grid size 1024)
#
#                           grid size 1024
# ╭────────────────────────────────────────────────────────────────╮
#                         component 0    (corrected)      (linear)
#                        σ₈ = 2.73e-01  σ₈ = 2.73e-01  σ₈ = 2.72e-01
#  k [Mpc⁻¹]    modes       P [Mpc³]       P [Mpc³]       P [Mpc³]
3.0679616e-03         3  5.8653817e+03  5.8653817e+03  5.8662839e+03
5.8212951e-03        25  8.5454572e+03  8.5882246e+03  8.5859894e+03
1.0440195e-02       124  9.8925931e+03  1.0006169e+04  1.0041913e+04
1.6729547e-02       418  8.9177451e+03  8.9992353e+03  8.9888569e+03
2.3240110e-02       730  6.8919485e+03  6.8933054e+03  6.9342961e+03
2.9075630e-02      1012  5.4682583e+03  5.4550096e+03  5.4530121e+03
3.4544381e-02      1408  4.5996113e+03  4.5889062e+03  4.5816177e+03
3.9898901e-02      1841  4.0494261e+03  4.0462179e+03  4.0710715e+03
4.5580519e-02      2698  3.6552828e+03  3.6586594e+03  3.6720735e+03
5.1612543e-02      3532  3.1947255e+03  3.1997503e+03  3.2250684e+03
5.7899473e-02      4702  2.6761074e+03  2.6766155e+03  2.6988114e+03
6.4462744e-02      6019  2.1922660e+03  2.1870590e+03  2.1915081e+03
7.1309305e-02      7766  1.8243320e+03  1.8173668e+03  1.8231279e+03
7.8556104e-02     10012  1.6185919e+03  1.6149823e+03  1.6188521e+03
8.6194331e-02     12589  1.4997550e+03  1.5017000e+03  1.5012582e+03
9.4153926e-02     15650  1.3472154e+03  1.3509689e+03  1.3532281e+03
1.0254095e-01     19757  1.1344000e+03  1.1346998e+03  1.1367892e+03
1.1136076e-01     24241  9.3598548e+02  9.3267897e+02  9.2641436e+02
1.2060245e-01     29993  8.0300455e+02  8.0031231e+02  7.9322607e+02
1.3029316e-01     36494  7.2106539e+02  7.2143926e+02  7.1784048e+02
1.4046583e-01     44825  6.4326162e+02  6.4411112e+02  6.3765639e+02
1.5111985e-01     53906  5.5381457e+02  5.5247518e+02  5.4339870e+02
1.6229170e-01     65729  4.8333766e+02  4.8198692e+02  4.7391182e+02
1.7401323e-01     78746  4.3791569e+02  4.3875522e+02  4.3172868e+02
1.8625264e-01     94374  3.8754156e+02  3.8826770e+02  3.8096601e+02
1.9902230e-01    112166  3.3051464e+02  3.2984614e+02  3.2050801e+02
2.1238854e-01    134373  2.8837612e+02  2.8754371e+02  2.7678327e+02
2.2637810e-01    159077  2.5895322e+02  2.5868365e+02  2.4809552e+02
2.4096993e-01    188172  2.3114496e+02  2.3103210e+02  2.2292042e+02
2.5621802e-01    222492  2.0674799e+02  2.0694655e+02  1.9835297e+02
2.7214102e-01    261771  1.8247012e+02  1.8265601e+02  1.7360609e+02
2.8873063e-01    306759  1.5974578e+02  1.5938553e+02  1.4907655e+02
3.0605468e-01    360898  1.4230458e+02  1.4180052e+02  1.3169772e+02
3.2421519e-01    425046  1.2885828e+02  1.2892423e+02  1.2039837e+02
3.4337900e-01    505555  1.1467669e+02  1.1496989e+02  1.0707779e+02
3.6368055e-01    600292  1.0110722e+02  1.0097483e+02  9.1706976e+01
3.8517334e-01    712930  8.9968427e+01  8.9531589e+01  8.0391964e+01
4.0793004e-01    846715  8.0671742e+01  8.0739835e+01  7.3274121e+01
4.3202621e-01   1005596  7.1808611e+01  7.2048720e+01  6.4237085e+01
4.5754560e-01   1194719  6.3338580e+01  6.2997040e+01  5.4886083e+01
4.8457948e-01   1419743  5.6419387e+01  5.6349230e+01  4.9591774e+01
5.1321525e-01   1686576  5.0113421e+01  5.0330738e+01  4.3638086e+01
5.4354215e-01   2003484  4.4362550e+01  4.4036031e+01  3.7352278e+01
5.7565178e-01   2378778  3.9368868e+01  3.9473729e+01  3.3834918e+01
6.0966698e-01   2828400  3.4832317e+01  3.4821664e+01  2.8996798e+01
6.4568974e-01   3356890  3.0864306e+01  3.0759859e+01  2.5675809e+01
6.8383752e-01   3990317  2.7412794e+01  2.7532784e+01  2.2432235e+01
7.2424344e-01   4738457  2.4438541e+01  2.4305651e+01  1.9611758e+01
7.6703215e-01   5629661  2.2044486e+01  2.2130259e+01  1.7160553e+01
8.1235262e-01   6687903  2.0244847e+01  2.0160482e+01  1.5039864e+01
8.6035444e-01   7945758  1.9225103e+01  1.9239829e+01  1.3028619e+01
9.1118812e-01   9436555  1.9121272e+01  1.9167819e+01  1.1502096e+01
9.6501980e-01  11210320  2.0072733e+01  1.9978115e+01  9.9336323e+00
1.0220366e+00  13318613  2.2415251e+01  2.2461916e+01  8.6654818e+00
1.0824208e+00  15819192  2.6549658e+01  2.6561563e+01  7.5947805e+00
1.1463741e+00  18795348  3.2953220e+01  3.2831584e+01  6.6015356e+00
1.2141088e+00  22326034  4.1619692e+01  4.1526937e+01  5.7261658e+00
1.2858419e+00  26520842  5.2086675e+01  5.2032262e+01  4.9805061e+00
1.3618105e+00  31503438  6.2327433e+01  6.2396914e+01  4.3350679e+00
1.4422695e+00  37426927  6.9056758e+01  6.9098705e+01  3.7664980e+00
1.5275481e+00  44525830  7.0833661e+01  7.0868152e+01  3.2731120e+00
