# Power spectrum from CO𝘕CEPT job 4701060 at t = 2.3139476 Gyr, a = 0.26315789
#
# Components:
#   0: matter  (upstream grid size 1024)
#
#                           grid size 1024
# ╭────────────────────────────────────────────────────────────────╮
#                         component 0    (corrected)      (linear)
#                        σ₈ = 2.52e-01  σ₈ = 2.52e-01  σ₈ = 2.51e-01
#  k [Mpc⁻¹]    modes       P [Mpc³]       P [Mpc³]       P [Mpc³]
3.0679616e-03         3  4.9971265e+03  4.9971265e+03  4.9976626e+03
5.8212951e-03        25  7.2809413e+03  7.3173801e+03  7.3152819e+03
1.0440195e-02       124  8.4320411e+03  8.5288486e+03  8.5564721e+03
1.6729547e-02       418  7.5988821e+03  7.6683205e+03  7.6595872e+03
2.3240110e-02       730  5.8761212e+03  5.8772781e+03  5.9090166e+03
2.9075630e-02      1012  4.6599485e+03  4.6486582e+03  4.6468141e+03
3.4544381e-02      1408  3.9191969e+03  3.9100754e+03  3.9042824e+03
3.9898901e-02      1841  3.4524746e+03  3.4497393e+03  3.4692329e+03
4.5580519e-02      2698  3.1156780e+03  3.1185562e+03  3.1292326e+03
5.1612543e-02      3532  2.7238863e+03  2.7281706e+03  2.7483165e+03
5.7899473e-02      4702  2.2815168e+03  2.2819500e+03  2.2998597e+03
6.4462744e-02      6019  1.8674995e+03  1.8630639e+03  1.8675519e+03
7.1309305e-02      7766  1.5537638e+03  1.5478316e+03  1.5536291e+03
7.8556104e-02     10012  1.3782131e+03  1.3751395e+03  1.3795513e+03
8.6194331e-02     12589  1.2767403e+03  1.2783961e+03  1.2793415e+03
9.4153926e-02     15650  1.1468407e+03  1.1500358e+03  1.1531940e+03
1.0254095e-01     19757  9.6511743e+02  9.6537249e+02  9.6874973e+02
1.1136076e-01     24241  7.9511729e+02  7.9230842e+02  7.8947276e+02
1.2060245e-01     29993  6.8159523e+02  6.7931004e+02  6.7597249e+02
1.3029316e-01     36494  6.1205958e+02  6.1237693e+02  6.1173050e+02
1.4046583e-01     44825  5.4557759e+02  5.4629808e+02  5.4339924e+02
1.5111985e-01     53906  4.6899121e+02  4.6785696e+02  4.6307465e+02
1.6229170e-01     65729  4.0895055e+02  4.0780770e+02  4.0385926e+02
1.7401323e-01     78746  3.7040887e+02  3.7111898e+02  3.6791160e+02
1.8625264e-01     94374  3.2745626e+02  3.2806982e+02  3.2465259e+02
1.9902230e-01    112166  2.7861994e+02  2.7805640e+02  2.7313137e+02
2.1238854e-01    134373  2.4257363e+02  2.4187343e+02  2.3586993e+02
2.2637810e-01    159077  2.1760038e+02  2.1737385e+02  2.1142274e+02
2.4096993e-01    188172  1.9407724e+02  1.9398247e+02  1.8996898e+02
2.5621802e-01    222492  1.7329275e+02  1.7345918e+02  1.6903302e+02
2.7214102e-01    261771  1.5262015e+02  1.5277563e+02  1.4794416e+02
2.8873063e-01    306759  1.3316197e+02  1.3286167e+02  1.2704052e+02
3.0605468e-01    360898  1.1839807e+02  1.1797869e+02  1.1223057e+02
3.2421519e-01    425046  1.0709443e+02  1.0714925e+02  1.0260146e+02
3.4337900e-01    505555  9.5125359e+01  9.5368573e+01  9.1249892e+01
3.6368055e-01    600292  8.3502122e+01  8.3392786e+01  7.8151146e+01
3.8517334e-01    712930  7.4060427e+01  7.3700830e+01  6.8508684e+01
4.0793004e-01    846715  6.6319032e+01  6.6375010e+01  6.2442980e+01
4.3202621e-01   1005596  5.8834287e+01  5.9031014e+01  5.4741771e+01
4.5754560e-01   1194719  5.1630643e+01  5.1352236e+01  4.6773004e+01
4.8457948e-01   1419743  4.5871752e+01  4.5814711e+01  4.2261283e+01
5.1321525e-01   1686576  4.0577063e+01  4.0753027e+01  3.7187650e+01
5.4354215e-01   2003484  3.5738117e+01  3.5475076e+01  3.1830990e+01
5.7565178e-01   2378778  3.1571714e+01  3.1655807e+01  2.8833555e+01
6.0966698e-01   2828400  2.7786052e+01  2.7777554e+01  2.4710590e+01
6.4568974e-01   3356890  2.4480879e+01  2.4398035e+01  2.1880499e+01
6.8383752e-01   3990317  2.1602072e+01  2.1696628e+01  1.9116379e+01
7.2424344e-01   4738457  1.9122043e+01  1.9018063e+01  1.6712815e+01
7.6703215e-01   5629661  1.7118387e+01  1.7184993e+01  1.4623940e+01
8.1235262e-01   6687903  1.5615588e+01  1.5550514e+01  1.2816724e+01
8.6035444e-01   7945758  1.4785718e+01  1.4797044e+01  1.1102774e+01
9.1118812e-01   9436555  1.4745669e+01  1.4781565e+01  9.8018969e+00
9.6501980e-01  11210320  1.5617410e+01  1.5543793e+01  8.4652780e+00
1.0220366e+00  13318613  1.7727470e+01  1.7764376e+01  7.3845812e+00
1.0824208e+00  15819192  2.1499589e+01  2.1509229e+01  6.4721474e+00
1.1463741e+00  18795348  2.7538923e+01  2.7437272e+01  5.6257206e+00
1.2141088e+00  22326034  3.6204760e+01  3.6124072e+01  4.8797449e+00
1.2858419e+00  26520842  4.7607725e+01  4.7557991e+01  4.2443061e+00
1.3618105e+00  31503438  6.0121136e+01  6.0188158e+01  3.6942743e+00
1.4422695e+00  37426927  6.9639670e+01  6.9681971e+01  3.2097484e+00
1.5275481e+00  44525830  7.2551977e+01  7.2587305e+01  2.7892930e+00
