# Power spectrum from CO𝘕CEPT job 4700077 at t = 7.3000434 Gyr, a = 0.58823529
#
# Components:
#   0: matter  (upstream grid size 1024)
#
#                           grid size 1024
# ╭────────────────────────────────────────────────────────────────╮
#                         component 0    (corrected)      (linear)
#                        σ₈ = 5.52e-01  σ₈ = 5.52e-01  σ₈ = 5.25e-01
#  k [Mpc⁻¹]    modes       P [Mpc³]       P [Mpc³]       P [Mpc³]
3.0679616e-03         3  2.2029089e+04  2.2029089e+04  2.2017405e+04
5.8212951e-03        25  3.2172955e+04  3.2328510e+04  3.2294132e+04
1.0440195e-02       124  3.7195294e+04  3.7621368e+04  3.7879548e+04
1.6729547e-02       418  3.3707259e+04  3.4015731e+04  3.3962105e+04
2.3240110e-02       730  2.5864968e+04  2.5869550e+04  2.6197221e+04
2.9075630e-02      1012  2.0634331e+04  2.0584847e+04  2.0589646e+04
3.4544381e-02      1408  1.7365621e+04  1.7326667e+04  1.7280928e+04
3.9898901e-02      1841  1.5138126e+04  1.5127839e+04  1.5317650e+04
4.5580519e-02      2698  1.3642640e+04  1.3656650e+04  1.3751584e+04
5.1612543e-02      3532  1.1807026e+04  1.1825480e+04  1.1998800e+04
5.7899473e-02      4702  9.8535002e+03  9.8540821e+03  9.9816381e+03
6.4462744e-02      6019  8.1613640e+03  8.1407791e+03  8.0926924e+03
7.1309305e-02      7766  6.8572047e+03  6.8309245e+03  6.7685501e+03
7.8556104e-02     10012  6.1544256e+03  6.1421868e+03  6.0674626e+03
8.6194331e-02     12589  5.7377043e+03  5.7462301e+03  5.6627381e+03
9.4153926e-02     15650  5.1574996e+03  5.1713590e+03  5.1057280e+03
1.0254095e-01     19757  4.3885624e+03  4.3880327e+03  4.2798924e+03
1.1136076e-01     24241  3.7124574e+03  3.6989770e+03  3.4889322e+03
1.2060245e-01     29993  3.2258218e+03  3.2163469e+03  2.9870044e+03
1.3029316e-01     36494  2.8870018e+03  2.8897706e+03  2.6812842e+03
1.4046583e-01     44825  2.5761051e+03  2.5787631e+03  2.3503035e+03
1.5111985e-01     53906  2.2752452e+03  2.2687161e+03  1.9980849e+03
1.6229170e-01     65729  2.0282073e+03  2.0228971e+03  1.7689670e+03
1.7401323e-01     78746  1.8581824e+03  1.8621190e+03  1.6357717e+03
1.8625264e-01     94374  1.6722839e+03  1.6747601e+03  1.4448022e+03
1.9902230e-01    112166  1.4718109e+03  1.4689128e+03  1.2096811e+03
2.1238854e-01    134373  1.3140972e+03  1.3108494e+03  1.0305591e+03
2.2637810e-01    159077  1.1970214e+03  1.1958159e+03  9.1379522e+02
2.4096993e-01    188172  1.0871107e+03  1.0859925e+03  8.2366140e+02
2.5621802e-01    222492  9.9678516e+02  9.9788111e+02  7.5093191e+02
2.7214102e-01    261771  9.0891862e+02  9.1002770e+02  6.6244069e+02
2.8873063e-01    306759  8.2395842e+02  8.2231583e+02  5.6026139e+02
3.0605468e-01    360898  7.5244290e+02  7.4989939e+02  4.8393784e+02
3.2421519e-01    425046  6.9403130e+02  6.9397875e+02  4.4468447e+02
3.4337900e-01    505555  6.3713734e+02  6.3874827e+02  4.0723947e+02
3.6368055e-01    600292  5.8541344e+02  5.8508800e+02  3.4915358e+02
3.8517334e-01    712930  5.3967780e+02  5.3731130e+02  2.9620030e+02
4.0793004e-01    846715  4.9764027e+02  4.9765247e+02  2.7082253e+02
4.3202621e-01   1005596  4.5907576e+02  4.6056719e+02  2.4575520e+02
4.5754560e-01   1194719  4.2375269e+02  4.2190760e+02  2.0583517e+02
4.8457948e-01   1419743  3.9159607e+02  3.9072966e+02  1.8196509e+02
5.1321525e-01   1686576  3.6257359e+02  3.6442375e+02  1.6665697e+02
5.4354215e-01   2003484  3.3608452e+02  3.3406893e+02  1.3948577e+02
5.7565178e-01   2378778  3.1196669e+02  3.1214977e+02  1.2525303e+02
6.0966698e-01   2828400  2.9040968e+02  2.9088038e+02  1.1083776e+02
6.4568974e-01   3356890  2.7074815e+02  2.6952340e+02  9.4396693e+01
6.8383752e-01   3990317  2.5330290e+02  2.5456126e+02  8.5545861e+01
7.2424344e-01   4738457  2.3795325e+02  2.3642680e+02  7.2332263e+01
7.6703215e-01   5629661  2.2483276e+02  2.2581696e+02  6.5273722e+01
8.1235262e-01   6687903  2.1369914e+02  2.1242408e+02  5.5494936e+01
8.6035444e-01   7945758  2.0457762e+02  2.0505750e+02  4.9445701e+01
9.1118812e-01   9436555  1.9731592e+02  1.9728548e+02  4.2833461e+01
9.6501980e-01  11210320  1.9125473e+02  1.9063410e+02  3.7196514e+01
1.0220366e+00  13318613  1.8612325e+02  1.8681896e+02  3.2807824e+01
1.0824208e+00  15819192  1.8121137e+02  1.8096341e+02  2.8365229e+01
1.1463741e+00  18795348  1.7632701e+02  1.7549989e+02  2.4587132e+01
1.2141088e+00  22326034  1.7099238e+02  1.7088676e+02  2.1517979e+01
1.2858419e+00  26520842  1.6519272e+02  1.6530608e+02  1.8753165e+01
1.3618105e+00  31503438  1.5906688e+02  1.5922031e+02  1.6303422e+01
1.4422695e+00  37426927  1.5281625e+02  1.5296731e+02  1.4164754e+01
1.5275481e+00  44525830  1.4647775e+02  1.4645814e+02  1.2288878e+01
