# Power spectrum from CO𝘕CEPT job 4700077 at t = 2.8502417 Gyr, a = 0.3030303
#
# Components:
#   0: matter  (upstream grid size 1024)
#
#                           grid size 1024
# ╭────────────────────────────────────────────────────────────────╮
#                         component 0    (corrected)      (linear)
#                        σ₈ = 2.90e-01  σ₈ = 2.90e-01  σ₈ = 2.88e-01
#  k [Mpc⁻¹]    modes       P [Mpc³]       P [Mpc³]       P [Mpc³]
3.0679616e-03         3  6.5931125e+03  6.5931125e+03  6.5943310e+03
5.8212951e-03        25  9.6336441e+03  9.6802223e+03  9.6779644e+03
1.0440195e-02       124  1.1186834e+04  1.1314980e+04  1.1358984e+04
1.6729547e-02       418  1.0107351e+04  1.0199848e+04  1.0188819e+04
2.3240110e-02       730  7.8096610e+03  7.8110443e+03  7.8612821e+03
2.9075630e-02      1012  6.1964067e+03  6.1815470e+03  6.1793715e+03
3.4544381e-02      1408  5.2074294e+03  5.1957483e+03  5.1867764e+03
3.9898901e-02      1841  4.5712903e+03  4.5681839e+03  4.5977617e+03
4.5580519e-02      2698  4.1083125e+03  4.1125312e+03  4.1278621e+03
5.1612543e-02      3532  3.5673002e+03  3.5728757e+03  3.6018385e+03
5.7899473e-02      4702  2.9716487e+03  2.9718242e+03  2.9963944e+03
6.4462744e-02      6019  2.4326848e+03  2.4265490e+03  2.4293974e+03
7.1309305e-02      7766  2.0350243e+03  2.0272251e+03  2.0319255e+03
7.8556104e-02     10012  1.8217595e+03  1.8181367e+03  1.8214807e+03
8.6194331e-02     12589  1.6983315e+03  1.7008551e+03  1.6999974e+03
9.4153926e-02     15650  1.5263693e+03  1.5304710e+03  1.5327910e+03
1.0254095e-01     19757  1.2837821e+03  1.2836271e+03  1.2848755e+03
1.1136076e-01     24241  1.0607016e+03  1.0568500e+03  1.0474255e+03
1.2060245e-01     29993  9.1010050e+02  9.0742734e+02  8.9674391e+02
1.3029316e-01     36494  8.1154752e+02  8.1232583e+02  8.0496512e+02
1.4046583e-01     44825  7.1694485e+02  7.1768459e+02  7.0560161e+02
1.5111985e-01     53906  6.1705291e+02  6.1528218e+02  5.9986117e+02
1.6229170e-01     65729  5.4480293e+02  5.4337654e+02  5.3107707e+02
1.7401323e-01     78746  4.9924610e+02  5.0030376e+02  4.9109031e+02
1.8625264e-01     94374  4.4295196e+02  4.4360785e+02  4.3375830e+02
1.9902230e-01    112166  3.7686400e+02  3.7612194e+02  3.6317080e+02
2.1238854e-01    134373  3.2676235e+02  3.2595477e+02  3.0939513e+02
2.2637810e-01    159077  2.9155330e+02  2.9125968e+02  2.7434050e+02
2.4096993e-01    188172  2.6115525e+02  2.6088663e+02  2.4728067e+02
2.5621802e-01    222492  2.3666805e+02  2.3692826e+02  2.2544592e+02
2.7214102e-01    261771  2.1020708e+02  2.1046358e+02  1.9887909e+02
2.8873063e-01    306759  1.8322435e+02  1.8285908e+02  1.6820275e+02
3.0605468e-01    360898  1.6205814e+02  1.6151033e+02  1.4528883e+02
3.2421519e-01    425046  1.4716007e+02  1.4714893e+02  1.3350417e+02
3.4337900e-01    505555  1.3234028e+02  1.3267489e+02  1.2226240e+02
3.6368055e-01    600292  1.1713120e+02  1.1706609e+02  1.0482376e+02
3.8517334e-01    712930  1.0374490e+02  1.0328998e+02  8.8926021e+01
4.0793004e-01    846715  9.3174567e+01  9.3176851e+01  8.1307069e+01
4.3202621e-01   1005596  8.3618491e+01  8.3890148e+01  7.3781308e+01
4.5754560e-01   1194719  7.3879596e+01  7.3557912e+01  6.1796424e+01
4.8457948e-01   1419743  6.5799624e+01  6.5654042e+01  5.4630095e+01
5.1321525e-01   1686576  5.8807488e+01  5.9107573e+01  5.0034257e+01
5.4354215e-01   2003484  5.2213497e+01  5.1900359e+01  4.1876847e+01
5.7565178e-01   2378778  4.6487628e+01  4.6514909e+01  3.7603858e+01
6.0966698e-01   2828400  4.1338338e+01  4.1405340e+01  3.3276064e+01
6.4568974e-01   3356890  3.6768200e+01  3.6601875e+01  2.8340081e+01
6.8383752e-01   3990317  3.2834814e+01  3.2997930e+01  2.5682860e+01
7.2424344e-01   4738457  2.9426183e+01  2.9237417e+01  2.1715834e+01
7.6703215e-01   5629661  2.6692090e+01  2.6808933e+01  1.9596699e+01
8.1235262e-01   6687903  2.4632540e+01  2.4485567e+01  1.6660881e+01
8.6035444e-01   7945758  2.3440083e+01  2.3495067e+01  1.4844762e+01
9.1118812e-01   9436555  2.3267065e+01  2.3263475e+01  1.2859614e+01
9.6501980e-01  11210320  2.4262319e+01  2.4183587e+01  1.1167272e+01
1.0220366e+00  13318613  2.6751381e+01  2.6851375e+01  9.8496856e+00
1.0824208e+00  15819192  3.1094390e+01  3.1051842e+01  8.5159153e+00
1.1463741e+00  18795348  3.7630059e+01  3.7453542e+01  7.3816425e+00
1.2141088e+00  22326034  4.6064096e+01  4.6035645e+01  6.4602113e+00
1.2858419e+00  26520842  5.5593258e+01  5.5631409e+01  5.6301496e+00
1.3618105e+00  31503438  6.4162655e+01  6.4224541e+01  4.8946798e+00
1.4422695e+00  37426927  6.9283538e+01  6.9352022e+01  4.2526014e+00
1.5275481e+00  44525830  7.0580455e+01  7.0571005e+01  3.6894195e+00
