# Power spectrum from CO𝘕CEPT job 4700077 at t = 3.6250828 Gyr, a = 0.35714286
#
# Components:
#   0: matter  (upstream grid size 1024)
#
#                           grid size 1024
# ╭────────────────────────────────────────────────────────────────╮
#                         component 0    (corrected)      (linear)
#                        σ₈ = 3.42e-01  σ₈ = 3.42e-01  σ₈ = 3.37e-01
#  k [Mpc⁻¹]    modes       P [Mpc³]       P [Mpc³]       P [Mpc³]
3.0679616e-03         3  9.0317034e+03  9.0317034e+03  9.0332936e+03
5.8212951e-03        25  1.3195227e+04  1.3259025e+04  1.3255302e+04
1.0440195e-02       124  1.5308722e+04  1.5484084e+04  1.5555075e+04
1.6729547e-02       418  1.3840799e+04  1.3967463e+04  1.3951122e+04
2.3240110e-02       730  1.0679549e+04  1.0681441e+04  1.0763488e+04
2.9075630e-02      1012  8.4833161e+03  8.4629720e+03  8.4603987e+03
3.4544381e-02      1408  7.1315300e+03  7.1155328e+03  7.1012726e+03
3.9898901e-02      1841  6.2514664e+03  6.2472183e+03  6.2947697e+03
4.5580519e-02      2698  5.6216290e+03  5.6274017e+03  5.6513812e+03
5.1612543e-02      3532  4.8781656e+03  4.8857898e+03  4.9311775e+03
5.7899473e-02      4702  4.0648216e+03  4.0650617e+03  4.1022590e+03
6.4462744e-02      6019  3.3347270e+03  3.3263160e+03  3.3259895e+03
7.1309305e-02      7766  2.7912908e+03  2.7805932e+03  2.7818179e+03
7.8556104e-02     10012  2.4999501e+03  2.4949787e+03  2.4937009e+03
8.6194331e-02     12589  2.3312439e+03  2.3347080e+03  2.3273792e+03
9.4153926e-02     15650  2.0954190e+03  2.1010499e+03  2.0984620e+03
1.0254095e-01     19757  1.7656000e+03  1.7653869e+03  1.7590517e+03
1.1136076e-01     24241  1.4647647e+03  1.4594459e+03  1.4339704e+03
1.2060245e-01     29993  1.2596033e+03  1.2559035e+03  1.2276797e+03
1.3029316e-01     36494  1.1236965e+03  1.1247741e+03  1.1020299e+03
1.4046583e-01     44825  9.9513826e+02  9.9616503e+02  9.6599657e+02
1.5111985e-01     53906  8.6034309e+02  8.5787421e+02  8.2123324e+02
1.6229170e-01     65729  7.6079341e+02  7.5880152e+02  7.2706479e+02
1.7401323e-01     78746  6.9700821e+02  6.9848484e+02  6.7232113e+02
1.8625264e-01     94374  6.2006662e+02  6.2098477e+02  5.9383124e+02
1.9902230e-01    112166  5.3104559e+02  5.2999994e+02  4.9719418e+02
2.1238854e-01    134373  4.6344792e+02  4.6230252e+02  4.2357319e+02
2.2637810e-01    159077  4.1514360e+02  4.1472552e+02  3.7558206e+02
2.4096993e-01    188172  3.7262794e+02  3.7224466e+02  3.3853611e+02
2.5621802e-01    222492  3.3840631e+02  3.3877838e+02  3.0864349e+02
2.7214102e-01    261771  3.0194213e+02  3.0231057e+02  2.7227252e+02
2.8873063e-01    306759  2.6574634e+02  2.6521656e+02  2.3027549e+02
3.0605468e-01    360898  2.3672588e+02  2.3592566e+02  1.9890551e+02
3.2421519e-01    425046  2.1557595e+02  2.1555963e+02  1.8277187e+02
3.4337900e-01    505555  1.9434235e+02  1.9483372e+02  1.6738148e+02
3.6368055e-01    600292  1.7366581e+02  1.7356927e+02  1.4350736e+02
3.8517334e-01    712930  1.5546950e+02  1.5478776e+02  1.2174280e+02
4.0793004e-01    846715  1.4021349e+02  1.4021693e+02  1.1131218e+02
4.3202621e-01   1005596  1.2649456e+02  1.2690551e+02  1.0100915e+02
4.5754560e-01   1194719  1.1315117e+02  1.1265849e+02  8.4601427e+01
4.8457948e-01   1419743  1.0165767e+02  1.0143275e+02  7.4790472e+01
5.1321525e-01   1686576  9.1576404e+01  9.2043705e+01  6.8498609e+01
5.4354215e-01   2003484  8.2247313e+01  8.1754054e+01  5.7330833e+01
5.7565178e-01   2378778  7.4052094e+01  7.4095552e+01  5.1480962e+01
6.0966698e-01   2828400  6.6604336e+01  6.6712290e+01  4.5556064e+01
6.4568974e-01   3356890  6.0010790e+01  5.9739326e+01  3.8798534e+01
6.8383752e-01   3990317  5.4341043e+01  5.4610998e+01  3.5160707e+01
7.2424344e-01   4738457  4.9408043e+01  4.9091095e+01  2.9729712e+01
7.6703215e-01   5629661  4.5448466e+01  4.5647415e+01  2.6828543e+01
8.1235262e-01   6687903  4.2453723e+01  4.2200417e+01  2.2809308e+01
8.6035444e-01   7945758  4.0593652e+01  4.0688874e+01  2.0322979e+01
9.1118812e-01   9436555  4.0071619e+01  4.0065437e+01  1.7605244e+01
9.6501980e-01  11210320  4.1020093e+01  4.0886981e+01  1.5288370e+01
1.0220366e+00  13318613  4.3645447e+01  4.3808589e+01  1.3484549e+01
1.0824208e+00  15819192  4.8074211e+01  4.8008429e+01  1.1658572e+01
1.1463741e+00  18795348  5.4135725e+01  5.3881782e+01  1.0105714e+01
1.2141088e+00  22326034  6.0899923e+01  6.0862309e+01  8.8442437e+00
1.2858419e+00  26520842  6.7209427e+01  6.7255550e+01  7.7078611e+00
1.3618105e+00  31503438  7.1767261e+01  7.1836482e+01  6.7009780e+00
1.4422695e+00  37426927  7.3981184e+01  7.4054312e+01  5.8219510e+00
1.5275481e+00  44525830  7.4544578e+01  7.4534597e+01  5.0509360e+00
