# Power spectrum from CO𝘕CEPT job 4700077 at t = 7.9069617 Gyr, a = 0.625
#
# Components:
#   0: matter  (upstream grid size 1024)
#
#                           grid size 1024
# ╭────────────────────────────────────────────────────────────────╮
#                         component 0    (corrected)      (linear)
#                        σ₈ = 5.83e-01  σ₈ = 5.83e-01  σ₈ = 5.51e-01
#  k [Mpc⁻¹]    modes       P [Mpc³]       P [Mpc³]       P [Mpc³]
3.0679616e-03         3  2.4274107e+04  2.4274107e+04  2.4264423e+04
5.8212951e-03        25  3.5450225e+04  3.5621625e+04  3.5588396e+04
1.0440195e-02       124  4.0963947e+04  4.1433191e+04  4.1741509e+04
1.6729547e-02       418  3.7133128e+04  3.7472952e+04  3.7423194e+04
2.3240110e-02       730  2.8471343e+04  2.8476386e+04  2.8866322e+04
2.9075630e-02      1012  2.2726495e+04  2.2671994e+04  2.2687134e+04
3.4544381e-02      1408  1.9129054e+04  1.9086144e+04  1.9041202e+04
3.9898901e-02      1841  1.6662405e+04  1.6651082e+04  1.6877848e+04
4.5580519e-02      2698  1.5020632e+04  1.5036057e+04  1.5152204e+04
5.1612543e-02      3532  1.2994577e+04  1.3014887e+04  1.3220852e+04
5.7899473e-02      4702  1.0847285e+04  1.0847925e+04  1.0998218e+04
6.4462744e-02      6019  8.9974531e+03  8.9747595e+03  8.9168748e+03
7.1309305e-02      7766  7.5648770e+03  7.5358847e+03  7.4578661e+03
7.8556104e-02     10012  6.7917589e+03  6.7782528e+03  6.6853703e+03
8.6194331e-02     12589  6.3306121e+03  6.3400189e+03  6.2394222e+03
9.4153926e-02     15650  5.6900261e+03  5.7053165e+03  5.6256821e+03
1.0254095e-01     19757  4.8495776e+03  4.8489923e+03  4.7157422e+03
1.1136076e-01     24241  4.1148348e+03  4.0998933e+03  3.8442309e+03
1.2060245e-01     29993  3.5810669e+03  3.5705485e+03  3.2911872e+03
1.3029316e-01     36494  3.2068926e+03  3.2099682e+03  2.9543325e+03
1.4046583e-01     44825  2.8637863e+03  2.8667411e+03  2.5896455e+03
1.5111985e-01     53906  2.5373411e+03  2.5300598e+03  2.2015582e+03
1.6229170e-01     65729  2.2647721e+03  2.2588426e+03  1.9491078e+03
1.7401323e-01     78746  2.0753532e+03  2.0797498e+03  1.8023483e+03
1.8625264e-01     94374  1.8706543e+03  1.8734242e+03  1.5919314e+03
1.9902230e-01    112166  1.6526603e+03  1.6494061e+03  1.3328668e+03
2.1238854e-01    134373  1.4793514e+03  1.4756952e+03  1.1355041e+03
2.2637810e-01    159077  1.3506609e+03  1.3493007e+03  1.0068497e+03
2.4096993e-01    188172  1.2290162e+03  1.2277520e+03  9.0753721e+02
2.5621802e-01    222492  1.1283756e+03  1.1296162e+03  8.2740139e+02
2.7214102e-01    261771  1.0320978e+03  1.0333572e+03  7.2989881e+02
2.8873063e-01    306759  9.3861464e+02  9.3674347e+02  6.1731427e+02
3.0605468e-01    360898  8.5986543e+02  8.5695880e+02  5.3321847e+02
3.2421519e-01    425046  7.9423866e+02  7.9417851e+02  4.8996780e+02
3.4337900e-01    505555  7.3124402e+02  7.3309289e+02  4.4870966e+02
3.6368055e-01    600292  6.7380884e+02  6.7343426e+02  3.8470872e+02
3.8517334e-01    712930  6.2285623e+02  6.2012499e+02  3.2636306e+02
4.0793004e-01    846715  5.7617618e+02  5.7619031e+02  2.9840101e+02
4.3202621e-01   1005596  5.3289834e+02  5.3462960e+02  2.7078100e+02
4.5754560e-01   1194719  4.9344794e+02  4.9129939e+02  2.2679582e+02
4.8457948e-01   1419743  4.5733007e+02  4.5631823e+02  2.0049500e+02
5.1321525e-01   1686576  4.2473147e+02  4.2689881e+02  1.8362801e+02
5.4354215e-01   2003484  3.9462926e+02  3.9226256e+02  1.5368991e+02
5.7565178e-01   2378778  3.6755290e+02  3.6776860e+02  1.3800782e+02
6.0966698e-01   2828400  3.4300403e+02  3.4355998e+02  1.2212460e+02
6.4568974e-01   3356890  3.2071454e+02  3.1926376e+02  1.0400931e+02
6.8383752e-01   3990317  3.0077087e+02  3.0226504e+02  9.4257173e+01
7.2424344e-01   4738457  2.8306919e+02  2.8125332e+02  7.9698005e+01
7.6703215e-01   5629661  2.6775457e+02  2.6892666e+02  7.1920678e+01
8.1235262e-01   6687903  2.5455536e+02  2.5303652e+02  6.1146097e+01
8.6035444e-01   7945758  2.4336241e+02  2.4393327e+02  5.4480856e+01
9.1118812e-01   9436555  2.3404012e+02  2.3400401e+02  4.7195278e+01
9.6501980e-01  11210320  2.2568099e+02  2.2494864e+02  4.0984308e+01
1.0220366e+00  13318613  2.1820181e+02  2.1901743e+02  3.6148709e+01
1.0824208e+00  15819192  2.1086100e+02  2.1057247e+02  3.1253715e+01
1.1463741e+00  18795348  2.0355739e+02  2.0260254e+02  2.7090886e+01
1.2141088e+00  22326034  1.9599976e+02  1.9587870e+02  2.3709195e+01
1.2858419e+00  26520842  1.8806238e+02  1.8819144e+02  2.0662834e+01
1.3618105e+00  31503438  1.7993891e+02  1.8011246e+02  1.7963630e+01
1.4422695e+00  37426927  1.7184004e+02  1.7200990e+02  1.5607177e+01
1.5275481e+00  44525830  1.6381173e+02  1.6378980e+02  1.3540277e+01
