# Power spectrum from CO𝘕CEPT job 4700077 at t = 10.261763 Gyr, a = 0.76923077
#
# Components:
#   0: matter  (upstream grid size 1024)
#
#                           grid size 1024
# ╭────────────────────────────────────────────────────────────────╮
#                         component 0    (corrected)      (linear)
#                        σ₈ = 6.91e-01  σ₈ = 6.91e-01  σ₈ = 6.42e-01
#  k [Mpc⁻¹]    modes       P [Mpc³]       P [Mpc³]       P [Mpc³]
3.0679616e-03         3  3.2949697e+04  3.2949697e+04  3.2941130e+04
5.8212951e-03        25  4.8113073e+04  4.8345697e+04  4.8308013e+04
1.0440195e-02       124  5.5499544e+04  5.6135294e+04  5.6651544e+04
1.6729547e-02       418  5.0356419e+04  5.0817256e+04  5.0784303e+04
2.3240110e-02       730  3.8503119e+04  3.8509939e+04  3.9169440e+04
2.9075630e-02      1012  3.0793460e+04  3.0719613e+04  3.0783462e+04
3.4544381e-02      1408  2.5931366e+04  2.5873198e+04  2.5835729e+04
3.9898901e-02      1841  2.2526612e+04  2.2511304e+04  2.2899996e+04
4.5580519e-02      2698  2.0327101e+04  2.0347974e+04  2.0558333e+04
5.1612543e-02      3532  1.7561133e+04  1.7588580e+04  1.7937695e+04
5.7899473e-02      4702  1.4673230e+04  1.4674096e+04  1.4921953e+04
6.4462744e-02      6019  1.2234293e+04  1.2203435e+04  1.2097983e+04
7.1309305e-02      7766  1.0314173e+04  1.0274644e+04  1.0118415e+04
7.8556104e-02     10012  9.2711433e+03  9.2527067e+03  9.0702944e+03
8.6194331e-02     12589  8.6335355e+03  8.6463643e+03  8.4652281e+03
9.4153926e-02     15650  7.7563892e+03  7.7772324e+03  7.6325236e+03
1.0254095e-01     19757  6.6510503e+03  6.6502476e+03  6.3979659e+03
1.1136076e-01     24241  5.7047424e+03  5.6840278e+03  5.2155537e+03
1.2060245e-01     29993  4.9926060e+03  4.9779416e+03  4.4652191e+03
1.3029316e-01     36494  4.4817425e+03  4.4860407e+03  4.0081957e+03
1.4046583e-01     44825  4.0121829e+03  4.0163226e+03  3.5134139e+03
1.5111985e-01     53906  3.5935783e+03  3.5832660e+03  2.9868864e+03
1.6229170e-01     65729  3.2228122e+03  3.2143743e+03  2.6443808e+03
1.7401323e-01     78746  2.9570822e+03  2.9633468e+03  2.4452684e+03
1.8625264e-01     94374  2.6788743e+03  2.6828409e+03  2.1597917e+03
1.9902230e-01    112166  2.3979305e+03  2.3932089e+03  1.8083148e+03
2.1238854e-01    134373  2.1636933e+03  2.1583458e+03  1.5405499e+03
2.2637810e-01    159077  1.9902921e+03  1.9882877e+03  1.3660026e+03
2.4096993e-01    188172  1.8238170e+03  1.8219411e+03  1.2312639e+03
2.5621802e-01    222492  1.6818774e+03  1.6837266e+03  1.1225426e+03
2.7214102e-01    261771  1.5535099e+03  1.5554055e+03  9.9025969e+02
2.8873063e-01    306759  1.4275799e+03  1.4247340e+03  8.3751512e+02
3.0605468e-01    360898  1.3215844e+03  1.3171170e+03  7.2342152e+02
3.2421519e-01    425046  1.2260710e+03  1.2259782e+03  6.6474289e+02
3.4337900e-01    505555  1.1396042e+03  1.1424855e+03  6.0876756e+02
3.6368055e-01    600292  1.0597375e+03  1.0591484e+03  5.2193696e+02
3.8517334e-01    712930  9.8740330e+02  9.8307352e+02  4.4277894e+02
4.0793004e-01    846715  9.2248092e+02  9.2250353e+02  4.0484259e+02
4.3202621e-01   1005596  8.5973966e+02  8.6253275e+02  3.6737030e+02
4.5754560e-01   1194719  8.0367776e+02  8.0017841e+02  3.0769530e+02
4.8457948e-01   1419743  7.5104324e+02  7.4938155e+02  2.7201278e+02
5.1321525e-01   1686576  7.0433234e+02  7.0792644e+02  2.4912922e+02
5.4354215e-01   2003484  6.5841938e+02  6.5447066e+02  2.0851200e+02
5.7565178e-01   2378778  6.1901522e+02  6.1937850e+02  1.8723600e+02
6.0966698e-01   2828400  5.8134189e+02  5.8228414e+02  1.6568713e+02
6.4568974e-01   3356890  5.4741233e+02  5.4493606e+02  1.4111001e+02
6.8383752e-01   3990317  5.1624742e+02  5.1881203e+02  1.2787923e+02
7.2424344e-01   4738457  4.8786638e+02  4.8473676e+02  1.0812672e+02
7.6703215e-01   5629661  4.6187832e+02  4.6390017e+02  9.7575170e+01
8.1235262e-01   6687903  4.3864849e+02  4.3603123e+02  8.2957234e+01
8.6035444e-01   7945758  4.1715954e+02  4.1813809e+02  7.3914462e+01
9.1118812e-01   9436555  3.9745221e+02  3.9739089e+02  6.4030077e+01
9.6501980e-01  11210320  3.7835244e+02  3.7712467e+02  5.5603620e+01
1.0220366e+00  13318613  3.5995128e+02  3.6129674e+02  4.9043135e+01
1.0824208e+00  15819192  3.4181762e+02  3.4134990e+02  4.2402071e+01
1.1463741e+00  18795348  3.2411100e+02  3.2259065e+02  3.6754338e+01
1.2141088e+00  22326034  3.0664830e+02  3.0645891e+02  3.2166379e+01
1.2858419e+00  26520842  2.8937830e+02  2.8957689e+02  2.8033365e+01
1.3618105e+00  31503438  2.7251542e+02  2.7277826e+02  2.4371340e+01
1.4422695e+00  37426927  2.5606193e+02  2.5631504e+02  2.1174327e+01
1.5275481e+00  44525830  2.4026717e+02  2.4023500e+02  1.8370153e+01
