# Power spectrum from CO𝘕CEPT job 4700077 at t = 3.2780774 Gyr, a = 0.33333333
#
# Components:
#   0: matter  (upstream grid size 1024)
#
#                           grid size 1024
# ╭────────────────────────────────────────────────────────────────╮
#                         component 0    (corrected)      (linear)
#                        σ₈ = 3.20e-01  σ₈ = 3.19e-01  σ₈ = 3.15e-01
#  k [Mpc⁻¹]    modes       P [Mpc³]       P [Mpc³]       P [Mpc³]
3.0679616e-03         3  7.9194429e+03  7.9194429e+03  7.9210926e+03
5.8212951e-03        25  1.1570810e+04  1.1626754e+04  1.1624052e+04
1.0440195e-02       124  1.3429437e+04  1.3583272e+04  1.3641759e+04
1.6729547e-02       418  1.2138183e+04  1.2249266e+04  1.2235662e+04
2.3240110e-02       730  9.3715125e+03  9.3731724e+03  9.4402244e+03
2.9075630e-02      1012  7.4405080e+03  7.4226647e+03  7.4203731e+03
3.4544381e-02      1408  6.2540524e+03  6.2400235e+03  6.2283711e+03
3.9898901e-02      1841  5.4856784e+03  5.4819506e+03  5.5210340e+03
4.5580519e-02      2698  4.9317281e+03  4.9367923e+03  4.9567486e+03
5.1612543e-02      3532  4.2807227e+03  4.2874131e+03  4.3250809e+03
5.7899473e-02      4702  3.5665116e+03  3.5667223e+03  3.5980540e+03
6.4462744e-02      6019  2.9231196e+03  2.9157468e+03  2.9172003e+03
7.1309305e-02      7766  2.4460660e+03  2.4366915e+03  2.4399149e+03
7.8556104e-02     10012  2.1902953e+03  2.1859397e+03  2.1872117e+03
8.6194331e-02     12589  2.0422624e+03  2.0452970e+03  2.0413337e+03
9.4153926e-02     15650  1.8355856e+03  1.8405182e+03  1.8405529e+03
1.0254095e-01     19757  1.5453673e+03  1.5451808e+03  1.5428583e+03
1.1136076e-01     24241  1.2796929e+03  1.2750462e+03  1.2577312e+03
1.2060245e-01     29993  1.0993433e+03  1.0961142e+03  1.0767947e+03
1.3029316e-01     36494  9.8051899e+02  9.8145936e+02  9.6658791e+02
1.4046583e-01     44825  8.6742475e+02  8.6831975e+02  8.4727364e+02
1.5111985e-01     53906  7.4840109e+02  7.4625344e+02  7.2030220e+02
1.6229170e-01     65729  6.6132936e+02  6.5959788e+02  6.3770735e+02
1.7401323e-01     78746  6.0594329e+02  6.0722699e+02  5.8969188e+02
1.8625264e-01     94374  5.3840855e+02  5.3920579e+02  5.2084859e+02
1.9902230e-01    112166  4.5975874e+02  4.5885345e+02  4.3608841e+02
2.1238854e-01    134373  4.0009130e+02  3.9910249e+02  3.7151557e+02
2.2637810e-01    159077  3.5776121e+02  3.5740091e+02  3.2942264e+02
2.4096993e-01    188172  3.2081100e+02  3.2048102e+02  2.9692970e+02
2.5621802e-01    222492  2.9106492e+02  2.9138494e+02  2.7071093e+02
2.7214102e-01    261771  2.5916656e+02  2.5948280e+02  2.3881000e+02
2.8873063e-01    306759  2.2714914e+02  2.2669631e+02  2.0197445e+02
3.0605468e-01    360898  2.0172095e+02  2.0103907e+02  1.7445987e+02
3.2421519e-01    425046  1.8345360e+02  1.8343971e+02  1.6030908e+02
3.4337900e-01    505555  1.6517894e+02  1.6559658e+02  1.4681018e+02
3.6368055e-01    600292  1.4700231e+02  1.4692059e+02  1.2587021e+02
3.8517334e-01    712930  1.3100661e+02  1.3043215e+02  1.0678054e+02
4.0793004e-01    846715  1.1792029e+02  1.1792318e+02  9.7631851e+01
4.3202621e-01   1005596  1.0612751e+02  1.0647230e+02  8.8595070e+01
4.5754560e-01   1194719  9.4443341e+01  9.4032119e+01  7.4203866e+01
4.8457948e-01   1419743  8.4527460e+01  8.4340443e+01  6.5598684e+01
5.1321525e-01   1686576  7.5875478e+01  7.6262659e+01  6.0080096e+01
5.4354215e-01   2003484  6.7817734e+01  6.7411013e+01  5.0284846e+01
5.7565178e-01   2378778  6.0770282e+01  6.0805946e+01  4.5153928e+01
6.0966698e-01   2828400  5.4386483e+01  5.4474634e+01  3.9957203e+01
6.4568974e-01   3356890  4.8737660e+01  4.8517190e+01  3.4030177e+01
6.8383752e-01   3990317  4.3874456e+01  4.4092415e+01  3.0839441e+01
7.2424344e-01   4738457  3.9654897e+01  3.9400515e+01  2.6075918e+01
7.6703215e-01   5629661  3.6269465e+01  3.6428233e+01  2.3531304e+01
8.1235262e-01   6687903  3.3715381e+01  3.3514213e+01  2.0006036e+01
8.6035444e-01   7945758  3.2178718e+01  3.2254202e+01  1.7825277e+01
9.1118812e-01   9436555  3.1840721e+01  3.1835808e+01  1.5441554e+01
9.6501980e-01  11210320  3.2851252e+01  3.2744648e+01  1.3409424e+01
1.0220366e+00  13318613  3.5486011e+01  3.5618654e+01  1.1827294e+01
1.0824208e+00  15819192  3.9989698e+01  3.9934979e+01  1.0225731e+01
1.1463741e+00  18795348  4.6421149e+01  4.6203394e+01  8.8637194e+00
1.2141088e+00  22326034  5.4066689e+01  5.4033296e+01  7.7572841e+00
1.2858419e+00  26520842  6.1812119e+01  6.1854538e+01  6.7605634e+00
1.3618105e+00  31503438  6.7934243e+01  6.7999767e+01  5.8774267e+00
1.4422695e+00  37426927  7.1164374e+01  7.1234718e+01  5.1064325e+00
1.5275481e+00  44525830  7.2006143e+01  7.1996502e+01  4.4301755e+00
