# Power spectrum from CO𝘕CEPT job 4700077 at t = 2.4072915 Gyr, a = 0.27027027
#
# Components:
#   0: matter  (upstream grid size 1024)
#
#                           grid size 1024
# ╭────────────────────────────────────────────────────────────────╮
#                         component 0    (corrected)      (linear)
#                        σ₈ = 2.59e-01  σ₈ = 2.59e-01  σ₈ = 2.58e-01
#  k [Mpc⁻¹]    modes       P [Mpc³]       P [Mpc³]       P [Mpc³]
3.0679616e-03         3  5.2797108e+03  5.2797108e+03  5.2803544e+03
5.8212951e-03        25  7.7152289e+03  7.7525316e+03  7.7504504e+03
1.0440195e-02       124  8.9641958e+03  9.0668811e+03  9.0977575e+03
1.6729547e-02       418  8.0957431e+03  8.1698313e+03  8.1611357e+03
2.3240110e-02       730  6.2606678e+03  6.2617767e+03  6.2970485e+03
2.9075630e-02      1012  4.9637989e+03  4.9518951e+03  4.9499010e+03
3.4544381e-02      1408  4.1707569e+03  4.1614012e+03  4.1548447e+03
3.9898901e-02      1841  3.6644501e+03  3.6619600e+03  3.6830455e+03
4.5580519e-02      2698  3.2921223e+03  3.2955029e+03  3.3066507e+03
5.1612543e-02      3532  2.8597269e+03  2.8641964e+03  2.8852888e+03
5.7899473e-02      4702  2.3818632e+03  2.3820039e+03  2.4002998e+03
6.4462744e-02      6019  1.9474758e+03  1.9425638e+03  1.9461047e+03
7.1309305e-02      7766  1.6286719e+03  1.6224300e+03  1.6277072e+03
7.8556104e-02     10012  1.4576034e+03  1.4547048e+03  1.4591293e+03
8.6194331e-02     12589  1.3585221e+03  1.3605407e+03  1.3618147e+03
9.4153926e-02     15650  1.2208964e+03  1.2241773e+03  1.2278722e+03
1.0254095e-01     19757  1.0259039e+03  1.0257801e+03  1.0292755e+03
1.1136076e-01     24241  8.4572632e+02  8.4265539e+02  8.3906194e+02
1.2060245e-01     29993  7.2476031e+02  7.2263154e+02  7.1835577e+02
1.3029316e-01     36494  6.4616019e+02  6.4677989e+02  6.4483473e+02
1.4046583e-01     44825  5.6996252e+02  5.7055060e+02  5.6523767e+02
1.5111985e-01     53906  4.8935468e+02  4.8795040e+02  4.8053214e+02
1.6229170e-01     65729  4.3171041e+02  4.3058011e+02  4.2543123e+02
1.7401323e-01     78746  3.9567598e+02  3.9651423e+02  3.9339904e+02
1.8625264e-01     94374  3.5053803e+02  3.5105708e+02  3.4747200e+02
1.9902230e-01    112166  2.9711133e+02  2.9652631e+02  2.9092633e+02
2.1238854e-01    134373  2.5661948e+02  2.5598526e+02  2.4784812e+02
2.2637810e-01    159077  2.2845083e+02  2.2822076e+02  2.1976684e+02
2.4096993e-01    188172  2.0443427e+02  2.0422399e+02  1.9808996e+02
2.5621802e-01    222492  1.8506336e+02  1.8526683e+02  1.8059873e+02
2.7214102e-01    261771  1.6396311e+02  1.6416318e+02  1.5931677e+02
2.8873063e-01    306759  1.4204819e+02  1.4176501e+02  1.3474278e+02
3.0605468e-01    360898  1.2508053e+02  1.2465772e+02  1.1638705e+02
3.2421519e-01    425046  1.1343378e+02  1.1342519e+02  1.0694667e+02
3.4337900e-01    505555  1.0192927e+02  1.0218699e+02  9.7941193e+01
3.6368055e-01    600292  8.9657198e+01  8.9607357e+01  8.3971559e+01
3.8517334e-01    712930  7.8851104e+01  7.8505340e+01  7.1236304e+01
4.0793004e-01    846715  7.0677626e+01  7.0679358e+01  6.5132964e+01
4.3202621e-01   1005596  6.3259448e+01  6.3464963e+01  5.9104277e+01
4.5754560e-01   1194719  5.5422726e+01  5.5181406e+01  4.9503501e+01
4.8457948e-01   1419743  4.9104835e+01  4.8996190e+01  4.3762744e+01
5.1321525e-01   1686576  4.3700441e+01  4.3923438e+01  4.0081139e+01
5.4354215e-01   2003484  3.8493861e+01  3.8263003e+01  3.3546451e+01
5.7565178e-01   2378778  3.4030562e+01  3.4050533e+01  3.0123472e+01
6.0966698e-01   2828400  3.0055575e+01  3.0104290e+01  2.6656590e+01
6.4568974e-01   3356890  2.6496162e+01  2.6376304e+01  2.2702503e+01
6.8383752e-01   3990317  2.3451086e+01  2.3567586e+01  2.0573873e+01
7.2424344e-01   4738457  2.0802259e+01  2.0668814e+01  1.7395992e+01
7.6703215e-01   5629661  1.8676364e+01  1.8758119e+01  1.5698408e+01
8.1235262e-01   6687903  1.7075822e+01  1.6973936e+01  1.3346601e+01
8.6035444e-01   7945758  1.6185044e+01  1.6223010e+01  1.1891755e+01
9.1118812e-01   9436555  1.6125411e+01  1.6122923e+01  1.0301505e+01
9.6501980e-01  11210320  1.7026046e+01  1.6970795e+01  8.9458134e+00
1.0220366e+00  13318613  1.9217624e+01  1.9289458e+01  7.8903293e+00
1.0824208e+00  15819192  2.3120750e+01  2.3089113e+01  6.8218806e+00
1.1463741e+00  18795348  2.9302942e+01  2.9165486e+01  5.9132440e+00
1.2141088e+00  22326034  3.8004328e+01  3.7980855e+01  5.1751095e+00
1.2858419e+00  26520842  4.9129682e+01  4.9163398e+01  4.5101686e+00
1.3618105e+00  31503438  6.0868616e+01  6.0927324e+01  3.9210028e+00
1.4422695e+00  37426927  6.9348833e+01  6.9417382e+01  3.4066505e+00
1.5275481e+00  44525830  7.1787721e+01  7.1778109e+01  2.9555000e+00
