# Power spectrum from CO𝘕CEPT job 4700077 at t = 5.1232281 Gyr, a = 0.45454545
#
# Components:
#   0: matter  (upstream grid size 1024)
#
#                           grid size 1024
# ╭────────────────────────────────────────────────────────────────╮
#                         component 0    (corrected)      (linear)
#                        σ₈ = 4.34e-01  σ₈ = 4.34e-01  σ₈ = 4.21e-01
#  k [Mpc⁻¹]    modes       P [Mpc³]       P [Mpc³]       P [Mpc³]
3.0679616e-03         3  1.4128797e+04  1.4128797e+04  1.4122314e+04
5.8212951e-03        25  2.0638490e+04  2.0738276e+04  2.0718266e+04
1.0440195e-02       124  2.3906885e+04  2.4180740e+04  2.4307148e+04
1.6729547e-02       418  2.1638238e+04  2.1836260e+04  2.1797138e+04
2.3240110e-02       730  1.6655476e+04  1.6658426e+04  1.6815260e+04
2.9075630e-02      1012  1.3256272e+04  1.3224482e+04  1.3216625e+04
3.4544381e-02      1408  1.1149686e+04  1.1124676e+04  1.1093108e+04
3.9898901e-02      1841  9.7496747e+03  9.7430494e+03  9.8330512e+03
4.5580519e-02      2698  8.7761430e+03  8.7851550e+03  8.8278824e+03
5.1612543e-02      3532  7.6067370e+03  7.6186258e+03  7.7027813e+03
5.7899473e-02      4702  6.3423575e+03  6.3427321e+03  6.4079063e+03
6.4462744e-02      6019  5.2243318e+03  5.2111549e+03  5.1953040e+03
7.1309305e-02      7766  4.3791628e+03  4.3623797e+03  4.3452667e+03
7.8556104e-02     10012  3.9255829e+03  3.9177764e+03  3.8952040e+03
8.6194331e-02     12589  3.6612728e+03  3.6667132e+03  3.6353937e+03
9.4153926e-02     15650  3.2913225e+03  3.3001670e+03  3.2778131e+03
1.0254095e-01     19757  2.7841070e+03  2.7837710e+03  2.7476450e+03
1.1136076e-01     24241  2.3284880e+03  2.3200330e+03  2.2398625e+03
1.2060245e-01     29993  2.0111230e+03  2.0052159e+03  1.9176333e+03
1.3029316e-01     36494  1.7961943e+03  1.7979169e+03  1.7213662e+03
1.4046583e-01     44825  1.5967746e+03  1.5984221e+03  1.5088810e+03
1.5111985e-01     53906  1.3929220e+03  1.3889248e+03  1.2827603e+03
1.6229170e-01     65729  1.2357732e+03  1.2325377e+03  1.1356689e+03
1.7401323e-01     78746  1.1318804e+03  1.1342783e+03  1.0501591e+03
1.8625264e-01     94374  1.0120493e+03  1.0135479e+03  9.2755806e+02
1.9902230e-01    112166  8.7725094e+02  8.7552360e+02  7.7661160e+02
2.1238854e-01    134373  7.7403464e+02  7.7212164e+02  6.6161617e+02
2.2637810e-01    159077  6.9844895e+02  6.9774555e+02  5.8665438e+02
2.4096993e-01    188172  6.2983221e+02  6.2918437e+02  5.2878890e+02
2.5621802e-01    222492  5.7440421e+02  5.7503576e+02  4.8209689e+02
2.7214102e-01    261771  5.1720661e+02  5.1783772e+02  4.2528583e+02
2.8873063e-01    306759  4.6202731e+02  4.6110624e+02  3.5968699e+02
3.0605468e-01    360898  4.1636239e+02  4.1495494e+02  3.1068746e+02
3.2421519e-01    425046  3.8142268e+02  3.8139380e+02  2.8548691e+02
3.4337900e-01    505555  3.4625169e+02  3.4712715e+02  2.6144731e+02
3.6368055e-01    600292  3.1384344e+02  3.1366897e+02  2.2415627e+02
3.8517334e-01    712930  2.8530448e+02  2.8405342e+02  1.9016034e+02
4.0793004e-01    846715  2.5966554e+02  2.5967190e+02  1.7386786e+02
4.3202621e-01   1005596  2.3667328e+02  2.3744218e+02  1.5777467e+02
4.5754560e-01   1194719  2.1526450e+02  2.1432720e+02  1.3214606e+02
4.8457948e-01   1419743  1.9613673e+02  1.9570277e+02  1.1682150e+02
5.1321525e-01   1686576  1.7912398e+02  1.8003802e+02  1.0699370e+02
5.4354215e-01   2003484  1.6360057e+02  1.6261941e+02  8.9549810e+01
5.7565178e-01   2378778  1.4962201e+02  1.4970981e+02  8.0412404e+01
6.0966698e-01   2828400  1.3707130e+02  1.3729347e+02  7.1157806e+01
6.4568974e-01   3356890  1.2578669e+02  1.2521768e+02  6.0602654e+01
6.8383752e-01   3990317  1.1601941e+02  1.1659577e+02  5.4920426e+01
7.2424344e-01   4738457  1.0750043e+02  1.0681082e+02  4.6437301e+01
7.6703215e-01   5629661  1.0052823e+02  1.0096829e+02  4.1905722e+01
8.1235262e-01   6687903  9.5094868e+01  9.4527471e+01  3.5627745e+01
8.6035444e-01   7945758  9.1262495e+01  9.1476575e+01  3.1744139e+01
9.1118812e-01   9436555  8.9177611e+01  8.9163852e+01  2.7499083e+01
9.6501980e-01  11210320  8.8803078e+01  8.8514907e+01  2.3880164e+01
1.0220366e+00  13318613  8.9862192e+01  9.0198088e+01  2.1062627e+01
1.0824208e+00  15819192  9.2029048e+01  9.1903121e+01  1.8210482e+01
1.1463741e+00  18795348  9.4587371e+01  9.4143676e+01  1.5784944e+01
1.2141088e+00  22326034  9.6697838e+01  9.6638114e+01  1.3814548e+01
1.2858419e+00  26520842  9.7758455e+01  9.7825543e+01  1.2039538e+01
1.3618105e+00  31503438  9.7775158e+01  9.7869463e+01  1.0466804e+01
1.4422695e+00  37426927  9.6901194e+01  9.6996978e+01  9.0937787e+00
1.5275481e+00  44525830  9.5601357e+01  9.5588556e+01  7.8894665e+00
