# Power spectrum from CO𝘕CEPT job 4700077 at t = 3.4444759 Gyr, a = 0.34482759
#
# Components:
#   0: matter  (upstream grid size 1024)
#
#                           grid size 1024
# ╭────────────────────────────────────────────────────────────────╮
#                         component 0    (corrected)      (linear)
#                        σ₈ = 3.31e-01  σ₈ = 3.30e-01  σ₈ = 3.26e-01
#  k [Mpc⁻¹]    modes       P [Mpc³]       P [Mpc³]       P [Mpc³]
3.0679616e-03         3  8.4489752e+03  8.4489752e+03  8.4506576e+03
5.8212951e-03        25  1.2344183e+04  1.2403867e+04  1.2400770e+04
1.0440195e-02       124  1.4324289e+04  1.4488374e+04  1.4552799e+04
1.6729547e-02       418  1.2948825e+04  1.3067327e+04  1.3052503e+04
2.3240110e-02       730  9.9944429e+03  9.9962131e+03  1.0070321e+04
2.9075630e-02      1012  7.9370315e+03  7.9179975e+03  7.9156024e+03
3.4544381e-02      1408  6.6718341e+03  6.6568680e+03  6.6440220e+03
3.9898901e-02      1841  5.8503733e+03  5.8463977e+03  5.8894656e+03
4.5580519e-02      2698  5.2602503e+03  5.2656519e+03  5.2875140e+03
5.1612543e-02      3532  4.5652507e+03  4.5723859e+03  4.6136882e+03
5.7899473e-02      4702  3.8038111e+03  3.8040357e+03  3.8381433e+03
6.4462744e-02      6019  3.1190442e+03  3.1111773e+03  3.1118553e+03
7.1309305e-02      7766  2.6103638e+03  2.6003596e+03  2.6027204e+03
7.8556104e-02     10012  2.3376505e+03  2.3330018e+03  2.3331542e+03
8.6194331e-02     12589  2.1797809e+03  2.1830199e+03  2.1775414e+03
9.4153926e-02     15650  1.9592316e+03  1.9644965e+03  1.9633628e+03
1.0254095e-01     19757  1.6501206e+03  1.6499214e+03  1.6458042e+03
1.1136076e-01     24241  1.3676435e+03  1.3626774e+03  1.3416520e+03
1.2060245e-01     29993  1.1754661e+03  1.1720135e+03  1.1486425e+03
1.3029316e-01     36494  1.0485179e+03  1.0495235e+03  1.0310821e+03
1.4046583e-01     44825  9.2805794e+02  9.2901550e+02  9.0380660e+02
1.5111985e-01     53906  8.0149444e+02  7.9919444e+02  7.6836310e+02
1.6229170e-01     65729  7.0848726e+02  7.0663231e+02  6.8025719e+02
1.7401323e-01     78746  6.4911976e+02  6.5049494e+02  6.2903792e+02
1.8625264e-01     94374  5.7710439e+02  5.7795892e+02  5.5560116e+02
1.9902230e-01    112166  4.9349885e+02  4.9252712e+02  4.6518550e+02
2.1238854e-01    134373  4.3004642e+02  4.2898358e+02  3.9630415e+02
2.2637810e-01    159077  3.8487201e+02  3.8448442e+02  3.5140264e+02
2.4096993e-01    188172  3.4527959e+02  3.4492444e+02  3.1674166e+02
2.5621802e-01    222492  3.1340994e+02  3.1375453e+02  2.8877350e+02
2.7214102e-01    261771  2.7933789e+02  2.7967875e+02  2.5474405e+02
2.8873063e-01    306759  2.4532717e+02  2.4483810e+02  2.1545073e+02
3.0605468e-01    360898  2.1819092e+02  2.1745336e+02  1.8610029e+02
3.2421519e-01    425046  1.9855727e+02  1.9854223e+02  1.7100532e+02
3.4337900e-01    505555  1.7887990e+02  1.7933218e+02  1.5660574e+02
3.6368055e-01    600292  1.5951476e+02  1.5942609e+02  1.3426860e+02
3.8517334e-01    712930  1.4247328e+02  1.4184853e+02  1.1390521e+02
4.0793004e-01    846715  1.2836011e+02  1.2836326e+02  1.0414610e+02
4.3202621e-01   1005596  1.1565554e+02  1.1603128e+02  9.4506356e+01
4.5754560e-01   1194719  1.0318517e+02  1.0273588e+02  7.9154934e+01
4.8457948e-01   1419743  9.2522257e+01  9.2317552e+01  6.9975593e+01
5.1321525e-01   1686576  8.3193821e+01  8.3618346e+01  6.4088789e+01
5.4354215e-01   2003484  7.4535416e+01  7.4088408e+01  5.3639975e+01
5.7565178e-01   2378778  6.6946216e+01  6.6985504e+01  4.8166710e+01
6.0966698e-01   2828400  6.0058786e+01  6.0156131e+01  4.2623246e+01
6.4568974e-01   3356890  5.3964393e+01  5.3720280e+01  3.6300754e+01
6.8383752e-01   3990317  4.8720462e+01  4.8962495e+01  3.2897124e+01
7.2424344e-01   4738457  4.4164936e+01  4.3881622e+01  2.7815767e+01
7.6703215e-01   5629661  4.0509395e+01  4.0686723e+01  2.5101370e+01
8.1235262e-01   6687903  3.7748699e+01  3.7523466e+01  2.1340887e+01
8.6035444e-01   7945758  3.6062294e+01  3.6146887e+01  1.9014623e+01
9.1118812e-01   9436555  3.5642188e+01  3.5636689e+01  1.6471851e+01
9.6501980e-01  11210320  3.6632287e+01  3.6513414e+01  1.4304133e+01
1.0220366e+00  13318613  3.9277990e+01  3.9424807e+01  1.2616439e+01
1.0824208e+00  15819192  4.3768999e+01  4.3709108e+01  1.0908015e+01
1.1463741e+00  18795348  5.0052276e+01  4.9817488e+01  9.4551275e+00
1.2141088e+00  22326034  5.7295360e+01  5.7259973e+01  8.2748681e+00
1.2858419e+00  26520842  6.4345061e+01  6.4389218e+01  7.2116438e+00
1.3618105e+00  31503438  6.9675696e+01  6.9742898e+01  6.2695820e+00
1.4422695e+00  37426927  7.2379079e+01  7.2450623e+01  5.4471452e+00
1.5275481e+00  44525830  7.3087428e+01  7.3077642e+01  4.7257667e+00
