# Power spectrum from CO𝘕CEPT job 4700077 at t = 5.469179 Gyr, a = 0.47619048
#
# Components:
#   0: matter  (upstream grid size 1024)
#
#                           grid size 1024
# ╭────────────────────────────────────────────────────────────────╮
#                         component 0    (corrected)      (linear)
#                        σ₈ = 4.54e-01  σ₈ = 4.54e-01  σ₈ = 4.39e-01
#  k [Mpc⁻¹]    modes       P [Mpc³]       P [Mpc³]       P [Mpc³]
3.0679616e-03         3  1.5357115e+04  1.5357115e+04  1.5348089e+04
5.8212951e-03        25  2.2432017e+04  2.2540475e+04  2.2515648e+04
1.0440195e-02       124  2.5975818e+04  2.6273372e+04  2.6414737e+04
1.6729547e-02       418  2.3516052e+04  2.3731259e+04  2.3686337e+04
2.3240110e-02       730  1.8091391e+04  1.8094595e+04  1.8272340e+04
2.9075630e-02      1012  1.4405003e+04  1.4370458e+04  1.4361737e+04
3.4544381e-02      1408  1.2117154e+04  1.2089973e+04  1.2054163e+04
3.9898901e-02      1841  1.0590071e+04  1.0582874e+04  1.0684898e+04
4.5580519e-02      2698  9.5345966e+03  9.5443875e+03  9.5926209e+03
5.1612543e-02      3532  8.2620539e+03  8.2749669e+03  8.3700349e+03
5.7899473e-02      4702  6.8897528e+03  6.8901597e+03  6.9629786e+03
6.4462744e-02      6019  5.6803982e+03  5.6660709e+03  5.6453289e+03
7.1309305e-02      7766  4.7631568e+03  4.7449020e+03  4.7216547e+03
7.8556104e-02     10012  4.2706534e+03  4.2621608e+03  4.2326036e+03
8.6194331e-02     12589  3.9830233e+03  3.9889417e+03  3.9502858e+03
9.4153926e-02     15650  3.5805906e+03  3.5902125e+03  3.5617299e+03
1.0254095e-01     19757  3.0316313e+03  3.0312654e+03  2.9856385e+03
1.1136076e-01     24241  2.5402251e+03  2.5310012e+03  2.4338722e+03
1.2060245e-01     29993  2.1961776e+03  2.1897269e+03  2.0837318e+03
1.3029316e-01     36494  1.9620709e+03  1.9639527e+03  1.8704642e+03
1.4046583e-01     44825  1.7454901e+03  1.7472911e+03  1.6395740e+03
1.5111985e-01     53906  1.5257822e+03  1.5214037e+03  1.3938673e+03
1.6229170e-01     65729  1.3546811e+03  1.3511343e+03  1.2340353e+03
1.7401323e-01     78746  1.2407747e+03  1.2434033e+03  1.1411189e+03
1.8625264e-01     94374  1.1106572e+03  1.1123018e+03  1.0078986e+03
1.9902230e-01    112166  9.6523363e+02  9.6333304e+02  8.4387781e+02
2.1238854e-01    134373  8.5353823e+02  8.5142874e+02  7.1892199e+02
2.2637810e-01    159077  7.7142668e+02  7.7064979e+02  6.3746734e+02
2.4096993e-01    188172  6.9642195e+02  6.9570562e+02  5.7458982e+02
2.5621802e-01    222492  6.3572361e+02  6.3642258e+02  5.2385356e+02
2.7214102e-01    261771  5.7362453e+02  5.7432448e+02  4.6212180e+02
2.8873063e-01    306759  5.1385527e+02  5.1283088e+02  3.9084112e+02
3.0605468e-01    360898  4.6415406e+02  4.6258506e+02  3.3759750e+02
3.2421519e-01    425046  4.2574633e+02  4.2571409e+02  3.1021421e+02
3.4337900e-01    505555  3.8718160e+02  3.8816054e+02  2.8409243e+02
3.6368055e-01    600292  3.5185955e+02  3.5166395e+02  2.4357143e+02
3.8517334e-01    712930  3.2075301e+02  3.1934650e+02  2.0663096e+02
4.0793004e-01    846715  2.9255634e+02  2.9256351e+02  1.8892731e+02
4.3202621e-01   1005596  2.6723772e+02  2.6810591e+02  1.7144022e+02
4.5754560e-01   1194719  2.4375747e+02  2.4269611e+02  1.4359180e+02
4.8457948e-01   1419743  2.2269367e+02  2.2220096e+02  1.2693991e+02
5.1321525e-01   1686576  2.0390934e+02  2.0494986e+02  1.1626088e+02
5.4354215e-01   2003484  1.8681503e+02  1.8569465e+02  9.7306100e+01
5.7565178e-01   2378778  1.7132093e+02  1.7142147e+02  8.7377263e+01
6.0966698e-01   2828400  1.5748763e+02  1.5774289e+02  7.7321084e+01
6.4568974e-01   3356890  1.4498909e+02  1.4433322e+02  6.5851704e+01
6.8383752e-01   3990317  1.3412669e+02  1.3479300e+02  5.9677314e+01
7.2424344e-01   4738457  1.2467075e+02  1.2387100e+02  5.0459430e+01
7.6703215e-01   5629661  1.1686109e+02  1.1737265e+02  4.5535351e+01
8.1235262e-01   6687903  1.1070203e+02  1.1004151e+02  3.8713612e+01
8.6035444e-01   7945758  1.0624257e+02  1.0649179e+02  3.4493630e+01
9.1118812e-01   9436555  1.0357781e+02  1.0356183e+02  2.9880892e+01
9.6501980e-01  11210320  1.0260633e+02  1.0227337e+02  2.5948523e+01
1.0220366e+00  13318613  1.0295043e+02  1.0333525e+02  2.2886947e+01
1.0824208e+00  15819192  1.0423328e+02  1.0409065e+02  1.9787766e+01
1.1463741e+00  18795348  1.0572736e+02  1.0523141e+02  1.7152142e+01
1.2141088e+00  22326034  1.0671576e+02  1.0664984e+02  1.5011082e+01
1.2858419e+00  26520842  1.0670985e+02  1.0678308e+02  1.3082331e+01
1.3618105e+00  31503438  1.0585427e+02  1.0595637e+02  1.1373375e+01
1.4422695e+00  37426927  1.0425549e+02  1.0435855e+02  9.8814270e+00
1.5275481e+00  44525830  1.0229082e+02  1.0227713e+02  8.5728044e+00
