# Power spectrum from CO𝘕CEPT job 4700077 at t = 2.2266327 Gyr, a = 0.25641026
#
# Components:
#   0: matter  (upstream grid size 1024)
#
#                           grid size 1024
# ╭────────────────────────────────────────────────────────────────╮
#                         component 0    (corrected)      (linear)
#                        σ₈ = 2.46e-01  σ₈ = 2.46e-01  σ₈ = 2.45e-01
#  k [Mpc⁻¹]    modes       P [Mpc³]       P [Mpc³]       P [Mpc³]
3.0679616e-03         3  4.7637476e+03  4.7637476e+03  4.7641830e+03
5.8212951e-03        25  6.9615475e+03  6.9952062e+03  6.9932024e+03
1.0440195e-02       124  8.0904791e+03  8.1831559e+03  8.2093291e+03
1.6729547e-02       418  7.3053312e+03  7.3721859e+03  7.3644144e+03
2.3240110e-02       730  5.6514616e+03  5.6524626e+03  5.6824047e+03
2.9075630e-02      1012  4.4794001e+03  4.4686579e+03  4.4667885e+03
3.4544381e-02      1408  3.7634437e+03  3.7550016e+03  3.7493491e+03
3.9898901e-02      1841  3.3078102e+03  3.3055624e+03  3.3236068e+03
4.5580519e-02      2698  2.9712613e+03  2.9743124e+03  2.9839529e+03
5.1612543e-02      3532  2.5814459e+03  2.5854805e+03  2.6037169e+03
5.7899473e-02      4702  2.1499620e+03  2.1500890e+03  2.1660605e+03
6.4462744e-02      6019  1.7569894e+03  1.7525579e+03  1.7561911e+03
7.1309305e-02      7766  1.4692247e+03  1.4635939e+03  1.4688662e+03
7.8556104e-02     10012  1.3147635e+03  1.3121490e+03  1.3167400e+03
8.6194331e-02     12589  1.2252513e+03  1.2270720e+03  1.2289225e+03
9.4153926e-02     15650  1.1011052e+03  1.1040641e+03  1.1080512e+03
1.0254095e-01     19757  9.2492313e+02  9.2481150e+02  9.2883478e+02
1.1136076e-01     24241  7.6179923e+02  7.5903304e+02  7.5718325e+02
1.2060245e-01     29993  6.5252414e+02  6.5060754e+02  6.4825619e+02
1.3029316e-01     36494  5.8172616e+02  5.8228407e+02  5.8190970e+02
1.4046583e-01     44825  5.1279435e+02  5.1332345e+02  5.1008007e+02
1.5111985e-01     53906  4.3985125e+02  4.3858903e+02  4.3364042e+02
1.6229170e-01     65729  3.8792344e+02  3.8690779e+02  3.8391647e+02
1.7401323e-01     78746  3.5557010e+02  3.5632339e+02  3.5501010e+02
1.8625264e-01     94374  3.1482192e+02  3.1528809e+02  3.1356478e+02
1.9902230e-01    112166  2.6643235e+02  2.6590774e+02  2.6253700e+02
2.1238854e-01    134373  2.2975745e+02  2.2918961e+02  2.2366249e+02
2.2637810e-01    159077  2.0434965e+02  2.0414385e+02  1.9832146e+02
2.4096993e-01    188172  1.8280688e+02  1.8261885e+02  1.7875987e+02
2.5621802e-01    222492  1.6541891e+02  1.6560078e+02  1.6297549e+02
2.7214102e-01    261771  1.4641454e+02  1.4659320e+02  1.4377027e+02
2.8873063e-01    306759  1.2651959e+02  1.2626737e+02  1.2159427e+02
3.0605468e-01    360898  1.1119622e+02  1.1082034e+02  1.0502974e+02
3.2421519e-01    425046  1.0079940e+02  1.0079177e+02  9.6510578e+01
3.4337900e-01    505555  9.0561570e+01  9.0790544e+01  8.8383876e+01
3.6368055e-01    600292  7.9446559e+01  7.9402394e+01  7.5777431e+01
3.8517334e-01    712930  6.9656094e+01  6.9350651e+01  6.4284912e+01
4.0793004e-01    846715  6.2394129e+01  6.2395658e+01  5.8777150e+01
4.3202621e-01   1005596  5.5791416e+01  5.5972670e+01  5.3336756e+01
4.5754560e-01   1194719  4.8698115e+01  4.8486075e+01  4.4672845e+01
4.8457948e-01   1419743  4.3054849e+01  4.2959590e+01  3.9492283e+01
5.1321525e-01   1686576  3.8256495e+01  3.8451712e+01  3.6169938e+01
5.4354215e-01   2003484  3.3577535e+01  3.3376162e+01  3.0272919e+01
5.7565178e-01   2378778  2.9597883e+01  2.9615253e+01  2.7183961e+01
6.0966698e-01   2828400  2.6068109e+01  2.6110361e+01  2.4055385e+01
6.4568974e-01   3356890  2.2889416e+01  2.2785873e+01  2.0487146e+01
6.8383752e-01   3990317  2.0183843e+01  2.0284112e+01  1.8566233e+01
7.2424344e-01   4738457  1.7821337e+01  1.7707015e+01  1.5698456e+01
7.6703215e-01   5629661  1.5924493e+01  1.5994202e+01  1.4166525e+01
8.1235262e-01   6687903  1.4495756e+01  1.4409265e+01  1.2044213e+01
8.6035444e-01   7945758  1.3713741e+01  1.3745910e+01  1.0731334e+01
9.1118812e-01   9436555  1.3686981e+01  1.3684869e+01  9.2962637e+00
9.6501980e-01  11210320  1.4532763e+01  1.4485603e+01  8.0728634e+00
1.0220366e+00  13318613  1.6570257e+01  1.6632195e+01  7.1203756e+00
1.0824208e+00  15819192  2.0224499e+01  2.0196825e+01  6.1561884e+00
1.1463741e+00  18795348  2.6124840e+01  2.6002292e+01  5.3362184e+00
1.2141088e+00  22326034  3.4726765e+01  3.4705317e+01  4.6701125e+00
1.2858419e+00  26520842  4.6319761e+01  4.6351549e+01  4.0700579e+00
1.3618105e+00  31503438  5.9476510e+01  5.9533875e+01  3.5383841e+00
1.4422695e+00  37426927  6.9956076e+01  7.0025225e+01  3.0742234e+00
1.5275481e+00  44525830  7.3357652e+01  7.3347830e+01  2.6670971e+00
