# Power spectrum from CO𝘕CEPT job 4700077 at t = 6.7615801 Gyr, a = 0.55555556
#
# Components:
#   0: matter  (upstream grid size 1024)
#
#                           grid size 1024
# ╭────────────────────────────────────────────────────────────────╮
#                         component 0    (corrected)      (linear)
#                        σ₈ = 5.24e-01  σ₈ = 5.24e-01  σ₈ = 5.01e-01
#  k [Mpc⁻¹]    modes       P [Mpc³]       P [Mpc³]       P [Mpc³]
3.0679616e-03         3  2.0046365e+04  2.0046365e+04  2.0033211e+04
5.8212951e-03        25  2.9278416e+04  2.9419975e+04  2.9385056e+04
1.0440195e-02       124  3.3864300e+04  3.4252218e+04  3.4469001e+04
1.6729547e-02       418  3.0680267e+04  3.0961037e+04  3.0905442e+04
2.3240110e-02       730  2.3559314e+04  2.3563487e+04  2.3839940e+04
2.9075630e-02      1012  1.8784985e+04  1.8739936e+04  1.8737170e+04
3.4544381e-02      1408  1.5807133e+04  1.5771675e+04  1.5726259e+04
3.9898901e-02      1841  1.3789464e+04  1.3780093e+04  1.3939679e+04
4.5580519e-02      2698  1.2423893e+04  1.2436651e+04  1.2514545e+04
5.1612543e-02      3532  1.0756079e+04  1.0772890e+04  1.0919469e+04
5.7899473e-02      4702  8.9744226e+03  8.9749527e+03  9.0837790e+03
6.4462744e-02      6019  7.4234919e+03  7.4047681e+03  7.3647600e+03
7.1309305e-02      7766  6.2335022e+03  6.2096123e+03  6.1597327e+03
7.8556104e-02     10012  5.5930122e+03  5.5818900e+03  5.5217134e+03
8.6194331e-02     12589  5.2151059e+03  5.2228552e+03  5.1533977e+03
9.4153926e-02     15650  4.6879788e+03  4.7005765e+03  4.6464922e+03
1.0254095e-01     19757  3.9832340e+03  3.9827533e+03  3.8949392e+03
1.1136076e-01     24241  3.3603518e+03  3.3481500e+03  3.1751234e+03
1.2060245e-01     29993  2.9156873e+03  2.9071233e+03  2.7183423e+03
1.3029316e-01     36494  2.6080540e+03  2.6105552e+03  2.4401206e+03
1.4046583e-01     44825  2.3254025e+03  2.3278018e+03  2.1389101e+03
1.5111985e-01     53906  2.0478242e+03  2.0419477e+03  1.8183716e+03
1.6229170e-01     65729  1.8233565e+03  1.8185827e+03  1.6098616e+03
1.7401323e-01     78746  1.6702723e+03  1.6738108e+03  1.4886465e+03
1.8625264e-01     94374  1.5009468e+03  1.5031693e+03  1.3148535e+03
1.9902230e-01    112166  1.3163675e+03  1.3137756e+03  1.1008798e+03
2.1238854e-01    134373  1.1723640e+03  1.1694666e+03  9.3786856e+02
2.2637810e-01    159077  1.0655960e+03  1.0645228e+03  8.3160679e+02
2.4096993e-01    188172  9.6606875e+02  9.6507506e+02  7.4957985e+02
2.5621802e-01    222492  8.8471198e+02  8.8568471e+02  6.8339183e+02
2.7214102e-01    261771  8.0436669e+02  8.0534819e+02  6.0285971e+02
2.8873063e-01    306759  7.2692752e+02  7.2547836e+02  5.0987061e+02
3.0605468e-01    360898  6.6185154e+02  6.5961426e+02  4.4041175e+02
3.2421519e-01    425046  6.0960385e+02  6.0955769e+02  4.0468890e+02
3.4337900e-01    505555  5.5812354e+02  5.5953469e+02  3.7061178e+02
3.6368055e-01    600292  5.1137376e+02  5.1108947e+02  3.1775022e+02
3.8517334e-01    712930  4.7011283e+02  4.6805138e+02  2.6955964e+02
4.0793004e-01    846715  4.3217562e+02  4.3218621e+02  2.4646439e+02
4.3202621e-01   1005596  3.9765857e+02  3.9895047e+02  2.2365166e+02
4.5754560e-01   1194719  3.6592923e+02  3.6433591e+02  1.8732209e+02
4.8457948e-01   1419743  3.3717102e+02  3.3642502e+02  1.6559893e+02
5.1321525e-01   1686576  3.1126977e+02  3.1285814e+02  1.5166764e+02
5.4354215e-01   2003484  2.8776323e+02  2.8603744e+02  1.2694025e+02
5.7565178e-01   2378778  2.6623853e+02  2.6639477e+02  1.1398763e+02
6.0966698e-01   2828400  2.4714787e+02  2.4754845e+02  1.0086888e+02
6.4568974e-01   3356890  2.2971420e+02  2.2867507e+02  8.5906545e+01
6.8383752e-01   3990317  2.1434258e+02  2.1540739e+02  7.7851769e+01
7.2424344e-01   4738457  2.0090848e+02  1.9961967e+02  6.5826617e+01
7.6703215e-01   5629661  1.8952143e+02  1.9035105e+02  5.9402931e+01
8.1235262e-01   6687903  1.8004247e+02  1.7896822e+02  5.0503660e+01
8.6035444e-01   7945758  1.7252563e+02  1.7293033e+02  4.4998501e+01
9.1118812e-01   9436555  1.6686541e+02  1.6683966e+02  3.8980974e+01
9.6501980e-01  11210320  1.6261608e+02  1.6208838e+02  3.3851020e+01
1.0220366e+00  13318613  1.5934989e+02  1.5994552e+02  2.9857054e+01
1.0824208e+00  15819192  1.5646388e+02  1.5624978e+02  2.5814031e+01
1.1463741e+00  18795348  1.5358369e+02  1.5286325e+02  2.2375740e+01
1.2141088e+00  22326034  1.5015619e+02  1.5006345e+02  1.9582630e+01
1.2858419e+00  26520842  1.4614526e+02  1.4624555e+02  1.7066486e+01
1.3618105e+00  31503438  1.4168645e+02  1.4182311e+02  1.4837077e+01
1.4422695e+00  37426927  1.3698358e+02  1.3711899e+02  1.2890763e+01
1.5275481e+00  44525830  1.3205217e+02  1.3203449e+02  1.1183605e+01
