# Power spectrum from CO𝘕CEPT job 4700077 at t = 6.2820866 Gyr, a = 0.52631579
#
# Components:
#   0: matter  (upstream grid size 1024)
#
#                           grid size 1024
# ╭────────────────────────────────────────────────────────────────╮
#                         component 0    (corrected)      (linear)
#                        σ₈ = 4.99e-01  σ₈ = 4.99e-01  σ₈ = 4.79e-01
#  k [Mpc⁻¹]    modes       P [Mpc³]       P [Mpc³]       P [Mpc³]
3.0679616e-03         3  1.8292017e+04  1.8292017e+04  1.8279227e+04
5.8212951e-03        25  2.6717139e+04  2.6846315e+04  2.6813428e+04
1.0440195e-02       124  3.0914826e+04  3.1268956e+04  3.1453933e+04
1.6729547e-02       418  2.8000833e+04  2.8257083e+04  2.8203109e+04
2.3240110e-02       730  2.1516152e+04  2.1519963e+04  2.1755863e+04
2.9075630e-02      1012  1.7147354e+04  1.7106233e+04  1.7099368e+04
3.4544381e-02      1408  1.4427288e+04  1.4394925e+04  1.4351740e+04
3.9898901e-02      1841  1.2594129e+04  1.2585571e+04  1.2721374e+04
4.5580519e-02      2698  1.1344085e+04  1.1355734e+04  1.1420837e+04
5.1612543e-02      3532  9.8244231e+03  9.8397780e+03  9.9651915e+03
5.7899473e-02      4702  8.1954333e+03  8.1959173e+03  8.2899455e+03
6.4462744e-02      6019  6.7710141e+03  6.7539360e+03  6.7211638e+03
7.1309305e-02      7766  5.6826187e+03  5.6608401e+03  5.6214501e+03
7.8556104e-02     10012  5.0973801e+03  5.0872434e+03  5.0391913e+03
8.6194331e-02     12589  4.7534920e+03  4.7605553e+03  4.7030657e+03
9.4153926e-02     15650  4.2731500e+03  4.2846329e+03  4.2404596e+03
1.0254095e-01     19757  3.6260281e+03  3.6255905e+03  3.5545831e+03
1.1136076e-01     24241  3.0513966e+03  3.0403167e+03  2.8976693e+03
1.2060245e-01     29993  2.6441498e+03  2.6363834e+03  2.4808045e+03
1.3029316e-01     36494  2.3640678e+03  2.3663351e+03  2.2268955e+03
1.4046583e-01     44825  2.1062506e+03  2.1084238e+03  1.9520063e+03
1.5111985e-01     53906  1.8498475e+03  1.8445391e+03  1.6594778e+03
1.6229170e-01     65729  1.6453530e+03  1.6410452e+03  1.4691882e+03
1.7401323e-01     78746  1.5070844e+03  1.5102772e+03  1.3585655e+03
1.8625264e-01     94374  1.3524227e+03  1.3544253e+03  1.1999590e+03
1.9902230e-01    112166  1.1822325e+03  1.1799047e+03  1.0046829e+03
2.1238854e-01    134373  1.0503238e+03  1.0477279e+03  8.5591598e+02
2.2637810e-01    159077  9.5273036e+02  9.5177088e+02  7.5893963e+02
2.4096993e-01    188172  8.6239197e+02  8.6150492e+02  6.8408039e+02
2.5621802e-01    222492  7.8886103e+02  7.8972837e+02  6.2367603e+02
2.7214102e-01    261771  7.1525677e+02  7.1612954e+02  5.5018097e+02
2.8873063e-01    306759  6.4445333e+02  6.4316859e+02  4.6531742e+02
3.0605468e-01    360898  5.8511238e+02  5.8313450e+02  4.0192799e+02
3.2421519e-01    425046  5.3815894e+02  5.3811819e+02  3.6932667e+02
3.4337900e-01    505555  4.9149766e+02  4.9274035e+02  3.3822726e+02
3.6368055e-01    600292  4.4907825e+02  4.4882860e+02  2.8998483e+02
3.8517334e-01    712930  4.1168537e+02  4.0988012e+02  2.4600520e+02
4.0793004e-01    846715  3.7738166e+02  3.7739091e+02  2.2492805e+02
4.3202621e-01   1005596  3.4636763e+02  3.4749290e+02  2.0410872e+02
4.5754560e-01   1194719  3.1777378e+02  3.1639014e+02  1.7095368e+02
4.8457948e-01   1419743  2.9194825e+02  2.9130231e+02  1.5112871e+02
5.1321525e-01   1686576  2.6876614e+02  2.7013761e+02  1.3841476e+02
5.4354215e-01   2003484  2.4775029e+02  2.4626446e+02  1.1584808e+02
5.7565178e-01   2378778  2.2850911e+02  2.2864321e+02  1.0402727e+02
6.0966698e-01   2828400  2.1146947e+02  2.1181222e+02  9.2054854e+01
6.4568974e-01   3356890  1.9593639e+02  1.9505005e+02  7.8399946e+01
6.8383752e-01   3990317  1.8231126e+02  1.8321694e+02  7.1049005e+01
7.2424344e-01   4738457  1.7044924e+02  1.6935582e+02  6.0074624e+01
7.6703215e-01   5629661  1.6047451e+02  1.6117698e+02  5.4212246e+01
8.1235262e-01   6687903  1.5233390e+02  1.5142498e+02  4.6090603e+01
8.6035444e-01   7945758  1.4608197e+02  1.4642464e+02  4.1066490e+01
9.1118812e-01   9436555  1.4168119e+02  1.4165933e+02  3.5574781e+01
9.6501980e-01  11210320  1.3883645e+02  1.3838592e+02  3.0893087e+01
1.0220366e+00  13318613  1.3706340e+02  1.3757573e+02  2.7248118e+01
1.0824208e+00  15819192  1.3585988e+02  1.3567398e+02  2.3558379e+01
1.1463741e+00  18795348  1.3466886e+02  1.3403715e+02  2.0420529e+01
1.2141088e+00  22326034  1.3292190e+02  1.3283981e+02  1.7871483e+01
1.2858419e+00  26520842  1.3042343e+02  1.3051293e+02  1.5575203e+01
1.3618105e+00  31503438  1.2738169e+02  1.2750455e+02  1.3540601e+01
1.4422695e+00  37426927  1.2393439e+02  1.2405690e+02  1.1764358e+01
1.5275481e+00  44525830  1.2016622e+02  1.2015013e+02  1.0206373e+01
