# Power spectrum from CO𝘕CEPT job 4700077 at t = 12.445082 Gyr, a = 0.90909091
#
# Components:
#   0: matter  (upstream grid size 1024)
#
#                           grid size 1024
# ╭────────────────────────────────────────────────────────────────╮
#                         component 0    (corrected)      (linear)
#                        σ₈ = 7.79e-01  σ₈ = 7.79e-01  σ₈ = 7.14e-01
#  k [Mpc⁻¹]    modes       P [Mpc³]       P [Mpc³]       P [Mpc³]
3.0679616e-03         3  4.0678027e+04  4.0678027e+04  4.0675977e+04
5.8212951e-03        25  5.9390940e+04  5.9678093e+04  5.9646405e+04
1.0440195e-02       124  6.8413497e+04  6.9197177e+04  6.9940889e+04
1.6729547e-02       418  6.2114822e+04  6.2683266e+04  6.2691695e+04
2.3240110e-02       730  4.7389248e+04  4.7397641e+04  4.8350866e+04
2.9075630e-02      1012  3.7955781e+04  3.7864758e+04  3.7998030e+04
3.4544381e-02      1408  3.1974092e+04  3.1902369e+04  3.1890095e+04
3.9898901e-02      1841  2.7718031e+04  2.7699195e+04  2.8266007e+04
4.5580519e-02      2698  2.5030718e+04  2.5056422e+04  2.5375361e+04
5.1612543e-02      3532  2.1601281e+04  2.1635042e+04  2.2140489e+04
5.7899473e-02      4702  1.8064029e+04  1.8065096e+04  1.8418037e+04
6.4462744e-02      6019  1.5124935e+04  1.5086786e+04  1.4932355e+04
7.1309305e-02      7766  1.2781980e+04  1.2732993e+04  1.2488949e+04
7.8556104e-02     10012  1.1501449e+04  1.1478578e+04  1.1195237e+04
8.6194331e-02     12589  1.0700161e+04  1.0716061e+04  1.0448388e+04
9.4153926e-02     15650  9.6077139e+03  9.6335321e+03  9.4205822e+03
1.0254095e-01     19757  8.2809296e+03  8.2799301e+03  7.8967909e+03
1.1136076e-01     24241  7.1645534e+03  7.1385380e+03  6.4373691e+03
1.2060245e-01     29993  6.2983604e+03  6.2798607e+03  5.5112505e+03
1.3029316e-01     36494  5.6660848e+03  5.6715188e+03  4.9471581e+03
1.4046583e-01     44825  5.0821414e+03  5.0873851e+03  4.3364641e+03
1.5111985e-01     53906  4.5884765e+03  4.5753091e+03  3.6865895e+03
1.6229170e-01     65729  4.1312964e+03  4.1204800e+03  3.2638467e+03
1.7401323e-01     78746  3.7964909e+03  3.8045338e+03  3.0180888e+03
1.8625264e-01     94374  3.4513976e+03  3.4565082e+03  2.6657359e+03
1.9902230e-01    112166  3.1200624e+03  3.1139188e+03  2.2319224e+03
2.1238854e-01    134373  2.8313644e+03  2.8243668e+03  1.9014313e+03
2.2637810e-01    159077  2.6178863e+03  2.6152499e+03  1.6859949e+03
2.4096993e-01    188172  2.4121839e+03  2.4097028e+03  1.5196926e+03
2.5621802e-01    222492  2.2320097e+03  2.2344638e+03  1.3855025e+03
2.7214102e-01    261771  2.0744489e+03  2.0769802e+03  1.2222315e+03
2.8873063e-01    306759  1.9200828e+03  1.9162550e+03  1.0337058e+03
3.0605468e-01    360898  1.7908916e+03  1.7848378e+03  8.9288525e+02
3.2421519e-01    425046  1.6674133e+03  1.6672871e+03  8.2046084e+02
3.4337900e-01    505555  1.5598916e+03  1.5638356e+03  7.5137302e+02
3.6368055e-01    600292  1.4602030e+03  1.4593912e+03  6.4420203e+02
3.8517334e-01    712930  1.3672944e+03  1.3612987e+03  5.4650099e+02
4.0793004e-01    846715  1.2853531e+03  1.2853846e+03  4.9967790e+02
4.3202621e-01   1005596  1.2044821e+03  1.2083951e+03  4.5342761e+02
4.5754560e-01   1194719  1.1329609e+03  1.1280278e+03  3.7977357e+02
4.8457948e-01   1419743  1.0638561e+03  1.0615023e+03  3.3573233e+02
5.1321525e-01   1686576  1.0032817e+03  1.0084013e+03  3.0748822e+02
5.4354215e-01   2003484  9.4275029e+02  9.3709636e+02  2.5735632e+02
5.7565178e-01   2378778  8.9053338e+02  8.9105600e+02  2.3109637e+02
6.0966698e-01   2828400  8.4012031e+02  8.4148200e+02  2.0449963e+02
6.4568974e-01   3356890  7.9366183e+02  7.9007162e+02  1.7416526e+02
6.8383752e-01   3990317  7.4985670e+02  7.5358183e+02  1.5783514e+02
7.2424344e-01   4738457  7.0954519e+02  7.0499352e+02  1.3345557e+02
7.6703215e-01   5629661  6.7201829e+02  6.7496003e+02  1.2043230e+02
8.1235262e-01   6687903  6.3670387e+02  6.3290489e+02  1.0239009e+02
8.6035444e-01   7945758  6.0344582e+02  6.0486136e+02  9.1229030e+01
9.1118812e-01   9436555  5.7170355e+02  5.7161534e+02  7.9029211e+01
9.6501980e-01  11210320  5.4071016e+02  5.3895553e+02  6.8628842e+01
1.0220366e+00  13318613  5.1094782e+02  5.1285769e+02  6.0531553e+01
1.0824208e+00  15819192  4.8144323e+02  4.8078445e+02  5.2334809e+01
1.1463741e+00  18795348  4.5280329e+02  4.5067926e+02  4.5364086e+01
1.2141088e+00  22326034  4.2480192e+02  4.2453955e+02  3.9701391e+01
1.2858419e+00  26520842  3.9773382e+02  3.9800677e+02  3.4600212e+01
1.3618105e+00  31503438  3.7158359e+02  3.7194199e+02  3.0080352e+01
1.4422695e+00  37426927  3.4641831e+02  3.4676073e+02  2.6134435e+01
1.5275481e+00  44525830  3.2235043e+02  3.2230726e+02  2.2673379e+01
