# Power spectrum from CO𝘕CEPT job 4700077 at t = 9.3732211 Gyr, a = 0.71428571
#
# Components:
#   0: matter  (upstream grid size 1024)
#
#                           grid size 1024
# ╭────────────────────────────────────────────────────────────────╮
#                         component 0    (corrected)      (linear)
#                        σ₈ = 6.52e-01  σ₈ = 6.52e-01  σ₈ = 6.10e-01
#  k [Mpc⁻¹]    modes       P [Mpc³]       P [Mpc³]       P [Mpc³]
3.0679616e-03         3  2.9697576e+04  2.9697576e+04  2.9689744e+04
5.8212951e-03        25  4.3366618e+04  4.3576294e+04  4.3541807e+04
1.0440195e-02       124  5.0055760e+04  5.0629151e+04  5.1064811e+04
1.6729547e-02       418  4.5402460e+04  4.5817961e+04  4.5778162e+04
2.3240110e-02       730  3.4749877e+04  3.4756032e+04  3.5309173e+04
2.9075630e-02      1012  2.7772817e+04  2.7706214e+04  2.7750061e+04
3.4544381e-02      1408  2.3383767e+04  2.3331313e+04  2.3290093e+04
3.9898901e-02      1841  2.0333068e+04  2.0319251e+04  2.0643756e+04
4.5580519e-02      2698  1.8341290e+04  1.8360125e+04  1.8532901e+04
5.1612543e-02      3532  1.5853380e+04  1.5878157e+04  1.6170516e+04
5.7899473e-02      4702  1.3241602e+04  1.3242384e+04  1.3451920e+04
6.4462744e-02      6019  1.1019867e+04  1.0992072e+04  1.0906180e+04
7.1309305e-02      7766  9.2808923e+03  9.2453234e+03  9.1216418e+03
7.8556104e-02     10012  8.3386782e+03  8.3220959e+03  8.1767859e+03
8.6194331e-02     12589  7.7681026e+03  7.7796454e+03  7.6313345e+03
9.4153926e-02     15650  6.9802608e+03  6.9990184e+03  6.8806656e+03
1.0254095e-01     19757  5.9721296e+03  5.9714088e+03  5.7677259e+03
1.1136076e-01     24241  5.1024366e+03  5.0839090e+03  4.7017923e+03
1.2060245e-01     29993  4.4564785e+03  4.4433889e+03  4.0253724e+03
1.3029316e-01     36494  3.9968329e+03  4.0006661e+03  3.6133701e+03
1.4046583e-01     44825  3.5749953e+03  3.5786839e+03  3.1673279e+03
1.5111985e-01     53906  3.1897974e+03  3.1806438e+03  2.6926667e+03
1.6229170e-01     65729  2.8557281e+03  2.8482513e+03  2.3839000e+03
1.7401323e-01     78746  2.6188113e+03  2.6243593e+03  2.2044014e+03
1.8625264e-01     94374  2.3683448e+03  2.3718517e+03  1.9470456e+03
1.9902230e-01    112166  2.1101329e+03  2.1059779e+03  1.6301906e+03
2.1238854e-01    134373  1.8988267e+03  1.8941338e+03  1.3888015e+03
2.2637810e-01    159077  1.7421943e+03  1.7404398e+03  1.2314478e+03
2.4096993e-01    188172  1.5923947e+03  1.5907568e+03  1.1099814e+03
2.5621802e-01    222492  1.4661787e+03  1.4677908e+03  1.0119695e+03
2.7214102e-01    261771  1.3498402e+03  1.3514873e+03  8.9271686e+02
2.8873063e-01    306759  1.2359525e+03  1.2334886e+03  7.5501804e+02
3.0605468e-01    360898  1.1400018e+03  1.1361482e+03  6.5216297e+02
3.2421519e-01    425046  1.0559996e+03  1.0559196e+03  5.9926434e+02
3.4337900e-01    505555  9.7830712e+02  9.8078065e+02  5.4880274e+02
3.6368055e-01    600292  9.0687950e+02  9.0637535e+02  4.7052515e+02
3.8517334e-01    712930  8.4276432e+02  8.3906878e+02  3.9916437e+02
4.0793004e-01    846715  7.8475129e+02  7.8477053e+02  3.6496484e+02
4.3202621e-01   1005596  7.2950205e+02  7.3187203e+02  3.3118366e+02
4.5754560e-01   1194719  6.7977020e+02  6.7681037e+02  2.7738676e+02
4.8457948e-01   1419743  6.3356780e+02  6.3216603e+02  2.4521904e+02
5.1321525e-01   1686576  5.9221758e+02  5.9523957e+02  2.2458956e+02
5.4354215e-01   2003484  5.5246214e+02  5.4914888e+02  1.8797321e+02
5.7565178e-01   2378778  5.1791568e+02  5.1821962e+02  1.6879294e+02
6.0966698e-01   2828400  4.8538525e+02  4.8617198e+02  1.4936667e+02
6.4568974e-01   3356890  4.5613151e+02  4.5406816e+02  1.2721044e+02
6.8383752e-01   3990317  4.2949734e+02  4.3163099e+02  1.1528291e+02
7.2424344e-01   4738457  4.0541301e+02  4.0281232e+02  9.7476061e+01
7.6703215e-01   5629661  3.8374187e+02  3.8542168e+02  8.7963859e+01
8.1235262e-01   6687903  3.6471764e+02  3.6254150e+02  7.4785815e+01
8.6035444e-01   7945758  3.4745618e+02  3.4827122e+02  6.6633772e+01
9.1118812e-01   9436555  3.3207804e+02  3.3202680e+02  5.7723015e+01
9.6501980e-01  11210320  3.1731308e+02  3.1628339e+02  5.0126577e+01
1.0220366e+00  13318613  3.0327905e+02  3.0441268e+02  4.4212311e+01
1.0824208e+00  15819192  2.8948239e+02  2.8908628e+02  3.8225403e+01
1.1463741e+00  18795348  2.7582358e+02  2.7452973e+02  3.3133981e+01
1.2141088e+00  22326034  2.6235499e+02  2.6219295e+02  2.8997943e+01
1.2858419e+00  26520842  2.4879132e+02  2.4896206e+02  2.5272038e+01
1.3618105e+00  31503438  2.3539636e+02  2.3562340e+02  2.1970728e+01
1.4422695e+00  37426927  2.2222302e+02  2.2244268e+02  1.9088626e+01
1.5275481e+00  44525830  2.0959710e+02  2.0956903e+02  1.6560668e+01
