# Power spectrum from CO𝘕CEPT job 4700077 at t = 3.1244076 Gyr, a = 0.32258065
#
# Components:
#   0: matter  (upstream grid size 1024)
#
#                           grid size 1024
# ╭────────────────────────────────────────────────────────────────╮
#                         component 0    (corrected)      (linear)
#                        σ₈ = 3.09e-01  σ₈ = 3.09e-01  σ₈ = 3.06e-01
#  k [Mpc⁻¹]    modes       P [Mpc³]       P [Mpc³]       P [Mpc³]
3.0679616e-03         3  7.4370222e+03  7.4370222e+03  7.4385618e+03
5.8212951e-03        25  1.0866227e+04  1.0918765e+04  1.0916298e+04
1.0440195e-02       124  1.2613955e+04  1.2758449e+04  1.2811582e+04
1.6729547e-02       418  1.1399583e+04  1.1503906e+04  1.1491304e+04
2.3240110e-02       730  8.8036929e+03  8.8052523e+03  8.8660316e+03
2.9075630e-02      1012  6.9880704e+03  6.9713121e+03  6.9690779e+03
3.4544381e-02      1408  5.8734003e+03  5.8602252e+03  5.8495927e+03
3.9898901e-02      1841  5.1532473e+03  5.1497454e+03  5.1852848e+03
4.5580519e-02      2698  4.6323232e+03  4.6370801e+03  4.6553236e+03
5.1612543e-02      3532  4.0213591e+03  4.0276442e+03  4.0620739e+03
5.7899473e-02      4702  3.3502270e+03  3.3504248e+03  3.3792609e+03
6.4462744e-02      6019  2.7446850e+03  2.7377623e+03  2.7398113e+03
7.1309305e-02      7766  2.2964799e+03  2.2876787e+03  2.2915501e+03
7.8556104e-02     10012  2.0561580e+03  2.0520691e+03  2.0542142e+03
8.6194331e-02     12589  1.9170790e+03  1.9199276e+03  1.9172074e+03
9.4153926e-02     15650  1.7230339e+03  1.7276641e+03  1.7286359e+03
1.0254095e-01     19757  1.4500894e+03  1.4499144e+03  1.4490434e+03
1.1136076e-01     24241  1.1998231e+03  1.1954664e+03  1.1812540e+03
1.2060245e-01     29993  1.0302732e+03  1.0272471e+03  1.0113197e+03
1.3029316e-01     36494  9.1883536e+02  9.1971657e+02  9.0781416e+02
1.4046583e-01     44825  8.1245879e+02  8.1329708e+02  7.9575495e+02
1.5111985e-01     53906  7.0035330e+02  6.9834353e+02  6.7650411e+02
1.6229170e-01     65729  6.1868037e+02  6.1706056e+02  5.9893152e+02
1.7401323e-01     78746  5.6689340e+02  5.6809437e+02  5.5383567e+02
1.8625264e-01     94374  5.0344425e+02  5.0418972e+02  4.8917843e+02
1.9902230e-01    112166  4.2933842e+02  4.2849303e+02  4.0957211e+02
2.1238854e-01    134373  3.7313556e+02  3.7221337e+02  3.4892564e+02
2.2637810e-01    159077  3.3339632e+02  3.3306056e+02  3.0939216e+02
2.4096993e-01    188172  2.9884075e+02  2.9853337e+02  2.7887496e+02
2.5621802e-01    222492  2.7101753e+02  2.7131551e+02  2.5425043e+02
2.7214102e-01    261771  2.4109860e+02  2.4139280e+02  2.2428923e+02
2.8873063e-01    306759  2.1090467e+02  2.1048422e+02  1.8969347e+02
3.0605468e-01    360898  1.8702930e+02  1.8639707e+02  1.6385190e+02
3.2421519e-01    425046  1.6999655e+02  1.6998368e+02  1.5056155e+02
3.4337900e-01    505555  1.5298901e+02  1.5337583e+02  1.3788345e+02
3.6368055e-01    600292  1.3589294e+02  1.3581739e+02  1.1821673e+02
3.8517334e-01    712930  1.2084763e+02  1.2031771e+02  1.0028779e+02
4.0793004e-01    846715  1.0868620e+02  1.0868887e+02  9.1695389e+01
4.3202621e-01   1005596  9.7715147e+01  9.8032600e+01  8.3208087e+01
4.5754560e-01   1194719  8.6742126e+01  8.6364436e+01  6.9691934e+01
4.8457948e-01   1419743  7.7500010e+01  7.7328541e+01  6.1609987e+01
5.1321525e-01   1686576  6.9457685e+01  6.9812117e+01  5.6426955e+01
5.4354215e-01   2003484  6.1939342e+01  6.1567875e+01  4.7227300e+01
5.7565178e-01   2378778  5.5378259e+01  5.5410759e+01  4.2408366e+01
6.0966698e-01   2828400  4.9448296e+01  4.9528443e+01  3.7527626e+01
6.4568974e-01   3356890  4.4198195e+01  4.3998260e+01  3.1960990e+01
6.8383752e-01   3990317  3.9676991e+01  3.9874098e+01  2.8964265e+01
7.2424344e-01   4738457  3.5757493e+01  3.5528112e+01  2.4490386e+01
7.6703215e-01   5629661  3.2613122e+01  3.2755884e+01  2.2100496e+01
8.1235262e-01   6687903  3.0242608e+01  3.0062161e+01  1.8789580e+01
8.6035444e-01   7945758  2.8836058e+01  2.8903700e+01  1.6741421e+01
9.1118812e-01   9436555  2.8564560e+01  2.8560153e+01  1.4502639e+01
9.6501980e-01  11210320  2.9580032e+01  2.9484044e+01  1.2594072e+01
1.0220366e+00  13318613  3.2180909e+01  3.2301198e+01  1.1108142e+01
1.0824208e+00  15819192  3.6658542e+01  3.6608381e+01  9.6039611e+00
1.1463741e+00  18795348  4.3175149e+01  4.2972620e+01  8.3247664e+00
1.2141088e+00  22326034  5.1150321e+01  5.1118729e+01  7.2856073e+00
1.2858419e+00  26520842  5.9543121e+01  5.9583983e+01  6.3494916e+00
1.3618105e+00  31503438  6.6472698e+01  6.6536812e+01  5.5200536e+00
1.4422695e+00  37426927  7.0276902e+01  7.0346368e+01  4.7959392e+00
1.5275481e+00  44525830  7.1253061e+01  7.1243520e+01  4.1608017e+00
