# Power spectrum from CO𝘕CEPT job 4700077 at t = 2.6134194 Gyr, a = 0.28571429
#
# Components:
#   0: matter  (upstream grid size 1024)
#
#                           grid size 1024
# ╭────────────────────────────────────────────────────────────────╮
#                         component 0    (corrected)      (linear)
#                        σ₈ = 2.74e-01  σ₈ = 2.74e-01  σ₈ = 2.72e-01
#  k [Mpc⁻¹]    modes       P [Mpc³]       P [Mpc³]       P [Mpc³]
3.0679616e-03         3  5.8827621e+03  5.8827621e+03  5.8836624e+03
5.8212951e-03        25  8.5960913e+03  8.6376530e+03  8.6354870e+03
1.0440195e-02       124  9.9849723e+03  1.0099351e+04  1.0136055e+04
1.6729547e-02       418  9.0194494e+03  9.1019909e+03  9.0922179e+03
2.3240110e-02       730  6.9721966e+03  6.9734316e+03  7.0153309e+03
2.9075630e-02      1012  5.5298325e+03  5.5165713e+03  5.5144671e+03
3.4544381e-02      1408  4.6467765e+03  4.6363530e+03  4.6287041e+03
3.9898901e-02      1841  4.0810021e+03  4.0782289e+03  4.1030811e+03
4.5580519e-02      2698  3.6669785e+03  3.6707441e+03  3.6837500e+03
5.1612543e-02      3532  3.1847509e+03  3.1897284e+03  3.2143281e+03
5.7899473e-02      4702  2.6527565e+03  2.6529132e+03  2.6740265e+03
6.4462744e-02      6019  2.1702042e+03  2.1647305e+03  2.1680330e+03
7.1309305e-02      7766  1.8151649e+03  1.8082083e+03  1.8133246e+03
7.8556104e-02     10012  1.6247083e+03  1.6214774e+03  1.6255215e+03
8.6194331e-02     12589  1.5144478e+03  1.5166982e+03  1.5171087e+03
9.4153926e-02     15650  1.3610611e+03  1.3647186e+03  1.3678914e+03
1.0254095e-01     19757  1.1441632e+03  1.1440251e+03  1.1466475e+03
1.1136076e-01     24241  9.4419649e+02  9.4076801e+02  9.3474287e+02
1.2060245e-01     29993  8.0960147e+02  8.0722349e+02  8.0027198e+02
1.3029316e-01     36494  7.2185579e+02  7.2254809e+02  7.1836696e+02
1.4046583e-01     44825  6.3719304e+02  6.3785049e+02  6.2969311e+02
1.5111985e-01     53906  5.4768985e+02  5.4611817e+02  5.3532831e+02
1.6229170e-01     65729  4.8334868e+02  4.8208319e+02  4.7394405e+02
1.7401323e-01     78746  4.4296887e+02  4.4390730e+02  4.3825911e+02
1.8625264e-01     94374  3.9270525e+02  3.9328674e+02  3.8709488e+02
1.9902230e-01    112166  3.3343687e+02  3.3278032e+02  3.2410117e+02
2.1238854e-01    134373  2.8851449e+02  2.8780143e+02  2.7611066e+02
2.2637810e-01    159077  2.5711511e+02  2.5685617e+02  2.4482720e+02
2.4096993e-01    188172  2.3018278e+02  2.2994602e+02  2.2067846e+02
2.5621802e-01    222492  2.0847462e+02  2.0870383e+02  2.0119268e+02
2.7214102e-01    261771  1.8491697e+02  1.8514261e+02  1.7748389e+02
2.8873063e-01    306759  1.6066304e+02  1.6034275e+02  1.5010768e+02
3.0605468e-01    360898  1.4177019e+02  1.4129096e+02  1.2965882e+02
3.2421519e-01    425046  1.2864223e+02  1.2863249e+02  1.1914194e+02
3.4337900e-01    505555  1.1563052e+02  1.1592287e+02  1.0910956e+02
3.6368055e-01    600292  1.0200907e+02  1.0195236e+02  9.3546944e+01
3.8517334e-01    712930  9.0017851e+01  8.9623121e+01  7.9359470e+01
4.0793004e-01    846715  8.0756805e+01  8.0758785e+01  7.2560157e+01
4.3202621e-01   1005596  7.2367456e+01  7.2602561e+01  6.5844009e+01
4.5754560e-01   1194719  6.3659539e+01  6.3382354e+01  5.5148444e+01
4.8457948e-01   1419743  5.6540146e+01  5.6415051e+01  4.8753061e+01
5.1321525e-01   1686576  5.0414327e+01  5.0671583e+01  4.4651638e+01
5.4354215e-01   2003484  4.4578603e+01  4.4311254e+01  3.7371791e+01
5.7565178e-01   2378778  3.9541163e+01  3.9564368e+01  3.3558485e+01
6.0966698e-01   2828400  3.5033818e+01  3.5090602e+01  2.9696271e+01
6.4568974e-01   3356890  3.1017704e+01  3.0877392e+01  2.5291294e+01
6.8383752e-01   3990317  2.7568866e+01  2.7705823e+01  2.2919934e+01
7.2424344e-01   4738457  2.4576601e+01  2.4418944e+01  1.9379675e+01
7.6703215e-01   5629661  2.2176072e+01  2.2273147e+01  1.7488514e+01
8.1235262e-01   6687903  2.0368508e+01  2.0246976e+01  1.4868527e+01
8.6035444e-01   7945758  1.9343765e+01  1.9389141e+01  1.3247784e+01
9.1118812e-01   9436555  1.9237683e+01  1.9234715e+01  1.1476196e+01
9.6501980e-01  11210320  2.0190365e+01  2.0124846e+01  9.9659133e+00
1.0220366e+00  13318613  2.2536267e+01  2.2620505e+01  8.7900711e+00
1.0824208e+00  15819192  2.6676241e+01  2.6639739e+01  7.5997860e+00
1.1463741e+00  18795348  3.3083229e+01  3.2928040e+01  6.5875367e+00
1.2141088e+00  22326034  4.1743735e+01  4.1717953e+01  5.7652318e+00
1.2858419e+00  26520842  5.2184854e+01  5.2220667e+01  5.0244670e+00
1.3618105e+00  31503438  6.2377500e+01  6.2437664e+01  4.3681180e+00
1.4422695e+00  37426927  6.9059082e+01  6.9127345e+01  3.7951135e+00
1.5275481e+00  44525830  7.0818277e+01  7.0808795e+01  3.2925179e+00
