# Power spectrum from CO𝘕CEPT job 4700077 at t = 5.8535475 Gyr, a = 0.5
#
# Components:
#   0: matter  (upstream grid size 1024)
#
#                           grid size 1024
# ╭────────────────────────────────────────────────────────────────╮
#                         component 0    (corrected)      (linear)
#                        σ₈ = 4.75e-01  σ₈ = 4.75e-01  σ₈ = 4.58e-01
#  k [Mpc⁻¹]    modes       P [Mpc³]       P [Mpc³]       P [Mpc³]
3.0679616e-03         3  1.6737412e+04  1.6737412e+04  1.6726163e+04
5.8212951e-03        25  2.4447374e+04  2.4565576e+04  2.4536291e+04
1.0440195e-02       124  2.8299415e+04  2.8623587e+04  2.8784018e+04
1.6729547e-02       418  2.5625617e+04  2.5860130e+04  2.5810034e+04
2.3240110e-02       730  1.9703135e+04  1.9706625e+04  1.9910243e+04
2.9075630e-02      1012  1.5695164e+04  1.5657525e+04  1.5648942e+04
3.4544381e-02      1408  1.3203888e+04  1.3174269e+04  1.3134464e+04
3.9898901e-02      1841  1.1533276e+04  1.1525438e+04  1.1642434e+04
4.5580519e-02      2698  1.0386085e+04  1.0396751e+04  1.0452237e+04
5.1612543e-02      3532  8.9974386e+03  9.0115010e+03  9.1200694e+03
5.7899473e-02      4702  7.5042115e+03  7.5046547e+03  7.5869126e+03
6.4462744e-02      6019  6.1931672e+03  6.1775466e+03  6.1511823e+03
7.1309305e-02      7766  5.1952457e+03  5.1753350e+03  5.1447354e+03
7.8556104e-02     10012  4.6590811e+03  4.6498161e+03  4.6118587e+03
8.6194331e-02     12589  4.3450913e+03  4.3515478e+03  4.3042409e+03
9.4153926e-02     15650  3.9060717e+03  3.9165683e+03  3.8808670e+03
1.0254095e-01     19757  3.3106696e+03  3.3102700e+03  3.2531549e+03
1.1136076e-01     24241  2.7797251e+03  2.7696316e+03  2.6519486e+03
1.2060245e-01     29993  2.4058594e+03  2.3987929e+03  2.2704346e+03
1.3029316e-01     36494  2.1501531e+03  2.1522152e+03  2.0380576e+03
1.4046583e-01     44825  1.9142229e+03  1.9161980e+03  1.7864791e+03
1.5111985e-01     53906  1.6770534e+03  1.6722408e+03  1.5187569e+03
1.6229170e-01     65729  1.4902540e+03  1.4863523e+03  1.3446039e+03
1.7401323e-01     78746  1.3649613e+03  1.3678530e+03  1.2433619e+03
1.8625264e-01     94374  1.2232974e+03  1.2251088e+03  1.0982051e+03
1.9902230e-01    112166  1.0661161e+03  1.0640169e+03  9.1948816e+02
2.1238854e-01    134373  9.4491242e+02  9.4257710e+02  7.8333638e+02
2.2637810e-01    159077  8.5549875e+02  8.5463720e+02  6.9458345e+02
2.4096993e-01    188172  7.7329180e+02  7.7249640e+02  6.2607215e+02
2.5621802e-01    222492  7.0660029e+02  7.0737718e+02  5.7078996e+02
2.7214102e-01    261771  6.3905333e+02  6.3983312e+02  5.0352711e+02
2.8873063e-01    306759  5.7410614e+02  5.7296164e+02  4.2585978e+02
3.0605468e-01    360898  5.1986753e+02  5.1811021e+02  3.6784562e+02
3.2421519e-01    425046  4.7748786e+02  4.7745171e+02  3.3800882e+02
3.4337900e-01    505555  4.3511196e+02  4.3621208e+02  3.0954656e+02
3.6368055e-01    600292  3.9647518e+02  3.9625477e+02  2.6539496e+02
3.8517334e-01    712930  3.6243994e+02  3.6085064e+02  2.2514469e+02
4.0793004e-01    846715  3.3136745e+02  3.3137557e+02  2.0585482e+02
4.3202621e-01   1005596  3.0339521e+02  3.0438087e+02  1.8680091e+02
4.5754560e-01   1194719  2.7753523e+02  2.7632680e+02  1.5645733e+02
4.8457948e-01   1419743  2.5425473e+02  2.5369219e+02  1.3831346e+02
5.1321525e-01   1686576  2.3342989e+02  2.3462105e+02  1.2667761e+02
5.4354215e-01   2003484  2.1452478e+02  2.1323822e+02  1.0602452e+02
5.7565178e-01   2378778  1.9728579e+02  1.9740157e+02  9.5206078e+01
6.0966698e-01   2828400  1.8197421e+02  1.8226915e+02  8.4248887e+01
6.4568974e-01   3356890  1.6807132e+02  1.6731103e+02  7.1751874e+01
6.8383752e-01   3990317  1.5593413e+02  1.5670878e+02  6.5024271e+01
7.2424344e-01   4738457  1.4537932e+02  1.4444672e+02  5.4980484e+01
7.6703215e-01   5629661  1.3658042e+02  1.3717829e+02  4.9615218e+01
8.1235262e-01   6687903  1.2953133e+02  1.2875846e+02  4.2182265e+01
8.6035444e-01   7945758  1.2428167e+02  1.2457321e+02  3.7584182e+01
9.1118812e-01   9436555  1.2086154e+02  1.2084289e+02  3.2558152e+01
9.6501980e-01  11210320  1.1908690e+02  1.1870046e+02  2.8273452e+01
1.0220366e+00  13318613  1.1849976e+02  1.1894270e+02  2.4937565e+01
1.0824208e+00  15819192  1.1867389e+02  1.1851150e+02  2.1560704e+01
1.1463741e+00  18795348  1.1892673e+02  1.1836886e+02  1.8688934e+01
1.2141088e+00  22326034  1.1864360e+02  1.1857032e+02  1.6356040e+01
1.2858419e+00  26520842  1.1746004e+02  1.1754065e+02  1.4254477e+01
1.3618105e+00  31503438  1.1560516e+02  1.1571666e+02  1.2392403e+01
1.4422695e+00  37426927  1.1316755e+02  1.1327942e+02  1.0766779e+01
1.5275481e+00  44525830  1.1038436e+02  1.1036958e+02  9.3409068e+00
