# Power spectrum from CO𝘕CEPT job 4700077 at t = 8.5935747 Gyr, a = 0.66666667
#
# Components:
#   0: matter  (upstream grid size 1024)
#
#                           grid size 1024
# ╭────────────────────────────────────────────────────────────────╮
#                         component 0    (corrected)      (linear)
#                        σ₈ = 6.16e-01  σ₈ = 6.16e-01  σ₈ = 5.80e-01
#  k [Mpc⁻¹]    modes       P [Mpc³]       P [Mpc³]       P [Mpc³]
3.0679616e-03         3  2.6817679e+04  2.6817679e+04  2.6809582e+04
5.8212951e-03        25  3.9163097e+04  3.9352449e+04  3.9319622e+04
1.0440195e-02       124  4.5230081e+04  4.5748194e+04  4.6115510e+04
1.6729547e-02       418  4.1012592e+04  4.1387919e+04  4.1343000e+04
2.3240110e-02       730  3.1419018e+04  3.1424583e+04  3.1889088e+04
2.9075630e-02      1012  2.5094569e+04  2.5034389e+04  2.5062508e+04
3.4544381e-02      1408  2.1125433e+04  2.1078045e+04  2.1034667e+04
3.9898901e-02      1841  1.8385926e+04  1.8373432e+04  1.8644718e+04
4.5580519e-02      2698  1.6579426e+04  1.6596451e+04  1.6738348e+04
5.1612543e-02      3532  1.4337065e+04  1.4359473e+04  1.4604769e+04
5.7899473e-02      4702  1.1971298e+04  1.1972005e+04  1.2149443e+04
6.4462744e-02      6019  9.9454913e+03  9.9204065e+03  9.8502161e+03
7.1309305e-02      7766  8.3685424e+03  8.3364700e+03  8.2384767e+03
7.8556104e-02     10012  7.5159760e+03  7.5010297e+03  7.3851138e+03
8.6194331e-02     12589  7.0038766e+03  7.0142838e+03  6.8924812e+03
9.4153926e-02     15650  6.2944837e+03  6.3113984e+03  6.2144972e+03
1.0254095e-01     19757  5.3745077e+03  5.3738590e+03  5.2093138e+03
1.1136076e-01     24241  4.5753232e+03  4.5587096e+03  4.2465834e+03
1.2060245e-01     29993  3.9886484e+03  3.9769329e+03  3.6356539e+03
1.3029316e-01     36494  3.5743934e+03  3.5778214e+03  3.2635414e+03
1.4046583e-01     44825  3.1945128e+03  3.1978089e+03  2.8606841e+03
1.5111985e-01     53906  2.8399972e+03  2.8318474e+03  2.4319779e+03
1.6229170e-01     65729  2.5385504e+03  2.5319040e+03  2.1531048e+03
1.7401323e-01     78746  2.3269541e+03  2.3318838e+03  1.9909848e+03
1.8625264e-01     94374  2.1008623e+03  2.1039731e+03  1.7585450e+03
1.9902230e-01    112166  1.8636352e+03  1.8599656e+03  1.4723661e+03
2.1238854e-01    134373  1.6725587e+03  1.6684250e+03  1.2543470e+03
2.2637810e-01    159077  1.5307525e+03  1.5292109e+03  1.1122274e+03
2.4096993e-01    188172  1.3958593e+03  1.3944236e+03  1.0025206e+03
2.5621802e-01    222492  1.2833350e+03  1.2847460e+03  9.1399765e+02
2.7214102e-01    261771  1.1776209e+03  1.1790579e+03  8.0629033e+02
2.8873063e-01    306759  1.0745204e+03  1.0723783e+03  6.8192260e+02
3.0605468e-01    360898  9.8764777e+02  9.8430919e+02  5.8902526e+02
3.2421519e-01    425046  9.1355630e+02  9.1348712e+02  5.4124793e+02
3.4337900e-01    505555  8.4366107e+02  8.4579417e+02  4.9567168e+02
3.6368055e-01    600292  7.7968993e+02  7.7925649e+02  4.2497237e+02
3.8517334e-01    712930  7.2265033e+02  7.1948149e+02  3.6052024e+02
4.0793004e-01    846715  6.7068194e+02  6.7069838e+02  3.2963166e+02
4.3202621e-01   1005596  6.2188663e+02  6.2390699e+02  2.9912094e+02
4.5754560e-01   1194719  5.7767120e+02  5.7515592e+02  2.5053226e+02
4.8457948e-01   1419743  5.3691431e+02  5.3572638e+02  2.2147879e+02
5.1321525e-01   1686576  5.0022764e+02  5.0278023e+02  2.0284650e+02
5.4354215e-01   2003484  4.6573332e+02  4.6294019e+02  1.6977507e+02
5.7565178e-01   2378778  4.3523176e+02  4.3548718e+02  1.5245169e+02
6.0966698e-01   2828400  4.0704967e+02  4.0770943e+02  1.3490613e+02
6.4568974e-01   3356890  3.8161879e+02  3.7989251e+02  1.1489490e+02
6.8383752e-01   3990317  3.5865139e+02  3.6043310e+02  1.0412211e+02
7.2424344e-01   4738457  3.3807262e+02  3.3590391e+02  8.8039178e+01
7.6703215e-01   5629661  3.1994303e+02  3.2134357e+02  7.9447876e+01
8.1235262e-01   6687903  3.0417060e+02  3.0235572e+02  6.7545630e+01
8.6035444e-01   7945758  2.9029708e+02  2.9097804e+02  6.0182805e+01
9.1118812e-01   9436555  2.7831430e+02  2.7827136e+02  5.2134720e+01
9.6501980e-01  11210320  2.6708066e+02  2.6621397e+02  4.5273711e+01
1.0220366e+00  13318613  2.5665175e+02  2.5761108e+02  3.9932019e+01
1.0824208e+00  15819192  2.4638616e+02  2.4604902e+02  3.4524717e+01
1.1463741e+00  18795348  2.3616913e+02  2.3506129e+02  2.9926208e+01
1.2141088e+00  22326034  2.2594003e+02  2.2580048e+02  2.6190589e+01
1.2858419e+00  26520842  2.1545221e+02  2.1560007e+02  2.2825397e+01
1.3618105e+00  31503438  2.0492226e+02  2.0511991e+02  1.9843695e+01
1.4422695e+00  37426927  1.9452146e+02  1.9471373e+02  1.7240616e+01
1.5275481e+00  44525830  1.8443928e+02  1.8441459e+02  1.4957395e+01
