# Power spectrum from CO𝘕CEPT job 4700077 at t = 4.0359779 Gyr, a = 0.38461538
#
# Components:
#   0: matter  (upstream grid size 1024)
#
#                           grid size 1024
# ╭────────────────────────────────────────────────────────────────╮
#                         component 0    (corrected)      (linear)
#                        σ₈ = 3.68e-01  σ₈ = 3.68e-01  σ₈ = 3.61e-01
#  k [Mpc⁻¹]    modes       P [Mpc³]       P [Mpc³]       P [Mpc³]
3.0679616e-03         3  1.0386009e+04  1.0386009e+04  1.0386766e+04
5.8212951e-03        25  1.5173041e+04  1.5246402e+04  1.5240294e+04
1.0440195e-02       124  1.7595410e+04  1.7796966e+04  1.7883141e+04
1.6729547e-02       418  1.5913395e+04  1.6059027e+04  1.6038325e+04
2.3240110e-02       730  1.2270217e+04  1.2272390e+04  1.2373453e+04
2.9075630e-02      1012  9.7524409e+03  9.7290533e+03  9.7257357e+03
3.4544381e-02      1408  8.1996642e+03  8.1812709e+03  8.1632679e+03
3.9898901e-02      1841  7.1826940e+03  7.1778131e+03  7.2361102e+03
4.5580519e-02      2698  6.4609142e+03  6.4675488e+03  6.4964786e+03
5.1612543e-02      3532  5.6046227e+03  5.6133824e+03  5.6685578e+03
5.7899473e-02      4702  4.6709230e+03  4.6711989e+03  4.7156752e+03
6.4462744e-02      6019  3.8362855e+03  3.8266095e+03  3.8233215e+03
7.1309305e-02      7766  3.2122745e+03  3.1999635e+03  3.1977753e+03
7.8556104e-02     10012  2.8777084e+03  2.8719858e+03  2.8665734e+03
8.6194331e-02     12589  2.6837580e+03  2.6877459e+03  2.6753796e+03
9.4153926e-02     15650  2.4123902e+03  2.4188728e+03  2.4122317e+03
1.0254095e-01     19757  2.0347813e+03  2.0345357e+03  2.0220700e+03
1.1136076e-01     24241  1.6918107e+03  1.6856675e+03  1.6483807e+03
1.2060245e-01     29993  1.4566008e+03  1.4523224e+03  1.4112444e+03
1.3029316e-01     36494  1.2998053e+03  1.3010518e+03  1.2668067e+03
1.4046583e-01     44825  1.1524408e+03  1.1536298e+03  1.1104332e+03
1.5111985e-01     53906  9.9878133e+02  9.9591518e+02  9.4402443e+02
1.6229170e-01     65729  8.8398757e+02  8.8167314e+02  8.3577567e+02
1.7401323e-01     78746  8.0979369e+02  8.1150925e+02  7.7284657e+02
1.8625264e-01     94374  7.2142197e+02  7.2249020e+02  6.8262076e+02
1.9902230e-01    112166  6.1996458e+02  6.1874384e+02  5.7153446e+02
2.1238854e-01    134373  5.4280346e+02  5.4146194e+02  4.8690563e+02
2.2637810e-01    159077  4.8722965e+02  4.8673897e+02  4.3173884e+02
2.4096993e-01    188172  4.3786392e+02  4.3741353e+02  3.8915377e+02
2.5621802e-01    222492  3.9811640e+02  3.9855412e+02  3.5479160e+02
2.7214102e-01    261771  3.5610087e+02  3.5653539e+02  3.1298245e+02
2.8873063e-01    306759  3.1485054e+02  3.1422287e+02  2.6470605e+02
3.0605468e-01    360898  2.8143345e+02  2.8048211e+02  2.2864564e+02
3.2421519e-01    425046  2.5671112e+02  2.5669168e+02  2.1009971e+02
3.4337900e-01    505555  2.3181945e+02  2.3240558e+02  1.9240816e+02
3.6368055e-01    600292  2.0807597e+02  2.0796030e+02  1.6496440e+02
3.8517334e-01    712930  1.8717680e+02  1.8635603e+02  1.3994563e+02
4.0793004e-01    846715  1.6921994e+02  1.6922408e+02  1.2795543e+02
4.3202621e-01   1005596  1.5310386e+02  1.5360125e+02  1.1611190e+02
4.5754560e-01   1194719  1.3769674e+02  1.3709719e+02  9.7250915e+01
4.8457948e-01   1419743  1.2423893e+02  1.2396405e+02  8.5973038e+01
5.1321525e-01   1686576  1.1237636e+02  1.1294980e+02  7.8740422e+01
5.4354215e-01   2003484  1.0145379e+02  1.0084534e+02  6.5902854e+01
5.7565178e-01   2378778  9.1807634e+01  9.1861512e+01  5.9178319e+01
6.0966698e-01   2828400  8.3036270e+01  8.3170857e+01  5.2367537e+01
6.4568974e-01   3356890  7.5250964e+01  7.4910559e+01  4.4599631e+01
6.8383752e-01   3990317  6.8561352e+01  6.8901950e+01  4.0417880e+01
7.2424344e-01   4738457  6.2721555e+01  6.2319202e+01  3.4174851e+01
7.6703215e-01   5629661  5.8027125e+01  5.8281136e+01  3.0839903e+01
8.1235262e-01   6687903  5.4458207e+01  5.4133275e+01  2.6219719e+01
8.6035444e-01   7945758  5.2157191e+01  5.2279539e+01  2.3361637e+01
9.1118812e-01   9436555  5.1344927e+01  5.1337005e+01  2.0237551e+01
9.6501980e-01  11210320  5.2115349e+01  5.1946232e+01  1.7574261e+01
1.0220366e+00  13318613  5.4562632e+01  5.4766581e+01  1.5500736e+01
1.0824208e+00  15819192  5.8665723e+01  5.8585448e+01  1.3401742e+01
1.1463741e+00  18795348  6.4019559e+01  6.3719253e+01  1.1616703e+01
1.2141088e+00  22326034  6.9584541e+01  6.9541563e+01  1.0166619e+01
1.2858419e+00  26520842  7.4295627e+01  7.4346613e+01  8.8603261e+00
1.3618105e+00  31503438  7.7358817e+01  7.7433430e+01  7.7028954e+00
1.4422695e+00  37426927  7.8652111e+01  7.8729856e+01  6.6924378e+00
1.5275481e+00  44525830  7.8843129e+01  7.8832572e+01  5.8061418e+00
