# Power spectrum from CO𝘕CEPT job 4700077 at t = 2.506874 Gyr, a = 0.27777778
#
# Components:
#   0: matter  (upstream grid size 1024)
#
#                           grid size 1024
# ╭────────────────────────────────────────────────────────────────╮
#                         component 0    (corrected)      (linear)
#                        σ₈ = 2.66e-01  σ₈ = 2.66e-01  σ₈ = 2.65e-01
#  k [Mpc⁻¹]    modes       P [Mpc³]       P [Mpc³]       P [Mpc³]
3.0679616e-03         3  5.5692073e+03  5.5692073e+03  5.5699758e+03
5.8212951e-03        25  8.1380932e+03  8.1774405e+03  8.1753175e+03
1.0440195e-02       124  9.4542763e+03  9.5625755e+03  9.5962058e+03
1.6729547e-02       418  8.5391863e+03  8.6173327e+03  8.6081190e+03
2.3240110e-02       730  6.6023054e+03  6.6034749e+03  6.6418754e+03
2.9075630e-02      1012  5.2355417e+03  5.2229862e+03  5.2209339e+03
3.4544381e-02      1408  4.3992773e+03  4.3894090e+03  4.3823322e+03
3.9898901e-02      1841  3.8644546e+03  3.8618286e+03  3.8846939e+03
4.5580519e-02      2698  3.4720946e+03  3.4756600e+03  3.4876867e+03
5.1612543e-02      3532  3.0157857e+03  3.0204992e+03  3.0432525e+03
5.7899473e-02      4702  2.5119261e+03  2.5120745e+03  2.5317093e+03
6.4462744e-02      6019  2.0543851e+03  2.0492035e+03  2.0526471e+03
7.1309305e-02      7766  1.7181804e+03  1.7115955e+03  1.7168177e+03
7.8556104e-02     10012  1.5378017e+03  1.5347436e+03  1.5390102e+03
8.6194331e-02     12589  1.4333534e+03  1.4354832e+03  1.4363676e+03
9.4153926e-02     15650  1.2881625e+03  1.2916241e+03  1.2950921e+03
1.0254095e-01     19757  1.0826433e+03  1.0825127e+03  1.0856230e+03
1.1136076e-01     24241  8.9294676e+02  8.8970437e+02  8.8499611e+02
1.2060245e-01     29993  7.6543340e+02  7.6318516e+02  7.5768183e+02
1.3029316e-01     36494  6.8244640e+02  6.8310090e+02  6.8013583e+02
1.4046583e-01     44825  6.0218166e+02  6.0280298e+02  5.9618123e+02
1.5111985e-01     53906  5.1729502e+02  5.1581056e+02  5.0683850e+02
1.6229170e-01     65729  4.5643792e+02  4.5524288e+02  4.4872111e+02
1.7401323e-01     78746  4.1832321e+02  4.1920944e+02  4.1493531e+02
1.8625264e-01     94374  3.7072397e+02  3.7127292e+02  3.6649403e+02
1.9902230e-01    112166  3.1448692e+02  3.1386768e+02  3.0685280e+02
2.1238854e-01    134373  2.7186417e+02  2.7119227e+02  2.6141631e+02
2.2637810e-01    159077  2.4214506e+02  2.4190120e+02  2.3179774e+02
2.4096993e-01    188172  2.1673195e+02  2.1650902e+02  2.0893417e+02
2.5621802e-01    222492  1.9624161e+02  1.9645738e+02  1.9048541e+02
2.7214102e-01    261771  1.7396264e+02  1.7417491e+02  1.6803838e+02
2.8873063e-01    306759  1.5092210e+02  1.5062123e+02  1.4211911e+02
3.0605468e-01    360898  1.3303076e+02  1.3258107e+02  1.2275852e+02
3.2421519e-01    425046  1.2067554e+02  1.2066641e+02  1.1280134e+02
3.4337900e-01    505555  1.0845091e+02  1.0872511e+02  1.0330287e+02
3.6368055e-01    600292  9.5530764e+01  9.5477657e+01  8.8568480e+01
3.8517334e-01    712930  8.4155564e+01  8.3786539e+01  7.5136048e+01
4.0793004e-01    846715  7.5462877e+01  7.5464727e+01  6.8698588e+01
4.3202621e-01   1005596  6.7580797e+01  6.7800351e+01  6.2339867e+01
4.5754560e-01   1194719  5.9326243e+01  5.9067927e+01  5.2213508e+01
4.8457948e-01   1419743  5.2625272e+01  5.2508838e+01  4.6158479e+01
5.1321525e-01   1686576  4.6876244e+01  4.7115447e+01  4.2275330e+01
5.4354215e-01   2003484  4.1369340e+01  4.1121237e+01  3.5382909e+01
5.7565178e-01   2378778  3.6631607e+01  3.6653105e+01  3.1772542e+01
6.0966698e-01   2828400  3.2402591e+01  3.2455110e+01  2.8115870e+01
6.4568974e-01   3356890  2.8625507e+01  2.8496017e+01  2.3945322e+01
6.8383752e-01   3990317  2.5387507e+01  2.5513627e+01  2.1700163e+01
7.2424344e-01   4738457  2.2574985e+01  2.2430168e+01  1.8348312e+01
7.6703215e-01   5629661  2.0318207e+01  2.0407149e+01  1.6557796e+01
8.1235262e-01   6687903  1.8619093e+01  1.8508000e+01  1.4077243e+01
8.6035444e-01   7945758  1.7664948e+01  1.7706385e+01  1.2542753e+01
9.1118812e-01   9436555  1.7584143e+01  1.7581430e+01  1.0865447e+01
9.6501980e-01  11210320  1.8511470e+01  1.8451400e+01  9.4355398e+00
1.0220366e+00  13318613  2.0780736e+01  2.0858412e+01  8.3222746e+00
1.0824208e+00  15819192  2.4804915e+01  2.4770974e+01  7.1953350e+00
1.1463741e+00  18795348  3.1108796e+01  3.0962869e+01  6.2369564e+00
1.2141088e+00  22326034  3.9809994e+01  3.9785406e+01  5.4584136e+00
1.2858419e+00  26520842  5.0621300e+01  5.0656039e+01  4.7570714e+00
1.3618105e+00  31503438  6.1600190e+01  6.1659604e+01  4.1356525e+00
1.4422695e+00  37426927  6.9153096e+01  6.9221451e+01  3.5931426e+00
1.5275481e+00  44525830  7.1220596e+01  7.1211060e+01  3.1172946e+00
