# Power spectrum from CO𝘕CEPT job 4700077 at t = 3.8215977 Gyr, a = 0.37037037
#
# Components:
#   0: matter  (upstream grid size 1024)
#
#                           grid size 1024
# ╭────────────────────────────────────────────────────────────────╮
#                         component 0    (corrected)      (linear)
#                        σ₈ = 3.55e-01  σ₈ = 3.55e-01  σ₈ = 3.49e-01
#  k [Mpc⁻¹]    modes       P [Mpc³]       P [Mpc³]       P [Mpc³]
3.0679616e-03         3  9.6746634e+03  9.6746634e+03  9.6759730e+03
5.8212951e-03        25  1.4134212e+04  1.4202550e+04  1.4197867e+04
1.0440195e-02       124  1.6394540e+04  1.6582340e+04  1.6660568e+04
1.6729547e-02       418  1.4824842e+04  1.4960511e+04  1.4942255e+04
2.3240110e-02       730  1.1434993e+04  1.1437018e+04  1.1528005e+04
2.9075630e-02      1012  9.0859205e+03  9.0641313e+03  9.0612671e+03
3.4544381e-02      1408  7.6386714e+03  7.6215365e+03  7.6055820e+03
3.9898901e-02      1841  6.6937318e+03  6.6891831e+03  6.7417847e+03
4.5580519e-02      2698  6.0201838e+03  6.0263657e+03  6.0526939e+03
5.1612543e-02      3532  5.2231882e+03  5.2313517e+03  5.2813388e+03
5.7899473e-02      4702  4.3526578e+03  4.3529148e+03  4.3935535e+03
6.4462744e-02      6019  3.5727929e+03  3.5637815e+03  3.5621590e+03
7.1309305e-02      7766  2.9910684e+03  2.9796051e+03  2.9793449e+03
7.8556104e-02     10012  2.6791948e+03  2.6738669e+03  2.6707681e+03
8.6194331e-02     12589  2.4985154e+03  2.5022280e+03  2.4926354e+03
9.4153926e-02     15650  2.2458239e+03  2.2518589e+03  2.2474630e+03
1.0254095e-01     19757  1.8932576e+03  1.8930291e+03  1.8839522e+03
1.1136076e-01     24241  1.5723261e+03  1.5666168e+03  1.5357883e+03
1.2060245e-01     29993  1.3528771e+03  1.3489034e+03  1.3148498e+03
1.3029316e-01     36494  1.2070648e+03  1.2082225e+03  1.1802781e+03
1.4046583e-01     44825  1.0695768e+03  1.0706804e+03  1.0345858e+03
1.5111985e-01     53906  9.2577928e+02  9.2312262e+02  8.7954361e+02
1.6229170e-01     65729  8.1899876e+02  8.1685448e+02  7.7868879e+02
1.7401323e-01     78746  7.5029631e+02  7.5188583e+02  7.2005808e+02
1.8625264e-01     94374  6.6792498e+02  6.6891400e+02  6.3599511e+02
1.9902230e-01    112166  5.7297409e+02  5.7184588e+02  5.3249647e+02
2.1238854e-01    134373  5.0082455e+02  4.9958677e+02  4.5364815e+02
2.2637810e-01    159077  4.4906801e+02  4.4861576e+02  4.0224948e+02
2.4096993e-01    188172  4.0330944e+02  4.0289460e+02  3.6257314e+02
2.5621802e-01    222492  3.6647474e+02  3.6687767e+02  3.3055805e+02
2.7214102e-01    261771  3.2737278e+02  3.2777225e+02  2.9160463e+02
2.8873063e-01    306759  2.8877427e+02  2.8819859e+02  2.4662569e+02
3.0605468e-01    360898  2.5766934e+02  2.5679834e+02  2.1302834e+02
3.2421519e-01    425046  2.3483169e+02  2.3481391e+02  1.9574917e+02
3.4337900e-01    505555  2.1186776e+02  2.1240344e+02  1.7926601e+02
3.6368055e-01    600292  1.8973886e+02  1.8963338e+02  1.5369676e+02
3.8517334e-01    712930  1.7026301e+02  1.6951640e+02  1.3038686e+02
4.0793004e-01    846715  1.5373189e+02  1.5373566e+02  1.1921564e+02
4.3202621e-01   1005596  1.3888147e+02  1.3933266e+02  1.0818106e+02
4.5754560e-01   1194719  1.2456465e+02  1.2402227e+02  9.0608347e+01
4.8457948e-01   1419743  1.1214445e+02  1.1189633e+02  8.0100788e+01
5.1321525e-01   1686576  1.0122284e+02  1.0173936e+02  7.3362186e+01
5.4354215e-01   2003484  9.1142866e+01  9.0596258e+01  6.1401468e+01
5.7565178e-01   2378778  8.2266457e+01  8.2314736e+01  5.5136241e+01
6.0966698e-01   2828400  7.4193628e+01  7.4313883e+01  4.8790660e+01
6.4568974e-01   3356890  6.7039601e+01  6.6736341e+01  4.1553327e+01
6.8383752e-01   3990317  6.0891071e+01  6.1193565e+01  3.7657205e+01
7.2424344e-01   4738457  5.5532558e+01  5.5176321e+01  3.1840595e+01
7.6703215e-01   5629661  5.1229055e+01  5.1453308e+01  2.8733436e+01
8.1235262e-01   6687903  4.7967186e+01  4.7680983e+01  2.4428826e+01
8.6035444e-01   7945758  4.5904396e+01  4.6012077e+01  2.1765960e+01
9.1118812e-01   9436555  4.5254571e+01  4.5247589e+01  1.8855260e+01
9.6501980e-01  11210320  4.6132770e+01  4.5983067e+01  1.6373881e+01
1.0220366e+00  13318613  4.8696269e+01  4.8878291e+01  1.4441985e+01
1.0824208e+00  15819192  5.3000358e+01  5.2927835e+01  1.2486359e+01
1.1463741e+00  18795348  5.8755736e+01  5.8480121e+01  1.0823244e+01
1.2141088e+00  22326034  6.4961606e+01  6.4921484e+01  9.4722061e+00
1.2858419e+00  26520842  7.0490308e+01  7.0538683e+01  8.2551375e+00
1.3618105e+00  31503438  7.4293787e+01  7.4365444e+01  7.1767632e+00
1.4422695e+00  37426927  7.6042841e+01  7.6118007e+01  6.2353231e+00
1.5275481e+00  44525830  7.6437549e+01  7.6427314e+01  5.4095641e+00
