# Power spectrum from CO𝘕CEPT job 4700077 at t = 4.8108054 Gyr, a = 0.43478261
#
# Components:
#   0: matter  (upstream grid size 1024)
#
#                           grid size 1024
# ╭────────────────────────────────────────────────────────────────╮
#                         component 0    (corrected)      (linear)
#                        σ₈ = 4.16e-01  σ₈ = 4.16e-01  σ₈ = 4.04e-01
#  k [Mpc⁻¹]    modes       P [Mpc³]       P [Mpc³]       P [Mpc³]
3.0679616e-03         3  1.3033008e+04  1.3033008e+04  1.3029162e+04
5.8212951e-03        25  1.9038420e+04  1.9130469e+04  1.9115293e+04
1.0440195e-02       124  2.2060215e+04  2.2312915e+04  2.2427445e+04
1.6729547e-02       418  1.9962618e+04  2.0145306e+04  2.0112151e+04
2.3240110e-02       730  1.5373160e+04  1.5375883e+04  1.5515655e+04
2.9075630e-02      1012  1.2230991e+04  1.2201659e+04  1.2195259e+04
3.4544381e-02      1408  1.0286307e+04  1.0263233e+04  1.0235902e+04
3.9898901e-02      1841  8.9991090e+03  8.9929937e+03  9.0732492e+03
4.5580519e-02      2698  8.0989511e+03  8.1072677e+03  8.1457736e+03
5.1612543e-02      3532  7.0214016e+03  7.0323756e+03  7.1076222e+03
5.7899473e-02      4702  5.8535486e+03  5.8538943e+03  5.9128066e+03
6.4462744e-02      6019  4.8176804e+03  4.8055291e+03  4.7939010e+03
7.1309305e-02      7766  4.0370232e+03  4.0215513e+03  4.0095441e+03
7.8556104e-02     10012  3.6182219e+03  3.6110267e+03  3.5942570e+03
8.6194331e-02     12589  3.3746151e+03  3.3796295e+03  3.3545223e+03
9.4153926e-02     15650  3.0335860e+03  3.0417380e+03  3.0245701e+03
1.0254095e-01     19757  2.5639403e+03  2.5636309e+03  2.5353639e+03
1.1136076e-01     24241  2.1407343e+03  2.1329610e+03  2.0668131e+03
1.2060245e-01     29993  1.8472891e+03  1.8418632e+03  1.7694795e+03
1.3029316e-01     36494  1.6494323e+03  1.6510142e+03  1.5883762e+03
1.4046583e-01     44825  1.4652828e+03  1.4667946e+03  1.3923075e+03
1.5111985e-01     53906  1.2758309e+03  1.2721697e+03  1.1836567e+03
1.6229170e-01     65729  1.1311112e+03  1.1281498e+03  1.0479295e+03
1.7401323e-01     78746  1.0360461e+03  1.0382410e+03  9.6902613e+02
1.8625264e-01     94374  9.2540603e+02  9.2677631e+02  8.5589711e+02
1.9902230e-01    112166  8.0021718e+02  7.9864151e+02  7.1661249e+02
2.1238854e-01    134373  7.0458712e+02  7.0284576e+02  6.1050139e+02
2.2637810e-01    159077  6.3484367e+02  6.3420434e+02  5.4133099e+02
2.4096993e-01    188172  5.7190232e+02  5.7131407e+02  4.8793608e+02
2.5621802e-01    222492  5.2112496e+02  5.2169793e+02  4.4485140e+02
2.7214102e-01    261771  4.6833867e+02  4.6891015e+02  3.9242942e+02
2.8873063e-01    306759  4.1724202e+02  4.1641023e+02  3.3189858e+02
3.0605468e-01    360898  3.7517444e+02  3.7390623e+02  2.8668463e+02
3.2421519e-01    425046  3.4327902e+02  3.4325303e+02  2.6343101e+02
3.4337900e-01    505555  3.1113233e+02  3.1191899e+02  2.4124865e+02
3.6368055e-01    600292  2.8129342e+02  2.8113704e+02  2.0683861e+02
3.8517334e-01    712930  2.5501823e+02  2.5389997e+02  1.7546911e+02
4.0793004e-01    846715  2.3165184e+02  2.3165752e+02  1.6043535e+02
4.3202621e-01   1005596  2.1070793e+02  2.1139247e+02  1.4558547e+02
4.5754560e-01   1194719  1.9110545e+02  1.9027334e+02  1.2193685e+02
4.8457948e-01   1419743  1.7367391e+02  1.7328965e+02  1.0779622e+02
5.1321525e-01   1686576  1.5820607e+02  1.5901337e+02  9.8727691e+01
5.4354215e-01   2003484  1.4405724e+02  1.4319329e+02  8.2631465e+01
5.7565178e-01   2378778  1.3139431e+02  1.3147142e+02  7.4199988e+01
6.0966698e-01   2828400  1.1996809e+02  1.2016254e+02  6.5660373e+01
6.4568974e-01   3356890  1.0973870e+02  1.0924229e+02  5.5920680e+01
6.8383752e-01   3990317  1.0091456e+02  1.0141589e+02  5.0677444e+01
7.2424344e-01   4738457  9.3204496e+01  9.2606597e+01  4.2849700e+01
7.6703215e-01   5629661  8.6941909e+01  8.7322494e+01  3.8668217e+01
8.1235262e-01   6687903  8.2104543e+01  8.1614655e+01  3.2875257e+01
8.6035444e-01   7945758  7.8775267e+01  7.8960054e+01  2.9291686e+01
9.1118812e-01   9436555  7.7137711e+01  7.7125809e+01  2.5374590e+01
9.6501980e-01  11210320  7.7203399e+01  7.6952870e+01  2.2035258e+01
1.0220366e+00  13318613  7.8798265e+01  7.9092805e+01  1.9435395e+01
1.0824208e+00  15819192  8.1662162e+01  8.1550420e+01  1.6803598e+01
1.1463741e+00  18795348  8.5124385e+01  8.4725079e+01  1.4565450e+01
1.2141088e+00  22326034  8.8239694e+01  8.8185194e+01  1.2747281e+01
1.2858419e+00  26520842  9.0284884e+01  9.0346843e+01  1.1109402e+01
1.3618105e+00  31503438  9.1104540e+01  9.1192412e+01  9.6581725e+00
1.4422695e+00  37426927  9.0867810e+01  9.0957630e+01  8.3912231e+00
1.5275481e+00  44525830  9.0088417e+01  9.0076355e+01  7.2799523e+00
