# Power spectrum from CO𝘕CEPT job 4700077 at t = 2.9821734 Gyr, a = 0.3125
#
# Components:
#   0: matter  (upstream grid size 1024)
#
#                           grid size 1024
# ╭────────────────────────────────────────────────────────────────╮
#                         component 0    (corrected)      (linear)
#                        σ₈ = 3.00e-01  σ₈ = 2.99e-01  σ₈ = 2.97e-01
#  k [Mpc⁻¹]    modes       P [Mpc³]       P [Mpc³]       P [Mpc³]
3.0679616e-03         3  6.9964396e+03  6.9964396e+03  6.9978267e+03
5.8212951e-03        25  1.0222735e+04  1.0272161e+04  1.0269828e+04
1.0440195e-02       124  1.1868987e+04  1.2004947e+04  1.2053267e+04
1.6729547e-02       418  1.0724972e+04  1.0823122e+04  1.0811362e+04
2.3240110e-02       730  8.2848537e+03  8.2863211e+03  8.3415214e+03
2.9075630e-02      1012  6.5747964e+03  6.5590292e+03  6.5568283e+03
3.4544381e-02      1408  5.5257282e+03  5.5133330e+03  5.5035841e+03
3.9898901e-02      1841  4.8494918e+03  4.8461963e+03  4.8785818e+03
4.5580519e-02      2698  4.3587920e+03  4.3632679e+03  4.3799747e+03
5.1612543e-02      3532  3.7843628e+03  3.7902775e+03  3.8218191e+03
5.7899473e-02      4702  3.1526177e+03  3.1528039e+03  3.1793947e+03
6.4462744e-02      6019  2.5817756e+03  2.5752638e+03  2.5777674e+03
7.1309305e-02      7766  2.1599461e+03  2.1516681e+03  2.1560195e+03
7.8556104e-02     10012  1.9337447e+03  1.9298992e+03  1.9327215e+03
8.6194331e-02     12589  1.8028383e+03  1.8055171e+03  1.8038183e+03
9.4153926e-02     15650  1.6203242e+03  1.6246784e+03  1.6264000e+03
1.0254095e-01     19757  1.3632063e+03  1.3630418e+03  1.3633437e+03
1.1136076e-01     24241  1.1270961e+03  1.1230034e+03  1.1113922e+03
1.2060245e-01     29993  9.6742979e+02  9.6458824e+02  9.5150831e+02
1.3029316e-01     36494  8.6272476e+02  8.6355216e+02  8.5412444e+02
1.4046583e-01     44825  7.6249090e+02  7.6327763e+02  7.4869270e+02
1.5111985e-01     53906  6.5674421e+02  6.5485958e+02  6.3649462e+02
1.6229170e-01     65729  5.7999431e+02  5.7847578e+02  5.6350984e+02
1.7401323e-01     78746  5.3147049e+02  5.3259642e+02  5.2108106e+02
1.8625264e-01     94374  4.7175553e+02  4.7245407e+02  4.6024778e+02
1.9902230e-01    112166  4.0182446e+02  4.0103325e+02  3.8534950e+02
2.1238854e-01    134373  3.4880022e+02  3.4793817e+02  3.2828975e+02
2.2637810e-01    159077  3.1142648e+02  3.1111285e+02  2.9109435e+02
2.4096993e-01    188172  2.7904665e+02  2.7875962e+02  2.6238198e+02
2.5621802e-01    222492  2.5296957e+02  2.5324771e+02  2.3921378e+02
2.7214102e-01    261771  2.2485692e+02  2.2513130e+02  2.1102452e+02
2.8873063e-01    306759  1.9633574e+02  1.9594434e+02  1.7847479e+02
3.0605468e-01    360898  1.7387587e+02  1.7328811e+02  1.5416153e+02
3.2421519e-01    425046  1.5796168e+02  1.5794972e+02  1.4165718e+02
3.4337900e-01    505555  1.4210125e+02  1.4246054e+02  1.2972888e+02
3.6368055e-01    600292  1.2599067e+02  1.2592063e+02  1.1122527e+02
3.8517334e-01    712930  1.1181191e+02  1.1132161e+02  9.4356672e+01
4.0793004e-01    846715  1.0048565e+02  1.0048811e+02  8.6272434e+01
4.3202621e-01   1005596  9.0257016e+01  9.0550240e+01  7.8287080e+01
4.5754560e-01   1194719  7.9929770e+01  7.9581742e+01  6.5570287e+01
4.8457948e-01   1419743  7.1297059e+01  7.1139314e+01  5.7966315e+01
5.1321525e-01   1686576  6.3805739e+01  6.4131330e+01  5.3089812e+01
5.4354215e-01   2003484  5.6773095e+01  5.6432611e+01  4.4434234e+01
5.7565178e-01   2378778  5.0650460e+01  5.0680184e+01  3.9900296e+01
6.0966698e-01   2828400  4.5130327e+01  4.5203475e+01  3.5308208e+01
6.4568974e-01   3356890  4.0238076e+01  4.0056055e+01  3.0070788e+01
6.8383752e-01   3990317  3.6025405e+01  3.6204372e+01  2.7251292e+01
7.2424344e-01   4738457  3.2374813e+01  3.2167131e+01  2.3042003e+01
7.6703215e-01   5629661  2.9446463e+01  2.9575363e+01  2.0793453e+01
8.1235262e-01   6687903  2.7239897e+01  2.7077366e+01  1.7678348e+01
8.6035444e-01   7945758  2.5947197e+01  2.6008063e+01  1.5751319e+01
9.1118812e-01   9436555  2.5729841e+01  2.5725872e+01  1.3644940e+01
9.6501980e-01  11210320  2.6739151e+01  2.6652381e+01  1.1849248e+01
1.0220366e+00  13318613  2.9289807e+01  2.9399289e+01  1.0451198e+01
1.0824208e+00  15819192  3.3711461e+01  3.3665332e+01  9.0359749e+00
1.1463741e+00  18795348  4.0259862e+01  4.0071009e+01  7.8324329e+00
1.2141088e+00  22326034  4.8496255e+01  4.8466302e+01  6.8547306e+00
1.2858419e+00  26520842  5.7484532e+01  5.7523982e+01  5.9739777e+00
1.3618105e+00  31503438  6.5232208e+01  6.5295125e+01  5.1935933e+00
1.4422695e+00  37426927  6.9665152e+01  6.9734014e+01  4.5123038e+00
1.5275481e+00  44525830  7.0789185e+01  7.0779707e+01  3.9147288e+00
