# Power spectrum from CO𝘕CEPT job 4559661 at t = 3.1242836 Gyr, a = 0.32258065
#
# Components:
#   0: matter  (upstream grid size 1024)
#
#                           grid size 1024
# ╭────────────────────────────────────────────────────────────────╮
#                         component 0    (corrected)      (linear)
#                        σ₈ = 3.09e-01  σ₈ = 3.09e-01  σ₈ = 3.03e-01
#  k [Mpc⁻¹]    modes       P [Mpc³]       P [Mpc³]       P [Mpc³]
2.4543693e-02         3  8.1832142e+03  8.1832142e+03  8.2526470e+03
4.6570361e-02        25  4.3903280e+03  4.4562309e+03  4.4760679e+03
8.3521561e-02       124  1.9304985e+03  1.8872792e+03  1.9145663e+03
1.3383638e-01       418  8.9794871e+02  8.8767870e+02  8.5050120e+02
1.8592088e-01       730  4.8365644e+02  4.9454539e+02  4.7727477e+02
2.3260504e-01      1012  3.3472839e+02  3.3237368e+02  2.9042739e+02
2.7635505e-01      1408  2.4886416e+02  2.4917692e+02  2.0760679e+02
3.1919121e-01      1841  1.8901313e+02  1.8796358e+02  1.5087330e+02
3.6464415e-01      2698  1.4811938e+02  1.4717850e+02  1.1291254e+02
4.1290034e-01      3532  1.1819772e+02  1.1917063e+02  8.8547054e+01
4.6319578e-01      4702  9.5560932e+01  9.3743467e+01  6.5314522e+01
5.1570195e-01      6019  8.0796111e+01  8.1701948e+01  5.3711523e+01
5.7047444e-01      7766  6.7387504e+01  6.7318061e+01  4.2143794e+01
6.2844883e-01     10012  5.8774070e+01  5.7845534e+01  3.2946769e+01
6.8955465e-01     12589  5.0367605e+01  5.0516636e+01  2.7170117e+01
7.5323141e-01     15650  4.3824599e+01  4.4198400e+01  2.2344190e+01
8.2032763e-01     19757  3.7842644e+01  3.7723378e+01  1.8072192e+01
8.9088605e-01     24241  3.3807529e+01  3.3464853e+01  1.4742275e+01
9.6481958e-01     29993  2.9797383e+01  2.9554739e+01  1.2190449e+01
1.0423453e+00     36494  2.6551156e+01  2.6405329e+01  1.0151986e+01
1.1237267e+00     44825  2.4049592e+01  2.3946660e+01  8.4748462e+00
1.2089588e+00     53906  2.1717554e+01  2.1657601e+01  7.1115790e+00
1.2983336e+00     65729  1.9655908e+01  1.9600374e+01  5.9839064e+00
1.3921058e+00     78746  1.7904145e+01  1.7847639e+01  5.0496433e+00
1.4900211e+00     94374  1.6266431e+01  1.6215977e+01  4.2777346e+00
1.5921784e+00    112166  1.4924178e+01  1.4911708e+01  3.6408389e+00
1.6991083e+00    134373  1.3670049e+01  1.3671798e+01  3.0985962e+00
1.8110248e+00    159077  1.2606153e+01  1.2589291e+01  2.6436181e+00
1.9277595e+00    188172  1.1630114e+01  1.1615746e+01  2.2632057e+00
2.0497441e+00    222492  1.0801341e+01  1.0796755e+01  1.9423638e+00
2.1771282e+00    261771  1.0014820e+01  1.0006158e+01  1.6700523e+00
2.3098450e+00    306759  9.2697073e+00  9.2625509e+00  1.4394187e+00
2.4484375e+00    360898  8.6091391e+00  8.6018578e+00  1.2428996e+00
2.5937215e+00    425046  8.0014799e+00  7.9948097e+00  1.0744396e+00
2.7470320e+00    505555  7.4297430e+00  7.4231687e+00  9.2898648e-01
2.9094444e+00    600292  6.8972411e+00  6.8910478e+00  8.0297822e-01
3.0813867e+00    712930  6.4081891e+00  6.4025150e+00  6.9379938e-01
3.2634403e+00    846715  5.9319655e+00  5.9266891e+00  5.9931113e-01
3.4562097e+00   1005596  5.4916455e+00  5.4868156e+00  5.1751127e-01
3.6603648e+00   1194719  5.0801655e+00  5.0756639e+00  4.4671066e-01
3.8766358e+00   1419743  4.6755086e+00  4.6713066e+00  3.8547123e-01
4.1057220e+00   1686576  4.3059818e+00  4.3021166e+00  3.3249575e-01
4.3483372e+00   2003484  3.9506838e+00  3.9471232e+00  2.8673120e-01
4.6052142e+00   2378778  3.6202605e+00  3.6169782e+00  2.4718627e-01
4.8773359e+00   2828400  3.3115154e+00  3.3084946e+00  2.1302355e-01
5.1655179e+00   3356890  3.0224845e+00  3.0197258e+00  1.8353163e-01
5.4707002e+00   3990317  2.7476094e+00  2.7451019e+00  1.5807338e-01
5.7939476e+00   4738457  2.4992181e+00  2.4968946e+00  1.3610438e-01
6.1362572e+00   5629661  2.2696744e+00  2.2676105e+00  1.1716341e-01
6.4988210e+00   6687903  2.0615688e+00  2.0596436e+00  1.0082900e-01
6.8828355e+00   7945758  1.8701090e+00  1.8683757e+00  8.6744826e-02
7.2895050e+00   9436555  1.6929529e+00  1.6913856e+00  7.4610915e-02
7.7201584e+00  11210320  1.5293034e+00  1.5278490e+00  6.4157051e-02
8.1762927e+00  13318613  1.3822509e+00  1.3809415e+00  5.5154267e-02
8.6593661e+00  15819192  1.2498650e+00  1.2486975e+00  4.7399554e-02
9.1709925e+00  18795348  1.1273934e+00  1.1263165e+00  4.0730553e-02
9.7128705e+00  22326034  1.0160233e+00  1.0150540e+00  3.4988255e-02
1.0286736e+01  26520842  9.1564411e-01  9.1474793e-01  3.0049095e-02
1.0894484e+01  31503438  8.2477631e-01  8.2398876e-01  2.5808439e-02
1.1538156e+01  37426927  7.4309787e-01  7.4238586e-01  2.2160889e-02
1.2220385e+01  44525830  6.6988937e-01  6.6924369e-01  1.9022209e-02
