# Power spectrum from CO𝘕CEPT job 4559661 at t = 13.790139 Gyr, a = 1
#
# Components:
#   0: matter  (upstream grid size 1024)
#
#                           grid size 1024
# ╭────────────────────────────────────────────────────────────────╮
#                         component 0    (corrected)      (linear)
#                        σ₈ = 8.22e-01  σ₈ = 8.20e-01  σ₈ = 7.47e-01
#  k [Mpc⁻¹]    modes       P [Mpc³]       P [Mpc³]       P [Mpc³]
2.4543693e-02         3  4.8501033e+04  4.8501033e+04  4.9986539e+04
4.6570361e-02        25  2.5999868e+04  2.6390150e+04  2.7098646e+04
8.3521561e-02       124  1.2381787e+04  1.2104588e+04  1.1588816e+04
1.3383638e-01       418  6.1764269e+03  6.1057859e+03  5.1477401e+03
1.8592088e-01       730  3.7087995e+03  3.7922987e+03  2.8886922e+03
2.3260504e-01      1012  2.8017385e+03  2.7820290e+03  1.7577893e+03
2.7635505e-01      1408  2.3037131e+03  2.3066082e+03  1.2565187e+03
3.1919121e-01      1841  2.0585466e+03  2.0471159e+03  9.1314264e+02
3.6464415e-01      2698  1.7017109e+03  1.6909013e+03  6.8338839e+02
4.1290034e-01      3532  1.5388621e+03  1.5515287e+03  5.3591873e+02
4.6319578e-01      4702  1.3200016e+03  1.2948966e+03  3.9530664e+02
5.1570195e-01      6019  1.1893260e+03  1.2026600e+03  3.2508091e+02
5.7047444e-01      7766  1.1028272e+03  1.1016908e+03  2.5506881e+02
6.2844883e-01     10012  9.9754608e+02  9.8178644e+02  1.9940512e+02
6.8955465e-01     12589  8.9930090e+02  9.0196182e+02  1.6444276e+02
7.5323141e-01     15650  8.2670822e+02  8.3375960e+02  1.3523455e+02
8.2032763e-01     19757  7.6000566e+02  7.5761041e+02  1.0937894e+02
8.9088605e-01     24241  7.0473914e+02  6.9759584e+02  8.9225136e+01
9.6481958e-01     29993  6.3751782e+02  6.3232644e+02  7.3780609e+01
1.0423453e+00     36494  5.8962515e+02  5.8638675e+02  6.1443138e+01
1.1237267e+00     44825  5.3541607e+02  5.3312450e+02  5.1292516e+01
1.2089588e+00     53906  4.9148656e+02  4.9012977e+02  4.3041562e+01
1.2983336e+00     65729  4.5154656e+02  4.5027080e+02  3.6216507e+01
1.3921058e+00     78746  4.1094002e+02  4.0964308e+02  3.0562033e+01
1.4900211e+00     94374  3.7604299e+02  3.7487659e+02  2.5890184e+01
1.5921784e+00    112166  3.4338397e+02  3.4309705e+02  2.2035479e+01
1.6991083e+00    134373  3.1117088e+02  3.1121068e+02  1.8753646e+01
1.8110248e+00    159077  2.8325736e+02  2.8287846e+02  1.5999968e+01
1.9277595e+00    188172  2.5831012e+02  2.5799101e+02  1.3697587e+01
2.0497441e+00    222492  2.3512449e+02  2.3502467e+02  1.1755747e+01
2.1771282e+00    261771  2.1368072e+02  2.1349591e+02  1.0107629e+01
2.3098450e+00    306759  1.9327548e+02  1.9312627e+02  8.7117596e+00
2.4484375e+00    360898  1.7518957e+02  1.7504140e+02  7.5223621e+00
2.5937215e+00    425046  1.5932156e+02  1.5918874e+02  6.5027883e+00
2.7470320e+00    505555  1.4390665e+02  1.4377932e+02  5.6224597e+00
2.9094444e+00    600292  1.3076970e+02  1.3065228e+02  4.8598178e+00
3.0813867e+00    712930  1.1819987e+02  1.1809521e+02  4.1990332e+00
3.2634403e+00    846715  1.0636596e+02  1.0627135e+02  3.6271609e+00
3.4562097e+00   1005596  9.5848493e+01  9.5764194e+01  3.1320830e+00
3.6603648e+00   1194719  8.6215883e+01  8.6139486e+01  2.7035762e+00
3.8766358e+00   1419743  7.7475630e+01  7.7406000e+01  2.3329368e+00
4.1057220e+00   1686576  6.9721635e+01  6.9659052e+01  2.0123135e+00
4.3483372e+00   2003484  6.2573275e+01  6.2516878e+01  1.7353331e+00
4.6052142e+00   2378778  5.6033126e+01  5.5982324e+01  1.4959960e+00
4.8773359e+00   2828400  5.0289953e+01  5.0244079e+01  1.2892337e+00
5.1655179e+00   3356890  4.4949738e+01  4.4908710e+01  1.1107406e+00
5.4707002e+00   3990317  4.0100687e+01  4.0064091e+01  9.5666059e-01
5.7939476e+00   4738457  3.5733201e+01  3.5699980e+01  8.2369869e-01
6.1362572e+00   5629661  3.1830823e+01  3.1801879e+01  7.0906333e-01
6.4988210e+00   6687903  2.8365602e+01  2.8339113e+01  6.1020370e-01
6.8828355e+00   7945758  2.5251406e+01  2.5228001e+01  5.2496323e-01
7.2895050e+00   9436555  2.2447897e+01  2.2427115e+01  4.5152635e-01
7.7201584e+00  11210320  1.9979613e+01  1.9960611e+01  3.8825763e-01
8.1762927e+00  13318613  1.7750411e+01  1.7733596e+01  3.3377128e-01
8.6593661e+00  15819192  1.5708400e+01  1.5693727e+01  2.8683864e-01
9.1709925e+00  18795348  1.3922663e+01  1.3909364e+01  2.4647705e-01
9.7128705e+00  22326034  1.2335212e+01  1.2323444e+01  2.1172413e-01
1.0286736e+01  26520842  1.0911736e+01  1.0901056e+01  1.8183202e-01
1.0894484e+01  31503438  9.6449640e+00  9.6357544e+00  1.5616743e-01
1.1538156e+01  37426927  8.5128337e+00  8.5046769e+00  1.3409249e-01
1.2220385e+01  44525830  7.5105093e+00  7.5032702e+00  1.1509738e-01
