# Power spectrum from CO𝘕CEPT job 4559661 at t = 10.261595 Gyr, a = 0.76923077
#
# Components:
#   0: matter  (upstream grid size 1024)
#
#                           grid size 1024
# ╭────────────────────────────────────────────────────────────────╮
#                         component 0    (corrected)      (linear)
#                        σ₈ = 6.86e-01  σ₈ = 6.85e-01  σ₈ = 6.38e-01
#  k [Mpc⁻¹]    modes       P [Mpc³]       P [Mpc³]       P [Mpc³]
2.4543693e-02         3  3.5598008e+04  3.5598008e+04  3.6457305e+04
4.6570361e-02        25  1.9108497e+04  1.9395334e+04  1.9766258e+04
8.3521561e-02       124  8.8189528e+03  8.6215171e+03  8.4534750e+03
1.3383638e-01       418  4.3192730e+03  4.2698727e+03  3.7550826e+03
1.8592088e-01       730  2.5182946e+03  2.5749910e+03  2.1072031e+03
2.3260504e-01      1012  1.8767772e+03  1.8635746e+03  1.2822505e+03
2.7635505e-01      1408  1.5227960e+03  1.5247097e+03  9.1659073e+02
3.1919121e-01      1841  1.3102449e+03  1.3029694e+03  6.6610921e+02
3.6464415e-01      2698  1.0566598e+03  1.0499477e+03  4.9851086e+02
4.1290034e-01      3532  9.3993497e+02  9.4767173e+02  3.9093640e+02
4.6319578e-01      4702  8.1853011e+02  8.0296255e+02  2.8836424e+02
5.1570195e-01      6019  7.4051702e+02  7.4881925e+02  2.3713674e+02
5.7047444e-01      7766  6.7133305e+02  6.7064125e+02  1.8606505e+02
6.2844883e-01     10012  5.9866157e+02  5.8920368e+02  1.4546008e+02
6.8955465e-01     12589  5.4469839e+02  5.4631009e+02  1.1995609e+02
7.5323141e-01     15650  5.0259993e+02  5.0688683e+02  9.8649587e+01
8.2032763e-01     19757  4.6486257e+02  4.6339750e+02  7.9788693e+01
8.9088605e-01     24241  4.2735321e+02  4.2302152e+02  6.5087094e+01
9.6481958e-01     29993  3.8638477e+02  3.8323840e+02  5.3820773e+01
1.0423453e+00     36494  3.5833432e+02  3.5636624e+02  4.4820956e+01
1.1237267e+00     44825  3.2601318e+02  3.2461785e+02  3.7416379e+01
1.2089588e+00     53906  2.9982194e+02  2.9899426e+02  3.1397553e+01
1.2983336e+00     65729  2.7710825e+02  2.7632533e+02  2.6418879e+01
1.3921058e+00     78746  2.5434709e+02  2.5354437e+02  2.2294108e+01
1.4900211e+00     94374  2.3166489e+02  2.3094632e+02  1.8886132e+01
1.5921784e+00    112166  2.1075303e+02  2.1057693e+02  1.6074239e+01
1.6991083e+00    134373  1.9122053e+02  1.9124498e+02  1.3680239e+01
1.8110248e+00    159077  1.7458094e+02  1.7434742e+02  1.1671512e+01
1.9277595e+00    188172  1.5933908e+02  1.5914224e+02  9.9919935e+00
2.0497441e+00    222492  1.4467109e+02  1.4460967e+02  8.5754781e+00
2.1771282e+00    261771  1.3119767e+02  1.3108420e+02  7.3732245e+00
2.3098450e+00    306759  1.1910985e+02  1.1901789e+02  6.3549792e+00
2.4484375e+00    360898  1.0776413e+02  1.0767299e+02  5.4873486e+00
2.5937215e+00    425046  9.7551268e+01  9.7469947e+01  4.7435995e+00
2.7470320e+00    505555  8.8372264e+01  8.8294067e+01  4.1014256e+00
2.9094444e+00    600292  7.9720401e+01  7.9648818e+01  3.5451007e+00
3.0813867e+00    712930  7.1661433e+01  7.1597981e+01  3.0630777e+00
3.2634403e+00    846715  6.4787934e+01  6.4730307e+01  2.6459136e+00
3.4562097e+00   1005596  5.8361978e+01  5.8310649e+01  2.2847686e+00
3.6603648e+00   1194719  5.2315147e+01  5.2268790e+01  1.9721854e+00
3.8766358e+00   1419743  4.6918547e+01  4.6876380e+01  1.7018147e+00
4.1057220e+00   1686576  4.2127870e+01  4.2090055e+01  1.4679293e+00
4.3483372e+00   2003484  3.7682013e+01  3.7648051e+01  1.2658801e+00
4.6052142e+00   2378778  3.3588607e+01  3.3558154e+01  1.0912905e+00
4.8773359e+00   2828400  3.0017674e+01  2.9990291e+01  9.4046337e-01
5.1655179e+00   3356890  2.6766058e+01  2.6741628e+01  8.1025775e-01
5.4707002e+00   3990317  2.3828811e+01  2.3807065e+01  6.9786076e-01
5.7939476e+00   4738457  2.1252090e+01  2.1232332e+01  6.0086880e-01
6.1362572e+00   5629661  1.8911839e+01  1.8894642e+01  5.1724553e-01
6.4988210e+00   6687903  1.6840758e+01  1.6825031e+01  4.4513019e-01
6.8828355e+00   7945758  1.4957293e+01  1.4943429e+01  3.8294963e-01
7.2895050e+00   9436555  1.3272502e+01  1.3260214e+01  3.2937943e-01
7.7201584e+00  11210320  1.1770516e+01  1.1759322e+01  2.8322662e-01
8.1762927e+00  13318613  1.0428919e+01  1.0419040e+01  2.4348029e-01
8.6593661e+00  15819192  9.2407307e+00  9.2320987e+00  2.0924417e-01
9.1709925e+00  18795348  8.1598041e+00  8.1520097e+00  1.7980144e-01
9.7128705e+00  22326034  7.2139202e+00  7.2070380e+00  1.5445008e-01
1.0286736e+01  26520842  6.3670122e+00  6.3607805e+00  1.3264454e-01
1.0894484e+01  31503438  5.6255071e+00  5.6201355e+00  1.1392286e-01
1.1538156e+01  37426927  4.9618140e+00  4.9570597e+00  9.7819712e-02
1.2220385e+01  44525830  4.3712813e+00  4.3670680e+00  8.3963222e-02
