# Power spectrum from CO𝘕CEPT job 4559661 at t = 9.3730558 Gyr, a = 0.71428571
#
# Components:
#   0: matter  (upstream grid size 1024)
#
#                           grid size 1024
# ╭────────────────────────────────────────────────────────────────╮
#                         component 0    (corrected)      (linear)
#                        σ₈ = 6.47e-01  σ₈ = 6.46e-01  σ₈ = 6.05e-01
#  k [Mpc⁻¹]    modes       P [Mpc³]       P [Mpc³]       P [Mpc³]
2.4543693e-02         3  3.2146036e+04  3.2146036e+04  3.2864465e+04
4.6570361e-02        25  1.7259724e+04  1.7518809e+04  1.7818883e+04
8.3521561e-02       124  7.9034139e+03  7.7264749e+03  7.6207391e+03
1.3383638e-01       418  3.8527363e+03  3.8086719e+03  3.3851917e+03
1.8592088e-01       730  2.2282813e+03  2.2784485e+03  1.8996379e+03
2.3260504e-01      1012  1.6530326e+03  1.6414040e+03  1.1559460e+03
2.7635505e-01      1408  1.3313583e+03  1.3330314e+03  8.2630483e+02
3.1919121e-01      1841  1.1320743e+03  1.1257881e+03  6.0049632e+02
3.6464415e-01      2698  9.0897428e+02  9.0320030e+02  4.4940676e+02
4.1290034e-01      3532  8.0664309e+02  8.1328270e+02  3.5242859e+02
4.6319578e-01      4702  7.0300943e+02  6.8963896e+02  2.5995996e+02
5.1570195e-01      6019  6.3132823e+02  6.3840630e+02  2.1377845e+02
5.7047444e-01      7766  5.6615270e+02  5.6556929e+02  1.6773740e+02
6.2844883e-01     10012  5.0334325e+02  4.9539123e+02  1.3113207e+02
6.8955465e-01     12589  4.5761703e+02  4.5897106e+02  1.0814027e+02
7.5323141e-01     15650  4.2329872e+02  4.2690923e+02  8.8932481e+01
8.2032763e-01     19757  3.8837506e+02  3.8715104e+02  7.1929411e+01
8.9088605e-01     24241  3.5309861e+02  3.4951957e+02  5.8675938e+01
9.6481958e-01     29993  3.2244834e+02  3.1982261e+02  4.8519364e+01
1.0423453e+00     36494  2.9695880e+02  2.9532781e+02  4.0406040e+01
1.1237267e+00     44825  2.6909725e+02  2.6794552e+02  3.3730824e+01
1.2089588e+00     53906  2.4965067e+02  2.4896149e+02  2.8304860e+01
1.2983336e+00     65729  2.3034785e+02  2.2969704e+02  2.3816591e+01
1.3921058e+00     78746  2.1040944e+02  2.0974539e+02  2.0098115e+01
1.4900211e+00     94374  1.9175862e+02  1.9116382e+02  1.7025829e+01
1.5921784e+00    112166  1.7505354e+02  1.7490727e+02  1.4490910e+01
1.6991083e+00    134373  1.5974840e+02  1.5976883e+02  1.2332722e+01
1.8110248e+00    159077  1.4637443e+02  1.4617864e+02  1.0521857e+01
1.9277595e+00    188172  1.3318727e+02  1.3302274e+02  9.0077732e+00
2.0497441e+00    222492  1.2124411e+02  1.2119264e+02  7.7307862e+00
2.1771282e+00    261771  1.0951968e+02  1.0942496e+02  6.6469559e+00
2.3098450e+00    306759  9.9843688e+01  9.9766606e+01  5.7290089e+00
2.4484375e+00    360898  9.0343736e+01  9.0267326e+01  4.9468409e+00
2.5937215e+00    425046  8.1562438e+01  8.1494446e+01  4.2763519e+00
2.7470320e+00    505555  7.3944559e+01  7.3879129e+01  3.6974328e+00
2.9094444e+00    600292  6.6713613e+01  6.6653709e+01  3.1959065e+00
3.0813867e+00    712930  6.0043589e+01  5.9990424e+01  2.7613632e+00
3.2634403e+00    846715  5.4207067e+01  5.4158851e+01  2.3852902e+00
3.4562097e+00   1005596  4.8814225e+01  4.8771293e+01  2.0597184e+00
3.6603648e+00   1194719  4.3823060e+01  4.3784227e+01  1.7779249e+00
3.8766358e+00   1419743  3.9217264e+01  3.9182019e+01  1.5341860e+00
4.1057220e+00   1686576  3.5084731e+01  3.5053238e+01  1.3233385e+00
4.3483372e+00   2003484  3.1332670e+01  3.1304431e+01  1.1411913e+00
4.6052142e+00   2378778  2.8133384e+01  2.8107877e+01  9.8379896e-01
4.8773359e+00   2828400  2.5238702e+01  2.5215679e+01  8.4782841e-01
5.1655179e+00   3356890  2.2492291e+01  2.2471762e+01  7.3044813e-01
5.4707002e+00   3990317  2.0103244e+01  2.0084898e+01  6.2912232e-01
5.7939476e+00   4738457  1.7930965e+01  1.7914294e+01  5.4168413e-01
6.1362572e+00   5629661  1.5999358e+01  1.5984810e+01  4.6629779e-01
6.4988210e+00   6687903  1.4256546e+01  1.4243233e+01  4.0128584e-01
6.8828355e+00   7945758  1.2687656e+01  1.2675896e+01  3.4523008e-01
7.2895050e+00   9436555  1.1286354e+01  1.1275906e+01  2.9693657e-01
7.7201584e+00  11210320  1.0015319e+01  1.0005794e+01  2.5532981e-01
8.1762927e+00  13318613  8.8996935e+00  8.8912627e+00  2.1949849e-01
8.6593661e+00  15819192  7.8985982e+00  7.8912199e+00  1.8863462e-01
9.1709925e+00  18795348  6.9912986e+00  6.9846204e+00  1.6209200e-01
9.7128705e+00  22326034  6.1877387e+00  6.1818356e+00  1.3923773e-01
1.0286736e+01  26520842  5.4679279e+00  5.4625763e+00  1.1958002e-01
1.0894484e+01  31503438  4.8255014e+00  4.8208938e+00  1.0270240e-01
1.1538156e+01  37426927  4.2582963e+00  4.2542162e+00  8.8185394e-02
1.2220385e+01  44525830  3.7552626e+00  3.7516430e+00  7.5693745e-02
