# Power spectrum from CO𝘕CEPT job 4559661 at t = 2.6133026 Gyr, a = 0.28571429
#
# Components:
#   0: matter  (upstream grid size 1024)
#
#                           grid size 1024
# ╭────────────────────────────────────────────────────────────────╮
#                         component 0    (corrected)      (linear)
#                        σ₈ = 2.74e-01  σ₈ = 2.74e-01  σ₈ = 2.70e-01
#  k [Mpc⁻¹]    modes       P [Mpc³]       P [Mpc³]       P [Mpc³]
2.4543693e-02         3  6.4829238e+03  6.4829238e+03  6.5300517e+03
4.6570361e-02        25  3.4768748e+03  3.5290660e+03  3.5419242e+03
8.3521561e-02       124  1.5272782e+03  1.4930860e+03  1.5150248e+03
1.3383638e-01       418  7.0573185e+02  6.9766026e+02  6.7301745e+02
1.8592088e-01       730  3.7832259e+02  3.8684007e+02  3.7767699e+02
2.3260504e-01      1012  2.5906356e+02  2.5724112e+02  2.2982110e+02
2.7635505e-01      1408  1.9135804e+02  1.9159852e+02  1.6428352e+02
3.1919121e-01      1841  1.4343463e+02  1.4263817e+02  1.1938917e+02
3.6464415e-01      2698  1.1197431e+02  1.1126303e+02  8.9350045e+01
4.1290034e-01      3532  8.8379111e+01  8.9106574e+01  7.0069136e+01
4.6319578e-01      4702  7.0628219e+01  6.9284947e+01  5.1684751e+01
5.1570195e-01      6019  5.9566578e+01  6.0234402e+01  4.2503058e+01
5.7047444e-01      7766  4.9203532e+01  4.9152829e+01  3.3349272e+01
6.2844883e-01     10012  4.2510127e+01  4.1838535e+01  2.6071474e+01
6.8955465e-01     12589  3.5884579e+01  3.5990757e+01  2.1500288e+01
7.5323141e-01     15650  3.0940008e+01  3.1203910e+01  1.7681431e+01
8.2032763e-01     19757  2.6608157e+01  2.6524298e+01  1.4300909e+01
8.9088605e-01     24241  2.3461517e+01  2.3223708e+01  1.1665876e+01
9.6481958e-01     29993  2.0566276e+01  2.0398802e+01  9.6465619e+00
1.0423453e+00     36494  1.8093700e+01  1.7994323e+01  8.0334835e+00
1.1237267e+00     44825  1.6222784e+01  1.6153350e+01  6.7063272e+00
1.2089588e+00     53906  1.4509520e+01  1.4469466e+01  5.6275450e+00
1.2983336e+00     65729  1.3031483e+01  1.2994665e+01  4.7351938e+00
1.3921058e+00     78746  1.1762288e+01  1.1725166e+01  3.9958917e+00
1.4900211e+00     94374  1.0607041e+01  1.0574141e+01  3.3850640e+00
1.5921784e+00    112166  9.6626233e+00  9.6545496e+00  2.8810749e+00
1.6991083e+00    134373  8.7888666e+00  8.7899906e+00  2.4519867e+00
1.8110248e+00    159077  8.0588877e+00  8.0481078e+00  2.0919528e+00
1.9277595e+00    188172  7.3932407e+00  7.3841073e+00  1.7909245e+00
2.0497441e+00    222492  6.8362337e+00  6.8333315e+00  1.5370354e+00
2.1771282e+00    261771  6.2883604e+00  6.2829217e+00  1.3215495e+00
2.3098450e+00    306759  5.8064019e+00  5.8019192e+00  1.1390443e+00
2.4484375e+00    360898  5.3823270e+00  5.3777748e+00  9.8353442e-01
2.5937215e+00    425046  5.0009899e+00  4.9968210e+00  8.5022844e-01
2.7470320e+00    505555  4.6395591e+00  4.6354537e+00  7.3512827e-01
2.9094444e+00    600292  4.3025702e+00  4.2987068e+00  6.3541523e-01
3.0813867e+00    712930  3.9794437e+00  3.9759202e+00  5.4901966e-01
3.2634403e+00    846715  3.6934331e+00  3.6901478e+00  4.7424906e-01
3.4562097e+00   1005596  3.4188446e+00  3.4158377e+00  4.0951905e-01
3.6603648e+00   1194719  3.1649463e+00  3.1621418e+00  3.5349299e-01
3.8766358e+00   1419743  2.9309332e+00  2.9282991e+00  3.0503289e-01
4.1057220e+00   1686576  2.7021045e+00  2.6996791e+00  2.6311223e-01
4.3483372e+00   2003484  2.4984047e+00  2.4961529e+00  2.2689772e-01
4.6052142e+00   2378778  2.3048124e+00  2.3027227e+00  1.9560494e-01
4.8773359e+00   2828400  2.1210915e+00  2.1191566e+00  1.6857122e-01
5.1655179e+00   3356890  1.9520285e+00  1.9502468e+00  1.4523360e-01
5.4707002e+00   3990317  1.7878799e+00  1.7862482e+00  1.2508791e-01
5.7939476e+00   4738457  1.6420147e+00  1.6404881e+00  1.0770334e-01
6.1362572e+00   5629661  1.5041141e+00  1.5027464e+00  9.2714913e-02
6.4988210e+00   6687903  1.3777093e+00  1.3764227e+00  7.9789112e-02
6.8828355e+00   7945758  1.2620735e+00  1.2609037e+00  6.8643975e-02
7.2895050e+00   9436555  1.1566801e+00  1.1556093e+00  5.9042121e-02
7.7201584e+00  11210320  1.0575850e+00  1.0565792e+00  5.0769725e-02
8.1762927e+00  13318613  9.6809802e-01  9.6718093e-01  4.3645599e-02
8.6593661e+00  15819192  8.8506329e-01  8.8423653e-01  3.7509100e-02
9.1709925e+00  18795348  8.0810643e-01  8.0733452e-01  3.2231748e-02
9.7128705e+00  22326034  7.3684979e-01  7.3614683e-01  2.7687717e-02
1.0286736e+01  26520842  6.7215075e-01  6.7149289e-01  2.3779227e-02
1.0894484e+01  31503438  6.1307080e-01  6.1248541e-01  2.0423479e-02
1.1538156e+01  37426927  5.5808462e-01  5.5754988e-01  1.7537069e-02
1.2220385e+01  44525830  5.0815459e-01  5.0766480e-01  1.5053339e-02
