# Power spectrum from CO𝘕CEPT job 4559661 at t = 4.8106637 Gyr, a = 0.43478261
#
# Components:
#   0: matter  (upstream grid size 1024)
#
#                           grid size 1024
# ╭────────────────────────────────────────────────────────────────╮
#                         component 0    (corrected)      (linear)
#                        σ₈ = 4.14e-01  σ₈ = 4.14e-01  σ₈ = 4.01e-01
#  k [Mpc⁻¹]    modes       P [Mpc³]       P [Mpc³]       P [Mpc³]
2.4543693e-02         3  1.4264674e+04  1.4264674e+04  1.4441881e+04
4.6570361e-02        25  7.6590768e+03  7.7740467e+03  7.8320317e+03
8.3521561e-02       124  3.3902322e+03  3.3143328e+03  3.3498781e+03
1.3383638e-01       418  1.6044278e+03  1.5860777e+03  1.4880844e+03
1.8592088e-01       730  8.8147501e+02  9.0132038e+02  8.3506286e+02
2.3260504e-01      1012  6.2678770e+02  6.2237843e+02  5.0814483e+02
2.7635505e-01      1408  4.7618442e+02  4.7678285e+02  3.6323784e+02
3.1919121e-01      1841  3.7585404e+02  3.7376699e+02  2.6397431e+02
3.6464415e-01      2698  2.9689474e+02  2.9500881e+02  1.9755648e+02
4.1290034e-01      3532  2.4765155e+02  2.4969000e+02  1.5492557e+02
4.6319578e-01      4702  2.0507466e+02  2.0117436e+02  1.1427695e+02
5.1570195e-01      6019  1.7434044e+02  1.7629504e+02  9.3975849e+01
5.7047444e-01      7766  1.4860107e+02  1.4844794e+02  7.3736472e+01
6.2844883e-01     10012  1.3270918e+02  1.3061259e+02  5.7644981e+01
6.8955465e-01     12589  1.1719830e+02  1.1754508e+02  4.7537913e+01
7.5323141e-01     15650  1.0492587e+02  1.0582083e+02  3.9094275e+01
8.2032763e-01     19757  9.1947461e+01  9.1657677e+01  3.1619816e+01
8.9088605e-01     24241  8.4325398e+01  8.3470667e+01  2.5793659e+01
9.6481958e-01     29993  7.5211897e+01  7.4599437e+01  2.1328882e+01
1.0423453e+00     36494  6.9052503e+01  6.8673245e+01  1.7762307e+01
1.1237267e+00     44825  6.2800666e+01  6.2531880e+01  1.4827916e+01
1.2089588e+00     53906  5.8242093e+01  5.8081311e+01  1.2442689e+01
1.2983336e+00     65729  5.3463525e+01  5.3312473e+01  1.0469669e+01
1.3921058e+00     78746  4.9342932e+01  4.9187205e+01  8.8350451e+00
1.4900211e+00     94374  4.5467644e+01  4.5326614e+01  7.4844833e+00
1.5921784e+00    112166  4.2226034e+01  4.2190752e+01  6.3701455e+00
1.6991083e+00    134373  3.9094756e+01  3.9099757e+01  5.4214164e+00
1.8110248e+00    159077  3.6162072e+01  3.6113700e+01  4.6253689e+00
1.9277595e+00    188172  3.3606625e+01  3.3565108e+01  3.9597846e+00
2.0497441e+00    222492  3.1099640e+01  3.1086437e+01  3.3984271e+00
2.1771282e+00    261771  2.8738679e+01  2.8713823e+01  2.9219804e+00
2.3098450e+00    306759  2.6659751e+01  2.6639169e+01  2.5184551e+00
2.4484375e+00    360898  2.4581061e+01  2.4560271e+01  2.1746176e+00
2.5937215e+00    425046  2.2712301e+01  2.2693368e+01  1.8798736e+00
2.7470320e+00    505555  2.0934806e+01  2.0916282e+01  1.6253833e+00
2.9094444e+00    600292  1.9249133e+01  1.9231848e+01  1.4049146e+00
3.0813867e+00    712930  1.7682456e+01  1.7666799e+01  1.2138912e+00
3.2634403e+00    846715  1.6159725e+01  1.6145351e+01  1.0485710e+00
3.4562097e+00   1005596  1.4770605e+01  1.4757614e+01  9.0545099e-01
3.6603648e+00   1194719  1.3458941e+01  1.3447015e+01  7.8157566e-01
3.8766358e+00   1419743  1.2166548e+01  1.2155614e+01  6.7442896e-01
4.1057220e+00   1686576  1.1037320e+01  1.1027413e+01  5.8174119e-01
4.3483372e+00   2003484  9.9890274e+00  9.9800244e+00  5.0166992e-01
4.6052142e+00   2378778  9.0044525e+00  8.9962887e+00  4.3248075e-01
4.8773359e+00   2828400  8.1171732e+00  8.1097687e+00  3.7270851e-01
5.1655179e+00   3356890  7.2926784e+00  7.2860221e+00  3.2110848e-01
5.4707002e+00   3990317  6.5477920e+00  6.5418165e+00  2.7656591e-01
5.7939476e+00   4738457  5.8598169e+00  5.8543691e+00  2.3812828e-01
6.1362572e+00   5629661  5.2480261e+00  5.2432540e+00  2.0498859e-01
6.4988210e+00   6687903  4.6925709e+00  4.6881887e+00  1.7640943e-01
6.8828355e+00   7945758  4.1882970e+00  4.1844150e+00  1.5176738e-01
7.2895050e+00   9436555  3.7331357e+00  3.7296796e+00  1.3053758e-01
7.7201584e+00  11210320  3.3279634e+00  3.3247984e+00  1.1224725e-01
8.1762927e+00  13318613  2.9624841e+00  2.9596777e+00  9.6495782e-02
8.6593661e+00  15819192  2.6369448e+00  2.6344816e+00  8.2927985e-02
9.1709925e+00  18795348  2.3471738e+00  2.3449318e+00  7.1259789e-02
9.7128705e+00  22326034  2.0836227e+00  2.0816349e+00  6.1212983e-02
1.0286736e+01  26520842  1.8532550e+00  1.8514411e+00  5.2571375e-02
1.0894484e+01  31503438  1.6475104e+00  1.6459373e+00  4.5151890e-02
1.1538156e+01  37426927  1.4631824e+00  1.4617804e+00  3.8770124e-02
1.2220385e+01  44525830  1.3003949e+00  1.2991415e+00  3.3278695e-02
