# Power spectrum from CO𝘕CEPT job 4559661 at t = 11.277962 Gyr, a = 0.83333333
#
# Components:
#   0: matter  (upstream grid size 1024)
#
#                           grid size 1024
# ╭────────────────────────────────────────────────────────────────╮
#                         component 0    (corrected)      (linear)
#                        σ₈ = 7.28e-01  σ₈ = 7.26e-01  σ₈ = 6.72e-01
#  k [Mpc⁻¹]    modes       P [Mpc³]       P [Mpc³]       P [Mpc³]
2.4543693e-02         3  3.9464419e+04  3.9464419e+04  4.0495072e+04
4.6570361e-02        25  2.1176665e+04  2.1494547e+04  2.1954697e+04
8.3521561e-02       124  9.8626905e+03  9.6418879e+03  9.3892763e+03
1.3383638e-01       418  4.8558608e+03  4.8003234e+03  4.1707508e+03
1.8592088e-01       730  2.8559844e+03  2.9202835e+03  2.3404559e+03
2.3260504e-01      1012  2.1373673e+03  2.1223316e+03  1.4241858e+03
2.7635505e-01      1408  1.7450572e+03  1.7472502e+03  1.0180499e+03
3.1919121e-01      1841  1.5200867e+03  1.5116459e+03  7.3984197e+02
3.6464415e-01      2698  1.2328423e+03  1.2250110e+03  5.5369179e+02
4.1290034e-01      3532  1.0996233e+03  1.1086744e+03  4.3420970e+02
4.6319578e-01      4702  9.5301383e+02  9.3488854e+02  3.2028366e+02
5.1570195e-01      6019  8.6455373e+02  8.7424659e+02  2.6338571e+02
5.7047444e-01      7766  7.9192058e+02  7.9110451e+02  2.0666081e+02
6.2844883e-01     10012  7.0682992e+02  6.9566313e+02  1.6156122e+02
6.8955465e-01     12589  6.4319831e+02  6.4510145e+02  1.3323417e+02
7.5323141e-01     15650  5.9246380e+02  5.9751719e+02  1.0956922e+02
8.2032763e-01     19757  5.4784788e+02  5.4612127e+02  8.8620588e+01
8.9088605e-01     24241  5.0817499e+02  5.0302408e+02  7.2291651e+01
9.6481958e-01     29993  4.5687617e+02  4.5315577e+02  5.9778248e+01
1.0423453e+00     36494  4.2255014e+02  4.2022937e+02  4.9782231e+01
1.1237267e+00     44825  3.8545142e+02  3.8380169e+02  4.1558034e+01
1.2089588e+00     53906  3.5450491e+02  3.5352628e+02  3.4872977e+01
1.2983336e+00     65729  3.2492384e+02  3.2400583e+02  2.9343208e+01
1.3921058e+00     78746  2.9768324e+02  2.9674375e+02  2.4761862e+01
1.4900211e+00     94374  2.7365112e+02  2.7280232e+02  2.0976654e+01
1.5921784e+00    112166  2.4861464e+02  2.4840690e+02  1.7853509e+01
1.6991083e+00    134373  2.2615250e+02  2.2618143e+02  1.5194515e+01
1.8110248e+00    159077  2.0363204e+02  2.0335965e+02  1.2963440e+01
1.9277595e+00    188172  1.8653983e+02  1.8630938e+02  1.1098014e+01
2.0497441e+00    222492  1.6886091e+02  1.6878922e+02  9.5247032e+00
2.1771282e+00    261771  1.5270087e+02  1.5256881e+02  8.1893710e+00
2.3098450e+00    306759  1.3811487e+02  1.3800825e+02  7.0584151e+00
2.4484375e+00    360898  1.2482850e+02  1.2472293e+02  6.0947457e+00
2.5937215e+00    425046  1.1260651e+02  1.1251263e+02  5.2686703e+00
2.7470320e+00    505555  1.0171707e+02  1.0162706e+02  4.5554136e+00
2.9094444e+00    600292  9.1990079e+01  9.1907478e+01  3.9375087e+00
3.0813867e+00    712930  8.2868828e+01  8.2795453e+01  3.4021301e+00
3.2634403e+00    846715  7.4009609e+01  7.3943779e+01  2.9387897e+00
3.4562097e+00   1005596  6.6481661e+01  6.6423190e+01  2.5376694e+00
3.6603648e+00   1194719  5.9886330e+01  5.9833264e+01  2.1904860e+00
3.8766358e+00   1419743  5.3675537e+01  5.3627297e+01  1.8901878e+00
4.1057220e+00   1686576  4.8270856e+01  4.8227527e+01  1.6304135e+00
4.3483372e+00   2003484  4.3316182e+01  4.3277142e+01  1.4059994e+00
4.6052142e+00   2378778  3.8875638e+01  3.8840392e+01  1.2120844e+00
4.8773359e+00   2828400  3.4738021e+01  3.4706332e+01  1.0445621e+00
5.1655179e+00   3356890  3.1054402e+01  3.1026057e+01  8.9994394e-01
5.4707002e+00   3990317  2.7745556e+01  2.7720236e+01  7.7510568e-01
5.7939476e+00   4738457  2.4717097e+01  2.4694118e+01  6.6737766e-01
6.1362572e+00   5629661  2.1995011e+01  2.1975010e+01  5.7449810e-01
6.4988210e+00   6687903  1.9591969e+01  1.9573673e+01  4.9440030e-01
6.8828355e+00   7945758  1.7423384e+01  1.7407235e+01  4.2533698e-01
7.2895050e+00   9436555  1.5457573e+01  1.5443263e+01  3.6583711e-01
7.7201584e+00  11210320  1.3741014e+01  1.3727946e+01  3.1457565e-01
8.1762927e+00  13318613  1.2193636e+01  1.2182085e+01  2.7042981e-01
8.6593661e+00  15819192  1.0800994e+01  1.0790904e+01  2.3240412e-01
9.1709925e+00  18795348  9.5621267e+00  9.5529929e+00  1.9970241e-01
9.7128705e+00  22326034  8.4571231e+00  8.4490549e+00  1.7154493e-01
1.0286736e+01  26520842  7.4689704e+00  7.4616602e+00  1.4732576e-01
1.0894484e+01  31503438  6.5895467e+00  6.5832546e+00  1.2653180e-01
1.1538156e+01  37426927  5.8133187e+00  5.8077485e+00  1.0864623e-01
1.2220385e+01  44525830  5.1290098e+00  5.1240661e+00  9.3256001e-02
