# Power spectrum from CO𝘕CEPT job 4559661 at t = 12.444912 Gyr, a = 0.90909091
#
# Components:
#   0: matter  (upstream grid size 1024)
#
#                           grid size 1024
# ╭────────────────────────────────────────────────────────────────╮
#                         component 0    (corrected)      (linear)
#                        σ₈ = 7.73e-01  σ₈ = 7.72e-01  σ₈ = 7.08e-01
#  k [Mpc⁻¹]    modes       P [Mpc³]       P [Mpc³]       P [Mpc³]
2.4543693e-02         3  4.3764950e+04  4.3764950e+04  4.5002614e+04
4.6570361e-02        25  2.3473738e+04  2.3826101e+04  2.4397641e+04
8.3521561e-02       124  1.1047108e+04  1.0799789e+04  1.0433885e+04
1.3383638e-01       418  5.4717252e+03  5.4091441e+03  4.6347461e+03
1.8592088e-01       730  3.2494406e+03  3.3225979e+03  2.6008267e+03
2.3260504e-01      1012  2.4422639e+03  2.4250833e+03  1.5826223e+03
2.7635505e-01      1408  2.0031668e+03  2.0056842e+03  1.1313047e+03
3.1919121e-01      1841  1.7673580e+03  1.7575442e+03  8.2214677e+02
3.6464415e-01      2698  1.4447334e+03  1.4355562e+03  6.1528795e+02
4.1290034e-01      3532  1.2948160e+03  1.3054739e+03  4.8251387e+02
4.6319578e-01      4702  1.1143059e+03  1.0931131e+03  3.5591396e+02
5.1570195e-01      6019  1.0090443e+03  1.0203571e+03  2.9268631e+02
5.7047444e-01      7766  9.3242641e+02  9.3146556e+02  2.2965098e+02
6.2844883e-01     10012  8.3429587e+02  8.2111533e+02  1.7953424e+02
6.8955465e-01     12589  7.5547902e+02  7.5771438e+02  1.4805591e+02
7.5323141e-01     15650  6.9526858e+02  7.0119885e+02  1.2175833e+02
8.2032763e-01     19757  6.4056740e+02  6.3854857e+02  9.8479253e+01
8.9088605e-01     24241  5.9649210e+02  5.9044600e+02  8.0333789e+01
9.6481958e-01     29993  5.3688763e+02  5.3251569e+02  6.6428322e+01
1.0423453e+00     36494  4.9602431e+02  4.9329999e+02  5.5320289e+01
1.1237267e+00     44825  4.4815127e+02  4.4623319e+02  4.6181185e+01
1.2089588e+00     53906  4.1116979e+02  4.1003473e+02  3.8752444e+01
1.2983336e+00     65729  3.7573286e+02  3.7467129e+02  3.2607511e+01
1.3921058e+00     78746  3.4132940e+02  3.4025216e+02  2.7516510e+01
1.4900211e+00     94374  3.1310449e+02  3.1213331e+02  2.3310213e+01
1.5921784e+00    112166  2.8450181e+02  2.8426409e+02  1.9839632e+01
1.6991083e+00    134373  2.5913777e+02  2.5917091e+02  1.6884836e+01
1.8110248e+00    159077  2.3352188e+02  2.3320951e+02  1.4405564e+01
1.9277595e+00    188172  2.1326492e+02  2.1300145e+02  1.2332617e+01
2.0497441e+00    222492  1.9404256e+02  1.9396018e+02  1.0584282e+01
2.1771282e+00    261771  1.7548513e+02  1.7533335e+02  9.1004000e+00
2.3098450e+00    306759  1.5918268e+02  1.5905978e+02  7.8436302e+00
2.4484375e+00    360898  1.4425723e+02  1.4413522e+02  6.7727568e+00
2.5937215e+00    425046  1.3064732e+02  1.3053841e+02  5.8547841e+00
2.7470320e+00    505555  1.1817278e+02  1.1806822e+02  5.0621808e+00
2.9094444e+00    600292  1.0639362e+02  1.0629808e+02  4.3755366e+00
3.0813867e+00    712930  9.6116224e+01  9.6031119e+01  3.7805996e+00
3.2634403e+00    846715  8.6623311e+01  8.6546261e+01  3.2657147e+00
3.4562097e+00   1005596  7.7975757e+01  7.7907177e+01  2.8199715e+00
3.6603648e+00   1194719  7.0187378e+01  7.0125184e+01  2.4341655e+00
3.8766358e+00   1419743  6.3006544e+01  6.2949918e+01  2.1004605e+00
4.1057220e+00   1686576  5.6712578e+01  5.6661672e+01  1.8117875e+00
4.3483372e+00   2003484  5.0895875e+01  5.0850003e+01  1.5624083e+00
4.6052142e+00   2378778  4.5567745e+01  4.5526431e+01  1.3469212e+00
4.8773359e+00   2828400  4.0831988e+01  4.0794740e+01  1.1607629e+00
5.1655179e+00   3356890  3.6552948e+01  3.6519585e+01  1.0000567e+00
5.4707002e+00   3990317  3.2673417e+01  3.2643599e+01  8.6133074e-01
5.7939476e+00   4738457  2.9184576e+01  2.9157443e+01  7.4161851e-01
6.1362572e+00   5629661  2.6005565e+01  2.5981918e+01  6.3840658e-01
6.4988210e+00   6687903  2.3143334e+01  2.3121721e+01  5.4939831e-01
6.8828355e+00   7945758  2.0637875e+01  2.0618746e+01  4.7265205e-01
7.2895050e+00   9436555  1.8374947e+01  1.8357936e+01  4.0653314e-01
7.7201584e+00  11210320  1.6328533e+01  1.6313004e+01  3.4956913e-01
8.1762927e+00  13318613  1.4477310e+01  1.4463596e+01  3.0051232e-01
8.6593661e+00  15819192  1.2862959e+01  1.2850943e+01  2.5825649e-01
9.1709925e+00  18795348  1.1408236e+01  1.1397339e+01  2.2191691e-01
9.7128705e+00  22326034  1.0094766e+01  1.0085135e+01  1.9062708e-01
1.0286736e+01  26520842  8.9309181e+00  8.9221771e+00  1.6371369e-01
1.0894484e+01  31503438  7.8911977e+00  7.8836627e+00  1.4060655e-01
1.1538156e+01  37426927  6.9657938e+00  6.9591194e+00  1.2073134e-01
1.2220385e+01  44525830  6.1398985e+00  6.1339805e+00  1.0362906e-01
