# Power spectrum from CO𝘕CEPT job 4559661 at t = 7.9068012 Gyr, a = 0.625
#
# Components:
#   0: matter  (upstream grid size 1024)
#
#                           grid size 1024
# ╭────────────────────────────────────────────────────────────────╮
#                         component 0    (corrected)      (linear)
#                        σ₈ = 5.79e-01  σ₈ = 5.78e-01  σ₈ = 5.47e-01
#  k [Mpc⁻¹]    modes       P [Mpc³]       P [Mpc³]       P [Mpc³]
2.4543693e-02         3  2.6359399e+04  2.6359399e+04  2.6867919e+04
4.6570361e-02        25  1.4156561e+04  1.4369064e+04  1.4568470e+04
8.3521561e-02       124  6.4019128e+03  6.2585890e+03  6.2307612e+03
1.3383638e-01       418  3.0954366e+03  3.0600335e+03  2.7677751e+03
1.8592088e-01       730  1.7642911e+03  1.8040120e+03  1.5531719e+03
2.3260504e-01      1012  1.2956329e+03  1.2865185e+03  9.4511950e+02
2.7635505e-01      1408  1.0266013e+03  1.0278915e+03  6.7560008e+02
3.1919121e-01      1841  8.5441271e+02  8.4966833e+02  4.9097560e+02
3.6464415e-01      2698  6.8215835e+02  6.7782515e+02  3.6744239e+02
4.1290034e-01      3532  6.0095833e+02  6.0590492e+02  2.8815149e+02
4.6319578e-01      4702  5.1874888e+02  5.0888284e+02  2.1254763e+02
5.1570195e-01      6019  4.5672018e+02  4.6184066e+02  1.7478887e+02
5.7047444e-01      7766  4.0086961e+02  4.0045651e+02  1.3714494e+02
6.2844883e-01     10012  3.5431285e+02  3.4871527e+02  1.0721581e+02
6.8955465e-01     12589  3.2331574e+02  3.2427239e+02  8.8417327e+01
7.5323141e-01     15650  2.9711327e+02  2.9964749e+02  7.2712716e+01
8.2032763e-01     19757  2.6495605e+02  2.6412101e+02  5.8810719e+01
8.9088605e-01     24241  2.4244714e+02  2.3998967e+02  4.7974454e+01
9.6481958e-01     29993  2.2380690e+02  2.2198441e+02  3.9670267e+01
1.0423453e+00     36494  2.0228926e+02  2.0117823e+02  3.3036675e+01
1.1237267e+00     44825  1.8680123e+02  1.8600172e+02  2.7578905e+01
1.2089588e+00     53906  1.7373106e+02  1.7325146e+02  2.3142544e+01
1.2983336e+00     65729  1.5898925e+02  1.5854005e+02  1.9472858e+01
1.3921058e+00     78746  1.4616073e+02  1.4569944e+02  1.6432569e+01
1.4900211e+00     94374  1.3376173e+02  1.3334683e+02  1.3920615e+01
1.5921784e+00    112166  1.2317346e+02  1.2307054e+02  1.1848022e+01
1.6991083e+00    134373  1.1320251e+02  1.1321699e+02  1.0083450e+01
1.8110248e+00    159077  1.0386051e+02  1.0372159e+02  8.6028561e+00
1.9277595e+00    188172  9.4637618e+01  9.4520704e+01  7.3649147e+00
2.0497441e+00    222492  8.6482681e+01  8.6445965e+01  6.3208281e+00
2.1771282e+00    261771  7.9206955e+01  7.9138451e+01  5.4346698e+00
2.3098450e+00    306759  7.2534443e+01  7.2478445e+01  4.6841405e+00
2.4484375e+00    360898  6.5859445e+01  6.5803744e+01  4.0446264e+00
2.5937215e+00    425046  5.9854951e+01  5.9805055e+01  3.4964229e+00
2.7470320e+00    505555  5.4096278e+01  5.4048410e+01  3.0230886e+00
2.9094444e+00    600292  4.9047930e+01  4.9003889e+01  2.6130320e+00
3.0813867e+00    712930  4.4465545e+01  4.4426173e+01  2.2577418e+00
3.2634403e+00    846715  4.0040801e+01  4.0005185e+01  1.9502580e+00
3.4562097e+00   1005596  3.6064745e+01  3.6033026e+01  1.6840647e+00
3.6603648e+00   1194719  3.2439649e+01  3.2410904e+01  1.4536654e+00
3.8766358e+00   1419743  2.9173415e+01  2.9147196e+01  1.2543802e+00
4.1057220e+00   1686576  2.6220964e+01  2.6197427e+01  1.0819876e+00
4.3483372e+00   2003484  2.3500964e+01  2.3479783e+01  9.3306082e-01
4.6052142e+00   2378778  2.1105422e+01  2.1086287e+01  8.0437401e-01
4.8773359e+00   2828400  1.8873330e+01  1.8856113e+01  6.9320206e-01
5.1655179e+00   3356890  1.6892976e+01  1.6877557e+01  5.9722983e-01
5.4707002e+00   3990317  1.5114902e+01  1.5101109e+01  5.1438401e-01
5.7939476e+00   4738457  1.3491584e+01  1.3479041e+01  4.4289295e-01
6.1362572e+00   5629661  1.2033844e+01  1.2022902e+01  3.8125569e-01
6.4988210e+00   6687903  1.0722491e+01  1.0712477e+01  3.2810071e-01
6.8828355e+00   7945758  9.5377796e+00  9.5289393e+00  2.8226848e-01
7.2895050e+00   9436555  8.4955563e+00  8.4876914e+00  2.4278279e-01
7.7201584e+00  11210320  7.5497527e+00  7.5425725e+00  2.0876430e-01
8.1762927e+00  13318613  6.7110654e+00  6.7047079e+00  1.7946792e-01
8.6593661e+00  15819192  5.9413994e+00  5.9358493e+00  1.5423301e-01
9.1709925e+00  18795348  5.2561611e+00  5.2511403e+00  1.3253123e-01
9.7128705e+00  22326034  4.6518122e+00  4.6473743e+00  1.1384511e-01
1.0286736e+01  26520842  4.1122505e+00  4.1082257e+00  9.7772558e-02
1.0894484e+01  31503438  3.6348460e+00  3.6313752e+00  8.3973059e-02
1.1538156e+01  37426927  3.2107737e+00  3.2076972e+00  7.2103641e-02
1.2220385e+01  44525830  2.8370532e+00  2.8343186e+00  6.1890188e-02
