# Power spectrum from CO𝘕CEPT job 4559661 at t = 3.2779515 Gyr, a = 0.33333333
#
# Components:
#   0: matter  (upstream grid size 1024)
#
#                           grid size 1024
# ╭────────────────────────────────────────────────────────────────╮
#                         component 0    (corrected)      (linear)
#                        σ₈ = 3.20e-01  σ₈ = 3.19e-01  σ₈ = 3.13e-01
#  k [Mpc⁻¹]    modes       P [Mpc³]       P [Mpc³]       P [Mpc³]
2.4543693e-02         3  8.7100110e+03  8.7100110e+03  8.7870912e+03
4.6570361e-02        25  4.6734008e+03  4.7435529e+03  4.7658799e+03
8.3521561e-02       124  2.0558078e+03  2.0097831e+03  2.0385197e+03
1.3383638e-01       418  9.5799763e+02  9.4704083e+02  9.0556337e+02
1.8592088e-01       730  5.1682307e+02  5.2845873e+02  5.0817371e+02
2.3260504e-01      1012  3.5873096e+02  3.5620739e+02  3.0922972e+02
2.7635505e-01      1408  2.6723034e+02  2.6756617e+02  2.2104727e+02
3.1919121e-01      1841  2.0375039e+02  2.0261901e+02  1.6064084e+02
3.6464415e-01      2698  1.5982425e+02  1.5880902e+02  1.2022250e+02
4.1290034e-01      3532  1.2800375e+02  1.2905737e+02  9.4279587e+01
4.6319578e-01      4702  1.0380094e+02  1.0182676e+02  6.9542980e+01
5.1570195e-01      6019  8.7814571e+01  8.8799095e+01  5.7188802e+01
5.7047444e-01      7766  7.3450777e+01  7.3375087e+01  4.4872179e+01
6.2844883e-01     10012  6.4218690e+01  6.3204137e+01  3.5079739e+01
6.8955465e-01     12589  5.5261616e+01  5.5425129e+01  2.8929106e+01
7.5323141e-01     15650  4.8222710e+01  4.8634024e+01  2.3790749e+01
8.2032763e-01     19757  4.1694571e+01  4.1563165e+01  1.9242183e+01
8.9088605e-01     24241  3.7381528e+01  3.7002625e+01  1.5696687e+01
9.6481958e-01     29993  3.2985846e+01  3.2717238e+01  1.2979656e+01
1.0423453e+00     36494  2.9501403e+01  2.9339373e+01  1.0809224e+01
1.1237267e+00     44825  2.6778880e+01  2.6664267e+01  9.0235059e+00
1.2089588e+00     53906  2.4262119e+01  2.4195142e+01  7.5719809e+00
1.2983336e+00     65729  2.1995057e+01  2.1932913e+01  6.3713029e+00
1.3921058e+00     78746  2.0087439e+01  2.0024043e+01  5.3765558e+00
1.4900211e+00     94374  1.8295991e+01  1.8239241e+01  4.5546738e+00
1.5921784e+00    112166  1.6822784e+01  1.6808727e+01  3.8765456e+00
1.6991083e+00    134373  1.5420836e+01  1.5422808e+01  3.2991982e+00
1.8110248e+00    159077  1.4240555e+01  1.4221506e+01  2.8147648e+00
1.9277595e+00    188172  1.3165079e+01  1.3148815e+01  2.4097247e+00
2.0497441e+00    222492  1.2230172e+01  1.2224980e+01  2.0681115e+00
2.1771282e+00    261771  1.1366916e+01  1.1357085e+01  1.7781706e+00
2.3098450e+00    306759  1.0524686e+01  1.0516560e+01  1.5326059e+00
2.4484375e+00    360898  9.7921140e+00  9.7838322e+00  1.3233641e+00
2.5937215e+00    425046  9.0965775e+00  9.0889944e+00  1.1439981e+00
2.7470320e+00    505555  8.4406429e+00  8.4331741e+00  9.8912836e-01
2.9094444e+00    600292  7.8231161e+00  7.8160915e+00  8.5496236e-01
3.0813867e+00    712930  7.2663449e+00  7.2599110e+00  7.3871532e-01
3.2634403e+00    846715  6.7239451e+00  6.7179643e+00  6.3810993e-01
3.4562097e+00   1005596  6.2082825e+00  6.2028223e+00  5.5101437e-01
3.6603648e+00   1194719  5.7357159e+00  5.7306334e+00  4.7563015e-01
3.8766358e+00   1419743  5.2712446e+00  5.2665072e+00  4.1042611e-01
4.1057220e+00   1686576  4.8471951e+00  4.8428441e+00  3.5402102e-01
4.3483372e+00   2003484  4.4368721e+00  4.4328732e+00  3.0529369e-01
4.6052142e+00   2378778  4.0587143e+00  4.0550345e+00  2.6318864e-01
4.8773359e+00   2828400  3.7047659e+00  3.7013864e+00  2.2681424e-01
5.1655179e+00   3356890  3.3760082e+00  3.3729268e+00  1.9541303e-01
5.4707002e+00   3990317  3.0629329e+00  3.0601377e+00  1.6830663e-01
5.7939476e+00   4738457  2.7781693e+00  2.7755864e+00  1.4491538e-01
6.1362572e+00   5629661  2.5176688e+00  2.5153795e+00  1.2474819e-01
6.4988210e+00   6687903  2.2806915e+00  2.2785617e+00  1.0735630e-01
6.8828355e+00   7945758  2.0642596e+00  2.0623463e+00  9.2360334e-02
7.2895050e+00   9436555  1.8649759e+00  1.8632493e+00  7.9440887e-02
7.7201584e+00  11210320  1.6840717e+00  1.6824701e+00  6.8310253e-02
8.1762927e+00  13318613  1.5182079e+00  1.5167696e+00  5.8724641e-02
8.6593661e+00  15819192  1.3679047e+00  1.3666269e+00  5.0467900e-02
9.1709925e+00  18795348  1.2312936e+00  1.2301174e+00  4.3367159e-02
9.7128705e+00  22326034  1.1078531e+00  1.1067962e+00  3.7253116e-02
1.0286736e+01  26520842  9.9439848e-01  9.9342522e-01  3.1994206e-02
1.0894484e+01  31503438  8.9336038e-01  8.9250735e-01  2.7479020e-02
1.1538156e+01  37426927  8.0261785e-01  8.0184881e-01  2.3595337e-02
1.2220385e+01  44525830  7.2129375e-01  7.2059852e-01  2.0253469e-02
