# Power spectrum from CO𝘕CEPT job 4559661 at t = 2.8501215 Gyr, a = 0.3030303
#
# Components:
#   0: matter  (upstream grid size 1024)
#
#                           grid size 1024
# ╭────────────────────────────────────────────────────────────────╮
#                         component 0    (corrected)      (linear)
#                        σ₈ = 2.91e-01  σ₈ = 2.90e-01  σ₈ = 2.86e-01
#  k [Mpc⁻¹]    modes       P [Mpc³]       P [Mpc³]       P [Mpc³]
2.4543693e-02         3  7.2605637e+03  7.2605637e+03  7.3174482e+03
4.6570361e-02        25  3.8946087e+03  3.9530705e+03  3.9689272e+03
8.3521561e-02       124  1.7114704e+03  1.6731546e+03  1.6976588e+03
1.3383638e-01       418  7.9333453e+02  7.8426101e+02  7.5414705e+02
1.8592088e-01       730  4.2617164e+02  4.3576639e+02  4.2320416e+02
2.3260504e-01      1012  2.9332127e+02  2.9125784e+02  2.5752487e+02
2.7635505e-01      1408  2.1731899e+02  2.1759210e+02  1.8408704e+02
3.1919121e-01      1841  1.6389795e+02  1.6298786e+02  1.3378089e+02
3.6464415e-01      2698  1.2819039e+02  1.2737609e+02  1.0012071e+02
4.1290034e-01      3532  1.0167055e+02  1.0250741e+02  7.8515587e+01
4.6319578e-01      4702  8.1712423e+01  8.0158342e+01  5.7915064e+01
5.1570195e-01      6019  6.9002749e+01  6.9776367e+01  4.7626566e+01
5.7047444e-01      7766  5.7253298e+01  5.7194299e+01  3.7369341e+01
6.2844883e-01     10012  4.9698684e+01  4.8913524e+01  2.9214245e+01
6.8955465e-01     12589  4.2254343e+01  4.2379368e+01  2.4092027e+01
7.5323141e-01     15650  3.6580777e+01  3.6892791e+01  1.9812827e+01
8.2032763e-01     19757  3.1519270e+01  3.1419933e+01  1.6024803e+01
8.9088605e-01     24241  2.7967478e+01  2.7683997e+01  1.3072130e+01
9.6481958e-01     29993  2.4587962e+01  2.4387739e+01  1.0809400e+01
1.0423453e+00     36494  2.1761661e+01  2.1642139e+01  9.0018736e+00
1.1237267e+00     44825  1.9614546e+01  1.9530596e+01  7.5147360e+00
1.2089588e+00     53906  1.7616963e+01  1.7568330e+01  6.3059127e+00
1.2983336e+00     65729  1.5889007e+01  1.5844115e+01  5.3059936e+00
1.3921058e+00     78746  1.4403948e+01  1.4358489e+01  4.4775728e+00
1.4900211e+00     94374  1.3030324e+01  1.2989907e+01  3.7931133e+00
1.5921784e+00    112166  1.1916770e+01  1.1906813e+01  3.2283711e+00
1.6991083e+00    134373  1.0881901e+01  1.0883293e+01  2.7475589e+00
1.8110248e+00    159077  1.0008681e+01  9.9952934e+00  2.3441249e+00
1.9277595e+00    188172  9.2019546e+00  9.1905868e+00  2.0068093e+00
2.0497441e+00    222492  8.5387162e+00  8.5350912e+00  1.7223154e+00
2.1771282e+00    261771  7.8820961e+00  7.8752790e+00  1.4808539e+00
2.3098450e+00    306759  7.2915875e+00  7.2859582e+00  1.2763487e+00
2.4484375e+00    360898  6.7616735e+00  6.7559547e+00  1.1020930e+00
2.5937215e+00    425046  6.2906844e+00  6.2854404e+00  9.5271778e-01
2.7470320e+00    505555  5.8448332e+00  5.8396613e+00  8.2374296e-01
2.9094444e+00    600292  5.4353024e+00  5.4304218e+00  7.1201010e-01
3.0813867e+00    712930  5.0380366e+00  5.0335758e+00  6.1520005e-01
3.2634403e+00    846715  4.6724085e+00  4.6682525e+00  5.3141630e-01
3.4562097e+00   1005596  4.3288315e+00  4.3250243e+00  4.5888348e-01
3.6603648e+00   1194719  4.0038790e+00  4.0003311e+00  3.9610381e-01
3.8766358e+00   1419743  3.6981942e+00  3.6948705e+00  3.4180215e-01
4.1057220e+00   1686576  3.4057524e+00  3.4026953e+00  2.9482821e-01
4.3483372e+00   2003484  3.1361563e+00  3.1333298e+00  2.5424828e-01
4.6052142e+00   2378778  2.8862244e+00  2.8836076e+00  2.1918335e-01
4.8773359e+00   2828400  2.6486676e+00  2.6462514e+00  1.8889089e-01
5.1655179e+00   3356890  2.4299911e+00  2.4277731e+00  1.6274007e-01
5.4707002e+00   3990317  2.2171369e+00  2.2151136e+00  1.4016595e-01
5.7939476e+00   4738457  2.0280831e+00  2.0261976e+00  1.2068579e-01
6.1362572e+00   5629661  1.8509310e+00  1.8492480e+00  1.0389061e-01
6.4988210e+00   6687903  1.6896237e+00  1.6880458e+00  8.9406696e-02
6.8828355e+00   7945758  1.5394135e+00  1.5379866e+00  7.6918095e-02
7.2895050e+00   9436555  1.3997516e+00  1.3984557e+00  6.6158810e-02
7.7201584e+00  11210320  1.2735960e+00  1.2723847e+00  5.6889240e-02
8.1762927e+00  13318613  1.1582575e+00  1.1571603e+00  4.8906359e-02
8.6593661e+00  15819192  1.0522309e+00  1.0512480e+00  4.2030156e-02
9.1709925e+00  18795348  9.5406566e-01  9.5315433e-01  3.6116666e-02
9.7128705e+00  22326034  8.6460620e-01  8.6378136e-01  3.1024893e-02
1.0286736e+01  26520842  7.8250065e-01  7.8173478e-01  2.6645273e-02
1.0894484e+01  31503438  7.0810845e-01  7.0743230e-01  2.2885023e-02
1.1538156e+01  37426927  6.4081883e-01  6.4020482e-01  1.9650687e-02
1.2220385e+01  44525830  5.8013430e-01  5.7957512e-01  1.6867572e-02
