# Power spectrum from CO𝘕CEPT job 4559661 at t = 2.3139476 Gyr, a = 0.26315789
#
# Components:
#   0: matter  (upstream grid size 1024)
#
#                           grid size 1024
# ╭────────────────────────────────────────────────────────────────╮
#                         component 0    (corrected)      (linear)
#                        σ₈ = 2.53e-01  σ₈ = 2.52e-01  σ₈ = 2.49e-01
#  k [Mpc⁻¹]    modes       P [Mpc³]       P [Mpc³]       P [Mpc³]
2.4543693e-02         3  5.5283502e+03  5.5283502e+03  5.5645633e+03
4.6570361e-02        25  2.9642096e+03  3.0087052e+03  3.0183249e+03
8.3521561e-02       124  1.3016469e+03  1.2725061e+03  1.2910727e+03
1.3383638e-01       418  5.9894055e+02  5.9209035e+02  5.7353319e+02
1.8592088e-01       730  3.2034318e+02  3.2755532e+02  3.2184974e+02
2.3260504e-01      1012  2.1784295e+02  2.1631049e+02  1.9584960e+02
2.7635505e-01      1408  1.6029210e+02  1.6049354e+02  1.3999963e+02
3.1919121e-01      1841  1.1922156e+02  1.1855955e+02  1.0174143e+02
3.6464415e-01      2698  9.2821253e+01  9.2231634e+01  7.6142609e+01
4.1290034e-01      3532  7.2857143e+01  7.3456842e+01  5.9711746e+01
4.6319578e-01      4702  5.7774222e+01  5.6675419e+01  4.4044883e+01
5.1570195e-01      6019  4.8628930e+01  4.9174128e+01  3.6220398e+01
5.7047444e-01      7766  3.9948195e+01  3.9907028e+01  2.8419696e+01
6.2844883e-01     10012  3.4270092e+01  3.3728679e+01  2.2217678e+01
6.8955465e-01     12589  2.8668168e+01  2.8752993e+01  1.8322189e+01
7.5323141e-01     15650  2.4602337e+01  2.4812181e+01  1.5067823e+01
8.2032763e-01     19757  2.1094498e+01  2.1028016e+01  1.2186999e+01
8.9088605e-01     24241  1.8442211e+01  1.8255279e+01  9.9414670e+00
9.6481958e-01     29993  1.6086883e+01  1.5955885e+01  8.2206414e+00
1.0423453e+00     36494  1.4045932e+01  1.3968788e+01  6.8460028e+00
1.1237267e+00     44825  1.2492033e+01  1.2438567e+01  5.7150222e+00
1.2089588e+00     53906  1.1117268e+01  1.1086578e+01  4.7957019e+00
1.2983336e+00     65729  9.9146853e+00  9.8866731e+00  4.0352550e+00
1.3921058e+00     78746  8.8963526e+00  8.8682756e+00  3.4052339e+00
1.4900211e+00     94374  7.9886395e+00  7.9638606e+00  2.8846967e+00
1.5921784e+00    112166  7.2250141e+00  7.2189771e+00  2.4552055e+00
1.6991083e+00    134373  6.5346152e+00  6.5354510e+00  2.0895437e+00
1.8110248e+00    159077  5.9644834e+00  5.9565051e+00  1.7827287e+00
1.9277595e+00    188172  5.4533513e+00  5.4466143e+00  1.5261973e+00
2.0497441e+00    222492  5.0026933e+00  5.0005695e+00  1.3098372e+00
2.1771282e+00    261771  4.5888069e+00  4.5848382e+00  1.1262037e+00
2.3098450e+00    306759  4.2178952e+00  4.2146389e+00  9.7067569e-01
2.4484375e+00    360898  3.9041858e+00  3.9008838e+00  8.3815275e-01
2.5937215e+00    425046  3.6144481e+00  3.6114350e+00  7.2455157e-01
2.7470320e+00    505555  3.3411850e+00  3.3382285e+00  6.2646509e-01
2.9094444e+00    600292  3.0831226e+00  3.0803542e+00  5.4149126e-01
3.0813867e+00    712930  2.8491797e+00  2.8466569e+00  4.6786636e-01
3.2634403e+00    846715  2.6421970e+00  2.6398468e+00  4.0414806e-01
3.4562097e+00   1005596  2.4512340e+00  2.4490782e+00  3.4898620e-01
3.6603648e+00   1194719  2.2739564e+00  2.2719414e+00  3.0124169e-01
3.8766358e+00   1419743  2.1053873e+00  2.1034952e+00  2.5994477e-01
4.1057220e+00   1686576  1.9443910e+00  1.9426457e+00  2.2422065e-01
4.3483372e+00   2003484  1.7978873e+00  1.7962669e+00  1.9335923e-01
4.6052142e+00   2378778  1.6612245e+00  1.6597183e+00  1.6669201e-01
4.8773359e+00   2828400  1.5293758e+00  1.5279807e+00  1.4365430e-01
5.1655179e+00   3356890  1.4080301e+00  1.4067449e+00  1.2376634e-01
5.4707002e+00   3990317  1.2959585e+00  1.2947758e+00  1.0659849e-01
5.7939476e+00   4738457  1.1920916e+00  1.1909834e+00  9.1783632e-02
6.1362572e+00   5629661  1.0979007e+00  1.0969023e+00  7.9010719e-02
6.4988210e+00   6687903  1.0127426e+00  1.0117969e+00  6.7995545e-02
6.8828355e+00   7945758  9.3548636e-01  9.3461928e-01  5.8497824e-02
7.2895050e+00   9436555  8.6351991e-01  8.6272049e-01  5.0315263e-02
7.7201584e+00  11210320  7.9795486e-01  7.9719597e-01  4.3265644e-02
8.1762927e+00  13318613  7.3781574e-01  7.3711680e-01  3.7194564e-02
8.6593661e+00  15819192  6.8274816e-01  6.8211039e-01  3.1965122e-02
9.1709925e+00  18795348  6.3083293e-01  6.3023035e-01  2.7467833e-02
9.7128705e+00  22326034  5.8177133e-01  5.8121631e-01  2.3595467e-02
1.0286736e+01  26520842  5.3608198e-01  5.3555729e-01  2.0264701e-02
1.0894484e+01  31503438  4.9377903e-01  4.9330754e-01  1.7404972e-02
1.1538156e+01  37426927  4.5482387e-01  4.5438807e-01  1.4945206e-02
1.2220385e+01  44525830  4.1826698e-01  4.1786383e-01  1.2828597e-02
