# Power spectrum from CO𝘕CEPT job 4559661 at t = 2.727498 Gyr, a = 0.29411765
#
# Components:
#   0: matter  (upstream grid size 1024)
#
#                           grid size 1024
# ╭────────────────────────────────────────────────────────────────╮
#                         component 0    (corrected)      (linear)
#                        σ₈ = 2.82e-01  σ₈ = 2.82e-01  σ₈ = 2.78e-01
#  k [Mpc⁻¹]    modes       P [Mpc³]       P [Mpc³]       P [Mpc³]
2.4543693e-02         3  6.8555640e+03  6.8555640e+03  6.9072640e+03
4.6570361e-02        25  3.6770411e+03  3.7322369e+03  3.7464869e+03
8.3521561e-02       124  1.6154970e+03  1.5793298e+03  1.6025188e+03
1.3383638e-01       418  7.4764432e+02  7.3909337e+02  7.1188405e+02
1.8592088e-01       730  4.0118280e+02  4.1021495e+02  3.9948761e+02
2.3260504e-01      1012  2.7540525e+02  2.7346786e+02  2.4309309e+02
2.7635505e-01      1408  2.0372611e+02  2.0398214e+02  1.7377076e+02
3.1919121e-01      1841  1.5315906e+02  1.5230860e+02  1.2628379e+02
3.6464415e-01      2698  1.1967757e+02  1.1891735e+02  9.4509928e+01
4.1290034e-01      3532  9.4675780e+01  9.5455072e+01  7.4115562e+01
4.6319578e-01      4702  7.5871812e+01  7.4428812e+01  5.4669496e+01
5.1570195e-01      6019  6.4030170e+01  6.4748038e+01  4.4957568e+01
5.7047444e-01      7766  5.3004264e+01  5.2949643e+01  3.5275160e+01
6.2844883e-01     10012  4.5901984e+01  4.5176806e+01  2.7577076e+01
6.8955465e-01     12589  3.8882696e+01  3.8997745e+01  2.2741908e+01
7.5323141e-01     15650  3.3589662e+01  3.3876164e+01  1.8702515e+01
8.2032763e-01     19757  2.8914188e+01  2.8823061e+01  1.5126772e+01
8.9088605e-01     24241  2.5573622e+01  2.5314406e+01  1.2339568e+01
9.6481958e-01     29993  2.2451685e+01  2.2268859e+01  1.0203641e+01
1.0423453e+00     36494  1.9809760e+01  1.9700958e+01  8.4974085e+00
1.1237267e+00     44825  1.7808627e+01  1.7732407e+01  7.0936102e+00
1.2089588e+00     53906  1.5959571e+01  1.5915513e+01  5.9525295e+00
1.2983336e+00     65729  1.4365256e+01  1.4324670e+01  5.0086459e+00
1.3921058e+00     78746  1.2993755e+01  1.2952747e+01  4.2266498e+00
1.4900211e+00     94374  1.1734736e+01  1.1698338e+01  3.5805475e+00
1.5921784e+00    112166  1.0712502e+01  1.0703551e+01  3.0474535e+00
1.6991083e+00    134373  9.7633362e+00  9.7645849e+00  2.5935860e+00
1.8110248e+00    159077  8.9664135e+00  8.9544197e+00  2.2127605e+00
1.9277595e+00    188172  8.2338424e+00  8.2236705e+00  1.8943480e+00
2.0497441e+00    222492  7.6295980e+00  7.6263589e+00  1.6257972e+00
2.1771282e+00    261771  7.0290398e+00  7.0229606e+00  1.3978672e+00
2.3098450e+00    306759  6.4974604e+00  6.4924442e+00  1.2048225e+00
2.4484375e+00    360898  6.0240210e+00  6.0189261e+00  1.0403321e+00
2.5937215e+00    425046  5.6018632e+00  5.5971934e+00  8.9932784e-01
2.7470320e+00    505555  5.2015737e+00  5.1969711e+00  7.7758077e-01
2.9094444e+00    600292  4.8321687e+00  4.8278297e+00  6.7210941e-01
3.0813867e+00    712930  4.4728521e+00  4.4688917e+00  5.8072459e-01
3.2634403e+00    846715  4.1509999e+00  4.1473076e+00  5.0163608e-01
3.4562097e+00   1005596  3.8428406e+00  3.8394608e+00  4.3316799e-01
3.6603648e+00   1194719  3.5549113e+00  3.5517612e+00  3.7390649e-01
3.8766358e+00   1419743  3.2880765e+00  3.2851214e+00  3.2264788e-01
4.1057220e+00   1686576  3.0292150e+00  3.0264959e+00  2.7830636e-01
4.3483372e+00   2003484  2.7958975e+00  2.7933776e+00  2.4000052e-01
4.6052142e+00   2378778  2.5765525e+00  2.5742165e+00  2.0690062e-01
4.8773359e+00   2828400  2.3681290e+00  2.3659687e+00  1.7830574e-01
5.1655179e+00   3356890  2.1767298e+00  2.1747430e+00  1.5362040e-01
5.4707002e+00   3990317  1.9898177e+00  1.9880018e+00  1.3231133e-01
5.7939476e+00   4738457  1.8245012e+00  1.8228050e+00  1.1392283e-01
6.1362572e+00   5629661  1.6688380e+00  1.6673205e+00  9.8068842e-02
6.4988210e+00   6687903  1.5263045e+00  1.5248791e+00  8.4396598e-02
6.8828355e+00   7945758  1.3937490e+00  1.3924572e+00  7.2607850e-02
7.2895050e+00   9436555  1.2726100e+00  1.2714319e+00  6.2451507e-02
7.7201584e+00  11210320  1.1613032e+00  1.1601987e+00  5.3701397e-02
8.1762927e+00  13318613  1.0594133e+00  1.0584097e+00  4.6165868e-02
8.6593661e+00  15819192  9.6555102e-01  9.6464907e-01  3.9675000e-02
9.1709925e+00  18795348  8.7843466e-01  8.7759557e-01  3.4092894e-02
9.7128705e+00  22326034  7.9803992e-01  7.9727858e-01  2.9286457e-02
1.0286736e+01  26520842  7.2477111e-01  7.2406174e-01  2.5152264e-02
1.0894484e+01  31503438  6.5857261e-01  6.5794376e-01  2.1602732e-02
1.1538156e+01  37426927  5.9790504e-01  5.9733214e-01  1.8549641e-02
1.2220385e+01  44525830  5.4279394e-01  5.4227076e-01  1.5922485e-02
