# Power spectrum from CO𝘕CEPT job 4559661 at t = 4.5276054 Gyr, a = 0.41666667
#
# Components:
#   0: matter  (upstream grid size 1024)
#
#                           grid size 1024
# ╭────────────────────────────────────────────────────────────────╮
#                         component 0    (corrected)      (linear)
#                        σ₈ = 3.98e-01  σ₈ = 3.97e-01  σ₈ = 3.86e-01
#  k [Mpc⁻¹]    modes       P [Mpc³]       P [Mpc³]       P [Mpc³]
2.4543693e-02         3  1.3204625e+04  1.3204625e+04  1.3360053e+04
4.6570361e-02        25  7.0892419e+03  7.1956581e+03  7.2454736e+03
8.3521561e-02       124  3.1335400e+03  3.0633874e+03  3.0990194e+03
1.3383638e-01       418  1.4792307e+03  1.4623125e+03  1.3766508e+03
1.8592088e-01       730  8.0981572e+02  8.2804776e+02  7.7253061e+02
2.3260504e-01      1012  5.7359069e+02  5.6955564e+02  4.7009341e+02
2.7635505e-01      1408  4.3414498e+02  4.3469058e+02  3.3603754e+02
3.1919121e-01      1841  3.4068393e+02  3.3879218e+02  2.4420717e+02
3.6464415e-01      2698  2.6883169e+02  2.6712402e+02  1.8276291e+02
4.1290034e-01      3532  2.2253617e+02  2.2436790e+02  1.4332432e+02
4.6319578e-01      4702  1.8369240e+02  1.8019877e+02  1.0571958e+02
5.1570195e-01      6019  1.5598698e+02  1.5773582e+02  8.6938688e+01
5.7047444e-01      7766  1.3269070e+02  1.3255396e+02  6.8214891e+01
6.2844883e-01     10012  1.1810808e+02  1.1624216e+02  5.3328375e+01
6.8955465e-01     12589  1.0394227e+02  1.0424982e+02  4.3978151e+01
7.5323141e-01     15650  9.2710697e+01  9.3501470e+01  3.6166795e+01
8.2032763e-01     19757  8.1027327e+01  8.0771960e+01  2.9252043e+01
8.9088605e-01     24241  7.4109779e+01  7.3358595e+01  2.3862164e+01
9.6481958e-01     29993  6.5942755e+01  6.5405775e+01  1.9731722e+01
1.0423453e+00     36494  6.0374989e+01  6.0043391e+01  1.6432221e+01
1.1237267e+00     44825  5.4918062e+01  5.4683013e+01  1.3717564e+01
1.2089588e+00     53906  5.0817758e+01  5.0677472e+01  1.1510950e+01
1.2983336e+00     65729  4.6534337e+01  4.6402862e+01  9.6856742e+00
1.3921058e+00     78746  4.2941748e+01  4.2806223e+01  8.1734554e+00
1.4900211e+00     94374  3.9449824e+01  3.9327459e+01  6.9240271e+00
1.5921784e+00    112166  3.6763792e+01  3.6733073e+01  5.8931338e+00
1.6991083e+00    134373  3.3900550e+01  3.3904886e+01  5.0154480e+00
1.8110248e+00    159077  3.1370987e+01  3.1329024e+01  4.2790105e+00
1.9277595e+00    188172  2.9117375e+01  2.9081404e+01  3.6632669e+00
2.0497441e+00    222492  2.6917592e+01  2.6906164e+01  3.1439453e+00
2.1771282e+00    261771  2.4924713e+01  2.4903156e+01  2.7031761e+00
2.3098450e+00    306759  2.3119656e+01  2.3101807e+01  2.3298678e+00
2.4484375e+00    360898  2.1344359e+01  2.1326307e+01  2.0117777e+00
2.5937215e+00    425046  1.9777274e+01  1.9760787e+01  1.7391049e+00
2.7470320e+00    505555  1.8274559e+01  1.8258388e+01  1.5036714e+00
2.9094444e+00    600292  1.6809831e+01  1.6794737e+01  1.2997119e+00
3.0813867e+00    712930  1.5473602e+01  1.5459901e+01  1.1229928e+00
3.2634403e+00    846715  1.4181140e+01  1.4168526e+01  9.7005224e-01
3.4562097e+00   1005596  1.2964649e+01  1.2953246e+01  8.3764937e-01
3.6603648e+00   1194719  1.1821570e+01  1.1811095e+01  7.2305012e-01
3.8766358e+00   1419743  1.0727398e+01  1.0717757e+01  6.2392681e-01
4.1057220e+00   1686576  9.7858211e+00  9.7770371e+00  5.3817971e-01
4.3483372e+00   2003484  8.8423515e+00  8.8343820e+00  4.6410436e-01
4.6052142e+00   2378778  7.9950951e+00  7.9878464e+00  4.0009623e-01
4.8773359e+00   2828400  7.2230221e+00  7.2164332e+00  3.4479987e-01
5.1655179e+00   3356890  6.4949082e+00  6.4889800e+00  2.9706375e-01
5.4707002e+00   3990317  5.8482851e+00  5.8429480e+00  2.5585662e-01
5.7939476e+00   4738457  5.2503585e+00  5.2454773e+00  2.2029727e-01
6.1362572e+00   5629661  4.7087227e+00  4.7044410e+00  1.8963914e-01
6.4988210e+00   6687903  4.2220853e+00  4.2181424e+00  1.6320005e-01
6.8828355e+00   7945758  3.7767783e+00  3.7732777e+00  1.4040324e-01
7.2895050e+00   9436555  3.3729719e+00  3.3698493e+00  1.2076316e-01
7.7201584e+00  11210320  3.0159881e+00  3.0131198e+00  1.0384243e-01
8.1762927e+00  13318613  2.6884066e+00  2.6858598e+00  8.9270457e-02
8.6593661e+00  15819192  2.3966326e+00  2.3943938e+00  7.6718633e-02
9.1709925e+00  18795348  2.1320004e+00  2.1299639e+00  6.5924162e-02
9.7128705e+00  22326034  1.8953687e+00  1.8935605e+00  5.6629670e-02
1.0286736e+01  26520842  1.6862952e+00  1.6846448e+00  4.8635150e-02
1.0894484e+01  31503438  1.4995250e+00  1.4980932e+00  4.1771239e-02
1.1538156e+01  37426927  1.3336334e+00  1.3323556e+00  3.5867340e-02
1.2220385e+01  44525830  1.1857551e+00  1.1846122e+00  3.0787107e-02
