# Power spectrum from CO𝘕CEPT job 4559661 at t = 5.469032 Gyr, a = 0.47619048
#
# Components:
#   0: matter  (upstream grid size 1024)
#
#                           grid size 1024
# ╭────────────────────────────────────────────────────────────────╮
#                         component 0    (corrected)      (linear)
#                        σ₈ = 4.52e-01  σ₈ = 4.51e-01  σ₈ = 4.36e-01
#  k [Mpc⁻¹]    modes       P [Mpc³]       P [Mpc³]       P [Mpc³]
2.4543693e-02         3  1.6774071e+04  1.6774071e+04  1.7007672e+04
4.6570361e-02        25  9.0079406e+03  9.1431583e+03  9.2231276e+03
8.3521561e-02       124  4.0021517e+03  3.9125529e+03  3.9448115e+03
1.3383638e-01       418  1.9042295e+03  1.8824505e+03  1.7523576e+03
1.8592088e-01       730  1.0548686e+03  1.0786177e+03  9.8336255e+02
2.3260504e-01      1012  7.5636026e+02  7.5103949e+02  5.9838644e+02
2.7635505e-01      1408  5.7978578e+02  5.8051441e+02  4.2774523e+02
3.1919121e-01      1841  4.6344085e+02  4.6086745e+02  3.1085344e+02
3.6464415e-01      2698  3.6691050e+02  3.6457981e+02  2.3264045e+02
4.1290034e-01      3532  3.1122483e+02  3.1378657e+02  1.8243871e+02
4.6319578e-01      4702  2.5969864e+02  2.5475946e+02  1.3457131e+02
5.1570195e-01      6019  2.2162234e+02  2.2410703e+02  1.1066495e+02
5.7047444e-01      7766  1.8949561e+02  1.8930034e+02  8.6831273e+01
6.2844883e-01     10012  1.6991981e+02  1.6723535e+02  6.7882104e+01
6.8955465e-01     12589  1.5135410e+02  1.5180194e+02  5.5980128e+01
7.5323141e-01     15650  1.3625696e+02  1.3741916e+02  4.6036990e+01
8.2032763e-01     19757  1.2008506e+02  1.1970659e+02  3.7235148e+01
8.9088605e-01     24241  1.1076202e+02  1.0963932e+02  3.0374329e+01
9.6481958e-01     29993  9.9479163e+01  9.8669092e+01  2.5116656e+01
1.0423453e+00     36494  9.1646757e+01  9.1143405e+01  2.0916695e+01
1.1237267e+00     44825  8.3475578e+01  8.3118304e+01  1.7461188e+01
1.2089588e+00     53906  7.7293236e+01  7.7079863e+01  1.4652371e+01
1.2983336e+00     65729  7.1264825e+01  7.1063479e+01  1.2328964e+01
1.3921058e+00     78746  6.5407969e+01  6.5201540e+01  1.0404049e+01
1.4900211e+00     94374  6.0737596e+01  6.0549202e+01  8.8136422e+00
1.5921784e+00    112166  5.6134039e+01  5.6087136e+01  7.5014103e+00
1.6991083e+00    134373  5.2025371e+01  5.2032024e+01  6.3841974e+00
1.8110248e+00    159077  4.8153405e+01  4.8088993e+01  5.4467806e+00
1.9277595e+00    188172  4.4487933e+01  4.4432973e+01  4.6629959e+00
2.0497441e+00    222492  4.1230063e+01  4.1212559e+01  4.0019476e+00
2.1771282e+00    261771  3.8037620e+01  3.8004722e+01  3.4408892e+00
2.3098450e+00    306759  3.5060320e+01  3.5033253e+01  2.9657023e+00
2.4484375e+00    360898  3.2345151e+01  3.2317795e+01  2.5608031e+00
2.5937215e+00    425046  2.9725222e+01  2.9700442e+01  2.2137159e+00
2.7470320e+00    505555  2.7231824e+01  2.7207728e+01  1.9140310e+00
2.9094444e+00    600292  2.4929638e+01  2.4907253e+01  1.6544095e+00
3.0813867e+00    712930  2.2819926e+01  2.2799720e+01  1.4294625e+00
3.2634403e+00    846715  2.0723162e+01  2.0704730e+01  1.2347834e+00
3.4562097e+00   1005596  1.8869865e+01  1.8853269e+01  1.0662469e+00
3.6603648e+00   1194719  1.7068488e+01  1.7053363e+01  9.2037272e-01
3.8766358e+00   1419743  1.5453880e+01  1.5439991e+01  7.9419801e-01
4.1057220e+00   1686576  1.3969262e+01  1.3956723e+01  6.8504997e-01
4.3483372e+00   2003484  1.2598408e+01  1.2587054e+01  5.9075899e-01
4.6052142e+00   2378778  1.1321661e+01  1.1311396e+01  5.0928265e-01
4.8773359e+00   2828400  1.0144218e+01  1.0134964e+01  4.3889558e-01
5.1655179e+00   3356890  9.1024494e+00  9.0941412e+00  3.7813201e-01
5.4707002e+00   3990317  8.1517866e+00  8.1443473e+00  3.2567923e-01
5.7939476e+00   4738457  7.2945707e+00  7.2877890e+00  2.8041555e-01
6.1362572e+00   5629661  6.5311718e+00  6.5252330e+00  2.4139067e-01
6.4988210e+00   6687903  5.8241406e+00  5.8187017e+00  2.0773623e-01
6.8828355e+00   7945758  5.1955457e+00  5.1907301e+00  1.7871808e-01
7.2895050e+00   9436555  4.6269126e+00  4.6226291e+00  1.5371815e-01
7.7201584e+00  11210320  4.1206870e+00  4.1167681e+00  1.3217971e-01
8.1762927e+00  13318613  3.6647557e+00  3.6612840e+00  1.1363100e-01
8.6593661e+00  15819192  3.2567485e+00  3.2537063e+00  9.7653765e-02
9.1709925e+00  18795348  2.8877292e+00  2.8849708e+00  8.3913473e-02
9.7128705e+00  22326034  2.5677377e+00  2.5652881e+00  7.2082511e-02
1.0286736e+01  26520842  2.2789626e+00  2.2767321e+00  6.1906293e-02
1.0894484e+01  31503438  2.0212464e+00  2.0193164e+00  5.3169232e-02
1.1538156e+01  37426927  1.7928336e+00  1.7911157e+00  4.5654176e-02
1.2220385e+01  44525830  1.5879906e+00  1.5864600e+00  3.9187571e-02
