# Power spectrum from CO𝘕CEPT job 4559661 at t = 6.7614249 Gyr, a = 0.55555556
#
# Components:
#   0: matter  (upstream grid size 1024)
#
#                           grid size 1024
# ╭────────────────────────────────────────────────────────────────╮
#                         component 0    (corrected)      (linear)
#                        σ₈ = 5.22e-01  σ₈ = 5.21e-01  σ₈ = 4.98e-01
#  k [Mpc⁻¹]    modes       P [Mpc³]       P [Mpc³]       P [Mpc³]
2.4543693e-02         3  2.1822789e+04  2.1822789e+04  2.2189684e+04
4.6570361e-02        25  1.1720806e+04  1.1896747e+04  1.2032456e+04
8.3521561e-02       124  5.2531109e+03  5.1355060e+03  5.1462478e+03
1.3383638e-01       418  2.5223419e+03  2.4934934e+03  2.2860378e+03
1.8592088e-01       730  1.4193292e+03  1.4512837e+03  1.2828419e+03
2.3260504e-01      1012  1.0319881e+03  1.0247284e+03  7.8062188e+02
2.7635505e-01      1408  8.0539096e+02  8.0640311e+02  5.5801247e+02
3.1919121e-01      1841  6.5832789e+02  6.5467232e+02  4.0552183e+02
3.6464415e-01      2698  5.2346967e+02  5.2014449e+02  3.0348951e+02
4.1290034e-01      3532  4.5545617e+02  4.5920511e+02  2.3799913e+02
4.6319578e-01      4702  3.8718616e+02  3.7982230e+02  1.7555403e+02
5.1570195e-01      6019  3.3513652e+02  3.3889387e+02  1.4436714e+02
5.7047444e-01      7766  2.8930559e+02  2.8900747e+02  1.1327508e+02
6.2844883e-01     10012  2.5738036e+02  2.5331416e+02  8.8555081e+01
6.8955465e-01     12589  2.3390810e+02  2.3460020e+02  7.3028443e+01
7.5323141e-01     15650  2.1190039e+02  2.1370779e+02  6.0057196e+01
8.2032763e-01     19757  1.8742591e+02  1.8683521e+02  4.8574819e+01
8.9088605e-01     24241  1.7367028e+02  1.7190994e+02  3.9624589e+01
9.6481958e-01     29993  1.5819371e+02  1.5690552e+02  3.2765731e+01
1.0423453e+00     36494  1.4518336e+02  1.4438597e+02  2.7286705e+01
1.1237267e+00     44825  1.3417640e+02  1.3360213e+02  2.2778850e+01
1.2089588e+00     53906  1.2446348e+02  1.2411989e+02  1.9114630e+01
1.2983336e+00     65729  1.1548204e+02  1.1515576e+02  1.6083647e+01
1.3921058e+00     78746  1.0649466e+02  1.0615856e+02  1.3572514e+01
1.4900211e+00     94374  9.8157702e+01  9.7853239e+01  1.1497761e+01
1.5921784e+00    112166  9.0358724e+01  9.0283223e+01  9.7858994e+00
1.6991083e+00    134373  8.3240270e+01  8.3250916e+01  8.3284483e+00
1.8110248e+00    159077  7.6703369e+01  7.6600767e+01  7.1055486e+00
1.9277595e+00    188172  7.0471440e+01  7.0384381e+01  6.0830686e+00
2.0497441e+00    222492  6.4593808e+01  6.4566385e+01  5.2207034e+00
2.1771282e+00    261771  5.9294685e+01  5.9243402e+01  4.4887792e+00
2.3098450e+00    306759  5.4278886e+01  5.4236982e+01  3.8688780e+00
2.4484375e+00    360898  4.9469869e+01  4.9428029e+01  3.3406701e+00
2.5937215e+00    425046  4.5258578e+01  4.5220850e+01  2.8878804e+00
2.7470320e+00    505555  4.1217026e+01  4.1180555e+01  2.4969290e+00
2.9094444e+00    600292  3.7632313e+01  3.7598522e+01  2.1582419e+00
3.0813867e+00    712930  3.4104365e+01  3.4074168e+01  1.8647892e+00
3.2634403e+00    846715  3.0993783e+01  3.0966215e+01  1.6108222e+00
3.4562097e+00   1005596  2.7956541e+01  2.7931953e+01  1.3909594e+00
3.6603648e+00   1194719  2.5132288e+01  2.5110018e+01  1.2006606e+00
3.8766358e+00   1419743  2.2594558e+01  2.2574252e+01  1.0360605e+00
4.1057220e+00   1686576  2.0332745e+01  2.0314494e+01  8.9367239e-01
4.3483372e+00   2003484  1.8262179e+01  1.8245719e+01  7.7066597e-01
4.6052142e+00   2378778  1.6411118e+01  1.6396239e+01  6.6437678e-01
4.8773359e+00   2828400  1.4651917e+01  1.4638552e+01  5.7255401e-01
5.1655179e+00   3356890  1.3109231e+01  1.3097265e+01  4.9328550e-01
5.4707002e+00   3990317  1.1707796e+01  1.1697111e+01  4.2485876e-01
5.7939476e+00   4738457  1.0430826e+01  1.0421128e+01  3.6581051e-01
6.1362572e+00   5629661  9.3058717e+00  9.2974097e+00  3.1490102e-01
6.4988210e+00   6687903  8.2894878e+00  8.2817466e+00  2.7099750e-01
6.8828355e+00   7945758  7.3874365e+00  7.3805893e+00  2.3314221e-01
7.2895050e+00   9436555  6.5608018e+00  6.5547280e+00  2.0052886e-01
7.7201584e+00  11210320  5.8264037e+00  5.8208625e+00  1.7243116e-01
8.1762927e+00  13318613  5.1730930e+00  5.1681924e+00  1.4823369e-01
8.6593661e+00  15819192  4.5904886e+00  4.5862005e+00  1.2739081e-01
9.1709925e+00  18795348  4.0633211e+00  4.0594398e+00  1.0946611e-01
9.7128705e+00  22326034  3.6007497e+00  3.5973145e+00  9.4032219e-02
1.0286736e+01  26520842  3.1888453e+00  3.1857243e+00  8.0757004e-02
1.0894484e+01  31503438  2.8216991e+00  2.8190048e+00  6.9359226e-02
1.1538156e+01  37426927  2.4948112e+00  2.4924208e+00  5.9555602e-02
1.2220385e+01  44525830  2.2050926e+00  2.2029672e+00  5.1119727e-02
