# Power spectrum from CO𝘕CEPT job 4559661 at t = 2.4071778 Gyr, a = 0.27027027
#
# Components:
#   0: matter  (upstream grid size 1024)
#
#                           grid size 1024
# ╭────────────────────────────────────────────────────────────────╮
#                         component 0    (corrected)      (linear)
#                        σ₈ = 2.59e-01  σ₈ = 2.59e-01  σ₈ = 2.56e-01
#  k [Mpc⁻¹]    modes       P [Mpc³]       P [Mpc³]       P [Mpc³]
2.4543693e-02         3  5.8220370e+03  5.8220370e+03  5.8614842e+03
4.6570361e-02        25  3.1219226e+03  3.1687856e+03  3.1793518e+03
8.3521561e-02       124  1.3710133e+03  1.3403196e+03  1.3599469e+03
1.3383638e-01       418  6.3170667e+02  6.2448172e+02  6.0412862e+02
1.8592088e-01       730  3.3809234e+02  3.4570408e+02  3.3901889e+02
2.3260504e-01      1012  2.3042522e+02  2.2880424e+02  2.0629722e+02
2.7635505e-01      1408  1.6975451e+02  1.6996784e+02  1.4746792e+02
3.1919121e-01      1841  1.2656293e+02  1.2586015e+02  1.0716883e+02
3.6464415e-01      2698  9.8623822e+01  9.7997343e+01  8.0204433e+01
4.1290034e-01      3532  7.7539690e+01  7.8177932e+01  6.2897065e+01
4.6319578e-01      4702  6.1639733e+01  6.0467412e+01  4.6394454e+01
5.1570195e-01      6019  5.1917372e+01  5.2499439e+01  3.8152572e+01
5.7047444e-01      7766  4.2721824e+01  4.2677800e+01  2.9935741e+01
6.2844883e-01     10012  3.6736176e+01  3.6155803e+01  2.3402877e+01
6.8955465e-01     12589  3.0816733e+01  3.0907916e+01  1.9299584e+01
7.5323141e-01     15650  2.6483334e+01  2.6709222e+01  1.5871614e+01
8.2032763e-01     19757  2.2730976e+01  2.2659337e+01  1.2837112e+01
8.9088605e-01     24241  1.9927032e+01  1.9725050e+01  1.0471793e+01
9.6481958e-01     29993  1.7411266e+01  1.7269484e+01  8.6591701e+00
1.0423453e+00     36494  1.5238048e+01  1.5154356e+01  7.2112015e+00
1.1237267e+00     44825  1.3589114e+01  1.3530953e+01  6.0198889e+00
1.2089588e+00     53906  1.2112183e+01  1.2078746e+01  5.0515276e+00
1.2983336e+00     65729  1.0827519e+01  1.0796928e+01  4.2505147e+00
1.3921058e+00     78746  9.7339216e+00  9.7032012e+00  3.5868853e+00
1.4900211e+00     94374  8.7537642e+00  8.7266120e+00  3.0385800e+00
1.5921784e+00    112166  7.9361972e+00  7.9295660e+00  2.5861777e+00
1.6991083e+00    134373  7.1907944e+00  7.1917141e+00  2.2010097e+00
1.8110248e+00    159077  6.5731599e+00  6.5643674e+00  1.8778278e+00
1.9277595e+00    188172  6.0179602e+00  6.0105257e+00  1.6076117e+00
2.0497441e+00    222492  5.5352297e+00  5.5328798e+00  1.3797099e+00
2.1771282e+00    261771  5.0814812e+00  5.0770863e+00  1.1862805e+00
2.3098450e+00    306759  4.6780831e+00  4.6744715e+00  1.0224559e+00
2.4484375e+00    360898  4.3331723e+00  4.3295074e+00  8.8286356e-01
2.5937215e+00    425046  4.0172002e+00  4.0138514e+00  7.6320235e-01
2.7470320e+00    505555  3.7182147e+00  3.7149246e+00  6.5988346e-01
2.9094444e+00    600292  3.4355870e+00  3.4325021e+00  5.7037672e-01
3.0813867e+00    712930  3.1753744e+00  3.1725628e+00  4.9282432e-01
3.2634403e+00    846715  2.9456832e+00  2.9430631e+00  4.2570699e-01
3.4562097e+00   1005596  2.7309207e+00  2.7285188e+00  3.6760253e-01
3.6603648e+00   1194719  2.5325545e+00  2.5303103e+00  3.1731110e-01
3.8766358e+00   1419743  2.3470162e+00  2.3449069e+00  2.7381122e-01
4.1057220e+00   1686576  2.1662400e+00  2.1642955e+00  2.3618141e-01
4.3483372e+00   2003484  2.0052623e+00  2.0034550e+00  2.0367369e-01
4.6052142e+00   2378778  1.8526029e+00  1.8509233e+00  1.7558393e-01
4.8773359e+00   2828400  1.7066930e+00  1.7051361e+00  1.5131728e-01
5.1655179e+00   3356890  1.5705944e+00  1.5691609e+00  1.3036841e-01
5.4707002e+00   3990317  1.4436613e+00  1.4423438e+00  1.1228475e-01
5.7939476e+00   4738457  1.3273315e+00  1.3260975e+00  9.6679602e-02
6.1362572e+00   5629661  1.2195501e+00  1.2184411e+00  8.3225328e-02
6.4988210e+00   6687903  1.1222233e+00  1.1211754e+00  7.1622558e-02
6.8828355e+00   7945758  1.0347108e+00  1.0337517e+00  6.1618189e-02
7.2895050e+00   9436555  9.5270957e-01  9.5182758e-01  5.2999137e-02
7.7201584e+00  11210320  8.7760428e-01  8.7676965e-01  4.5573464e-02
8.1762927e+00  13318613  8.0864192e-01  8.0787588e-01  3.9178529e-02
8.6593661e+00  15819192  7.4482014e-01  7.4412438e-01  3.3670130e-02
9.1709925e+00  18795348  6.8567430e-01  6.8501934e-01  2.8932939e-02
9.7128705e+00  22326034  6.3005346e-01  6.2945239e-01  2.4854009e-02
1.0286736e+01  26520842  5.7820365e-01  5.7763774e-01  2.1345569e-02
1.0894484e+01  31503438  5.3023689e-01  5.2973058e-01  1.8333294e-02
1.1538156e+01  37426927  4.8631687e-01  4.8585090e-01  1.5742317e-02
1.2220385e+01  44525830  4.4572994e-01  4.4530032e-01  1.3512803e-02
