# Power spectrum from CO𝘕CEPT job 4559661 at t = 2.2265221 Gyr, a = 0.25641026
#
# Components:
#   0: matter  (upstream grid size 1024)
#
#                           grid size 1024
# ╭────────────────────────────────────────────────────────────────╮
#                         component 0    (corrected)      (linear)
#                        σ₈ = 2.46e-01  σ₈ = 2.46e-01  σ₈ = 2.43e-01
#  k [Mpc⁻¹]    modes       P [Mpc³]       P [Mpc³]       P [Mpc³]
2.4543693e-02         3  5.2560422e+03  5.2560422e+03  5.2893796e+03
4.6570361e-02        25  2.8179902e+03  2.8602909e+03  2.8690847e+03
8.3521561e-02       124  1.2373687e+03  1.2096669e+03  1.2272396e+03
1.3383638e-01       418  5.6863232e+02  5.6212876e+02  5.4517710e+02
1.8592088e-01       730  3.0395639e+02  3.1079961e+02  3.0593724e+02
2.3260504e-01      1012  2.0625723e+02  2.0480627e+02  1.8616666e+02
2.7635505e-01      1408  1.5159514e+02  1.5178566e+02  1.3307796e+02
3.1919121e-01      1841  1.1250148e+02  1.1187678e+02  9.6711278e+01
3.6464415e-01      2698  8.7513736e+01  8.6957831e+01  7.2378075e+01
4.1290034e-01      3532  6.8589012e+01  6.9153579e+01  5.6759564e+01
4.6319578e-01      4702  5.4261350e+01  5.3229359e+01  4.1867280e+01
5.1570195e-01      6019  4.5641164e+01  4.6152866e+01  3.4429643e+01
5.7047444e-01      7766  3.7435103e+01  3.7396527e+01  2.7014612e+01
6.2844883e-01     10012  3.2038630e+01  3.1532471e+01  2.1119225e+01
6.8955465e-01     12589  2.6733224e+01  2.6812325e+01  1.7416331e+01
7.5323141e-01     15650  2.2912588e+01  2.3108020e+01  1.4322862e+01
8.2032763e-01     19757  1.9624083e+01  1.9562236e+01  1.1584468e+01
8.9088605e-01     24241  1.7112135e+01  1.6938685e+01  9.4499562e+00
9.6481958e-01     29993  1.4901740e+01  1.4780393e+01  7.8142092e+00
1.0423453e+00     36494  1.2982580e+01  1.2911275e+01  6.5075334e+00
1.1237267e+00     44825  1.1514941e+01  1.1465657e+01  5.4324690e+00
1.2089588e+00     53906  1.0232891e+01  1.0204643e+01  4.5586004e+00
1.2983336e+00     65729  9.1049602e+00  9.0792357e+00  3.8357504e+00
1.3921058e+00     78746  8.1547750e+00  8.1290384e+00  3.2368779e+00
1.4900211e+00     94374  7.3108403e+00  7.2881638e+00  2.7420762e+00
1.5921784e+00    112166  6.5969157e+00  6.5914036e+00  2.3338193e+00
1.6991083e+00    134373  5.9560356e+00  5.9567973e+00  1.9862359e+00
1.8110248e+00    159077  5.4285490e+00  5.4212876e+00  1.6945901e+00
1.9277595e+00    188172  4.9553796e+00  4.9492578e+00  1.4507417e+00
2.0497441e+00    222492  4.5347928e+00  4.5328676e+00  1.2450785e+00
2.1771282e+00    261771  4.1559040e+00  4.1523096e+00  1.0705239e+00
2.3098450e+00    306759  3.8144929e+00  3.8115480e+00  9.2268532e-01
2.4484375e+00    360898  3.5274213e+00  3.5244380e+00  7.9671437e-01
2.5937215e+00    425046  3.2607406e+00  3.2580224e+00  6.8872968e-01
2.7470320e+00    505555  3.0106822e+00  3.0080182e+00  5.9549263e-01
2.9094444e+00    600292  2.7755077e+00  2.7730155e+00  5.1471994e-01
3.0813867e+00    712930  2.5645205e+00  2.5622498e+00  4.4473508e-01
3.2634403e+00    846715  2.3770597e+00  2.3749454e+00  3.8416705e-01
3.4562097e+00   1005596  2.2055363e+00  2.2035965e+00  3.3173240e-01
3.6603648e+00   1194719  2.0458328e+00  2.0440199e+00  2.8634839e-01
3.8766358e+00   1419743  1.8912397e+00  1.8895400e+00  2.4709321e-01
4.1057220e+00   1686576  1.7477186e+00  1.7461498e+00  2.1313530e-01
4.3483372e+00   2003484  1.6131515e+00  1.6116976e+00  1.8379967e-01
4.6052142e+00   2378778  1.4905199e+00  1.4891686e+00  1.5845089e-01
4.8773359e+00   2828400  1.3721270e+00  1.3708753e+00  1.3655217e-01
5.1655179e+00   3356890  1.2651142e+00  1.2639594e+00  1.1764747e-01
5.4707002e+00   3990317  1.1656148e+00  1.1645511e+00  1.0132841e-01
5.7939476e+00   4738457  1.0739108e+00  1.0729124e+00  8.7245993e-02
6.1362572e+00   5629661  9.9108784e-01  9.9018663e-01  7.5104573e-02
6.4988210e+00   6687903  9.1566555e-01  9.1481045e-01  6.4633988e-02
6.8828355e+00   7945758  8.4716630e-01  8.4638109e-01  5.5605833e-02
7.2895050e+00   9436555  7.8489925e-01  7.8417262e-01  4.7827816e-02
7.7201584e+00  11210320  7.2796757e-01  7.2727524e-01  4.1126728e-02
8.1762927e+00  13318613  6.7596457e-01  6.7532422e-01  3.5355799e-02
8.6593661e+00  15819192  6.2822571e-01  6.2763887e-01  3.0384898e-02
9.1709925e+00  18795348  5.8285779e-01  5.8230103e-01  2.6109952e-02
9.7128705e+00  22326034  5.3981476e-01  5.3929977e-01  2.2429033e-02
1.0286736e+01  26520842  4.9970754e-01  4.9921846e-01  1.9262936e-02
1.0894484e+01  31503438  4.6224991e-01  4.6180852e-01  1.6544589e-02
1.1538156e+01  37426927  4.2703173e-01  4.2662256e-01  1.4206430e-02
1.2220385e+01  44525830  3.9411995e-01  3.9374007e-01  1.2194463e-02
