# Power spectrum from CO𝘕CEPT job 4559661 at t = 3.8214654 Gyr, a = 0.37037037
#
# Components:
#   0: matter  (upstream grid size 1024)
#
#                           grid size 1024
# ╭────────────────────────────────────────────────────────────────╮
#                         component 0    (corrected)      (linear)
#                        σ₈ = 3.55e-01  σ₈ = 3.54e-01  σ₈ = 3.46e-01
#  k [Mpc⁻¹]    modes       P [Mpc³]       P [Mpc³]       P [Mpc³]
2.4543693e-02         3  1.0622760e+04  1.0622760e+04  1.0730335e+04
4.6570361e-02        25  5.7013947e+03  5.7869780e+03  5.8196003e+03
8.3521561e-02       124  2.5124736e+03  2.4562252e+03  2.4891924e+03
1.3383638e-01       418  1.1778980e+03  1.1644262e+03  1.1057588e+03
1.8592088e-01       730  6.3933685e+02  6.5373076e+02  6.2051617e+02
2.3260504e-01      1012  4.4800434e+02  4.4485276e+02  3.7759121e+02
2.7635505e-01      1408  3.3603004e+02  3.3645234e+02  2.6991417e+02
3.1919121e-01      1841  2.5960009e+02  2.5815858e+02  1.9615365e+02
3.6464415e-01      2698  2.0423400e+02  2.0293666e+02  1.4680002e+02
4.1290034e-01      3532  1.6584970e+02  1.6721483e+02  1.1512191e+02
4.6319578e-01      4702  1.3569597e+02  1.3311518e+02  8.4916794e+01
5.1570195e-01      6019  1.1498551e+02  1.1627466e+02  6.9831483e+01
5.7047444e-01      7766  9.7045667e+01  9.6945662e+01  5.4792031e+01
6.2844883e-01     10012  8.5531519e+01  8.4180258e+01  4.2834784e+01
6.8955465e-01     12589  7.4489677e+01  7.4710082e+01  3.5324435e+01
7.5323141e-01     15650  6.5666802e+01  6.6226904e+01  2.9050145e+01
8.2032763e-01     19757  5.7035059e+01  5.6855306e+01  2.3496031e+01
8.9088605e-01     24241  5.1683825e+01  5.1159952e+01  1.9166735e+01
9.6481958e-01     29993  4.5759580e+01  4.5386954e+01  1.5849053e+01
1.0423453e+00     36494  4.1409562e+01  4.1182128e+01  1.3198805e+01
1.1237267e+00     44825  3.7696702e+01  3.7535360e+01  1.1018320e+01
1.2089588e+00     53906  3.4526529e+01  3.4431216e+01  9.2459081e+00
1.2983336e+00     65729  3.1442898e+01  3.1354062e+01  7.7797975e+00
1.3921058e+00     78746  2.8904799e+01  2.8813575e+01  6.5651426e+00
1.4900211e+00     94374  2.6463472e+01  2.6381388e+01  5.5615681e+00
1.5921784e+00    112166  2.4589180e+01  2.4568634e+01  4.7335268e+00
1.6991083e+00    134373  2.2476786e+01  2.2479661e+01  4.0285459e+00
1.8110248e+00    159077  2.0829866e+01  2.0802004e+01  3.4370194e+00
1.9277595e+00    188172  1.9262869e+01  1.9239073e+01  2.9424374e+00
2.0497441e+00    222492  1.7858919e+01  1.7851337e+01  2.5253042e+00
2.1771282e+00    261771  1.6663085e+01  1.6648673e+01  2.1712665e+00
2.3098450e+00    306759  1.5445502e+01  1.5433577e+01  1.8714151e+00
2.4484375e+00    360898  1.4353302e+01  1.4341162e+01  1.6159165e+00
2.5937215e+00    425046  1.3343246e+01  1.3332123e+01  1.3968983e+00
2.7470320e+00    505555  1.2388696e+01  1.2377733e+01  1.2077918e+00
2.9094444e+00    600292  1.1427194e+01  1.1416933e+01  1.0439659e+00
3.0813867e+00    712930  1.0571510e+01  1.0562150e+01  9.0202028e-01
3.2634403e+00    846715  9.7640295e+00  9.7553446e+00  7.7917423e-01
3.4562097e+00   1005596  8.9964186e+00  8.9885062e+00  6.7282460e-01
3.6603648e+00   1194719  8.2509720e+00  8.2436607e+00  5.8077533e-01
3.8766358e+00   1419743  7.5645856e+00  7.5577871e+00  5.0115676e-01
4.1057220e+00   1686576  6.9048710e+00  6.8986730e+00  4.3228231e-01
4.3483372e+00   2003484  6.2692786e+00  6.2636282e+00  3.7278294e-01
4.6052142e+00   2378778  5.7024768e+00  5.6973067e+00  3.2136982e-01
4.8773359e+00   2828400  5.1610111e+00  5.1563032e+00  2.7695424e-01
5.1655179e+00   3356890  4.6654019e+00  4.6611436e+00  2.3861124e-01
5.4707002e+00   3990317  4.2111526e+00  4.2073095e+00  2.0551251e-01
5.7939476e+00   4738457  3.7962681e+00  3.7927387e+00  1.7695023e-01
6.1362572e+00   5629661  3.4223902e+00  3.4192782e+00  1.5232474e-01
6.4988210e+00   6687903  3.0785732e+00  3.0756982e+00  1.3108810e-01
6.8828355e+00   7945758  2.7678549e+00  2.7652895e+00  1.1277704e-01
7.2895050e+00   9436555  2.4874698e+00  2.4851670e+00  9.7001548e-02
7.7201584e+00  11210320  2.2319800e+00  2.2298573e+00  8.3410320e-02
8.1762927e+00  13318613  1.9980340e+00  1.9961412e+00  7.1705670e-02
8.6593661e+00  15819192  1.7900600e+00  1.7883878e+00  6.1623662e-02
9.1709925e+00  18795348  1.6001027e+00  1.5985742e+00  5.2953209e-02
9.7128705e+00  22326034  1.4301756e+00  1.4288112e+00  4.5487580e-02
1.0286736e+01  26520842  1.2782561e+00  1.2770050e+00  3.9066126e-02
1.0894484e+01  31503438  1.1417942e+00  1.1407040e+00  3.3552809e-02
1.1538156e+01  37426927  1.0194333e+00  1.0184565e+00  2.8810600e-02
1.2220385e+01  44525830  9.1097314e-01  9.1009508e-01  2.4729984e-02
