# Power spectrum from CO𝘕CEPT job 4559661 at t = 5.8533978 Gyr, a = 0.5
#
# Components:
#   0: matter  (upstream grid size 1024)
#
#                           grid size 1024
# ╭────────────────────────────────────────────────────────────────╮
#                         component 0    (corrected)      (linear)
#                        σ₈ = 4.73e-01  σ₈ = 4.72e-01  σ₈ = 4.55e-01
#  k [Mpc⁻¹]    modes       P [Mpc³]       P [Mpc³]       P [Mpc³]
2.4543693e-02         3  1.8261970e+04  1.8261970e+04  1.8532147e+04
4.6570361e-02        25  9.8076222e+03  9.9548439e+03  1.0049619e+04
8.3521561e-02       124  4.3679670e+03  4.2701784e+03  4.2982735e+03
1.3383638e-01       418  2.0842973e+03  2.0604588e+03  1.9093668e+03
1.8592088e-01       730  1.1601224e+03  1.1862412e+03  1.0714698e+03
2.3260504e-01      1012  8.3554715e+02  8.2966931e+02  6.5200038e+02
2.7635505e-01      1408  6.4391558e+02  6.4472480e+02  4.6607006e+02
3.1919121e-01      1841  5.1827355e+02  5.1539568e+02  3.3870503e+02
3.6464415e-01      2698  4.1084978e+02  4.0823998e+02  2.5348436e+02
4.1290034e-01      3532  3.5157981e+02  3.5447372e+02  1.9878468e+02
4.6319578e-01      4702  2.9487021e+02  2.8926210e+02  1.4662850e+02
5.1570195e-01      6019  2.5245426e+02  2.5528462e+02  1.2058019e+02
5.7047444e-01      7766  2.1625531e+02  2.1603247e+02  9.4611089e+01
6.2844883e-01     10012  1.9381090e+02  1.9074899e+02  7.3964130e+01
6.8955465e-01     12589  1.7368518e+02  1.7419910e+02  6.0995773e+01
7.5323141e-01     15650  1.5659327e+02  1.5792892e+02  5.0161760e+01
8.2032763e-01     19757  1.3829932e+02  1.3786346e+02  4.0571299e+01
8.9088605e-01     24241  1.2792937e+02  1.2663267e+02  3.3095772e+01
9.6481958e-01     29993  1.1542663e+02  1.1448670e+02  2.7367027e+01
1.0423453e+00     36494  1.0648558e+02  1.0590073e+02  2.2790763e+01
1.1237267e+00     44825  9.7372797e+01  9.6956043e+01  1.9025654e+01
1.2089588e+00     53906  9.0056042e+01  8.9807435e+01  1.5965176e+01
1.2983336e+00     65729  8.3199541e+01  8.2964475e+01  1.3433598e+01
1.3921058e+00     78746  7.6110889e+01  7.5870682e+01  1.1336217e+01
1.4900211e+00     94374  7.0529343e+01  7.0310577e+01  9.6033150e+00
1.5921784e+00    112166  6.4994299e+01  6.4939992e+01  8.1735112e+00
1.6991083e+00    134373  6.0265720e+01  6.0273428e+01  6.9561996e+00
1.8110248e+00    159077  5.5822854e+01  5.5748183e+01  5.9347933e+00
1.9277595e+00    188172  5.1428434e+01  5.1364900e+01  5.0807840e+00
2.0497441e+00    222492  4.7573048e+01  4.7552851e+01  4.3605079e+00
2.1771282e+00    261771  4.3917965e+01  4.3879982e+01  3.7491804e+00
2.3098450e+00    306759  4.0316584e+01  4.0285459e+01  3.2314183e+00
2.4484375e+00    360898  3.7176240e+01  3.7144797e+01  2.7902415e+00
2.5937215e+00    425046  3.4094698e+01  3.4066276e+01  2.4120564e+00
2.7470320e+00    505555  3.1234337e+01  3.1206699e+01  2.0855208e+00
2.9094444e+00    600292  2.8549282e+01  2.8523647e+01  1.8026380e+00
3.0813867e+00    712930  2.6043044e+01  2.6019984e+01  1.5575365e+00
3.2634403e+00    846715  2.3603179e+01  2.3582185e+01  1.3454148e+00
3.4562097e+00   1005596  2.1452241e+01  2.1433374e+01  1.1617780e+00
3.6603648e+00   1194719  1.9409557e+01  1.9392358e+01  1.0028340e+00
3.8766358e+00   1419743  1.7504429e+01  1.7488697e+01  8.6535446e-01
4.1057220e+00   1686576  1.5799722e+01  1.5785540e+01  7.4642713e-01
4.3483372e+00   2003484  1.4264252e+01  1.4251396e+01  6.4368802e-01
4.6052142e+00   2378778  1.2807497e+01  1.2795886e+01  5.5491169e-01
4.8773359e+00   2828400  1.1465087e+01  1.1454628e+01  4.7821820e-01
5.1655179e+00   3356890  1.0291972e+01  1.0282578e+01  4.1201043e-01
5.4707002e+00   3990317  9.2076236e+00  9.1992207e+00  3.5485808e-01
5.7939476e+00   4738457  8.2179046e+00  8.2102644e+00  3.0553896e-01
6.1362572e+00   5629661  7.3376200e+00  7.3309478e+00  2.6301761e-01
6.4988210e+00   6687903  6.5456166e+00  6.5395039e+00  2.2634786e-01
6.8828355e+00   7945758  5.8327651e+00  5.8273589e+00  1.9472981e-01
7.2895050e+00   9436555  5.1930173e+00  5.1882098e+00  1.6749000e-01
7.7201584e+00  11210320  4.6146628e+00  4.6102741e+00  1.4402181e-01
8.1762927e+00  13318613  4.0976937e+00  4.0938119e+00  1.2381123e-01
8.6593661e+00  15819192  3.6421070e+00  3.6387048e+00  1.0640250e-01
9.1709925e+00  18795348  3.2337719e+00  3.2306829e+00  9.1431151e-02
9.7128705e+00  22326034  2.8676076e+00  2.8648718e+00  7.8540198e-02
1.0286736e+01  26520842  2.5405998e+00  2.5381132e+00  6.7452248e-02
1.0894484e+01  31503438  2.2539449e+00  2.2517927e+00  5.7932398e-02
1.1538156e+01  37426927  1.9978908e+00  1.9959765e+00  4.9744039e-02
1.2220385e+01  44525830  1.7669072e+00  1.7652042e+00  4.2698070e-02
