# Power spectrum from CO𝘕CEPT job 4559661 at t = 7.2998856 Gyr, a = 0.58823529
#
# Components:
#   0: matter  (upstream grid size 1024)
#
#                           grid size 1024
# ╭────────────────────────────────────────────────────────────────╮
#                         component 0    (corrected)      (linear)
#                        σ₈ = 5.49e-01  σ₈ = 5.48e-01  σ₈ = 5.22e-01
#  k [Mpc⁻¹]    modes       P [Mpc³]       P [Mpc³]       P [Mpc³]
2.4543693e-02         3  2.3952843e+04  2.3952843e+04  2.4383695e+04
4.6570361e-02        25  1.2864722e+04  1.3057834e+04  1.3221825e+04
8.3521561e-02       124  5.7894633e+03  5.6598508e+03  5.6548794e+03
1.3383638e-01       418  2.7892662e+03  2.7573648e+03  2.5119709e+03
1.8592088e-01       730  1.5792651e+03  1.6148204e+03  1.4096258e+03
2.3260504e-01      1012  1.1539406e+03  1.1458230e+03  8.5777079e+02
2.7635505e-01      1408  9.0715043e+02  9.0829046e+02  6.1316073e+02
3.1919121e-01      1841  7.4794104e+02  7.4378787e+02  4.4559941e+02
3.6464415e-01      2698  5.9584637e+02  5.9206143e+02  3.3348324e+02
4.1290034e-01      3532  5.2199562e+02  5.2629225e+02  2.6152045e+02
4.6319578e-01      4702  4.4718586e+02  4.3868087e+02  1.9290393e+02
5.1570195e-01      6019  3.9012754e+02  3.9450142e+02  1.5863485e+02
5.7047444e-01      7766  3.3920391e+02  3.3885437e+02  1.2446998e+02
6.2844883e-01     10012  3.0038737e+02  2.9564173e+02  9.7306915e+01
6.8955465e-01     12589  2.7411100e+02  2.7492206e+02  8.0245789e+01
7.5323141e-01     15650  2.4982618e+02  2.5195706e+02  6.5992602e+01
8.2032763e-01     19757  2.2134355e+02  2.2064596e+02  5.3375429e+01
8.9088605e-01     24241  2.0427425e+02  2.0220370e+02  4.3540654e+01
9.6481958e-01     29993  1.8723227e+02  1.8570761e+02  3.6003941e+01
1.0423453e+00     36494  1.7024117e+02  1.6930615e+02  2.9983426e+01
1.1237267e+00     44825  1.5768497e+02  1.5701008e+02  2.5030063e+01
1.2089588e+00     53906  1.4623789e+02  1.4583419e+02  2.1003711e+01
1.2983336e+00     65729  1.3509213e+02  1.3471045e+02  1.7673178e+01
1.3921058e+00     78746  1.2467301e+02  1.2427954e+02  1.4913872e+01
1.4900211e+00     94374  1.1479565e+02  1.1443958e+02  1.2634073e+01
1.5921784e+00    112166  1.0605109e+02  1.0596248e+02  1.0753030e+01
1.6991083e+00    134373  9.7688370e+01  9.7700864e+01  9.1515398e+00
1.8110248e+00    159077  8.9909990e+01  8.9789722e+01  7.8077820e+00
1.9277595e+00    188172  8.2471176e+01  8.2369293e+01  6.6842512e+00
2.0497441e+00    222492  7.5682267e+01  7.5650137e+01  5.7366591e+00
2.1771282e+00    261771  6.9321088e+01  6.9261134e+01  4.9323995e+00
2.3098450e+00    306759  6.3422550e+01  6.3373587e+01  4.2512341e+00
2.4484375e+00    360898  5.7700777e+01  5.7651975e+01  3.6708238e+00
2.5937215e+00    425046  5.2559051e+01  5.2515237e+01  3.1732853e+00
2.7470320e+00    505555  4.7803544e+01  4.7761245e+01  2.7436965e+00
2.9094444e+00    600292  4.3450980e+01  4.3411964e+01  2.3715373e+00
3.0813867e+00    712930  3.9292152e+01  3.9257361e+01  2.0490830e+00
3.2634403e+00    846715  3.5538074e+01  3.5506464e+01  1.7700168e+00
3.4562097e+00   1005596  3.2173908e+01  3.2145611e+01  1.5284251e+00
3.6603648e+00   1194719  2.8964779e+01  2.8939113e+01  1.3193192e+00
3.8766358e+00   1419743  2.5988284e+01  2.5964928e+01  1.1384519e+00
4.1057220e+00   1686576  2.3313728e+01  2.3292801e+01  9.8199178e-01
4.3483372e+00   2003484  2.0868070e+01  2.0849262e+01  8.4682878e-01
4.6052142e+00   2378778  1.8706169e+01  1.8689209e+01  7.3003517e-01
4.8773359e+00   2828400  1.6709009e+01  1.6693767e+01  6.2913768e-01
5.1655179e+00   3356890  1.4909718e+01  1.4896109e+01  5.4203516e-01
5.4707002e+00   3990317  1.3315090e+01  1.3302939e+01  4.6684591e-01
5.7939476e+00   4738457  1.1871695e+01  1.1860658e+01  4.0196201e-01
6.1362572e+00   5629661  1.0582407e+01  1.0572784e+01  3.4602123e-01
6.4988210e+00   6687903  9.4007150e+00  9.3919360e+00  2.9777879e-01
6.8828355e+00   7945758  8.3716117e+00  8.3638523e+00  2.5618234e-01
7.2895050e+00   9436555  7.4443068e+00  7.4374151e+00  2.2034587e-01
7.7201584e+00  11210320  6.6084263e+00  6.6021415e+00  1.8947134e-01
8.1762927e+00  13318613  5.8585737e+00  5.8530237e+00  1.6288250e-01
8.6593661e+00  15819192  5.2000245e+00  5.1951671e+00  1.3997976e-01
9.1709925e+00  18795348  4.6070553e+00  4.6026546e+00  1.2028362e-01
9.7128705e+00  22326034  4.0792817e+00  4.0753900e+00  1.0332444e-01
1.0286736e+01  26520842  3.6093618e+00  3.6058292e+00  8.8737282e-02
1.0894484e+01  31503438  3.1949317e+00  3.1918810e+00  7.6213103e-02
1.1538156e+01  37426927  2.8234928e+00  2.8207874e+00  6.5440625e-02
1.2220385e+01  44525830  2.4927695e+00  2.4903668e+00  5.6171070e-02
