# Power spectrum from CO𝘕CEPT job 4559661 at t = 2.5067588 Gyr, a = 0.27777778
#
# Components:
#   0: matter  (upstream grid size 1024)
#
#                           grid size 1024
# ╭────────────────────────────────────────────────────────────────╮
#                         component 0    (corrected)      (linear)
#                        σ₈ = 2.67e-01  σ₈ = 2.66e-01  σ₈ = 2.63e-01
#  k [Mpc⁻¹]    modes       P [Mpc³]       P [Mpc³]       P [Mpc³]
2.4543693e-02         3  6.1393883e+03  6.1393883e+03  6.1824447e+03
4.6570361e-02        25  3.2923592e+03  3.3417806e+03  3.3534138e+03
8.3521561e-02       124  1.4460203e+03  1.4136473e+03  1.4343961e+03
1.3383638e-01       418  6.6720320e+02  6.5957227e+02  6.3720055e+02
1.8592088e-01       730  3.5736060e+02  3.6540616e+02  3.5757775e+02
2.3260504e-01      1012  2.4412165e+02  2.4240433e+02  2.1759049e+02
2.7635505e-01      1408  1.8007514e+02  1.8030144e+02  1.5554070e+02
3.1919121e-01      1841  1.3460434e+02  1.3385691e+02  1.1303553e+02
3.6464415e-01      2698  1.0498449e+02  1.0431761e+02  8.4595031e+01
4.1290034e-01      3532  8.2692478e+01  8.3373133e+01  6.6340211e+01
4.6319578e-01      4702  6.5906105e+01  6.4652643e+01  4.8934204e+01
5.1570195e-01      6019  5.5547662e+01  5.6170430e+01  4.0241140e+01
5.7047444e-01      7766  4.5792922e+01  4.5745733e+01  3.1574499e+01
6.2844883e-01     10012  3.9470179e+01  3.8846613e+01  2.4684010e+01
6.8955465e-01     12589  3.3210304e+01  3.3308569e+01  2.0356092e+01
7.5323141e-01     15650  2.8584767e+01  2.8828580e+01  1.6740465e+01
8.2032763e-01     19757  2.4559097e+01  2.4481696e+01  1.3539848e+01
8.9088605e-01     24241  2.1590841e+01  2.1371994e+01  1.1045045e+01
9.6481958e-01     29993  1.8896286e+01  1.8742412e+01  9.1331942e+00
1.0423453e+00     36494  1.6579513e+01  1.6488453e+01  7.6059602e+00
1.1237267e+00     44825  1.4825433e+01  1.4761981e+01  6.3494321e+00
1.2089588e+00     53906  1.3235953e+01  1.3199415e+01  5.3280603e+00
1.2983336e+00     65729  1.1860218e+01  1.1826709e+01  4.4831980e+00
1.3921058e+00     78746  1.0683330e+01  1.0649613e+01  3.7832399e+00
1.4900211e+00     94374  9.6209644e+00  9.5911223e+00  3.2049190e+00
1.5921784e+00    112166  8.7438785e+00  8.7365724e+00  2.7277511e+00
1.6991083e+00    134373  7.9375947e+00  7.9386099e+00  2.3214980e+00
1.8110248e+00    159077  7.2669979e+00  7.2572773e+00  1.9806243e+00
1.9277595e+00    188172  6.6605169e+00  6.6522886e+00  1.6956159e+00
2.0497441e+00    222492  6.1429986e+00  6.1403907e+00  1.4552383e+00
2.1771282e+00    261771  5.6444160e+00  5.6395343e+00  1.2512200e+00
2.3098450e+00    306759  5.2045870e+00  5.2005689e+00  1.0784273e+00
2.4484375e+00    360898  4.8231585e+00  4.8190792e+00  9.3119334e-01
2.5937215e+00    425046  4.4769462e+00  4.4732141e+00  8.0498158e-01
2.7470320e+00    505555  4.1490108e+00  4.1453395e+00  6.9600678e-01
2.9094444e+00    600292  3.8403896e+00  3.8369412e+00  6.0160022e-01
3.0813867e+00    712930  3.5505508e+00  3.5474070e+00  5.1980242e-01
3.2634403e+00    846715  3.2947559e+00  3.2918253e+00  4.4901093e-01
3.4562097e+00   1005596  3.0518161e+00  3.0491321e+00  3.8772570e-01
3.6603648e+00   1194719  2.8280477e+00  2.8255418e+00  3.3468120e-01
3.8766358e+00   1419743  2.6211427e+00  2.6187870e+00  2.8880003e-01
4.1057220e+00   1686576  2.4182064e+00  2.4160357e+00  2.4911028e-01
4.3483372e+00   2003484  2.2384574e+00  2.2364399e+00  2.1482302e-01
4.6052142e+00   2378778  2.0671851e+00  2.0653109e+00  1.8519556e-01
4.8773359e+00   2828400  1.9044855e+00  1.9027482e+00  1.5960051e-01
5.1655179e+00   3356890  1.7533693e+00  1.7517689e+00  1.3750485e-01
5.4707002e+00   3990317  1.6092674e+00  1.6077988e+00  1.1843126e-01
5.7939476e+00   4738457  1.4796895e+00  1.4783138e+00  1.0197185e-01
6.1362572e+00   5629661  1.3574817e+00  1.3562473e+00  8.7781066e-02
6.4988210e+00   6687903  1.2463275e+00  1.2451636e+00  7.5543138e-02
6.8828355e+00   7945758  1.1457060e+00  1.1446441e+00  6.4991113e-02
7.2895050e+00   9436555  1.0525253e+00  1.0515509e+00  5.5900240e-02
7.7201584e+00  11210320  9.6583988e-01  9.6492133e-01  4.8068075e-02
8.1762927e+00  13318613  8.8747110e-01  8.8663039e-01  4.1323072e-02
8.6593661e+00  15819192  8.1386120e-01  8.1310095e-01  3.5513136e-02
9.1709925e+00  18795348  7.4632905e-01  7.4561615e-01  3.0516626e-02
9.7128705e+00  22326034  6.8303930e-01  6.8238768e-01  2.6214411e-02
1.0286736e+01  26520842  6.2513112e-01  6.2451928e-01  2.2513916e-02
1.0894484e+01  31503438  5.7129482e-01  5.7074931e-01  1.9336748e-02
1.1538156e+01  37426927  5.2168396e-01  5.2118409e-01  1.6603940e-02
1.2220385e+01  44525830  4.7634055e-01  4.7588142e-01  1.4252383e-02
