# Power spectrum from CO𝘕CEPT job 4559661 at t = 6.2819341 Gyr, a = 0.52631579
#
# Components:
#   0: matter  (upstream grid size 1024)
#
#                           grid size 1024
# ╭────────────────────────────────────────────────────────────────╮
#                         component 0    (corrected)      (linear)
#                        σ₈ = 4.96e-01  σ₈ = 4.96e-01  σ₈ = 4.75e-01
#  k [Mpc⁻¹]    modes       P [Mpc³]       P [Mpc³]       P [Mpc³]
2.4543693e-02         3  1.9935905e+04  1.9935905e+04  2.0249948e+04
4.6570361e-02        25  1.0707135e+04  1.0867859e+04  1.0980895e+04
8.3521561e-02       124  4.7823294e+03  4.6752642e+03  4.6965428e+03
1.3383638e-01       418  2.2889641e+03  2.2627848e+03  2.0862788e+03
1.8592088e-01       730  1.2806949e+03  1.3095282e+03  1.1707455e+03
2.3260504e-01      1012  9.2670152e+02  9.2018245e+02  7.1241044e+02
2.7635505e-01      1408  7.1844529e+02  7.1934817e+02  5.0925294e+02
3.1919121e-01      1841  5.8256964e+02  5.7933475e+02  3.7008709e+02
3.6464415e-01      2698  4.6247938e+02  4.5954162e+02  2.7697044e+02
4.1290034e-01      3532  3.9920593e+02  4.0249185e+02  2.1720266e+02
4.6319578e-01      4702  3.3691652e+02  3.3050874e+02  1.6021405e+02
5.1570195e-01      6019  2.8979141e+02  2.9304037e+02  1.3175229e+02
5.7047444e-01      7766  2.4897288e+02  2.4871631e+02  1.0337707e+02
6.2844883e-01     10012  2.2251625e+02  2.1900085e+02  8.0817111e+01
6.8955465e-01     12589  2.0084168e+02  2.0143594e+02  6.6647197e+01
7.5323141e-01     15650  1.8136639e+02  1.8291335e+02  5.4809383e+01
8.2032763e-01     19757  1.6034988e+02  1.5984452e+02  4.4330339e+01
8.9088605e-01     24241  1.4861650e+02  1.4711010e+02  3.6162183e+01
9.6481958e-01     29993  1.3471890e+02  1.3362187e+02  2.9902655e+01
1.0423453e+00     36494  1.2423317e+02  1.2355084e+02  2.4902387e+01
1.1237267e+00     44825  1.1423163e+02  1.1374272e+02  2.0788430e+01
1.2089588e+00     53906  1.0579739e+02  1.0550532e+02  1.7444391e+01
1.2983336e+00     65729  9.7993342e+01  9.7716479e+01  1.4678255e+01
1.3921058e+00     78746  8.9865858e+01  8.9582239e+01  1.2386546e+01
1.4900211e+00     94374  8.2882590e+01  8.2625507e+01  1.0493086e+01
1.5921784e+00    112166  7.6151270e+01  7.6087641e+01  8.9308071e+00
1.6991083e+00    134373  7.0350054e+01  7.0359051e+01  7.6007083e+00
1.8110248e+00    159077  6.5068226e+01  6.4981188e+01  6.4846659e+00
1.9277595e+00    188172  5.9883156e+01  5.9809177e+01  5.5515305e+00
2.0497441e+00    222492  5.5062897e+01  5.5039521e+01  4.7645188e+00
2.1771282e+00    261771  5.0828687e+01  5.0784726e+01  4.0965503e+00
2.3098450e+00    306759  4.6522488e+01  4.6486571e+01  3.5308162e+00
2.4484375e+00    360898  4.2736173e+01  4.2700028e+01  3.0487632e+00
2.5937215e+00    425046  3.9222354e+01  3.9189657e+01  2.6355383e+00
2.7470320e+00    505555  3.5826801e+01  3.5795099e+01  2.2787483e+00
2.9094444e+00    600292  3.2727103e+01  3.2697716e+01  1.9696557e+00
3.0813867e+00    712930  2.9738721e+01  2.9712389e+01  1.7018450e+00
3.2634403e+00    846715  2.6961227e+01  2.6937245e+01  1.4700696e+00
3.4562097e+00   1005596  2.4442765e+01  2.4421267e+01  1.2694184e+00
3.6603648e+00   1194719  2.2084589e+01  2.2065020e+01  1.0957479e+00
3.8766358e+00   1419743  1.9919017e+01  1.9901116e+01  9.4553056e-01
4.1057220e+00   1686576  1.7922375e+01  1.7906287e+01  8.1558435e-01
4.3483372e+00   2003484  1.6140036e+01  1.6125489e+01  7.0332622e-01
4.6052142e+00   2378778  1.4504418e+01  1.4491268e+01  6.0632456e-01
4.8773359e+00   2828400  1.2946211e+01  1.2934401e+01  5.2252525e-01
5.1655179e+00   3356890  1.1584904e+01  1.1574330e+01  4.5018320e-01
5.4707002e+00   3990317  1.0366023e+01  1.0356563e+01  3.8773557e-01
5.7939476e+00   4738457  9.2603166e+00  9.2517073e+00  3.3384693e-01
6.1362572e+00   5629661  8.2608847e+00  8.2533729e+00  2.8738590e-01
6.4988210e+00   6687903  7.3578964e+00  7.3510252e+00  2.4731864e-01
6.8828355e+00   7945758  6.5600194e+00  6.5539391e+00  2.1277112e-01
7.2895050e+00   9436555  5.8336147e+00  5.8282141e+00  1.8300750e-01
7.7201584e+00  11210320  5.1845559e+00  5.1796252e+00  1.5736495e-01
8.1762927e+00  13318613  4.6017444e+00  4.5973851e+00  1.3528183e-01
8.6593661e+00  15819192  4.0872920e+00  4.0834740e+00  1.1626018e-01
9.1709925e+00  18795348  3.6257462e+00  3.6222828e+00  9.9901717e-02
9.7128705e+00  22326034  3.2113016e+00  3.2082380e+00  8.5816411e-02
1.0286736e+01  26520842  2.8478287e+00  2.8450414e+00  7.3701160e-02
1.0894484e+01  31503438  2.5203541e+00  2.5179475e+00  6.3299297e-02
1.1538156e+01  37426927  2.2274353e+00  2.2253011e+00  5.4352290e-02
1.2220385e+01  44525830  1.9701008e+00  1.9682019e+00  4.6653518e-02
