# Power spectrum from CO𝘕CEPT job 4559661 at t = 2.9820513 Gyr, a = 0.3125
#
# Components:
#   0: matter  (upstream grid size 1024)
#
#                           grid size 1024
# ╭────────────────────────────────────────────────────────────────╮
#                         component 0    (corrected)      (linear)
#                        σ₈ = 3.00e-01  σ₈ = 2.99e-01  σ₈ = 2.94e-01
#  k [Mpc⁻¹]    modes       P [Mpc³]       P [Mpc³]       P [Mpc³]
2.4543693e-02         3  7.7016996e+03  7.7016996e+03  7.7644450e+03
4.6570361e-02        25  4.1316103e+03  4.1936296e+03  4.2113271e+03
8.3521561e-02       124  1.8161232e+03  1.7754645e+03  1.8013352e+03
1.3383638e-01       418  8.4326266e+02  8.3361810e+02  8.0020199e+02
1.8592088e-01       730  4.5355999e+02  4.6377136e+02  4.4904860e+02
2.3260504e-01      1012  3.1301731e+02  3.1081533e+02  2.7325148e+02
2.7635505e-01      1408  2.3230180e+02  2.3259373e+02  1.9532891e+02
3.1919121e-01      1841  1.7579433e+02  1.7481818e+02  1.4195065e+02
3.6464415e-01      2698  1.3762709e+02  1.3675286e+02  1.0623490e+02
4.1290034e-01      3532  1.0946976e+02  1.1037083e+02  8.3310387e+01
4.6319578e-01      4702  8.8240385e+01  8.6562149e+01  6.1451826e+01
5.1570195e-01      6019  7.4561474e+01  7.5397412e+01  5.0535029e+01
5.7047444e-01      7766  6.2020639e+01  6.1956727e+01  3.9651415e+01
6.2844883e-01     10012  5.3964341e+01  5.3111790e+01  3.0998302e+01
6.8955465e-01     12589  4.6059438e+01  4.6195722e+01  2.5563280e+01
7.5323141e-01     15650  3.9970336e+01  4.0311261e+01  2.1022757e+01
8.2032763e-01     19757  3.4475127e+01  3.4366474e+01  1.7003406e+01
8.9088605e-01     24241  3.0692650e+01  3.0381546e+01  1.3870419e+01
9.6481958e-01     29993  2.7019080e+01  2.6799060e+01  1.1469508e+01
1.0423453e+00     36494  2.3991840e+01  2.3860070e+01  9.5515998e+00
1.1237267e+00     44825  2.1679514e+01  2.1586726e+01  7.9736456e+00
1.2089588e+00     53906  1.9520712e+01  1.9466823e+01  6.6910018e+00
1.2983336e+00     65729  1.7637972e+01  1.7588139e+01  5.6300196e+00
1.3921058e+00     78746  1.6026624e+01  1.5976044e+01  4.7510087e+00
1.4900211e+00     94374  1.4527181e+01  1.4482121e+01  4.0247506e+00
1.5921784e+00    112166  1.3306621e+01  1.3295503e+01  3.4255208e+00
1.6991083e+00    134373  1.2172056e+01  1.2173613e+01  2.9153463e+00
1.8110248e+00    159077  1.1210521e+01  1.1195526e+01  2.4872754e+00
1.9277595e+00    188172  1.0322822e+01  1.0310069e+01  2.1293606e+00
2.0497441e+00    222492  9.5852515e+00  9.5811822e+00  1.8274932e+00
2.1771282e+00    261771  8.8674405e+00  8.8597712e+00  1.5712862e+00
2.3098450e+00    306759  8.2064353e+00  8.2000997e+00  1.3542923e+00
2.4484375e+00    360898  7.6136622e+00  7.6072229e+00  1.1693952e+00
2.5937215e+00    425046  7.0818286e+00  7.0759250e+00  1.0108979e+00
2.7470320e+00    505555  6.5802093e+00  6.5743868e+00  8.7404684e-01
2.9094444e+00    600292  6.1177428e+00  6.1122495e+00  7.5549068e-01
3.0813867e+00    712930  5.6795689e+00  5.6745400e+00  6.5276865e-01
3.2634403e+00    846715  5.2622883e+00  5.2576076e+00  5.6386841e-01
3.4562097e+00   1005596  4.8773662e+00  4.8730765e+00  4.8690617e-01
3.6603648e+00   1194719  4.5124005e+00  4.5084020e+00  4.2029268e-01
3.8766358e+00   1419743  4.1611774e+00  4.1574377e+00  3.6267493e-01
4.1057220e+00   1686576  3.8328487e+00  3.8294083e+00  3.1283240e-01
4.3483372e+00   2003484  3.5220313e+00  3.5188570e+00  2.6977434e-01
4.6052142e+00   2378778  3.2347587e+00  3.2318260e+00  2.3256808e-01
4.8773359e+00   2828400  2.9634306e+00  2.9607273e+00  2.0042573e-01
5.1655179e+00   3356890  2.7113387e+00  2.7088639e+00  1.7267794e-01
5.4707002e+00   3990317  2.4703430e+00  2.4680886e+00  1.4872528e-01
5.7939476e+00   4738457  2.2532731e+00  2.2511782e+00  1.2805551e-01
6.1362572e+00   5629661  2.0513905e+00  2.0495252e+00  1.1023470e-01
6.4988210e+00   6687903  1.8682641e+00  1.8665194e+00  9.4866289e-02
6.8828355e+00   7945758  1.6985238e+00  1.6969495e+00  8.1615044e-02
7.2895050e+00   9436555  1.5401778e+00  1.5387520e+00  7.0198721e-02
7.7201584e+00  11210320  1.3954612e+00  1.3941340e+00  6.0363086e-02
8.1762927e+00  13318613  1.2662884e+00  1.2650889e+00  5.1892716e-02
8.6593661e+00  15819192  1.1481774e+00  1.1471049e+00  4.4596606e-02
9.1709925e+00  18795348  1.0378170e+00  1.0368257e+00  3.8321999e-02
9.7128705e+00  22326034  9.3823140e-01  9.3733632e-01  3.2919291e-02
1.0286736e+01  26520842  8.4781599e-01  8.4698620e-01  2.8272224e-02
1.0894484e+01  31503438  7.6489317e-01  7.6416280e-01  2.4282351e-02
1.1538156e+01  37426927  6.9061599e-01  6.8995426e-01  2.0850509e-02
1.2220385e+01  44525830  6.2382083e-01  6.2321955e-01  1.7897442e-02
