# Power spectrum from CO𝘕CEPT job 4559661 at t = 3.4443479 Gyr, a = 0.34482759
#
# Components:
#   0: matter  (upstream grid size 1024)
#
#                           grid size 1024
# ╭────────────────────────────────────────────────────────────────╮
#                         component 0    (corrected)      (linear)
#                        σ₈ = 3.30e-01  σ₈ = 3.30e-01  σ₈ = 3.23e-01
#  k [Mpc⁻¹]    modes       P [Mpc³]       P [Mpc³]       P [Mpc³]
2.4543693e-02         3  9.2877290e+03  9.2877290e+03  9.3735673e+03
4.6570361e-02        25  4.9838641e+03  5.0586766e+03  5.0839018e+03
8.3521561e-02       124  2.1934520e+03  2.1443457e+03  2.1745376e+03
1.3383638e-01       418  1.0241096e+03  1.0123967e+03  9.6598467e+02
1.8592088e-01       730  5.5348244e+02  5.6594344e+02  5.4207999e+02
2.3260504e-01      1012  3.8534830e+02  3.8263749e+02  3.2986203e+02
2.7635505e-01      1408  2.8766319e+02  2.8802470e+02  2.3579589e+02
3.1919121e-01      1841  2.2023707e+02  2.1901413e+02  1.7135903e+02
3.6464415e-01      2698  1.7292620e+02  1.7182774e+02  1.2824391e+02
4.1290034e-01      3532  1.3906535e+02  1.4021002e+02  1.0057005e+02
4.6319578e-01      4702  1.1311048e+02  1.1095924e+02  7.4182982e+01
5.1570195e-01      6019  9.5744568e+01  9.6817998e+01  6.1004516e+01
5.7047444e-01      7766  8.0322847e+01  8.0240075e+01  4.7866110e+01
6.2844883e-01     10012  7.0404563e+01  6.9292284e+01  3.7420306e+01
6.8955465e-01     12589  6.0836084e+01  6.1016091e+01  3.0859294e+01
7.5323141e-01     15650  5.3255083e+01  5.3709320e+01  2.5378098e+01
8.2032763e-01     19757  4.6112027e+01  4.5966700e+01  2.0526046e+01
8.9088605e-01     24241  4.1491298e+01  4.1070738e+01  1.6743990e+01
9.6481958e-01     29993  3.6653750e+01  3.6355274e+01  1.3845675e+01
1.0423453e+00     36494  3.2909519e+01  3.2728769e+01  1.1530428e+01
1.1237267e+00     44825  2.9922346e+01  2.9794279e+01  9.6255650e+00
1.2089588e+00     53906  2.7207912e+01  2.7132802e+01  8.0771924e+00
1.2983336e+00     65729  2.4705569e+01  2.4635768e+01  6.7964037e+00
1.3921058e+00     78746  2.2621714e+01  2.2550319e+01  5.7352857e+00
1.4900211e+00     94374  2.0653708e+01  2.0589645e+01  4.8585668e+00
1.5921784e+00    112166  1.9047504e+01  1.9031588e+01  4.1351929e+00
1.6991083e+00    134373  1.7457266e+01  1.7459498e+01  3.5193242e+00
1.8110248e+00    159077  1.6145489e+01  1.6123892e+01  3.0025688e+00
1.9277595e+00    188172  1.4947539e+01  1.4929073e+01  2.5705039e+00
2.0497441e+00    222492  1.3890543e+01  1.3884646e+01  2.2060978e+00
2.1771282e+00    261771  1.2941004e+01  1.2929812e+01  1.8968117e+00
2.3098450e+00    306759  1.1989554e+01  1.1980298e+01  1.6348626e+00
2.4484375e+00    360898  1.1174705e+01  1.1165253e+01  1.4116600e+00
2.5937215e+00    425046  1.0385735e+01  1.0377077e+01  1.2203264e+00
2.7470320e+00    505555  9.6364219e+00  9.6278951e+00  1.0551237e+00
2.9094444e+00    600292  8.9238479e+00  8.9158349e+00  9.1200594e-01
3.0813867e+00    712930  8.2836447e+00  8.2763101e+00  7.8800277e-01
3.2634403e+00    846715  7.6684310e+00  7.6616100e+00  6.8068487e-01
3.4562097e+00   1005596  7.0664486e+00  7.0602337e+00  5.8777820e-01
3.6603648e+00   1194719  6.5111714e+00  6.5054017e+00  5.0736427e-01
3.8766358e+00   1419743  5.9800772e+00  5.9747028e+00  4.3780975e-01
4.1057220e+00   1686576  5.4850649e+00  5.4801414e+00  3.7764125e-01
4.3483372e+00   2003484  5.0044306e+00  4.9999202e+00  3.2566279e-01
4.6052142e+00   2378778  4.5756879e+00  4.5715394e+00  2.8074845e-01
4.8773359e+00   2828400  4.1620415e+00  4.1582448e+00  2.4194713e-01
5.1655179e+00   3356890  3.7848142e+00  3.7813597e+00  2.0845080e-01
5.4707002e+00   3990317  3.4293540e+00  3.4262244e+00  1.7953584e-01
5.7939476e+00   4738457  3.1012045e+00  3.0983213e+00  1.5458391e-01
6.1362572e+00   5629661  2.8009885e+00  2.7984415e+00  1.3307115e-01
6.4988210e+00   6687903  2.5314529e+00  2.5290888e+00  1.1451887e-01
6.8828355e+00   7945758  2.2861358e+00  2.2840168e+00  9.8522363e-02
7.2895050e+00   9436555  2.0582028e+00  2.0562974e+00  8.4740928e-02
7.7201584e+00  11210320  1.8546044e+00  1.8528406e+00  7.2867656e-02
8.1762927e+00  13318613  1.6678537e+00  1.6662737e+00  6.2642491e-02
8.6593661e+00  15819192  1.4990424e+00  1.4976421e+00  5.3834862e-02
9.1709925e+00  18795348  1.3440047e+00  1.3427209e+00  4.6260363e-02
9.7128705e+00  22326034  1.2069487e+00  1.2057972e+00  3.9738394e-02
1.0286736e+01  26520842  1.0807837e+00  1.0797259e+00  3.4128614e-02
1.0894484e+01  31503438  9.6840937e-01  9.6748468e-01  2.9312179e-02
1.1538156e+01  37426927  8.6830798e-01  8.6747600e-01  2.5169382e-02
1.2220385e+01  44525830  7.7858019e-01  7.7782974e-01  2.1604550e-02
