# Power spectrum from CO𝘕CEPT job 4559666 at t = 2.1444136 Gyr, a = 0.25
#
# Components:
#   0: matter  (upstream grid size 1024)
#
#                           grid size 1024
# ╭────────────────────────────────────────────────────────────────╮
#                         component 0    (corrected)      (linear)
#                        σ₈ = 2.42e-01  σ₈ = 2.42e-01  σ₈ = 2.39e-01
#  k [Mpc⁻¹]    modes       P [Mpc³]       P [Mpc³]       P [Mpc³]
2.4543693e-02         3  5.0221985e+03  5.0221985e+03  5.0531107e+03
4.6570361e-02        25  2.7260977e+03  2.7670190e+03  2.7778651e+03
8.3521561e-02       124  1.1978024e+03  1.1709864e+03  1.1870193e+03
1.3383638e-01       418  5.5334317e+02  5.4701448e+02  5.3375164e+02
1.8592088e-01       730  2.9413686e+02  3.0075900e+02  2.9464543e+02
2.3260504e-01      1012  2.0109949e+02  1.9968481e+02  1.8295349e+02
2.7635505e-01      1408  1.4663968e+02  1.4682396e+02  1.2855781e+02
3.1919121e-01      1841  1.0942645e+02  1.0881883e+02  9.4993852e+01
3.6464415e-01      2698  8.4768228e+01  8.4229763e+01  7.0266327e+01
4.1290034e-01      3532  6.6487540e+01  6.7034810e+01  5.5230925e+01
4.6319578e-01      4702  5.2584165e+01  5.1584072e+01  4.1233837e+01
5.1570195e-01      6019  4.4141081e+01  4.4635964e+01  3.3182233e+01
5.7047444e-01      7766  3.6238765e+01  3.6201421e+01  2.6505607e+01
6.2844883e-01     10012  3.0967385e+01  3.0478150e+01  2.0762658e+01
6.8955465e-01     12589  2.5802607e+01  2.5878954e+01  1.6878229e+01
7.5323141e-01     15650  2.2109981e+01  2.2298567e+01  1.3909937e+01
8.2032763e-01     19757  1.8926509e+01  1.8866860e+01  1.1364433e+01
8.9088605e-01     24241  1.6483508e+01  1.6316429e+01  9.2976908e+00
9.6481958e-01     29993  1.4343557e+01  1.4226755e+01  7.6613284e+00
1.0423453e+00     36494  1.2483541e+01  1.2414978e+01  6.3692941e+00
1.1237267e+00     44825  1.1057591e+01  1.1010264e+01  5.3124345e+00
1.2089588e+00     53906  9.8195758e+00  9.7924682e+00  4.4556014e+00
1.2983336e+00     65729  8.7276816e+00  8.7030231e+00  3.7512667e+00
1.3921058e+00     78746  7.8094527e+00  7.7848059e+00  3.1679452e+00
1.4900211e+00     94374  6.9953142e+00  6.9736163e+00  2.6843919e+00
1.5921784e+00    112166  6.3060446e+00  6.3007755e+00  2.2807958e+00
1.6991083e+00    134373  5.6885995e+00  5.6893270e+00  1.9398769e+00
1.8110248e+00    159077  5.1819125e+00  5.1749810e+00  1.6571445e+00
1.9277595e+00    188172  4.7257849e+00  4.7199468e+00  1.4186769e+00
2.0497441e+00    222492  4.3194885e+00  4.3176548e+00  1.2168927e+00
2.1771282e+00    261771  3.9570518e+00  3.9536294e+00  1.0466377e+00
2.3098450e+00    306759  3.6294771e+00  3.6266750e+00  9.0210127e-01
2.4484375e+00    360898  3.3548165e+00  3.3519791e+00  7.7904863e-01
2.5937215e+00    425046  3.0986561e+00  3.0960730e+00  6.7354137e-01
2.7470320e+00    505555  2.8593340e+00  2.8568039e+00  5.8243253e-01
2.9094444e+00    600292  2.6352975e+00  2.6329312e+00  5.0342585e-01
3.0813867e+00    712930  2.4348290e+00  2.4326731e+00  4.3500817e-01
3.2634403e+00    846715  2.2561001e+00  2.2540934e+00  3.7577119e-01
3.4562097e+00   1005596  2.0930592e+00  2.0912184e+00  3.2449420e-01
3.6603648e+00   1194719  1.9411275e+00  1.9394075e+00  2.8011791e-01
3.8766358e+00   1419743  1.7926884e+00  1.7910773e+00  2.4172925e-01
4.1057220e+00   1686576  1.6570890e+00  1.6556016e+00  2.0851797e-01
4.3483372e+00   2003484  1.5279742e+00  1.5265971e+00  1.7981629e-01
4.6052142e+00   2378778  1.4117877e+00  1.4105077e+00  1.5502558e-01
4.8773359e+00   2828400  1.3001840e+00  1.2989979e+00  1.3360683e-01
5.1655179e+00   3356890  1.1997074e+00  1.1986124e+00  1.1511085e-01
5.4707002e+00   3990317  1.1057985e+00  1.1047894e+00  9.9149741e-02
5.7939476e+00   4738457  1.0197496e+00  1.0188015e+00  8.5378008e-02
6.1362572e+00   5629661  9.4175620e-01  9.4089985e-01  7.3496093e-02
6.4988210e+00   6687903  8.7069232e-01  8.6987921e-01  6.3249655e-02
6.8828355e+00   7945758  8.0653165e-01  8.0578410e-01  5.4418014e-02
7.2895050e+00   9436555  7.4882830e-01  7.4813505e-01  4.6806945e-02
7.7201584e+00  11210320  6.9583079e-01  6.9516903e-01  4.0251064e-02
8.1762927e+00  13318613  6.4750132e-01  6.4688793e-01  3.4603190e-02
8.6593661e+00  15819192  6.0306802e-01  6.0250468e-01  2.9741911e-02
9.1709925e+00  18795348  5.6087655e-01  5.6034080e-01  2.5555631e-02
9.7128705e+00  22326034  5.2050450e-01  5.2000794e-01  2.1953382e-02
1.0286736e+01  26520842  4.8287252e-01  4.8239991e-01  1.8855882e-02
1.0894484e+01  31503438  4.4753093e-01  4.4710360e-01  1.6194991e-02
1.1538156e+01  37426927  4.1404068e-01  4.1364396e-01  1.3906251e-02
1.2220385e+01  44525830  3.8289476e-01  3.8252570e-01  1.1936809e-02
