# Power spectrum from CO𝘕CEPT job 4559666 at t = 8.5934117 Gyr, a = 0.66666667
#
# Components:
#   0: matter  (upstream grid size 1024)
#
#                           grid size 1024
# ╭────────────────────────────────────────────────────────────────╮
#                         component 0    (corrected)      (linear)
#                        σ₈ = 6.18e-01  σ₈ = 6.17e-01  σ₈ = 5.81e-01
#  k [Mpc⁻¹]    modes       P [Mpc³]       P [Mpc³]       P [Mpc³]
2.4543693e-02         3  2.9185937e+04  2.9185937e+04  2.9794606e+04
4.6570361e-02        25  1.5865108e+04  1.6103259e+04  1.6372501e+04
8.3521561e-02       124  7.2276984e+03  7.0658872e+03  6.9951420e+03
1.3383638e-01       418  3.5248268e+03  3.4845127e+03  3.1452657e+03
1.8592088e-01       730  2.0229149e+03  2.0684584e+03  1.7362455e+03
2.3260504e-01      1012  1.4993352e+03  1.4887878e+03  1.0780763e+03
2.7635505e-01      1408  1.1973232e+03  1.1988279e+03  7.5754048e+02
3.1919121e-01      1841  1.0096003e+03  1.0039942e+03  5.5976022e+02
3.6464415e-01      2698  8.0894661e+02  8.0380802e+02  4.1405036e+02
4.1290034e-01      3532  7.1660063e+02  7.2249908e+02  3.2545262e+02
4.6319578e-01      4702  6.2310098e+02  6.1125028e+02  2.4297348e+02
5.1570195e-01      6019  5.5528589e+02  5.6151143e+02  1.9552867e+02
5.7047444e-01      7766  4.9355797e+02  4.9304936e+02  1.5618609e+02
6.2844883e-01     10012  4.3739346e+02  4.3048334e+02  1.2234532e+02
6.8955465e-01     12589  3.9825888e+02  3.9943727e+02  9.9456026e+01
7.5323141e-01     15650  3.6847786e+02  3.7162078e+02  8.1965147e+01
8.2032763e-01     19757  3.3373278e+02  3.3268098e+02  6.6965582e+01
8.9088605e-01     24241  3.0285481e+02  2.9978504e+02  5.4787164e+01
9.6481958e-01     29993  2.7936933e+02  2.7709439e+02  4.5144789e+01
1.0423453e+00     36494  2.5434883e+02  2.5295187e+02  3.7531393e+01
1.1237267e+00     44825  2.3213900e+02  2.3114545e+02  3.1303780e+01
1.2089588e+00     53906  2.1683001e+02  2.1623144e+02  2.6254837e+01
1.2983336e+00     65729  1.9868233e+02  1.9812099e+02  2.2104501e+01
1.3921058e+00     78746  1.8179040e+02  1.8121667e+02  1.8667243e+01
1.4900211e+00     94374  1.6634076e+02  1.6582481e+02  1.5817877e+01
1.5921784e+00    112166  1.5202795e+02  1.5190092e+02  1.3439663e+01
1.6991083e+00    134373  1.3911323e+02  1.3913102e+02  1.1430779e+01
1.8110248e+00    159077  1.2697389e+02  1.2680405e+02  9.7647623e+00
1.9277595e+00    188172  1.1548541e+02  1.1534274e+02  8.3595787e+00
2.0497441e+00    222492  1.0467066e+02  1.0462622e+02  7.1705542e+00
2.1771282e+00    261771  9.5143885e+01  9.5061597e+01  6.1673179e+00
2.3098450e+00    306759  8.7031288e+01  8.6964098e+01  5.3156299e+00
2.4484375e+00    360898  7.8778394e+01  7.8711766e+01  4.5905363e+00
2.5937215e+00    425046  7.1641703e+01  7.1581981e+01  3.9688299e+00
2.7470320e+00    505555  6.5030384e+01  6.4972842e+01  3.4319670e+00
2.9094444e+00    600292  5.8841784e+01  5.8788948e+01  2.9664168e+00
3.0813867e+00    712930  5.3313379e+01  5.3266173e+01  2.5632630e+00
3.2634403e+00    846715  4.7962679e+01  4.7920017e+01  2.2142069e+00
3.4562097e+00   1005596  4.3265927e+01  4.3227874e+01  1.9120556e+00
3.6603648e+00   1194719  3.8799374e+01  3.8764993e+01  1.6505671e+00
3.8766358e+00   1419743  3.4909872e+01  3.4878497e+01  1.4243610e+00
4.1057220e+00   1686576  3.1198295e+01  3.1170291e+01  1.2286629e+00
4.3483372e+00   2003484  2.7971950e+01  2.7946739e+01  1.0595378e+00
4.6052142e+00   2378778  2.5073932e+01  2.5051199e+01  9.1345841e-01
4.8773359e+00   2828400  2.2369394e+01  2.2348988e+01  7.8724840e-01
5.1655179e+00   3356890  1.9999922e+01  1.9981668e+01  6.7826103e-01
5.4707002e+00   3990317  1.7858674e+01  1.7842376e+01  5.8421043e-01
5.7939476e+00   4738457  1.5949721e+01  1.5934892e+01  5.0306087e-01
6.1362572e+00   5629661  1.4213242e+01  1.4200318e+01  4.3304713e-01
6.4988210e+00   6687903  1.2650226e+01  1.2638413e+01  3.7267052e-01
6.8828355e+00   7945758  1.1255171e+01  1.1244739e+01  3.2063065e-01
7.2895050e+00   9436555  1.0020388e+01  1.0011112e+01  2.7578304e-01
7.7201584e+00  11210320  8.8859157e+00  8.8774648e+00  2.3715317e-01
8.1762927e+00  13318613  7.8793777e+00  7.8719134e+00  2.0387375e-01
8.6593661e+00  15819192  6.9864411e+00  6.9799149e+00  1.7522936e-01
9.1709925e+00  18795348  6.1895155e+00  6.1836032e+00  1.5056242e-01
9.7128705e+00  22326034  5.4780111e+00  5.4727850e+00  1.2933689e-01
1.0286736e+01  26520842  4.8453193e+00  4.8405770e+00  1.1108559e-01
1.0894484e+01  31503438  4.2794541e+00  4.2753678e+00  9.5406995e-02
1.1538156e+01  37426927  3.7793640e+00  3.7757428e+00  8.1921304e-02
1.2220385e+01  44525830  3.3317041e+00  3.3284928e+00  7.0317079e-02
