# Power spectrum from CO𝘕CEPT job 4559666 at t = 11.277962 Gyr, a = 0.83333333
#
# Components:
#   0: matter  (upstream grid size 1024)
#
#                           grid size 1024
# ╭────────────────────────────────────────────────────────────────╮
#                         component 0    (corrected)      (linear)
#                        σ₈ = 7.35e-01  σ₈ = 7.34e-01  σ₈ = 6.79e-01
#  k [Mpc⁻¹]    modes       P [Mpc³]       P [Mpc³]       P [Mpc³]
2.4543693e-02         3  3.9608623e+04  3.9608623e+04  4.0649660e+04
4.6570361e-02        25  2.1511259e+04  2.1834163e+04  2.2335326e+04
8.3521561e-02       124  1.0038992e+04  9.8142423e+03  9.5423736e+03
1.3383638e-01       418  4.9635535e+03  4.9067844e+03  4.2905340e+03
1.8592088e-01       730  2.9214441e+03  2.9872169e+03  2.3684444e+03
2.3260504e-01      1012  2.1928230e+03  2.1773971e+03  1.4706209e+03
2.7635505e-01      1408  1.7900849e+03  1.7923346e+03  1.0333720e+03
3.1919121e-01      1841  1.5626952e+03  1.5540178e+03  7.6357662e+02
3.6464415e-01      2698  1.2691027e+03  1.2610412e+03  5.6481156e+02
4.1290034e-01      3532  1.1330978e+03  1.1424245e+03  4.4395408e+02
4.6319578e-01      4702  9.8079197e+02  9.6213838e+02  3.3144315e+02
5.1570195e-01      6019  8.8975076e+02  8.9972611e+02  2.6672305e+02
5.7047444e-01      7766  8.1633846e+02  8.1549723e+02  2.1305533e+02
6.2844883e-01     10012  7.2882081e+02  7.1730660e+02  1.6689270e+02
6.8955465e-01     12589  6.6270370e+02  6.6466456e+02  1.3566913e+02
7.5323141e-01     15650  6.1017421e+02  6.1537867e+02  1.1180961e+02
8.2032763e-01     19757  5.6362518e+02  5.6184885e+02  9.1348522e+01
8.9088605e-01     24241  5.2301999e+02  5.1771861e+02  7.4735797e+01
9.6481958e-01     29993  4.6970328e+02  4.6587843e+02  6.1582519e+01
1.0423453e+00     36494  4.3384188e+02  4.3145909e+02  5.1196995e+01
1.1237267e+00     44825  3.9508568e+02  3.9339472e+02  4.2701835e+01
1.2089588e+00     53906  3.6318622e+02  3.6218362e+02  3.5814513e+01
1.2983336e+00     65729  3.3232496e+02  3.3138603e+02  3.0152991e+01
1.3921058e+00     78746  3.0392319e+02  3.0296400e+02  2.5464189e+01
1.4900211e+00     94374  2.7948058e+02  2.7861369e+02  2.1577335e+01
1.5921784e+00    112166  2.5367957e+02  2.5346760e+02  1.8333186e+01
1.6991083e+00    134373  2.3087291e+02  2.3090243e+02  1.5592845e+01
1.8110248e+00    159077  2.0765871e+02  2.0738094e+02  1.3320213e+01
1.9277595e+00    188172  1.9005543e+02  1.8982064e+02  1.1403386e+01
2.0497441e+00    222492  1.7193781e+02  1.7186481e+02  9.7814243e+00
2.1771282e+00    261771  1.5526132e+02  1.5512704e+02  8.4128984e+00
2.3098450e+00    306759  1.4040220e+02  1.4029380e+02  7.2511014e+00
2.4484375e+00    360898  1.2675086e+02  1.2664366e+02  6.2619931e+00
2.5937215e+00    425046  1.1440133e+02  1.1430596e+02  5.4139166e+00
2.7470320e+00    505555  1.0321867e+02  1.0312734e+02  4.6815760e+00
2.9094444e+00    600292  9.3372976e+01  9.3289134e+01  4.0465140e+00
3.0813867e+00    712930  8.4500283e+01  8.4425463e+01  3.4965676e+00
3.2634403e+00    846715  7.5529938e+01  7.5462756e+01  3.0204165e+00
3.4562097e+00   1005596  6.7772975e+01  6.7713369e+01  2.6082487e+00
3.6603648e+00   1194719  6.1089329e+01  6.1035197e+01  2.2515494e+00
3.8766358e+00   1419743  5.4795746e+01  5.4746499e+01  1.9429793e+00
4.1057220e+00   1686576  4.9263395e+01  4.9219175e+01  1.6760256e+00
4.3483372e+00   2003484  4.4238380e+01  4.4198509e+01  1.4453204e+00
4.6052142e+00   2378778  3.9705540e+01  3.9669542e+01  1.2460520e+00
4.8773359e+00   2828400  3.5494131e+01  3.5461752e+01  1.0738878e+00
5.1655179e+00   3356890  3.1695570e+01  3.1666641e+01  9.2521707e-01
5.4707002e+00   3990317  2.8290923e+01  2.8265105e+01  7.9692179e-01
5.7939476e+00   4738457  2.5208432e+01  2.5184996e+01  6.8622496e-01
6.1362572e+00   5629661  2.2452481e+01  2.2432065e+01  5.9071864e-01
6.4988210e+00   6687903  1.9979655e+01  1.9960997e+01  5.0835842e-01
6.8828355e+00   7945758  1.7793510e+01  1.7777018e+01  4.3737044e-01
7.2895050e+00   9436555  1.5782708e+01  1.5768097e+01  3.7619350e-01
7.7201584e+00  11210320  1.4034815e+01  1.4021468e+01  3.2349824e-01
8.1762927e+00  13318613  1.2454581e+01  1.2442782e+01  2.7810158e-01
8.6593661e+00  15819192  1.1044384e+01  1.1034067e+01  2.3902762e-01
9.1709925e+00  18795348  9.7833809e+00  9.7740357e+00  2.0537935e-01
9.7128705e+00  22326034  8.6588730e+00  8.6506123e+00  1.7642553e-01
1.0286736e+01  26520842  7.6596157e+00  7.6521189e+00  1.5152888e-01
1.0894484e+01  31503438  6.7743826e+00  6.7679140e+00  1.3014168e-01
1.1538156e+01  37426927  5.9785136e+00  5.9727852e+00  1.1174585e-01
1.2220385e+01  44525830  5.2704433e+00  5.2653633e+00  9.5916539e-02
