# Power spectrum from CO𝘕CEPT job 4559666 at t = 5.8533978 Gyr, a = 0.5
#
# Components:
#   0: matter  (upstream grid size 1024)
#
#                           grid size 1024
# ╭────────────────────────────────────────────────────────────────╮
#                         component 0    (corrected)      (linear)
#                        σ₈ = 4.78e-01  σ₈ = 4.77e-01  σ₈ = 4.59e-01
#  k [Mpc⁻¹]    modes       P [Mpc³]       P [Mpc³]       P [Mpc³]
2.4543693e-02         3  1.8330461e+04  1.8330461e+04  1.8602893e+04
4.6570361e-02        25  9.9664295e+03  1.0116035e+04  1.0223850e+04
8.3521561e-02       124  4.4438198e+03  4.3443331e+03  4.3683592e+03
1.3383638e-01       418  2.1319393e+03  2.1075559e+03  1.9642034e+03
1.8592088e-01       730  1.1845684e+03  1.2112376e+03  1.0842830e+03
2.3260504e-01      1012  8.5804381e+02  8.5200772e+02  6.7325867e+02
2.7635505e-01      1408  6.5983791e+02  6.6066714e+02  4.7308460e+02
3.1919121e-01      1841  5.3311838e+02  5.3015808e+02  3.4957093e+02
3.6464415e-01      2698  4.2276592e+02  4.2008043e+02  2.5857508e+02
4.1290034e-01      3532  3.6253102e+02  3.6551508e+02  2.0324573e+02
4.6319578e-01      4702  3.0452334e+02  2.9873164e+02  1.5173740e+02
5.1570195e-01      6019  2.6091852e+02  2.6384378e+02  1.2210806e+02
5.7047444e-01      7766  2.2364668e+02  2.2341621e+02  9.7538554e+01
6.2844883e-01     10012  2.0044435e+02  1.9727765e+02  7.6404927e+01
6.8955465e-01     12589  1.7989789e+02  1.8043018e+02  6.2110521e+01
7.5323141e-01     15650  1.6226214e+02  1.6364615e+02  5.1187432e+01
8.2032763e-01     19757  1.4337764e+02  1.4292577e+02  4.1820172e+01
8.9088605e-01     24241  1.3276143e+02  1.3141575e+02  3.4214724e+01
9.6481958e-01     29993  1.1991483e+02  1.1893835e+02  2.8193039e+01
1.0423453e+00     36494  1.1067747e+02  1.1006959e+02  2.3438455e+01
1.1237267e+00     44825  1.0131851e+02  1.0088487e+02  1.9549296e+01
1.2089588e+00     53906  9.3723086e+01  9.3464357e+01  1.6396220e+01
1.2983336e+00     65729  8.6633330e+01  8.6388563e+01  1.3804325e+01
1.3921058e+00     78746  7.9229051e+01  7.8979002e+01  1.1657749e+01
1.4900211e+00     94374  7.3327632e+01  7.3100186e+01  9.8783126e+00
1.5921784e+00    112166  6.7516475e+01  6.7460060e+01  8.3931120e+00
1.6991083e+00    134373  6.2576770e+01  6.2584773e+01  7.1385589e+00
1.8110248e+00    159077  5.7961140e+01  5.7883609e+01  6.0981272e+00
1.9277595e+00    188172  5.3365246e+01  5.3299320e+01  5.2205864e+00
2.0497441e+00    222492  4.9304625e+01  4.9283693e+01  4.4780374e+00
2.1771282e+00    261771  4.5539877e+01  4.5500491e+01  3.8515137e+00
2.3098450e+00    306759  4.1780086e+01  4.1747831e+01  3.3196322e+00
2.4484375e+00    360898  3.8513440e+01  3.8480867e+01  2.8668092e+00
2.5937215e+00    425046  3.5313059e+01  3.5283621e+01  2.4785518e+00
2.7470320e+00    505555  3.2333010e+01  3.2304400e+01  2.1432793e+00
2.9094444e+00    600292  2.9549724e+01  2.9523190e+01  1.8525419e+00
3.0813867e+00    712930  2.6945188e+01  2.6921330e+01  1.6007711e+00
3.2634403e+00    846715  2.4425992e+01  2.4404265e+01  1.3827845e+00
3.4562097e+00   1005596  2.2184168e+01  2.2164657e+01  1.1940901e+00
3.6603648e+00   1194719  2.0063180e+01  2.0045402e+01  1.0307896e+00
3.8766358e+00   1419743  1.8090628e+01  1.8074370e+01  8.8952315e-01
4.1057220e+00   1686576  1.6315591e+01  1.6300946e+01  7.6730901e-01
4.3483372e+00   2003484  1.4732995e+01  1.4719716e+01  6.6168981e-01
4.6052142e+00   2378778  1.3227791e+01  1.3215798e+01  5.7046264e-01
4.8773359e+00   2828400  1.1841017e+01  1.1830215e+01  4.9164399e-01
5.1655179e+00   3356890  1.0626448e+01  1.0616748e+01  4.2358093e-01
5.4707002e+00   3990317  9.5083965e+00  9.4997192e+00  3.6484592e-01
5.7939476e+00   4738457  8.4865397e+00  8.4786498e+00  3.1416764e-01
6.1362572e+00   5629661  7.5716471e+00  7.5647621e+00  2.7044372e-01
6.4988210e+00   6687903  6.7471769e+00  6.7408760e+00  2.3273821e-01
6.8828355e+00   7945758  6.0132415e+00  6.0076680e+00  2.0023902e-01
7.2895050e+00   9436555  5.3509776e+00  5.3460238e+00  1.7223143e-01
7.7201584e+00  11210320  4.7586509e+00  4.7541253e+00  1.4810683e-01
8.1762927e+00  13318613  4.2238869e+00  4.2198855e+00  1.2732360e-01
8.6593661e+00  15819192  3.7482165e+00  3.7447152e+00  1.0943497e-01
9.1709925e+00  18795348  3.3271713e+00  3.3239932e+00  9.4030264e-02
9.7128705e+00  22326034  2.9504154e+00  2.9476007e+00  8.0774734e-02
1.0286736e+01  26520842  2.6152529e+00  2.6126932e+00  6.9376621e-02
1.0894484e+01  31503438  2.3166105e+00  2.3143984e+00  5.9585175e-02
1.1538156e+01  37426927  2.0547070e+00  2.0527383e+00  5.1163207e-02
1.2220385e+01  44525830  1.8194239e+00  1.8176702e+00  4.3916221e-02
