# Power spectrum from CO𝘕CEPT job 4559666 at t = 2.9820513 Gyr, a = 0.3125
#
# Components:
#   0: matter  (upstream grid size 1024)
#
#                           grid size 1024
# ╭────────────────────────────────────────────────────────────────╮
#                         component 0    (corrected)      (linear)
#                        σ₈ = 3.03e-01  σ₈ = 3.02e-01  σ₈ = 2.97e-01
#  k [Mpc⁻¹]    modes       P [Mpc³]       P [Mpc³]       P [Mpc³]
2.4543693e-02         3  7.7309324e+03  7.7309324e+03  7.7940852e+03
4.6570361e-02        25  4.1991144e+03  4.2621471e+03  4.2843390e+03
8.3521561e-02       124  1.8472039e+03  1.8058493e+03  1.8307070e+03
1.3383638e-01       418  8.6308005e+02  8.5320884e+02  8.2318364e+02
1.8592088e-01       730  4.6225133e+02  4.7265837e+02  4.5441858e+02
2.3260504e-01      1012  3.2175653e+02  3.1949307e+02  2.8216077e+02
2.7635505e-01      1408  2.3747650e+02  2.3777494e+02  1.9826869e+02
3.1919121e-01      1841  1.8087733e+02  1.7987295e+02  1.4650453e+02
3.6464415e-01      2698  1.4132071e+02  1.4042302e+02  1.0836841e+02
4.1290034e-01      3532  1.1264037e+02  1.1356753e+02  8.5180009e+01
4.6319578e-01      4702  9.0937610e+01  8.9208075e+01  6.3592962e+01
5.1570195e-01      6019  7.6802267e+01  7.7663328e+01  5.1175354e+01
5.7047444e-01      7766  6.4009066e+01  6.3943105e+01  4.0878313e+01
6.2844883e-01     10012  5.5739751e+01  5.4859151e+01  3.2021238e+01
6.8955465e-01     12589  4.7642643e+01  4.7783612e+01  2.6030470e+01
7.5323141e-01     15650  4.1392550e+01  4.1745606e+01  2.1452616e+01
8.2032763e-01     19757  3.5727832e+01  3.5615231e+01  1.7526807e+01
8.9088605e-01     24241  3.1844695e+01  3.1521914e+01  1.4339371e+01
9.6481958e-01     29993  2.8050295e+01  2.7821878e+01  1.1815689e+01
1.0423453e+00     36494  2.4941160e+01  2.4804175e+01  9.8230472e+00
1.1237267e+00     44825  2.2561647e+01  2.2465083e+01  8.1931041e+00
1.2089588e+00     53906  2.0335974e+01  2.0279835e+01  6.8716521e+00
1.2983336e+00     65729  1.8388081e+01  1.8336129e+01  5.7853910e+00
1.3921058e+00     78746  1.6723381e+01  1.6670602e+01  4.8857628e+00
1.4900211e+00     94374  1.5171624e+01  1.5124565e+01  4.1400021e+00
1.5921784e+00    112166  1.3906383e+01  1.3894763e+01  3.5175556e+00
1.6991083e+00    134373  1.2728897e+01  1.2730525e+01  2.9917731e+00
1.8110248e+00    159077  1.1730441e+01  1.1714750e+01  2.5557288e+00
1.9277595e+00    188172  1.0809580e+01  1.0796226e+01  2.1879519e+00
2.0497441e+00    222492  1.0039484e+01  1.0035222e+01  1.8767500e+00
2.1771282e+00    261771  9.2946629e+00  9.2866242e+00  1.6141742e+00
2.3098450e+00    306759  8.6047794e+00  8.5981364e+00  1.3912628e+00
2.4484375e+00    360898  7.9854296e+00  7.9786759e+00  1.2014848e+00
2.5937215e+00    425046  7.4260248e+00  7.4198343e+00  1.0387662e+00
2.7470320e+00    505555  6.8994205e+00  6.8933155e+00  8.9825361e-01
2.9094444e+00    600292  6.4118154e+00  6.4060580e+00  7.7640557e-01
3.0813867e+00    712930  5.9557695e+00  5.9504961e+00  6.7088842e-01
3.2634403e+00    846715  5.5167897e+00  5.5118826e+00  5.7953021e-01
3.4562097e+00   1005596  5.1126651e+00  5.1081685e+00  5.0044832e-01
3.6603648e+00   1194719  4.7305283e+00  4.7263365e+00  4.3200903e-01
3.8766358e+00   1419743  4.3601053e+00  4.3561868e+00  3.7280416e-01
4.1057220e+00   1686576  4.0165250e+00  4.0129196e+00  3.2158413e-01
4.3483372e+00   2003484  3.6892277e+00  3.6859027e+00  2.7731902e-01
4.6052142e+00   2378778  3.3855351e+00  3.3824657e+00  2.3908561e-01
4.8773359e+00   2828400  3.1001088e+00  3.0972809e+00  2.0605260e-01
5.1655179e+00   3356890  2.8337852e+00  2.8311987e+00  1.7752726e-01
5.4707002e+00   3990317  2.5800756e+00  2.5777210e+00  1.5291130e-01
5.7939476e+00   4738457  2.3511290e+00  2.3489432e+00  1.3167191e-01
6.1362572e+00   5629661  2.1383505e+00  2.1364061e+00  1.1334709e-01
6.4988210e+00   6687903  1.9456322e+00  1.9438153e+00  9.7544593e-02
6.8828355e+00   7945758  1.7669816e+00  1.7653438e+00  8.3924063e-02
7.2895050e+00   9436555  1.6011250e+00  1.5996427e+00  7.2185958e-02
7.7201584e+00  11210320  1.4487071e+00  1.4473293e+00  6.2075218e-02
8.1762927e+00  13318613  1.3127908e+00  1.3115472e+00  5.3364849e-02
8.6593661e+00  15819192  1.1893104e+00  1.1881994e+00  4.5867606e-02
9.1709925e+00  18795348  1.0737455e+00  1.0727199e+00  3.9411379e-02
9.7128705e+00  22326034  9.6941575e-01  9.6849092e-01  3.3855873e-02
1.0286736e+01  26520842  8.7529125e-01  8.7443457e-01  2.9078814e-02
1.0894484e+01  31503438  7.8913017e-01  7.8837666e-01  2.4975113e-02
1.1538156e+01  37426927  7.1191699e-01  7.1123485e-01  2.1445361e-02
1.2220385e+01  44525830  6.4240690e-01  6.4178770e-01  1.8408045e-02
