# Power spectrum from CO𝘕CEPT job 4559666 at t = 5.469032 Gyr, a = 0.47619048
#
# Components:
#   0: matter  (upstream grid size 1024)
#
#                           grid size 1024
# ╭────────────────────────────────────────────────────────────────╮
#                         component 0    (corrected)      (linear)
#                        σ₈ = 4.57e-01  σ₈ = 4.56e-01  σ₈ = 4.40e-01
#  k [Mpc⁻¹]    modes       P [Mpc³]       P [Mpc³]       P [Mpc³]
2.4543693e-02         3  1.6837077e+04  1.6837077e+04  1.7072598e+04
4.6570361e-02        25  9.1540057e+03  9.2914159e+03  9.3830293e+03
8.3521561e-02       124  4.0714910e+03  3.9803398e+03  4.0091338e+03
1.3383638e-01       418  1.9479006e+03  1.9256221e+03  1.8026849e+03
1.8592088e-01       730  1.0768752e+03  1.1011198e+03  9.9512217e+02
2.3260504e-01      1012  7.7679865e+02  7.7133410e+02  6.1789667e+02
2.7635505e-01      1408  5.9396807e+02  5.9471452e+02  4.3418297e+02
3.1919121e-01      1841  4.7670605e+02  4.7405899e+02  3.2082583e+02
3.6464415e-01      2698  3.7747453e+02  3.7507673e+02  2.3731256e+02
4.1290034e-01      3532  3.2087577e+02  3.2351694e+02  1.8653293e+02
4.6319578e-01      4702  2.6812293e+02  2.6302352e+02  1.3926011e+02
5.1570195e-01      6019  2.2892407e+02  2.3149063e+02  1.1206718e+02
5.7047444e-01      7766  1.9585472e+02  1.9565289e+02  8.9518014e+01
6.2844883e-01     10012  1.7570621e+02  1.7293033e+02  7.0122196e+01
6.8955465e-01     12589  1.5670614e+02  1.5716981e+02  5.7003212e+01
7.5323141e-01     15650  1.4115270e+02  1.4235665e+02  4.6978322e+01
8.2032763e-01     19757  1.2450881e+02  1.2411640e+02  3.8381327e+01
8.9088605e-01     24241  1.1495852e+02  1.1379329e+02  3.1401270e+01
9.6481958e-01     29993  1.0335771e+02  1.0251606e+02  2.5874745e+01
1.0423453e+00     36494  9.5274646e+01  9.4751368e+01  2.1511128e+01
1.1237267e+00     44825  8.6843300e+01  8.6471612e+01  1.7941772e+01
1.2089588e+00     53906  8.0387753e+01  8.0165837e+01  1.5047971e+01
1.2983336e+00     65729  7.4140616e+01  7.3931145e+01  1.2669206e+01
1.3921058e+00     78746  6.7974621e+01  6.7760092e+01  1.0699142e+01
1.4900211e+00     94374  6.3115543e+01  6.2919773e+01  9.0660270e+00
1.5921784e+00    112166  5.8309761e+01  5.8261040e+01  7.7029535e+00
1.6991083e+00    134373  5.4062140e+01  5.4069055e+01  6.5515614e+00
1.8110248e+00    159077  5.0045354e+01  4.9978411e+01  5.5966838e+00
1.9277595e+00    188172  4.6200453e+01  4.6143378e+01  4.7913025e+00
2.0497441e+00    222492  4.2826225e+01  4.2808044e+01  4.1098128e+00
2.1771282e+00    261771  3.9518361e+01  3.9484183e+01  3.5348077e+00
2.3098450e+00    306759  3.6389092e+01  3.6360999e+01  3.0466624e+00
2.4484375e+00    360898  3.3571939e+01  3.3543545e+01  2.6310747e+00
2.5937215e+00    425046  3.0831547e+01  3.0805845e+01  2.2747435e+00
2.7470320e+00    505555  2.8241316e+01  2.8216326e+01  1.9670402e+00
2.9094444e+00    600292  2.5835243e+01  2.5812045e+01  1.7002099e+00
3.0813867e+00    712930  2.3631061e+01  2.3610137e+01  1.4691420e+00
3.2634403e+00    846715  2.1443646e+01  2.1424572e+01  1.2690803e+00
3.4562097e+00   1005596  1.9520026e+01  1.9502859e+01  1.0959020e+00
3.6603648e+00   1194719  1.7654162e+01  1.7638519e+01  9.4602962e-01
3.8766358e+00   1419743  1.5970187e+01  1.5955834e+01  8.1637935e-01
4.1057220e+00   1686576  1.4437787e+01  1.4424828e+01  7.0421477e-01
4.3483372e+00   2003484  1.3024621e+01  1.3012882e+01  6.0728053e-01
4.6052142e+00   2378778  1.1704290e+01  1.1693679e+01  5.2355488e-01
4.8773359e+00   2828400  1.0484054e+01  1.0474491e+01  4.5121740e-01
5.1655179e+00   3356890  9.4139671e+00  9.4053746e+00  3.8875109e-01
5.4707002e+00   3990317  8.4227263e+00  8.4150397e+00  3.3484579e-01
5.7939476e+00   4738457  7.5334157e+00  7.5264119e+00  2.8833472e-01
6.1362572e+00   5629661  6.7432331e+00  6.7371014e+00  2.4820616e-01
6.4988210e+00   6687903  6.0160343e+00  6.0104161e+00  2.1360112e-01
6.8828355e+00   7945758  5.3650456e+00  5.3600729e+00  1.8377430e-01
7.2895050e+00   9436555  4.7788179e+00  4.7743938e+00  1.5806972e-01
7.7201584e+00  11210320  4.2545076e+00  4.2504614e+00  1.3592884e-01
8.1762927e+00  13318613  3.7845648e+00  3.7809796e+00  1.1685458e-01
8.6593661e+00  15819192  3.3653141e+00  3.3621705e+00  1.0043689e-01
9.1709925e+00  18795348  2.9823970e+00  2.9795482e+00  8.6298881e-02
9.7128705e+00  22326034  2.6482955e+00  2.6457690e+00  7.4133320e-02
1.0286736e+01  26520842  2.3489913e+00  2.3466923e+00  6.3672443e-02
1.0894484e+01  31503438  2.0825840e+00  2.0805954e+00  5.4686119e-02
1.1538156e+01  37426927  1.8451202e+00  1.8433523e+00  4.6956663e-02
1.2220385e+01  44525830  1.6346904e+00  1.6331147e+00  4.0305569e-02
