# Power spectrum from CO𝘕CEPT job 4559666 at t = 3.6249528 Gyr, a = 0.35714286
#
# Components:
#   0: matter  (upstream grid size 1024)
#
#                           grid size 1024
# ╭────────────────────────────────────────────────────────────────╮
#                         component 0    (corrected)      (linear)
#                        σ₈ = 3.45e-01  σ₈ = 3.45e-01  σ₈ = 3.38e-01
#  k [Mpc⁻¹]    modes       P [Mpc³]       P [Mpc³]       P [Mpc³]
2.4543693e-02         3  9.9603872e+03  9.9603872e+03  1.0056993e+04
4.6570361e-02        25  5.4120594e+03  5.4932995e+03  5.5279549e+03
8.3521561e-02       124  2.3852828e+03  2.3318819e+03  2.3620634e+03
1.3383638e-01       418  1.1227122e+03  1.1098715e+03  1.0621039e+03
1.8592088e-01       730  6.0580498e+02  6.1944396e+02  5.8630764e+02
2.3260504e-01      1012  4.2642859e+02  4.2342879e+02  3.6405399e+02
2.7635505e-01      1408  3.1758658e+02  3.1798569e+02  2.5581331e+02
3.1919121e-01      1841  2.4561278e+02  2.4424894e+02  1.8902530e+02
3.6464415e-01      2698  1.9279730e+02  1.9157261e+02  1.3982071e+02
4.1290034e-01      3532  1.5609012e+02  1.5737492e+02  1.0990222e+02
4.6319578e-01      4702  1.2750260e+02  1.2507764e+02  8.2049848e+01
5.1570195e-01      6019  1.0795731e+02  1.0916766e+02  6.6028214e+01
5.7047444e-01      7766  9.0995034e+01  9.0901265e+01  5.2742611e+01
6.2844883e-01     10012  8.0043803e+01  7.8779239e+01  4.1314904e+01
6.8955465e-01     12589  6.9532681e+01  6.9738420e+01  3.3585408e+01
7.5323141e-01     15650  6.1151986e+01  6.1673580e+01  2.7678902e+01
8.2032763e-01     19757  5.3079802e+01  5.2912514e+01  2.2613687e+01
8.9088605e-01     24241  4.7977560e+01  4.7491254e+01  1.8501147e+01
9.6481958e-01     29993  4.2451102e+01  4.2105417e+01  1.5245005e+01
1.0423453e+00     36494  3.8315852e+01  3.8105409e+01  1.2674030e+01
1.1237267e+00     44825  3.4885239e+01  3.4735931e+01  1.0571021e+01
1.2089588e+00     53906  3.1875497e+01  3.1787502e+01  8.8660383e+00
1.2983336e+00     65729  2.9000345e+01  2.8918410e+01  7.4645069e+00
1.3921058e+00     78746  2.6631496e+01  2.6547447e+01  6.3037756e+00
1.4900211e+00     94374  2.4368182e+01  2.4292597e+01  5.3415696e+00
1.5921784e+00    112166  2.2583485e+01  2.2564615e+01  4.5384677e+00
1.6991083e+00    134373  2.0663768e+01  2.0666411e+01  3.8600852e+00
1.8110248e+00    159077  1.9141542e+01  1.9115938e+01  3.2974859e+00
1.9277595e+00    188172  1.7716805e+01  1.7694918e+01  2.8229676e+00
2.0497441e+00    222492  1.6449714e+01  1.6442731e+01  2.4214442e+00
2.1771282e+00    261771  1.5348461e+01  1.5335186e+01  2.0826599e+00
2.3098450e+00    306759  1.4226822e+01  1.4215838e+01  1.7950521e+00
2.4484375e+00    360898  1.3250079e+01  1.3238873e+01  1.5501941e+00
2.5937215e+00    425046  1.2320595e+01  1.2310324e+01  1.3402491e+00
2.7470320e+00    505555  1.1437430e+01  1.1427310e+01  1.1589550e+00
2.9094444e+00    600292  1.0569570e+01  1.0560080e+01  1.0017425e+00
3.0813867e+00    712930  9.7944117e+00  9.7857394e+00  8.6560074e-01
3.2634403e+00    846715  9.0608025e+00  9.0527431e+00  7.4772731e-01
3.4562097e+00   1005596  8.3485440e+00  8.3412014e+00  6.4569321e-01
3.6603648e+00   1194719  7.6677261e+00  7.6609316e+00  5.5739056e-01
3.8766358e+00   1419743  7.0291805e+00  7.0228632e+00  4.8100248e-01
4.1057220e+00   1686576  6.4243713e+00  6.4186046e+00  4.1491670e-01
4.3483372e+00   2003484  5.8391515e+00  5.8338887e+00  3.5780441e-01
4.6052142e+00   2378778  5.3216319e+00  5.3168071e+00  3.0847442e-01
4.8773359e+00   2828400  4.8210083e+00  4.8166106e+00  2.6585416e-01
5.1655179e+00   3356890  4.3689770e+00  4.3649893e+00  2.2904985e-01
5.4707002e+00   3990317  3.9501217e+00  3.9465169e+00  1.9728956e-01
5.7939476e+00   4738457  3.5645698e+00  3.5612558e+00  1.6988583e-01
6.1362572e+00   5629661  3.2174164e+00  3.2144907e+00  1.4624259e-01
6.4988210e+00   6687903  2.8955754e+00  2.8928713e+00  1.2585372e-01
6.8828355e+00   7945758  2.6062076e+00  2.6037920e+00  1.0828010e-01
7.2895050e+00   9436555  2.3442208e+00  2.3420506e+00  9.3135247e-02
7.7201584e+00  11210320  2.1047661e+00  2.1027644e+00  8.0090078e-02
8.1762927e+00  13318613  1.8878166e+00  1.8860283e+00  6.8851714e-02
8.6593661e+00  15819192  1.6936152e+00  1.6920332e+00  5.9178565e-02
9.1709925e+00  18795348  1.5165555e+00  1.5151069e+00  5.0848570e-02
9.7128705e+00  22326034  1.3574414e+00  1.3561464e+00  4.3680714e-02
1.0286736e+01  26520842  1.2152922e+00  1.2141027e+00  3.7517236e-02
1.0894484e+01  31503438  1.0859820e+00  1.0849450e+00  3.2222545e-02
1.1538156e+01  37426927  9.7090725e-01  9.6997695e-01  2.7668383e-02
1.2220385e+01  44525830  8.6821571e-01  8.6737886e-01  2.3749577e-02
