# Power spectrum from CO𝘕CEPT job 4559666 at t = 10.261595 Gyr, a = 0.76923077
#
# Components:
#   0: matter  (upstream grid size 1024)
#
#                           grid size 1024
# ╭────────────────────────────────────────────────────────────────╮
#                         component 0    (corrected)      (linear)
#                        σ₈ = 6.93e-01  σ₈ = 6.92e-01  σ₈ = 6.44e-01
#  k [Mpc⁻¹]    modes       P [Mpc³]       P [Mpc³]       P [Mpc³]
2.4543693e-02         3  3.5728708e+04  3.5728708e+04  3.6596478e+04
4.6570361e-02        25  1.9411929e+04  1.9703321e+04  2.0108946e+04
8.3521561e-02       124  8.9759228e+03  8.7749729e+03  8.5913135e+03
1.3383638e-01       418  4.4153973e+03  4.3648976e+03  3.8629278e+03
1.8592088e-01       730  2.5754440e+03  2.6334270e+03  2.1324023e+03
2.3260504e-01      1012  1.9257400e+03  1.9121930e+03  1.3240579e+03
2.7635505e-01      1408  1.5623187e+03  1.5642821e+03  9.3038579e+02
3.1919121e-01      1841  1.3474322e+03  1.3399502e+03  6.8747846e+02
3.6464415e-01      2698  1.0880719e+03  1.0811602e+03  5.0852243e+02
4.1290034e-01      3532  9.6885113e+02  9.7682590e+02  3.9970966e+02
4.6319578e-01      4702  8.4323365e+02  8.2719626e+02  2.9841158e+02
5.1570195e-01      6019  7.6368667e+02  7.7224866e+02  2.4014148e+02
5.7047444e-01      7766  6.9372399e+02  6.9300911e+02  1.9182229e+02
6.2844883e-01     10012  6.1902212e+02  6.0924255e+02  1.5026022e+02
6.8955465e-01     12589  5.6338299e+02  5.6504996e+02  1.2214839e+02
7.5323141e-01     15650  5.1962807e+02  5.2406022e+02  1.0066670e+02
8.2032763e-01     19757  4.8071121e+02  4.7919619e+02  8.2244763e+01
8.9088605e-01     24241  4.4264479e+02  4.3815810e+02  6.7287657e+01
9.6481958e-01     29993  3.9990761e+02  3.9665111e+02  5.5445231e+01
1.0423453e+00     36494  3.7104145e+02  3.6900357e+02  4.6094725e+01
1.1237267e+00     44825  3.3801481e+02  3.3656812e+02  3.8446190e+01
1.2089588e+00     53906  3.1070033e+02  3.0984262e+02  3.2245256e+01
1.2983336e+00     65729  2.8694316e+02  2.8613245e+02  2.7147960e+01
1.3921058e+00     78746  2.6375525e+02  2.6292284e+02  2.2926441e+01
1.4900211e+00     94374  2.4043501e+02  2.3968924e+02  1.9426950e+01
1.5921784e+00    112166  2.1881838e+02  2.1863554e+02  1.6506112e+01
1.6991083e+00    134373  1.9841098e+02  1.9843636e+02  1.4038872e+01
1.8110248e+00    159077  1.8090712e+02  1.8066513e+02  1.1992729e+01
1.9277595e+00    188172  1.6519881e+02  1.6499472e+02  1.0266932e+01
2.0497441e+00    222492  1.4991783e+02  1.4985419e+02  8.8066146e+00
2.1771282e+00    261771  1.3597392e+02  1.3585632e+02  7.5744754e+00
2.3098450e+00    306759  1.2331156e+02  1.2321636e+02  6.5284625e+00
2.4484375e+00    360898  1.1152787e+02  1.1143355e+02  5.6379283e+00
2.5937215e+00    425046  1.0081133e+02  1.0072729e+02  4.8743707e+00
2.7470320e+00    505555  9.1313381e+01  9.1232581e+01  4.2150148e+00
2.9094444e+00    600292  8.2192303e+01  8.2118500e+01  3.6432427e+00
3.0813867e+00    712930  7.3655886e+01  7.3590669e+01  3.1481036e+00
3.2634403e+00    846715  6.6490450e+01  6.6431308e+01  2.7194055e+00
3.4562097e+00   1005596  5.9928208e+01  5.9875501e+01  2.3483141e+00
3.6603648e+00   1194719  5.3721046e+01  5.3673444e+01  2.0271633e+00
3.8766358e+00   1419743  4.8129367e+01  4.8086112e+01  1.7493451e+00
4.1057220e+00   1686576  4.3222304e+01  4.3183507e+01  1.5089957e+00
4.3483372e+00   2003484  3.8650351e+01  3.8615516e+01  1.3012825e+00
4.6052142e+00   2378778  3.4455191e+01  3.4423952e+01  1.1218730e+00
4.8773359e+00   2828400  3.0777134e+01  3.0749059e+01  9.6686651e-01
5.1655179e+00   3356890  2.7439277e+01  2.7414232e+01  8.3301222e-01
5.4707002e+00   3990317  2.4455563e+01  2.4433245e+01  7.1750274e-01
5.7939476e+00   4738457  2.1797855e+01  2.1777590e+01  6.1783785e-01
6.1362572e+00   5629661  1.9401735e+01  1.9384092e+01  5.3184959e-01
6.4988210e+00   6687903  1.7261502e+01  1.7245382e+01  4.5769728e-01
6.8828355e+00   7945758  1.5336012e+01  1.5321798e+01  3.9378388e-01
7.2895050e+00   9436555  1.3609981e+01  1.3597382e+01  3.3870375e-01
7.7201584e+00  11210320  1.2055552e+01  1.2044087e+01  2.9126003e-01
8.1762927e+00  13318613  1.0677699e+01  1.0667584e+01  2.5038753e-01
8.6593661e+00  15819192  9.4608567e+00  9.4520190e+00  2.1520762e-01
9.1709925e+00  18795348  8.3781008e+00  8.3700979e+00  1.8491266e-01
9.7128705e+00  22326034  7.4129363e+00  7.4058643e+00  1.5884432e-01
1.0286736e+01  26520842  6.5505997e+00  6.5441883e+00  1.3642881e-01
1.0894484e+01  31503438  5.7857130e+00  5.7801884e+00  1.1717301e-01
1.1538156e+01  37426927  5.1078735e+00  5.1029793e+00  1.0061045e-01
1.2220385e+01  44525830  4.5044702e+00  4.5001284e+00  8.6358643e-02
