# Power spectrum from CO𝘕CEPT job 4559666 at t = 4.5276054 Gyr, a = 0.41666667
#
# Components:
#   0: matter  (upstream grid size 1024)
#
#                           grid size 1024
# ╭────────────────────────────────────────────────────────────────╮
#                         component 0    (corrected)      (linear)
#                        σ₈ = 4.02e-01  σ₈ = 4.01e-01  σ₈ = 3.90e-01
#  k [Mpc⁻¹]    modes       P [Mpc³]       P [Mpc³]       P [Mpc³]
2.4543693e-02         3  1.3254417e+04  1.3254417e+04  1.3411054e+04
4.6570361e-02        25  7.2045703e+03  7.3127177e+03  7.3710887e+03
8.3521561e-02       124  3.1875437e+03  3.1161820e+03  3.1495506e+03
1.3383638e-01       418  1.5134572e+03  1.4961475e+03  1.4161879e+03
1.8592088e-01       730  8.2624773e+02  8.4484972e+02  7.8176898e+02
2.3260504e-01      1012  5.8925633e+02  5.8511109e+02  4.8542067e+02
2.7635505e-01      1408  4.4444589e+02  4.4500443e+02  3.4109504e+02
3.1919121e-01      1841  3.5044537e+02  3.4849942e+02  2.5204151e+02
3.6464415e-01      2698  2.7641191e+02  2.7465609e+02  1.8643333e+02
4.1290034e-01      3532  2.2931738e+02  2.3120493e+02  1.4654075e+02
4.6319578e-01      4702  1.8951377e+02  1.8590943e+02  1.0940312e+02
5.1570195e-01      6019  1.6093263e+02  1.6273691e+02  8.8040281e+01
5.7047444e-01      7766  1.3704437e+02  1.3690315e+02  7.0325603e+01
6.2844883e-01     10012  1.2211687e+02  1.2018762e+02  5.5088197e+01
6.8955465e-01     12589  1.0757714e+02  1.0789544e+02  4.4781888e+01
7.5323141e-01     15650  9.6060914e+01  9.6880262e+01  3.6906308e+01
8.2032763e-01     19757  8.4053571e+01  8.3788666e+01  3.0152485e+01
8.9088605e-01     24241  7.6934480e+01  7.6154664e+01  2.4668933e+01
9.6481958e-01     29993  6.8498902e+01  6.7941108e+01  2.0327279e+01
1.0423453e+00     36494  6.2777139e+01  6.2432347e+01  1.6899209e+01
1.1237267e+00     44825  5.7112021e+01  5.6867582e+01  1.4095113e+01
1.2089588e+00     53906  5.2894081e+01  5.2748063e+01  1.1821734e+01
1.2983336e+00     65729  4.8454587e+01  4.8317687e+01  9.9529693e+00
1.3921058e+00     78746  4.4731552e+01  4.4590378e+01  8.4052811e+00
1.4900211e+00     94374  4.1120380e+01  4.0992833e+01  7.1223014e+00
1.5921784e+00    112166  3.8301319e+01  3.8269315e+01  6.0514668e+00
1.6991083e+00    134373  3.5362469e+01  3.5366992e+01  5.1469298e+00
1.8110248e+00    159077  3.2727015e+01  3.2683238e+01  4.3967750e+00
1.9277595e+00    188172  3.0394232e+01  3.0356684e+01  3.7640650e+00
2.0497441e+00    222492  2.8106331e+01  2.8094399e+01  3.2286846e+00
2.1771282e+00    261771  2.6010434e+01  2.5987939e+01  2.7769588e+00
2.3098450e+00    306759  2.4128212e+01  2.4109584e+01  2.3934704e+00
2.4484375e+00    360898  2.2268499e+01  2.2249665e+01  2.0669834e+00
2.5937215e+00    425046  2.0620483e+01  2.0603293e+01  1.7870484e+00
2.7470320e+00    505555  1.9048599e+01  1.9031744e+01  1.5453157e+00
2.9094444e+00    600292  1.7519599e+01  1.7503868e+01  1.3356929e+00
3.0813867e+00    712930  1.6120392e+01  1.6106119e+01  1.1541652e+00
3.2634403e+00    846715  1.4766924e+01  1.4753789e+01  9.9699606e-01
3.4562097e+00   1005596  1.3501392e+01  1.3489518e+01  8.6094662e-01
3.6603648e+00   1194719  1.2309050e+01  1.2298143e+01  7.4320633e-01
3.8766358e+00   1419743  1.1148856e+01  1.1138836e+01  6.4135261e-01
4.1057220e+00   1686576  1.0162163e+01  1.0153041e+01  5.5323570e-01
4.3483372e+00   2003484  9.1865038e+00  9.1782242e+00  4.7708380e-01
4.6052142e+00   2378778  8.2977060e+00  8.2901829e+00  4.1130860e-01
4.8773359e+00   2828400  7.4968707e+00  7.4900320e+00  3.5447999e-01
5.1655179e+00   3356890  6.7385057e+00  6.7323552e+00  3.0540619e-01
5.4707002e+00   3990317  6.0604614e+00  6.0549306e+00  2.6305796e-01
5.7939476e+00   4738457  5.4382725e+00  5.4332166e+00  2.2651865e-01
6.1362572e+00   5629661  4.8778229e+00  4.8733874e+00  1.9499347e-01
6.4988210e+00   6687903  4.3691735e+00  4.3650933e+00  1.6780758e-01
6.8828355e+00   7945758  3.9070799e+00  3.9034585e+00  1.4437547e-01
7.2895050e+00   9436555  3.4875851e+00  3.4843564e+00  1.2418181e-01
7.7201584e+00  11210320  3.1171570e+00  3.1141924e+00  1.0678781e-01
8.1762927e+00  13318613  2.7768009e+00  2.7741704e+00  9.1802952e-02
8.6593661e+00  15819192  2.4755801e+00  2.4732676e+00  7.8905109e-02
9.1709925e+00  18795348  2.2023284e+00  2.2002247e+00  6.7798189e-02
9.7128705e+00  22326034  1.9558532e+00  1.9539873e+00  5.8240832e-02
1.0286736e+01  26520842  1.7389565e+00  1.7372546e+00  5.0022682e-02
1.0894484e+01  31503438  1.5447989e+00  1.5433238e+00  4.2962948e-02
1.1538156e+01  37426927  1.3720983e+00  1.3707836e+00  3.6890614e-02
1.2220385e+01  44525830  1.2198527e+00  1.2186769e+00  3.1665445e-02
