# Power spectrum from CO𝘕CEPT job 4559666 at t = 5.1230837 Gyr, a = 0.45454545
#
# Components:
#   0: matter  (upstream grid size 1024)
#
#                           grid size 1024
# ╭────────────────────────────────────────────────────────────────╮
#                         component 0    (corrected)      (linear)
#                        σ₈ = 4.37e-01  σ₈ = 4.36e-01  σ₈ = 4.22e-01
#  k [Mpc⁻¹]    modes       P [Mpc³]       P [Mpc³]       P [Mpc³]
2.4543693e-02         3  1.5506627e+04  1.5506627e+04  1.5711243e+04
4.6570361e-02        25  8.4301202e+03  8.5566642e+03  8.6350114e+03
8.3521561e-02       124  3.7417450e+03  3.6579761e+03  3.6895531e+03
1.3383638e-01       418  1.7854108e+03  1.7649907e+03  1.6589913e+03
1.8592088e-01       730  9.8251589e+02  1.0046361e+03  9.1580085e+02
2.3260504e-01      1012  7.0592456e+02  7.0095858e+02  5.6864422e+02
2.7635505e-01      1408  5.3703606e+02  5.3771097e+02  3.9957438e+02
3.1919121e-01      1841  4.2833064e+02  4.2595220e+02  2.9525294e+02
3.6464415e-01      2698  3.3870428e+02  3.3655277e+02  2.1839649e+02
4.1290034e-01      3532  2.8546853e+02  2.8781827e+02  1.7166449e+02
4.6319578e-01      4702  2.3752062e+02  2.3300324e+02  1.2815977e+02
5.1570195e-01      6019  2.0229704e+02  2.0456507e+02  1.0313437e+02
5.7047444e-01      7766  1.7283659e+02  1.7265849e+02  8.2382589e+01
6.2844883e-01     10012  1.5489227e+02  1.5244522e+02  6.4532801e+01
6.8955465e-01     12589  1.3746319e+02  1.3786993e+02  5.2459523e+01
7.5323141e-01     15650  1.2356095e+02  1.2461486e+02  4.3233712e+01
8.2032763e-01     19757  1.0870834e+02  1.0836573e+02  3.5321978e+01
8.9088605e-01     24241  1.0005834e+02  9.9044142e+01  2.8898297e+01
9.6481958e-01     29993  8.9592468e+01  8.8862906e+01  2.3812288e+01
1.0423453e+00     36494  8.2451786e+01  8.1998935e+01  1.9796492e+01
1.1237267e+00     44825  7.5010649e+01  7.4689604e+01  1.6511647e+01
1.2089588e+00     53906  6.9573217e+01  6.9381155e+01  1.3848509e+01
1.2983336e+00     65729  6.4037310e+01  6.3856383e+01  1.1659354e+01
1.3921058e+00     78746  5.8966772e+01  5.8780671e+01  9.8463219e+00
1.4900211e+00     94374  5.4626565e+01  5.4457126e+01  8.3433817e+00
1.5921784e+00    112166  5.0552019e+01  5.0509780e+01  7.0889579e+00
1.6991083e+00    134373  4.6840681e+01  4.6846672e+01  6.0293425e+00
1.8110248e+00    159077  4.3331297e+01  4.3273336e+01  5.1505774e+00
1.9277595e+00    188172  4.0169465e+01  4.0119841e+01  4.4093925e+00
2.0497441e+00    222492  3.7210251e+01  3.7194454e+01  3.7822239e+00
2.1771282e+00    261771  3.4334265e+01  3.4304570e+01  3.2530520e+00
2.3098450e+00    306759  3.1756129e+01  3.1731613e+01  2.8038164e+00
2.4484375e+00    360898  2.9261018e+01  2.9236270e+01  2.4213549e+00
2.5937215e+00    425046  2.6939892e+01  2.6917434e+01  2.0934265e+00
2.7470320e+00    505555  2.4715392e+01  2.4693523e+01  1.8102500e+00
2.9094444e+00    600292  2.2689495e+01  2.2669122e+01  1.5646885e+00
3.0813867e+00    712930  2.0773490e+01  2.0755097e+01  1.3520389e+00
3.2634403e+00    846715  1.8905703e+01  1.8888887e+01  1.1679239e+00
3.4562097e+00   1005596  1.7219842e+01  1.7204697e+01  1.0085495e+00
3.6603648e+00   1194719  1.5625553e+01  1.5611707e+01  8.7062330e-01
3.8766358e+00   1419743  1.4171981e+01  1.4159244e+01  7.5130734e-01
4.1057220e+00   1686576  1.2799245e+01  1.2787756e+01  6.4808328e-01
4.3483372e+00   2003484  1.1539078e+01  1.1528678e+01  5.5887557e-01
4.6052142e+00   2378778  1.0376863e+01  1.0367455e+01  4.8182361e-01
4.8773359e+00   2828400  9.3129816e+00  9.3044862e+00  4.1525207e-01
5.1655179e+00   3356890  8.3645890e+00  8.3569543e+00  3.5776487e-01
5.4707002e+00   3990317  7.5076937e+00  7.5008422e+00  3.0815630e-01
5.7939476e+00   4738457  6.7094662e+00  6.7032284e+00  2.6535257e-01
6.1362572e+00   5629661  6.0017728e+00  5.9963153e+00  2.2842260e-01
6.4988210e+00   6687903  5.3551814e+00  5.3501805e+00  1.9657588e-01
6.8828355e+00   7945758  4.7760371e+00  4.7716104e+00  1.6912650e-01
7.2895050e+00   9436555  4.2552714e+00  4.2513320e+00  1.4547079e-01
7.7201584e+00  11210320  3.7865971e+00  3.7829959e+00  1.2509472e-01
8.1762927e+00  13318613  3.3668448e+00  3.3636553e+00  1.0754083e-01
8.6593661e+00  15819192  2.9923753e+00  2.9895801e+00  9.2431764e-02
9.1709925e+00  18795348  2.6595598e+00  2.6570194e+00  7.9420663e-02
9.7128705e+00  22326034  2.3634296e+00  2.3611749e+00  6.8224788e-02
1.0286736e+01  26520842  2.0975831e+00  2.0955301e+00  5.8597719e-02
1.0894484e+01  31503438  1.8617815e+00  1.8600038e+00  5.0327668e-02
1.1538156e+01  37426927  1.6524301e+00  1.6508468e+00  4.3214302e-02
1.2220385e+01  44525830  1.4645984e+00  1.4631868e+00  3.7093343e-02
