# Power spectrum from CO𝘕CEPT job 4559666 at t = 2.2265221 Gyr, a = 0.25641026
#
# Components:
#   0: matter  (upstream grid size 1024)
#
#                           grid size 1024
# ╭────────────────────────────────────────────────────────────────╮
#                         component 0    (corrected)      (linear)
#                        σ₈ = 2.48e-01  σ₈ = 2.48e-01  σ₈ = 2.45e-01
#  k [Mpc⁻¹]    modes       P [Mpc³]       P [Mpc³]       P [Mpc³]
2.4543693e-02         3  5.2760444e+03  5.2760444e+03  5.3095714e+03
4.6570361e-02        25  2.8640943e+03  2.9070870e+03  2.9188262e+03
8.3521561e-02       124  1.2584881e+03  1.2303135e+03  1.2472504e+03
1.3383638e-01       418  5.8208245e+02  5.7542506e+02  5.6083448e+02
1.8592088e-01       730  3.0959489e+02  3.1656505e+02  3.0959581e+02
2.3260504e-01      1012  2.1208344e+02  2.1059149e+02  1.9223658e+02
2.7635505e-01      1408  1.5483594e+02  1.5503053e+02  1.3508084e+02
3.1919121e-01      1841  1.1576941e+02  1.1512656e+02  9.9813843e+01
3.6464415e-01      2698  8.9770289e+01  8.9200050e+01  7.3831641e+01
4.1290034e-01      3532  7.0504899e+01  7.1085236e+01  5.8033342e+01
4.6319578e-01      4702  5.5884182e+01  5.4821325e+01  4.3326041e+01
5.1570195e-01      6019  4.6949117e+01  4.7475482e+01  3.4865898e+01
5.7047444e-01      7766  3.8597300e+01  3.8557526e+01  2.7850500e+01
6.2844883e-01     10012  3.3060227e+01  3.2537928e+01  2.1816154e+01
6.8955465e-01     12589  2.7613107e+01  2.7694811e+01  1.7734629e+01
7.5323141e-01     15650  2.3689217e+01  2.3891274e+01  1.4615726e+01
8.2032763e-01     19757  2.0301464e+01  2.0237481e+01  1.1941063e+01
8.9088605e-01     24241  1.7725028e+01  1.7545366e+01  9.7694547e+00
9.6481958e-01     29993  1.5449166e+01  1.5323362e+01  8.0500633e+00
1.0423453e+00     36494  1.3473998e+01  1.3399994e+01  6.6924713e+00
1.1237267e+00     44825  1.1967170e+01  1.1915950e+01  5.5819867e+00
1.2089588e+00     53906  1.0641977e+01  1.0612599e+01  4.6816780e+00
1.2983336e+00     65729  9.4797571e+00  9.4529738e+00  3.9416054e+00
1.3921058e+00     78746  8.4975811e+00  8.4707626e+00  3.3286862e+00
1.4900211e+00     94374  7.6246658e+00  7.6010158e+00  2.8205975e+00
1.5921784e+00    112166  6.8880654e+00  6.8823100e+00  2.3965229e+00
1.6991083e+00    134373  6.2245049e+00  6.2253010e+00  2.0383058e+00
1.8110248e+00    159077  5.6780727e+00  5.6704775e+00  1.7412276e+00
1.9277595e+00    188172  5.1872287e+00  5.1808205e+00  1.4906601e+00
2.0497441e+00    222492  4.7520226e+00  4.7500052e+00  1.2786374e+00
2.1771282e+00    261771  4.3575547e+00  4.3537860e+00  1.0997437e+00
2.3098450e+00    306759  4.0021389e+00  3.9990492e+00  9.4787352e-01
2.4484375e+00    360898  3.7032714e+00  3.7001393e+00  8.1857720e-01
2.5937215e+00    425046  3.4256899e+00  3.4228341e+00  7.0771652e-01
2.7470320e+00    505555  3.1647088e+00  3.1619085e+00  6.1198483e-01
2.9094444e+00    600292  2.9190504e+00  2.9164293e+00  5.2896936e-01
3.0813867e+00    712930  2.6975874e+00  2.6951989e+00  4.5708019e-01
3.2634403e+00    846715  2.5011255e+00  2.4989008e+00  3.9483753e-01
3.4562097e+00   1005596  2.3208593e+00  2.3188181e+00  3.4095876e-01
3.6603648e+00   1194719  2.1532273e+00  2.1513193e+00  2.9433083e-01
3.8766358e+00   1419743  1.9921094e+00  1.9903191e+00  2.5399433e-01
4.1057220e+00   1686576  1.8404818e+00  1.8388298e+00  2.1909793e-01
4.3483372e+00   2003484  1.7000177e+00  1.6984855e+00  1.8893993e-01
4.6052142e+00   2378778  1.5709074e+00  1.5694832e+00  1.6289135e-01
4.8773359e+00   2828400  1.4461329e+00  1.4448137e+00  1.4038582e-01
5.1655179e+00   3356890  1.3324474e+00  1.3312312e+00  1.2095137e-01
5.4707002e+00   3990317  1.2271826e+00  1.2260627e+00  1.0418040e-01
5.7939476e+00   4738457  1.1296830e+00  1.1286328e+00  8.9709893e-02
6.1362572e+00   5629661  1.0417921e+00  1.0408448e+00  7.7225096e-02
6.4988210e+00   6687903  9.6194135e-01  9.6104303e-01  6.6458761e-02
6.8828355e+00   7945758  8.8914888e-01  8.8832476e-01  5.7179010e-02
7.2895050e+00   9436555  8.2223936e-01  8.2147816e-01  4.9181761e-02
7.7201584e+00  11210320  7.6120958e-01  7.6048564e-01  4.2293242e-02
8.1762927e+00  13318613  7.0551954e-01  7.0485119e-01  3.6358800e-02
8.6593661e+00  15819192  6.5431457e-01  6.5370336e-01  3.1250866e-02
9.1709925e+00  18795348  6.0584331e-01  6.0526461e-01  2.6852179e-02
9.7128705e+00  22326034  5.5990021e-01  5.5936605e-01  2.3067158e-02
1.0286736e+01  26520842  5.1730153e-01  5.1679522e-01  1.9812496e-02
1.0894484e+01  31503438  4.7754745e-01  4.7709146e-01  1.7016596e-02
1.1538156e+01  37426927  4.4062572e-01  4.4020352e-01  1.4611731e-02
1.2220385e+01  44525830  4.0596752e-01  4.0557622e-01  1.2542363e-02
