# Power spectrum from CO𝘕CEPT job 4559666 at t = 2.8501215 Gyr, a = 0.3030303
#
# Components:
#   0: matter  (upstream grid size 1024)
#
#                           grid size 1024
# ╭────────────────────────────────────────────────────────────────╮
#                         component 0    (corrected)      (linear)
#                        σ₈ = 2.94e-01  σ₈ = 2.93e-01  σ₈ = 2.89e-01
#  k [Mpc⁻¹]    modes       P [Mpc³]       P [Mpc³]       P [Mpc³]
2.4543693e-02         3  7.2881393e+03  7.2881393e+03  7.3453821e+03
4.6570361e-02        25  3.9582606e+03  4.0176778e+03  4.0377366e+03
8.3521561e-02       124  1.7407464e+03  1.7017751e+03  1.7253401e+03
1.3383638e-01       418  8.1200178e+02  8.0271476e+02  7.7580601e+02
1.8592088e-01       730  4.3429377e+02  4.4407138e+02  4.2826508e+02
2.3260504e-01      1012  3.0152757e+02  2.9940641e+02  2.6592139e+02
2.7635505e-01      1408  2.2212830e+02  2.2240745e+02  1.8685763e+02
3.1919121e-01      1841  1.6864132e+02  1.6770488e+02  1.3807268e+02
3.6464415e-01      2698  1.3161034e+02  1.3077433e+02  1.0213143e+02
4.1290034e-01      3532  1.0459848e+02  1.0545945e+02  8.0277606e+01
4.6319578e-01      4702  8.4201511e+01  8.2600089e+01  5.9932969e+01
5.1570195e-01      6019  7.1063366e+01  7.1860086e+01  4.8230038e+01
5.7047444e-01      7766  5.9080408e+01  5.9019526e+01  3.8525627e+01
6.2844883e-01     10012  5.1326226e+01  5.0515353e+01  3.0178307e+01
6.8955465e-01     12589  4.3699169e+01  4.3828469e+01  2.4532329e+01
7.5323141e-01     15650  3.7874216e+01  3.8197263e+01  2.0217946e+01
8.2032763e-01     19757  3.2655563e+01  3.2552645e+01  1.6518081e+01
8.9088605e-01     24241  2.9010004e+01  2.8715956e+01  1.3514093e+01
9.6481958e-01     29993  2.5521107e+01  2.5313286e+01  1.1135657e+01
1.0423453e+00     36494  2.2617344e+01  2.2493122e+01  9.2576984e+00
1.1237267e+00     44825  2.0409180e+01  2.0321829e+01  7.7215639e+00
1.2089588e+00     53906  1.8347666e+01  1.8297016e+01  6.4761660e+00
1.2983336e+00     65729  1.6561497e+01  1.6514706e+01  5.4524229e+00
1.3921058e+00     78746  1.5026905e+01  1.4979480e+01  4.6045713e+00
1.4900211e+00     94374  1.3604414e+01  1.3562216e+01  3.9017317e+00
1.5921784e+00    112166  1.2450932e+01  1.2440528e+01  3.3151090e+00
1.6991083e+00    134373  1.1378577e+01  1.1380033e+01  2.8195871e+00
1.8110248e+00    159077  1.0472605e+01  1.0458596e+01  2.4086386e+00
1.9277595e+00    188172  9.6343146e+00  9.6224126e+00  2.0620285e+00
2.0497441e+00    222492  8.9436614e+00  8.9398644e+00  1.7687373e+00
2.1771282e+00    261771  8.2626067e+00  8.2554606e+00  1.5212735e+00
2.3098450e+00    306759  7.6468964e+00  7.6409928e+00  1.3111915e+00
2.4484375e+00    360898  7.0924082e+00  7.0864097e+00  1.1323358e+00
2.5937215e+00    425046  6.5984138e+00  6.5929132e+00  9.7898223e-01
2.7470320e+00    505555  6.1318310e+00  6.1264053e+00  8.4655656e-01
2.9094444e+00    600292  5.7027350e+00  5.6976143e+00  7.3172127e-01
3.0813867e+00    712930  5.2900944e+00  5.2854104e+00  6.3227698e-01
3.2634403e+00    846715  4.9050041e+00  4.9006412e+00  5.4617673e-01
3.4562097e+00   1005596  4.5457113e+00  4.5417134e+00  4.7164625e-01
3.6603648e+00   1194719  4.2052460e+00  4.2015197e+00  4.0714586e-01
3.8766358e+00   1419743  3.8821871e+00  3.8786981e+00  3.5134842e-01
4.1057220e+00   1686576  3.5756970e+00  3.5724874e+00  3.0307626e-01
4.3483372e+00   2003484  3.2898230e+00  3.2868580e+00  2.6135875e-01
4.6052142e+00   2378778  3.0256329e+00  3.0228898e+00  2.2532579e-01
4.8773359e+00   2828400  2.7749379e+00  2.7724066e+00  1.9419392e-01
5.1655179e+00   3356890  2.5435197e+00  2.5411981e+00  1.6731030e-01
5.4707002e+00   3990317  2.3193775e+00  2.3172609e+00  1.4411106e-01
5.7939476e+00   4738457  2.1193771e+00  2.1174067e+00  1.2409406e-01
6.1362572e+00   5629661  1.9319203e+00  1.9301635e+00  1.0682389e-01
6.4988210e+00   6687903  1.7616228e+00  1.7599777e+00  9.1930863e-02
6.8828355e+00   7945758  1.6037564e+00  1.6022699e+00  7.9094230e-02
7.2895050e+00   9436555  1.4566476e+00  1.4552991e+00  6.8031683e-02
7.7201584e+00  11210320  1.3235062e+00  1.3222475e+00  5.8502840e-02
8.1762927e+00  13318613  1.2029166e+00  1.2017771e+00  5.0293773e-02
8.6593661e+00  15819192  1.0918079e+00  1.0907881e+00  4.3228013e-02
9.1709925e+00  18795348  9.8868231e-01  9.8773791e-01  3.7143354e-02
9.7128705e+00  22326034  8.9530665e-01  8.9445251e-01  3.1907578e-02
1.0286736e+01  26520842  8.0978892e-01  8.0899634e-01  2.7405447e-02
1.0894484e+01  31503438  7.3201354e-01  7.3131457e-01  2.3537919e-02
1.1538156e+01  37426927  6.6174863e-01  6.6111456e-01  2.0211309e-02
1.2220385e+01  44525830  5.9858385e-01  5.9800689e-01  1.7348793e-02
