# Power spectrum from CO𝘕CEPT job 4559666 at t = 12.444912 Gyr, a = 0.90909091
#
# Components:
#   0: matter  (upstream grid size 1024)
#
#                           grid size 1024
# ╭────────────────────────────────────────────────────────────────╮
#                         component 0    (corrected)      (linear)
#                        σ₈ = 7.81e-01  σ₈ = 7.79e-01  σ₈ = 7.15e-01
#  k [Mpc⁻¹]    modes       P [Mpc³]       P [Mpc³]       P [Mpc³]
2.4543693e-02         3  4.3924035e+04  4.3924035e+04  4.5174409e+04
4.6570361e-02        25  2.3842710e+04  2.4200611e+04  2.4820624e+04
8.3521561e-02       124  1.1245646e+04  1.0993882e+04  1.0604015e+04
1.3383638e-01       418  5.5931012e+03  5.5291318e+03  4.7678552e+03
1.8592088e-01       730  3.3251488e+03  3.4000106e+03  2.6319288e+03
2.3260504e-01      1012  2.5061188e+03  2.4884890e+03  1.6342233e+03
2.7635505e-01      1408  2.0552691e+03  2.0578520e+03  1.1483312e+03
3.1919121e-01      1841  1.8172271e+03  1.8071364e+03  8.4852182e+02
3.6464415e-01      2698  1.4880592e+03  1.4786067e+03  6.2764475e+02
4.1290034e-01      3532  1.3356663e+03  1.3466604e+03  4.9334227e+02
4.6319578e-01      4702  1.1480007e+03  1.1261670e+03  3.6831489e+02
5.1570195e-01      6019  1.0387760e+03  1.0504221e+03  2.9639491e+02
5.7047444e-01      7766  9.6129501e+02  9.6030440e+02  2.3675687e+02
6.2844883e-01     10012  8.6139937e+02  8.4779063e+02  1.8545883e+02
6.8955465e-01     12589  7.7905740e+02  7.8136254e+02  1.5076176e+02
7.5323141e-01     15650  7.1682577e+02  7.2293991e+02  1.2424796e+02
8.2032763e-01     19757  6.5969157e+02  6.5761247e+02  1.0151066e+02
8.9088605e-01     24241  6.1406723e+02  6.0784299e+02  8.3049836e+01
9.6481958e-01     29993  5.5323044e+02  5.4872542e+02  6.8433310e+01
1.0423453e+00     36494  5.1142322e+02  5.0861432e+02  5.6892440e+01
1.1237267e+00     44825  4.6216769e+02  4.6018961e+02  4.7452229e+01
1.2089588e+00     53906  4.2373735e+02  4.2256759e+02  3.9798721e+01
1.2983336e+00     65729  3.8688247e+02  3.8578941e+02  3.3507379e+01
1.3921058e+00     78746  3.5125469e+02  3.5014612e+02  2.8296967e+01
1.4900211e+00     94374  3.2197470e+02  3.2097601e+02  2.3977717e+01
1.5921784e+00    112166  2.9238568e+02  2.9214137e+02  2.0372671e+01
1.6991083e+00    134373  2.6603548e+02  2.6606951e+02  1.7327478e+01
1.8110248e+00    159077  2.3994379e+02  2.3962283e+02  1.4802026e+01
1.9277595e+00    188172  2.1868958e+02  2.1841941e+02  1.2671960e+01
2.0497441e+00    222492  1.9903152e+02  1.9894702e+02  1.0869562e+01
2.1771282e+00    261771  1.8004620e+02  1.7989048e+02  9.3487939e+00
2.3098450e+00    306759  1.6344602e+02  1.6331984e+02  8.0577519e+00
2.4484375e+00    360898  1.4823738e+02  1.4811200e+02  6.9586097e+00
2.5937215e+00    425046  1.3435594e+02  1.3424394e+02  6.0161884e+00
2.7470320e+00    505555  1.2160617e+02  1.2149857e+02  5.2023781e+00
2.9094444e+00    600292  1.0971651e+02  1.0961799e+02  4.4966683e+00
3.0813867e+00    712930  9.9080237e+01  9.8992507e+01  3.8855427e+00
3.2634403e+00    846715  8.9400924e+01  8.9321404e+01  3.3564219e+00
3.4562097e+00   1005596  8.0422975e+01  8.0352243e+01  2.8984024e+00
3.6603648e+00   1194719  7.2491478e+01  7.2427242e+01  2.5020219e+00
3.8766358e+00   1419743  6.4995105e+01  6.4936693e+01  2.1591248e+00
4.1057220e+00   1686576  5.8524193e+01  5.8471661e+01  1.8624737e+00
4.3483372e+00   2003484  5.2512936e+01  5.2465607e+01  1.6061036e+00
4.6052142e+00   2378778  4.7075440e+01  4.7032759e+01  1.3846676e+00
4.8773359e+00   2828400  4.2100786e+01  4.2062381e+01  1.1933508e+00
5.1655179e+00   3356890  3.7641219e+01  3.7606862e+01  1.0281412e+00
5.4707002e+00   3990317  3.3672460e+01  3.3641730e+01  8.8557375e-01
5.7939476e+00   4738457  3.0096639e+01  3.0068659e+01  7.6256244e-01
6.1362572e+00   5629661  2.6804725e+01  2.6780351e+01  6.5643153e-01
6.4988210e+00   6687903  2.3836488e+01  2.3814229e+01  5.6490915e-01
6.8828355e+00   7945758  2.1184229e+01  2.1164594e+01  4.8602413e-01
7.2895050e+00   9436555  1.8835116e+01  1.8817679e+01  4.1804158e-01
7.7201584e+00  11210320  1.6730108e+01  1.6714197e+01  3.5948427e-01
8.1762927e+00  13318613  1.4839898e+01  1.4825840e+01  3.0903749e-01
8.6593661e+00  15819192  1.3163396e+01  1.3151100e+01  2.6561678e-01
9.1709925e+00  18795348  1.1682503e+01  1.1671344e+01  2.2822534e-01
9.7128705e+00  22326034  1.0346619e+01  1.0336748e+01  1.9605059e-01
1.0286736e+01  26520842  9.1451458e+00  9.1361951e+00  1.6838435e-01
1.0894484e+01  31503438  8.0893279e+00  8.0816037e+00  1.4461797e-01
1.1538156e+01  37426927  7.1487853e+00  7.1419356e+00  1.2417573e-01
1.2220385e+01  44525830  6.3034326e+00  6.2973569e+00  1.0658553e-01
