# Power spectrum from CO𝘕CEPT job 4559666 at t = 6.2819341 Gyr, a = 0.52631579
#
# Components:
#   0: matter  (upstream grid size 1024)
#
#                           grid size 1024
# ╭────────────────────────────────────────────────────────────────╮
#                         component 0    (corrected)      (linear)
#                        σ₈ = 5.01e-01  σ₈ = 5.00e-01  σ₈ = 4.80e-01
#  k [Mpc⁻¹]    modes       P [Mpc³]       P [Mpc³]       P [Mpc³]
2.4543693e-02         3  2.0010547e+04  2.0010547e+04  2.0327250e+04
4.6570361e-02        25  1.0880218e+04  1.1043540e+04  1.1171271e+04
8.3521561e-02       124  4.8656005e+03  4.7566711e+03  4.7731225e+03
1.3383638e-01       418  2.3410976e+03  2.3143220e+03  2.1461964e+03
1.8592088e-01       730  1.3079663e+03  1.3374136e+03  1.1847460e+03
2.3260504e-01      1012  9.5156122e+02  9.4486726e+02  7.3563839e+02
2.7635505e-01      1408  7.3640308e+02  7.3732854e+02  5.1691740e+02
3.1919121e-01      1841  5.9927419e+02  5.9594654e+02  3.8195975e+02
3.6464415e-01      2698  4.7599109e+02  4.7296750e+02  2.8253283e+02
4.1290034e-01      3532  4.1166405e+02  4.1505253e+02  2.2207704e+02
4.6319578e-01      4702  3.4801390e+02  3.4139506e+02  1.6579631e+02
5.1570195e-01      6019  2.9966799e+02  3.0302769e+02  1.3342171e+02
5.7047444e-01      7766  2.5766665e+02  2.5740113e+02  1.0657577e+02
6.2844883e-01     10012  2.3019374e+02  2.2655705e+02  8.3484054e+01
6.8955465e-01     12589  2.0809584e+02  2.0871157e+02  6.7865231e+01
7.5323141e-01     15650  1.8801781e+02  1.8962150e+02  5.5930086e+01
8.2032763e-01     19757  1.6625377e+02  1.6572980e+02  4.5694923e+01
8.9088605e-01     24241  1.5421380e+02  1.5265067e+02  3.7384809e+01
9.6481958e-01     29993  1.3993280e+02  1.3879331e+02  3.0805199e+01
1.0423453e+00     36494  1.2903467e+02  1.2832598e+02  2.5610090e+01
1.1237267e+00     44825  1.1878401e+02  1.1827562e+02  2.1360590e+01
1.2089588e+00     53906  1.1007214e+02  1.0976828e+02  1.7915371e+01
1.2983336e+00     65729  1.0202979e+02  1.0174152e+02  1.5083331e+01
1.3921058e+00     78746  9.3660296e+01  9.3364702e+01  1.2737869e+01
1.4900211e+00     94374  8.6317899e+01  8.6050160e+01  1.0793563e+01
1.5921784e+00    112166  7.9297037e+01  7.9230779e+01  9.1707544e+00
1.6991083e+00    134373  7.3172873e+01  7.3182231e+01  7.7999636e+00
1.8110248e+00    159077  6.7627722e+01  6.7537260e+01  6.6631332e+00
1.9277595e+00    188172  6.2196398e+01  6.2119563e+01  5.7042858e+00
2.0497441e+00    222492  5.7105646e+01  5.7081402e+01  4.8929378e+00
2.1771282e+00    261771  5.2669518e+01  5.2623965e+01  4.2083650e+00
2.3098450e+00    306759  4.8181444e+01  4.8144247e+01  3.6272033e+00
2.4484375e+00    360898  4.4177795e+01  4.4140431e+01  3.1324251e+00
2.5937215e+00    425046  4.0557235e+01  4.0523426e+01  2.7081946e+00
2.7470320e+00    505555  3.7034099e+01  3.7001329e+01  2.3418583e+00
2.9094444e+00    600292  3.3835673e+01  3.3805291e+01  2.0241833e+00
3.0813867e+00    712930  3.0723915e+01  3.0696711e+01  1.7490853e+00
3.2634403e+00    846715  2.7855138e+01  2.7830362e+01  1.5109018e+00
3.4562097e+00   1005596  2.5207802e+01  2.5185631e+01  1.3047243e+00
3.6603648e+00   1194719  2.2776841e+01  2.2756658e+01  1.1262937e+00
3.8766358e+00   1419743  2.0549120e+01  2.0530652e+01  9.7193851e-01
4.1057220e+00   1686576  1.8493928e+01  1.8477328e+01  8.3840095e-01
4.3483372e+00   2003484  1.6633062e+01  1.6618071e+01  7.2299588e-01
4.6052142e+00   2378778  1.4959577e+01  1.4946014e+01  6.2331632e-01
4.8773359e+00   2828400  1.3347748e+01  1.3335573e+01  5.3719495e-01
5.1655179e+00   3356890  1.1930448e+01  1.1919558e+01  4.6282570e-01
5.4707002e+00   3990317  1.0674421e+01  1.0664680e+01  3.9864877e-01
5.7939476e+00   4738457  9.5297947e+00  9.5209349e+00  3.4327505e-01
6.1362572e+00   5629661  8.4927838e+00  8.4850612e+00  2.9550003e-01
6.4988210e+00   6687903  7.5612849e+00  7.5542237e+00  2.5430104e-01
6.8828355e+00   7945758  6.7393872e+00  6.7331406e+00  2.1879075e-01
7.2895050e+00   9436555  5.9915524e+00  5.9860055e+00  1.8818821e-01
7.7201584e+00  11210320  5.3258313e+00  5.3207662e+00  1.6182843e-01
8.1762927e+00  13318613  4.7259950e+00  4.7215180e+00  1.3911961e-01
8.6593661e+00  15819192  4.1921740e+00  4.1882580e+00  1.1957358e-01
9.1709925e+00  18795348  3.7167503e+00  3.7132001e+00  1.0274162e-01
9.7128705e+00  22326034  3.2917993e+00  3.2886589e+00  8.8257962e-02
1.0286736e+01  26520842  2.9173336e+00  2.9144783e+00  7.5803811e-02
1.0894484e+01  31503438  2.5844123e+00  2.5819446e+00  6.5105188e-02
1.1538156e+01  37426927  2.2842452e+00  2.2820565e+00  5.5902929e-02
1.2220385e+01  44525830  2.0207197e+00  2.0187720e+00  4.7984515e-02
