# Power spectrum from CO𝘕CEPT job 4559666 at t = 2.6133026 Gyr, a = 0.28571429
#
# Components:
#   0: matter  (upstream grid size 1024)
#
#                           grid size 1024
# ╭────────────────────────────────────────────────────────────────╮
#                         component 0    (corrected)      (linear)
#                        σ₈ = 2.77e-01  σ₈ = 2.76e-01  σ₈ = 2.73e-01
#  k [Mpc⁻¹]    modes       P [Mpc³]       P [Mpc³]       P [Mpc³]
2.4543693e-02         3  6.5075628e+03  6.5075628e+03  6.5549798e+03
4.6570361e-02        25  3.5337234e+03  3.5867679e+03  3.6033306e+03
8.3521561e-02       124  1.5533798e+03  1.5186033e+03  1.5397281e+03
1.3383638e-01       418  7.2237236e+02  7.1411045e+02  6.9234638e+02
1.8592088e-01       730  3.8546034e+02  3.9413852e+02  3.8219347e+02
2.3260504e-01      1012  2.6633803e+02  2.6446442e+02  2.3731435e+02
2.7635505e-01      1408  1.9554013e+02  1.9578587e+02  1.6675606e+02
3.1919121e-01      1841  1.4759194e+02  1.4677239e+02  1.2321925e+02
3.6464415e-01      2698  1.1492659e+02  1.1419656e+02  9.1144459e+01
4.1290034e-01      3532  9.0896735e+01  9.1644921e+01  7.1641602e+01
4.6319578e-01      4702  7.2765137e+01  7.1381223e+01  5.3485578e+01
5.1570195e-01      6019  6.1321842e+01  6.2009346e+01  4.3041610e+01
5.7047444e-01      7766  5.0758890e+01  5.0706583e+01  3.4381169e+01
6.2844883e-01     10012  4.3889424e+01  4.3196041e+01  2.6931826e+01
6.8955465e-01     12589  3.7097267e+01  3.7207033e+01  2.1893224e+01
7.5323141e-01     15650  3.2019138e+01  3.2292244e+01  1.8042968e+01
8.2032763e-01     19757  2.7552674e+01  2.7465838e+01  1.4741122e+01
8.9088605e-01     24241  2.4324108e+01  2.4077556e+01  1.2060293e+01
9.6481958e-01     29993  2.1338532e+01  2.1164770e+01  9.9377215e+00
1.0423453e+00     36494  1.8796559e+01  1.8693322e+01  8.2617875e+00
1.1237267e+00     44825  1.6873870e+01  1.6801650e+01  6.8909053e+00
1.2089588e+00     53906  1.5103797e+01  1.5062102e+01  5.7794830e+00
1.2983336e+00     65729  1.3578808e+01  1.3540443e+01  4.8658708e+00
1.3921058e+00     78746  1.2266862e+01  1.2228148e+01  4.1092281e+00
1.4900211e+00     94374  1.1069586e+01  1.1035250e+01  3.4819976e+00
1.5921784e+00    112166  1.0094035e+01  1.0085600e+01  2.9584818e+00
1.6991083e+00    134373  9.1897806e+00  9.1909559e+00  2.5162664e+00
1.8110248e+00    159077  8.4331901e+00  8.4219095e+00  2.1495264e+00
1.9277595e+00    188172  7.7400640e+00  7.7305021e+00  1.8402034e+00
2.0497441e+00    222492  7.1635707e+00  7.1605295e+00  1.5784634e+00
2.1771282e+00    261771  6.5942603e+00  6.5885571e+00  1.3576210e+00
2.3098450e+00    306759  6.0925112e+00  6.0878076e+00  1.1701388e+00
2.4484375e+00    360898  5.6486936e+00  5.6439161e+00  1.0105238e+00
2.5937215e+00    425046  5.2502682e+00  5.2458915e+00  8.7366747e-01
2.7470320e+00    505555  4.8729654e+00  4.8686536e+00  7.5548768e-01
2.9094444e+00    600292  4.5225015e+00  4.5184406e+00  6.5300596e-01
3.0813867e+00    712930  4.1848009e+00  4.1810955e+00  5.6425953e-01
3.2634403e+00    846715  3.8843861e+00  3.8809310e+00  4.8742163e-01
3.4562097e+00   1005596  3.5956705e+00  3.5925082e+00  4.2090886e-01
3.6603648e+00   1194719  3.3280158e+00  3.3250669e+00  3.6334718e-01
3.8766358e+00   1419743  3.0805962e+00  3.0778276e+00  3.1355222e-01
4.1057220e+00   1686576  2.8394953e+00  2.8369465e+00  2.7047300e-01
4.3483372e+00   2003484  2.6237662e+00  2.6214015e+00  2.3324329e-01
4.6052142e+00   2378778  2.4193985e+00  2.4172050e+00  2.0108661e-01
4.8773359e+00   2828400  2.2256620e+00  2.2236318e+00  1.7330379e-01
5.1655179e+00   3356890  2.0474086e+00  2.0455399e+00  1.4931220e-01
5.4707002e+00   3990317  1.8734592e+00  1.8717494e+00  1.2860863e-01
5.7939476e+00   4738457  1.7194500e+00  1.7178514e+00  1.1074497e-01
6.1362572e+00   5629661  1.5741153e+00  1.5726839e+00  9.5332652e-02
6.4988210e+00   6687903  1.4406581e+00  1.4393127e+00  8.2041751e-02
6.8828355e+00   7945758  1.3179939e+00  1.3167723e+00  7.0586022e-02
7.2895050e+00   9436555  1.2063409e+00  1.2052241e+00  6.0713529e-02
7.7201584e+00  11210320  1.1020599e+00  1.1010118e+00  5.2209751e-02
8.1762927e+00  13318613  1.0072633e+00  1.0063091e+00  4.4883772e-02
8.6593661e+00  15819192  9.1960282e-01  9.1874379e-01  3.8578107e-02
9.1709925e+00  18795348  8.3816952e-01  8.3736889e-01  3.3148000e-02
9.7128705e+00  22326034  7.6313023e-01  7.6240220e-01  2.8475456e-02
1.0286736e+01  26520842  6.9492598e-01  6.9424582e-01  2.4457634e-02
1.0894484e+01  31503438  6.3284296e-01  6.3223869e-01  2.1006149e-02
1.1538156e+01  37426927  5.7532155e-01  5.7477030e-01  1.8037392e-02
1.2220385e+01  44525830  5.2322012e-01  5.2271581e-01  1.5482802e-02
