# Power spectrum from CO𝘕CEPT job 4559666 at t = 3.1242836 Gyr, a = 0.32258065
#
# Components:
#   0: matter  (upstream grid size 1024)
#
#                           grid size 1024
# ╭────────────────────────────────────────────────────────────────╮
#                         component 0    (corrected)      (linear)
#                        σ₈ = 3.12e-01  σ₈ = 3.12e-01  σ₈ = 3.06e-01
#  k [Mpc⁻¹]    modes       P [Mpc³]       P [Mpc³]       P [Mpc³]
2.4543693e-02         3  8.2142635e+03  8.2142635e+03  8.2841509e+03
4.6570361e-02        25  4.4620395e+03  4.5290189e+03  4.5536696e+03
8.3521561e-02       124  1.9635563e+03  1.9195968e+03  1.9457843e+03
1.3383638e-01       418  9.1902348e+02  9.0851243e+02  8.7492744e+02
1.8592088e-01       730  4.9297905e+02  5.0407789e+02  4.8298229e+02
2.3260504e-01      1012  3.4405368e+02  3.4163336e+02  2.9989670e+02
2.7635505e-01      1408  2.5444602e+02  2.5476579e+02  2.1073136e+02
3.1919121e-01      1841  1.9447324e+02  1.9339337e+02  1.5571342e+02
3.6464415e-01      2698  1.5211887e+02  1.5115258e+02  1.1518016e+02
4.1290034e-01      3532  1.2164168e+02  1.2264293e+02  9.0534196e+01
4.6319578e-01      4702  9.8492685e+01  9.6619461e+01  6.7590244e+01
5.1570195e-01      6019  8.3239484e+01  8.4172715e+01  5.4392097e+01
5.7047444e-01      7766  6.9557703e+01  6.9486024e+01  4.3447811e+01
6.2844883e-01     10012  6.0716971e+01  5.9757739e+01  3.4034004e+01
6.8955465e-01     12589  5.2107246e+01  5.2261425e+01  2.7666673e+01
7.5323141e-01     15650  4.5392995e+01  4.5780173e+01  2.2801068e+01
8.2032763e-01     19757  3.9228520e+01  3.9104886e+01  1.8628493e+01
8.9088605e-01     24241  3.5085016e+01  3.4729391e+01  1.5240704e+01
9.6481958e-01     29993  3.0941296e+01  3.0689337e+01  1.2558390e+01
1.0423453e+00     36494  2.7608695e+01  2.7457059e+01  1.0440496e+01
1.1237267e+00     44825  2.5032066e+01  2.4924929e+01  8.7080992e+00
1.2089588e+00     53906  2.2630776e+01  2.2568303e+01  7.3035845e+00
1.2983336e+00     65729  2.0496479e+01  2.0438570e+01  6.1490440e+00
1.3921058e+00     78746  1.8687557e+01  1.8628578e+01  5.1928676e+00
1.4900211e+00     94374  1.6993700e+01  1.6940989e+01  4.4002305e+00
1.5921784e+00    112166  1.5603498e+01  1.5590460e+01  3.7386587e+00
1.6991083e+00    134373  1.4298991e+01  1.4300819e+01  3.1798270e+00
1.8110248e+00    159077  1.3194030e+01  1.3176381e+01  2.7163742e+00
1.9277595e+00    188172  1.2182793e+01  1.2167743e+01  2.3254799e+00
2.0497441e+00    222492  1.1317071e+01  1.1312267e+01  1.9947167e+00
2.1771282e+00    261771  1.0500806e+01  1.0491724e+01  1.7156361e+00
2.3098450e+00    306759  9.7232224e+00  9.7157159e+00  1.4787131e+00
2.4484375e+00    360898  9.0346112e+00  9.0269701e+00  1.2770063e+00
2.5937215e+00    425046  8.3952251e+00  8.3882267e+00  1.1040596e+00
2.7470320e+00    505555  7.7940187e+00  7.7871221e+00  9.5471480e-01
2.9094444e+00    600292  7.2310221e+00  7.2245291e+00  8.2520774e-01
3.0813867e+00    712930  6.7186466e+00  6.7126976e+00  7.1305810e-01
3.2634403e+00    846715  6.2183240e+00  6.2127929e+00  6.1595738e-01
3.4562097e+00   1005596  5.7526654e+00  5.7476059e+00  5.3190463e-01
3.6603648e+00   1194719  5.3202399e+00  5.3155256e+00  4.5916345e-01
3.8766358e+00   1419743  4.8941062e+00  4.8897078e+00  3.9623715e-01
4.1057220e+00   1686576  4.5056828e+00  4.5016384e+00  3.4179758e-01
4.3483372e+00   2003484  4.1317871e+00  4.1280631e+00  2.9475010e-01
4.6052142e+00   2378778  3.7834033e+00  3.7799731e+00  2.5411346e-01
4.8773359e+00   2828400  3.4589906e+00  3.4558353e+00  2.1900410e-01
5.1655179e+00   3356890  3.1555391e+00  3.1526589e+00  1.8868575e-01
5.4707002e+00   3990317  2.8663454e+00  2.8637296e+00  1.6252251e-01
5.7939476e+00   4738457  2.6047522e+00  2.6023306e+00  1.3994808e-01
6.1362572e+00   5629661  2.3634901e+00  2.3613409e+00  1.2047143e-01
6.4988210e+00   6687903  2.1442881e+00  2.1422856e+00  1.0367564e-01
6.8828355e+00   7945758  1.9433951e+00  1.9415939e+00  8.9198975e-02
7.2895050e+00   9436555  1.7578668e+00  1.7562394e+00  7.6723057e-02
7.7201584e+00  11210320  1.5873908e+00  1.5858811e+00  6.5976795e-02
8.1762927e+00  13318613  1.4332946e+00  1.4319368e+00  5.6718926e-02
8.6593661e+00  15819192  1.2940282e+00  1.2928194e+00  4.8750438e-02
9.1709925e+00  18795348  1.1666103e+00  1.1654959e+00  4.1888401e-02
9.7128705e+00  22326034  1.0504009e+00  1.0493988e+00  3.5983701e-02
1.0286736e+01  26520842  9.4515289e-01  9.4422783e-01  3.0906378e-02
1.0894484e+01  31503438  8.5077063e-01  8.4995826e-01  2.6544739e-02
1.1538156e+01  37426927  7.6577710e-01  7.6504336e-01  2.2793126e-02
1.2220385e+01  44525830  6.8958500e-01  6.8892033e-01  1.9564901e-02
