# Power spectrum from CO𝘕CEPT job 4559666 at t = 4.0358434 Gyr, a = 0.38461538
#
# Components:
#   0: matter  (upstream grid size 1024)
#
#                           grid size 1024
# ╭────────────────────────────────────────────────────────────────╮
#                         component 0    (corrected)      (linear)
#                        σ₈ = 3.72e-01  σ₈ = 3.71e-01  σ₈ = 3.62e-01
#  k [Mpc⁻¹]    modes       P [Mpc³]       P [Mpc³]       P [Mpc³]
2.4543693e-02         3  1.1439180e+04  1.1439180e+04  1.1561214e+04
4.6570361e-02        25  6.2167533e+03  6.3100726e+03  6.3545782e+03
8.3521561e-02       124  2.7442953e+03  2.6828569e+03  2.7152452e+03
1.3383638e-01       418  1.2970959e+03  1.2822608e+03  1.2209082e+03
1.8592088e-01       730  7.0355545e+02  7.1939516e+02  6.7397084e+02
2.3260504e-01      1012  4.9834834e+02  4.9484260e+02  4.1848622e+02
2.7635505e-01      1408  3.7328158e+02  3.7375069e+02  2.9406166e+02
3.1919121e-01      1841  2.9133118e+02  2.8971348e+02  2.1728770e+02
3.6464415e-01      2698  2.2922829e+02  2.2777219e+02  1.6072620e+02
4.1290034e-01      3532  1.8762783e+02  1.8917222e+02  1.2633439e+02
4.6319578e-01      4702  1.5414884e+02  1.5121710e+02  9.4317632e+01
5.1570195e-01      6019  1.3067756e+02  1.3214264e+02  7.5900499e+01
5.7047444e-01      7766  1.1076131e+02  1.1064717e+02  6.0628482e+01
6.2844883e-01     10012  9.8021718e+01  9.6473131e+01  4.7492147e+01
6.8955465e-01     12589  8.5772063e+01  8.6025851e+01  3.8606965e+01
7.5323141e-01     15650  7.5996706e+01  7.6644917e+01  3.1817341e+01
8.2032763e-01     19757  6.6195991e+01  6.5987366e+01  2.5994795e+01
8.9088605e-01     24241  6.0232029e+01  5.9621511e+01  2.1267364e+01
9.6481958e-01     29993  5.3426972e+01  5.2991909e+01  1.7524376e+01
1.0423453e+00     36494  4.8606119e+01  4.8339159e+01  1.4568999e+01
1.1237267e+00     44825  4.4243435e+01  4.4054074e+01  1.2151556e+01
1.2089588e+00     53906  4.0713172e+01  4.0600780e+01  1.0191651e+01
1.2983336e+00     65729  3.7144923e+01  3.7039977e+01  8.5805682e+00
1.3921058e+00     78746  3.4217106e+01  3.4109116e+01  7.2462890e+00
1.4900211e+00     94374  3.1357215e+01  3.1259952e+01  6.1402178e+00
1.5921784e+00    112166  2.9248672e+01  2.9224232e+01  5.2170393e+00
1.6991083e+00    134373  2.6759780e+01  2.6763202e+01  4.4372278e+00
1.8110248e+00    159077  2.4804566e+01  2.4771386e+01  3.7905109e+00
1.9277595e+00    188172  2.2936222e+01  2.2907887e+01  3.2450445e+00
2.0497441e+00    222492  2.1209145e+01  2.1200141e+01  2.7834871e+00
2.1771282e+00    261771  1.9749185e+01  1.9732105e+01  2.3940491e+00
2.3098450e+00    306759  1.8319345e+01  1.8305202e+01  2.0634394e+00
2.4484375e+00    360898  1.6959797e+01  1.6945453e+01  1.7819713e+00
2.5937215e+00    425046  1.5748004e+01  1.5734876e+01  1.5406361e+00
2.7470320e+00    505555  1.4606626e+01  1.4593701e+01  1.3322357e+00
2.9094444e+00    600292  1.3461191e+01  1.3449104e+01  1.1515175e+00
3.0813867e+00    712930  1.2413392e+01  1.2402401e+01  9.9502036e-01
3.2634403e+00    846715  1.1417090e+01  1.1406935e+01  8.5952301e-01
3.4562097e+00   1005596  1.0489848e+01  1.0480622e+01  7.4223322e-01
3.6603648e+00   1194719  9.5989659e+00  9.5904602e+00  6.4072796e-01
3.8766358e+00   1419743  8.7977827e+00  8.7898759e+00  5.5291868e-01
4.1057220e+00   1686576  8.0205939e+00  8.0133945e+00  4.7695206e-01
4.3483372e+00   2003484  7.2794306e+00  7.2728698e+00  4.1130061e-01
4.6052142e+00   2378778  6.6143928e+00  6.6083959e+00  3.5459504e-01
4.8773359e+00   2828400  5.9870265e+00  5.9815651e+00  3.0560241e-01
5.1655179e+00   3356890  5.4007821e+00  5.3958526e+00  2.6329530e-01
5.4707002e+00   3990317  4.8645662e+00  4.8601268e+00  2.2678638e-01
5.7939476e+00   4738457  4.3749171e+00  4.3708497e+00  1.9528539e-01
6.1362572e+00   5629661  3.9328272e+00  3.9292510e+00  1.6810714e-01
6.4988210e+00   6687903  3.5290887e+00  3.5257930e+00  1.4466984e-01
6.8828355e+00   7945758  3.1625586e+00  3.1596273e+00  1.2446872e-01
7.2895050e+00   9436555  2.8305497e+00  2.8279292e+00  1.0705951e-01
7.7201584e+00  11210320  2.5364714e+00  2.5340591e+00  9.2063913e-02
8.1762927e+00  13318613  2.2679134e+00  2.2657650e+00  7.9145265e-02
8.6593661e+00  15819192  2.0246629e+00  2.0227716e+00  6.8025858e-02
9.1709925e+00  18795348  1.8087981e+00  1.8070704e+00  5.8450426e-02
9.7128705e+00  22326034  1.6126186e+00  1.6110802e+00  5.0210891e-02
1.0286736e+01  26520842  1.4374990e+00  1.4360921e+00  4.3125902e-02
1.0894484e+01  31503438  1.2816176e+00  1.2803939e+00  3.7039598e-02
1.1538156e+01  37426927  1.1422611e+00  1.1411667e+00  3.1804542e-02
1.2220385e+01  44525830  1.0183501e+00  1.0173685e+00  2.7299839e-02
