# Power spectrum from CO𝘕CEPT job 4559666 at t = 9.3730558 Gyr, a = 0.71428571
#
# Components:
#   0: matter  (upstream grid size 1024)
#
#                           grid size 1024
# ╭────────────────────────────────────────────────────────────────╮
#                         component 0    (corrected)      (linear)
#                        σ₈ = 6.54e-01  σ₈ = 6.53e-01  σ₈ = 6.11e-01
#  k [Mpc⁻¹]    modes       P [Mpc³]       P [Mpc³]       P [Mpc³]
2.4543693e-02         3  3.2264610e+04  3.2264610e+04  3.2989923e+04
4.6570361e-02        25  1.7534962e+04  1.7798178e+04  1.8127809e+04
8.3521561e-02       124  8.0434940e+03  7.8634190e+03  7.7449994e+03
1.3383638e-01       418  3.9387876e+03  3.8937390e+03  3.4824138e+03
1.8592088e-01       730  2.2783030e+03  2.3295963e+03  1.9223549e+03
2.3260504e-01      1012  1.6963995e+03  1.6844659e+03  1.1936353e+03
2.7635505e-01      1408  1.3659215e+03  1.3676381e+03  8.3874105e+02
3.1919121e-01      1841  1.1644390e+03  1.1579731e+03  6.1976066e+02
3.6464415e-01      2698  9.3606333e+02  9.3011727e+02  4.5843218e+02
4.1290034e-01      3532  8.3156481e+02  8.3840955e+02  3.6033766e+02
4.6319578e-01      4702  7.2489314e+02  7.1110646e+02  2.6901761e+02
5.1570195e-01      6019  6.5209187e+02  6.5940273e+02  2.1648722e+02
5.7047444e-01      7766  5.8591014e+02  5.8530637e+02  1.7292754e+02
6.2844883e-01     10012  5.2131334e+02  5.1307742e+02  1.3545940e+02
6.8955465e-01     12589  4.7404924e+02  4.7545190e+02  1.1011662e+02
7.5323141e-01     15650  4.3830011e+02  4.4203857e+02  9.0750910e+01
8.2032763e-01     19757  4.0272807e+02  4.0145883e+02  7.4143555e+01
8.9088605e-01     24241  3.6673842e+02  3.6302112e+02  6.0659744e+01
9.6481958e-01     29993  3.3435470e+02  3.3163200e+02  4.9983811e+01
1.0423453e+00     36494  3.0839846e+02  3.0670464e+02  4.1554342e+01
1.1237267e+00     44825  2.7943804e+02  2.7824205e+02  3.4659197e+01
1.2089588e+00     53906  2.5872250e+02  2.5800827e+02  2.9069063e+01
1.2983336e+00     65729  2.3884347e+02  2.3816866e+02  2.4473856e+01
1.3921058e+00     78746  2.1810366e+02  2.1741532e+02  2.0668163e+01
1.4900211e+00     94374  1.9856948e+02  1.9795356e+02  1.7513375e+01
1.5921784e+00    112166  1.8103032e+02  1.8087906e+02  1.4880243e+01
1.6991083e+00    134373  1.6490815e+02  1.6492924e+02  1.2656029e+01
1.8110248e+00    159077  1.5110428e+02  1.5090215e+02  1.0811434e+01
1.9277595e+00    188172  1.3751890e+02  1.3734901e+02  9.2556302e+00
2.0497441e+00    222492  1.2519971e+02  1.2514656e+02  7.9391556e+00
2.1771282e+00    261771  1.1311981e+02  1.1302198e+02  6.8283835e+00
2.3098450e+00    306759  1.0305674e+02  1.0297718e+02  5.8854040e+00
2.4484375e+00    360898  9.3265035e+01  9.3186155e+01  5.0825884e+00
2.5937215e+00    425046  8.4221373e+01  8.4151164e+01  4.3942420e+00
2.7470320e+00    505555  7.6273142e+01  7.6205651e+01  3.7998334e+00
2.9094444e+00    600292  6.8907367e+01  6.8845493e+01  3.2843815e+00
3.0813867e+00    712930  6.1993581e+01  6.1938690e+01  2.8380141e+00
3.2634403e+00    846715  5.5997826e+01  5.5948017e+01  2.4515431e+00
3.4562097e+00   1005596  5.0445405e+01  5.0401038e+01  2.1170046e+00
3.6603648e+00   1194719  4.5370923e+01  4.5330720e+01  1.8274875e+00
3.8766358e+00   1419743  4.0658886e+01  4.0622345e+01  1.5770346e+00
4.1057220e+00   1686576  3.6399641e+01  3.6366968e+01  1.3603599e+00
4.3483372e+00   2003484  3.2469973e+01  3.2440708e+01  1.1731066e+00
4.6052142e+00   2378778  2.9080801e+01  2.9054435e+01  1.0113691e+00
4.8773359e+00   2828400  2.6106088e+01  2.6082274e+01  8.7163086e-01
5.1655179e+00   3356890  2.3296769e+01  2.3275505e+01  7.5096131e-01
5.4707002e+00   3990317  2.0829922e+01  2.0810913e+01  6.4682959e-01
5.7939476e+00   4738457  1.8582396e+01  1.8565120e+01  5.5698175e-01
6.1362572e+00   5629661  1.6581289e+01  1.6566211e+01  4.7946337e-01
6.4988210e+00   6687903  1.4756290e+01  1.4742510e+01  4.1261511e-01
6.8828355e+00   7945758  1.3114405e+01  1.3102250e+01  3.5499719e-01
7.2895050e+00   9436555  1.1650188e+01  1.1639403e+01  3.0534247e-01
7.7201584e+00  11210320  1.0342736e+01  1.0332900e+01  2.6257196e-01
8.1762927e+00  13318613  9.1702653e+00  9.1615782e+00  2.2572540e-01
8.6593661e+00  15819192  8.1244368e+00  8.1168475e+00  1.9401070e-01
9.1709925e+00  18795348  7.1930369e+00  7.1861660e+00  1.6669979e-01
9.7128705e+00  22326034  6.3699821e+00  6.3639050e+00  1.4319916e-01
1.0286736e+01  26520842  5.6283678e+00  5.6228591e+00  1.2299156e-01
1.0894484e+01  31503438  4.9674685e+00  4.9627252e+00  1.0563244e-01
1.1538156e+01  37426927  4.3792395e+00  4.3750434e+00  9.0701272e-02
1.2220385e+01  44525830  3.8596378e+00  3.8559176e+00  7.7853243e-02
