# Power spectrum from CO𝘕CEPT job 4559666 at t = 2.5067588 Gyr, a = 0.27777778
#
# Components:
#   0: matter  (upstream grid size 1024)
#
#                           grid size 1024
# ╭────────────────────────────────────────────────────────────────╮
#                         component 0    (corrected)      (linear)
#                        σ₈ = 2.69e-01  σ₈ = 2.69e-01  σ₈ = 2.65e-01
#  k [Mpc⁻¹]    modes       P [Mpc³]       P [Mpc³]       P [Mpc³]
2.4543693e-02         3  6.1627309e+03  6.1627309e+03  6.2060458e+03
4.6570361e-02        25  3.3462013e+03  3.3964309e+03  3.4115521e+03
8.3521561e-02       124  1.4707241e+03  1.4377980e+03  1.4577847e+03
1.3383638e-01       418  6.8294962e+02  6.7513860e+02  6.5550083e+02
1.8592088e-01       730  3.6407185e+02  3.7226850e+02  3.6185387e+02
2.3260504e-01      1012  2.5098796e+02  2.4922233e+02  2.2468497e+02
2.7635505e-01      1408  1.8398768e+02  1.8421891e+02  1.5788165e+02
3.1919121e-01      1841  1.3850826e+02  1.3773915e+02  1.1666179e+02
3.6464415e-01      2698  1.0773664e+02  1.0705227e+02  8.6293950e+01
4.1290034e-01      3532  8.5036012e+01  8.5735957e+01  6.7828994e+01
4.6319578e-01      4702  6.7893910e+01  6.6602642e+01  5.0639194e+01
5.1570195e-01      6019  5.7173319e+01  5.7814312e+01  4.0751032e+01
5.7047444e-01      7766  4.7233729e+01  4.7185055e+01  3.2551480e+01
6.2844883e-01     10012  4.0745081e+01  4.0101373e+01  2.5498575e+01
6.8955465e-01     12589  3.4325585e+01  3.4427150e+01  2.0728116e+01
7.5323141e-01     15650  2.9574764e+01  2.9827020e+01  1.7082762e+01
8.2032763e-01     19757  2.5424515e+01  2.5344387e+01  1.3956634e+01
8.9088605e-01     24241  2.2379377e+01  2.2152537e+01  1.1418472e+01
9.6481958e-01     29993  1.9602171e+01  1.9442548e+01  9.4088589e+00
1.0423453e+00     36494  1.7219577e+01  1.7125002e+01  7.8221144e+00
1.1237267e+00     44825  1.5417468e+01  1.5351481e+01  6.5241874e+00
1.2089588e+00     53906  1.3774763e+01  1.3736737e+01  5.4719126e+00
1.2983336e+00     65729  1.2356286e+01  1.2321376e+01  4.6069207e+00
1.3921058e+00     78746  1.1139635e+01  1.1104479e+01  3.8905448e+00
1.4900211e+00     94374  1.0038768e+01  1.0007630e+01  3.2966941e+00
1.5921784e+00    112166  9.1336970e+00  9.1260652e+00  2.8010386e+00
1.6991083e+00    134373  8.2992268e+00  8.3002882e+00  2.3823569e+00
1.8110248e+00    159077  7.6043108e+00  7.5941389e+00  2.0351339e+00
1.9277595e+00    188172  6.9729578e+00  6.9643436e+00  1.7422724e+00
2.0497441e+00    222492  6.4381576e+00  6.4354243e+00  1.4944616e+00
2.1771282e+00    261771  5.9193461e+00  5.9142266e+00  1.2853719e+00
2.3098450e+00    306759  5.4617028e+00  5.4574862e+00  1.1078671e+00
2.4484375e+00    360898  5.0628519e+00  5.0585699e+00  9.5674644e-01
2.5937215e+00    425046  4.7014996e+00  4.6975803e+00  8.2717325e-01
2.7470320e+00    505555  4.3594720e+00  4.3556145e+00  7.1528271e-01
2.9094444e+00    600292  4.0385388e+00  4.0349125e+00  6.1825483e-01
3.0813867e+00    712930  3.7349320e+00  3.7316250e+00  5.3423127e-01
3.2634403e+00    846715  3.4664623e+00  3.4633789e+00  4.6148249e-01
3.4562097e+00   1005596  3.2101158e+00  3.2072925e+00  3.9850938e-01
3.6603648e+00   1194719  2.9739023e+00  2.9712671e+00  3.4401099e-01
3.8766358e+00   1419743  2.7558272e+00  2.7533505e+00  2.9686599e-01
4.1057220e+00   1686576  2.5419354e+00  2.5396537e+00  2.5607934e-01
4.3483372e+00   2003484  2.3521450e+00  2.3500251e+00  2.2083090e-01
4.6052142e+00   2378778  2.1712498e+00  2.1692813e+00  1.9038552e-01
4.8773359e+00   2828400  1.9999200e+00  1.9980957e+00  1.6408123e-01
5.1655179e+00   3356890  1.8410337e+00  1.8393533e+00  1.4136640e-01
5.4707002e+00   3990317  1.6883062e+00  1.6867655e+00  1.2176463e-01
5.7939476e+00   4738457  1.5518379e+00  1.5503952e+00  1.0485162e-01
6.1362572e+00   5629661  1.4229228e+00  1.4216290e+00  9.0259501e-02
6.4988210e+00   6687903  1.3051147e+00  1.3038959e+00  7.7675903e-02
6.8828355e+00   7945758  1.1982391e+00  1.1971285e+00  6.6829815e-02
7.2895050e+00   9436555  1.0996998e+00  1.0986817e+00  5.7482706e-02
7.7201584e+00  11210320  1.0072969e+00  1.0063389e+00  4.9431472e-02
8.1762927e+00  13318613  9.2412747e-01  9.2325203e-01  4.2495357e-02
8.6593661e+00  15819192  8.4624932e-01  8.4545881e-01  3.6525258e-02
9.1709925e+00  18795348  7.7467247e-01  7.7393249e-01  3.1384122e-02
9.7128705e+00  22326034  7.0786829e-01  7.0719297e-01  2.6960234e-02
1.0286736e+01  26520842  6.4693017e-01  6.4629699e-01  2.3156225e-02
1.0894484e+01  31503438  5.9060553e-01  5.9004158e-01  1.9888414e-02
1.1538156e+01  37426927  5.3836869e-01  5.3785284e-01  1.7077641e-02
1.2220385e+01  44525830  4.9090751e-01  4.9043434e-01  1.4658995e-02
