# Power spectrum from CO𝘕CEPT job 4559666 at t = 4.8106637 Gyr, a = 0.43478261
#
# Components:
#   0: matter  (upstream grid size 1024)
#
#                           grid size 1024
# ╭────────────────────────────────────────────────────────────────╮
#                         component 0    (corrected)      (linear)
#                        σ₈ = 4.19e-01  σ₈ = 4.18e-01  σ₈ = 4.05e-01
#  k [Mpc⁻¹]    modes       P [Mpc³]       P [Mpc³]       P [Mpc³]
2.4543693e-02         3  1.4318388e+04  1.4318388e+04  1.4497012e+04
4.6570361e-02        25  7.7835514e+03  7.9003898e+03  7.9678160e+03
8.3521561e-02       124  3.4487457e+03  3.3715364e+03  3.4044997e+03
1.3383638e-01       418  1.6414464e+03  1.6226728e+03  1.5308219e+03
1.8592088e-01       730  8.9952015e+02  9.1977178e+02  8.4504902e+02
2.3260504e-01      1012  6.4384622e+02  6.3931695e+02  5.2471275e+02
2.7635505e-01      1408  4.8759216e+02  4.8820493e+02  3.6870472e+02
3.1919121e-01      1841  3.8661404e+02  3.8446725e+02  2.7244279e+02
3.6464415e-01      2698  3.0532130e+02  3.0338184e+02  2.0152400e+02
4.1290034e-01      3532  2.5524301e+02  2.5734396e+02  1.5840235e+02
4.6319578e-01      4702  2.1161408e+02  2.0758941e+02  1.1825864e+02
5.1570195e-01      6019  1.7992188e+02  1.8193906e+02  9.5166609e+01
5.7047444e-01      7766  1.5349280e+02  1.5333463e+02  7.6018033e+01
6.2844883e-01     10012  1.3721610e+02  1.3504830e+02  5.9547251e+01
6.8955465e-01     12589  1.2129807e+02  1.2165697e+02  4.8406708e+01
7.5323141e-01     15650  1.0870342e+02  1.0963060e+02  3.9893647e+01
8.2032763e-01     19757  9.5368312e+01  9.5067747e+01  3.2593143e+01
8.9088605e-01     24241  8.7529125e+01  8.6641921e+01  2.6665730e+01
9.6481958e-01     29993  7.8124398e+01  7.7488221e+01  2.1972646e+01
1.0423453e+00     36494  7.1776289e+01  7.1382072e+01  1.8267095e+01
1.1237267e+00     44825  6.5285942e+01  6.5006519e+01  1.5236024e+01
1.2089588e+00     53906  6.0574933e+01  6.0407712e+01  1.2778629e+01
1.2983336e+00     65729  5.5623986e+01  5.5466830e+01  1.0758600e+01
1.3921058e+00     78746  5.1335079e+01  5.1173064e+01  9.0856356e+00
1.4900211e+00     94374  4.7345670e+01  4.7198814e+01  7.6988066e+00
1.5921784e+00    112166  4.3937804e+01  4.3901091e+01  6.5412946e+00
1.6991083e+00    134373  4.0698057e+01  4.0703262e+01  5.5635408e+00
1.8110248e+00    159077  3.7647196e+01  3.7596838e+01  4.7526656e+00
1.9277595e+00    188172  3.4986577e+01  3.4943355e+01  4.0687417e+00
2.0497441e+00    222492  3.2378696e+01  3.2364950e+01  3.4900256e+00
2.1771282e+00    261771  2.9904497e+01  2.9878633e+01  3.0017353e+00
2.3098450e+00    306759  2.7735819e+01  2.7714407e+01  2.5872059e+00
2.4484375e+00    360898  2.5564211e+01  2.5542589e+01  2.2342918e+00
2.5937215e+00    425046  2.3600701e+01  2.3581027e+01  1.9316978e+00
2.7470320e+00    505555  2.1732369e+01  2.1713139e+01  1.6703984e+00
2.9094444e+00    600292  1.9976939e+01  1.9959001e+01  1.4438080e+00
3.0813867e+00    712930  1.8333420e+01  1.8317187e+01  1.2475868e+00
3.2634403e+00    846715  1.6742587e+01  1.6727694e+01  1.0776958e+00
3.4562097e+00   1005596  1.5293382e+01  1.5279931e+01  9.3063398e-01
3.6603648e+00   1194719  1.3932044e+01  1.3919698e+01  8.0336337e-01
3.8766358e+00   1419743  1.2594178e+01  1.2582860e+01  6.9326525e-01
4.1057220e+00   1686576  1.1398126e+01  1.1387895e+01  5.9801584e-01
4.3483372e+00   2003484  1.0308167e+01  1.0298876e+01  5.1569994e-01
4.6052142e+00   2378778  9.2870812e+00  9.2786611e+00  4.4460068e-01
4.8773359e+00   2828400  8.3622725e+00  8.3546443e+00  3.8317216e-01
5.1655179e+00   3356890  7.5089269e+00  7.5020732e+00  3.3012617e-01
5.4707002e+00   3990317  6.7394648e+00  6.7333144e+00  2.8435013e-01
5.7939476e+00   4738457  6.0308912e+00  6.0252843e+00  2.4485322e-01
6.1362572e+00   5629661  5.3989898e+00  5.3940804e+00  2.1077629e-01
6.4988210e+00   6687903  4.8276230e+00  4.8231147e+00  1.8138989e-01
6.8828355e+00   7945758  4.3078501e+00  4.3038573e+00  1.5606112e-01
7.2895050e+00   9436555  3.8359093e+00  3.8323581e+00  1.3423294e-01
7.7201584e+00  11210320  3.4187449e+00  3.4154936e+00  1.1543102e-01
8.1762927e+00  13318613  3.0430632e+00  3.0401804e+00  9.9233250e-02
8.6593661e+00  15819192  2.7077477e+00  2.7052183e+00  8.5291427e-02
9.1709925e+00  18795348  2.4113239e+00  2.4090206e+00  7.3285491e-02
9.7128705e+00  22326034  2.1411564e+00  2.1391137e+00  6.2954545e-02
1.0286736e+01  26520842  1.9041077e+00  1.9022441e+00  5.4071205e-02
1.0894484e+01  31503438  1.6919625e+00  1.6903469e+00  4.6440047e-02
1.1538156e+01  37426927  1.5020891e+00  1.5006498e+00  3.9876213e-02
1.2220385e+01  44525830  1.3337020e+00  1.3324165e+00  3.4228117e-02
