# Power spectrum from CO𝘕CEPT job 4559666 at t = 3.8214654 Gyr, a = 0.37037037
#
# Components:
#   0: matter  (upstream grid size 1024)
#
#                           grid size 1024
# ╭────────────────────────────────────────────────────────────────╮
#                         component 0    (corrected)      (linear)
#                        σ₈ = 3.58e-01  σ₈ = 3.57e-01  σ₈ = 3.49e-01
#  k [Mpc⁻¹]    modes       P [Mpc³]       P [Mpc³]       P [Mpc³]
2.4543693e-02         3  1.0662929e+04  1.0662929e+04  1.0771297e+04
4.6570361e-02        25  5.7943436e+03  5.8813221e+03  5.9204949e+03
8.3521561e-02       124  2.5556190e+03  2.4984047e+03  2.5297801e+03
1.3383638e-01       418  1.2053464e+03  1.1915606e+03  1.1375160e+03
1.8592088e-01       730  6.5199505e+02  6.6667395e+02  6.2793666e+02
2.3260504e-01      1012  4.6035333e+02  4.5711488e+02  3.8990247e+02
2.7635505e-01      1408  3.4379120e+02  3.4422325e+02  2.7397648e+02
3.1919121e-01      1841  2.6705849e+02  2.6557557e+02  2.0244640e+02
3.6464415e-01      2698  2.0987949e+02  2.0854630e+02  1.4974820e+02
4.1290034e-01      3532  1.7080043e+02  1.7220632e+02  1.1770544e+02
4.6319578e-01      4702  1.3992178e+02  1.3726062e+02  8.7875508e+01
5.1570195e-01      6019  1.1854147e+02  1.1987048e+02  7.0716312e+01
5.7047444e-01      7766  1.0020207e+02  1.0009881e+02  5.6487411e+01
6.2844883e-01     10012  8.8398566e+01  8.7002009e+01  4.4248321e+01
6.8955465e-01     12589  7.7077860e+01  7.7305924e+01  3.5970018e+01
7.5323141e-01     15650  6.8034294e+01  6.8614591e+01  2.9644142e+01
8.2032763e-01     19757  5.9150159e+01  5.8963740e+01  2.4219290e+01
8.9088605e-01     24241  5.3646947e+01  5.3103176e+01  1.9814754e+01
9.6481958e-01     29993  4.7520765e+01  4.7133798e+01  1.6327421e+01
1.0423453e+00     36494  4.3059803e+01  4.2823306e+01  1.3573903e+01
1.1237267e+00     44825  3.9206870e+01  3.9039065e+01  1.1321577e+01
1.2089588e+00     53906  3.5951287e+01  3.5852041e+01  9.4955383e+00
1.2983336e+00     65729  3.2752106e+01  3.2659571e+01  7.9944962e+00
1.3921058e+00     78746  3.0126024e+01  3.0030946e+01  6.7513514e+00
1.4900211e+00     94374  2.7588522e+01  2.7502948e+01  5.7208275e+00
1.5921784e+00    112166  2.5663113e+01  2.5641670e+01  4.8607042e+00
1.6991083e+00    134373  2.3455724e+01  2.3458724e+01  4.1341556e+00
1.8110248e+00    159077  2.1741693e+01  2.1712611e+01  3.5316110e+00
1.9277595e+00    188172  2.0101341e+01  2.0076508e+01  3.0234012e+00
2.0497441e+00    222492  1.8625139e+01  1.8617232e+01  2.5933692e+00
2.1771282e+00    261771  1.7372294e+01  1.7357269e+01  2.2305308e+00
2.3098450e+00    306759  1.6105263e+01  1.6092829e+01  1.9225025e+00
2.4484375e+00    360898  1.4953692e+01  1.4941045e+01  1.6602593e+00
2.5937215e+00    425046  1.3897640e+01  1.3886054e+01  1.4354079e+00
2.7470320e+00    505555  1.2904088e+01  1.2892670e+01  1.2412416e+00
2.9094444e+00    600292  1.1897573e+01  1.1886889e+01  1.0728669e+00
3.0813867e+00    712930  1.0997267e+01  1.0987529e+01  9.2705886e-01
3.2634403e+00    846715  1.0148236e+01  1.0139210e+01  8.0081628e-01
3.4562097e+00   1005596  9.3467343e+00  9.3385138e+00  6.9153764e-01
3.6603648e+00   1194719  8.5675143e+00  8.5599225e+00  5.9696540e-01
3.8766358e+00   1419743  7.8581097e+00  7.8510474e+00  5.1515368e-01
4.1057220e+00   1686576  7.1684710e+00  7.1620365e+00  4.4437574e-01
4.3483372e+00   2003484  6.5082128e+00  6.5023470e+00  3.8320842e-01
4.6052142e+00   2378778  5.9173309e+00  5.9119660e+00  3.3037595e-01
4.8773359e+00   2828400  5.3540105e+00  5.3491265e+00  2.8472962e-01
5.1655179e+00   3356890  4.8357870e+00  4.8313732e+00  2.4531216e-01
5.4707002e+00   3990317  4.3599898e+00  4.3560109e+00  2.1129686e-01
5.7939476e+00   4738457  3.9281189e+00  3.9244669e+00  1.8194746e-01
6.1362572e+00   5629661  3.5384939e+00  3.5352763e+00  1.5662552e-01
6.4988210e+00   6687903  3.1816772e+00  3.1787059e+00  1.3478903e-01
6.8828355e+00   7945758  2.8585572e+00  2.8559077e+00  1.1596768e-01
7.2895050e+00   9436555  2.5681994e+00  2.5658219e+00  9.9747540e-02
7.7201584e+00  11210320  2.3042786e+00  2.3020872e+00  8.5776161e-02
8.1762927e+00  13318613  2.0621645e+00  2.0602110e+00  7.3739873e-02
8.6593661e+00  15819192  1.8468135e+00  1.8450883e+00  6.3379932e-02
9.1709925e+00  18795348  1.6504083e+00  1.6488318e+00  5.4458510e-02
9.7128705e+00  22326034  1.4743346e+00  1.4729280e+00  4.6781741e-02
1.0286736e+01  26520842  1.3166370e+00  1.3153484e+00  4.0180660e-02
1.0894484e+01  31503438  1.1765865e+00  1.1754630e+00  3.4510051e-02
1.1538156e+01  37426927  1.0499862e+00  1.0489802e+00  2.9632550e-02
1.2220385e+01  44525830  9.3782970e-01  9.3692575e-01  2.5435515e-02
