# Power spectrum from CO𝘕CEPT job 4547569 at t = 2.5069893 Gyr, a = 0.27777778
#
# Components:
#   0: matter  (upstream grid size 1024)
#
#                           grid size 1024
# ╭────────────────────────────────────────────────────────────────╮
#                         component 0    (corrected)      (linear)
#                        σ₈ = 2.74e-01  σ₈ = 2.74e-01  σ₈ = 2.70e-01
#  k [Mpc⁻¹]    modes       P [Mpc³]       P [Mpc³]       P [Mpc³]
2.4543693e-02         3  6.3480642e+03  6.3480642e+03  6.3940172e+03
4.6570361e-02        25  3.4440130e+03  3.5120306e+03  3.5234718e+03
8.3521561e-02       124  1.5170770e+03  1.4954088e+03  1.5183341e+03
1.3383638e-01       418  7.0699608e+02  7.0668263e+02  6.8061762e+02
1.8592088e-01       730  3.8135995e+02  3.8860095e+02  3.8153134e+02
2.3260504e-01      1012  2.5973014e+02  2.5638813e+02  2.2817244e+02
2.7635505e-01      1408  1.9431611e+02  1.9569524e+02  1.6947328e+02
3.1919121e-01      1841  1.4406854e+02  1.4229256e+02  1.1805579e+02
3.6464415e-01      2698  1.1383404e+02  1.1446446e+02  9.3285524e+01
4.1290034e-01      3532  8.9106558e+01  8.8605070e+01  6.8999896e+01
4.6319578e-01      4702  7.1744695e+01  7.1178264e+01  5.3569825e+01
5.1570195e-01      6019  6.0401646e+01  6.0988029e+01  4.3327155e+01
5.7047444e-01      7766  4.9947527e+01  4.9241668e+01  3.3040068e+01
6.2844883e-01     10012  4.3220648e+01  4.3212538e+01  2.7192719e+01
6.8955465e-01     12589  3.6488800e+01  3.6792867e+01  2.2166101e+01
7.5323141e-01     15650  3.1469716e+01  3.1285647e+01  1.7669747e+01
8.2032763e-01     19757  2.7103780e+01  2.6823839e+01  1.4397679e+01
8.9088605e-01     24241  2.3909499e+01  2.3858348e+01  1.1989950e+01
9.6481958e-01     29993  2.0974231e+01  2.1062453e+01  9.9887838e+00
1.0423453e+00     36494  1.8467354e+01  1.8547313e+01  8.2998836e+00
1.1237267e+00     44825  1.6566148e+01  1.6637042e+01  6.9256384e+00
1.2089588e+00     53906  1.4826865e+01  1.4854795e+01  5.7896357e+00
1.2983336e+00     65729  1.3328491e+01  1.3339816e+01  4.8637696e+00
1.3921058e+00     78746  1.2035684e+01  1.2047704e+01  4.1048507e+00
1.4900211e+00     94374  1.0862077e+01  1.0870015e+01  3.4740027e+00
1.5921784e+00    112166  9.8993689e+00  9.8956890e+00  2.9491792e+00
1.6991083e+00    134373  9.0083601e+00  8.9873487e+00  2.5079895e+00
1.8110248e+00    159077  8.2663208e+00  8.2588374e+00  2.1440011e+00
1.9277595e+00    188172  7.5869200e+00  7.5799296e+00  1.8358713e+00
2.0497441e+00    222492  7.0187132e+00  7.0104917e+00  1.5752775e+00
2.1771282e+00    261771  6.4594322e+00  6.4546622e+00  1.3553476e+00
2.3098450e+00    306759  5.9676225e+00  5.9632744e+00  1.1684509e+00
2.4484375e+00    360898  5.5336551e+00  5.5293758e+00  1.0091640e+00
2.5937215e+00    425046  5.1446126e+00  5.1402795e+00  8.7258828e-01
2.7470320e+00    505555  4.7746240e+00  4.7705228e+00  7.5464323e-01
2.9094444e+00    600292  4.4297193e+00  4.4258569e+00  6.5240193e-01
3.0813867e+00    712930  4.0984534e+00  4.0949607e+00  5.6385687e-01
3.2634403e+00    846715  3.8043727e+00  3.8010586e+00  4.8713827e-01
3.4562097e+00   1005596  3.5221158e+00  3.5190194e+00  4.2073896e-01
3.6603648e+00   1194719  3.2608930e+00  3.2579803e+00  3.6325555e-01
3.8766358e+00   1419743  3.0207773e+00  3.0181109e+00  3.1352572e-01
4.1057220e+00   1686576  2.7851245e+00  2.7826126e+00  2.7048669e-01
4.3483372e+00   2003484  2.5747504e+00  2.5724406e+00  2.3329917e-01
4.6052142e+00   2378778  2.3751276e+00  2.3729877e+00  2.0116786e-01
4.8773359e+00   2828400  2.1858685e+00  2.1838828e+00  1.7339775e-01
5.1655179e+00   3356890  2.0112508e+00  2.0094201e+00  1.4941795e-01
5.4707002e+00   3990317  1.8421147e+00  1.8404324e+00  1.2871593e-01
5.7939476e+00   4738457  1.6916491e+00  1.6900815e+00  1.1084499e-01
6.1362572e+00   5629661  1.5495453e+00  1.5481319e+00  9.5438540e-02
6.4988210e+00   6687903  1.4191438e+00  1.4178233e+00  8.2142725e-02
6.8828355e+00   7945758  1.2994850e+00  1.2982756e+00  7.0681205e-02
7.2895050e+00   9436555  1.1905180e+00  1.1893920e+00  6.0802772e-02
7.7201584e+00  11210320  1.0878380e+00  1.0868140e+00  5.2292912e-02
8.1762927e+00  13318613  9.9501451e-01  9.9405360e-01  4.4960802e-02
8.6593661e+00  15819192  9.0921977e-01  9.0835872e-01  3.8648536e-02
9.1709925e+00  18795348  8.2934605e-01  8.2856002e-01  3.3213357e-02
9.7128705e+00  22326034  7.5574797e-01  7.5503312e-01  2.8536925e-02
1.0286736e+01  26520842  6.8851516e-01  6.8784398e-01  2.4511532e-02
1.0894484e+01  31503438  6.2733110e-01  6.2673254e-01  2.1053599e-02
1.1538156e+01  37426927  5.7046953e-01  5.6992333e-01  1.8079111e-02
1.2220385e+01  44525830  5.1911067e-01  5.1861068e-01  1.5519440e-02
