# Power spectrum from CO𝘕CEPT job 4547569 at t = 2.7277351 Gyr, a = 0.29411765
#
# Components:
#   0: matter  (upstream grid size 1024)
#
#                           grid size 1024
# ╭────────────────────────────────────────────────────────────────╮
#                         component 0    (corrected)      (linear)
#                        σ₈ = 2.90e-01  σ₈ = 2.90e-01  σ₈ = 2.86e-01
#  k [Mpc⁻¹]    modes       P [Mpc³]       P [Mpc³]       P [Mpc³]
2.4543693e-02         3  7.0884915e+03  7.0884915e+03  7.1436730e+03
4.6570361e-02        25  3.8463312e+03  3.9222944e+03  3.9364961e+03
8.3521561e-02       124  1.6948777e+03  1.6706701e+03  1.6963026e+03
1.3383638e-01       418  7.9226398e+02  7.9191273e+02  7.6039327e+02
1.8592088e-01       730  4.2813147e+02  4.3626054e+02  4.2625060e+02
2.3260504e-01      1012  2.9314782e+02  2.8937582e+02  2.5491645e+02
2.7635505e-01      1408  2.1979155e+02  2.2135149e+02  1.8933715e+02
3.1919121e-01      1841  1.6409840e+02  1.6207550e+02  1.3189304e+02
3.6464415e-01      2698  1.2974326e+02  1.3046179e+02  1.0421945e+02
4.1290034e-01      3532  1.0215292e+02  1.0157801e+02  7.7087320e+01
4.6319578e-01      4702  8.2629534e+01  8.1977166e+01  5.9848701e+01
5.1570195e-01      6019  6.9677054e+01  7.0353483e+01  4.8405493e+01
5.7047444e-01      7766  5.7875327e+01  5.7057433e+01  3.6912665e+01
6.2844883e-01     10012  5.0296088e+01  5.0286651e+01  3.0379953e+01
6.8955465e-01     12589  4.2765910e+01  4.3122286e+01  2.4764169e+01
7.5323141e-01     15650  3.7027899e+01  3.6811321e+01  1.9740801e+01
8.2032763e-01     19757  3.1949754e+01  3.1619761e+01  1.6085217e+01
8.9088605e-01     24241  2.8355028e+01  2.8294367e+01  1.3395280e+01
9.6481958e-01     29993  2.4944559e+01  2.5049481e+01  1.1159559e+01
1.0423453e+00     36494  2.2091946e+01  2.2187598e+01  9.2727041e+00
1.1237267e+00     44825  1.9918533e+01  2.0003774e+01  7.7373849e+00
1.2089588e+00     53906  1.7899771e+01  1.7933490e+01  6.4682323e+00
1.2983336e+00     65729  1.6155950e+01  1.6169678e+01  5.4338464e+00
1.3921058e+00     78746  1.4650069e+01  1.4664699e+01  4.5859753e+00
1.4900211e+00     94374  1.3261140e+01  1.3270832e+01  3.8811862e+00
1.5921784e+00    112166  1.2132346e+01  1.2127836e+01  3.2948486e+00
1.6991083e+00    134373  1.1081744e+01  1.1055896e+01  2.8019476e+00
1.8110248e+00    159077  1.0198320e+01  1.0189087e+01  2.3952964e+00
1.9277595e+00    188172  9.3785205e+00  9.3698793e+00  2.0510510e+00
2.0497441e+00    222492  8.7065947e+00  8.6963962e+00  1.7599133e+00
2.1771282e+00    261771  8.0379178e+00  8.0319822e+00  1.5142057e+00
2.3098450e+00    306759  7.4403643e+00  7.4349432e+00  1.3054030e+00
2.4484375e+00    360898  6.9008933e+00  6.8955567e+00  1.1274462e+00
2.5937215e+00    425046  6.4228960e+00  6.4174862e+00  9.7486262e-01
2.7470320e+00    505555  5.9696042e+00  5.9644764e+00  8.4309337e-01
2.9094444e+00    600292  5.5542329e+00  5.5493900e+00  7.2886850e-01
3.0813867e+00    712930  5.1489884e+00  5.1446004e+00  6.2994517e-01
3.2634403e+00    846715  4.7765577e+00  4.7723967e+00  5.4423448e-01
3.4562097e+00   1005596  4.4260997e+00  4.4222086e+00  4.7005259e-01
3.6603648e+00   1194719  4.0943447e+00  4.0906875e+00  4.0583163e-01
3.8766358e+00   1419743  3.7829136e+00  3.7795744e+00  3.5027304e-01
4.1057220e+00   1686576  3.4845001e+00  3.4813574e+00  3.0218947e-01
4.3483372e+00   2003484  3.2087417e+00  3.2058631e+00  2.6064326e-01
4.6052142e+00   2378778  2.9531120e+00  2.9504514e+00  2.2474588e-01
4.8773359e+00   2828400  2.7104612e+00  2.7079990e+00  1.9372089e-01
5.1655179e+00   3356890  2.4861239e+00  2.4838609e+00  1.6693046e-01
5.4707002e+00   3990317  2.2683865e+00  2.2663150e+00  1.4380200e-01
5.7939476e+00   4738457  2.0749934e+00  2.0730706e+00  1.2383644e-01
6.1362572e+00   5629661  1.8931708e+00  1.8914440e+00  1.0662423e-01
6.4988210e+00   6687903  1.7280003e+00  1.7263924e+00  9.1770049e-02
6.8828355e+00   7945758  1.5739927e+00  1.5725278e+00  7.8965154e-02
7.2895050e+00   9436555  1.4306851e+00  1.4293321e+00  6.7928898e-02
7.7201584e+00  11210320  1.3013520e+00  1.3001271e+00  5.8421624e-02
8.1762927e+00  13318613  1.1832375e+00  1.1820949e+00  5.0230140e-02
8.6593661e+00  15819192  1.0747626e+00  1.0737448e+00  4.3178037e-02
9.1709925e+00  18795348  9.7395866e-01  9.7303557e-01  3.7105822e-02
9.7128705e+00  22326034  8.8248789e-01  8.8165316e-01  3.1881286e-02
1.0286736e+01  26520842  7.9854127e-01  7.9776285e-01  2.7384096e-02
1.0894484e+01  31503438  7.2228394e-01  7.2159478e-01  2.3520877e-02
1.1538156e+01  37426927  6.5324199e-01  6.5261654e-01  2.0197766e-02
1.2220385e+01  44525830  5.9117536e-01  5.9060596e-01  1.7338093e-02
