# Power spectrum from CO𝘕CEPT job 4547569 at t = 10.26193 Gyr, a = 0.76923077
#
# Components:
#   0: matter  (upstream grid size 1024)
#
#                           grid size 1024
# ╭────────────────────────────────────────────────────────────────╮
#                         component 0    (corrected)      (linear)
#                        σ₈ = 7.06e-01  σ₈ = 7.06e-01  σ₈ = 6.56e-01
#  k [Mpc⁻¹]    modes       P [Mpc³]       P [Mpc³]       P [Mpc³]
2.4543693e-02         3  3.6786449e+04  3.6786449e+04  3.7706506e+04
4.6570361e-02        25  1.9966350e+04  2.0360676e+04  2.0769510e+04
8.3521561e-02       124  9.2620704e+03  9.1297818e+03  8.9485293e+03
1.3383638e-01       418  4.5816925e+03  4.5796612e+03  4.0111111e+03
1.8592088e-01       730  2.6876888e+03  2.7387208e+03  2.2484555e+03
2.3260504e-01      1012  2.0092197e+03  1.9833666e+03  1.3446656e+03
2.7635505e-01      1408  1.6378582e+03  1.6494826e+03  9.9873624e+02
3.1919121e-01      1841  1.4160563e+03  1.3986001e+03  6.9572227e+02
3.6464415e-01      2698  1.1461361e+03  1.1524835e+03  5.4974612e+02
4.1290034e-01      3532  1.0215792e+03  1.0158298e+03  4.0662666e+02
4.6319578e-01      4702  8.8795932e+02  8.8094879e+02  3.1569468e+02
5.1570195e-01      6019  8.0541615e+02  8.1323518e+02  2.5533297e+02
5.7047444e-01      7766  7.3364962e+02  7.2328169e+02  1.9470962e+02
6.2844883e-01     10012  6.5486214e+02  6.5473926e+02  1.6025032e+02
6.8955465e-01     12589  5.9630826e+02  6.0127740e+02  1.3062773e+02
7.5323141e-01     15650  5.4964122e+02  5.4642634e+02  1.0413008e+02
8.2032763e-01     19757  5.0850032e+02  5.0324827e+02  8.4847336e+01
8.9088605e-01     24241  4.6962812e+02  4.6862343e+02  7.0658260e+01
9.6481958e-01     29993  4.2342039e+02  4.2520137e+02  5.8865115e+01
1.0423453e+00     36494  3.9270710e+02  3.9440742e+02  4.8912202e+01
1.1237267e+00     44825  3.5793949e+02  3.5947129e+02  4.0813594e+01
1.2089588e+00     53906  3.2890315e+02  3.2952272e+02  3.4118982e+01
1.2983336e+00     65729  3.0288609e+02  3.0314346e+02  2.8662733e+01
1.3921058e+00     78746  2.7855160e+02  2.7882979e+02  2.4190327e+01
1.4900211e+00     94374  2.5448557e+02  2.5467156e+02  2.0472659e+01
1.5921784e+00    112166  2.3146934e+02  2.3138330e+02  1.7379809e+01
1.6991083e+00    134373  2.1000031e+02  2.0951050e+02  1.4779823e+01
1.8110248e+00    159077  1.9075318e+02  1.9058049e+02  1.2634794e+01
1.9277595e+00    188172  1.7457297e+02  1.7441212e+02  1.0818948e+01
2.0497441e+00    222492  1.5830916e+02  1.5812373e+02  9.2832368e+00
2.1771282e+00    261771  1.4366331e+02  1.4355722e+02  7.9871640e+00
2.3098450e+00    306759  1.3002229e+02  1.2992756e+02  6.8857597e+00
2.4484375e+00    360898  1.1776171e+02  1.1767064e+02  5.9470633e+00
2.5937215e+00    425046  1.0617801e+02  1.0608858e+02  5.1422072e+00
2.7470320e+00    505555  9.6266417e+01  9.6183727e+01  4.4471438e+00
2.9094444e+00    600292  8.6785454e+01  8.6709783e+01  3.8446247e+00
3.0813867e+00    712930  7.7632715e+01  7.7566556e+01  3.3228192e+00
3.2634403e+00    846715  6.9808260e+01  6.9747448e+01  2.8707085e+00
3.4562097e+00   1005596  6.2909108e+01  6.2853802e+01  2.4794107e+00
3.6603648e+00   1194719  5.6415382e+01  5.6364990e+01  2.1406554e+00
3.8766358e+00   1419743  5.0519769e+01  5.0475175e+01  1.8475930e+00
4.1057220e+00   1686576  4.5440591e+01  4.5399608e+01  1.5939602e+00
4.3483372e+00   2003484  4.0746117e+01  4.0709563e+01  1.3748111e+00
4.6052142e+00   2378778  3.6476508e+01  3.6443645e+01  1.1854588e+00
4.8773359e+00   2828400  3.2567624e+01  3.2538039e+01  1.0218076e+00
5.1655179e+00   3356890  2.9086097e+01  2.9059621e+01  8.8049319e-01
5.4707002e+00   3990317  2.5948494e+01  2.5924797e+01  7.5849508e-01
5.7939476e+00   4738457  2.3124911e+01  2.3103482e+01  6.5318085e-01
6.1362572e+00   5629661  2.0637152e+01  2.0618328e+01  5.6239014e-01
6.4988210e+00   6687903  1.8357794e+01  1.8340712e+01  4.8403763e-01
6.8828355e+00   7945758  1.6306228e+01  1.6291052e+01  4.1649481e-01
7.2895050e+00   9436555  1.4469156e+01  1.4455472e+01  3.5828130e-01
7.7201584e+00  11210320  1.2833657e+01  1.2821577e+01  3.0813293e-01
8.1762927e+00  13318613  1.1384055e+01  1.1373061e+01  2.6492514e-01
8.6593661e+00  15819192  1.0074154e+01  1.0064614e+01  2.2772739e-01
9.1709925e+00  18795348  8.9156521e+00  8.9072021e+00  1.9569839e-01
9.7128705e+00  22326034  7.8732526e+00  7.8658055e+00  1.6814075e-01
1.0286736e+01  26520842  6.9591425e+00  6.9523587e+00  1.4441973e-01
1.0894484e+01  31503438  6.1395432e+00  6.1336852e+00  1.2404278e-01
1.1538156e+01  37426927  5.4209433e+00  5.4157530e+00  1.0651481e-01
1.2220385e+01  44525830  4.7790433e+00  4.7744403e+00  9.1431369e-02
