# Power spectrum from CO𝘕CEPT job 4547569 at t = 3.1245317 Gyr, a = 0.32258065
#
# Components:
#   0: matter  (upstream grid size 1024)
#
#                           grid size 1024
# ╭────────────────────────────────────────────────────────────────╮
#                         component 0    (corrected)      (linear)
#                        σ₈ = 3.18e-01  σ₈ = 3.18e-01  σ₈ = 3.12e-01
#  k [Mpc⁻¹]    modes       P [Mpc³]       P [Mpc³]       P [Mpc³]
2.4543693e-02         3  8.4610323e+03  8.4610323e+03  8.5351599e+03
4.6570361e-02        25  4.5922608e+03  4.6829557e+03  4.7031101e+03
8.3521561e-02       124  2.0253574e+03  1.9964296e+03  2.0266254e+03
1.3383638e-01       418  9.5158764e+02  9.5116575e+02  9.0846210e+02
1.8592088e-01       730  5.1615296e+02  5.2595332e+02  5.0925235e+02
2.3260504e-01      1012  3.5656185e+02  3.5197389e+02  3.0455497e+02
2.7635505e-01      1408  2.6839480e+02  2.7029969e+02  2.2620572e+02
3.1919121e-01      1841  2.0284263e+02  2.0034212e+02  1.5757580e+02
3.6464415e-01      2698  1.6053299e+02  1.6142203e+02  1.2451349e+02
4.1290034e-01      3532  1.2779865e+02  1.2707940e+02  9.2098071e+01
4.6319578e-01      4702  1.0414242e+02  1.0332021e+02  7.1502674e+01
5.1570195e-01      6019  8.8016878e+01  8.8871352e+01  5.7831198e+01
5.7047444e-01      7766  7.3688130e+01  7.2646770e+01  4.4100439e+01
6.2844883e-01     10012  6.4462037e+01  6.4449941e+01  3.6295652e+01
6.8955465e-01     12589  5.5473293e+01  5.5935562e+01  2.9586340e+01
7.5323141e-01     15650  4.8393674e+01  4.8110616e+01  2.3584802e+01
8.2032763e-01     19757  4.1896114e+01  4.1463391e+01  1.9217388e+01
8.9088605e-01     24241  3.7554430e+01  3.7474088e+01  1.6003657e+01
9.6481958e-01     29993  3.3154105e+01  3.3293557e+01  1.3332588e+01
1.0423453e+00     36494  2.9662203e+01  2.9790633e+01  1.1078317e+01
1.1237267e+00     44825  2.6929041e+01  2.7044283e+01  9.2440350e+00
1.2089588e+00     53906  2.4405419e+01  2.4451392e+01  7.7277484e+00
1.2983336e+00     65729  2.2136377e+01  2.2155187e+01  6.4919429e+00
1.3921058e+00     78746  2.0216896e+01  2.0237086e+01  5.4789712e+00
1.4900211e+00     94374  1.8419026e+01  1.8432488e+01  4.6369430e+00
1.5921784e+00    112166  1.6937136e+01  1.6930840e+01  3.9364317e+00
1.6991083e+00    134373  1.5532358e+01  1.5496130e+01  3.3475511e+00
1.8110248e+00    159077  1.4349326e+01  1.4336335e+01  2.8617153e+00
1.9277595e+00    188172  1.3263936e+01  1.3251714e+01  2.4504373e+00
2.0497441e+00    222492  1.2327796e+01  1.2313356e+01  2.1026082e+00
2.1771282e+00    261771  1.1454157e+01  1.1445698e+01  1.8090555e+00
2.3098450e+00    306759  1.0612668e+01  1.0604936e+01  1.5595941e+00
2.4484375e+00    360898  9.8713809e+00  9.8637472e+00  1.3469849e+00
2.5937215e+00    425046  9.1713687e+00  9.1636441e+00  1.1646898e+00
2.7470320e+00    505555  8.5128353e+00  8.5055229e+00  1.0072620e+00
2.9094444e+00    600292  7.8939847e+00  7.8871016e+00  8.7079483e-01
3.0813867e+00    712930  7.3334204e+00  7.3271709e+00  7.5260884e-01
3.2634403e+00    846715  6.7849500e+00  6.7790395e+00  6.5020829e-01
3.4562097e+00   1005596  6.2685029e+00  6.2629920e+00  5.6158148e-01
3.6603648e+00   1194719  5.7922835e+00  5.7871097e+00  4.8485521e-01
3.8766358e+00   1419743  5.3242641e+00  5.3195644e+00  4.1847809e-01
4.1057220e+00   1686576  4.8970267e+00  4.8926101e+00  3.6103156e-01
4.3483372e+00   2003484  4.4844677e+00  4.4804446e+00  3.1139536e-01
4.6052142e+00   2378778  4.1028775e+00  4.0991810e+00  2.6850796e-01
4.8773359e+00   2828400  3.7465583e+00  3.7431548e+00  2.3144170e-01
5.1655179e+00   3356890  3.4150321e+00  3.4119236e+00  1.9943459e-01
5.4707002e+00   3990317  3.0986249e+00  3.0957952e+00  1.7180250e-01
5.7939476e+00   4738457  2.8111264e+00  2.8085215e+00  1.4794922e-01
6.1362572e+00   5629661  2.5485080e+00  2.5461834e+00  1.2738542e-01
6.4988210e+00   6687903  2.3089568e+00  2.3068083e+00  1.0963881e-01
6.8828355e+00   7945758  2.0894939e+00  2.0875493e+00  9.4340538e-02
7.2895050e+00   9436555  1.8880540e+00  1.8862684e+00  8.1155296e-02
7.7201584e+00  11210320  1.7047246e+00  1.7031199e+00  6.9796764e-02
8.1762927e+00  13318613  1.5366461e+00  1.5351621e+00  6.0010238e-02
8.6593661e+00  15819192  1.3843429e+00  1.3830319e+00  5.1584955e-02
9.1709925e+00  18795348  1.2460524e+00  1.2448714e+00  4.4330367e-02
9.7128705e+00  22326034  1.1207104e+00  1.1196503e+00  3.8088521e-02
1.0286736e+01  26520842  1.0064945e+00  1.0055134e+00  3.2715651e-02
1.0894484e+01  31503438  9.0403415e-01  9.0317158e-01  2.8100199e-02
1.1538156e+01  37426927  8.1200405e-01  8.1122659e-01  2.4130028e-02
1.2220385e+01  44525830  7.2977839e-01  7.2907549e-01  2.0713535e-02
