# Power spectrum from CO𝘕CEPT job 4547569 at t = 3.4446039 Gyr, a = 0.34482759
#
# Components:
#   0: matter  (upstream grid size 1024)
#
#                           grid size 1024
# ╭────────────────────────────────────────────────────────────────╮
#                         component 0    (corrected)      (linear)
#                        σ₈ = 3.40e-01  σ₈ = 3.40e-01  σ₈ = 3.33e-01
#  k [Mpc⁻¹]    modes       P [Mpc³]       P [Mpc³]       P [Mpc³]
2.4543693e-02         3  9.6028360e+03  9.6028360e+03  9.6944945e+03
4.6570361e-02        25  5.2129092e+03  5.3158617e+03  5.3417986e+03
8.3521561e-02       124  2.3012444e+03  2.2683762e+03  2.3018227e+03
1.3383638e-01       418  1.0853158e+03  1.0848346e+03  1.0318201e+03
1.8592088e-01       730  5.9067396e+02  6.0188927e+02  5.7840205e+02
2.3260504e-01      1012  4.1070756e+02  4.0542289e+02  3.4590936e+02
2.7635505e-01      1408  3.1015500e+02  3.1235628e+02  2.5692131e+02
3.1919121e-01      1841  2.3660686e+02  2.3369013e+02  1.7897238e+02
3.6464415e-01      2698  1.8737905e+02  1.8841677e+02  1.4142066e+02
4.1290034e-01      3532  1.5057216e+02  1.4972475e+02  1.0460368e+02
4.6319578e-01      4702  1.2331930e+02  1.2234568e+02  8.1211717e+01
5.1570195e-01      6019  1.0436779e+02  1.0538100e+02  6.5683847e+01
5.7047444e-01      7766  8.7888847e+01  8.6646802e+01  5.0088646e+01
6.2844883e-01     10012  7.7251722e+01  7.7237226e+01  4.1224079e+01
6.8955465e-01     12589  6.7028503e+01  6.7587064e+01  3.3603738e+01
7.5323141e-01     15650  5.8835764e+01  5.8491630e+01  2.6787278e+01
8.2032763e-01     19757  5.1080796e+01  5.0553208e+01  2.1826832e+01
8.9088605e-01     24241  4.6108485e+01  4.6009843e+01  1.8176722e+01
9.6481958e-01     29993  4.0787583e+01  4.0959142e+01  1.5142959e+01
1.0423453e+00     36494  3.6766241e+01  3.6925429e+01  1.2582591e+01
1.1237267e+00     44825  3.3470947e+01  3.3614185e+01  1.0499240e+01
1.2089588e+00     53906  3.0550318e+01  3.0607867e+01  8.7770634e+00
1.2983336e+00     65729  2.7789774e+01  2.7813388e+01  7.3734534e+00
1.3921058e+00     78746  2.5500478e+01  2.5525945e+01  6.2229347e+00
1.4900211e+00     94374  2.3331026e+01  2.3348077e+01  5.2665712e+00
1.5921784e+00    112166  2.1584216e+01  2.1576192e+01  4.4709406e+00
1.6991083e+00    134373  1.9770827e+01  1.9724713e+01  3.8020986e+00
1.8110248e+00    159077  1.8313936e+01  1.8297356e+01  3.2502934e+00
1.9277595e+00    188172  1.6956737e+01  1.6941113e+01  2.7831697e+00
2.0497441e+00    222492  1.5757087e+01  1.5738630e+01  2.3881105e+00
2.1771282e+00    261771  1.4697144e+01  1.4686290e+01  2.0546977e+00
2.3098450e+00    306759  1.3626218e+01  1.3616290e+01  1.7713630e+00
2.4484375e+00    360898  1.2701802e+01  1.2691979e+01  1.5298846e+00
2.5937215e+00    425046  1.1809367e+01  1.1799420e+01  1.3228364e+00
2.7470320e+00    505555  1.0961829e+01  1.0952413e+01  1.1440322e+00
2.9094444e+00    600292  1.0143143e+01  1.0134298e+01  9.8903490e-01
3.0813867e+00    712930  9.4073379e+00  9.3993210e+00  8.5480099e-01
3.2634403e+00    846715  8.7079146e+00  8.7003289e+00  7.3849597e-01
3.4562097e+00   1005596  8.0228256e+00  8.0157725e+00  6.3783495e-01
3.6603648e+00   1194719  7.3754515e+00  7.3688635e+00  5.5069040e-01
3.8766358e+00   1419743  6.7654581e+00  6.7594862e+00  4.7530026e-01
4.1057220e+00   1686576  6.1925886e+00  6.1870034e+00  4.1005335e-01
4.3483372e+00   2003484  5.6345156e+00  5.6294608e+00  3.5367731e-01
4.6052142e+00   2378778  5.1414674e+00  5.1368353e+00  3.0496645e-01
4.8773359e+00   2828400  4.6655956e+00  4.6613573e+00  2.6286716e-01
5.1655179e+00   3356890  4.2338743e+00  4.2300204e+00  2.2651397e-01
5.4707002e+00   3990317  3.8311585e+00  3.8276598e+00  1.9512988e-01
5.7939476e+00   4738457  3.4603783e+00  3.4571717e+00  1.6803770e-01
6.1362572e+00   5629661  3.1227664e+00  3.1199180e+00  1.4468167e-01
6.4988210e+00   6687903  2.8120819e+00  2.8094652e+00  1.2452535e-01
6.8828355e+00   7945758  2.5345440e+00  2.5321852e+00  1.0714982e-01
7.2895050e+00   9436555  2.2792918e+00  2.2771362e+00  9.2174240e-02
7.7201584e+00  11210320  2.0477557e+00  2.0458282e+00  7.9273411e-02
8.1762927e+00  13318613  1.8392983e+00  1.8375220e+00  6.8158042e-02
8.6593661e+00  15819192  1.6496947e+00  1.6481324e+00  5.8588754e-02
9.1709925e+00  18795348  1.4775232e+00  1.4761228e+00  5.0349122e-02
9.7128705e+00  22326034  1.3234680e+00  1.3222162e+00  4.3259747e-02
1.0286736e+01  26520842  1.1849020e+00  1.1837470e+00  3.7157342e-02
1.0894484e+01  31503438  1.0590901e+00  1.0580795e+00  3.1915202e-02
1.1538156e+01  37426927  9.4789549e-01  9.4698792e-01  2.7405961e-02
1.2220385e+01  44525830  8.4853873e-01  8.4772144e-01  2.3525579e-02
