# Power spectrum from CO𝘕CEPT job 4547569 at t = 5.8536973 Gyr, a = 0.5
#
# Components:
#   0: matter  (upstream grid size 1024)
#
#                           grid size 1024
# ╭────────────────────────────────────────────────────────────────╮
#                         component 0    (corrected)      (linear)
#                        σ₈ = 4.87e-01  σ₈ = 4.87e-01  σ₈ = 4.68e-01
#  k [Mpc⁻¹]    modes       P [Mpc³]       P [Mpc³]       P [Mpc³]
2.4543693e-02         3  1.8878113e+04  1.8878113e+04  1.9166977e+04
4.6570361e-02        25  1.0254997e+04  1.0457528e+04  1.0559603e+04
8.3521561e-02       124  4.5837245e+03  4.5182559e+03  4.5499496e+03
1.3383638e-01       418  2.2093250e+03  2.2083455e+03  2.0395329e+03
1.8592088e-01       730  1.2379584e+03  1.2614639e+03  1.1432836e+03
2.3260504e-01      1012  8.9311701e+02  8.8162506e+02  6.8373126e+02
2.7635505e-01      1408  6.9385836e+02  6.9878290e+02  5.0783509e+02
3.1919121e-01      1841  5.5966847e+02  5.5276927e+02  3.5375963e+02
3.6464415e-01      2698  4.4533523e+02  4.4780153e+02  2.7953415e+02
4.1290034e-01      3532  3.8284501e+02  3.8069037e+02  2.0676108e+02
4.6319578e-01      4702  3.2272935e+02  3.2018137e+02  1.6052416e+02
5.1570195e-01      6019  2.7703457e+02  2.7972404e+02  1.2983153e+02
5.7047444e-01      7766  2.3795827e+02  2.3459544e+02  9.9005837e+01
6.2844883e-01     10012  2.1301911e+02  2.1297914e+02  8.1484010e+01
6.8955465e-01     12589  1.9186366e+02  1.9346249e+02  6.6421542e+01
7.5323141e-01     15650  1.7308683e+02  1.7207444e+02  5.2948038e+01
8.2032763e-01     19757  1.5314331e+02  1.5156157e+02  4.3143158e+01
8.9088605e-01     24241  1.4190794e+02  1.4160435e+02  3.5928305e+01
9.6481958e-01     29993  1.2838077e+02  1.2892076e+02  2.9931732e+01
1.0423453e+00     36494  1.1856668e+02  1.1908005e+02  2.4870879e+01
1.1237267e+00     44825  1.0874487e+02  1.0921024e+02  2.0752901e+01
1.2089588e+00     53906  1.0071010e+02  1.0089981e+02  1.7348827e+01
1.2983336e+00     65729  9.3205990e+01  9.3285189e+01  1.4574435e+01
1.3921058e+00     78746  8.5283342e+01  8.5368512e+01  1.2300307e+01
1.4900211e+00     94374  7.8825018e+01  7.8882628e+01  1.0409948e+01
1.5921784e+00    112166  7.2476926e+01  7.2449985e+01  8.8372957e+00
1.6991083e+00    134373  6.7088153e+01  6.6931675e+01  7.5152552e+00
1.8110248e+00    159077  6.2111991e+01  6.2055762e+01  6.4245510e+00
1.9277595e+00    188172  5.7171395e+01  5.7118719e+01  5.5012295e+00
2.0497441e+00    222492  5.2697608e+01  5.2635880e+01  4.7203512e+00
2.1771282e+00    261771  4.8652439e+01  4.8616511e+01  4.0613240e+00
2.3098450e+00    306759  4.4549163e+01  4.4516704e+01  3.5012818e+00
2.4484375e+00    360898  4.1005741e+01  4.0974031e+01  3.0239734e+00
2.5937215e+00    425046  3.7591039e+01  3.7559378e+01  2.6147199e+00
2.7470320e+00    505555  3.4403572e+01  3.4374020e+01  2.2612939e+00
2.9094444e+00    600292  3.1418360e+01  3.1390965e+01  1.9549248e+00
3.0813867e+00    712930  2.8620032e+01  2.8595642e+01  1.6895969e+00
3.2634403e+00    846715  2.5961987e+01  2.5939371e+01  1.4597074e+00
3.4562097e+00   1005596  2.3569347e+01  2.3548627e+01  1.2607401e+00
3.6603648e+00   1194719  2.1303123e+01  2.1284094e+01  1.0884895e+00
3.8766358e+00   1419743  1.9199112e+01  1.9182165e+01  9.3947286e-01
4.1057220e+00   1686576  1.7282707e+01  1.7267120e+01  8.1050543e-01
4.3483372e+00   2003484  1.5596342e+01  1.5582350e+01  6.9907224e-01
4.6052142e+00   2378778  1.4004294e+01  1.3991677e+01  6.0279014e-01
4.8773359e+00   2828400  1.2520304e+01  1.2508930e+01  5.1957654e-01
5.1655179e+00   3356890  1.1219988e+01  1.1209775e+01  4.4772073e-01
5.4707002e+00   3990317  1.0050407e+01  1.0041229e+01  3.8568690e-01
5.7939476e+00   4738457  8.9760622e+00  8.9677445e+00  3.3213648e-01
6.1362572e+00   5629661  8.0103998e+00  8.0030933e+00  2.8597098e-01
6.4988210e+00   6687903  7.1230572e+00  7.1164291e+00  2.4613007e-01
6.8828355e+00   7945758  6.3494429e+00  6.3435336e+00  2.1178568e-01
7.2895050e+00   9436555  5.6433284e+00  5.6379913e+00  1.8218506e-01
7.7201584e+00  11210320  5.0202748e+00  5.0155492e+00  1.5668540e-01
8.1762927e+00  13318613  4.4599862e+00  4.4556791e+00  1.3471489e-01
8.6593661e+00  15819192  3.9558074e+00  3.9520612e+00  1.1580038e-01
9.1709925e+00  18795348  3.5105012e+00  3.5071741e+00  9.9514077e-02
9.7128705e+00  22326034  3.1112017e+00  3.1082589e+00  8.5501377e-02
1.0286736e+01  26520842  2.7598781e+00  2.7571877e+00  7.3439525e-02
1.0894484e+01  31503438  2.4413967e+00  2.4390673e+00  6.3078074e-02
1.1538156e+01  37426927  2.1606395e+00  2.1585708e+00  5.4165274e-02
1.2220385e+01  44525830  1.9130245e+00  1.9111819e+00  4.6495477e-02
