# Power spectrum from CO𝘕CEPT job 4547569 at t = 12.445252 Gyr, a = 0.90909091
#
# Components:
#   0: matter  (upstream grid size 1024)
#
#                           grid size 1024
# ╭────────────────────────────────────────────────────────────────╮
#                         component 0    (corrected)      (linear)
#                        σ₈ = 7.95e-01  σ₈ = 7.96e-01  σ₈ = 7.29e-01
#  k [Mpc⁻¹]    modes       P [Mpc³]       P [Mpc³]       P [Mpc³]
2.4543693e-02         3  4.5219139e+04  4.5219139e+04  4.6544673e+04
4.6570361e-02        25  2.4519603e+04  2.5003854e+04  2.5635993e+04
8.3521561e-02       124  1.1607124e+04  1.1441342e+04  1.1044930e+04
1.3383638e-01       418  5.8080657e+03  5.8054907e+03  4.9507576e+03
1.8592088e-01       730  3.4718008e+03  3.5377210e+03  2.7751714e+03
2.3260504e-01      1012  2.6190288e+03  2.5853291e+03  1.6596604e+03
2.7635505e-01      1408  2.1539578e+03  2.1692451e+03  1.2326944e+03
3.1919121e-01      1841  1.9099841e+03  1.8864392e+03  8.5869777e+02
3.6464415e-01      2698  1.5698898e+03  1.5785840e+03  6.7852596e+02
4.1290034e-01      3532  1.4129128e+03  1.4049610e+03  5.0188018e+02
4.6319578e-01      4702  1.2125398e+03  1.2029667e+03  3.8964704e+02
5.1570195e-01      6019  1.0969891e+03  1.1076387e+03  3.1514539e+02
5.7047444e-01      7766  1.0160434e+03  1.0016847e+03  2.4032084e+02
6.2844883e-01     10012  9.1262464e+02  9.1245339e+02  1.9778934e+02
6.8955465e-01     12589  8.2426922e+02  8.3113800e+02  1.6122758e+02
7.5323141e-01     15650  7.5831723e+02  7.5388179e+02  1.2852279e+02
8.2032763e-01     19757  6.9710747e+02  6.8990740e+02  1.0472301e+02
8.9088605e-01     24241  6.4833314e+02  6.4694613e+02  8.7210107e+01
9.6481958e-01     29993  5.8451130e+02  5.8696985e+02  7.2654390e+01
1.0423453e+00     36494  5.4104806e+02  5.4339066e+02  6.0369983e+01
1.1237267e+00     44825  4.8916104e+02  4.9125440e+02  5.0374257e+01
1.2089588e+00     53906  4.4799337e+02  4.4883728e+02  4.2111417e+01
1.2983336e+00     65729  4.0958962e+02  4.0993766e+02  3.5377031e+01
1.3921058e+00     78746  3.7169329e+02  3.7206449e+02  2.9856953e+01
1.4900211e+00     94374  3.3973223e+02  3.3998053e+02  2.5268414e+01
1.5921784e+00    112166  3.0894573e+02  3.0883088e+02  2.1451057e+01
1.6991083e+00    134373  2.8066978e+02  2.8001514e+02  1.8242019e+01
1.8110248e+00    159077  2.5387225e+02  2.5364243e+02  1.5594513e+01
1.9277595e+00    188172  2.3069403e+02  2.3048147e+02  1.3353301e+01
2.0497441e+00    222492  2.0996614e+02  2.0972019e+02  1.1457847e+01
2.1771282e+00    261771  1.8989983e+02  1.8975960e+02  9.8581661e+00
2.3098450e+00    306759  1.7226804e+02  1.7214253e+02  8.4987557e+00
2.4484375e+00    360898  1.5647671e+02  1.5635570e+02  7.3401680e+00
2.5937215e+00    425046  1.4193065e+02  1.4181111e+02  6.3467728e+00
2.7470320e+00    505555  1.2828957e+02  1.2817938e+02  5.4888896e+00
2.9094444e+00    600292  1.1601678e+02  1.1591562e+02  4.7452293e+00
3.0813867e+00    712930  1.0452055e+02  1.0443147e+02  4.1011899e+00
3.2634403e+00    846715  9.4339039e+01  9.4256858e+01  3.5431716e+00
3.4562097e+00   1005596  8.4904389e+01  8.4829747e+01  3.0602117e+00
3.6603648e+00   1194719  7.6601969e+01  7.6533545e+01  2.6421024e+00
3.8766358e+00   1419743  6.8760159e+01  6.8699464e+01  2.2803897e+00
4.1057220e+00   1686576  6.1844597e+01  6.1788819e+01  1.9673431e+00
4.3483372e+00   2003484  5.5471408e+01  5.5421644e+01  1.6968580e+00
4.6052142e+00   2378778  4.9846926e+01  4.9802017e+01  1.4631498e+00
4.8773359e+00   2828400  4.4638741e+01  4.4598190e+01  1.2611631e+00
5.1655179e+00   3356890  3.9796521e+01  3.9760296e+01  1.0867456e+00
5.4707002e+00   3990317  3.5602430e+01  3.5569917e+01  9.3616940e-01
5.7939476e+00   4738457  3.1715043e+01  3.1685654e+01  8.0618525e-01
6.1362572e+00   5629661  2.8260370e+01  2.8234592e+01  6.9412678e-01
6.4988210e+00   6687903  2.5113380e+01  2.5090012e+01  5.9742018e-01
6.8828355e+00   7945758  2.2284585e+01  2.2263845e+01  5.1405548e-01
7.2895050e+00   9436555  1.9842342e+01  1.9823576e+01  4.4220547e-01
7.7201584e+00  11210320  1.7614749e+01  1.7598168e+01  3.8030988e-01
8.1762927e+00  13318613  1.5646042e+01  1.5630933e+01  3.2698071e-01
8.6593661e+00  15819192  1.3878299e+01  1.3865156e+01  2.8106944e-01
9.1709925e+00  18795348  1.2304869e+01  1.2293207e+01  2.4153771e-01
9.7128705e+00  22326034  1.0901491e+01  1.0891179e+01  2.0752476e-01
1.0286736e+01  26520842  9.6454191e+00  9.6360167e+00  1.7824716e-01
1.0894484e+01  31503438  8.5266217e+00  8.5184861e+00  1.5309699e-01
1.1538156e+01  37426927  7.5222907e+00  7.5150884e+00  1.3146317e-01
1.2220385e+01  44525830  6.6281662e+00  6.6217822e+00  1.1284651e-01
