# Power spectrum from CO𝘕CEPT job 4547569 at t = 2.3141719 Gyr, a = 0.26315789
#
# Components:
#   0: matter  (upstream grid size 1024)
#
#                           grid size 1024
# ╭────────────────────────────────────────────────────────────────╮
#                         component 0    (corrected)      (linear)
#                        σ₈ = 2.59e-01  σ₈ = 2.60e-01  σ₈ = 2.57e-01
#  k [Mpc⁻¹]    modes       P [Mpc³]       P [Mpc³]       P [Mpc³]
2.4543693e-02         3  5.7163349e+03  5.7163349e+03  5.7549648e+03
4.6570361e-02        25  3.1008121e+03  3.1620517e+03  3.1713755e+03
8.3521561e-02       124  1.3656189e+03  1.3461140e+03  1.3666174e+03
1.3383638e-01       418  6.3464050e+02  6.3435913e+02  6.1260936e+02
1.8592088e-01       730  3.4185227e+02  3.4834312e+02  3.4340841e+02
2.3260504e-01      1012  2.3167442e+02  2.2869341e+02  2.0537331e+02
2.7635505e-01      1408  1.7300268e+02  1.7423054e+02  1.5253943e+02
3.1919121e-01      1841  1.2747831e+02  1.2590685e+02  1.0625961e+02
3.6464415e-01      2698  1.0066233e+02  1.0121981e+02  8.3964398e+01
4.1290034e-01      3532  7.8411539e+01  7.7970242e+01  6.2105402e+01
4.6319578e-01      4702  6.2867355e+01  6.2371011e+01  4.8217111e+01
5.1570195e-01      6019  5.2840367e+01  5.3353345e+01  3.8997893e+01
5.7047444e-01      7766  4.3525594e+01  4.2910491e+01  2.9738695e+01
6.2844883e-01     10012  3.7503626e+01  3.7496589e+01  2.4475616e+01
6.8955465e-01     12589  3.1464518e+01  3.1726717e+01  1.9951259e+01
7.5323141e-01     15650  2.7050094e+01  2.6891876e+01  1.5904182e+01
8.2032763e-01     19757  2.3253383e+01  2.3013210e+01  1.2959060e+01
8.9088605e-01     24241  2.0399345e+01  2.0355704e+01  1.0791912e+01
9.6481958e-01     29993  1.7838476e+01  1.7913508e+01  8.9907030e+00
1.0423453e+00     36494  1.5626062e+01  1.5693719e+01  7.4705581e+00
1.1237267e+00     44825  1.3945178e+01  1.4004856e+01  6.2336278e+00
1.2089588e+00     53906  1.2439613e+01  1.2463047e+01  5.2111348e+00
1.2983336e+00     65729  1.1132514e+01  1.1141973e+01  4.3777815e+00
1.3921058e+00     78746  1.0013770e+01  1.0023770e+01  3.6946939e+00
1.4900211e+00     94374  9.0131208e+00  9.0197081e+00  3.1268804e+00
1.5921784e+00    112166  8.1764197e+00  8.1733804e+00  2.6544974e+00
1.6991083e+00    134373  7.4134532e+00  7.3961619e+00  2.2573915e+00
1.8110248e+00    159077  6.7827376e+00  6.7765973e+00  1.9297728e+00
1.9277595e+00    188172  6.2135691e+00  6.2078440e+00  1.6524314e+00
2.0497441e+00    222492  5.7187524e+00  5.7120537e+00  1.4178762e+00
2.1771282e+00    261771  5.2536207e+00  5.2497412e+00  1.2199217e+00
2.3098450e+00    306759  4.8394667e+00  4.8359406e+00  1.0516998e+00
2.4484375e+00    360898  4.4847408e+00  4.4812727e+00  9.0832879e-01
2.5937215e+00    425046  4.1606474e+00  4.1571430e+00  7.8539975e-01
2.7470320e+00    505555  3.8529736e+00  3.8496640e+00  6.7923978e-01
2.9094444e+00    600292  3.5620708e+00  3.5589649e+00  5.8721444e-01
3.0813867e+00    712930  3.2936278e+00  3.2908209e+00  5.0751680e-01
3.2634403e+00    846715  3.0557575e+00  3.0530955e+00  4.3846393e-01
3.4562097e+00   1005596  2.8333575e+00  2.8308666e+00  3.7869923e-01
3.6603648e+00   1194719  2.6282341e+00  2.6258865e+00  3.2695955e-01
3.8766358e+00   1419743  2.4370772e+00  2.4349260e+00  2.8219873e-01
4.1057220e+00   1686576  2.2495984e+00  2.2475695e+00  2.4346015e-01
4.3483372e+00   2003484  2.0823010e+00  2.0804330e+00  2.0998840e-01
4.6052142e+00   2378778  1.9244921e+00  1.9227583e+00  1.8106764e-01
4.8773359e+00   2828400  1.7733873e+00  1.7717763e+00  1.5607230e-01
5.1655179e+00   3356890  1.6323249e+00  1.6308391e+00  1.3448856e-01
5.4707002e+00   3990317  1.5010791e+00  1.4997083e+00  1.1585507e-01
5.7939476e+00   4738457  1.3801437e+00  1.3788648e+00  9.9769783e-02
6.1362572e+00   5629661  1.2678591e+00  1.2667027e+00  8.5902734e-02
6.4988210e+00   6687903  1.1661715e+00  1.1650864e+00  7.3935425e-02
6.8828355e+00   7945758  1.0745829e+00  1.0735828e+00  6.3619129e-02
7.2895050e+00   9436555  9.8890180e-01  9.8796655e-01  5.4727737e-02
7.7201584e+00  11210320  9.1013235e-01  9.0927565e-01  4.7068171e-02
8.1762927e+00  13318613  8.3797746e-01  8.3716821e-01  4.0468673e-02
8.6593661e+00  15819192  7.7076065e-01  7.7003072e-01  3.4787118e-02
9.1709925e+00  18795348  7.0868513e-01  7.0801346e-01  2.9895010e-02
9.7128705e+00  22326034  6.5039284e-01  6.4977765e-01  2.5685836e-02
1.0286736e+01  26520842  5.9626757e-01  5.9568632e-01  2.2062649e-02
1.0894484e+01  31503438  5.4602715e-01  5.4550617e-01  1.8950222e-02
1.1538156e+01  37426927  5.0018713e-01  4.9970822e-01  1.6272934e-02
1.2220385e+01  44525830  4.5788678e-01  4.5744576e-01  1.3969015e-02
