# Power spectrum from CO𝘕CEPT job 4547569 at t = 2.2267434 Gyr, a = 0.25641026
#
# Components:
#   0: matter  (upstream grid size 1024)
#
#                           grid size 1024
# ╭────────────────────────────────────────────────────────────────╮
#                         component 0    (corrected)      (linear)
#                        σ₈ = 2.53e-01  σ₈ = 2.53e-01  σ₈ = 2.50e-01
#  k [Mpc⁻¹]    modes       P [Mpc³]       P [Mpc³]       P [Mpc³]
2.4543693e-02         3  5.4348015e+03  5.4348015e+03  5.4703526e+03
4.6570361e-02        25  2.9478817e+03  3.0061009e+03  3.0145609e+03
8.3521561e-02       124  1.2981871e+03  1.2796453e+03  1.2990463e+03
1.3383638e-01       418  6.0251555e+02  6.0224842e+02  5.8231997e+02
1.8592088e-01       730  3.2436341e+02  3.3052220e+02  3.2642928e+02
2.3260504e-01      1012  2.1931005e+02  2.1648813e+02  1.9521907e+02
2.7635505e-01      1408  1.6363115e+02  1.6479250e+02  1.4499745e+02
3.1919121e-01      1841  1.2023585e+02  1.1875366e+02  1.0100584e+02
3.6464415e-01      2698  9.4914037e+01  9.5439678e+01  7.9812968e+01
4.1290034e-01      3532  7.3774415e+01  7.3359216e+01  5.9034742e+01
4.6319578e-01      4702  5.9033872e+01  5.8567794e+01  4.5833127e+01
5.1570195e-01      6019  4.9576598e+01  5.0057891e+01  3.7069732e+01
5.7047444e-01      7766  4.0765714e+01  4.0189613e+01  2.8268334e+01
6.2844883e-01     10012  3.5051431e+01  3.5044854e+01  2.3265476e+01
6.8955465e-01     12589  2.9325041e+01  2.9569411e+01  1.8964815e+01
7.5323141e-01     15650  2.5176043e+01  2.5028787e+01  1.5117837e+01
8.2032763e-01     19757  2.1620629e+01  2.1397321e+01  1.2318330e+01
8.9088605e-01     24241  1.8917595e+01  1.8877123e+01  1.0258332e+01
9.6481958e-01     29993  1.6515569e+01  1.6585037e+01  8.5461790e+00
1.0423453e+00     36494  1.4433952e+01  1.4496447e+01  7.1011942e+00
1.1237267e+00     44825  1.2847687e+01  1.2902668e+01  5.9254210e+00
1.2089588e+00     53906  1.1443622e+01  1.1465179e+01  4.9534828e+00
1.2983336e+00     65729  1.0217903e+01  1.0226586e+01  4.1613327e+00
1.3921058e+00     78746  9.1740128e+00  9.1831747e+00  3.5120188e+00
1.4900211e+00     94374  8.2452351e+00  8.2512612e+00  2.9722795e+00
1.5921784e+00    112166  7.4623916e+00  7.4596177e+00  2.5232523e+00
1.6991083e+00    134373  6.7544607e+00  6.7387065e+00  2.1457804e+00
1.8110248e+00    159077  6.1708864e+00  6.1652999e+00  1.8343600e+00
1.9277595e+00    188172  5.6459055e+00  5.6407035e+00  1.5707311e+00
2.0497441e+00    222492  5.1829206e+00  5.1768496e+00  1.3477729e+00
2.1771282e+00    261771  4.7576139e+00  4.7541006e+00  1.1596059e+00
2.3098450e+00    306759  4.3759471e+00  4.3727588e+00  9.9970126e-01
2.4484375e+00    360898  4.0526205e+00  4.0494866e+00  8.6341892e-01
2.5937215e+00    425046  3.7545179e+00  3.7513556e+00  7.4656781e-01
2.7470320e+00    505555  3.4725459e+00  3.4695631e+00  6.4565667e-01
2.9094444e+00    600292  3.2061927e+00  3.2033971e+00  5.5818130e-01
3.0813867e+00    712930  2.9640906e+00  2.9615646e+00  4.8242411e-01
3.2634403e+00    846715  2.7491214e+00  2.7467265e+00  4.1678538e-01
3.4562097e+00   1005596  2.5509379e+00  2.5486952e+00  3.5997561e-01
3.6603648e+00   1194719  2.3672926e+00  2.3651781e+00  3.1079407e-01
3.8766358e+00   1419743  2.1932450e+00  2.1913090e+00  2.6824633e-01
4.1057220e+00   1686576  2.0256076e+00  2.0237807e+00  2.3142308e-01
4.3483372e+00   2003484  1.8733139e+00  1.8716333e+00  1.9960626e-01
4.6052142e+00   2378778  1.7317390e+00  1.7301788e+00  1.7211540e-01
4.8773359e+00   2828400  1.5947456e+00  1.5932969e+00  1.4835590e-01
5.1655179e+00   3356890  1.4683088e+00  1.4669723e+00  1.2783931e-01
5.4707002e+00   3990317  1.3518113e+00  1.3505768e+00  1.1012710e-01
5.7939476e+00   4738457  1.2430811e+00  1.2419292e+00  9.4837105e-02
6.1362572e+00   5629661  1.1443827e+00  1.1433389e+00  8.1655673e-02
6.4988210e+00   6687903  1.0552141e+00  1.0542322e+00  7.0280053e-02
6.8828355e+00   7945758  9.7435493e-01  9.7344812e-01  6.0473815e-02
7.2895050e+00   9436555  8.9895114e-01  8.9810096e-01  5.2022031e-02
7.7201584e+00  11210320  8.2993204e-01  8.2915083e-01  4.4741168e-02
8.1762927e+00  13318613  7.6651752e-01  7.6577728e-01  3.8467961e-02
8.6593661e+00  15819192  7.0829753e-01  7.0762676e-01  3.3067311e-02
9.1709925e+00  18795348  6.5359239e-01  6.5297293e-01  2.8417076e-02
9.7128705e+00  22326034  6.0188478e-01  6.0131547e-01  2.4416009e-02
1.0286736e+01  26520842  5.5380044e-01  5.5326059e-01  2.0971957e-02
1.0894484e+01  31503438  5.0914434e-01  5.0865855e-01  1.8013412e-02
1.1538156e+01  37426927  4.6833409e-01  4.6788568e-01  1.5468491e-02
1.2220385e+01  44525830  4.3004260e-01  4.2962840e-01  1.3278479e-02
