# Power spectrum from CO𝘕CEPT job 4547569 at t = 3.2782035 Gyr, a = 0.33333333
#
# Components:
#   0: matter  (upstream grid size 1024)
#
#                           grid size 1024
# ╭────────────────────────────────────────────────────────────────╮
#                         component 0    (corrected)      (linear)
#                        σ₈ = 3.28e-01  σ₈ = 3.29e-01  σ₈ = 3.22e-01
#  k [Mpc⁻¹]    modes       P [Mpc³]       P [Mpc³]       P [Mpc³]
2.4543693e-02         3  9.0056308e+03  9.0056308e+03  9.0879194e+03
4.6570361e-02        25  4.8882760e+03  4.9848172e+03  5.0076333e+03
8.3521561e-02       124  2.1568306e+03  2.1260250e+03  2.1578384e+03
1.3383638e-01       418  1.0152398e+03  1.0147897e+03  9.6727880e+02
1.8592088e-01       730  5.5155068e+02  5.6202315e+02  5.4222271e+02
2.3260504e-01      1012  3.8223370e+02  3.7731541e+02  3.2427262e+02
2.7635505e-01      1408  2.8816499e+02  2.9021019e+02  2.4085082e+02
3.1919121e-01      1841  2.1877805e+02  2.1608110e+02  1.6777763e+02
3.6464415e-01      2698  1.7320189e+02  1.7416109e+02  1.3257478e+02
4.1290034e-01      3532  1.3849928e+02  1.3771981e+02  9.8060709e+01
4.6319578e-01      4702  1.1314714e+02  1.1225384e+02  7.6131918e+01
5.1570195e-01      6019  9.5694675e+01  9.6623686e+01  6.1575318e+01
5.7047444e-01      7766  8.0348447e+01  7.9212963e+01  4.6955599e+01
6.2844883e-01     10012  7.0452015e+01  7.0438796e+01  3.8645512e+01
6.8955465e-01     12589  6.0880483e+01  6.1387811e+01  3.1501824e+01
7.5323141e-01     15650  5.3269098e+01  5.2957524e+01  2.5111733e+01
8.2032763e-01     19757  4.6180579e+01  4.5703603e+01  2.0461564e+01
8.9088605e-01     24241  4.1539657e+01  4.1450790e+01  1.7039768e+01
9.6481958e-01     29993  3.6710266e+01  3.6864676e+01  1.4195768e+01
1.0423453e+00     36494  3.2966647e+01  3.3109385e+01  1.1795551e+01
1.1237267e+00     44825  2.9979798e+01  3.0108096e+01  9.8425131e+00
1.2089588e+00     53906  2.7265793e+01  2.7317155e+01  8.2280588e+00
1.2983336e+00     65729  2.4767830e+01  2.4788875e+01  6.9122446e+00
1.3921058e+00     78746  2.2677464e+01  2.2700111e+01  5.8336909e+00
1.4900211e+00     94374  2.0709851e+01  2.0724987e+01  4.9371480e+00
1.5921784e+00    112166  1.9094940e+01  1.9087842e+01  4.1912840e+00
1.6991083e+00    134373  1.7511171e+01  1.7470327e+01  3.5642781e+00
1.8110248e+00    159077  1.6200757e+01  1.6186091e+01  3.0469882e+00
1.9277595e+00    188172  1.4997679e+01  1.4983861e+01  2.6090832e+00
2.0497441e+00    222492  1.3943011e+01  1.3926679e+01  2.2387349e+00
2.1771282e+00    261771  1.2985245e+01  1.2975657e+01  1.9261770e+00
2.3098450e+00    306759  1.2037163e+01  1.2028393e+01  1.6605649e+00
2.4484375e+00    360898  1.1217672e+01  1.1208998e+01  1.4341910e+00
2.5937215e+00    425046  1.0425223e+01  1.0416443e+01  1.2400937e+00
2.7470320e+00    505555  9.6749313e+00  9.6666208e+00  1.0724737e+00
2.9094444e+00    600292  8.9636943e+00  8.9558785e+00  9.2717137e-01
3.0813867e+00    712930  8.3225342e+00  8.3154417e+00  8.0133378e-01
3.2634403e+00    846715  7.7029941e+00  7.6962838e+00  6.9230362e-01
3.4562097e+00   1005596  7.1013865e+00  7.0951434e+00  5.9793893e-01
3.6603648e+00   1194719  6.5459669e+00  6.5401198e+00  5.1624526e-01
3.8766358e+00   1419743  6.0125760e+00  6.0072687e+00  4.4557075e-01
4.1057220e+00   1686576  5.5173447e+00  5.5123686e+00  3.8440502e-01
4.3483372e+00   2003484  5.0371296e+00  5.0326107e+00  3.3155529e-01
4.6052142e+00   2378778  4.6048829e+00  4.6007341e+00  2.8589128e-01
4.8773359e+00   2828400  4.1917421e+00  4.1879342e+00  2.4642528e-01
5.1655179e+00   3356890  3.8122960e+00  3.8088259e+00  2.1234597e-01
5.4707002e+00   3990317  3.4550244e+00  3.4518692e+00  1.8292494e-01
5.7939476e+00   4738457  3.1254317e+00  3.1225355e+00  1.5752736e-01
6.1362572e+00   5629661  2.8244012e+00  2.8218250e+00  1.3563223e-01
6.4988210e+00   6687903  2.5537576e+00  2.5513813e+00  1.1673668e-01
6.8828355e+00   7945758  2.3059492e+00  2.3038031e+00  1.0044798e-01
7.2895050e+00   9436555  2.0771279e+00  2.0751634e+00  8.6409107e-02
7.7201584e+00  11210320  1.8720367e+00  1.8702746e+00  7.4315212e-02
8.1762927e+00  13318613  1.6839721e+00  1.6823458e+00  6.3895097e-02
8.6593661e+00  15819192  1.5132133e+00  1.5117803e+00  5.4924355e-02
9.1709925e+00  18795348  1.3577075e+00  1.3564207e+00  4.7200101e-02
9.7128705e+00  22326034  1.2191068e+00  1.2179537e+00  4.0554155e-02
1.0286736e+01  26520842  1.0915701e+00  1.0905061e+00  3.4833445e-02
1.0894484e+01  31503438  9.7812151e-01  9.7718825e-01  2.9919189e-02
1.1538156e+01  37426927  8.7670912e-01  8.7586971e-01  2.5691991e-02
1.2220385e+01  44525830  7.8582946e-01  7.8507257e-01  2.2054317e-02
