# Power spectrum from CO𝘕CEPT job 4547569 at t = 13.79048 Gyr, a = 1
#
# Components:
#   0: matter  (upstream grid size 1024)
#
#                           grid size 1024
# ╭────────────────────────────────────────────────────────────────╮
#                         component 0    (corrected)      (linear)
#                        σ₈ = 8.46e-01  σ₈ = 8.46e-01  σ₈ = 7.69e-01
#  k [Mpc⁻¹]    modes       P [Mpc³]       P [Mpc³]       P [Mpc³]
2.4543693e-02         3  5.0108022e+04  5.0108022e+04  5.1699394e+04
4.6570361e-02        25  2.7153295e+04  2.7689559e+04  2.8474103e+04
8.3521561e-02       124  1.3012911e+04  1.2827050e+04  1.2267501e+04
1.3383638e-01       418  6.5592578e+03  6.5563497e+03  5.4987309e+03
1.8592088e-01       730  3.9664227e+03  4.0417344e+03  3.0823349e+03
2.3260504e-01      1012  3.0091947e+03  2.9704747e+03  1.8433547e+03
2.7635505e-01      1408  2.4777584e+03  2.4953439e+03  1.3691308e+03
3.1919121e-01      1841  2.2234603e+03  2.1960510e+03  9.5373945e+02
3.6464415e-01      2698  1.8502776e+03  1.8605246e+03  7.5362589e+02
4.1290034e-01      3532  1.6819391e+03  1.6724733e+03  5.5742870e+02
4.6319578e-01      4702  1.4435960e+03  1.4321986e+03  4.3277346e+02
5.1570195e-01      6019  1.2993762e+03  1.3119906e+03  3.5002589e+02
5.7047444e-01      7766  1.2026673e+03  1.1856712e+03  2.6691969e+02
6.2844883e-01     10012  1.0941008e+03  1.0938955e+03  2.1968078e+02
6.8955465e-01     12589  9.8507656e+02  9.9328538e+02  1.7907233e+02
7.5323141e-01     15650  9.0480830e+02  8.9951602e+02  1.4274775e+02
8.2032763e-01     19757  8.3128505e+02  8.2269913e+02  1.1631380e+02
8.9088605e-01     24241  7.6979598e+02  7.6814912e+02  9.6862558e+01
9.6481958e-01     29993  6.9552745e+02  6.9845296e+02  8.0695805e+01
1.0423453e+00     36494  6.4212234e+02  6.4490257e+02  6.7051754e+01
1.1237267e+00     44825  5.8078363e+02  5.8326908e+02  5.5949696e+01
1.2089588e+00     53906  5.3260765e+02  5.3361095e+02  4.6772322e+01
1.2983336e+00     65729  4.8970943e+02  4.9012555e+02  3.9292570e+01
1.3921058e+00     78746  4.4600688e+02  4.4645230e+02  3.3161528e+01
1.4900211e+00     94374  4.0846309e+02  4.0876162e+02  2.8065128e+01
1.5921784e+00    112166  3.7270487e+02  3.7256633e+02  2.3825264e+01
1.6991083e+00    134373  3.3702215e+02  3.3623607e+02  2.0261049e+01
1.8110248e+00    159077  3.0654328e+02  3.0626577e+02  1.7320515e+01
1.9277595e+00    188172  2.7937121e+02  2.7911380e+02  1.4831245e+01
2.0497441e+00    222492  2.5397731e+02  2.5367982e+02  1.2726001e+01
2.1771282e+00    261771  2.3151664e+02  2.3134567e+02  1.0949268e+01
2.3098450e+00    306759  2.1028756e+02  2.1013434e+02  9.4393973e+00
2.4484375e+00    360898  1.9017681e+02  1.9002975e+02  8.1525767e+00
2.5937215e+00    425046  1.7239144e+02  1.7224625e+02  7.0492323e+00
2.7470320e+00    505555  1.5541619e+02  1.5528269e+02  6.0963984e+00
2.9094444e+00    600292  1.4063960e+02  1.4051697e+02  5.2704296e+00
3.0813867e+00    712930  1.2736451e+02  1.2725597e+02  4.5551078e+00
3.2634403e+00    846715  1.1466958e+02  1.1456969e+02  3.9353279e+00
3.4562097e+00   1005596  1.0360310e+02  1.0351202e+02  3.3989139e+00
3.6603648e+00   1194719  9.2904743e+01  9.2821757e+01  2.9345283e+00
3.8766358e+00   1419743  8.3576126e+01  8.3502354e+01  2.5327811e+00
4.1057220e+00   1686576  7.5031047e+01  7.4963376e+01  2.1850865e+00
4.3483372e+00   2003484  6.7188958e+01  6.7128681e+01  1.8846641e+00
4.6052142e+00   2378778  6.0314384e+01  6.0260044e+01  1.6250890e+00
4.8773359e+00   2828400  5.3986017e+01  5.3936975e+01  1.4007465e+00
5.1655179e+00   3356890  4.8293757e+01  4.8249798e+01  1.2070245e+00
5.4707002e+00   3990317  4.3218586e+01  4.3179118e+01  1.0397825e+00
5.7939476e+00   4738457  3.8607454e+01  3.8571678e+01  8.9541177e-01
6.1362572e+00   5629661  3.4444457e+01  3.4413039e+01  7.7095071e-01
6.4988210e+00   6687903  3.0690669e+01  3.0662111e+01  6.6354067e-01
6.8828355e+00   7945758  2.7331479e+01  2.7306042e+01  5.7094921e-01
7.2895050e+00   9436555  2.4359883e+01  2.4336845e+01  4.9114689e-01
7.7201584e+00  11210320  2.1653445e+01  2.1633063e+01  4.2240075e-01
8.1762927e+00  13318613  1.9228764e+01  1.9210195e+01  3.6316915e-01
8.6593661e+00  15819192  1.7067787e+01  1.7051624e+01  3.1217648e-01
9.1709925e+00  18795348  1.5112697e+01  1.5098374e+01  2.6826943e-01
9.7128705e+00  22326034  1.3386999e+01  1.3374336e+01  2.3049198e-01
1.0286736e+01  26520842  1.1853979e+01  1.1842423e+01  1.9797398e-01
1.0894484e+01  31503438  1.0476678e+01  1.0466682e+01  1.7004024e-01
1.1538156e+01  37426927  9.2522287e+00  9.2433701e+00  1.4601203e-01
1.2220385e+01  44525830  8.1640673e+00  8.1562039e+00  1.2533494e-01
