# Power spectrum from CO𝘕CEPT job 4547569 at t = 6.2822391 Gyr, a = 0.52631579
#
# Components:
#   0: matter  (upstream grid size 1024)
#
#                           grid size 1024
# ╭────────────────────────────────────────────────────────────────╮
#                         component 0    (corrected)      (linear)
#                        σ₈ = 5.11e-01  σ₈ = 5.11e-01  σ₈ = 4.89e-01
#  k [Mpc⁻¹]    modes       P [Mpc³]       P [Mpc³]       P [Mpc³]
2.4543693e-02         3  2.0607845e+04  2.0607845e+04  2.0943656e+04
4.6570361e-02        25  1.1194814e+04  1.1415906e+04  1.1538156e+04
8.3521561e-02       124  5.0189172e+03  4.9472329e+03  4.9715469e+03
1.3383638e-01       418  2.4263876e+03  2.4253118e+03  2.2285091e+03
1.8592088e-01       730  1.3666004e+03  1.3925484e+03  1.2492152e+03
2.3260504e-01      1012  9.9088628e+02  9.7813631e+02  7.4708251e+02
2.7635505e-01      1408  7.7417078e+02  7.7966533e+02  5.5488854e+02
3.1919121e-01      1841  6.2945102e+02  6.2169158e+02  3.8653718e+02
3.6464415e-01      2698  5.0142931e+02  5.0420626e+02  3.0543432e+02
4.1290034e-01      3532  4.3474829e+02  4.3230154e+02  2.2591847e+02
4.6319578e-01      4702  3.6884760e+02  3.6593551e+02  1.7539746e+02
5.1570195e-01      6019  3.1837187e+02  3.2146265e+02  1.4186102e+02
5.7047444e-01      7766  2.7449426e+02  2.7061511e+02  1.0817918e+02
6.2844883e-01     10012  2.4481078e+02  2.4476484e+02  8.9033872e+01
6.8955465e-01     12589  2.2203823e+02  2.2388851e+02  7.2575796e+01
7.5323141e-01     15650  2.0076418e+02  1.9958990e+02  5.7853911e+01
8.2032763e-01     19757  1.7772594e+02  1.7589030e+02  4.7140563e+01
8.9088605e-01     24241  1.6482042e+02  1.6446782e+02  3.9257222e+01
9.6481958e-01     29993  1.4978192e+02  1.5041193e+02  3.2705039e+01
1.0423453e+00     36494  1.3799659e+02  1.3859408e+02  2.7175275e+01
1.1237267e+00     44825  1.2723660e+02  1.2778111e+02  2.2675748e+01
1.2089588e+00     53906  1.1806620e+02  1.1828860e+02  1.8956271e+01
1.2983336e+00     65729  1.0955366e+02  1.0964675e+02  1.5924820e+01
1.3921058e+00     78746  1.0076544e+02  1.0086607e+02  1.3439983e+01
1.4900211e+00     94374  9.2880641e+01  9.2948523e+01  1.1374474e+01
1.5921784e+00    112166  8.5392086e+01  8.5360344e+01  9.6561085e+00
1.6991083e+00    134373  7.8734325e+01  7.8550684e+01  8.2115751e+00
1.8110248e+00    159077  7.2644913e+01  7.2579148e+01  7.0198123e+00
1.9277595e+00    188172  6.6767105e+01  6.6705587e+01  6.0109409e+00
2.0497441e+00    222492  6.1271609e+01  6.1199838e+01  5.1577109e+00
2.1771282e+00    261771  5.6398582e+01  5.6356934e+01  4.4376219e+00
2.3098450e+00    306759  5.1557869e+01  5.1520303e+01  3.8256894e+00
2.4484375e+00    360898  4.7111787e+01  4.7075355e+01  3.3041562e+00
2.5937215e+00    425046  4.3194584e+01  4.3158203e+01  2.8569836e+00
2.7470320e+00    505555  3.9407476e+01  3.9373626e+01  2.4708112e+00
2.9094444e+00    600292  3.6009202e+01  3.5977804e+01  2.1360556e+00
3.0813867e+00    712930  3.2653354e+01  3.2625527e+01  1.8461439e+00
3.2634403e+00    846715  2.9616018e+01  2.9590219e+01  1.5949542e+00
3.4562097e+00   1005596  2.6721679e+01  2.6698187e+01  1.3775517e+00
3.6603648e+00   1194719  2.4084396e+01  2.4062883e+01  1.1893415e+00
3.8766358e+00   1419743  2.1721857e+01  2.1702684e+01  1.0265178e+00
4.1057220e+00   1686576  1.9550574e+01  1.9532941e+01  8.8560099e-01
4.3483372e+00   2003484  1.7559766e+01  1.7544013e+01  7.6384307e-01
4.6052142e+00   2378778  1.5801974e+01  1.5787737e+01  6.5864004e-01
4.8773359e+00   2828400  1.4116532e+01  1.4103708e+01  5.6771637e-01
5.1655179e+00   3356890  1.2618500e+01  1.2607014e+01  4.8920285e-01
5.4707002e+00   3990317  1.1276317e+01  1.1266019e+01  4.2142134e-01
5.7939476e+00   4738457  1.0066229e+01  1.0056901e+01  3.6290927e-01
6.1362572e+00   5629661  8.9936906e+00  8.9854872e+00  3.1246638e-01
6.4988210e+00   6687903  8.0122728e+00  8.0048173e+00  2.6893407e-01
6.8828355e+00   7945758  7.1332749e+00  7.1266360e+00  2.3140755e-01
7.2895050e+00   9436555  6.3416693e+00  6.3356716e+00  1.9906433e-01
7.7201584e+00  11210320  5.6343959e+00  5.6290923e+00  1.7120205e-01
8.1762927e+00  13318613  4.9981812e+00  4.9933544e+00  1.4719592e-01
8.6593661e+00  15819192  4.4308651e+00  4.4266690e+00  1.2652892e-01
9.1709925e+00  18795348  3.9262803e+00  3.9225591e+00  1.0873365e-01
9.7128705e+00  22326034  3.4775030e+00  3.4742137e+00  9.3422644e-02
1.0286736e+01  26520842  3.0777284e+00  3.0747282e+00  8.0243238e-02
1.0894484e+01  31503438  2.7217912e+00  2.7191943e+00  6.8921781e-02
1.1538156e+01  37426927  2.4051066e+00  2.4028038e+00  5.9183198e-02
1.2220385e+01  44525830  2.1262869e+00  2.1242389e+00  5.0802788e-02
