# Power spectrum from CO𝘕CEPT job 4547569 at t = 9.3733865 Gyr, a = 0.71428571
#
# Components:
#   0: matter  (upstream grid size 1024)
#
#                           grid size 1024
# ╭────────────────────────────────────────────────────────────────╮
#                         component 0    (corrected)      (linear)
#                        σ₈ = 6.66e-01  σ₈ = 6.66e-01  σ₈ = 6.23e-01
#  k [Mpc⁻¹]    modes       P [Mpc³]       P [Mpc³]       P [Mpc³]
2.4543693e-02         3  3.3221542e+04  3.3221542e+04  3.3990530e+04
4.6570361e-02        25  1.8037153e+04  1.8393379e+04  1.8723279e+04
8.3521561e-02       124  8.2991805e+03  8.1806447e+03  8.0670198e+03
1.3383638e-01       418  4.0860451e+03  4.0842335e+03  3.6159974e+03
1.8592088e-01       730  2.3777181e+03  2.4228646e+03  2.0269748e+03
2.3260504e-01      1012  1.7694281e+03  1.7466605e+03  1.2122122e+03
2.7635505e-01      1408  1.4329259e+03  1.4430958e+03  9.0035810e+02
3.1919121e-01      1841  1.2241854e+03  1.2090945e+03  6.2719192e+02
3.6464415e-01      2698  9.8612449e+02  9.9158572e+02  4.9559485e+02
4.1290034e-01      3532  8.7684424e+02  8.7190940e+02  3.6657302e+02
4.6319578e-01      4702  7.6436101e+02  7.5832631e+02  2.8459807e+02
5.1570195e-01      6019  6.8946769e+02  6.9616109e+02  2.3018213e+02
5.7047444e-01      7766  6.2157836e+02  6.1279422e+02  1.7553032e+02
6.2844883e-01     10012  5.5371081e+02  5.5360691e+02  1.4446534e+02
6.8955465e-01     12589  5.0381078e+02  5.0800912e+02  1.1776064e+02
7.5323141e-01     15650  4.6544474e+02  4.6272232e+02  9.3873065e+01
8.2032763e-01     19757  4.2909492e+02  4.2466302e+02  7.6489707e+01
8.9088605e-01     24241  3.9205265e+02  3.9121391e+02  6.3698285e+01
9.6481958e-01     29993  3.5636893e+02  3.5786788e+02  5.3066789e+01
1.0423453e+00     36494  3.2959485e+02  3.3102191e+02  4.4094257e+01
1.1237267e+00     44825  2.9866785e+02  2.9994600e+02  3.6793378e+01
1.2089588e+00     53906  2.7584449e+02  2.7636411e+02  3.0758199e+01
1.2983336e+00     65729  2.5505489e+02  2.5527162e+02  2.5839401e+01
1.3921058e+00     78746  2.3317754e+02  2.3341041e+02  2.1807536e+01
1.4900211e+00     94374  2.1218175e+02  2.1233683e+02  1.8456066e+01
1.5921784e+00    112166  1.9301901e+02  1.9294726e+02  1.5667867e+01
1.6991083e+00    134373  1.7560103e+02  1.7519145e+02  1.3323985e+01
1.8110248e+00    159077  1.6067958e+02  1.6053412e+02  1.1390245e+01
1.9277595e+00    188172  1.4637190e+02  1.4623703e+02  9.7532634e+00
2.0497441e+00    222492  1.3322636e+02  1.3307031e+02  8.3688230e+00
2.1771282e+00    261771  1.2044540e+02  1.2035646e+02  7.2004158e+00
2.3098450e+00    306759  1.0959389e+02  1.0951404e+02  6.2075019e+00
2.4484375e+00    360898  9.9132475e+01  9.9055815e+01  5.3612689e+00
2.5937215e+00    425046  8.9668221e+01  8.9592698e+01  4.6356926e+00
2.7470320e+00    505555  8.1009588e+01  8.0940003e+01  4.0090942e+00
2.9094444e+00    600292  7.3215475e+01  7.3151635e+01  3.4659243e+00
3.0813867e+00    712930  6.5848039e+01  6.5791923e+01  2.9955176e+00
3.2634403e+00    846715  5.9424866e+01  5.9373099e+01  2.5879406e+00
3.4562097e+00   1005596  5.3519322e+01  5.3472271e+01  2.2351863e+00
3.6603648e+00   1194719  4.8184025e+01  4.8140985e+01  1.9297990e+00
3.8766358e+00   1419743  4.3275068e+01  4.3236869e+01  1.6656037e+00
4.1057220e+00   1686576  3.8870569e+01  3.8835512e+01  1.4369542e+00
4.3483372e+00   2003484  3.4720636e+01  3.4689488e+01  1.2393916e+00
4.6052142e+00   2378778  3.0981952e+01  3.0954039e+01  1.0686908e+00
4.8773359e+00   2828400  2.7783861e+01  2.7758621e+01  9.2115954e-01
5.1655179e+00   3356890  2.4802519e+01  2.4779942e+01  7.9376479e-01
5.4707002e+00   3990317  2.2129127e+01  2.2108919e+01  6.8378367e-01
5.7939476e+00   4738457  1.9739837e+01  1.9721545e+01  5.8884303e-01
6.1362572e+00   5629661  1.7584607e+01  1.7568567e+01  5.0699532e-01
6.4988210e+00   6687903  1.5661105e+01  1.5646532e+01  4.3636062e-01
6.8828355e+00   7945758  1.3927874e+01  1.3914911e+01  3.7547085e-01
7.2895050e+00   9436555  1.2378889e+01  1.2367182e+01  3.2299143e-01
7.7201584e+00  11210320  1.0994782e+01  1.0984433e+01  2.7778271e-01
8.1762927e+00  13318613  9.7437493e+00  9.7343396e+00  2.3883092e-01
8.6593661e+00  15819192  8.6351534e+00  8.6269757e+00  2.0529717e-01
9.1709925e+00  18795348  7.6431911e+00  7.6359471e+00  1.7642304e-01
9.7128705e+00  22326034  6.7568981e+00  6.7505069e+00  1.5157983e-01
1.0286736e+01  26520842  5.9667080e+00  5.9608916e+00  1.3019533e-01
1.0894484e+01  31503438  5.2704436e+00  5.2654149e+00  1.1182551e-01
1.1538156e+01  37426927  4.6502305e+00  4.6457781e+00  9.6024027e-02
1.2220385e+01  44525830  4.1006739e+00  4.0967242e+00  8.2426296e-02
