# Power spectrum from CO𝘕CEPT job 4547569 at t = 7.3002014 Gyr, a = 0.58823529
#
# Components:
#   0: matter  (upstream grid size 1024)
#
#                           grid size 1024
# ╭────────────────────────────────────────────────────────────────╮
#                         component 0    (corrected)      (linear)
#                        σ₈ = 5.65e-01  σ₈ = 5.65e-01  σ₈ = 5.37e-01
#  k [Mpc⁻¹]    modes       P [Mpc³]       P [Mpc³]       P [Mpc³]
2.4543693e-02         3  2.4758234e+04  2.4758234e+04  2.5219089e+04
4.6570361e-02        25  1.3448585e+04  1.3714188e+04  1.3892850e+04
8.3521561e-02       124  6.0770412e+03  5.9902439e+03  5.9860160e+03
1.3383638e-01       418  2.9570963e+03  2.9557852e+03  2.6832303e+03
1.8592088e-01       730  1.6851001e+03  1.7170956e+03  1.5041110e+03
2.3260504e-01      1012  1.2345109e+03  1.2186261e+03  8.9952000e+02
2.7635505e-01      1408  9.7737272e+02  9.8430946e+02  6.6810976e+02
3.1919121e-01      1841  8.0876729e+02  7.9879736e+02  4.6540733e+02
3.6464415e-01      2698  6.4626034e+02  6.4983938e+02  3.6775594e+02
4.1290034e-01      3532  5.6814657e+02  5.6494907e+02  2.7201542e+02
4.6319578e-01      4702  4.8901210e+02  4.8515131e+02  2.1118597e+02
5.1570195e-01      6019  4.2868611e+02  4.3284783e+02  1.7080665e+02
5.7047444e-01      7766  3.7476269e+02  3.6946654e+02  1.3025229e+02
6.2844883e-01     10012  3.3154931e+02  3.3148710e+02  1.0720053e+02
6.8955465e-01     12589  3.0287712e+02  3.0540104e+02  8.7384308e+01
7.5323141e-01     15650  2.7703283e+02  2.7541244e+02  6.9658536e+01
8.2032763e-01     19757  2.4620720e+02  2.4366425e+02  5.6759214e+01
8.9088605e-01     24241  2.2644037e+02  2.2595594e+02  4.7267338e+01
9.6481958e-01     29993  2.0822741e+02  2.0910326e+02  3.9378235e+01
1.0423453e+00     36494  1.8860645e+02  1.8942307e+02  3.2720166e+01
1.1237267e+00     44825  1.7450748e+02  1.7525428e+02  2.7302547e+01
1.2089588e+00     53906  1.6187433e+02  1.6217926e+02  2.2824140e+01
1.2983336e+00     65729  1.4878720e+02  1.4891363e+02  1.9174145e+01
1.3921058e+00     78746  1.3704879e+02  1.3718566e+02  1.6182298e+01
1.4900211e+00     94374  1.2579492e+02  1.2588686e+02  1.3695338e+01
1.5921784e+00    112166  1.1607785e+02  1.1603470e+02  1.1626354e+01
1.6991083e+00    134373  1.0684009e+02  1.0659089e+02  9.8870756e+00
1.8110248e+00    159077  9.8140194e+01  9.8051349e+01  8.4521433e+00
1.9277595e+00    188172  8.9649440e+01  8.9566838e+01  7.2374200e+00
2.0497441e+00    222492  8.2209344e+01  8.2113047e+01  6.2100953e+00
2.1771282e+00    261771  7.5310333e+01  7.5254720e+01  5.3430782e+00
2.3098450e+00    306759  6.8862474e+01  6.8812300e+01  4.6062858e+00
2.4484375e+00    360898  6.2446073e+01  6.2397783e+01  3.9783381e+00
2.5937215e+00    425046  5.6783208e+01  5.6735382e+01  3.4399238e+00
2.7470320e+00    505555  5.1487100e+01  5.1442874e+01  2.9749561e+00
2.9094444e+00    600292  4.6774855e+01  4.6734070e+01  2.5718964e+00
3.0813867e+00    712930  4.2253629e+01  4.2217620e+01  2.2228308e+00
3.2634403e+00    846715  3.8087632e+01  3.8054453e+01  1.9203880e+00
3.4562097e+00   1005596  3.4359749e+01  3.4329542e+01  1.6586263e+00
3.6603648e+00   1194719  3.0967228e+01  3.0939567e+01  1.4320134e+00
3.8766358e+00   1419743  2.7817763e+01  2.7793209e+01  1.2359670e+00
4.1057220e+00   1686576  2.4927702e+01  2.4905219e+01  1.0662974e+00
4.3483372e+00   2003484  2.2345257e+01  2.2325210e+01  9.1969583e-01
4.6052142e+00   2378778  2.0057397e+01  2.0039326e+01  7.9302708e-01
4.8773359e+00   2828400  1.7945641e+01  1.7929338e+01  6.8355128e-01
5.1655179e+00   3356890  1.6056643e+01  1.6042028e+01  5.8901780e-01
5.4707002e+00   3990317  1.4363245e+01  1.4350128e+01  5.0740613e-01
5.7939476e+00   4738457  1.2811028e+01  1.2799156e+01  4.3695524e-01
6.1362572e+00   5629661  1.1430532e+01  1.1420106e+01  3.7621998e-01
6.4988210e+00   6687903  1.0172385e+01  1.0162919e+01  3.2380534e-01
6.8828355e+00   7945758  9.0492962e+00  9.0408742e+00  2.7862193e-01
7.2895050e+00   9436555  8.0556449e+00  8.0480263e+00  2.3967943e-01
7.7201584e+00  11210320  7.1670468e+00  7.1603005e+00  2.0613216e-01
8.1762927e+00  13318613  6.3648922e+00  6.3587455e+00  1.7722784e-01
8.6593661e+00  15819192  5.6446458e+00  5.6393002e+00  1.5234400e-01
9.1709925e+00  18795348  5.0054552e+00  5.0007111e+00  1.3091782e-01
9.7128705e+00  22326034  4.4325955e+00  4.4284028e+00  1.1248280e-01
1.0286736e+01  26520842  3.9204171e+00  3.9165954e+00  9.6614316e-02
1.0894484e+01  31503438  3.4641874e+00  3.4608821e+00  8.2982877e-02
1.1538156e+01  37426927  3.0640306e+00  3.0610970e+00  7.1257283e-02
1.2220385e+01  44525830  2.7017859e+00  2.6991836e+00  6.1166984e-02
