# Power spectrum from CO𝘕CEPT job 4547569 at t = 2.8503621 Gyr, a = 0.3030303
#
# Components:
#   0: matter  (upstream grid size 1024)
#
#                           grid size 1024
# ╭────────────────────────────────────────────────────────────────╮
#                         component 0    (corrected)      (linear)
#                        σ₈ = 2.99e-01  σ₈ = 2.99e-01  σ₈ = 2.94e-01
#  k [Mpc⁻¹]    modes       P [Mpc³]       P [Mpc³]       P [Mpc³]
2.4543693e-02         3  7.5071983e+03  7.5071983e+03  7.5679131e+03
4.6570361e-02        25  4.0738658e+03  4.1543227e+03  4.1702271e+03
8.3521561e-02       124  1.7955669e+03  1.7699211e+03  1.7970145e+03
1.3383638e-01       418  8.4069656e+02  8.4032384e+02  8.0553795e+02
1.8592088e-01       730  4.5480176e+02  4.6343722e+02  4.5155701e+02
2.3260504e-01      1012  3.1229382e+02  3.0827546e+02  2.7005074e+02
2.7635505e-01      1408  2.3443021e+02  2.3609404e+02  2.0057802e+02
3.1919121e-01      1841  1.7569842e+02  1.7353253e+02  1.3972346e+02
3.6464415e-01      2698  1.3895962e+02  1.3972919e+02  1.1040691e+02
4.1290034e-01      3532  1.0977490e+02  1.0915709e+02  8.1663951e+01
4.6319578e-01      4702  8.9010214e+01  8.8307470e+01  6.3401883e+01
5.1570195e-01      6019  7.5115807e+01  7.5845036e+01  5.1279299e+01
5.7047444e-01      7766  6.2547313e+01  6.1663395e+01  3.9104147e+01
6.2844883e-01     10012  5.4473851e+01  5.4463629e+01  3.2183592e+01
6.8955465e-01     12589  4.6497293e+01  4.6884763e+01  2.6234402e+01
7.5323141e-01     15650  4.0350451e+01  4.0114439e+01  2.0912799e+01
8.2032763e-01     19757  3.4851034e+01  3.4491076e+01  1.7040185e+01
8.9088605e-01     24241  3.1029118e+01  3.0962736e+01  1.4190549e+01
9.6481958e-01     29993  2.7331450e+01  2.7446411e+01  1.1822094e+01
1.0423453e+00     36494  2.4283195e+01  2.4388335e+01  9.8232181e+00
1.1237267e+00     44825  2.1947999e+01  2.2041925e+01  8.1967479e+00
1.2089588e+00     53906  1.9771689e+01  1.9808933e+01  6.8522465e+00
1.2983336e+00     65729  1.7876752e+01  1.7891942e+01  5.7564497e+00
1.3921058e+00     78746  1.6246697e+01  1.6262922e+01  4.8582411e+00
1.4900211e+00     94374  1.4733861e+01  1.4744629e+01  4.1116091e+00
1.5921784e+00    112166  1.3500466e+01  1.3495448e+01  3.4904611e+00
1.6991083e+00    134373  1.2352367e+01  1.2323556e+01  2.9682968e+00
1.8110248e+00    159077  1.1382243e+01  1.1371939e+01  2.5375030e+00
1.9277595e+00    188172  1.0481825e+01  1.0472168e+01  2.1728200e+00
2.0497441e+00    222492  9.7376891e+00  9.7262828e+00  1.8643976e+00
2.1771282e+00    261771  9.0075639e+00  9.0009123e+00  1.6041025e+00
2.3098450e+00    306759  8.3416529e+00  8.3355751e+00  1.3829034e+00
2.4484375e+00    360898  7.7391883e+00  7.7332035e+00  1.1943815e+00
2.5937215e+00    425046  7.2008883e+00  7.1948232e+00  1.0327391e+00
2.7470320e+00    505555  6.6929122e+00  6.6871631e+00  8.9314680e-01
2.9094444e+00    600292  6.2260980e+00  6.2206693e+00  7.7214048e-01
3.0813867e+00    712930  5.7802485e+00  5.7753226e+00  6.6734415e-01
3.2634403e+00    846715  5.3569269e+00  5.3522604e+00  5.7654489e-01
3.4562097e+00   1005596  4.9659771e+00  4.9616113e+00  4.9795888e-01
3.6603648e+00   1194719  4.5947585e+00  4.5906543e+00  4.2992517e-01
3.8766358e+00   1419743  4.2385162e+00  4.2347748e+00  3.7106812e-01
4.1057220e+00   1686576  3.9045073e+00  3.9009858e+00  3.2012987e-01
4.3483372e+00   2003484  3.5883245e+00  3.5851053e+00  2.7611710e-01
4.6052142e+00   2378778  3.2962898e+00  3.2933201e+00  2.3808853e-01
4.8773359e+00   2828400  3.0206290e+00  3.0178850e+00  2.0522162e-01
5.1655179e+00   3356890  2.7630627e+00  2.7605476e+00  1.7684067e-01
5.4707002e+00   3990317  2.5173959e+00  2.5150970e+00  1.5233910e-01
5.7939476e+00   4738457  2.2964411e+00  2.2943131e+00  1.3118821e-01
6.1362572e+00   5629661  2.0907169e+00  2.0888099e+00  1.1295414e-01
6.4988210e+00   6687903  1.9033756e+00  1.9016045e+00  9.7218078e-02
6.8828355e+00   7945758  1.7303117e+00  1.7287013e+00  8.3652975e-02
7.2895050e+00   9436555  1.5685762e+00  1.5670927e+00  7.1961513e-02
7.7201584e+00  11210320  1.4204813e+00  1.4191442e+00  6.1889808e-02
8.1762927e+00  13318613  1.2886992e+00  1.2874547e+00  5.3212011e-02
8.6593661e+00  15819192  1.1683558e+00  1.1672494e+00  4.5741239e-02
9.1709925e+00  18795348  1.0554411e+00  1.0544408e+00  3.9308529e-02
9.7128705e+00  22326034  9.5401360e-01  9.5311122e-01  3.3773824e-02
1.0286736e+01  26520842  8.6191610e-01  8.6107589e-01  2.9009648e-02
1.0894484e+01  31503438  7.7743290e-01  7.7669112e-01  2.4917079e-02
1.1538156e+01  37426927  7.0148581e-01  7.0081416e-01  2.1396686e-02
1.2220385e+01  44525830  6.3338762e-01  6.3277756e-01  1.8367243e-02
