# Power spectrum from CO𝘕CEPT job 4547569 at t = 3.625213 Gyr, a = 0.35714286
#
# Components:
#   0: matter  (upstream grid size 1024)
#
#                           grid size 1024
# ╭────────────────────────────────────────────────────────────────╮
#                         component 0    (corrected)      (linear)
#                        σ₈ = 3.52e-01  σ₈ = 3.52e-01  σ₈ = 3.44e-01
#  k [Mpc⁻¹]    modes       P [Mpc³]       P [Mpc³]       P [Mpc³]
2.4543693e-02         3  1.0259334e+04  1.0259334e+04  1.0361785e+04
4.6570361e-02        25  5.5697962e+03  5.6797970e+03  5.7094058e+03
8.3521561e-02       124  2.4603015e+03  2.4251614e+03  2.4602153e+03
1.3383638e-01       418  1.1626773e+03  1.1621618e+03  1.1028198e+03
1.8592088e-01       730  6.3404989e+02  6.4608879e+02  6.1820168e+02
2.3260504e-01      1012  4.4239066e+02  4.3669832e+02  3.6971119e+02
2.7635505e-01      1408  3.3470217e+02  3.3707767e+02  2.7459989e+02
3.1919121e-01      1841  2.5662702e+02  2.5346350e+02  1.9128734e+02
3.6464415e-01      2698  2.0330276e+02  2.0442867e+02  1.5115170e+02
4.1290034e-01      3532  1.6425310e+02  1.6332869e+02  1.1180137e+02
4.6319578e-01      4702  1.3485994e+02  1.3379520e+02  8.6799825e+01
5.1570195e-01      6019  1.1420839e+02  1.1531713e+02  7.0203494e+01
5.7047444e-01      7766  9.6455413e+01  9.5092305e+01  5.3535200e+01
6.2844883e-01     10012  8.5002755e+01  8.4986805e+01  4.4060670e+01
6.8955465e-01     12589  7.4041681e+01  7.4658683e+01  3.5915980e+01
7.5323141e-01     15650  6.5213741e+01  6.4832302e+01  2.8630484e+01
8.2032763e-01     19757  5.6704544e+01  5.6118871e+01  2.3328715e+01
8.9088605e-01     24241  5.1361684e+01  5.1251804e+01  1.9427444e+01
9.6481958e-01     29993  4.5477964e+01  4.5669252e+01  1.6184931e+01
1.0423453e+00     36494  4.1148945e+01  4.1327109e+01  1.3448387e+01
1.1237267e+00     44825  3.7474381e+01  3.7634751e+01  1.1221682e+01
1.2089588e+00     53906  3.4324763e+01  3.4389422e+01  9.3810038e+00
1.2983336e+00     65729  3.1262899e+01  3.1289464e+01  7.8808127e+00
1.3921058e+00     78746  2.8737784e+01  2.8766483e+01  6.6511280e+00
1.4900211e+00     94374  2.6322294e+01  2.6341532e+01  5.6289581e+00
1.5921784e+00    112166  2.4442076e+01  2.4432991e+01  4.7785809e+00
1.6991083e+00    134373  2.2352868e+01  2.2300732e+01  4.0637165e+00
1.8110248e+00    159077  2.0722590e+01  2.0703830e+01  3.4739421e+00
1.9277595e+00    188172  1.9168478e+01  1.9150816e+01  2.9746761e+00
2.0497441e+00    222492  1.7784132e+01  1.7763301e+01  2.5524332e+00
2.1771282e+00    261771  1.6591928e+01  1.6579676e+01  2.1960786e+00
2.3098450e+00    306759  1.5381533e+01  1.5370326e+01  1.8932480e+00
2.4484375e+00    360898  1.4305797e+01  1.4294735e+01  1.6351537e+00
2.5937215e+00    425046  1.3296371e+01  1.3285172e+01  1.4138588e+00
2.7470320e+00    505555  1.2345845e+01  1.2335240e+01  1.2227513e+00
2.9094444e+00    600292  1.1396496e+01  1.1386559e+01  1.0570887e+00
3.0813867e+00    712930  1.0546983e+01  1.0537995e+01  9.1361833e-01
3.2634403e+00    846715  9.7481233e+00  9.7396315e+00  7.8931049e-01
3.4562097e+00   1005596  8.9820973e+00  8.9742008e+00  6.8172310e-01
3.6603648e+00   1194719  8.2396131e+00  8.2322532e+00  5.8858224e-01
3.8766358e+00   1419743  7.5528237e+00  7.5461568e+00  5.0800460e-01
4.1057220e+00   1686576  6.8978522e+00  6.8916310e+00  4.3826813e-01
4.3483372e+00   2003484  6.2660243e+00  6.2604029e+00  3.7801292e-01
4.6052142e+00   2378778  5.7001818e+00  5.6950463e+00  3.2595034e-01
4.8773359e+00   2828400  5.1617156e+00  5.1570265e+00  2.8095426e-01
5.1655179e+00   3356890  4.6694252e+00  4.6651748e+00  2.4209966e-01
5.4707002e+00   3990317  4.2161460e+00  4.2122958e+00  2.0855608e-01
5.7939476e+00   4738457  3.8016271e+00  3.7981043e+00  1.7959972e-01
6.1362572e+00   5629661  3.4293465e+00  3.4262185e+00  1.5463660e-01
6.4988210e+00   6687903  3.0848817e+00  3.0820112e+00  1.3309337e-01
6.8828355e+00   7945758  2.7738465e+00  2.7712650e+00  1.1452226e-01
7.2895050e+00   9436555  2.4923852e+00  2.4900280e+00  9.8516235e-02
7.7201584e+00  11210320  2.2364302e+00  2.2343251e+00  8.4727728e-02
8.1762927e+00  13318613  2.0022482e+00  2.0003146e+00  7.2847535e-02
8.6593661e+00  15819192  1.7944809e+00  1.7927815e+00  6.2619807e-02
9.1709925e+00  18795348  1.6041206e+00  1.6026002e+00  5.3813228e-02
9.7128705e+00  22326034  1.4342660e+00  1.4329094e+00  4.6236054e-02
1.0286736e+01  26520842  1.2818649e+00  1.2806153e+00  3.9713761e-02
1.0894484e+01  31503438  1.1450545e+00  1.1439620e+00  3.4110927e-02
1.1538156e+01  37426927  1.0227562e+00  1.0217769e+00  2.9291421e-02
1.2220385e+01  44525830  9.1437505e-01  9.1349435e-01  2.5144046e-02
