# Power spectrum from CO𝘕CEPT job 4547569 at t = 2.4074052 Gyr, a = 0.27027027
#
# Components:
#   0: matter  (upstream grid size 1024)
#
#                           grid size 1024
# ╭────────────────────────────────────────────────────────────────╮
#                         component 0    (corrected)      (linear)
#                        σ₈ = 2.66e-01  σ₈ = 2.67e-01  σ₈ = 2.63e-01
#  k [Mpc⁻¹]    modes       P [Mpc³]       P [Mpc³]       P [Mpc³]
2.4543693e-02         3  6.0199771e+03  6.0199771e+03  6.0620591e+03
4.6570361e-02        25  3.2657655e+03  3.3302628e+03  3.3405752e+03
8.3521561e-02       124  1.4383912e+03  1.4178469e+03  1.4395250e+03
1.3383638e-01       418  6.6937216e+02  6.6907539e+02  6.4529080e+02
1.8592088e-01       730  3.6079598e+02  3.6764652e+02  3.6172843e+02
2.3260504e-01      1012  2.4510620e+02  2.4195236e+02  2.1632946e+02
2.7635505e-01      1408  1.8319811e+02  1.8449833e+02  1.6067701e+02
3.1919121e-01      1841  1.3539435e+02  1.3372530e+02  1.1192828e+02
3.6464415e-01      2698  1.0694652e+02  1.0753880e+02  8.8443677e+01
4.1290034e-01      3532  8.3502056e+01  8.3032110e+01  6.5418560e+01
4.6319578e-01      4702  6.7086871e+01  6.6557214e+01  5.0789365e+01
5.1570195e-01      6019  5.6433848e+01  5.6981712e+01  4.1078325e+01
5.7047444e-01      7766  4.6572832e+01  4.5914665e+01  3.1325174e+01
6.2844883e-01     10012  4.0214586e+01  4.0207040e+01  2.5781323e+01
6.8955465e-01     12589  3.3841036e+01  3.4123040e+01  2.1015604e+01
7.5323141e-01     15650  2.9137340e+01  2.8966914e+01  1.6752626e+01
8.2032763e-01     19757  2.5071733e+01  2.4812780e+01  1.3650390e+01
8.9088605e-01     24241  2.2054382e+01  2.2007200e+01  1.1367631e+01
9.6481958e-01     29993  1.9316877e+01  1.9398127e+01  9.4703320e+00
1.0423453e+00     36494  1.6963003e+01  1.7036449e+01  7.8690916e+00
1.1237267e+00     44825  1.5177610e+01  1.5242562e+01  6.5661744e+00
1.2089588e+00     53906  1.3560578e+01  1.3586123e+01  5.4891342e+00
1.2983336e+00     65729  1.2163279e+01  1.2173614e+01  4.6113237e+00
1.3921058e+00     78746  1.0961881e+01  1.0972828e+01  3.8917953e+00
1.4900211e+00     94374  9.8799120e+00  9.8871327e+00  3.2936905e+00
1.5921784e+00    112166  8.9839285e+00  8.9805889e+00  2.7961071e+00
1.6991083e+00    134373  8.1601711e+00  8.1411381e+00  2.3778167e+00
1.8110248e+00    159077  7.4769332e+00  7.4701644e+00  2.0327205e+00
1.9277595e+00    188172  6.8564931e+00  6.8501756e+00  1.7405837e+00
2.0497441e+00    222492  6.3272181e+00  6.3198067e+00  1.4935156e+00
2.1771282e+00    261771  5.8172650e+00  5.8129692e+00  1.2850008e+00
2.3098450e+00    306759  5.3669007e+00  5.3629903e+00  1.1078047e+00
2.4484375e+00    360898  4.9755251e+00  4.9716775e+00  9.5678528e-01
2.5937215e+00    425046  4.6213839e+00  4.6174915e+00  8.2729832e-01
2.7470320e+00    505555  4.2847546e+00  4.2810741e+00  7.1547502e-01
2.9094444e+00    600292  3.9679135e+00  3.9644537e+00  6.1854039e-01
3.0813867e+00    712930  3.6698549e+00  3.6667274e+00  5.3459110e-01
3.2634403e+00    846715  3.4058449e+00  3.4028780e+00  4.6185445e-01
3.4562097e+00   1005596  3.1550695e+00  3.1522958e+00  3.9890149e-01
3.6603648e+00   1194719  2.9241546e+00  2.9215426e+00  3.4440165e-01
3.8766358e+00   1419743  2.7113066e+00  2.7089133e+00  2.9725296e-01
4.1057220e+00   1686576  2.5015121e+00  2.4992560e+00  2.5644780e-01
4.3483372e+00   2003484  2.3150861e+00  2.3130092e+00  2.2119043e-01
4.6052142e+00   2378778  2.1381031e+00  2.1361768e+00  1.9072683e-01
4.8773359e+00   2828400  1.9699805e+00  1.9681909e+00  1.6439808e-01
5.1655179e+00   3356890  1.8135273e+00  1.8118765e+00  1.4166290e-01
5.4707002e+00   3990317  1.6648596e+00  1.6633393e+00  1.2203538e-01
5.7939476e+00   4738457  1.5307883e+00  1.5293697e+00  1.0509199e-01
6.1362572e+00   5629661  1.4042721e+00  1.4029912e+00  9.0485184e-02
6.4988210e+00   6687903  1.2888915e+00  1.2876922e+00  7.7879460e-02
6.8828355e+00   7945758  1.1841652e+00  1.1830632e+00  6.7012824e-02
7.2895050e+00   9436555  1.0871601e+00  1.0861320e+00  5.7647108e-02
7.7201584e+00  11210320  9.9664854e-01  9.9571040e-01  4.9578932e-02
8.1762927e+00  13318613  9.1508481e-01  9.1420110e-01  4.2627376e-02
8.6593661e+00  15819192  8.3841698e-01  8.3762298e-01  3.6642732e-02
9.1709925e+00  18795348  7.6804479e-01  7.6731686e-01  3.1489650e-02
9.7128705e+00  22326034  7.0220486e-01  7.0154066e-01  2.7055935e-02
1.0286736e+01  26520842  6.4197317e-01  6.4134737e-01  2.3239468e-02
1.0894484e+01  31503438  5.8617080e-01  5.8561151e-01  1.9961007e-02
1.1538156e+01  37426927  5.3479051e-01  5.3427847e-01  1.7140899e-02
1.2220385e+01  44525830  4.8787696e-01  4.8740705e-01  1.4714078e-02
