# Power spectrum from CO𝘕CEPT job 4547569 at t = 4.0361125 Gyr, a = 0.38461538
#
# Components:
#   0: matter  (upstream grid size 1024)
#
#                           grid size 1024
# ╭────────────────────────────────────────────────────────────────╮
#                         component 0    (corrected)      (linear)
#                        σ₈ = 3.78e-01  σ₈ = 3.78e-01  σ₈ = 3.69e-01
#  k [Mpc⁻¹]    modes       P [Mpc³]       P [Mpc³]       P [Mpc³]
2.4543693e-02         3  1.1782228e+04  1.1782228e+04  1.1911643e+04
4.6570361e-02        25  6.3977273e+03  6.5240794e+03  6.5631895e+03
8.3521561e-02       124  2.8305752e+03  2.7901465e+03  2.8280847e+03
1.3383638e-01       418  1.3434353e+03  1.3428397e+03  1.2677172e+03
1.8592088e-01       730  7.3613996e+02  7.5011727e+02  7.1063653e+02
2.3260504e-01      1012  5.1740021e+02  5.1074269e+02  4.2499102e+02
2.7635505e-01      1408  3.9316598e+02  3.9595641e+02  3.1565845e+02
3.1919121e-01      1841  3.0475966e+02  3.0100280e+02  2.1988886e+02
3.6464415e-01      2698  2.4160906e+02  2.4294711e+02  1.7375208e+02
4.1290034e-01      3532  1.9765698e+02  1.9654457e+02  1.2851803e+02
4.6319578e-01      4702  1.6309712e+02  1.6180945e+02  9.9778220e+01
5.1570195e-01      6019  1.3831549e+02  1.3965826e+02  8.0700385e+01
5.7047444e-01      7766  1.1745233e+02  1.1579249e+02  6.1539831e+01
6.2844883e-01     10012  1.0411780e+02  1.0409826e+02  5.0648659e+01
6.8955465e-01     12589  9.1348911e+01  9.2110137e+01  4.1286166e+01
7.5323141e-01     15650  8.1050525e+01  8.0576456e+01  3.2911337e+01
8.2032763e-01     19757  7.0734050e+01  7.0003474e+01  2.6816841e+01
8.9088605e-01     24241  6.4485107e+01  6.4347151e+01  2.2332249e+01
9.6481958e-01     29993  5.7242228e+01  5.7482999e+01  1.8604913e+01
1.0423453e+00     36494  5.2198013e+01  5.2424017e+01  1.5459198e+01
1.1237267e+00     44825  4.7513874e+01  4.7717208e+01  1.2899554e+01
1.2089588e+00     53906  4.3820778e+01  4.3903325e+01  1.0783657e+01
1.2983336e+00     65729  4.0029632e+01  4.0063647e+01  9.0591558e+00
1.3921058e+00     78746  3.6903661e+01  3.6940516e+01  7.6456077e+00
1.4900211e+00     94374  3.3853263e+01  3.3878005e+01  6.4706021e+00
1.5921784e+00    112166  3.1604093e+01  3.1592345e+01  5.4930759e+00
1.6991083e+00    134373  2.8957760e+01  2.8890219e+01  4.6713244e+00
1.8110248e+00    159077  2.6840409e+01  2.6816111e+01  3.9933665e+00
1.9277595e+00    188172  2.4838118e+01  2.4815233e+01  3.4194500e+00
2.0497441e+00    222492  2.2965568e+01  2.2938667e+01  2.9340731e+00
2.1771282e+00    261771  2.1356532e+01  2.1340761e+01  2.5244361e+00
2.3098450e+00    306759  1.9817948e+01  1.9803508e+01  2.1763260e+00
2.4484375e+00    360898  1.8328105e+01  1.8313932e+01  1.8796414e+00
2.5937215e+00    425046  1.7003475e+01  1.6989154e+01  1.6252583e+00
2.7470320e+00    505555  1.5751377e+01  1.5737847e+01  1.4055762e+00
2.9094444e+00    600292  1.4518710e+01  1.4506051e+01  1.2151438e+00
3.0813867e+00    712930  1.3380590e+01  1.3369187e+01  1.0502216e+00
3.2634403e+00    846715  1.2286568e+01  1.2275865e+01  9.0732721e-01
3.4562097e+00   1005596  1.1271284e+01  1.1261375e+01  7.8365332e-01
3.6603648e+00   1194719  1.0306111e+01  1.0296905e+01  6.7658601e-01
3.8766358e+00   1419743  9.4290278e+00  9.4207048e+00  5.8396038e-01
4.1057220e+00   1686576  8.5957998e+00  8.5880472e+00  5.0379691e-01
4.3483372e+00   2003484  7.7933313e+00  7.7863397e+00  4.3453234e-01
4.6052142e+00   2378778  7.0765396e+00  7.0701640e+00  3.7468536e-01
4.8773359e+00   2828400  6.4055860e+00  6.3997670e+00  3.2296147e-01
5.1655179e+00   3356890  5.7749596e+00  5.7697029e+00  2.7829735e-01
5.4707002e+00   3990317  5.2063036e+00  5.2015491e+00  2.3973834e-01
5.7939476e+00   4738457  4.6769884e+00  4.6726544e+00  2.0645245e-01
6.1362572e+00   5629661  4.2017972e+00  4.1979646e+00  1.7775687e-01
6.4988210e+00   6687903  3.7710720e+00  3.7675630e+00  1.5299251e-01
6.8828355e+00   7945758  3.3771752e+00  3.3740321e+00  1.3164467e-01
7.2895050e+00   9436555  3.0195483e+00  3.0166926e+00  1.1324545e-01
7.7201584e+00  11210320  2.7012328e+00  2.6986902e+00  9.7395311e-02
8.1762927e+00  13318613  2.4122179e+00  2.4098884e+00  8.3738817e-02
8.6593661e+00  15819192  2.1519396e+00  2.1499017e+00  7.1981865e-02
9.1709925e+00  18795348  1.9210513e+00  1.9192306e+00  6.1858552e-02
9.7128705e+00  22326034  1.7133581e+00  1.7117375e+00  5.3148464e-02
1.0286736e+01  26520842  1.5274643e+00  1.5259753e+00  4.5650984e-02
1.0894484e+01  31503438  1.3607742e+00  1.3594759e+00  3.9210439e-02
1.1538156e+01  37426927  1.2120220e+00  1.2108615e+00  3.3670346e-02
1.2220385e+01  44525830  1.0797423e+00  1.0787023e+00  2.8902879e-02
