# Power spectrum from CO𝘕CEPT job 4547569 at t = 5.4693261 Gyr, a = 0.47619048
#
# Components:
#   0: matter  (upstream grid size 1024)
#
#                           grid size 1024
# ╭────────────────────────────────────────────────────────────────╮
#                         component 0    (corrected)      (linear)
#                        σ₈ = 4.65e-01  σ₈ = 4.65e-01  σ₈ = 4.48e-01
#  k [Mpc⁻¹]    modes       P [Mpc³]       P [Mpc³]       P [Mpc³]
2.4543693e-02         3  1.7340514e+04  1.7340514e+04  1.7590250e+04
4.6570361e-02        25  9.4193583e+03  9.6053861e+03  9.6911526e+03
8.3521561e-02       124  4.1995880e+03  4.1396060e+03  4.1757843e+03
1.3383638e-01       418  2.0183652e+03  2.0174703e+03  1.8718168e+03
1.8592088e-01       730  1.1256636e+03  1.1470369e+03  1.0492693e+03
2.3260504e-01      1012  8.0819144e+02  7.9779225e+02  6.2750702e+02
2.7635505e-01      1408  6.2474305e+02  6.2917707e+02  4.6607514e+02
3.1919121e-01      1841  5.0015605e+02  4.9399047e+02  3.2466954e+02
3.6464415e-01      2698  3.9761323e+02  3.9981524e+02  2.5654774e+02
4.1290034e-01      3532  3.3876991e+02  3.3686332e+02  1.8975889e+02
4.6319578e-01      4702  2.8405376e+02  2.8181113e+02  1.4732408e+02
5.1570195e-01      6019  2.4286766e+02  2.4522544e+02  1.1915535e+02
5.7047444e-01      7766  2.0812625e+02  2.0518501e+02  9.0864488e+01
6.2844883e-01     10012  1.8663668e+02  1.8660166e+02  7.4783500e+01
6.8955465e-01     12589  1.6701321e+02  1.6840496e+02  6.0959635e+01
7.5323141e-01     15650  1.5045306e+02  1.4957305e+02  4.8594071e+01
8.2032763e-01     19757  1.3293492e+02  1.3156190e+02  3.9595456e+01
8.9088605e-01     24241  1.2289641e+02  1.2263349e+02  3.2973888e+01
9.6481958e-01     29993  1.1068099e+02  1.1114654e+02  2.7470419e+01
1.0423453e+00     36494  1.0214404e+02  1.0258630e+02  2.2825725e+01
1.1237267e+00     44825  9.3229574e+01  9.3628548e+01  1.9046373e+01
1.2089588e+00     53906  8.6309255e+01  8.6471839e+01  1.5922218e+01
1.2983336e+00     65729  7.9674731e+01  7.9742433e+01  1.3375968e+01
1.3921058e+00     78746  7.2935316e+01  7.3008154e+01  1.1288843e+01
1.4900211e+00     94374  6.7706284e+01  6.7755768e+01  9.5539301e+00
1.5921784e+00    112166  6.2463981e+01  6.2440762e+01  8.1105984e+00
1.6991083e+00    134373  5.7936977e+01  5.7801843e+01  6.8972706e+00
1.8110248e+00    159077  5.3658581e+01  5.3610004e+01  5.8962559e+00
1.9277595e+00    188172  4.9478467e+01  4.9432878e+01  5.0488599e+00
2.0497441e+00    222492  4.5821989e+01  4.5768315e+01  4.3321940e+00
2.1771282e+00    261771  4.2270228e+01  4.2239014e+01  3.7273592e+00
2.3098450e+00    306759  3.8853379e+01  3.8825070e+01  3.2133697e+00
2.4484375e+00    360898  3.5855370e+01  3.5827642e+01  2.7753107e+00
2.5937215e+00    425046  3.2922550e+01  3.2894821e+01  2.3997105e+00
2.7470320e+00    505555  3.0183970e+01  3.0158043e+01  2.0753470e+00
2.9094444e+00    600292  2.7578653e+01  2.7554607e+01  1.7941709e+00
3.0813867e+00    712930  2.5186514e+01  2.5165050e+01  1.5506611e+00
3.2634403e+00    846715  2.2823892e+01  2.2804009e+01  1.3396756e+00
3.4562097e+00   1005596  2.0752150e+01  2.0733907e+01  1.1570695e+00
3.6603648e+00   1194719  1.8774738e+01  1.8757968e+01  9.9898324e-01
3.8766358e+00   1419743  1.6939654e+01  1.6924701e+01  8.6222033e-01
4.1057220e+00   1686576  1.5311660e+01  1.5297851e+01  7.4385797e-01
4.3483372e+00   2003484  1.3823714e+01  1.3811313e+01  6.4158800e-01
4.6052142e+00   2378778  1.2414541e+01  1.2403356e+01  5.5322322e-01
4.8773359e+00   2828400  1.1112964e+01  1.1102869e+01  4.7685232e-01
5.1655179e+00   3356890  9.9837913e+00  9.9747035e+00  4.1090525e-01
5.4707002e+00   3990317  8.9229152e+00  8.9147666e+00  3.5397248e-01
5.7939476e+00   4738457  7.9671342e+00  7.9597514e+00  3.0482553e-01
6.1362572e+00   5629661  7.1257308e+00  7.1192313e+00  2.6245623e-01
6.4988210e+00   6687903  6.3544488e+00  6.3485359e+00  2.2589145e-01
6.8828355e+00   7945758  5.6674845e+00  5.6622099e+00  1.9437120e-01
7.2895050e+00   9436555  5.0504498e+00  5.0456733e+00  1.6720463e-01
7.7201584e+00  11210320  4.4836838e+00  4.4794633e+00  1.4380180e-01
8.1762927e+00  13318613  3.9880974e+00  3.9842460e+00  1.2363792e-01
8.6593661e+00  15819192  3.5470326e+00  3.5436735e+00  1.0627874e-01
9.1709925e+00  18795348  3.1477698e+00  3.1447864e+00  9.1331649e-02
9.7128705e+00  22326034  2.7918756e+00  2.7892348e+00  7.8471201e-02
1.0286736e+01  26520842  2.4772632e+00  2.4748483e+00  6.7401181e-02
1.0894484e+01  31503438  2.1957142e+00  2.1936192e+00  5.7891738e-02
1.1538156e+01  37426927  1.9427663e+00  1.9409062e+00  4.9711822e-02
1.2220385e+01  44525830  1.7204653e+00  1.7188082e+00  4.2672698e-02
