# Power spectrum from CO𝘕CEPT job 4547569 at t = 5.1233726 Gyr, a = 0.45454545
#
# Components:
#   0: matter  (upstream grid size 1024)
#
#                           grid size 1024
# ╭────────────────────────────────────────────────────────────────╮
#                         component 0    (corrected)      (linear)
#                        σ₈ = 4.45e-01  σ₈ = 4.45e-01  σ₈ = 4.30e-01
#  k [Mpc⁻¹]    modes       P [Mpc³]       P [Mpc³]       P [Mpc³]
2.4543693e-02         3  1.5970618e+04  1.5970618e+04  1.6187589e+04
4.6570361e-02        25  8.6747392e+03  8.8460612e+03  8.9185550e+03
8.3521561e-02       124  3.8594180e+03  3.8042946e+03  3.8429125e+03
1.3383638e-01       418  1.8498002e+03  1.8489801e+03  1.7226095e+03
1.8592088e-01       730  1.0272556e+03  1.0467604e+03  9.6563017e+02
2.3260504e-01      1012  7.3413547e+02  7.2468917e+02  5.7748750e+02
2.7635505e-01      1408  5.6500685e+02  5.6901689e+02  4.2892367e+02
3.1919121e-01      1841  4.4913887e+02  4.4360220e+02  2.9878973e+02
3.6464415e-01      2698  3.5678531e+02  3.5876121e+02  2.3609802e+02
4.1290034e-01      3532  3.0128214e+02  2.9958654e+02  1.7463300e+02
4.6319578e-01      4702  2.5154122e+02  2.4955528e+02  1.3558072e+02
5.1570195e-01      6019  2.1446650e+02  2.1654855e+02  1.0965735e+02
5.7047444e-01      7766  1.8350409e+02  1.8091081e+02  8.3621587e+01
6.2844883e-01     10012  1.6450737e+02  1.6447650e+02  6.8822433e+01
6.8955465e-01     12589  1.4643460e+02  1.4765486e+02  5.6100482e+01
7.5323141e-01     15650  1.3168141e+02  1.3091120e+02  4.4720591e+01
8.2032763e-01     19757  1.1608410e+02  1.1488513e+02  3.6439265e+01
8.9088605e-01     24241  1.0700934e+02  1.0678041e+02  3.0345508e+01
9.6481958e-01     29993  9.5958840e+01  9.6362459e+01  2.5280727e+01
1.0423453e+00     36494  8.8415730e+01  8.8798548e+01  2.1006266e+01
1.1237267e+00     44825  8.0474551e+01  8.0818940e+01  1.7528169e+01
1.2089588e+00     53906  7.4632235e+01  7.4772823e+01  1.4653045e+01
1.2983336e+00     65729  6.8759658e+01  6.8818085e+01  1.2309758e+01
1.3921058e+00     78746  6.3219530e+01  6.3282665e+01  1.0389000e+01
1.4900211e+00     94374  5.8668600e+01  5.8711478e+01  8.7923788e+00
1.5921784e+00    112166  5.4249290e+01  5.4229124e+01  7.4640965e+00
1.6991083e+00    134373  5.0293059e+01  5.0175754e+01  6.3474841e+00
1.8110248e+00    159077  4.6544244e+01  4.6502108e+01  5.4262613e+00
1.9277595e+00    188172  4.3067415e+01  4.3027734e+01  4.6464120e+00
2.0497441e+00    222492  3.9895275e+01  3.9848543e+01  3.9868722e+00
2.1771282e+00    261771  3.6808066e+01  3.6780885e+01  3.4302493e+00
2.3098450e+00    306759  3.4000354e+01  3.3975581e+01  2.9572304e+00
2.4484375e+00    360898  3.1349354e+01  3.1325111e+01  2.5540894e+00
2.5937215e+00    425046  2.8846439e+01  2.8822143e+01  2.2084287e+00
2.7470320e+00    505555  2.6449711e+01  2.6426992e+01  1.9099204e+00
2.9094444e+00    600292  2.4234366e+01  2.4213235e+01  1.6511571e+00
3.0813867e+00    712930  2.2188595e+01  2.2169685e+01  1.4270576e+00
3.2634403e+00    846715  2.0163186e+01  2.0145622e+01  1.2328900e+00
3.4562097e+00   1005596  1.8357604e+01  1.8341466e+01  1.0648395e+00
3.6603648e+00   1194719  1.6627100e+01  1.6612248e+01  9.1935444e-01
3.8766358e+00   1419743  1.5069009e+01  1.5055707e+01  7.9349300e-01
4.1057220e+00   1686576  1.3625187e+01  1.3612898e+01  6.8456539e-01
4.3483372e+00   2003484  1.2284110e+01  1.2273089e+01  5.9044742e-01
4.6052142e+00   2378778  1.1045001e+01  1.1035050e+01  5.0912625e-01
4.8773359e+00   2828400  9.9011082e+00  9.8921138e+00  4.3884291e-01
5.1655179e+00   3356890  8.8834898e+00  8.8754036e+00  3.7815252e-01
5.4707002e+00   3990317  7.9680266e+00  7.9607500e+00  3.2575788e-01
5.7939476e+00   4738457  7.1272127e+00  7.1206082e+00  2.8052845e-01
6.1362572e+00   5629661  6.3774193e+00  6.3716023e+00  2.4153642e-01
6.4988210e+00   6687903  5.6903623e+00  5.6850674e+00  2.0788622e-01
6.8828355e+00   7945758  5.0786990e+00  5.0739724e+00  1.7887845e-01
7.2895050e+00   9436555  4.5243999e+00  4.5201209e+00  1.5387733e-01
7.7201584e+00  11210320  4.0277868e+00  4.0239955e+00  1.3233994e-01
8.1762927e+00  13318613  3.5841087e+00  3.5806475e+00  1.1378332e-01
8.6593661e+00  15819192  3.1822105e+00  3.1791969e+00  9.7807830e-02
9.1709925e+00  18795348  2.8250176e+00  2.8223402e+00  8.4052160e-02
9.7128705e+00  22326034  2.5117095e+00  2.5093337e+00  7.2216807e-02
1.0286736e+01  26520842  2.2280502e+00  2.2258783e+00  6.2029167e-02
1.0894484e+01  31503438  1.9759509e+00  1.9740656e+00  5.3277708e-02
1.1538156e+01  37426927  1.7518516e+00  1.7501743e+00  4.5749800e-02
1.2220385e+01  44525830  1.5527533e+00  1.5512577e+00  3.9271750e-02
