# Power spectrum from CO𝘕CEPT job 4547569 at t = 11.2783 Gyr, a = 0.83333333
#
# Components:
#   0: matter  (upstream grid size 1024)
#
#                           grid size 1024
# ╭────────────────────────────────────────────────────────────────╮
#                         component 0    (corrected)      (linear)
#                        σ₈ = 7.49e-01  σ₈ = 7.49e-01  σ₈ = 6.92e-01
#  k [Mpc⁻¹]    modes       P [Mpc³]       P [Mpc³]       P [Mpc³]
2.4543693e-02         3  4.0778964e+04  4.0778964e+04  4.1882655e+04
4.6570361e-02        25  2.2123834e+04  2.2560769e+04  2.3069041e+04
8.3521561e-02       124  1.0360196e+04  1.0212223e+04  9.9391399e+03
1.3383638e-01       418  5.1521238e+03  5.1498396e+03  4.4551234e+03
1.8592088e-01       730  3.0491165e+03  3.1070110e+03  2.4973455e+03
2.3260504e-01      1012  2.2892491e+03  2.2597928e+03  1.4935108e+03
2.7635505e-01      1408  1.8759573e+03  1.8892716e+03  1.1092890e+03
3.1919121e-01      1841  1.6421288e+03  1.6218858e+03  7.7273347e+02
3.6464415e-01      2698  1.3374125e+03  1.3448192e+03  6.1059878e+02
4.1290034e-01      3532  1.1959189e+03  1.1891884e+03  4.5163704e+02
4.6319578e-01      4702  1.0330406e+03  1.0248847e+03  3.5063957e+02
5.1570195e-01      6019  9.3766540e+02  9.4676832e+02  2.8359629e+02
5.7047444e-01      7766  8.6207612e+02  8.4989326e+02  2.1626240e+02
6.2844883e-01     10012  7.6972704e+02  7.6958260e+02  1.7798873e+02
6.8955465e-01     12589  6.9925873e+02  7.0508577e+02  1.4508716e+02
7.5323141e-01     15650  6.4384024e+02  6.4007438e+02  1.1565643e+02
8.2032763e-01     19757  5.9413976e+02  5.8800319e+02  9.4239240e+01
8.9088605e-01     24241  5.5232951e+02  5.5114789e+02  7.8479548e+01
9.6481958e-01     29993  4.9550820e+02  4.9759240e+02  6.5380998e+01
1.0423453e+00     36494  4.5755753e+02  4.5953863e+02  5.4326377e+01
1.1237267e+00     44825  4.1502358e+02  4.1679967e+02  4.5331319e+01
1.2089588e+00     53906  3.8170011e+02  3.8241914e+02  3.7895668e+01
1.2983336e+00     65729  3.4898475e+02  3.4928129e+02  3.1835458e+01
1.3921058e+00     78746  3.1793097e+02  3.1824848e+02  2.6867993e+01
1.4900211e+00     94374  2.9242721e+02  2.9264093e+02  2.2738810e+01
1.5921784e+00    112166  2.6552049e+02  2.6542179e+02  1.9303606e+01
1.6991083e+00    134373  2.4180291e+02  2.4123892e+02  1.6415824e+01
1.8110248e+00    159077  2.1744358e+02  2.1724673e+02  1.4033358e+01
1.9277595e+00    188172  1.9886719e+02  1.9868396e+02  1.2016512e+01
2.0497441e+00    222492  1.8022537e+02  1.8001426e+02  1.0310811e+01
2.1771282e+00    261771  1.6246411e+02  1.6234414e+02  8.8712737e+00
2.3098450e+00    306759  1.4723064e+02  1.4712337e+02  7.6479531e+00
2.4484375e+00    360898  1.3286253e+02  1.3275979e+02  6.6053509e+00
2.5937215e+00    425046  1.2020496e+02  1.2010371e+02  5.7114039e+00
2.7470320e+00    505555  1.0837370e+02  1.0828061e+02  4.9394028e+00
2.9094444e+00    600292  9.7706758e+01  9.7621564e+01  4.2701899e+00
3.0813867e+00    712930  8.8735990e+01  8.8660370e+01  3.6906249e+00
3.2634403e+00    846715  7.9684651e+01  7.9615236e+01  3.1884694e+00
3.4562097e+00   1005596  7.1429526e+01  7.1366730e+01  2.7538582e+00
3.6603648e+00   1194719  6.4288326e+01  6.4230901e+01  2.3776056e+00
3.8766358e+00   1419743  5.7754094e+01  5.7703114e+01  2.0521036e+00
4.1057220e+00   1686576  5.1898735e+01  5.1851927e+01  1.7703959e+00
4.3483372e+00   2003484  4.6522245e+01  4.6480509e+01  1.5269889e+00
4.6052142e+00   2378778  4.1732146e+01  4.1694548e+01  1.3166769e+00
4.8773359e+00   2828400  3.7461477e+01  3.7427446e+01  1.1349110e+00
5.1655179e+00   3356890  3.3486589e+01  3.3456108e+01  9.7795428e-01
5.4707002e+00   3990317  2.9940049e+01  2.9912708e+01  8.4245206e-01
5.7939476e+00   4738457  2.6691742e+01  2.6667008e+01  7.2548048e-01
6.1362572e+00   5629661  2.3787034e+01  2.3765337e+01  6.2464006e-01
6.4988210e+00   6687903  2.1193490e+01  2.1173769e+01  5.3761464e-01
6.8828355e+00   7945758  1.8899769e+01  1.8882180e+01  4.6259547e-01
7.2895050e+00   9436555  1.6796251e+01  1.6780366e+01  3.9793827e-01
7.7201584e+00  11210320  1.4926754e+01  1.4912703e+01  3.4223895e-01
8.1762927e+00  13318613  1.3259069e+01  1.3246264e+01  2.9424847e-01
8.6593661e+00  15819192  1.1757490e+01  1.1746355e+01  2.5293330e-01
9.1709925e+00  18795348  1.0402543e+01  1.0392684e+01  2.1735901e-01
9.7128705e+00  22326034  9.1968637e+00  9.1881646e+00  1.8675103e-01
1.0286736e+01  26520842  8.1332579e+00  8.1253295e+00  1.6040434e-01
1.0894484e+01  31503438  7.1852205e+00  7.1783648e+00  1.3777188e-01
1.1538156e+01  37426927  6.3380510e+00  6.3319825e+00  1.1830376e-01
1.2220385e+01  44525830  5.5935231e+00  5.5881356e+00  1.0155076e-01
