# Power spectrum from CO𝘕CEPT job 4547569 at t = 4.2706228 Gyr, a = 0.4
#
# Components:
#   0: matter  (upstream grid size 1024)
#
#                           grid size 1024
# ╭────────────────────────────────────────────────────────────────╮
#                         component 0    (corrected)      (linear)
#                        σ₈ = 3.93e-01  σ₈ = 3.93e-01  σ₈ = 3.83e-01
#  k [Mpc⁻¹]    modes       P [Mpc³]       P [Mpc³]       P [Mpc³]
2.4543693e-02         3  1.2667825e+04  1.2667825e+04  1.2814123e+04
4.6570361e-02        25  6.8792020e+03  7.0150629e+03  7.0603310e+03
8.3521561e-02       124  3.0467859e+03  3.0032692e+03  3.0422853e+03
1.3383638e-01       418  1.4493761e+03  1.4487335e+03  1.3637322e+03
1.8592088e-01       730  7.9644163e+02  8.1156391e+02  7.6445861e+02
2.3260504e-01      1012  5.6197401e+02  5.5474296e+02  4.5717882e+02
2.7635505e-01      1408  4.2814604e+02  4.3118474e+02  3.3956562e+02
3.1919121e-01      1841  3.3382922e+02  3.2971400e+02  2.3654266e+02
3.6464415e-01      2698  2.6476299e+02  2.6622927e+02  1.8691159e+02
4.1290034e-01      3532  2.1815147e+02  2.1692372e+02  1.3825163e+02
4.6319578e-01      4702  1.8047191e+02  1.7904707e+02  1.0733515e+02
5.1570195e-01      6019  1.5318442e+02  1.5467154e+02  8.6812407e+01
5.7047444e-01      7766  1.3038880e+02  1.2854614e+02  6.6200684e+01
6.2844883e-01     10012  1.1596248e+02  1.1594072e+02  5.4484644e+01
6.8955465e-01     12589  1.0208562e+02  1.0293632e+02  4.4413062e+01
7.5323141e-01     15650  9.0920894e+01  9.0389093e+01  3.5403947e+01
8.2032763e-01     19757  7.9524660e+01  7.8703290e+01  2.8847871e+01
8.9088605e-01     24241  7.2713320e+01  7.2557761e+01  2.4023629e+01
9.6481958e-01     29993  6.4660854e+01  6.4932829e+01  2.0013994e+01
1.0423453e+00     36494  5.9181286e+01  5.9437525e+01  1.6630032e+01
1.1237267e+00     44825  5.3854268e+01  5.4084737e+01  1.3876528e+01
1.2089588e+00     53906  4.9825848e+01  4.9919707e+01  1.1600379e+01
1.2983336e+00     65729  4.5605715e+01  4.5644468e+01  9.7452690e+00
1.3921058e+00     78746  4.2093230e+01  4.2135268e+01  8.2246628e+00
1.4900211e+00     94374  3.8665663e+01  3.8693922e+01  6.9606657e+00
1.5921784e+00    112166  3.6080225e+01  3.6066813e+01  5.9091044e+00
1.6991083e+00    134373  3.3215801e+01  3.3138327e+01  5.0251160e+00
1.8110248e+00    159077  3.0754540e+01  3.0726698e+01  4.2958115e+00
1.9277595e+00    188172  2.8527205e+01  2.8500921e+01  3.6784282e+00
2.0497441e+00    222492  2.6378453e+01  2.6347554e+01  3.1562902e+00
2.1771282e+00    261771  2.4451587e+01  2.4433531e+01  2.7156285e+00
2.3098450e+00    306759  2.2690402e+01  2.2673870e+01  2.3411536e+00
2.4484375e+00    360898  2.0957198e+01  2.0940992e+01  2.0219990e+00
2.5937215e+00    425046  1.9417900e+01  1.9401545e+01  1.7483497e+00
2.7470320e+00    505555  1.7946712e+01  1.7931296e+01  1.5120296e+00
2.9094444e+00    600292  1.6520756e+01  1.6506351e+01  1.3071743e+00
3.0813867e+00    712930  1.5215545e+01  1.5202578e+01  1.1297615e+00
3.2634403e+00    846715  1.3950145e+01  1.3937992e+01  9.7604468e-01
3.4562097e+00   1005596  1.2749661e+01  1.2738452e+01  8.4300411e-01
3.6603648e+00   1194719  1.1628200e+01  1.1617813e+01  7.2782785e-01
3.8766358e+00   1419743  1.0575058e+01  1.0565723e+01  6.2818705e-01
4.1057220e+00   1686576  9.6495641e+00  9.6408611e+00  5.4195226e-01
4.3483372e+00   2003484  8.7163048e+00  8.7084853e+00  4.6744181e-01
4.6052142e+00   2378778  7.8916322e+00  7.8845224e+00  4.0306222e-01
4.8773359e+00   2828400  7.1330671e+00  7.1265872e+00  3.4742094e-01
5.1655179e+00   3356890  6.4163243e+00  6.4104839e+00  2.9937410e-01
5.4707002e+00   3990317  5.7859663e+00  5.7806824e+00  2.5789477e-01
5.7939476e+00   4738457  5.1931921e+00  5.1883798e+00  2.2208792e-01
6.1362572e+00   5629661  4.6570568e+00  4.6528090e+00  1.9121904e-01
6.4988210e+00   6687903  4.1753141e+00  4.1714290e+00  1.6457912e-01
6.8828355e+00   7945758  3.7352615e+00  3.7317852e+00  1.4161448e-01
7.2895050e+00   9436555  3.3362730e+00  3.3331178e+00  1.2182178e-01
7.7201584e+00  11210320  2.9840161e+00  2.9812073e+00  1.0477121e-01
8.1762927e+00  13318613  2.6608616e+00  2.6582920e+00  9.0080437e-02
8.6593661e+00  15819192  2.3714417e+00  2.3691958e+00  7.7433065e-02
9.1709925e+00  18795348  2.1114354e+00  2.1094343e+00  6.6543059e-02
9.7128705e+00  22326034  1.8791564e+00  1.8773790e+00  5.7173312e-02
1.0286736e+01  26520842  1.6730799e+00  1.6714490e+00  4.9108011e-02
1.0894484e+01  31503438  1.4877327e+00  1.4863132e+00  4.2179694e-02
1.1538156e+01  37426927  1.3225066e+00  1.3212403e+00  3.6220026e-02
1.2220385e+01  44525830  1.1757653e+00  1.1746329e+00  3.1091501e-02
