# Power spectrum from CO𝘕CEPT job 4547569 at t = 6.7617354 Gyr, a = 0.55555556
#
# Components:
#   0: matter  (upstream grid size 1024)
#
#                           grid size 1024
# ╭────────────────────────────────────────────────────────────────╮
#                         component 0    (corrected)      (linear)
#                        σ₈ = 5.36e-01  σ₈ = 5.37e-01  σ₈ = 5.12e-01
#  k [Mpc⁻¹]    modes       P [Mpc³]       P [Mpc³]       P [Mpc³]
2.4543693e-02         3  2.2557493e+04  2.2557493e+04  2.2949877e+04
4.6570361e-02        25  1.2253763e+04  1.2495769e+04  1.2643102e+04
8.3521561e-02       124  5.5134724e+03  5.4347244e+03  5.4475925e+03
1.3383638e-01       418  2.6739279e+03  2.6727424e+03  2.4418902e+03
1.8592088e-01       730  1.5145073e+03  1.5432637e+03  1.3688269e+03
2.3260504e-01      1012  1.1037794e+03  1.0895768e+03  8.1861497e+02
2.7635505e-01      1408  8.6782379e+02  8.7398303e+02  6.0801847e+02
3.1919121e-01      1841  7.1162154e+02  7.0284916e+02  4.2354761e+02
3.6464415e-01      2698  5.6767430e+02  5.7081812e+02  3.3467923e+02
4.1290034e-01      3532  4.9591584e+02  4.9312484e+02  2.4754982e+02
4.6319578e-01      4702  4.2374367e+02  4.2039817e+02  1.9219150e+02
5.1570195e-01      6019  3.6835664e+02  3.7193267e+02  1.5544398e+02
5.7047444e-01      7766  3.1944263e+02  3.1492827e+02  1.1853716e+02
6.2844883e-01     10012  2.8356838e+02  2.8351517e+02  9.7558719e+01
6.8955465e-01     12589  2.5859702e+02  2.6075196e+02  7.9524808e+01
7.5323141e-01     15650  2.3485863e+02  2.3348493e+02  6.3393324e+01
8.2032763e-01     19757  2.0804490e+02  2.0589611e+02  5.1654191e+01
8.9088605e-01     24241  1.9254671e+02  1.9213478e+02  4.3016032e+01
9.6481958e-01     29993  1.7587821e+02  1.7661798e+02  3.5836489e+01
1.0423453e+00     36494  1.6081237e+02  1.6150865e+02  2.9777259e+01
1.1237267e+00     44825  1.4883124e+02  1.4946817e+02  2.4846910e+01
1.2089588e+00     53906  1.3809958e+02  1.3835973e+02  2.0771299e+01
1.2983336e+00     65729  1.2802821e+02  1.2813700e+02  1.7449591e+01
1.3921058e+00     78746  1.1819907e+02  1.1831711e+02  1.4726836e+01
1.4900211e+00     94374  1.0900374e+02  1.0908341e+02  1.2463558e+01
1.5921784e+00    112166  1.0055102e+02  1.0051364e+02  1.0580662e+01
1.6991083e+00    134373  9.2700671e+01  9.2484454e+01  8.9978170e+00
1.8110248e+00    159077  8.5336228e+01  8.5258974e+01  7.6919451e+00
1.9277595e+00    188172  7.8348418e+01  7.8276229e+01  6.5864760e+00
2.0497441e+00    222492  7.1835135e+01  7.1750991e+01  5.6515507e+00
2.1771282e+00    261771  6.5836324e+01  6.5787707e+01  4.8625145e+00
2.3098450e+00    306759  6.0315540e+01  6.0271593e+01  4.1919905e+00
2.4484375e+00    360898  5.4907826e+01  5.4865365e+01  3.6205215e+00
2.5937215e+00    425046  5.0070039e+01  5.0027867e+01  3.1305330e+00
2.7470320e+00    505555  4.5553803e+01  4.5514674e+01  2.7073852e+00
2.9094444e+00    600292  4.1498514e+01  4.1462329e+01  2.3405774e+00
3.0813867e+00    712930  3.7584715e+01  3.7552685e+01  2.0229073e+00
3.2634403e+00    846715  3.4098901e+01  3.4069196e+01  1.7476667e+00
3.4562097e+00   1005596  3.0892641e+01  3.0865482e+01  1.5094483e+00
3.6603648e+00   1194719  2.7786869e+01  2.7762049e+01  1.3032172e+00
3.8766358e+00   1419743  2.4946091e+01  2.4924071e+01  1.1248035e+00
4.1057220e+00   1686576  2.2392551e+01  2.2372355e+01  9.7039425e-01
4.3483372e+00   2003484  2.0075757e+01  2.0057747e+01  8.3697826e-01
4.6052142e+00   2378778  1.8013645e+01  1.7997416e+01  7.2170227e-01
4.8773359e+00   2828400  1.6084845e+01  1.6070233e+01  6.2207286e-01
5.1655179e+00   3356890  1.4386147e+01  1.4373052e+01  5.3604185e-01
5.4707002e+00   3990317  1.2843014e+01  1.2831285e+01  4.6177042e-01
5.7939476e+00   4738457  1.1432482e+01  1.1421888e+01  3.9765597e-01
6.1362572e+00   5629661  1.0178807e+01  1.0169523e+01  3.4238330e-01
6.4988210e+00   6687903  9.0346533e+00  9.0262465e+00  2.9468289e-01
6.8828355e+00   7945758  8.0448335e+00  8.0373463e+00  2.5356331e-01
7.2895050e+00   9436555  7.1505419e+00  7.1437793e+00  2.1812332e-01
7.7201584e+00  11210320  6.3397111e+00  6.3337436e+00  1.8759332e-01
8.1762927e+00  13318613  5.6248074e+00  5.6193754e+00  1.6128867e-01
8.6593661e+00  15819192  4.9971160e+00  4.9923836e+00  1.3864288e-01
9.1709925e+00  18795348  4.4279459e+00  4.4237493e+00  1.1914378e-01
9.7128705e+00  22326034  3.9250888e+00  3.9213761e+00  1.0236680e-01
1.0286736e+01  26520842  3.4777566e+00  3.4743664e+00  8.7925523e-02
1.0894484e+01  31503438  3.0760183e+00  3.0730833e+00  7.5520088e-02
1.1538156e+01  37426927  2.7181859e+00  2.7155833e+00  6.4849084e-02
1.2220385e+01  44525830  2.4001960e+00  2.3978842e+00  5.5666294e-02
