# Power spectrum from CO𝘕CEPT job 4547569 at t = 2.6135364 Gyr, a = 0.28571429
#
# Components:
#   0: matter  (upstream grid size 1024)
#
#                           grid size 1024
# ╭────────────────────────────────────────────────────────────────╮
#                         component 0    (corrected)      (linear)
#                        σ₈ = 2.82e-01  σ₈ = 2.82e-01  σ₈ = 2.78e-01
#  k [Mpc⁻¹]    modes       P [Mpc³]       P [Mpc³]       P [Mpc³]
2.4543693e-02         3  6.7032357e+03  6.7032357e+03  6.7535351e+03
4.6570361e-02        25  3.6369907e+03  3.7088196e+03  3.7215503e+03
8.3521561e-02       124  1.6023257e+03  1.5794399e+03  1.6036846e+03
1.3383638e-01       418  7.4783653e+02  7.4750497e+02  7.1887661e+02
1.8592088e-01       730  4.0373289e+02  4.1139869e+02  4.0297791e+02
2.3260504e-01      1012  2.7568912e+02  2.7214176e+02  2.4099840e+02
2.7635505e-01      1408  2.0647017e+02  2.0793556e+02  1.7899965e+02
3.1919121e-01      1841  1.5359867e+02  1.5170521e+02  1.2469189e+02
3.6464415e-01      2698  1.2140276e+02  1.2207510e+02  9.8529245e+01
4.1290034e-01      3532  9.5295805e+01  9.4759484e+01  7.2878484e+01
4.6319578e-01      4702  7.6901817e+01  7.6294670e+01  5.6581064e+01
5.1570195e-01      6019  6.4795776e+01  6.5424818e+01  4.5762637e+01
5.7047444e-01      7766  5.3696669e+01  5.2937828e+01  3.4897298e+01
6.2844883e-01     10012  4.6564461e+01  4.6555723e+01  2.8721261e+01
6.8955465e-01     12589  3.9448014e+01  3.9776741e+01  2.3412089e+01
7.5323141e-01     15650  3.4085003e+01  3.3885637e+01  1.8662988e+01
8.2032763e-01     19757  2.9383099e+01  2.9079616e+01  1.5206993e+01
8.9088605e-01     24241  2.5996908e+01  2.5941292e+01  1.2663922e+01
9.6481958e-01     29993  2.2838853e+01  2.2934917e+01  1.0550267e+01
1.0423453e+00     36494  2.0166218e+01  2.0253533e+01  8.7664314e+00
1.1237267e+00     44825  1.8136400e+01  1.8214014e+01  7.3149379e+00
1.2089588e+00     53906  1.6263380e+01  1.6294016e+01  6.1150788e+00
1.2983336e+00     65729  1.4650563e+01  1.4663012e+01  5.1371685e+00
1.3921058e+00     78746  1.3256643e+01  1.3269882e+01  4.3355897e+00
1.4900211e+00     94374  1.1980737e+01  1.1989493e+01  3.6692808e+00
1.5921784e+00    112166  1.0941405e+01  1.0937338e+01  3.1149563e+00
1.6991083e+00    134373  9.9754353e+00  9.9521684e+00  2.6489667e+00
1.8110248e+00    159077  9.1672423e+00  9.1589433e+00  2.2645179e+00
1.9277595e+00    188172  8.4212529e+00  8.4134937e+00  1.9390677e+00
2.0497441e+00    222492  7.8067782e+00  7.7976336e+00  1.6638256e+00
2.1771282e+00    261771  7.1945721e+00  7.1892593e+00  1.4315332e+00
2.3098450e+00    306759  6.6543273e+00  6.6494789e+00  1.2341308e+00
2.4484375e+00    360898  6.1712029e+00  6.1664306e+00  1.0658901e+00
2.5937215e+00    425046  5.7416403e+00  5.7368044e+00  9.2163728e-01
2.7470320e+00    505555  5.3331995e+00  5.3286184e+00  7.9706239e-01
2.9094444e+00    600292  4.9566767e+00  4.9523548e+00  6.8907398e-01
3.0813867e+00    712930  4.5893206e+00  4.5854096e+00  5.9555167e-01
3.2634403e+00    846715  4.2598304e+00  4.2561196e+00  5.1452063e-01
3.4562097e+00   1005596  3.9443726e+00  3.9409050e+00  4.4438893e-01
3.6603648e+00   1194719  3.6492142e+00  3.6459546e+00  3.8367430e-01
3.8766358e+00   1419743  3.3762949e+00  3.3733147e+00  3.3114910e-01
4.1057220e+00   1686576  3.1109237e+00  3.1081179e+00  2.8569080e-01
4.3483372e+00   2003484  2.8710583e+00  2.8684826e+00  2.4641293e-01
4.6052142e+00   2378778  2.6457064e+00  2.6433228e+00  2.1247548e-01
4.8773359e+00   2828400  2.4317696e+00  2.4295605e+00  1.8314438e-01
5.1655179e+00   3356890  2.2348521e+00  2.2328178e+00  1.5781665e-01
5.4707002e+00   3990317  2.0427874e+00  2.0409219e+00  1.3595095e-01
5.7939476e+00   4738457  1.8728137e+00  1.8710782e+00  1.1707547e-01
6.1362572e+00   5629661  1.7126365e+00  1.7110744e+00  1.0080301e-01
6.4988210e+00   6687903  1.5664218e+00  1.5649642e+00  8.6759829e-02
6.8828355e+00   7945758  1.4297958e+00  1.4284651e+00  7.4654050e-02
7.2895050e+00   9436555  1.3051015e+00  1.3038672e+00  6.4220344e-02
7.7201584e+00  11210320  1.1905020e+00  1.1893814e+00  5.5232142e-02
8.1762927e+00  13318613  1.0853549e+00  1.0843068e+00  4.7487890e-02
8.6593661e+00  15819192  9.8882626e-01  9.8788982e-01  4.0820812e-02
9.1709925e+00  18795348  8.9892419e-01  8.9807221e-01  3.5080121e-02
9.7128705e+00  22326034  8.1636147e-01  8.1558929e-01  3.0140828e-02
1.0286736e+01  26520842  7.4091255e-01  7.4019030e-01  2.5889169e-02
1.0894484e+01  31503438  6.7274820e-01  6.7210630e-01  2.2236867e-02
1.1538156e+01  37426927  6.1027056e-01  6.0968625e-01  1.9095186e-02
1.2220385e+01  44525830  5.5368604e-01  5.5315274e-01  1.6391639e-02
