# Power spectrum from CO𝘕CEPT job 4547569 at t = 2.9822956 Gyr, a = 0.3125
#
# Components:
#   0: matter  (upstream grid size 1024)
#
#                           grid size 1024
# ╭────────────────────────────────────────────────────────────────╮
#                         component 0    (corrected)      (linear)
#                        σ₈ = 3.08e-01  σ₈ = 3.08e-01  σ₈ = 3.03e-01
#  k [Mpc⁻¹]    modes       P [Mpc³]       P [Mpc³]       P [Mpc³]
2.4543693e-02         3  7.9632342e+03  7.9632342e+03  8.0302277e+03
4.6570361e-02        25  4.3217047e+03  4.4070563e+03  4.4249310e+03
8.3521561e-02       124  1.9053577e+03  1.8781438e+03  1.9067627e+03
1.3383638e-01       418  8.9361878e+02  8.9322259e+02  8.5473316e+02
1.8592088e-01       730  4.8403119e+02  4.9322163e+02  4.7913397e+02
2.3260504e-01      1012  3.3334671e+02  3.2905746e+02  2.8654292e+02
2.7635505e-01      1408  2.5056262e+02  2.5234095e+02  2.1282743e+02
3.1919121e-01      1841  1.8855284e+02  1.8622849e+02  1.4825645e+02
3.6464415e-01      2698  1.4917471e+02  1.5000085e+02  1.1714951e+02
4.1290034e-01      3532  1.1827761e+02  1.1761195e+02  8.6651207e+01
4.6319578e-01      4702  9.6142187e+01  9.5383135e+01  6.7273864e+01
5.1570195e-01      6019  8.1195916e+01  8.1984172e+01  5.4410947e+01
5.7047444e-01      7766  6.7788461e+01  6.6830474e+01  4.1492253e+01
6.2844883e-01     10012  5.9167998e+01  5.9156896e+01  3.4149057e+01
6.8955465e-01     12589  5.0707548e+01  5.1130103e+01  2.7836547e+01
7.5323141e-01     15650  4.4114700e+01  4.3856670e+01  2.2189952e+01
8.2032763e-01     19757  3.8144089e+01  3.7750118e+01  1.8080836e+01
8.9088605e-01     24241  3.4074126e+01  3.4001229e+01  1.5057171e+01
9.6481958e-01     29993  3.0048645e+01  3.0175035e+01  1.2544073e+01
1.0423453e+00     36494  2.6787743e+01  2.6903727e+01  1.0423125e+01
1.1237267e+00     44825  2.4268211e+01  2.4372067e+01  8.6973257e+00
1.2089588e+00     53906  2.1923371e+01  2.1964669e+01  7.2707152e+00
1.2983336e+00     65729  1.9854212e+01  1.9871083e+01  6.1079976e+00
1.3921058e+00     78746  1.8086666e+01  1.8104729e+01  5.1549350e+00
1.4900211e+00     94374  1.6438298e+01  1.6450312e+01  4.3627060e+00
1.5921784e+00    112166  1.5085687e+01  1.5080080e+01  3.7036242e+00
1.6991083e+00    134373  1.3822091e+01  1.3789852e+01  3.1495712e+00
1.8110248e+00    159077  1.2752056e+01  1.2740512e+01  2.6924686e+00
1.9277595e+00    188172  1.1764071e+01  1.1753232e+01  2.3055143e+00
2.0497441e+00    222492  1.0931263e+01  1.0918459e+01  1.9782565e+00
2.1771282e+00    261771  1.0132949e+01  1.0125466e+01  1.7020651e+00
2.3098450e+00    306759  9.3856051e+00  9.3787667e+00  1.4673573e+00
2.4484375e+00    360898  8.7152547e+00  8.7085151e+00  1.2673222e+00
2.5937215e+00    425046  8.1020047e+00  8.0951807e+00  1.0958083e+00
2.7470320e+00    505555  7.5256201e+00  7.5191557e+00  9.4769109e-01
2.9094444e+00    600292  6.9902414e+00  6.9841464e+00  8.1929488e-01
3.0813867e+00    712930  6.4947748e+00  6.4892399e+00  7.0809861e-01
3.2634403e+00    846715  6.0126140e+00  6.0073763e+00  6.1175422e-01
3.4562097e+00   1005596  5.5684193e+00  5.5635240e+00  5.2836895e-01
3.6603648e+00   1194719  5.1514557e+00  5.1468543e+00  4.5618041e-01
3.8766358e+00   1419743  4.7428489e+00  4.7386624e+00  3.9372895e-01
4.1057220e+00   1686576  4.3680709e+00  4.3641313e+00  3.3967990e-01
4.3483372e+00   2003484  4.0085706e+00  4.0049744e+00  2.9297927e-01
4.6052142e+00   2378778  3.6745759e+00  3.6712654e+00  2.5262829e-01
4.8773359e+00   2828400  3.3621870e+00  3.3591327e+00  2.1775419e-01
5.1655179e+00   3356890  3.0688491e+00  3.0660557e+00  1.8764002e-01
5.4707002e+00   3990317  2.7897160e+00  2.7871684e+00  1.6164214e-01
5.7939476e+00   4738457  2.5377889e+00  2.5354373e+00  1.3919957e-01
6.1362572e+00   5629661  2.3051944e+00  2.3030918e+00  1.1985195e-01
6.4988210e+00   6687903  2.0937874e+00  2.0918391e+00  1.0315490e-01
6.8828355e+00   7945758  1.8990535e+00  1.8972861e+00  8.8761379e-02
7.2895050e+00   9436555  1.7192786e+00  1.7176526e+00  7.6355926e-02
7.7201584e+00  11210320  1.5528649e+00  1.5514032e+00  6.5669149e-02
8.1762927e+00  13318613  1.4032588e+00  1.4019037e+00  5.6461406e-02
8.6593661e+00  15819192  1.2690709e+00  1.2678690e+00  4.8534401e-02
9.1709925e+00  18795348  1.1443840e+00  1.1432994e+00  4.1708853e-02
9.7128705e+00  22326034  1.0311707e+00  1.0301953e+00  3.5836151e-02
1.0286736e+01  26520842  9.2923871e-01  9.2833288e-01  3.0781034e-02
1.0894484e+01  31503438  8.3702422e-01  8.3622558e-01  2.6438540e-02
1.1538156e+01  37426927  7.5407694e-01  7.5335494e-01  2.2703163e-02
1.2220385e+01  44525830  6.7956472e-01  6.7891018e-01  1.9488720e-02
