# Power spectrum from CO𝘕CEPT job 4547569 at t = 2.1446321 Gyr, a = 0.25
#
# Components:
#   0: matter  (upstream grid size 1024)
#
#                           grid size 1024
# ╭────────────────────────────────────────────────────────────────╮
#                         component 0    (corrected)      (linear)
#                        σ₈ = 2.46e-01  σ₈ = 2.47e-01  σ₈ = 2.44e-01
#  k [Mpc⁻¹]    modes       P [Mpc³]       P [Mpc³]       P [Mpc³]
2.4543693e-02         3  5.1733271e+03  5.1733271e+03  5.2061140e+03
4.6570361e-02        25  2.8058588e+03  2.8612731e+03  2.8689709e+03
8.3521561e-02       124  1.2355940e+03  1.2179462e+03  1.2363044e+03
1.3383638e-01       418  5.7274782e+02  5.7249389e+02  5.5422045e+02
1.8592088e-01       730  3.0818565e+02  3.1403726e+02  3.1053681e+02
2.3260504e-01      1012  2.0790487e+02  2.0522971e+02  1.8579265e+02
2.7635505e-01      1408  1.5499835e+02  1.5609842e+02  1.3797379e+02
3.1919121e-01      1841  1.1359418e+02  1.1219386e+02  9.6108118e+01
3.6464415e-01      2698  8.9643683e+01  9.0140136e+01  7.5958112e+01
4.1290034e-01      3532  6.9539091e+01  6.9147728e+01  5.6183171e+01
4.6319578e-01      4702  5.5541814e+01  5.5103306e+01  4.3619881e+01
5.1570195e-01      6019  4.6604466e+01  4.7056905e+01  3.5279480e+01
5.7047444e-01      7766  3.8259085e+01  3.7718408e+01  2.6903325e+01
6.2844883e-01     10012  3.2827234e+01  3.2821075e+01  2.2141954e+01
6.8955465e-01     12589  2.7393546e+01  2.7621821e+01  1.8048914e+01
7.5323141e-01     15650  2.3488176e+01  2.3350792e+01  1.4387855e+01
8.2032763e-01     19757  2.0149820e+01  1.9941702e+01  1.1723546e+01
8.9088605e-01     24241  1.7586702e+01  1.7549078e+01  9.7629728e+00
9.6481958e-01     29993  1.5328470e+01  1.5392944e+01  8.1334759e+00
1.0423453e+00     36494  1.3367692e+01  1.3425571e+01  6.7582665e+00
1.1237267e+00     44825  1.1867433e+01  1.1918219e+01  5.6392702e+00
1.2089588e+00     53906  1.0555751e+01  1.0575635e+01  4.7142633e+00
1.2983336e+00     65729  9.4041182e+00  9.4121091e+00  3.9603641e+00
1.3921058e+00     78746  8.4281722e+00  8.4365891e+00  3.3424068e+00
1.4900211e+00     94374  7.5628832e+00  7.5684106e+00  2.8287358e+00
1.5921784e+00    112166  6.8297815e+00  6.8272427e+00  2.4013970e+00
1.6991083e+00    134373  6.1715006e+00  6.1571060e+00  2.0421565e+00
1.8110248e+00    159077  5.6303310e+00  5.6252340e+00  1.7457758e+00
1.9277595e+00    188172  5.1435239e+00  5.1387848e+00  1.4948774e+00
2.0497441e+00    222492  4.7105169e+00  4.7049992e+00  1.2826854e+00
2.1771282e+00    261771  4.3202187e+00  4.3170284e+00  1.1036047e+00
2.3098450e+00    306759  3.9681687e+00  3.9652775e+00  9.5142196e-01
2.4484375e+00    360898  3.6717753e+00  3.6689359e+00  8.2172110e-01
2.5937215e+00    425046  3.3965289e+00  3.3936682e+00  7.1051322e-01
2.7470320e+00    505555  3.1378274e+00  3.1351321e+00  6.1447556e-01
2.9094444e+00    600292  2.8944891e+00  2.8919652e+00  5.3122483e-01
3.0813867e+00    712930  2.6755527e+00  2.6732725e+00  4.5912638e-01
3.2634403e+00    846715  2.4804919e+00  2.4783311e+00  3.9665773e-01
3.4562097e+00   1005596  2.3022608e+00  2.3002368e+00  3.4259165e-01
3.6603648e+00   1194719  2.1366043e+00  2.1346958e+00  2.9578541e-01
3.8766358e+00   1419743  1.9765786e+00  1.9748339e+00  2.5529255e-01
4.1057220e+00   1686576  1.8266708e+00  1.8250233e+00  2.2024765e-01
4.3483372e+00   2003484  1.6867615e+00  1.6852482e+00  1.8996732e-01
4.6052142e+00   2378778  1.5592503e+00  1.5578455e+00  1.6380398e-01
4.8773359e+00   2828400  1.4356570e+00  1.4343528e+00  1.4119177e-01
5.1655179e+00   3356890  1.3235219e+00  1.3223172e+00  1.2166588e-01
5.4707002e+00   3990317  1.2196066e+00  1.2184928e+00  1.0480899e-01
5.7939476e+00   4738457  1.1230871e+00  1.1220464e+00  9.0257376e-02
6.1362572e+00   5629661  1.0361755e+00  1.0352304e+00  7.7712514e-02
6.4988210e+00   6687903  9.5718142e-01  9.5629076e-01  6.6886260e-02
6.8828355e+00   7945758  8.8507576e-01  8.8425203e-01  5.7553592e-02
7.2895050e+00   9436555  8.1922931e-01  8.1845452e-01  4.9509958e-02
7.7201584e+00  11210320  7.5870359e-01  7.5798943e-01  4.2580694e-02
8.1762927e+00  13318613  7.0349422e-01  7.0281485e-01  3.6610423e-02
8.6593661e+00  15819192  6.5270575e-01  6.5208762e-01  3.1470574e-02
9.1709925e+00  18795348  6.0456539e-01  6.0399240e-01  2.7044903e-02
9.7128705e+00  22326034  5.5902222e-01  5.5849345e-01  2.3237052e-02
1.0286736e+01  26520842  5.1662178e-01  5.1611817e-01  1.9959316e-02
1.0894484e+01  31503438  4.7711575e-01  4.7666052e-01  1.7143639e-02
1.1538156e+01  37426927  4.4023245e-01  4.3981094e-01  1.4721611e-02
1.2220385e+01  44525830  4.0564494e-01  4.0525424e-01  1.2637353e-02
