# Power spectrum from CO𝘕CEPT job 4547569 at t = 3.82173 Gyr, a = 0.37037037
#
# Components:
#   0: matter  (upstream grid size 1024)
#
#                           grid size 1024
# ╭────────────────────────────────────────────────────────────────╮
#                         component 0    (corrected)      (linear)
#                        σ₈ = 3.65e-01  σ₈ = 3.65e-01  σ₈ = 3.56e-01
#  k [Mpc⁻¹]    modes       P [Mpc³]       P [Mpc³]       P [Mpc³]
2.4543693e-02         3  1.0982831e+04  1.0982831e+04  1.1097761e+04
4.6570361e-02        25  5.9631239e+03  6.0808928e+03  6.1148434e+03
8.3521561e-02       124  2.6359779e+03  2.5983287e+03  2.6349067e+03
1.3383638e-01       418  1.2483270e+03  1.2477735e+03  1.1811253e+03
1.8592088e-01       730  6.8229613e+02  6.9525110e+02  6.6209661e+02
2.3260504e-01      1012  4.7776463e+02  4.7161712e+02  3.9596216e+02
2.7635505e-01      1408  3.6221143e+02  3.6478216e+02  2.9409755e+02
3.1919121e-01      1841  2.7919997e+02  2.7575819e+02  2.0486947e+02
3.6464415e-01      2698  2.2126286e+02  2.2248823e+02  1.6188404e+02
4.1290034e-01      3532  1.7983106e+02  1.7881898e+02  1.1973969e+02
4.6319578e-01      4702  1.4801741e+02  1.4684880e+02  9.2962933e+01
5.1570195e-01      6019  1.2543399e+02  1.2665171e+02  7.5188200e+01
5.7047444e-01      7766  1.0623351e+02  1.0473222e+02  5.7336395e+01
6.2844883e-01     10012  9.3884457e+01  9.3866841e+01  4.7189138e+01
6.8955465e-01     12589  8.2081376e+01  8.2765374e+01  3.8466144e+01
7.5323141e-01     15650  7.2555880e+01  7.2131496e+01  3.0663352e+01
8.2032763e-01     19757  6.3196301e+01  6.2543578e+01  2.4985137e+01
8.9088605e-01     24241  5.7432041e+01  5.7309175e+01  2.0806862e+01
9.6481958e-01     29993  5.0909186e+01  5.1123318e+01  1.7334119e+01
1.0423453e+00     36494  4.6241124e+01  4.6441336e+01  1.4403270e+01
1.1237267e+00     44825  4.2105725e+01  4.2285916e+01  1.2018461e+01
1.2089588e+00     53906  3.8700904e+01  3.8773807e+01  1.0047088e+01
1.2983336e+00     65729  3.5295798e+01  3.5325790e+01  8.4403779e+00
1.3921058e+00     78746  3.2493250e+01  3.2525700e+01  7.1233811e+00
1.4900211e+00     94374  2.9783307e+01  2.9805074e+01  6.0286334e+00
1.5921784e+00    112166  2.7749396e+01  2.7739081e+01  5.1178764e+00
1.6991083e+00    134373  2.5368927e+01  2.5309756e+01  4.3522541e+00
1.8110248e+00    159077  2.3525397e+01  2.3504100e+01  3.7206035e+00
1.9277595e+00    188172  2.1748052e+01  2.1728014e+01  3.1858879e+00
2.0497441e+00    222492  2.0136191e+01  2.0112604e+01  2.7336643e+00
2.1771282e+00    261771  1.8768876e+01  1.8755016e+01  2.3520072e+00
2.3098450e+00    306759  1.7406225e+01  1.7393543e+01  2.0276745e+00
2.4484375e+00    360898  1.6137023e+01  1.6124544e+01  1.7512547e+00
2.5937215e+00    425046  1.4987094e+01  1.4974471e+01  1.5142470e+00
2.7470320e+00    505555  1.3912154e+01  1.3900204e+01  1.3095702e+00
2.9094444e+00    600292  1.2824079e+01  1.2812898e+01  1.1321451e+00
3.0813867e+00    712930  1.1837437e+01  1.1827349e+01  9.7848776e-01
3.2634403e+00    846715  1.0905592e+01  1.0896091e+01  8.4535364e-01
3.4562097e+00   1005596  1.0039747e+01  1.0030921e+01  7.3012719e-01
3.6603648e+00   1194719  9.1912375e+00  9.1830276e+00  6.3037301e-01
3.8766358e+00   1419743  8.4292330e+00  8.4217925e+00  5.4407408e-01
4.1057220e+00   1686576  7.6893178e+00  7.6823828e+00  4.6938610e-01
4.3483372e+00   2003484  6.9819246e+00  6.9756610e+00  4.0485257e-01
4.6052142e+00   2378778  6.3439706e+00  6.3382551e+00  3.4909337e-01
4.8773359e+00   2828400  5.7415528e+00  5.7363370e+00  3.0090243e-01
5.1655179e+00   3356890  5.1801520e+00  5.1754367e+00  2.5928903e-01
5.4707002e+00   3990317  4.6655913e+00  4.6613306e+00  2.2336376e-01
5.7939476e+00   4738457  4.2010998e+00  4.1972068e+00  1.9235141e-01
6.1362572e+00   5629661  3.7798452e+00  3.7763975e+00  1.6561584e-01
6.4988210e+00   6687903  3.3958567e+00  3.3926969e+00  1.4254297e-01
6.8828355e+00   7945758  3.0464395e+00  3.0436042e+00  1.2265327e-01
7.2895050e+00   9436555  2.7319603e+00  2.7293766e+00  1.0551078e-01
7.7201584e+00  11210320  2.4507510e+00  2.4484442e+00  9.0743253e-02
8.1762927e+00  13318613  2.1915252e+00  2.1894088e+00  7.8019540e-02
8.6593661e+00  15819192  1.9585578e+00  1.9567030e+00  6.7065622e-02
9.1709925e+00  18795348  1.7501119e+00  1.7484532e+00  5.7633759e-02
9.7128705e+00  22326034  1.5625983e+00  1.5611202e+00  4.9518592e-02
1.0286736e+01  26520842  1.3935532e+00  1.3921947e+00  4.2533208e-02
1.0894484e+01  31503438  1.2440716e+00  1.2428846e+00  3.6532565e-02
1.1538156e+01  37426927  1.1100431e+00  1.1089803e+00  3.1370871e-02
1.2220385e+01  44525830  9.9046058e-01  9.8950660e-01  2.6929030e-02
