# Power spectrum from CO𝘕CEPT job 4563717 at t = 3.1247268 Gyr, a = 0.32258065
#
# Components:
#   0: matter  (upstream grid size 1024)
#
#                           grid size 1024
# ╭────────────────────────────────────────────────────────────────╮
#                         component 0    (corrected)      (linear)
#                        σ₈ = 3.39e-01  σ₈ = 3.39e-01  σ₈ = 3.33e-01
#  k [Mpc⁻¹]    modes       P [Mpc³]       P [Mpc³]       P [Mpc³]
2.4543693e-02         3  8.8135725e+03  8.8135725e+03  8.8943898e+03
4.6570361e-02        25  5.0634102e+03  5.1949009e+03  5.2189400e+03
8.3521561e-02       124  2.2677661e+03  2.2491495e+03  2.2845065e+03
1.3383638e-01       418  1.0954763e+03  1.1134367e+03  1.0642931e+03
1.8592088e-01       730  5.9141248e+02  5.9054430e+02  5.6708907e+02
2.3260504e-01      1012  4.2155266e+02  4.2013633e+02  3.6383837e+02
2.7635505e-01      1408  3.1320945e+02  3.1212614e+02  2.5601207e+02
3.1919121e-01      1841  2.4273113e+02  2.4213880e+02  1.8961107e+02
3.6464415e-01      2698  1.9142277e+02  1.9091825e+02  1.4286693e+02
4.1290034e-01      3532  1.5447079e+02  1.5405667e+02  1.0912475e+02
4.6319578e-01      4702  1.2669051e+02  1.2638815e+02  8.4796991e+01
5.1570195e-01      6019  1.0728710e+02  1.0705911e+02  6.6789296e+01
5.7047444e-01      7766  9.0630859e+01  9.0450427e+01  5.3223163e+01
6.2844883e-01     10012  7.9735339e+01  7.9585520e+01  4.2714669e+01
6.8955465e-01     12589  6.9301397e+01  6.9181549e+01  3.4526139e+01
7.5323141e-01     15650  6.0886944e+01  6.0788863e+01  2.8145935e+01
8.2032763e-01     19757  5.3008346e+01  5.2925418e+01  2.3069207e+01
8.9088605e-01     24241  4.7845423e+01  4.7775733e+01  1.9006881e+01
9.6481958e-01     29993  4.2386829e+01  4.2327461e+01  1.5743329e+01
1.0423453e+00     36494  3.8263396e+01  3.8212811e+01  1.3100855e+01
1.1237267e+00     44825  3.4879156e+01  3.4834232e+01  1.0945635e+01
1.2089588e+00     53906  3.1878572e+01  3.1839841e+01  9.1817952e+00
1.2983336e+00     65729  2.9016533e+01  2.8982040e+01  7.7287445e+00
1.3921058e+00     78746  2.6651550e+01  2.6621345e+01  6.5254577e+00
1.4900211e+00     94374  2.4396456e+01  2.4369795e+01  5.5290964e+00
1.5921784e+00    112166  2.2590090e+01  2.2566451e+01  4.7006928e+00
1.6991083e+00    134373  2.0707577e+01  2.0686333e+01  4.0067513e+00
1.8110248e+00    159077  1.9194517e+01  1.9175536e+01  3.4234251e+00
1.9277595e+00    188172  1.7780585e+01  1.7763545e+01  2.9329821e+00
2.0497441e+00    222492  1.6534444e+01  1.6519003e+01  2.5184127e+00
2.1771282e+00    261771  1.5416172e+01  1.5402193e+01  2.1671189e+00
2.3098450e+00    306759  1.4307402e+01  1.4294829e+01  1.8691775e+00
2.4484375e+00    360898  1.3336163e+01  1.3324656e+01  1.6151504e+00
2.5937215e+00    425046  1.2400144e+01  1.2389577e+01  1.3972651e+00
2.7470320e+00    505555  1.1512188e+01  1.1502297e+01  1.2089513e+00
2.9094444e+00    600292  1.0657427e+01  1.0648227e+01  1.0455767e+00
3.0813867e+00    712930  9.8772714e+00  9.8687014e+00  9.0399242e-01
3.2634403e+00    846715  9.1462995e+00  9.1383239e+00  7.8132252e-01
3.4562097e+00   1005596  8.4267600e+00  8.4193761e+00  6.7507505e-01
3.6603648e+00   1194719  7.7465055e+00  7.7396799e+00  5.8307020e-01
3.8766358e+00   1419743  7.1019194e+00  7.0956251e+00  5.0341190e-01
4.1057220e+00   1686576  6.4974466e+00  6.4916594e+00  4.3447964e-01
4.3483372e+00   2003484  5.9137652e+00  5.9084728e+00  3.7486425e-01
4.6052142e+00   2378778  5.3921333e+00  5.3872898e+00  3.2333768e-01
4.8773359e+00   2828400  4.8932314e+00  4.8888080e+00  2.7879510e-01
5.1655179e+00   3356890  4.4373897e+00  4.4333676e+00  2.4031643e-01
5.4707002e+00   3990317  4.0140322e+00  4.0103730e+00  2.0708828e-01
5.7939476e+00   4738457  3.6256178e+00  3.6223011e+00  1.7839867e-01
6.1362572e+00   5629661  3.2730016e+00  3.2699942e+00  1.5364128e-01
6.4988210e+00   6687903  2.9474300e+00  2.9447104e+00  1.3228017e-01
6.8828355e+00   7945758  2.6554338e+00  2.6529733e+00  1.1385576e-01
7.2895050e+00   9436555  2.3874403e+00  2.3852206e+00  9.7971867e-02
7.7201584e+00  11210320  2.1444563e+00  2.1424547e+00  8.4282414e-02
8.1762927e+00  13318613  1.9254987e+00  1.9236943e+00  7.2485656e-02
8.6593661e+00  15819192  1.7269067e+00  1.7252829e+00  6.2324042e-02
9.1709925e+00  18795348  1.5457312e+00  1.5442720e+00  5.3573087e-02
9.7128705e+00  22326034  1.3841186e+00  1.3828076e+00  4.6039000e-02
1.0286736e+01  26520842  1.2393282e+00  1.2381504e+00  3.9554970e-02
1.0894484e+01  31503438  1.1075189e+00  1.1064628e+00  3.3976054e-02
1.1538156e+01  37426927  9.9044512e-01  9.8949735e-01  2.9176888e-02
1.2220385e+01  44525830  8.8643508e-01  8.8558177e-01  2.5046818e-02
