# Power spectrum from CO𝘕CEPT job 4563717 at t = 5.1235997 Gyr, a = 0.45454545
#
# Components:
#   0: matter  (upstream grid size 1024)
#
#                           grid size 1024
# ╭────────────────────────────────────────────────────────────────╮
#                         component 0    (corrected)      (linear)
#                        σ₈ = 4.74e-01  σ₈ = 4.75e-01  σ₈ = 4.58e-01
#  k [Mpc⁻¹]    modes       P [Mpc³]       P [Mpc³]       P [Mpc³]
2.4543693e-02         3  1.6631712e+04  1.6631712e+04  1.6869139e+04
4.6570361e-02        25  9.5579566e+03  9.8061652e+03  9.8968707e+03
8.3521561e-02       124  4.3231607e+03  4.2876710e+03  4.3319722e+03
1.3383638e-01       418  2.1254019e+03  2.1602478e+03  2.0181225e+03
1.8592088e-01       730  1.1826883e+03  1.1809521e+03  1.0753140e+03
2.3260504e-01      1012  8.6597462e+02  8.6306512e+02  6.8990872e+02
2.7635505e-01      1408  6.6427178e+02  6.6197423e+02  4.8544845e+02
3.1919121e-01      1841  5.3799113e+02  5.3667829e+02  3.5953906e+02
3.6464415e-01      2698  4.2863623e+02  4.2750651e+02  2.7090304e+02
4.1290034e-01      3532  3.6707241e+02  3.6608833e+02  2.0692134e+02
4.6319578e-01      4702  3.0911473e+02  3.0837699e+02  1.6079123e+02
5.1570195e-01      6019  2.6477736e+02  2.6421468e+02  1.2664518e+02
5.7047444e-01      7766  2.2745627e+02  2.2700344e+02  1.0092120e+02
6.2844883e-01     10012  2.0437115e+02  2.0398714e+02  8.0995093e+01
6.8955465e-01     12589  1.8353622e+02  1.8321882e+02  6.5468082e+01
7.5323141e-01     15650  1.6551452e+02  1.6524790e+02  5.3370003e+01
8.2032763e-01     19757  1.4656354e+02  1.4633425e+02  4.3743563e+01
8.9088605e-01     24241  1.3593355e+02  1.3573556e+02  3.6040622e+01
9.6481958e-01     29993  1.2265069e+02  1.2247891e+02  2.9852310e+01
1.0423453e+00     36494  1.1345790e+02  1.1330790e+02  2.4841677e+01
1.1237267e+00     44825  1.0380925e+02  1.0367555e+02  2.0754973e+01
1.2089588e+00     53906  9.6133860e+01  9.6017062e+01  1.7410400e+01
1.2983336e+00     65729  8.8856712e+01  8.8751084e+01  1.4655141e+01
1.3921058e+00     78746  8.1224915e+01  8.1132860e+01  1.2373483e+01
1.4900211e+00     94374  7.5252411e+01  7.5170174e+01  1.0484194e+01
1.5921784e+00    112166  6.9287261e+01  6.9214754e+01  8.9133844e+00
1.6991083e+00    134373  6.4262818e+01  6.4196889e+01  7.5975406e+00
1.8110248e+00    159077  5.9480788e+01  5.9421967e+01  6.4914445e+00
1.9277595e+00    188172  5.4760083e+01  5.4707604e+01  5.5614722e+00
2.0497441e+00    222492  5.0654352e+01  5.0607048e+01  4.7753708e+00
2.1771282e+00    261771  4.6754716e+01  4.6712320e+01  4.1092518e+00
2.3098450e+00    306759  4.2888480e+01  4.2850790e+01  3.5442991e+00
2.4484375e+00    360898  3.9565147e+01  3.9531008e+01  3.0626162e+00
2.5937215e+00    425046  3.6286724e+01  3.6255804e+01  2.6494648e+00
2.7470320e+00    505555  3.3245578e+01  3.3217014e+01  2.2923867e+00
2.9094444e+00    600292  3.0379881e+01  3.0353656e+01  1.9825981e+00
3.0813867e+00    712930  2.7745442e+01  2.7721368e+01  1.7141279e+00
3.2634403e+00    846715  2.5159630e+01  2.5137691e+01  1.4815230e+00
3.4562097e+00   1005596  2.2831297e+01  2.2811291e+01  1.2800581e+00
3.6603648e+00   1194719  2.0670880e+01  2.0652666e+01  1.1055999e+00
3.8766358e+00   1419743  1.8611047e+01  1.8594552e+01  9.5455307e-01
4.1057220e+00   1686576  1.6807386e+01  1.6792416e+01  8.2384483e-01
4.3483372e+00   2003484  1.5167781e+01  1.5154207e+01  7.1080314e-01
4.6052142e+00   2378778  1.3625133e+01  1.3612895e+01  6.1309936e-01
4.8773359e+00   2828400  1.2187541e+01  1.2176524e+01  5.2863854e-01
5.1655179e+00   3356890  1.0951974e+01  1.0942047e+01  4.5567603e-01
5.4707002e+00   3990317  9.7953537e+00  9.7864243e+00  3.9266951e-01
5.7939476e+00   4738457  8.7410481e+00  8.7330518e+00  3.3826889e-01
6.1362572e+00   5629661  7.7998609e+00  7.7926939e+00  2.9132449e-01
6.4988210e+00   6687903  6.9512035e+00  6.9447896e+00  2.5082008e-01
6.8828355e+00   7945758  6.1982417e+00  6.1924985e+00  2.1588420e-01
7.2895050e+00   9436555  5.5183262e+00  5.5131956e+00  1.8576562e-01
7.7201584e+00  11210320  4.9083200e+00  4.9037385e+00  1.5980810e-01
8.1762927e+00  13318613  4.3582451e+00  4.3541609e+00  1.3743947e-01
8.6593661e+00  15819192  3.8699204e+00  3.8662816e+00  1.1817138e-01
9.1709925e+00  18795348  3.4371259e+00  3.4338812e+00  1.0157816e-01
9.7128705e+00  22326034  3.0473259e+00  3.0444395e+00  8.7292349e-02
1.0286736e+01  26520842  2.7006671e+00  2.6981003e+00  7.4997633e-02
1.0894484e+01  31503438  2.3922964e+00  2.3900151e+00  6.4419176e-02
1.1538156e+01  37426927  2.1208502e+00  2.1188207e+00  5.5319267e-02
1.2220385e+01  44525830  1.8778181e+00  1.8760104e+00  4.7488084e-02
