# Power spectrum from CO𝘕CEPT job 4563717 at t = 3.4448053 Gyr, a = 0.34482759
#
# Components:
#   0: matter  (upstream grid size 1024)
#
#                           grid size 1024
# ╭────────────────────────────────────────────────────────────────╮
#                         component 0    (corrected)      (linear)
#                        σ₈ = 3.62e-01  σ₈ = 3.63e-01  σ₈ = 3.55e-01
#  k [Mpc⁻¹]    modes       P [Mpc³]       P [Mpc³]       P [Mpc³]
2.4543693e-02         3  1.0002677e+04  1.0002677e+04  1.0102553e+04
4.6570361e-02        25  5.7472535e+03  5.8965028e+03  5.9276989e+03
8.3521561e-02       124  2.5768001e+03  2.5556466e+03  2.5947305e+03
1.3383638e-01       418  1.2490376e+03  1.2695156e+03  1.2088151e+03
1.8592088e-01       730  6.7742390e+02  6.7642945e+02  6.4409441e+02
2.3260504e-01      1012  4.8538078e+02  4.8375000e+02  4.1324403e+02
2.7635505e-01      1408  3.6242731e+02  3.6117377e+02  2.9077593e+02
3.1919121e-01      1841  2.8315007e+02  2.8245911e+02  2.1535832e+02
3.6464415e-01      2698  2.2376359e+02  2.2317384e+02  1.6226679e+02
4.1290034e-01      3532  1.8230502e+02  1.8181627e+02  1.2394276e+02
4.6319578e-01      4702  1.5027992e+02  1.4992126e+02  9.6311539e+01
5.1570195e-01      6019  1.2740610e+02  1.2713535e+02  7.5858584e+01
5.7047444e-01      7766  1.0818595e+02  1.0797057e+02  6.0450310e+01
6.2844883e-01     10012  9.5668337e+01  9.5488581e+01  4.8514871e+01
6.8955465e-01     12589  8.3748600e+01  8.3603767e+01  3.9214424e+01
7.5323141e-01     15650  7.4049416e+01  7.3930132e+01  3.1967855e+01
8.2032763e-01     19757  6.4670201e+01  6.4569029e+01  2.6201760e+01
8.9088605e-01     24241  5.8745735e+01  5.8660168e+01  2.1587813e+01
9.6481958e-01     29993  5.2126162e+01  5.2053153e+01  1.7881105e+01
1.0423453e+00     36494  4.7392830e+01  4.7330177e+01  1.4879810e+01
1.1237267e+00     44825  4.3211778e+01  4.3156123e+01  1.2431934e+01
1.2089588e+00     53906  3.9750947e+01  3.9702652e+01  1.0428584e+01
1.2983336e+00     65729  3.6252533e+01  3.6209438e+01  8.7782241e+00
1.3921058e+00     78746  3.3408780e+01  3.3370917e+01  7.4115438e+00
1.4900211e+00     94374  3.0639224e+01  3.0605741e+01  6.2798872e+00
1.5921784e+00    112166  2.8556647e+01  2.8526764e+01  5.3389951e+00
1.6991083e+00    134373  2.6119818e+01  2.6093021e+01  4.5508237e+00
1.8110248e+00    159077  2.4243374e+01  2.4219399e+01  3.8882881e+00
1.9277595e+00    188172  2.2417733e+01  2.2396249e+01  3.3312481e+00
2.0497441e+00    222492  2.0769018e+01  2.0749623e+01  2.8603846e+00
2.1771282e+00    261771  1.9357556e+01  1.9340003e+01  2.4613889e+00
2.3098450e+00    306759  1.7955469e+01  1.7939690e+01  2.1229902e+00
2.4484375e+00    360898  1.6661050e+01  1.6646674e+01  1.8344690e+00
2.5937215e+00    425046  1.5471512e+01  1.5458329e+01  1.5869972e+00
2.7470320e+00    505555  1.4365895e+01  1.4353551e+01  1.3731125e+00
2.9094444e+00    600292  1.3250798e+01  1.3239359e+01  1.1875534e+00
3.0813867e+00    712930  1.2232682e+01  1.2222068e+01  1.0267435e+00
3.2634403e+00    846715  1.1269196e+01  1.1259369e+01  8.8741636e-01
3.4562097e+00   1005596  1.0379296e+01  1.0370201e+01  7.6674166e-01
3.6603648e+00   1194719  9.5029396e+00  9.4945664e+00  6.6224356e-01
3.8766358e+00   1419743  8.7147951e+00  8.7070713e+00  5.7176856e-01
4.1057220e+00   1686576  7.9535271e+00  7.9464430e+00  4.9347607e-01
4.3483372e+00   2003484  7.2250400e+00  7.2185741e+00  4.2576558e-01
4.6052142e+00   2378778  6.5696680e+00  6.5637668e+00  3.6724229e-01
4.8773359e+00   2828400  5.9468712e+00  5.9414953e+00  3.1665133e-01
5.1655179e+00   3356890  5.3718165e+00  5.3669475e+00  2.7294770e-01
5.4707002e+00   3990317  4.8379372e+00  4.8335269e+00  2.3520756e-01
5.7939476e+00   4738457  4.3577698e+00  4.3537834e+00  2.0262224e-01
6.1362572e+00   5629661  3.9216282e+00  3.9180247e+00  1.7450309e-01
6.4988210e+00   6687903  3.5223581e+00  3.5191081e+00  1.5024141e-01
6.8828355e+00   7945758  3.1576158e+00  3.1546900e+00  1.2931519e-01
7.2895050e+00   9436555  2.8327721e+00  2.8301384e+00  1.1127447e-01
7.7201584e+00  11210320  2.5388219e+00  2.5364522e+00  9.5726169e-02
8.1762927e+00  13318613  2.2703824e+00  2.2682548e+00  8.2327567e-02
8.6593661e+00  15819192  2.0287124e+00  2.0268048e+00  7.0786145e-02
9.1709925e+00  18795348  1.8129438e+00  1.8112323e+00  6.0846933e-02
9.7128705e+00  22326034  1.6176447e+00  1.6161124e+00  5.2289826e-02
1.0286736e+01  26520842  1.4419363e+00  1.4405659e+00  4.4925362e-02
1.0894484e+01  31503438  1.2862821e+00  1.2850555e+00  3.8588916e-02
1.1538156e+01  37426927  1.1476047e+00  1.1465065e+00  3.3138100e-02
1.2220385e+01  44525830  1.0234262e+00  1.0224410e+00  2.8447237e-02
