# Power spectrum from CO𝘕CEPT job 4563717 at t = 12.44552 Gyr, a = 0.90909091
#
# Components:
#   0: matter  (upstream grid size 1024)
#
#                           grid size 1024
# ╭────────────────────────────────────────────────────────────────╮
#                         component 0    (corrected)      (linear)
#                        σ₈ = 8.49e-01  σ₈ = 8.51e-01  σ₈ = 7.77e-01
#  k [Mpc⁻¹]    modes       P [Mpc³]       P [Mpc³]       P [Mpc³]
2.4543693e-02         3  4.7040797e+04  4.7040797e+04  4.8504871e+04
4.6570361e-02        25  2.6924782e+04  2.7623986e+04  2.8448421e+04
8.3521561e-02       124  1.3033326e+04  1.2926333e+04  1.2450671e+04
1.3383638e-01       418  6.6609707e+03  6.7701772e+03  5.8001197e+03
1.8592088e-01       730  4.0359592e+03  4.0300345e+03  3.0904300e+03
2.3260504e-01      1012  3.0829874e+03  3.0726292e+03  1.9827725e+03
2.7635505e-01      1408  2.5388345e+03  2.5300533e+03  1.3951572e+03
3.1919121e-01      1841  2.2786071e+03  2.2730467e+03  1.0332975e+03
3.6464415e-01      2698  1.8962343e+03  1.8912366e+03  7.7856096e+02
4.1290034e-01      3532  1.7258493e+03  1.7212224e+03  5.9468040e+02
4.6319578e-01      4702  1.4793136e+03  1.4757831e+03  4.6210471e+02
5.1570195e-01      6019  1.3308370e+03  1.3280088e+03  3.6397076e+02
5.7047444e-01      7766  1.2335947e+03  1.2311388e+03  2.9004144e+02
6.2844883e-01     10012  1.1223660e+03  1.1202572e+03  2.3277492e+02
6.8955465e-01     12589  1.0098223e+03  1.0080759e+03  1.8815119e+02
7.5323141e-01     15650  9.2829366e+02  9.2679830e+02  1.5338202e+02
8.2032763e-01     19757  8.5049652e+02  8.4916598e+02  1.2571621e+02
8.9088605e-01     24241  7.8610896e+02  7.8496394e+02  1.0357842e+02
9.6481958e-01     29993  7.0780289e+02  7.0681152e+02  8.5793592e+01
1.0423453e+00     36494  6.5456975e+02  6.5370441e+02  7.1393345e+01
1.1237267e+00     44825  5.9020764e+02  5.8944747e+02  5.9648410e+01
1.2089588e+00     53906  5.4115036e+02  5.4049289e+02  5.0036318e+01
1.2983336e+00     65729  4.9508456e+02  4.9449603e+02  4.2117879e+01
1.3921058e+00     78746  4.4994509e+02  4.4943516e+02  3.5560536e+01
1.4900211e+00     94374  4.1141921e+02  4.1096960e+02  3.0130841e+01
1.5921784e+00    112166  3.7483954e+02  3.7444728e+02  2.5616435e+01
1.6991083e+00    134373  3.3879995e+02  3.3845236e+02  2.1834785e+01
1.8110248e+00    159077  3.0761186e+02  3.0730767e+02  1.8655937e+01
1.9277595e+00    188172  2.7939397e+02  2.7912622e+02  1.5983257e+01
2.0497441e+00    222492  2.5327368e+02  2.5303716e+02  1.3724053e+01
2.1771282e+00    261771  2.3054693e+02  2.3033788e+02  1.1809671e+01
2.3098450e+00    306759  2.0852475e+02  2.0834149e+02  1.0186035e+01
2.4484375e+00    360898  1.8871955e+02  1.8855671e+02  8.8017105e+00
2.5937215e+00    425046  1.7071530e+02  1.7056983e+02  7.6143412e+00
2.7470320e+00    505555  1.5354177e+02  1.5340985e+02  6.5881231e+00
2.9094444e+00    600292  1.3916930e+02  1.3904917e+02  5.6978118e+00
3.0813867e+00    712930  1.2576700e+02  1.2565788e+02  4.9262471e+00
3.2634403e+00    846715  1.1308798e+02  1.1298937e+02  4.2577568e+00
3.4562097e+00   1005596  1.0183715e+02  1.0174791e+02  3.6787610e+00
3.6603648e+00   1194719  9.1425100e+01  9.1344544e+01  3.1773806e+00
3.8766358e+00   1419743  8.2071083e+01  8.1998344e+01  2.7432831e+00
4.1057220e+00   1686576  7.3661157e+01  7.3595547e+01  2.3676373e+00
4.3483372e+00   2003484  6.5890731e+01  6.5831763e+01  2.0427640e+00
4.6052142e+00   2378778  5.9030182e+01  5.8977158e+01  1.7619709e+00
4.8773359e+00   2828400  5.2811606e+01  5.2763865e+01  1.5192371e+00
5.1655179e+00   3356890  4.7186710e+01  4.7143939e+01  1.3095488e+00
5.4707002e+00   3990317  4.2155537e+01  4.2117108e+01  1.1284732e+00
5.7939476e+00   4738457  3.7573470e+01  3.7539097e+01  9.7213046e-01
6.1362572e+00   5629661  3.3527515e+01  3.3496707e+01  8.3721638e-01
6.4988210e+00   6687903  2.9844718e+01  2.9817180e+01  7.2081038e-01
6.8828355e+00   7945758  2.6535529e+01  2.6510941e+01  6.2040796e-01
7.2895050e+00   9436555  2.3615118e+01  2.3593162e+01  5.3385011e-01
7.7201584e+00  11210320  2.0962351e+01  2.0942785e+01  4.5925085e-01
8.1762927e+00  13318613  1.8600607e+01  1.8583175e+01  3.9496583e-01
8.6593661e+00  15819192  1.6501306e+01  1.6485790e+01  3.3959152e-01
9.1709925e+00  18795348  1.4637512e+01  1.4623695e+01  2.9190458e-01
9.7128705e+00  22326034  1.2961202e+01  1.2948926e+01  2.5084895e-01
1.0286736e+01  26520842  1.1464645e+01  1.1453749e+01  2.1551558e-01
1.0894484e+01  31503438  1.0127754e+01  1.0118096e+01  1.8511461e-01
1.1538156e+01  37426927  8.9446808e+00  8.9361215e+00  1.5896287e-01
1.2220385e+01  44525830  7.8896958e+00  7.8821009e+00  1.3645734e-01
