# Power spectrum from CO𝘕CEPT job 4563717 at t = 2.1448041 Gyr, a = 0.25
#
# Components:
#   0: matter  (upstream grid size 1024)
#
#                           grid size 1024
# ╭────────────────────────────────────────────────────────────────╮
#                         component 0    (corrected)      (linear)
#                        σ₈ = 2.62e-01  σ₈ = 2.63e-01  σ₈ = 2.60e-01
#  k [Mpc⁻¹]    modes       P [Mpc³]       P [Mpc³]       P [Mpc³]
2.4543693e-02         3  5.3891145e+03  5.3891145e+03  5.4251438e+03
4.6570361e-02        25  3.0942729e+03  3.1746274e+03  3.1835846e+03
8.3521561e-02       124  1.3833302e+03  1.3719742e+03  1.3935980e+03
1.3383638e-01       418  6.5986336e+02  6.7068182e+02  6.4926945e+02
1.8592088e-01       730  3.5202715e+02  3.5151038e+02  3.4582806e+02
2.3260504e-01      1012  2.4604063e+02  2.4521398e+02  2.2195787e+02
2.7635505e-01      1408  1.7998124e+02  1.7935873e+02  1.5613638e+02
3.1919121e-01      1841  1.3582900e+02  1.3549754e+02  1.1564295e+02
3.6464415e-01      2698  1.0618043e+02  1.0590058e+02  8.7159616e+01
4.1290034e-01      3532  8.3529434e+01  8.3305500e+01  6.6568016e+01
4.6319578e-01      4702  6.7039888e+01  6.6879890e+01  5.1728684e+01
5.1570195e-01      6019  5.6402312e+01  5.6282451e+01  4.0743429e+01
5.7047444e-01      7766  4.6700731e+01  4.6607756e+01  3.2467869e+01
6.2844883e-01     10012  4.0299741e+01  4.0224020e+01  2.6057444e+01
6.8955465e-01     12589  3.3937971e+01  3.3879280e+01  2.1062092e+01
7.5323141e-01     15650  2.9242319e+01  2.9195214e+01  1.7169904e+01
8.2032763e-01     19757  2.5193128e+01  2.5153715e+01  1.4072942e+01
8.9088605e-01     24241  2.2165740e+01  2.2133454e+01  1.1594815e+01
9.6481958e-01     29993  1.9430850e+01  1.9403635e+01  9.6039611e+00
1.0423453e+00     36494  1.7073359e+01  1.7050788e+01  7.9919737e+00
1.1237267e+00     44825  1.5280979e+01  1.5261298e+01  6.6772151e+00
1.2089588e+00     53906  1.3657877e+01  1.3641283e+01  5.6012045e+00
1.2983336e+00     65729  1.2257725e+01  1.2243154e+01  4.7147873e+00
1.3921058e+00     78746  1.1048302e+01  1.1035781e+01  3.9807400e+00
1.4900211e+00     94374  9.9658231e+00  9.9549323e+00  3.3729299e+00
1.5921784e+00    112166  9.0687008e+00  9.0592107e+00  2.8675813e+00
1.6991083e+00    134373  8.2388206e+00  8.2303681e+00  2.4442584e+00
1.8110248e+00    159077  7.5557791e+00  7.5483072e+00  2.0884126e+00
1.9277595e+00    188172  6.9329053e+00  6.9262612e+00  1.7892271e+00
2.0497441e+00    222492  6.3949483e+00  6.3889763e+00  1.5363259e+00
2.1771282e+00    261771  5.8865133e+00  5.8811756e+00  1.3220243e+00
2.3098450e+00    306759  5.4310049e+00  5.4262321e+00  1.1402691e+00
2.4484375e+00    360898  5.0387302e+00  5.0343825e+00  9.8530302e-01
2.5937215e+00    425046  4.6803809e+00  4.6763927e+00  8.5238465e-01
2.7470320e+00    505555  4.3421333e+00  4.3384026e+00  7.3750609e-01
2.9094444e+00    600292  4.0208151e+00  4.0173442e+00  6.3784144e-01
3.0813867e+00    712930  3.7224921e+00  3.7192622e+00  5.5146974e-01
3.2634403e+00    846715  3.4562855e+00  3.4532716e+00  4.7663660e-01
3.4562097e+00   1005596  3.2040699e+00  3.2012624e+00  4.1182180e-01
3.6603648e+00   1194719  2.9711556e+00  2.9685376e+00  3.5569556e-01
3.8766358e+00   1419743  2.7567729e+00  2.7543296e+00  3.0710120e-01
4.1057220e+00   1686576  2.5448504e+00  2.5425837e+00  2.6505012e-01
4.3483372e+00   2003484  2.3566193e+00  2.3545103e+00  2.2868266e-01
4.6052142e+00   2378778  2.1772042e+00  2.1752485e+00  1.9724965e-01
4.8773359e+00   2828400  2.0080058e+00  2.0061906e+00  1.7007710e-01
5.1655179e+00   3356890  1.8486830e+00  1.8470074e+00  1.4660374e-01
5.4707002e+00   3990317  1.6984487e+00  1.6969004e+00  1.2633335e-01
5.7939476e+00   4738457  1.5613669e+00  1.5599386e+00  1.0883161e-01
6.1362572e+00   5629661  1.4334686e+00  1.4321514e+00  9.3728651e-02
6.4988210e+00   6687903  1.3163938e+00  1.3151791e+00  8.0697552e-02
6.8828355e+00   7945758  1.2104243e+00  1.2093027e+00  6.9457954e-02
7.2895050e+00   9436555  1.1113931e+00  1.1103598e+00  5.9768169e-02
7.7201584e+00  11210320  1.0192281e+00  1.0182767e+00  5.1417075e-02
8.1762927e+00  13318613  9.3567914e-01  9.3480229e-01  4.4220592e-02
8.6593661e+00  15819192  8.5699681e-01  8.5619098e-01  3.8021603e-02
9.1709925e+00  18795348  7.8476836e-01  7.8402753e-01  3.2683163e-02
9.7128705e+00  22326034  7.1719951e-01  7.1652018e-01  2.8087051e-02
1.0286736e+01  26520842  6.5536780e-01  6.5474493e-01  2.4131508e-02
1.0894484e+01  31503438  5.9805237e-01  5.9748208e-01  2.0728113e-02
1.1538156e+01  37426927  5.4530892e-01  5.4478711e-01  1.7800394e-02
1.2220385e+01  44525830  4.9707377e-01  4.9659527e-01  1.5280856e-02
