# Power spectrum from CO𝘕CEPT job 4563717 at t = 4.8111704 Gyr, a = 0.43478261
#
# Components:
#   0: matter  (upstream grid size 1024)
#
#                           grid size 1024
# ╭────────────────────────────────────────────────────────────────╮
#                         component 0    (corrected)      (linear)
#                        σ₈ = 4.54e-01  σ₈ = 4.55e-01  σ₈ = 4.40e-01
#  k [Mpc⁻¹]    modes       P [Mpc³]       P [Mpc³]       P [Mpc³]
2.4543693e-02         3  1.5358255e+04  1.5358255e+04  1.5565370e+04
4.6570361e-02        25  8.8262390e+03  9.0554458e+03  9.1321458e+03
8.3521561e-02       124  3.9842490e+03  3.9515415e+03  3.9972726e+03
1.3383638e-01       418  1.9543743e+03  1.9864162e+03  1.8622013e+03
1.8592088e-01       730  1.0823547e+03  1.0807658e+03  9.9223544e+02
2.3260504e-01      1012  7.8974421e+02  7.8709083e+02  6.3660667e+02
2.7635505e-01      1408  6.0267401e+02  6.0058951e+02  4.4794298e+02
3.1919121e-01      1841  4.8518689e+02  4.8400290e+02  3.3176132e+02
3.6464415e-01      2698  3.8604748e+02  3.8503001e+02  2.4997327e+02
4.1290034e-01      3532  3.2782030e+02  3.2694144e+02  1.9093476e+02
4.6319578e-01      4702  2.7488056e+02  2.7422452e+02  1.4836863e+02
5.1570195e-01      6019  2.3471932e+02  2.3422051e+02  1.1686068e+02
5.7047444e-01      7766  2.0136369e+02  2.0096280e+02  9.3124117e+01
6.2844883e-01     10012  1.8097178e+02  1.8063174e+02  7.4737483e+01
6.8955465e-01     12589  1.6165460e+02  1.6137503e+02  6.0410077e+01
7.5323141e-01     15650  1.4558377e+02  1.4534925e+02  4.9246685e+01
8.2032763e-01     19757  1.2873962e+02  1.2853821e+02  4.0363976e+01
8.9088605e-01     24241  1.1904595e+02  1.1887255e+02  3.3256158e+01
9.6481958e-01     29993  1.0696087e+02  1.0681106e+02  2.7545949e+01
1.0423453e+00     36494  9.8801124e+01  9.8670509e+01  2.2922434e+01
1.1237267e+00     44825  9.0083229e+01  8.9967205e+01  1.9151464e+01
1.2089588e+00     53906  8.3536791e+01  8.3435298e+01  1.6065290e+01
1.2983336e+00     65729  7.7010867e+01  7.6919321e+01  1.3522900e+01
1.3921058e+00     78746  7.0655867e+01  7.0575790e+01  1.1417521e+01
1.4900211e+00     94374  6.5581704e+01  6.5510035e+01  9.6741964e+00
1.5921784e+00    112166  6.0586451e+01  6.0523049e+01  8.2247462e+00
1.6991083e+00    134373  5.6240128e+01  5.6182429e+01  7.0105633e+00
1.8110248e+00    159077  5.2047008e+01  5.1995539e+01  5.9899231e+00
1.9277595e+00    188172  4.8111213e+01  4.8065106e+01  5.1317997e+00
2.0497441e+00    222492  4.4594259e+01  4.4552614e+01  4.4064316e+00
2.1771282e+00    261771  4.1145133e+01  4.1107824e+01  3.7917763e+00
2.3098450e+00    306759  3.7928298e+01  3.7894966e+01  3.2704713e+00
2.4484375e+00    360898  3.4956524e+01  3.4926362e+01  2.8260028e+00
2.5937215e+00    425046  3.2108249e+01  3.2080890e+01  2.4447710e+00
2.7470320e+00    505555  2.9437749e+01  2.9412457e+01  2.1152805e+00
2.9094444e+00    600292  2.6940602e+01  2.6917346e+01  1.8294258e+00
3.0813867e+00    712930  2.4639927e+01  2.4618549e+01  1.5816973e+00
3.2634403e+00    846715  2.2340313e+01  2.2320832e+01  1.3670632e+00
3.4562097e+00   1005596  2.0316472e+01  2.0298670e+01  1.1811632e+00
3.6603648e+00   1194719  1.8362805e+01  1.8346625e+01  1.0201835e+00
3.8766358e+00   1419743  1.6621152e+01  1.6606421e+01  8.8080637e-01
4.1057220e+00   1686576  1.5030061e+01  1.5016673e+01  7.6019649e-01
4.3483372e+00   2003484  1.3553046e+01  1.3540917e+01  6.5588826e-01
4.6052142e+00   2378778  1.2191489e+01  1.2180538e+01  5.6573295e-01
4.8773359e+00   2828400  1.0930987e+01  1.0921106e+01  4.8779745e-01
5.1655179e+00   3356890  9.8153511e+00  9.8064543e+00  4.2047193e-01
5.4707002e+00   3990317  8.7795734e+00  8.7715700e+00  3.6233320e-01
5.7939476e+00   4738457  7.8558714e+00  7.8486848e+00  3.1213549e-01
6.1362572e+00   5629661  7.0265835e+00  7.0201270e+00  2.6881794e-01
6.4988210e+00   6687903  6.2679545e+00  6.2621711e+00  2.3144283e-01
6.8828355e+00   7945758  5.5916782e+00  5.5864970e+00  1.9920604e-01
7.2895050e+00   9436555  4.9835065e+00  4.9788732e+00  1.7141436e-01
7.7201584e+00  11210320  4.4292581e+00  4.4251238e+00  1.4746227e-01
8.1762927e+00  13318613  3.9438369e+00  3.9401410e+00  1.2682179e-01
8.6593661e+00  15819192  3.5082486e+00  3.5049498e+00  1.0904231e-01
9.1709925e+00  18795348  3.1121835e+00  3.1092456e+00  9.3731041e-02
9.7128705e+00  22326034  2.7639541e+00  2.7613361e+00  8.0548909e-02
1.0286736e+01  26520842  2.4531336e+00  2.4508021e+00  6.9204047e-02
1.0894484e+01  31503438  2.1747378e+00  2.1726641e+00  5.9442848e-02
1.1538156e+01  37426927  1.9262336e+00  1.9243903e+00  5.1045965e-02
1.2220385e+01  44525830  1.7068207e+00  1.7051777e+00  4.3819790e-02
