# Power spectrum from CO𝘕CEPT job 4563717 at t = 2.5071706 Gyr, a = 0.27777778
#
# Components:
#   0: matter  (upstream grid size 1024)
#
#                           grid size 1024
# ╭────────────────────────────────────────────────────────────────╮
#                         component 0    (corrected)      (linear)
#                        σ₈ = 2.92e-01  σ₈ = 2.92e-01  σ₈ = 2.88e-01
#  k [Mpc⁻¹]    modes       P [Mpc³]       P [Mpc³]       P [Mpc³]
2.4543693e-02         3  6.6128886e+03  6.6128886e+03  6.6630719e+03
4.6570361e-02        25  3.7978881e+03  3.8965147e+03  3.9098866e+03
8.3521561e-02       124  1.6985547e+03  1.6846109e+03  1.7115219e+03
1.3383638e-01       418  8.1434493e+02  8.2769611e+02  7.9735887e+02
1.8592088e-01       730  4.3613933e+02  4.3549908e+02  4.2485885e+02
2.3260504e-01      1012  3.0728215e+02  3.0624975e+02  2.7258515e+02
2.7635505e-01      1408  2.2609786e+02  2.2531584e+02  1.9180252e+02
3.1919121e-01      1841  1.7234276e+02  1.7192219e+02  1.4205538e+02
3.6464415e-01      2698  1.3523078e+02  1.3487437e+02  1.0703499e+02
4.1290034e-01      3532  1.0730207e+02  1.0701441e+02  8.1755572e+01
4.6319578e-01      4702  8.6900080e+01  8.6692684e+01  6.3529377e+01
5.1570195e-01      6019  7.3346392e+01  7.3190522e+01  5.0038128e+01
5.7047444e-01      7766  6.1190578e+01  6.1068757e+01  3.9874468e+01
6.2844883e-01     10012  5.3249713e+01  5.3149660e+01  3.2001570e+01
6.8955465e-01     12589  4.5414094e+01  4.5335556e+01  2.5866775e+01
7.5323141e-01     15650  3.9397117e+01  3.9333654e+01  2.1086766e+01
8.2032763e-01     19757  3.4078959e+01  3.4025645e+01  1.7283313e+01
8.9088605e-01     24241  3.0296299e+01  3.0252171e+01  1.4239843e+01
9.6481958e-01     29993  2.6705393e+01  2.6667989e+01  1.1794810e+01
1.0423453e+00     36494  2.3713466e+01  2.3682117e+01  9.8150842e+00
1.1237267e+00     44825  2.1428052e+01  2.1400453e+01  8.2004065e+00
1.2089588e+00     53906  1.9291106e+01  1.9267668e+01  6.8789487e+00
1.2983336e+00     65729  1.7444125e+01  1.7423388e+01  5.7903319e+00
1.3921058e+00     78746  1.5843891e+01  1.5825934e+01  4.8888367e+00
1.4900211e+00     94374  1.4363839e+01  1.4348142e+01  4.1423688e+00
1.5921784e+00    112166  1.3170282e+01  1.3156500e+01  3.5217337e+00
1.6991083e+00    134373  1.2046983e+01  1.2034624e+01  3.0018369e+00
1.8110248e+00    159077  1.1105394e+01  1.1094412e+01  2.5648124e+00
1.9277595e+00    188172  1.0224850e+01  1.0215051e+01  2.1973754e+00
2.0497441e+00    222492  9.5032622e+00  9.4943874e+00  1.8867824e+00
2.1771282e+00    261771  8.7826411e+00  8.7746772e+00  1.6235951e+00
2.3098450e+00    306759  8.1432751e+00  8.1361188e+00  1.4003792e+00
2.4484375e+00    360898  7.5558607e+00  7.5493411e+00  1.2100636e+00
2.5937215e+00    425046  7.0328166e+00  7.0268238e+00  1.0468251e+00
2.7470320e+00    505555  6.5392554e+00  6.5336369e+00  9.0574149e-01
2.9094444e+00    600292  6.0847359e+00  6.0794833e+00  7.8334218e-01
3.0813867e+00    712930  5.6497672e+00  5.6448652e+00  6.7726801e-01
3.2634403e+00    846715  5.2412696e+00  5.2366992e+00  5.8536439e-01
3.4562097e+00   1005596  4.8596597e+00  4.8554014e+00  5.0576436e-01
3.6603648e+00   1194719  4.4980462e+00  4.4940829e+00  4.3683481e-01
3.8766358e+00   1419743  4.1531106e+00  4.1494298e+00  3.7715524e-01
4.1057220e+00   1686576  3.8280285e+00  3.8246189e+00  3.2551154e-01
4.3483372e+00   2003484  3.5213646e+00  3.5182132e+00  2.8084798e-01
4.6052142e+00   2378778  3.2375848e+00  3.2346766e+00  2.4224453e-01
4.8773359e+00   2828400  2.9703596e+00  2.9676744e+00  2.0887343e-01
5.1655179e+00   3356890  2.7223463e+00  2.7198787e+00  1.8004538e-01
5.4707002e+00   3990317  2.4823053e+00  2.4800424e+00  1.5515100e-01
5.7939476e+00   4738457  2.2677678e+00  2.2656933e+00  1.3365685e-01
6.1362572e+00   5629661  2.0660294e+00  2.0641310e+00  1.1510871e-01
6.4988210e+00   6687903  1.8829241e+00  1.8811867e+00  9.9105040e-02
6.8828355e+00   7945758  1.7129085e+00  1.7113213e+00  8.5301532e-02
7.2895050e+00   9436555  1.5542840e+00  1.5528389e+00  7.3401366e-02
7.7201584e+00  11210320  1.4102408e+00  1.4089245e+00  6.3145260e-02
8.1762927e+00  13318613  1.2800097e+00  1.2788102e+00  5.4307151e-02
8.6593661e+00  15819192  1.1608411e+00  1.1597496e+00  4.6694084e-02
9.1709925e+00  18795348  1.0496324e+00  1.0486416e+00  4.0137875e-02
9.7128705e+00  22326034  9.4898048e-01  9.4808161e-01  3.4493338e-02
1.0286736e+01  26520842  8.5754710e-01  8.5673208e-01  2.9635499e-02
1.0894484e+01  31503438  7.7393026e-01  7.7319226e-01  2.5455766e-02
1.1538156e+01  37426927  6.9872559e-01  6.9805697e-01  2.1860219e-02
1.2220385e+01  44525830  6.3125710e-01  6.3064943e-01  1.8765956e-02
