# Power spectrum from CO𝘕CEPT job 4563717 at t = 2.407584 Gyr, a = 0.27027027
#
# Components:
#   0: matter  (upstream grid size 1024)
#
#                           grid size 1024
# ╭────────────────────────────────────────────────────────────────╮
#                         component 0    (corrected)      (linear)
#                        σ₈ = 2.84e-01  σ₈ = 2.84e-01  σ₈ = 2.80e-01
#  k [Mpc⁻¹]    modes       P [Mpc³]       P [Mpc³]       P [Mpc³]
2.4543693e-02         3  6.2712048e+03  6.2712048e+03  6.3171341e+03
4.6570361e-02        25  3.6014233e+03  3.6949480e+03  3.7069253e+03
8.3521561e-02       124  1.6104584e+03  1.5972378e+03  1.6226825e+03
1.3383638e-01       418  7.7107388e+02  7.8371563e+02  7.5597136e+02
1.8592088e-01       730  4.1249363e+02  4.1188809e+02  4.0280636e+02
2.3260504e-01      1012  2.9001206e+02  2.8903768e+02  2.5843653e+02
2.7635505e-01      1408  2.1305036e+02  2.1231347e+02  1.8184696e+02
3.1919121e-01      1841  1.6195315e+02  1.6155794e+02  1.3468196e+02
3.6464415e-01      2698  1.2695585e+02  1.2662124e+02  1.0147931e+02
4.1290034e-01      3532  1.0048838e+02  1.0021898e+02  7.7512034e+01
4.6319578e-01      4702  8.1187862e+01  8.0994098e+01  6.0231874e+01
5.1570195e-01      6019  6.8472816e+01  6.8327303e+01  4.7440891e+01
5.7047444e-01      7766  5.7004950e+01  5.6891462e+01  3.7804778e+01
6.2844883e-01     10012  4.9503319e+01  4.9410305e+01  3.0340525e+01
6.8955465e-01     12589  4.2073932e+01  4.2001171e+01  2.4524157e+01
7.5323141e-01     15650  3.6428369e+01  3.6369688e+01  1.9992255e+01
8.2032763e-01     19757  3.1478752e+01  3.1429506e+01  1.6386221e+01
8.9088605e-01     24241  2.7908368e+01  2.7867717e+01  1.3500723e+01
9.6481958e-01     29993  2.4569446e+01  2.4535033e+01  1.1182600e+01
1.0423453e+00     36494  2.1754803e+01  2.1726043e+01  9.3056315e+00
1.1237267e+00     44825  1.9612283e+01  1.9587023e+01  7.7747639e+00
1.2089588e+00     53906  1.7619004e+01  1.7597598e+01  6.5218966e+00
1.2983336e+00     65729  1.5905394e+01  1.5886486e+01  5.4897846e+00
1.3921058e+00     78746  1.4417383e+01  1.4401044e+01  4.6350816e+00
1.4900211e+00     94374  1.3051915e+01  1.3037651e+01  3.9273592e+00
1.5921784e+00    112166  1.1948613e+01  1.1936109e+01  3.3389383e+00
1.6991083e+00    134373  1.0911617e+01  1.0900422e+01  2.8460267e+00
1.8110248e+00    159077  1.0046528e+01  1.0036593e+01  2.4316860e+00
1.9277595e+00    188172  9.2403943e+00  9.2315389e+00  2.0833208e+00
2.0497441e+00    222492  8.5779961e+00  8.5699855e+00  1.7888492e+00
2.1771282e+00    261771  7.9173814e+00  7.9102021e+00  1.5393227e+00
2.3098450e+00    306759  7.3347022e+00  7.3282564e+00  1.3276928e+00
2.4484375e+00    360898  6.8061457e+00  6.8002730e+00  1.1472555e+00
2.5937215e+00    425046  6.3346396e+00  6.3292417e+00  9.9248997e-01
2.7470320e+00    505555  5.8889858e+00  5.8839261e+00  8.5872930e-01
2.9094444e+00    600292  5.4777432e+00  5.4730146e+00  7.4268313e-01
3.0813867e+00    712930  5.0805587e+00  5.0761506e+00  6.4211474e-01
3.2634403e+00    846715  4.7169569e+00  4.7128437e+00  5.5498138e-01
3.4562097e+00   1005596  4.3715981e+00  4.3677675e+00  4.7951299e-01
3.6603648e+00   1194719  4.0461509e+00  4.0425858e+00  4.1416123e-01
3.8766358e+00   1419743  3.7409319e+00  3.7376164e+00  3.5757931e-01
4.1057220e+00   1686576  3.4485892e+00  3.4455176e+00  3.0861617e-01
4.3483372e+00   2003484  3.1792546e+00  3.1764094e+00  2.6627088e-01
4.6052142e+00   2378778  2.9276553e+00  2.9250256e+00  2.2967113e-01
4.8773359e+00   2828400  2.6902815e+00  2.6878495e+00  1.9803215e-01
5.1655179e+00   3356890  2.4713219e+00  2.4690819e+00  1.7070041e-01
5.4707002e+00   3990317  2.2566772e+00  2.2546200e+00  1.4709817e-01
5.7939476e+00   4738457  2.0661982e+00  2.0643080e+00  1.2671967e-01
6.1362572e+00   5629661  1.8869991e+00  1.8852652e+00  1.0913426e-01
6.4988210e+00   6687903  1.7236955e+00  1.7221050e+00  9.3961253e-02
6.8828355e+00   7945758  1.5711275e+00  1.5696717e+00  8.0874208e-02
7.2895050e+00   9436555  1.4302976e+00  1.4289678e+00  6.9591712e-02
7.7201584e+00  11210320  1.3017007e+00  1.3004857e+00  5.9867942e-02
8.1762927e+00  13318613  1.1839372e+00  1.1828277e+00  5.1488568e-02
8.6593661e+00  15819192  1.0760162e+00  1.0750044e+00  4.4270650e-02
9.1709925e+00  18795348  9.7569856e-01  9.7477749e-01  3.8054733e-02
9.7128705e+00  22326034  8.8384418e-01  8.8300701e-01  3.2703168e-02
1.0286736e+01  26520842  8.0016693e-01  7.9940644e-01  2.8097468e-02
1.0894484e+01  31503438  7.2415629e-01  7.2346575e-01  2.4134678e-02
1.1538156e+01  37426927  6.5505838e-01  6.5443155e-01  2.0725751e-02
1.2220385e+01  44525830  5.9291542e-01  5.9234466e-01  1.7792089e-02
