# Power spectrum from CO𝘕CEPT job 4563717 at t = 6.2824789 Gyr, a = 0.52631579
#
# Components:
#   0: matter  (upstream grid size 1024)
#
#                           grid size 1024
# ╭────────────────────────────────────────────────────────────────╮
#                         component 0    (corrected)      (linear)
#                        σ₈ = 5.44e-01  σ₈ = 5.46e-01  σ₈ = 5.21e-01
#  k [Mpc⁻¹]    modes       P [Mpc³]       P [Mpc³]       P [Mpc³]
2.4543693e-02         3  2.1457166e+04  2.1457166e+04  2.1825539e+04
4.6570361e-02        25  1.2328338e+04  1.2648490e+04  1.2803879e+04
8.3521561e-02       124  5.6242008e+03  5.5780305e+03  5.6042623e+03
1.3383638e-01       418  2.7852876e+03  2.8309524e+03  2.6108194e+03
1.8592088e-01       730  1.5764540e+03  1.5741398e+03  1.3911165e+03
2.3260504e-01      1012  1.1674661e+03  1.1635437e+03  8.9252288e+02
2.7635505e-01      1408  9.1276598e+02  9.0960895e+02  6.2801585e+02
3.1919121e-01      1841  7.5452645e+02  7.5268520e+02  4.6512901e+02
3.6464415e-01      2698  6.0400947e+02  6.0241755e+02  3.5046215e+02
4.1290034e-01      3532  5.2968135e+02  5.2826132e+02  2.6769018e+02
4.6319578e-01      4702  4.5398662e+02  4.5290313e+02  2.0801251e+02
5.1570195e-01      6019  3.9564356e+02  3.9480277e+02  1.6383842e+02
5.7047444e-01      7766  3.4396323e+02  3.4327845e+02  1.3055979e+02
6.2844883e-01     10012  3.0553823e+02  3.0496414e+02  1.0478176e+02
6.8955465e-01     12589  2.7930173e+02  2.7881872e+02  8.4694768e+01
7.5323141e-01     15650  2.5387219e+02  2.5346323e+02  6.9043717e+01
8.2032763e-01     19757  2.2479703e+02  2.2444535e+02  5.6590178e+01
8.9088605e-01     24241  2.0856661e+02  2.0826282e+02  4.6625034e+01
9.6481958e-01     29993  1.9069352e+02  1.9042643e+02  3.8619336e+01
1.0423453e+00     36494  1.7423296e+02  1.7400262e+02  3.2137179e+01
1.1237267e+00     44825  1.6137748e+02  1.6116963e+02  2.6850290e+01
1.2089588e+00     53906  1.4954415e+02  1.4936246e+02  2.2523482e+01
1.2983336e+00     65729  1.3851657e+02  1.3835191e+02  1.8959058e+01
1.3921058e+00     78746  1.2799633e+02  1.2785127e+02  1.6007322e+01
1.4900211e+00     94374  1.1802945e+02  1.1790046e+02  1.3563186e+01
1.5921784e+00    112166  1.0874970e+02  1.0863590e+02  1.1531061e+01
1.6991083e+00    134373  1.0024326e+02  1.0014042e+02  9.8287802e+00
1.8110248e+00    159077  9.2217211e+01  9.2126017e+01  8.3978457e+00
1.9277595e+00    188172  8.4630390e+01  8.4549285e+01  7.1947592e+00
2.0497441e+00    222492  7.7496817e+01  7.7424446e+01  6.1777955e+00
2.1771282e+00    261771  7.0966853e+01  7.0902501e+01  5.3160507e+00
2.3098450e+00    306759  6.4991260e+01  6.4934145e+01  4.5851828e+00
2.4484375e+00    360898  5.9038947e+01  5.8988005e+01  3.9620394e+00
2.5937215e+00    425046  5.3761190e+01  5.3715379e+01  3.4275538e+00
2.7470320e+00    505555  4.8896123e+01  4.8854112e+01  2.9656091e+00
2.9094444e+00    600292  4.4393279e+01  4.4354957e+01  2.5648419e+00
3.0813867e+00    712930  4.0134720e+01  4.0099897e+01  2.2175275e+00
3.2634403e+00    846715  3.6294509e+01  3.6262860e+01  1.9166113e+00
3.4562097e+00   1005596  3.2832337e+01  3.2803568e+01  1.6559803e+00
3.6603648e+00   1194719  2.9501633e+01  2.9475639e+01  1.4302873e+00
3.8766358e+00   1419743  2.6483738e+01  2.6460266e+01  1.2348813e+00
4.1057220e+00   1686576  2.3756029e+01  2.3734870e+01  1.0657868e+00
4.3483372e+00   2003484  2.1232546e+01  2.1213545e+01  9.1954712e-01
4.6052142e+00   2378778  1.9022345e+01  1.9005258e+01  7.9314984e-01
4.8773359e+00   2828400  1.7009367e+01  1.6993990e+01  6.8388469e-01
5.1655179e+00   3356890  1.5197003e+01  1.5183229e+01  5.8949469e-01
5.4707002e+00   3990317  1.3575021e+01  1.3562646e+01  5.0798455e-01
5.7939476e+00   4738457  1.2101179e+01  1.2090109e+01  4.3760769e-01
6.1362572e+00   5629661  1.0784861e+01  1.0774951e+01  3.7687679e-01
6.4988210e+00   6687903  9.5913850e+00  9.5825351e+00  3.2447717e-01
6.8828355e+00   7945758  8.5389539e+00  8.5310417e+00  2.7928145e-01
7.2895050e+00   9436555  7.6082446e+00  7.6011709e+00  2.4031776e-01
7.7201584e+00  11210320  6.7586394e+00  6.7523309e+00  2.0673716e-01
8.1762927e+00  13318613  5.9944737e+00  5.9888561e+00  1.7779943e-01
8.6593661e+00  15819192  5.3178052e+00  5.3128049e+00  1.5287280e-01
9.1709925e+00  18795348  4.7147729e+00  4.7103221e+00  1.3140660e-01
9.7128705e+00  22326034  4.1774866e+00  4.1735297e+00  1.1292543e-01
1.0286736e+01  26520842  3.6968767e+00  3.6933632e+00  9.7020107e-02
1.0894484e+01  31503438  3.2733637e+00  3.2702423e+00  8.3335072e-02
1.1538156e+01  37426927  2.8922724e+00  2.8895048e+00  7.1562801e-02
1.2220385e+01  44525830  2.5546538e+00  2.5521946e+00  6.1431853e-02
