# Power spectrum from CO𝘕CEPT job 4563717 at t = 13.790748 Gyr, a = 1
#
# Components:
#   0: matter  (upstream grid size 1024)
#
#                           grid size 1024
# ╭────────────────────────────────────────────────────────────────╮
#                         component 0    (corrected)      (linear)
#                        σ₈ = 9.04e-01  σ₈ = 9.06e-01  σ₈ = 8.19e-01
#  k [Mpc⁻¹]    modes       P [Mpc³]       P [Mpc³]       P [Mpc³]
2.4543693e-02         3  5.2117175e+04  5.2117175e+04  5.3876694e+04
4.6570361e-02        25  2.9800263e+04  3.0574140e+04  3.1597897e+04
8.3521561e-02       124  1.4617065e+04  1.4497070e+04  1.3828848e+04
1.3383638e-01       418  7.5260049e+03  7.6493937e+03  6.4421062e+03
1.8592088e-01       730  4.6215380e+03  4.6147536e+03  3.4324880e+03
2.3260504e-01      1012  3.5532103e+03  3.5412723e+03  2.2022301e+03
2.7635505e-01      1408  2.9235483e+03  2.9134365e+03  1.5495756e+03
3.1919121e-01      1841  2.6487451e+03  2.6422814e+03  1.1476643e+03
3.6464415e-01      2698  2.2351789e+03  2.2292879e+03  8.6473309e+02
4.1290034e-01      3532  2.0556926e+03  2.0501815e+03  6.6050030e+02
4.6319578e-01      4702  1.7798673e+03  1.7756195e+03  5.1325094e+02
5.1570195e-01      6019  1.6006194e+03  1.5972179e+03  4.0425540e+02
5.7047444e-01      7766  1.4738851e+03  1.4709508e+03  3.2214349e+02
6.2844883e-01     10012  1.3547517e+03  1.3522062e+03  2.5853865e+02
6.8955465e-01     12589  1.2187809e+03  1.2166731e+03  2.0897591e+02
7.5323141e-01     15650  1.1186035e+03  1.1168016e+03  1.7035846e+02
8.2032763e-01     19757  1.0238007e+03  1.0221990e+03  1.3963057e+02
8.9088605e-01     24241  9.4880232e+02  9.4742032e+02  1.1504255e+02
9.6481958e-01     29993  8.5815215e+02  8.5695019e+02  9.5289285e+01
1.0423453e+00     36494  7.9808389e+02  7.9702882e+02  7.9295206e+01
1.1237267e+00     44825  7.1305398e+02  7.1213559e+02  6.6250333e+01
1.2089588e+00     53906  6.4873610e+02  6.4794792e+02  5.5574367e+01
1.2983336e+00     65729  5.9251764e+02  5.9181329e+02  4.6779509e+01
1.3921058e+00     78746  5.3600887e+02  5.3540139e+02  3.9496396e+01
1.4900211e+00     94374  4.8909116e+02  4.8855668e+02  3.3465738e+01
1.5921784e+00    112166  4.4481208e+02  4.4434660e+02  2.8451675e+01
1.6991083e+00    134373  4.0641618e+02  4.0599922e+02  2.4251469e+01
1.8110248e+00    159077  3.6848784e+02  3.6812344e+02  2.0720783e+01
1.9277595e+00    188172  3.3467761e+02  3.3435688e+02  1.7752290e+01
2.0497441e+00    222492  3.0234070e+02  3.0205835e+02  1.5243036e+01
2.1771282e+00    261771  2.7307629e+02  2.7282867e+02  1.3116769e+01
2.3098450e+00    306759  2.4728572e+02  2.4706840e+02  1.1313427e+01
2.4484375e+00    360898  2.2381114e+02  2.2361802e+02  9.7758852e+00
2.5937215e+00    425046  2.0265781e+02  2.0248512e+02  8.4570972e+00
2.7470320e+00    505555  1.8301041e+02  1.8285317e+02  7.3172967e+00
2.9094444e+00    600292  1.6522562e+02  1.6508299e+02  6.3284452e+00
3.0813867e+00    712930  1.4922449e+02  1.4909502e+02  5.4714834e+00
3.2634403e+00    846715  1.3496734e+02  1.3484964e+02  4.7290043e+00
3.4562097e+00   1005596  1.2144120e+02  1.2133478e+02  4.0859249e+00
3.6603648e+00   1194719  1.0944425e+02  1.0934782e+02  3.5290515e+00
3.8766358e+00   1419743  9.8429920e+01  9.8342683e+01  3.0469080e+00
4.1057220e+00   1686576  8.8453748e+01  8.8374963e+01  2.6296855e+00
4.3483372e+00   2003484  7.9234114e+01  7.9163206e+01  2.2688551e+00
4.6052142e+00   2378778  7.1016011e+01  7.0952221e+01  1.9569838e+00
4.8773359e+00   2828400  6.3493339e+01  6.3435942e+01  1.6873841e+00
5.1655179e+00   3356890  5.6888058e+01  5.6836494e+01  1.4544874e+00
5.4707002e+00   3990317  5.0903336e+01  5.0856932e+01  1.2533704e+00
5.7939476e+00   4738457  4.5468654e+01  4.5427060e+01  1.0797237e+00
6.1362572e+00   5629661  4.0608936e+01  4.0571621e+01  9.2987730e-01
6.4988210e+00   6687903  3.6245027e+01  3.6211584e+01  8.0058749e-01
6.8828355e+00   7945758  3.2333793e+01  3.2303832e+01  6.8907256e-01
7.2895050e+00   9436555  2.8753063e+01  2.8726331e+01  5.9293452e-01
7.7201584e+00  11210320  2.5576300e+01  2.5552427e+01  5.1007865e-01
8.1762927e+00  13318613  2.2718293e+01  2.2697003e+01  4.3867860e-01
8.6593661e+00  15819192  2.0175680e+01  2.0156709e+01  3.7717551e-01
9.1709925e+00  18795348  1.7881503e+01  1.7864623e+01  3.2421063e-01
9.7128705e+00  22326034  1.5824260e+01  1.5809272e+01  2.7861101e-01
1.0286736e+01  26520842  1.3973905e+01  1.3960624e+01  2.3936700e-01
1.0894484e+01  31503438  1.2331737e+01  1.2319978e+01  2.0560130e-01
1.1538156e+01  37426927  1.0897042e+01  1.0886614e+01  1.7655514e-01
1.2220385e+01  44525830  9.6041122e+00  9.5948669e+00  1.5155875e-01
