# Power spectrum from CO𝘕CEPT job 4563717 at t = 2.3143483 Gyr, a = 0.26315789
#
# Components:
#   0: matter  (upstream grid size 1024)
#
#                           grid size 1024
# ╭────────────────────────────────────────────────────────────────╮
#                         component 0    (corrected)      (linear)
#                        σ₈ = 2.76e-01  σ₈ = 2.77e-01  σ₈ = 2.73e-01
#  k [Mpc⁻¹]    modes       P [Mpc³]       P [Mpc³]       P [Mpc³]
2.4543693e-02         3  5.9549226e+03  5.9549226e+03  5.9971073e+03
4.6570361e-02        25  3.4195718e+03  3.5083739e+03  3.5191637e+03
8.3521561e-02       124  1.5289711e+03  1.5164195e+03  1.5404958e+03
1.3383638e-01       418  7.3111470e+02  7.4310132e+02  7.1768310e+02
1.8592088e-01       730  3.9071696e+02  3.9014339e+02  3.8240523e+02
2.3260504e-01      1012  2.7414309e+02  2.7322202e+02  2.4534740e+02
2.7635505e-01      1408  2.0109055e+02  2.0039503e+02  1.7263690e+02
3.1919121e-01      1841  1.5246956e+02  1.5209750e+02  1.2786068e+02
3.6464415e-01      2698  1.1940835e+02  1.1909364e+02  9.6339665e+01
4.1290034e-01      3532  9.4303087e+01  9.4050270e+01  7.3586264e+01
4.6319578e-01      4702  7.6015046e+01  7.5833628e+01  5.7181297e+01
5.1570195e-01      6019  6.4059468e+01  6.3923334e+01  4.5038143e+01
5.7047444e-01      7766  5.3226708e+01  5.3120742e+01  3.5890072e+01
6.2844883e-01     10012  4.6125251e+01  4.6038584e+01  2.8803863e+01
6.8955465e-01     12589  3.9075407e+01  3.9007831e+01  2.3282078e+01
7.5323141e-01     15650  3.3772400e+01  3.3717997e+01  1.8979704e+01
8.2032763e-01     19757  2.9154535e+01  2.9108925e+01  1.5556305e+01
8.9088605e-01     24241  2.5779722e+01  2.5742172e+01  1.2816950e+01
9.6481958e-01     29993  2.2664868e+01  2.2633123e+01  1.0616233e+01
1.0423453e+00     36494  2.0014234e+01  1.9987775e+01  8.8343281e+00
1.1237267e+00     44825  1.8000159e+01  1.7976975e+01  7.3809946e+00
1.2089588e+00     53906  1.6140289e+01  1.6120680e+01  6.1915815e+00
1.2983336e+00     65729  1.4543752e+01  1.4526463e+01  5.2117430e+00
1.3921058e+00     78746  1.3157593e+01  1.3142681e+01  4.4003284e+00
1.4900211e+00     94374  1.1896488e+01  1.1883487e+01  3.7284501e+00
1.5921784e+00    112166  1.0870948e+01  1.0859572e+01  3.1698310e+00
1.6991083e+00    134373  9.9104604e+00  9.9002928e+00  2.7018840e+00
1.8110248e+00    159077  9.1128713e+00  9.1038595e+00  2.3085285e+00
1.9277595e+00    188172  8.3747773e+00  8.3667514e+00  1.9778070e+00
2.0497441e+00    222492  7.7605490e+00  7.7533018e+00  1.6982495e+00
2.1771282e+00    261771  7.1552152e+00  7.1487270e+00  1.4613608e+00
2.3098450e+00    306759  6.6207183e+00  6.6149000e+00  1.2604494e+00
2.4484375e+00    360898  6.1439201e+00  6.1386188e+00  1.0891507e+00
2.5937215e+00    425046  5.7156114e+00  5.7107410e+00  9.4222357e-01
2.7470320e+00    505555  5.3110317e+00  5.3064685e+00  8.1523750e-01
2.9094444e+00    600292  4.9338132e+00  4.9295542e+00  7.0506873e-01
3.0813867e+00    712930  4.5720311e+00  4.5680642e+00  6.0959383e-01
3.2634403e+00    846715  4.2461311e+00  4.2424284e+00  5.2687352e-01
3.4562097e+00   1005596  3.9337522e+00  3.9303052e+00  4.5522738e-01
3.6603648e+00   1194719  3.6415129e+00  3.6383043e+00  3.9318548e-01
3.8766358e+00   1419743  3.3715076e+00  3.3685195e+00  3.3946927e-01
4.1057220e+00   1686576  3.1086096e+00  3.1058408e+00  2.9298597e-01
4.3483372e+00   2003484  2.8718186e+00  2.8692485e+00  2.5278533e-01
4.6052142e+00   2378778  2.6472051e+00  2.6448273e+00  2.1803924e-01
4.8773359e+00   2828400  2.4360783e+00  2.4338761e+00  1.8800268e-01
5.1655179e+00   3356890  2.2406253e+00  2.2385943e+00  1.6205521e-01
5.4707002e+00   3990317  2.0494352e+00  2.0475669e+00  1.3964834e-01
5.7939476e+00   4738457  1.8797842e+00  1.8780646e+00  1.2030195e-01
6.1362572e+00   5629661  1.7203035e+00  1.7187228e+00  1.0360718e-01
6.4988210e+00   6687903  1.5733654e+00  1.5719136e+00  8.9202633e-02
6.8828355e+00   7945758  1.4378889e+00  1.4365566e+00  7.6778402e-02
7.2895050e+00   9436555  1.3141170e+00  1.3128952e+00  6.6067323e-02
7.7201584e+00  11210320  1.1987597e+00  1.1976408e+00  5.6836027e-02
8.1762927e+00  13318613  1.0937153e+00  1.0926904e+00  4.8881036e-02
8.6593661e+00  15819192  9.9694684e-01  9.9600941e-01  4.2028677e-02
9.1709925e+00  18795348  9.0663341e-01  9.0577754e-01  3.6127572e-02
9.7128705e+00  22326034  8.2330061e-01  8.2252078e-01  3.1047041e-02
1.0286736e+01  26520842  7.4777004e-01  7.4705935e-01  2.6674600e-02
1.0894484e+01  31503438  6.7902649e-01  6.7837899e-01  2.2912507e-02
1.1538156e+01  37426927  6.1586068e-01  6.1527136e-01  1.9676225e-02
1.2220385e+01  44525830  5.5867609e-01  5.5813828e-01  1.6891139e-02
