# Power spectrum from CO𝘕CEPT job 4563717 at t = 2.9824877 Gyr, a = 0.3125
#
# Components:
#   0: matter  (upstream grid size 1024)
#
#                           grid size 1024
# ╭────────────────────────────────────────────────────────────────╮
#                         component 0    (corrected)      (linear)
#                        σ₈ = 3.28e-01  σ₈ = 3.29e-01  σ₈ = 3.23e-01
#  k [Mpc⁻¹]    modes       P [Mpc³]       P [Mpc³]       P [Mpc³]
2.4543693e-02         3  8.2952327e+03  8.2952327e+03  8.3681914e+03
4.6570361e-02        25  4.7653196e+03  4.8890692e+03  4.9102422e+03
8.3521561e-02       124  2.1333971e+03  2.1158836e+03  2.1493881e+03
1.3383638e-01       418  1.0288962e+03  1.0457649e+03  1.0013462e+03
1.8592088e-01       730  5.5438157e+02  5.5356774e+02  5.3354918e+02
2.3260504e-01      1012  3.9418021e+02  3.9285585e+02  3.4231958e+02
2.7635505e-01      1408  2.9222551e+02  2.9121478e+02  2.4087056e+02
3.1919121e-01      1841  2.2562949e+02  2.2507889e+02  1.7839678e+02
3.6464415e-01      2698  1.7775402e+02  1.7728553e+02  1.3441726e+02
4.1290034e-01      3532  1.4285507e+02  1.4247209e+02  1.0267072e+02
4.6319578e-01      4702  1.1686502e+02  1.1658611e+02  7.9781792e+01
5.1570195e-01      6019  9.8908785e+01  9.8698592e+01  6.2839138e+01
5.7047444e-01      7766  8.3331339e+01  8.3165439e+01  5.0075356e+01
6.2844883e-01     10012  7.3144185e+01  7.3006751e+01  4.0188372e+01
6.8955465e-01     12589  6.3331742e+01  6.3222217e+01  3.2484141e+01
7.5323141e-01     15650  5.5480647e+01  5.5391275e+01  2.6481285e+01
8.2032763e-01     19757  4.8232394e+01  4.8156938e+01  2.1704813e+01
8.9088605e-01     24241  4.3396219e+01  4.3333010e+01  1.7882747e+01
9.6481958e-01     29993  3.8414677e+01  3.8360873e+01  1.4812214e+01
1.0423453e+00     36494  3.4557653e+01  3.4511968e+01  1.2326024e+01
1.1237267e+00     44825  3.1472159e+01  3.1431624e+01  1.0298272e+01
1.2089588e+00     53906  2.8668521e+01  2.8633690e+01  8.6387522e+00
1.2983336e+00     65729  2.6067892e+01  2.6036904e+01  7.2716400e+00
1.3921058e+00     78746  2.3893936e+01  2.3866856e+01  6.1395199e+00
1.4900211e+00     94374  2.1836378e+01  2.1812515e+01  5.2020869e+00
1.5921784e+00    112166  2.0162548e+01  2.0141449e+01  4.4226780e+00
1.6991083e+00    134373  1.8504534e+01  1.8485550e+01  3.7697786e+00
1.8110248e+00    159077  1.7137495e+01  1.7120548e+01  3.2209524e+00
1.9277595e+00    188172  1.5876897e+01  1.5861681e+01  2.7595159e+00
2.0497441e+00    222492  1.4776791e+01  1.4762992e+01  2.3694656e+00
2.1771282e+00    261771  1.3760602e+01  1.3748125e+01  2.0389485e+00
2.3098450e+00    306759  1.2775612e+01  1.2764385e+01  1.7586284e+00
2.4484375e+00    360898  1.1906288e+01  1.1896014e+01  1.5196254e+00
2.5937215e+00    425046  1.1070094e+01  1.1060661e+01  1.3146265e+00
2.7470320e+00    505555  1.0279921e+01  1.0271089e+01  1.1374503e+00
2.9094444e+00    600292  9.5268221e+00  9.5185981e+00  9.8373824e-01
3.0813867e+00    712930  8.8448504e+00  8.8371761e+00  8.5052772e-01
3.2634403e+00    846715  8.1891711e+00  8.1820302e+00  7.3511294e-01
3.4562097e+00   1005596  7.5503062e+00  7.5436903e+00  6.3514930e-01
3.6603648e+00   1194719  6.9556436e+00  6.9495148e+00  5.4858592e-01
3.8766358e+00   1419743  6.3856500e+00  6.3799905e+00  4.7363889e-01
4.1057220e+00   1686576  5.8577184e+00  5.8525010e+00  4.0878351e-01
4.3483372e+00   2003484  5.3471794e+00  5.3423941e+00  3.5269397e-01
4.6052142e+00   2378778  4.8859236e+00  4.8815348e+00  3.0421484e-01
4.8773359e+00   2828400  4.4447993e+00  4.4407812e+00  2.6230665e-01
5.1655179e+00   3356890  4.0388280e+00  4.0351672e+00  2.2610372e-01
5.4707002e+00   3990317  3.6602619e+00  3.6569252e+00  1.9484080e-01
5.7939476e+00   4738457  3.3111464e+00  3.3081174e+00  1.6784797e-01
6.1362572e+00   5629661  2.9905689e+00  2.9878210e+00  1.4455481e-01
6.4988210e+00   6687903  2.7017130e+00  2.6992202e+00  1.2445705e-01
6.8828355e+00   7945758  2.4379173e+00  2.4356584e+00  1.0712232e-01
7.2895050e+00   9436555  2.1953860e+00  2.1933449e+00  9.2177840e-02
7.7201584e+00  11210320  1.9772052e+00  1.9753597e+00  7.9298017e-02
8.1762927e+00  13318613  1.7771171e+00  1.7754517e+00  6.8198948e-02
8.6593661e+00  15819192  1.5958665e+00  1.5943659e+00  5.8638316e-02
9.1709925e+00  18795348  1.4308774e+00  1.4295266e+00  5.0404911e-02
9.7128705e+00  22326034  1.2842946e+00  1.2830781e+00  4.3316405e-02
1.0286736e+01  26520842  1.1492930e+00  1.1482007e+00  3.7215852e-02
1.0894484e+01  31503438  1.0288060e+00  1.0278250e+00  3.1966882e-02
1.1538156e+01  37426927  9.2184842e-01  9.2096629e-01  2.7451544e-02
1.2220385e+01  44525830  8.2583674e-01  8.2504176e-01  2.3565731e-02
