# Power spectrum from CO𝘕CEPT job 4563717 at t = 2.2269176 Gyr, a = 0.25641026
#
# Components:
#   0: matter  (upstream grid size 1024)
#
#                           grid size 1024
# ╭────────────────────────────────────────────────────────────────╮
#                         component 0    (corrected)      (linear)
#                        σ₈ = 2.69e-01  σ₈ = 2.70e-01  σ₈ = 2.66e-01
#  k [Mpc⁻¹]    modes       P [Mpc³]       P [Mpc³]       P [Mpc³]
2.4543693e-02         3  5.6615968e+03  5.6615968e+03  5.7005097e+03
4.6570361e-02        25  3.2509267e+03  3.3353493e+03  3.3451461e+03
8.3521561e-02       124  1.4534472e+03  1.4415155e+03  1.4643248e+03
1.3383638e-01       418  6.9413872e+02  7.0551912e+02  6.8219730e+02
1.8592088e-01       730  3.7061648e+02  3.7007242e+02  3.6349733e+02
2.3260504e-01      1012  2.5952787e+02  2.5865591e+02  2.3321630e+02
2.7635505e-01      1408  1.9010087e+02  1.8944336e+02  1.6410095e+02
3.1919121e-01      1841  1.4379026e+02  1.4343937e+02  1.2153868e+02
3.6464415e-01      2698  1.1250635e+02  1.1220983e+02  9.1576202e+01
4.1290034e-01      3532  8.8671085e+01  8.8433366e+01  6.9947833e+01
4.6319578e-01      4702  7.1317208e+01  7.1147001e+01  5.4354001e+01
5.1570195e-01      6019  6.0051393e+01  5.9923777e+01  4.2811259e+01
5.7047444e-01      7766  4.9805965e+01  4.9706809e+01  3.4115509e+01
6.2844883e-01     10012  4.3070074e+01  4.2989148e+01  2.7379673e+01
6.8955465e-01     12589  3.6375444e+01  3.6312537e+01  2.2130910e+01
7.5323141e-01     15650  3.1388391e+01  3.1337828e+01  1.8041265e+01
8.2032763e-01     19757  2.7069479e+01  2.7027130e+01  1.4787134e+01
8.9088605e-01     24241  2.3875194e+01  2.3840418e+01  1.2183224e+01
9.6481958e-01     29993  2.0960530e+01  2.0931172e+01  1.0091320e+01
1.0423453e+00     36494  1.8461886e+01  1.8437480e+01  8.3975207e+00
1.1237267e+00     44825  1.6564027e+01  1.6542693e+01  7.0160464e+00
1.2089588e+00     53906  1.4827417e+01  1.4809402e+01  5.8854431e+00
1.2983336e+00     65729  1.3334570e+01  1.3318718e+01  4.9540521e+00
1.3921058e+00     78746  1.2040939e+01  1.2027293e+01  4.1827573e+00
1.4900211e+00     94374  1.0874096e+01  1.0862212e+01  3.5440997e+00
1.5921784e+00    112166  9.9165134e+00  9.9061361e+00  3.0131011e+00
1.6991083e+00    134373  9.0246162e+00  9.0153575e+00  2.5682915e+00
1.8110248e+00    159077  8.2873372e+00  8.2791419e+00  2.1943852e+00
1.9277595e+00    188172  7.6104290e+00  7.6031356e+00  1.8800160e+00
2.0497441e+00    222492  7.0367446e+00  7.0301732e+00  1.6142811e+00
2.1771282e+00    261771  6.4822304e+00  6.4763524e+00  1.3891052e+00
2.3098450e+00    306759  5.9895576e+00  5.9842940e+00  1.1981276e+00
2.4484375e+00    360898  5.5579347e+00  5.5531390e+00  1.0352987e+00
2.5937215e+00    425046  5.1669816e+00  5.1625787e+00  8.9563630e-01
2.7470320e+00    505555  4.7979969e+00  4.7938745e+00  7.7492896e-01
2.9094444e+00    600292  4.4499056e+00  4.4460642e+00  6.7020741e-01
3.0813867e+00    712930  4.1212580e+00  4.1176822e+00  5.7945320e-01
3.2634403e+00    846715  3.8273001e+00  3.8239627e+00  5.0082293e-01
3.4562097e+00   1005596  3.5459544e+00  3.5428473e+00  4.3271928e-01
3.6603648e+00   1194719  3.2848155e+00  3.2819212e+00  3.7374499e-01
3.8766358e+00   1419743  3.0451772e+00  3.0424783e+00  3.2268474e-01
4.1057220e+00   1686576  2.8090561e+00  2.8065541e+00  2.7849976e-01
4.3483372e+00   2003484  2.5991533e+00  2.5968273e+00  2.4028681e-01
4.6052142e+00   2378778  2.3982529e+00  2.3960987e+00  2.0725871e-01
4.8773359e+00   2828400  2.2099444e+00  2.2079466e+00  1.7870728e-01
5.1655179e+00   3356890  2.0339547e+00  2.0321110e+00  1.5404276e-01
5.4707002e+00   3990317  1.8642908e+00  1.8625913e+00  1.3274377e-01
5.7939476e+00   4738457  1.7124374e+00  1.7108709e+00  1.1435394e-01
6.1362572e+00   5629661  1.5696362e+00  1.5681939e+00  9.8484628e-02
6.4988210e+00   6687903  1.4380680e+00  1.4367411e+00  8.4792298e-02
6.8828355e+00   7945758  1.3185864e+00  1.3173646e+00  7.2982367e-02
7.2895050e+00   9436555  1.2083873e+00  1.2072638e+00  6.2800883e-02
7.7201584e+00  11210320  1.1046847e+00  1.1036536e+00  5.4026015e-02
8.1762927e+00  13318613  1.0109190e+00  1.0099716e+00  4.6464346e-02
8.6593661e+00  15819192  9.2360929e-01  9.2274082e-01  3.9950791e-02
9.1709925e+00  18795348  8.4284650e-01  8.4205085e-01  3.4341455e-02
9.7128705e+00  22326034  7.6787461e-01  7.6714728e-01  2.9512122e-02
1.0286736e+01  26520842  6.9968302e-01  6.9901804e-01  2.5355866e-02
1.0894484e+01  31503438  6.3719061e-01  6.3658300e-01  2.1779781e-02
1.1538156e+01  37426927  5.7942788e-01  5.7887341e-01  1.8703509e-02
1.2220385e+01  44525830  5.2700604e-01  5.2649873e-01  1.6056123e-02
