# Power spectrum from CO𝘕CEPT job 4563717 at t = 10.262193 Gyr, a = 0.76923077
#
# Components:
#   0: matter  (upstream grid size 1024)
#
#                           grid size 1024
# ╭────────────────────────────────────────────────────────────────╮
#                         component 0    (corrected)      (linear)
#                        σ₈ = 7.53e-01  σ₈ = 7.54e-01  σ₈ = 6.99e-01
#  k [Mpc⁻¹]    modes       P [Mpc³]       P [Mpc³]       P [Mpc³]
2.4543693e-02         3  3.8279811e+04  3.8279811e+04  3.9294454e+04
4.6570361e-02        25  2.1946296e+04  2.2516215e+04  2.3048033e+04
8.3521561e-02       124  1.0392530e+04  1.0307216e+04  1.0087442e+04
1.3383638e-01       418  5.2511825e+03  5.3372755e+03  4.6992612e+03
1.8592088e-01       730  3.1131393e+03  3.1085693e+03  2.5038770e+03
2.3260504e-01      1012  2.3583176e+03  2.3503941e+03  1.6064513e+03
2.7635505e-01      1408  1.9296684e+03  1.9229942e+03  1.1303635e+03
3.1919121e-01      1841  1.6905778e+03  1.6864523e+03  8.3718326e+02
3.6464415e-01      2698  1.3791898e+03  1.3755548e+03  6.3079455e+02
4.1290034e-01      3532  1.2369283e+03  1.2336122e+03  4.8181357e+02
4.6319578e-01      4702  1.0680210e+03  1.0654721e+03  3.7440003e+02
5.1570195e-01      6019  9.6959356e+02  9.6753306e+02  2.9489135e+02
5.7047444e-01      7766  8.9249820e+02  8.9072137e+02  2.3499338e+02
6.2844883e-01     10012  7.9835501e+02  7.9685494e+02  1.8859571e+02
6.8955465e-01     12589  7.2464425e+02  7.2339107e+02  1.5244129e+02
7.5323141e-01     15650  6.6686922e+02  6.6579498e+02  1.2427110e+02
8.2032763e-01     19757  6.1410617e+02  6.1314545e+02  1.0185608e+02
8.9088605e-01     24241  5.6959247e+02  5.6876282e+02  8.3919910e+01
9.6481958e-01     29993  5.0990154e+02  5.0918736e+02  6.9510529e+01
1.0423453e+00     36494  4.7031618e+02  4.6969442e+02  5.7843357e+01
1.1237267e+00     44825  4.2549115e+02  4.2494313e+02  4.8327536e+01
1.2089588e+00     53906  3.8987645e+02  3.8940276e+02  4.0539757e+01
1.2983336e+00     65729  3.5540628e+02  3.5498380e+02  3.4124187e+01
1.3921058e+00     78746  3.2381350e+02  3.2344651e+02  2.8811386e+01
1.4900211e+00     94374  2.9739111e+02  2.9706612e+02  2.4412211e+01
1.5921784e+00    112166  2.6937063e+02  2.6908874e+02  2.0754611e+01
1.6991083e+00    134373  2.4474411e+02  2.4449302e+02  1.7690693e+01
1.8110248e+00    159077  2.1997229e+02  2.1975476e+02  1.5115169e+01
1.9277595e+00    188172  2.0125147e+02  2.0105860e+02  1.2949747e+01
2.0497441e+00    222492  1.8174659e+02  1.8157687e+02  1.1119325e+01
2.1771282e+00    261771  1.6424219e+02  1.6409326e+02  9.5682801e+00
2.3098450e+00    306759  1.4855434e+02  1.4842379e+02  8.2527991e+00
2.4484375e+00    360898  1.3419428e+02  1.3407849e+02  7.1312103e+00
2.5937215e+00    425046  1.2148780e+02  1.2138428e+02  6.1691958e+00
2.7470320e+00    505555  1.0955493e+02  1.0946080e+02  5.3377470e+00
2.9094444e+00    600292  9.8692507e+01  9.8607311e+01  4.6164108e+00
3.0813867e+00    712930  8.9452620e+01  8.9375007e+01  3.9912839e+00
3.2634403e+00    846715  8.0371272e+01  8.0301188e+01  3.4496686e+00
3.4562097e+00   1005596  7.2059908e+01  7.1996766e+01  2.9805622e+00
3.6603648e+00   1194719  6.4861586e+01  6.4804436e+01  2.5743403e+00
3.8766358e+00   1419743  5.8268448e+01  5.8216806e+01  2.2226315e+00
4.1057220e+00   1686576  5.2299884e+01  5.2253301e+01  1.9182807e+00
4.3483372e+00   2003484  4.6828816e+01  4.6786907e+01  1.6550660e+00
4.6052142e+00   2378778  4.1882861e+01  4.1845240e+01  1.4275655e+00
4.8773359e+00   2828400  3.7481516e+01  3.7447633e+01  1.2309008e+00
5.1655179e+00   3356890  3.3530074e+01  3.3499681e+01  1.0610097e+00
5.4707002e+00   3990317  2.9922859e+01  2.9895582e+01  9.1430099e-01
5.7939476e+00   4738457  2.6715656e+01  2.6691217e+01  7.8763092e-01
6.1362572e+00   5629661  2.3774335e+01  2.3752489e+01  6.7832250e-01
6.4988210e+00   6687903  2.1181819e+01  2.1162274e+01  5.8400945e-01
6.8828355e+00   7945758  1.8864852e+01  1.8847372e+01  5.0266261e-01
7.2895050e+00   9436555  1.6781807e+01  1.6766204e+01  4.3253274e-01
7.7201584e+00  11210320  1.4914080e+01  1.4900159e+01  3.7209180e-01
8.1762927e+00  13318613  1.3247491e+01  1.3235076e+01  3.2000752e-01
8.6593661e+00  15819192  1.1745910e+01  1.1734866e+01  2.7514276e-01
9.1709925e+00  18795348  1.0400667e+01  1.0390849e+01  2.3650637e-01
9.7128705e+00  22326034  9.2012081e+00  9.1924928e+00  2.0324271e-01
1.0286736e+01  26520842  8.1284679e+00  8.1207425e+00  1.7461526e-01
1.0894484e+01  31503438  7.1889941e+00  7.1821389e+00  1.4998408e-01
1.1538156e+01  37426927  6.3518313e+00  6.3457531e+00  1.2879566e-01
1.2220385e+01  44525830  5.6010739e+00  5.5956821e+00  1.1056143e-01
