# Power spectrum from CO𝘕CEPT job 4563717 at t = 8.5939943 Gyr, a = 0.66666667
#
# Components:
#   0: matter  (upstream grid size 1024)
#
#                           grid size 1024
# ╭────────────────────────────────────────────────────────────────╮
#                         component 0    (corrected)      (linear)
#                        σ₈ = 6.71e-01  σ₈ = 6.73e-01  σ₈ = 6.31e-01
#  k [Mpc⁻¹]    modes       P [Mpc³]       P [Mpc³]       P [Mpc³]
2.4543693e-02         3  3.1280613e+04  3.1280613e+04  3.1991027e+04
4.6570361e-02        25  1.7953705e+04  1.8419942e+04  1.8765414e+04
8.3521561e-02       124  8.3629981e+03  8.2943445e+03  8.2132793e+03
1.3383638e-01       418  4.1916266e+03  4.2603483e+03  3.8262109e+03
1.8592088e-01       730  2.4420249e+03  2.4384401e+03  2.0387011e+03
2.3260504e-01      1012  1.8377557e+03  1.8315813e+03  1.3080027e+03
2.7635505e-01      1408  1.4839112e+03  1.4787787e+03  9.2036368e+02
3.1919121e-01      1841  1.2714824e+03  1.2683796e+03  6.8165094e+02
3.6464415e-01      2698  1.0276603e+03  1.0249518e+03  5.1360537e+02
4.1290034e-01      3532  9.1745193e+02  9.1499233e+02  3.9230219e+02
4.6319578e-01      4702  7.9998202e+02  7.9807277e+02  3.0484400e+02
5.1570195e-01      6019  7.2271504e+02  7.2117919e+02  2.4010646e+02
5.7047444e-01      7766  6.5289300e+02  6.5159319e+02  1.9133635e+02
6.2844883e-01     10012  5.8249419e+02  5.8139972e+02  1.5355844e+02
6.8955465e-01     12589  5.3071415e+02  5.2979634e+02  1.2412079e+02
7.5323141e-01     15650  4.9027525e+02  4.8948548e+02  1.0118405e+02
8.2032763e-01     19757  4.5126583e+02  4.5055986e+02  8.2933297e+01
8.9088605e-01     24241  4.1255321e+02  4.1195230e+02  6.8329304e+01
9.6481958e-01     29993  3.7574898e+02  3.7522270e+02  5.6596894e+01
1.0423453e+00     36494  3.4758615e+02  3.4712664e+02  4.7097246e+01
1.1237267e+00     44825  3.1497511e+02  3.1456944e+02  3.9349272e+01
1.2089588e+00     53906  2.9112285e+02  2.9076914e+02  3.3008304e+01
1.2983336e+00     65729  2.6907279e+02  2.6875293e+02  2.7784616e+01
1.3921058e+00     78746  2.4579397e+02  2.4551540e+02  2.3458826e+01
1.4900211e+00     94374  2.2351155e+02  2.2326729e+02  1.9876928e+01
1.5921784e+00    112166  2.0299592e+02  2.0278349e+02  1.6898835e+01
1.6991083e+00    134373  1.8432617e+02  1.8413706e+02  1.4404131e+01
1.8110248e+00    159077  1.6836870e+02  1.6820220e+02  1.2307086e+01
1.9277595e+00    188172  1.5334947e+02  1.5320250e+02  1.0543955e+01
2.0497441e+00    222492  1.3944750e+02  1.3931727e+02  9.0535881e+00
2.1771282e+00    261771  1.2613205e+02  1.2601768e+02  7.7906955e+00
2.3098450e+00    306759  1.1457617e+02  1.1447548e+02  6.7196038e+00
2.4484375e+00    360898  1.0360859e+02  1.0351919e+02  5.8063832e+00
2.5937215e+00    425046  9.3632862e+01  9.3553076e+01  5.0230912e+00
2.7470320e+00    505555  8.4432644e+01  8.4360101e+01  4.3461085e+00
2.9094444e+00    600292  7.6299380e+01  7.6233515e+01  3.7587816e+00
3.0813867e+00    712930  6.8598451e+01  6.8538932e+01  3.2497904e+00
3.2634403e+00    846715  6.1787124e+01  6.1733245e+01  2.8087959e+00
3.4562097e+00   1005596  5.5557302e+01  5.5508621e+01  2.4268398e+00
3.6603648e+00   1194719  4.9912570e+01  4.9868591e+01  2.0960855e+00
3.8766358e+00   1419743  4.4772849e+01  4.4733168e+01  1.8097169e+00
4.1057220e+00   1686576  4.0260112e+01  4.0224252e+01  1.5619080e+00
4.3483372e+00   2003484  3.5987369e+01  3.5955163e+01  1.3475931e+00
4.6052142e+00   2378778  3.2080022e+01  3.2051206e+01  1.1623574e+00
4.8773359e+00   2828400  2.8685798e+01  2.8659867e+01  1.0022288e+00
5.1655179e+00   3356890  2.5545282e+01  2.5522127e+01  8.6389994e-01
5.4707002e+00   3990317  2.2748212e+01  2.2727475e+01  7.4444655e-01
5.7939476e+00   4738457  2.0258047e+01  2.0239515e+01  6.4130905e-01
6.1362572e+00   5629661  1.8026397e+01  1.8009833e+01  5.5230778e-01
6.4988210e+00   6687903  1.6040596e+01  1.6025795e+01  4.7551604e-01
6.8828355e+00   7945758  1.4256525e+01  1.4243315e+01  4.0928166e-01
7.2895050e+00   9436555  1.2659087e+01  1.2647318e+01  3.5218036e-01
7.7201584e+00  11210320  1.1229422e+01  1.1218941e+01  3.0296799e-01
8.1762927e+00  13318613  9.9611325e+00  9.9517976e+00  2.6055979e-01
8.6593661e+00  15819192  8.8278831e+00  8.8195823e+00  2.2402988e-01
9.1709925e+00  18795348  7.8169475e+00  7.8095683e+00  1.9257123e-01
9.7128705e+00  22326034  6.9097126e+00  6.9031678e+00  1.6548718e-01
1.0286736e+01  26520842  6.0977581e+00  6.0919627e+00  1.4217803e-01
1.0894484e+01  31503438  5.3826968e+00  5.3775640e+00  1.2212272e-01
1.1538156e+01  37426927  4.7432183e+00  4.7386795e+00  1.0487057e-01
1.2220385e+01  44525830  4.1795805e+00  4.1755571e+00  9.0023794e-02
