# Power spectrum from CO𝘕CEPT job 4563717 at t = 4.2708382 Gyr, a = 0.4
#
# Components:
#   0: matter  (upstream grid size 1024)
#
#                           grid size 1024
# ╭────────────────────────────────────────────────────────────────╮
#                         component 0    (corrected)      (linear)
#                        σ₈ = 4.19e-01  σ₈ = 4.20e-01  σ₈ = 4.08e-01
#  k [Mpc⁻¹]    modes       P [Mpc³]       P [Mpc³]       P [Mpc³]
2.4543693e-02         3  1.3193774e+04  1.3193774e+04  1.3353579e+04
4.6570361e-02        25  7.5821297e+03  7.7790285e+03  7.8347746e+03
8.3521561e-02       124  3.4121085e+03  3.3840977e+03  3.4294395e+03
1.3383638e-01       418  1.6666178e+03  1.6939420e+03  1.5976727e+03
1.8592088e-01       730  9.1532751e+02  9.1398382e+02  8.5128799e+02
2.3260504e-01      1012  6.6351252e+02  6.6128325e+02  5.4617672e+02
2.7635505e-01      1408  5.0191469e+02  5.0017869e+02  3.8431281e+02
3.1919121e-01      1841  3.9964207e+02  3.9866684e+02  2.8463476e+02
3.6464415e-01      2698  3.1720590e+02  3.1636987e+02  2.1446470e+02
4.1290034e-01      3532  2.6513010e+02  2.6441931e+02  1.6381259e+02
4.6319578e-01      4702  2.2085265e+02  2.2032556e+02  1.2729296e+02
5.1570195e-01      6019  1.8787001e+02  1.8747076e+02  1.0026071e+02
5.7047444e-01      7766  1.6081654e+02  1.6049637e+02  7.9895907e+01
6.2844883e-01     10012  1.4396195e+02  1.4369146e+02  6.4121084e+01
6.8955465e-01     12589  1.2762905e+02  1.2740833e+02  5.1828876e+01
7.5323141e-01     15650  1.1438221e+02  1.1419795e+02  4.2251236e+01
8.2032763e-01     19757  1.0071103e+02  1.0055347e+02  3.4630309e+01
8.9088605e-01     24241  9.2569581e+01  9.2434748e+01  2.8532151e+01
9.6481958e-01     29993  8.2636505e+01  8.2520762e+01  2.3633073e+01
1.0423453e+00     36494  7.6104814e+01  7.6004204e+01  1.9666324e+01
1.1237267e+00     44825  6.9296339e+01  6.9207087e+01  1.6431018e+01
1.2089588e+00     53906  6.4392012e+01  6.4313779e+01  1.3783233e+01
1.2983336e+00     65729  5.9115243e+01  5.9044971e+01  1.1601987e+01
1.3921058e+00     78746  5.4610242e+01  5.4548351e+01  9.7956746e+00
1.4900211e+00     94374  5.0383786e+01  5.0328726e+01  8.2999881e+00
1.5921784e+00    112166  4.6814090e+01  4.6765101e+01  7.0564311e+00
1.6991083e+00    134373  4.3417641e+01  4.3373097e+01  6.0147217e+00
1.8110248e+00    159077  4.0161803e+01  4.0122087e+01  5.1390626e+00
1.9277595e+00    188172  3.7321147e+01  3.7285380e+01  4.4028347e+00
2.0497441e+00    222492  3.4544303e+01  3.4512043e+01  3.7805046e+00
2.1771282e+00    261771  3.1899777e+01  3.1870851e+01  3.2531604e+00
2.3098450e+00    306759  2.9596045e+01  2.9570036e+01  2.8059063e+00
2.4484375e+00    360898  2.7273122e+01  2.7249589e+01  2.4245741e+00
2.5937215e+00    425046  2.5166136e+01  2.5144692e+01  2.0974959e+00
2.7470320e+00    505555  2.3170809e+01  2.3150901e+01  1.8148091e+00
2.9094444e+00    600292  2.1285491e+01  2.1267116e+01  1.5695597e+00
3.0813867e+00    712930  1.9514453e+01  1.9497522e+01  1.3570208e+00
3.2634403e+00    846715  1.7832357e+01  1.7816807e+01  1.1728752e+00
3.4562097e+00   1005596  1.6283424e+01  1.6269155e+01  1.0133822e+00
3.6603648e+00   1194719  1.4824743e+01  1.4811680e+01  8.7526935e-01
3.8766358e+00   1419743  1.3404603e+01  1.3392722e+01  7.5569058e-01
4.1057220e+00   1686576  1.2119187e+01  1.2108392e+01  6.5221317e-01
4.3483372e+00   2003484  1.0949889e+01  1.0940090e+01  5.6272177e-01
4.6052142e+00   2378778  9.8598780e+00  9.8510213e+00  4.8537289e-01
4.8773359e+00   2828400  8.8683283e+00  8.8603113e+00  4.1850801e-01
5.1655179e+00   3356890  7.9628875e+00  7.9556698e+00  3.6074596e-01
5.4707002e+00   3990317  7.1468772e+00  7.1403621e+00  3.1086573e-01
5.7939476e+00   4738457  6.3960077e+00  6.3901567e+00  2.6779850e-01
6.1362572e+00   5629661  5.7256976e+00  5.7204364e+00  2.3063412e-01
6.4988210e+00   6687903  5.1188977e+00  5.1141745e+00  1.9856806e-01
6.8828355e+00   7945758  4.5707476e+00  4.5665124e+00  1.7091043e-01
7.2895050e+00   9436555  4.0719177e+00  4.0681318e+00  1.4706648e-01
7.7201584e+00  11210320  3.6287765e+00  3.6253894e+00  1.2651671e-01
8.1762927e+00  13318613  3.2307208e+00  3.2276932e+00  1.0880815e-01
8.6593661e+00  15819192  2.8771148e+00  2.8744094e+00  9.3554187e-02
9.1709925e+00  18795348  2.5606723e+00  2.5582550e+00  8.0417825e-02
9.7128705e+00  22326034  2.2744665e+00  2.2723121e+00  6.9108160e-02
1.0286736e+01  26520842  2.0227267e+00  2.0208043e+00  5.9374784e-02
1.0894484e+01  31503438  1.7960406e+00  1.7943279e+00  5.1000114e-02
1.1538156e+01  37426927  1.5940757e+00  1.5925503e+00  4.3795962e-02
1.2220385e+01  44525830  1.4147387e+00  1.4133769e+00  3.7596220e-02
