# Power spectrum from CO𝘕CEPT job 4563717 at t = 7.3004497 Gyr, a = 0.58823529
#
# Components:
#   0: matter  (upstream grid size 1024)
#
#                           grid size 1024
# ╭────────────────────────────────────────────────────────────────╮
#                         component 0    (corrected)      (linear)
#                        σ₈ = 6.02e-01  σ₈ = 6.04e-01  σ₈ = 5.72e-01
#  k [Mpc⁻¹]    modes       P [Mpc³]       P [Mpc³]       P [Mpc³]
2.4543693e-02         3  2.5774689e+04  2.5774689e+04  2.6281061e+04
4.6570361e-02        25  1.4803463e+04  1.5187891e+04  1.5416916e+04
8.3521561e-02       124  6.8126507e+03  6.7567243e+03  6.7478559e+03
1.3383638e-01       418  3.3924877e+03  3.4481075e+03  3.1435573e+03
1.8592088e-01       730  1.9464103e+03  1.9435530e+03  1.6749703e+03
2.3260504e-01      1012  1.4531862e+03  1.4483038e+03  1.0746391e+03
2.7635505e-01      1408  1.1542467e+03  1.1502545e+03  7.5615995e+02
3.1919121e-01      1841  9.7000740e+02  9.6764033e+02  5.6003656e+02
3.6464415e-01      2698  7.7968247e+02  7.7762754e+02  4.2197234e+02
4.1290034e-01      3532  6.9160506e+02  6.8975094e+02  3.2231109e+02
4.6319578e-01      4702  6.0033008e+02  5.9889733e+02  2.5045645e+02
5.1570195e-01      6019  5.3264822e+02  5.3151628e+02  1.9726883e+02
5.7047444e-01      7766  4.7144649e+02  4.7050791e+02  1.5719985e+02
6.2844883e-01     10012  4.1764457e+02  4.1685984e+02  1.2616194e+02
6.8955465e-01     12589  3.8182120e+02  3.8116089e+02  1.0197629e+02
7.5323141e-01     15650  3.5195984e+02  3.5139288e+02  8.3131724e+01
8.2032763e-01     19757  3.1560222e+02  3.1510848e+02  6.8137104e+01
8.9088605e-01     24241  2.8835395e+02  2.8793394e+02  5.6138623e+01
9.6481958e-01     29993  2.6677834e+02  2.6640468e+02  4.6499402e+01
1.0423453e+00     36494  2.4107324e+02  2.4075454e+02  3.8694595e+01
1.1237267e+00     44825  2.2197282e+02  2.2168693e+02  3.2328943e+01
1.2089588e+00     53906  2.0660111e+02  2.0635010e+02  2.7119273e+01
1.2983336e+00     65729  1.8855407e+02  1.8832993e+02  2.2827548e+01
1.3921058e+00     78746  1.7284019e+02  1.7264431e+02  1.9273525e+01
1.4900211e+00     94374  1.5807719e+02  1.5790444e+02  1.6330676e+01
1.5921784e+00    112166  1.4465521e+02  1.4450383e+02  1.3883907e+01
1.6991083e+00    134373  1.3240490e+02  1.3226906e+02  1.1834285e+01
1.8110248e+00    159077  1.2112869e+02  1.2100890e+02  1.0111376e+01
1.9277595e+00    188172  1.1010424e+02  1.0999873e+02  8.6628059e+00
2.0497441e+00    222492  1.0003904e+02  9.9945617e+01  7.4383362e+00
2.1771282e+00    261771  9.1352330e+01  9.1269494e+01  6.4007571e+00
2.3098450e+00    306759  8.3658738e+01  8.3585218e+01  5.5207596e+00
2.4484375e+00    360898  7.5958125e+01  7.5892585e+01  4.7704672e+00
2.5937215e+00    425046  6.9110587e+01  6.9051697e+01  4.1269228e+00
2.7470320e+00    505555  6.2498342e+01  6.2444644e+01  3.5707209e+00
2.9094444e+00    600292  5.6537936e+01  5.6489130e+01  3.0881794e+00
3.0813867e+00    712930  5.1127852e+01  5.1083491e+01  2.6699975e+00
3.2634403e+00    846715  4.6195578e+01  4.6155295e+01  2.3076811e+00
3.4562097e+00   1005596  4.1724329e+01  4.1687768e+01  1.9938699e+00
3.6603648e+00   1194719  3.7476171e+01  3.7443150e+01  1.7221256e+00
3.8766358e+00   1419743  3.3681091e+01  3.3651240e+01  1.4868480e+00
4.1057220e+00   1686576  3.0137279e+01  3.0110436e+01  1.2832508e+00
4.3483372e+00   2003484  2.7031632e+01  2.7007441e+01  1.1071719e+00
4.6052142e+00   2378778  2.4215560e+01  2.4193809e+01  9.5498407e-01
4.8773359e+00   2828400  2.1651359e+01  2.1631787e+01  8.2342407e-01
5.1655179e+00   3356890  1.9355811e+01  1.9338266e+01  7.0977442e-01
5.4707002e+00   3990317  1.7294205e+01  1.7278440e+01  6.1163267e-01
5.7939476e+00   4738457  1.5414265e+01  1.5400164e+01  5.2689590e-01
6.1362572e+00   5629661  1.3734973e+01  1.3722352e+01  4.5377330e-01
6.4988210e+00   6687903  1.2242717e+01  1.2231421e+01  3.9068193e-01
6.8828355e+00   7945758  1.0887526e+01  1.0877438e+01  3.3626437e-01
7.2895050e+00   9436555  9.6707728e+00  9.6617815e+00  2.8935045e-01
7.7201584e+00  11210320  8.5847056e+00  8.5766927e+00  2.4891800e-01
8.1762927e+00  13318613  7.6189234e+00  7.6117835e+00  2.1407578e-01
8.6593661e+00  15819192  6.7530029e+00  6.7466531e+00  1.8406310e-01
9.1709925e+00  18795348  5.9796227e+00  5.9739779e+00  1.5821693e-01
9.7128705e+00  22326034  5.2888615e+00  5.2838519e+00  1.3596487e-01
1.0286736e+01  26520842  4.6776274e+00  4.6731817e+00  1.1681423e-01
1.0894484e+01  31503438  4.1383800e+00  4.1344337e+00  1.0033692e-01
1.1538156e+01  37426927  3.6546942e+00  3.6511969e+00  8.6162665e-02
1.2220385e+01  44525830  3.2253879e+00  3.2222830e+00  7.3964631e-02
