# Power spectrum from CO𝘕CEPT job 4563717 at t = 2.6137202 Gyr, a = 0.28571429
#
# Components:
#   0: matter  (upstream grid size 1024)
#
#                           grid size 1024
# ╭────────────────────────────────────────────────────────────────╮
#                         component 0    (corrected)      (linear)
#                        σ₈ = 3.00e-01  σ₈ = 3.01e-01  σ₈ = 2.96e-01
#  k [Mpc⁻¹]    modes       P [Mpc³]       P [Mpc³]       P [Mpc³]
2.4543693e-02         3  6.9828095e+03  6.9828095e+03  7.0377304e+03
4.6570361e-02        25  4.0105982e+03  4.1147486e+03  4.1296954e+03
8.3521561e-02       124  1.7940115e+03  1.7792841e+03  1.8077354e+03
1.3383638e-01       418  8.6131107e+02  8.7543225e+02  8.4218163e+02
1.8592088e-01       730  4.6188051e+02  4.6120248e+02  4.4874173e+02
2.3260504e-01      1012  3.2612667e+02  3.2503095e+02  2.8790813e+02
2.7635505e-01      1408  2.4037190e+02  2.3954051e+02  2.0258441e+02
3.1919121e-01      1841  1.8375887e+02  1.8331045e+02  1.5004080e+02
3.6464415e-01      2698  1.4433029e+02  1.4394989e+02  1.1305179e+02
4.1290034e-01      3532  1.1483430e+02  1.1452644e+02  8.6351328e+01
4.6319578e-01      4702  9.3228796e+01  9.3006295e+01  6.7100576e+01
5.1570195e-01      6019  7.8746092e+01  7.8578748e+01  5.2850938e+01
5.7047444e-01      7766  6.5843495e+01  6.5712410e+01  4.2115944e+01
6.2844883e-01     10012  5.7419474e+01  5.7311586e+01  3.3800485e+01
6.8955465e-01     12589  4.9147781e+01  4.9062786e+01  2.7320832e+01
7.5323141e-01     15650  4.2727730e+01  4.2658901e+01  2.2272123e+01
8.2032763e-01     19757  3.7000254e+01  3.6942369e+01  1.8254865e+01
8.9088605e-01     24241  3.2987036e+01  3.2938988e+01  1.5040311e+01
9.6481958e-01     29993  2.9111587e+01  2.9070812e+01  1.2457835e+01
1.0423453e+00     36494  2.5928008e+01  2.5893731e+01  1.0366822e+01
1.1237267e+00     44825  2.3482306e+01  2.3452061e+01  8.6613777e+00
1.2089588e+00     53906  2.1192095e+01  2.1166347e+01  7.2656365e+00
1.2983336e+00     65729  1.9192580e+01  1.9169765e+01  6.1158249e+00
1.3921058e+00     78746  1.7468735e+01  1.7448937e+01  5.1636537e+00
1.4900211e+00     94374  1.5863744e+01  1.5846408e+01  4.3752244e+00
1.5921784e+00    112166  1.4565886e+01  1.4550643e+01  3.7197014e+00
1.6991083e+00    134373  1.3343521e+01  1.3329831e+01  3.1705795e+00
1.8110248e+00    159077  1.2314544e+01  1.2302367e+01  2.7089884e+00
1.9277595e+00    188172  1.1353836e+01  1.1342955e+01  2.3208965e+00
2.0497441e+00    222492  1.0559251e+01  1.0549390e+01  1.9928441e+00
2.1771282e+00    261771  9.7733242e+00  9.7644619e+00  1.7148622e+00
2.3098450e+00    306759  9.0661712e+00  9.0582039e+00  1.4790986e+00
2.4484375e+00    360898  8.4137104e+00  8.4064506e+00  1.2780847e+00
2.5937215e+00    425046  7.8276496e+00  7.8209796e+00  1.1056701e+00
2.7470320e+00    505555  7.2767100e+00  7.2704580e+00  9.5665571e-01
2.9094444e+00    600292  6.7651260e+00  6.7592860e+00  8.2737594e-01
3.0813867e+00    712930  6.2872353e+00  6.2817802e+00  7.1533901e-01
3.2634403e+00    846715  5.8256361e+00  5.8205561e+00  6.1826920e-01
3.4562097e+00   1005596  5.4008036e+00  5.3960712e+00  5.3419460e-01
3.6603648e+00   1194719  4.9982038e+00  4.9937998e+00  4.6139031e-01
3.8766358e+00   1419743  4.6084984e+00  4.6044140e+00  3.9835596e-01
4.1057220e+00   1686576  4.2465860e+00  4.2428036e+00  3.4380921e-01
4.3483372e+00   2003484  3.9005115e+00  3.8970209e+00  2.9663498e-01
4.6052142e+00   2378778  3.5791594e+00  3.5759444e+00  2.5586151e-01
4.8773359e+00   2828400  3.2785817e+00  3.2756179e+00  2.2061452e-01
5.1655179e+00   3356890  2.9974242e+00  2.9947072e+00  1.9016597e-01
5.4707002e+00   3990317  2.7286171e+00  2.7261297e+00  1.6387220e-01
5.7939476e+00   4738457  2.4868351e+00  2.4845601e+00  1.4116982e-01
6.1362572e+00   5629661  2.2611928e+00  2.2591151e+00  1.2157903e-01
6.4988210e+00   6687903  2.0570311e+00  2.0551331e+00  1.0467575e-01
6.8828355e+00   7945758  1.8677711e+00  1.8660405e+00  9.0096314e-02
7.2895050e+00   9436555  1.6916042e+00  1.6900314e+00  7.7527209e-02
7.7201584e+00  11210320  1.5298387e+00  1.5284108e+00  6.6694584e-02
8.1762927e+00  13318613  1.3847120e+00  1.3834143e+00  5.7359666e-02
8.6593661e+00  15819192  1.2536579e+00  1.2524791e+00  4.9318653e-02
9.1709925e+00  18795348  1.1305395e+00  1.1294723e+00  4.2393907e-02
9.7128705e+00  22326034  1.0196008e+00  1.0186350e+00  3.6432081e-02
1.0286736e+01  26520842  9.1954666e-01  9.1867272e-01  3.1301175e-02
1.0894484e+01  31503438  8.2822887e-01  8.2743910e-01  2.6886495e-02
1.1538156e+01  37426927  7.4646076e-01  7.4574647e-01  2.3088838e-02
1.2220385e+01  44525830  6.7280320e-01  6.7215554e-01  1.9820644e-02
