# Power spectrum from CO𝘕CEPT job 4563717 at t = 5.8539328 Gyr, a = 0.5
#
# Components:
#   0: matter  (upstream grid size 1024)
#
#                           grid size 1024
# ╭────────────────────────────────────────────────────────────────╮
#                         component 0    (corrected)      (linear)
#                        σ₈ = 5.19e-01  σ₈ = 5.20e-01  σ₈ = 4.99e-01
#  k [Mpc⁻¹]    modes       P [Mpc³]       P [Mpc³]       P [Mpc³]
2.4543693e-02         3  1.9657419e+04  1.9657419e+04  1.9974024e+04
4.6570361e-02        25  1.1295535e+04  1.1588866e+04  1.1717964e+04
8.3521561e-02       124  5.1357279e+03  5.0935676e+03  5.1290030e+03
1.3383638e-01       418  2.5369634e+03  2.5785569e+03  2.3894205e+03
1.8592088e-01       730  1.4271304e+03  1.4250354e+03  1.2731502e+03
2.3260504e-01      1012  1.0527937e+03  1.0492565e+03  8.1683751e+02
2.7635505e-01      1408  8.1739489e+02  8.1456773e+02  5.7476062e+02
3.1919121e-01      1841  6.7080080e+02  6.6916387e+02  4.2568650e+02
3.6464415e-01      2698  5.3607592e+02  5.3466304e+02  3.2074331e+02
4.1290034e-01      3532  4.6672660e+02  4.6547535e+02  2.4499034e+02
4.6319578e-01      4702  3.9746366e+02  3.9651507e+02  1.9037328e+02
5.1570195e-01      6019  3.4392967e+02  3.4319878e+02  1.4994510e+02
5.7047444e-01      7766  2.9726651e+02  2.9667469e+02  1.1948847e+02
6.2844883e-01     10012  2.6536718e+02  2.6486857e+02  9.5896394e+01
6.8955465e-01     12589  2.4146232e+02  2.4104474e+02  7.7512754e+01
7.5323141e-01     15650  2.1854570e+02  2.1819365e+02  6.3188895e+01
8.2032763e-01     19757  1.9355782e+02  1.9325501e+02  5.1791402e+01
8.9088605e-01     24241  1.8003281e+02  1.7977058e+02  4.2671290e+01
9.6481958e-01     29993  1.6382504e+02  1.6359558e+02  3.5344466e+01
1.0423453e+00     36494  1.5104083e+02  1.5084115e+02  2.9411988e+01
1.1237267e+00     44825  1.3954391e+02  1.3936419e+02  2.4573421e+01
1.2089588e+00     53906  1.2951379e+02  1.2935644e+02  2.0613521e+01
1.2983336e+00     65729  1.2033687e+02  1.2019382e+02  1.7351356e+01
1.3921058e+00     78746  1.1094843e+02  1.1082269e+02  1.4649923e+01
1.4900211e+00     94374  1.0230323e+02  1.0219144e+02  1.2413047e+01
1.5921784e+00    112166  9.4062883e+01  9.3964450e+01  1.0553244e+01
1.6991083e+00    134373  8.6721144e+01  8.6632173e+01  8.9953142e+00
1.8110248e+00    159077  7.9998462e+01  7.9919351e+01  7.6857211e+00
1.9277595e+00    188172  7.3396418e+01  7.3326079e+01  6.5846548e+00
2.0497441e+00    222492  6.7315770e+01  6.7252906e+01  5.6539283e+00
2.1771282e+00    261771  6.1866205e+01  6.1810106e+01  4.8652583e+00
2.3098450e+00    306759  5.6653394e+01  5.6603607e+01  4.1963670e+00
2.4484375e+00    360898  5.1604862e+01  5.1560335e+01  3.6260654e+00
2.5937215e+00    425046  4.7229442e+01  4.7189197e+01  3.1369034e+00
2.7470320e+00    505555  4.3036629e+01  4.2999653e+01  2.7141310e+00
2.9094444e+00    600292  3.9254256e+01  3.9220370e+01  2.3473483e+00
3.0813867e+00    712930  3.5597825e+01  3.5566939e+01  2.0294857e+00
3.2634403e+00    846715  3.2346484e+01  3.2318278e+01  1.7540868e+00
3.4562097e+00   1005596  2.9171505e+01  2.9145943e+01  1.5155569e+00
3.6603648e+00   1194719  2.6228759e+01  2.6205648e+01  1.3090024e+00
3.8766358e+00   1419743  2.3635595e+01  2.3614647e+01  1.1301664e+00
4.1057220e+00   1686576  2.1233156e+01  2.1214244e+01  9.7541089e-01
4.3483372e+00   2003484  1.9046517e+01  1.9029472e+01  8.4157215e-01
4.6052142e+00   2378778  1.7126773e+01  1.7111389e+01  7.2589315e-01
4.8773359e+00   2828400  1.5291061e+01  1.5277238e+01  6.2589351e-01
5.1655179e+00   3356890  1.3674497e+01  1.3662102e+01  5.3950762e-01
5.4707002e+00   3990317  1.2207557e+01  1.2196429e+01  4.6490938e-01
5.7939476e+00   4738457  1.0863089e+01  1.0853152e+01  4.0050035e-01
6.1362572e+00   5629661  9.6889895e+00  9.6800866e+00  3.4491932e-01
6.4988210e+00   6687903  8.6217768e+00  8.6138215e+00  2.9696308e-01
6.8828355e+00   7945758  7.6765191e+00  7.6694061e+00  2.5559986e-01
7.2895050e+00   9436555  6.8239639e+00  6.8176194e+00  2.1994020e-01
7.7201584e+00  11210320  6.0593203e+00  6.0536646e+00  1.8920715e-01
8.1762927e+00  13318613  5.3826804e+00  5.3776362e+00  1.6272327e-01
8.6593661e+00  15819192  4.7790166e+00  4.7745229e+00  1.3991036e-01
9.1709925e+00  18795348  4.2369118e+00  4.2329122e+00  1.2026442e-01
9.7128705e+00  22326034  3.7567650e+00  3.7532066e+00  1.0335040e-01
1.0286736e+01  26520842  3.3276942e+00  3.3245315e+00  8.8793797e-02
1.0894484e+01  31503438  2.9451569e+00  2.9423484e+00  7.6269204e-02
1.1538156e+01  37426927  2.6037379e+00  2.6012463e+00  6.5495175e-02
1.2220385e+01  44525830  2.3013579e+00  2.2991425e+00  5.6223290e-02
