# Power spectrum from CO𝘕CEPT job 4563717 at t = 9.3736466 Gyr, a = 0.71428571
#
# Components:
#   0: matter  (upstream grid size 1024)
#
#                           grid size 1024
# ╭────────────────────────────────────────────────────────────────╮
#                         component 0    (corrected)      (linear)
#                        σ₈ = 7.10e-01  σ₈ = 7.12e-01  σ₈ = 6.64e-01
#  k [Mpc⁻¹]    modes       P [Mpc³]       P [Mpc³]       P [Mpc³]
2.4543693e-02         3  3.4574569e+04  3.4574569e+04  3.5421962e+04
4.6570361e-02        25  1.9834506e+04  2.0349584e+04  2.0777306e+04
8.3521561e-02       124  9.3097531e+03  9.2333274e+03  9.0937334e+03
1.3383638e-01       418  4.6838325e+03  4.7606239e+03  4.2363586e+03
1.8592088e-01       730  2.7517404e+03  2.7477009e+03  2.2572350e+03
2.3260504e-01      1012  2.0778530e+03  2.0708718e+03  1.4482102e+03
2.7635505e-01      1408  1.6900438e+03  1.6841984e+03  1.0190191e+03
3.1919121e-01      1841  1.4637523e+03  1.4601803e+03  7.5471815e+02
3.6464415e-01      2698  1.1878270e+03  1.1846964e+03  5.6865944e+02
4.1290034e-01      3532  1.0625480e+03  1.0596994e+03  4.3435357e+02
4.6319578e-01      4702  9.2345141e+02  9.2124748e+02  3.3752059e+02
5.1570195e-01      6019  8.3820854e+02  8.3642725e+02  2.6584375e+02
5.7047444e-01      7766  7.6474961e+02  7.6322711e+02  2.1184591e+02
6.2844883e-01     10012  6.8379766e+02  6.8251284e+02  1.7001853e+02
6.8955465e-01     12589  6.2265947e+02  6.2158266e+02  1.3742543e+02
7.5323141e-01     15650  5.7361776e+02  5.7269373e+02  1.1203007e+02
8.2032763e-01     19757  5.2973892e+02  5.2891018e+02  9.1822998e+01
8.9088605e-01     24241  4.8820511e+02  4.8749401e+02  7.5653587e+01
9.6481958e-01     29993  4.4002171e+02  4.3940540e+02  6.2663567e+01
1.0423453e+00     36494  4.0812318e+02  4.0758365e+02  5.2145642e+01
1.1237267e+00     44825  3.7131290e+02  3.7083466e+02  4.3567154e+01
1.2089588e+00     53906  3.4081013e+02  3.4039606e+02  3.6546492e+01
1.2983336e+00     65729  3.1383254e+02  3.1345947e+02  3.0762872e+01
1.3921058e+00     78746  2.8866490e+02  2.8833774e+02  2.5973395e+01
1.4900211e+00     94374  2.6341072e+02  2.6312286e+02  2.2007551e+01
1.5921784e+00    112166  2.3930634e+02  2.3905592e+02  1.8710233e+01
1.6991083e+00    134373  2.1675634e+02  2.1653396e+02  1.5948119e+01
1.8110248e+00    159077  1.9664601e+02  1.9645155e+02  1.3626291e+01
1.9277595e+00    188172  1.7962268e+02  1.7945054e+02  1.1674168e+01
2.0497441e+00    222492  1.6246632e+02  1.6231459e+02  1.0024047e+01
2.1771282e+00    261771  1.4730164e+02  1.4716807e+02  8.6257838e+00
2.3098450e+00    306759  1.3306429e+02  1.3294735e+02  7.4398810e+00
2.4484375e+00    360898  1.2036861e+02  1.2026475e+02  6.4287714e+00
2.5937215e+00    425046  1.0840946e+02  1.0831708e+02  5.5615177e+00
2.7470320e+00    505555  9.8212940e+01  9.8128557e+01  4.8119687e+00
2.9094444e+00    600292  8.8473033e+01  8.8396660e+01  4.1616858e+00
3.0813867e+00    712930  7.9143797e+01  7.9075127e+01  3.5981354e+00
3.2634403e+00    846715  7.1020525e+01  7.0958595e+01  3.1098704e+00
3.4562097e+00   1005596  6.3828776e+01  6.3772846e+01  2.6869721e+00
3.6603648e+00   1194719  5.7302322e+01  5.7251832e+01  2.3207641e+00
3.8766358e+00   1419743  5.1358840e+01  5.1313322e+01  2.0036994e+00
4.1057220e+00   1686576  4.6062900e+01  4.6021872e+01  1.7293278e+00
4.3483372e+00   2003484  4.1272938e+01  4.1236002e+01  1.4920404e+00
4.6052142e+00   2378778  3.6916362e+01  3.6883202e+01  1.2869491e+00
4.8773359e+00   2828400  3.2992693e+01  3.2962868e+01  1.1096563e+00
5.1655179e+00   3356890  2.9460732e+01  2.9434028e+01  9.5649987e-01
5.4707002e+00   3990317  2.6289329e+01  2.6265364e+01  8.2424223e-01
5.7939476e+00   4738457  2.3402501e+01  2.3381093e+01  7.1004940e-01
6.1362572e+00   5629661  2.0876496e+01  2.0857314e+01  6.1150807e-01
6.4988210e+00   6687903  1.8559095e+01  1.8541970e+01  5.2648502e-01
6.8828355e+00   7945758  1.6486046e+01  1.6470770e+01  4.5315099e-01
7.2895050e+00   9436555  1.4645794e+01  1.4632177e+01  3.8992902e-01
7.7201584e+00  11210320  1.2984764e+01  1.2972644e+01  3.3544160e-01
8.1762927e+00  13318613  1.1515233e+01  1.1504442e+01  2.8848769e-01
8.6593661e+00  15819192  1.0205533e+01  1.0195937e+01  2.4804216e-01
9.1709925e+00  18795348  9.0505488e+00  9.0420050e+00  2.1321149e-01
9.7128705e+00  22326034  8.0052606e+00  7.9976781e+00  1.8322433e-01
1.0286736e+01  26520842  7.0768554e+00  7.0701295e+00  1.5741670e-01
1.0894484e+01  31503438  6.2515488e+00  6.2455874e+00  1.3521170e-01
1.1538156e+01  37426927  5.5151339e+00  5.5098564e+00  1.1611034e-01
1.2220385e+01  44525830  4.8640482e+00  4.8593659e+00  9.9672173e-02
