# Power spectrum from CO𝘕CEPT job 4563717 at t = 11.278566 Gyr, a = 0.83333333
#
# Components:
#   0: matter  (upstream grid size 1024)
#
#                           grid size 1024
# ╭────────────────────────────────────────────────────────────────╮
#                         component 0    (corrected)      (linear)
#                        σ₈ = 7.99e-01  σ₈ = 8.01e-01  σ₈ = 7.37e-01
#  k [Mpc⁻¹]    modes       P [Mpc³]       P [Mpc³]       P [Mpc³]
2.4543693e-02         3  4.2428509e+04  4.2428509e+04  4.3646498e+04
4.6570361e-02        25  2.4306378e+04  2.4937585e+04  2.5599848e+04
8.3521561e-02       124  1.1628529e+04  1.1533068e+04  1.1204137e+04
1.3383638e-01       418  5.9061097e+03  6.0029403e+03  5.2194514e+03
1.8592088e-01       730  3.5371681e+03  3.5319756e+03  2.7810421e+03
2.3260504e-01      1012  2.6895486e+03  2.6805123e+03  1.7842753e+03
2.7635505e-01      1408  2.2105325e+03  2.2028868e+03  1.2554871e+03
3.1919121e-01      1841  1.9608317e+03  1.9560467e+03  9.2985361e+02
3.6464415e-01      2698  1.6129784e+03  1.6087272e+03  7.0061900e+02
4.1290034e-01      3532  1.4548793e+03  1.4509789e+03  5.3514684e+02
4.6319578e-01      4702  1.2478158e+03  1.2448377e+03  4.1584337e+02
5.1570195e-01      6019  1.1287462e+03  1.1263475e+03  3.2753364e+02
5.7047444e-01      7766  1.0469408e+03  1.0448565e+03  2.6100539e+02
6.2844883e-01     10012  9.4175250e+02  9.3998299e+02  2.0947184e+02
6.8955465e-01     12589  8.4991206e+02  8.4844224e+02  1.6931539e+02
7.5323141e-01     15650  7.8206858e+02  7.8080877e+02  1.3802696e+02
8.2032763e-01     19757  7.1729136e+02  7.1616921e+02  1.1313078e+02
8.9088605e-01     24241  6.6646900e+02  6.6549825e+02  9.3209203e+01
9.6481958e-01     29993  5.9968496e+02  5.9884503e+02  7.7204811e+01
1.0423453e+00     36494  5.5536334e+02  5.5462915e+02  6.4246171e+01
1.1237267e+00     44825  5.0074585e+02  5.0010090e+02  5.3677021e+01
1.2089588e+00     53906  4.5840267e+02  4.5784573e+02  4.5027194e+01
1.2983336e+00     65729  4.1753497e+02  4.1703862e+02  3.7901469e+01
1.3921058e+00     78746  3.7888179e+02  3.7845239e+02  3.2000582e+01
1.4900211e+00     94374  3.4671103e+02  3.4633214e+02  2.7114452e+01
1.5921784e+00    112166  3.1473948e+02  3.1441012e+02  2.3051983e+01
1.6991083e+00    134373  2.8537009e+02  2.8507731e+02  1.9648913e+01
1.8110248e+00    159077  2.5759427e+02  2.5733953e+02  1.6788299e+01
1.9277595e+00    188172  2.3368664e+02  2.3346269e+02  1.4383180e+01
2.0497441e+00    222492  2.1236810e+02  2.1216977e+02  1.2350145e+01
2.1771282e+00    261771  1.9174333e+02  1.9156946e+02  1.0627411e+01
2.3098450e+00    306759  1.7382887e+02  1.7367610e+02  9.1663166e+00
2.4484375e+00    360898  1.5750833e+02  1.5737242e+02  7.9205767e+00
2.5937215e+00    425046  1.4252742e+02  1.4240597e+02  6.8520746e+00
2.7470320e+00    505555  1.2887979e+02  1.2876906e+02  5.9285909e+00
2.9094444e+00    600292  1.1640655e+02  1.1630606e+02  5.1274085e+00
3.0813867e+00    712930  1.0490596e+02  1.0481494e+02  4.4330848e+00
3.2634403e+00    846715  9.4664952e+01  9.4582404e+01  3.8315169e+00
3.4562097e+00   1005596  8.5251190e+01  8.5176489e+01  3.3104842e+00
3.6603648e+00   1194719  7.6742427e+01  7.6674808e+01  2.8592968e+00
3.8766358e+00   1419743  6.8842252e+01  6.8781238e+01  2.4686566e+00
4.1057220e+00   1686576  6.1807842e+01  6.1752790e+01  2.1306166e+00
4.3483372e+00   2003484  5.5429158e+01  5.5379553e+01  1.8382662e+00
4.6052142e+00   2378778  4.9685694e+01  4.9641064e+01  1.5855831e+00
4.8773359e+00   2828400  4.4482754e+01  4.4442542e+01  1.3671493e+00
5.1655179e+00   3356890  3.9573497e+01  3.9537627e+01  1.1784527e+00
5.4707002e+00   3990317  3.5308686e+01  3.5276499e+01  1.0155045e+00
5.7939476e+00   4738457  3.1439473e+01  3.1410712e+01  8.7481309e-01
6.1362572e+00   5629661  2.8010860e+01  2.7985122e+01  7.5340516e-01
6.4988210e+00   6687903  2.4918303e+01  2.4895311e+01  6.4865245e-01
6.8828355e+00   7945758  2.2116316e+01  2.2095823e+01  5.5830123e-01
7.2895050e+00   9436555  1.9665879e+01  1.9647595e+01  4.8040859e-01
7.7201584e+00  11210320  1.7480955e+01  1.7464639e+01  4.1327738e-01
8.1762927e+00  13318613  1.5526628e+01  1.5512078e+01  3.5542784e-01
8.6593661e+00  15819192  1.3783895e+01  1.3770934e+01  3.0559697e-01
9.1709925e+00  18795348  1.2211460e+01  1.2199932e+01  2.6268390e-01
9.7128705e+00  22326034  1.0799350e+01  1.0789121e+01  2.2573827e-01
1.0286736e+01  26520842  9.5498409e+00  9.5407646e+00  1.9394206e-01
1.0894484e+01  31503438  8.4420998e+00  8.4340496e+00  1.6658446e-01
1.1538156e+01  37426927  7.4434938e+00  7.4363710e+00  1.4305071e-01
1.2220385e+01  44525830  6.5708626e+00  6.5645373e+00  1.2279814e-01
