# Power spectrum from CO𝘕CEPT job 4563717 at t = 4.0363242 Gyr, a = 0.38461538
#
# Components:
#   0: matter  (upstream grid size 1024)
#
#                           grid size 1024
# ╭────────────────────────────────────────────────────────────────╮
#                         component 0    (corrected)      (linear)
#                        σ₈ = 4.03e-01  σ₈ = 4.04e-01  σ₈ = 3.93e-01
#  k [Mpc⁻¹]    modes       P [Mpc³]       P [Mpc³]       P [Mpc³]
2.4543693e-02         3  1.2271850e+04  1.2271850e+04  1.2413087e+04
4.6570361e-02        25  7.0520920e+03  7.2352264e+03  7.2830904e+03
8.3521561e-02       124  3.1698280e+03  3.1438062e+03  3.1879752e+03
1.3383638e-01       418  1.5451643e+03  1.5704973e+03  1.4851845e+03
1.8592088e-01       730  8.4555678e+02  8.4431551e+02  7.9135140e+02
2.3260504e-01      1012  6.1105402e+02  6.0900100e+02  5.0772220e+02
2.7635505e-01      1408  4.6050933e+02  4.5891654e+02  3.5725464e+02
3.1919121e-01      1841  3.6480368e+02  3.6391346e+02  2.6459461e+02
3.6464415e-01      2698  2.8922668e+02  2.8846439e+02  1.9936499e+02
4.1290034e-01      3532  2.4000779e+02  2.3936436e+02  1.5227913e+02
4.6319578e-01      4702  1.9937546e+02  1.9889963e+02  1.1833072e+02
5.1570195e-01      6019  1.6940759e+02  1.6904758e+02  9.3201712e+01
5.7047444e-01      7766  1.4479031e+02  1.4450206e+02  7.4270726e+01
6.2844883e-01     10012  1.2922005e+02  1.2897725e+02  5.9606551e+01
6.8955465e-01     12589  1.1420870e+02  1.1401119e+02  4.8179794e+01
7.5323141e-01     15650  1.0202375e+02  1.0185941e+02  3.9276481e+01
8.2032763e-01     19757  8.9632468e+01  8.9492244e+01  3.2192116e+01
8.9088605e-01     24241  8.2159259e+01  8.2039589e+01  2.6523308e+01
9.6481958e-01     29993  7.3192254e+01  7.3089739e+01  2.1969156e+01
1.0423453e+00     36494  6.7255449e+01  6.7166538e+01  1.8281692e+01
1.1237267e+00     44825  6.1261500e+01  6.1182597e+01  1.5274172e+01
1.2089588e+00     53906  5.6838679e+01  5.6769622e+01  1.2812807e+01
1.2983336e+00     65729  5.2078479e+01  5.2016571e+01  1.0785135e+01
1.3921058e+00     78746  4.8147905e+01  4.8093338e+01  9.1059985e+00
1.4900211e+00     94374  4.4309802e+01  4.4261380e+01  7.7156177e+00
1.5921784e+00    112166  4.1329646e+01  4.1286396e+01  6.5596150e+00
1.6991083e+00    134373  3.8195140e+01  3.8155954e+01  5.5912485e+00
1.8110248e+00    159077  3.5371296e+01  3.5336317e+01  4.7772413e+00
1.9277595e+00    188172  3.2860255e+01  3.2828764e+01  4.0928485e+00
2.0497441e+00    222492  3.0416753e+01  3.0388348e+01  3.5143343e+00
2.1771282e+00    261771  2.8156873e+01  2.8131341e+01  3.0241185e+00
2.3098450e+00    306759  2.6134447e+01  2.6111480e+01  2.6083539e+00
2.4484375e+00    360898  2.4130524e+01  2.4109703e+01  2.2538698e+00
2.5937215e+00    425046  2.2316687e+01  2.2297670e+01  1.9498200e+00
2.7470320e+00    505555  2.0607284e+01  2.0589578e+01  1.6870361e+00
2.9094444e+00    600292  1.8956914e+01  1.8940550e+01  1.4590538e+00
3.0813867e+00    712930  1.7438498e+01  1.7423367e+01  1.2614790e+00
3.2634403e+00    846715  1.5985180e+01  1.5971241e+01  1.0902984e+00
3.4562097e+00   1005596  1.4603968e+01  1.4591171e+01  9.4203460e-01
3.6603648e+00   1194719  1.3306855e+01  1.3295130e+01  8.1364578e-01
3.8766358e+00   1419743  1.2034417e+01  1.2023752e+01  7.0248609e-01
4.1057220e+00   1686576  1.0956387e+01  1.0946628e+01  6.0629411e-01
4.3483372e+00   2003484  9.9045957e+00  9.8957318e+00  5.2310345e-01
4.6052142e+00   2378778  8.9413673e+00  8.9333357e+00  4.5120039e-01
4.8773359e+00   2828400  8.0744978e+00  8.0671985e+00  3.8904319e-01
5.1655179e+00   3356890  7.2608785e+00  7.2542971e+00  3.3534793e-01
5.4707002e+00   3990317  6.5270866e+00  6.5211365e+00  2.8897956e-01
5.7939476e+00   4738457  5.8498508e+00  5.8444994e+00  2.4894451e-01
6.1362572e+00   5629661  5.2470418e+00  5.2422205e+00  2.1439672e-01
6.4988210e+00   6687903  4.6942972e+00  4.6899658e+00  1.8458829e-01
6.8828355e+00   7945758  4.1935790e+00  4.1896933e+00  1.5887790e-01
7.2895050e+00   9436555  3.7410043e+00  3.7375262e+00  1.3671270e-01
7.7201584e+00  11210320  3.3382157e+00  3.3350998e+00  1.1760974e-01
8.1762927e+00  13318613  2.9715140e+00  2.9687294e+00  1.0114795e-01
8.6593661e+00  15819192  2.6488510e+00  2.6463603e+00  8.6967943e-02
9.1709925e+00  18795348  2.3569932e+00  2.3547681e+00  7.4756444e-02
9.7128705e+00  22326034  2.0941423e+00  2.0921587e+00  6.4243032e-02
1.0286736e+01  26520842  1.8629905e+00  1.8612199e+00  5.5194928e-02
1.0894484e+01  31503438  1.6566055e+00  1.6550258e+00  4.7409870e-02
1.1538156e+01  37426927  1.4711672e+00  1.4697594e+00  4.0712917e-02
1.2220385e+01  44525830  1.3069305e+00  1.3056725e+00  3.4949659e-02
