# Power spectrum from CO𝘕CEPT job 4563717 at t = 7.9073748 Gyr, a = 0.625
#
# Components:
#   0: matter  (upstream grid size 1024)
#
#                           grid size 1024
# ╭────────────────────────────────────────────────────────────────╮
#                         component 0    (corrected)      (linear)
#                        σ₈ = 6.35e-01  σ₈ = 6.37e-01  σ₈ = 6.00e-01
#  k [Mpc⁻¹]    modes       P [Mpc³]       P [Mpc³]       P [Mpc³]
2.4543693e-02         3  2.8360396e+04  2.8360396e+04  2.8958656e+04
4.6570361e-02        25  1.6283817e+04  1.6706688e+04  1.6987170e+04
8.3521561e-02       124  7.5358563e+03  7.4739929e+03  7.4350615e+03
1.3383638e-01       418  3.7642762e+03  3.8259914e+03  3.4636865e+03
1.8592088e-01       730  2.1758904e+03  2.1726962e+03  1.8455414e+03
2.3260504e-01      1012  1.6312702e+03  1.6257895e+03  1.1840747e+03
2.7635505e-01      1408  1.3066208e+03  1.3021015e+03  8.3316312e+02
3.1919121e-01      1841  1.1084159e+03  1.1057111e+03  6.1706751e+02
3.6464415e-01      2698  8.9311245e+02  8.9075856e+02  4.6494356e+02
4.1290034e-01      3532  7.9533269e+02  7.9320047e+02  3.5513335e+02
4.6319578e-01      4702  6.9313713e+02  6.9148288e+02  2.7596144e+02
5.1570195e-01      6019  6.2111742e+02  6.1979747e+02  2.1735750e+02
5.7047444e-01      7766  5.5548353e+02  5.5437765e+02  1.7320813e+02
6.2844883e-01     10012  4.9382240e+02  4.9289454e+02  1.3900951e+02
6.8955465e-01     12589  4.5059905e+02  4.4981980e+02  1.1236094e+02
7.5323141e-01     15650  4.1686033e+02  4.1618882e+02  9.1597349e+01
8.2032763e-01     19757  3.7935011e+02  3.7875664e+02  7.5075767e+01
8.9088605e-01     24241  3.4520538e+02  3.4470256e+02  6.1855433e+01
9.6481958e-01     29993  3.1806722e+02  3.1762173e+02  5.1234613e+01
1.0423453e+00     36494  2.9053414e+02  2.9015005e+02  4.2635012e+01
1.1237267e+00     44825  2.6448033e+02  2.6413969e+02  3.5621121e+01
1.2089588e+00     53906  2.4649375e+02  2.4619428e+02  2.9880930e+01
1.2983336e+00     65729  2.2633513e+02  2.2606607e+02  2.5152161e+01
1.3921058e+00     78746  2.0670826e+02  2.0647400e+02  2.1236218e+01
1.4900211e+00     94374  1.8884912e+02  1.8864274e+02  1.7993688e+01
1.5921784e+00    112166  1.7251716e+02  1.7233663e+02  1.5297755e+01
1.6991083e+00    134373  1.5785347e+02  1.5769152e+02  1.3039412e+01
1.8110248e+00    159077  1.4419541e+02  1.4405281e+02  1.1141053e+01
1.9277595e+00    188172  1.3116977e+02  1.3104406e+02  9.5449694e+00
2.0497441e+00    222492  1.1906616e+02  1.1895497e+02  8.1958074e+00
2.1771282e+00    261771  1.0777778e+02  1.0768005e+02  7.0525677e+00
2.3098450e+00    306759  9.8275311e+01  9.8188946e+01  6.0829567e+00
2.4484375e+00    360898  8.8890628e+01  8.8813929e+01  5.2562593e+00
2.5937215e+00    425046  8.0526328e+01  8.0457711e+01  4.5471803e+00
2.7470320e+00    505555  7.3146633e+01  7.3083786e+01  3.9343384e+00
2.9094444e+00    600292  6.6010516e+01  6.5953533e+01  3.4026579e+00
3.0813867e+00    712930  5.9731137e+01  5.9679311e+01  2.9418910e+00
3.2634403e+00    846715  5.3887478e+01  5.3840488e+01  2.5426786e+00
3.4562097e+00   1005596  4.8530846e+01  4.8488321e+01  2.1969108e+00
3.6603648e+00   1194719  4.3390242e+01  4.3352010e+01  1.8974939e+00
3.8766358e+00   1419743  3.8989094e+01  3.8954539e+01  1.6382572e+00
4.1057220e+00   1686576  3.4797435e+01  3.4766441e+01  1.4139270e+00
4.3483372e+00   2003484  3.1102612e+01  3.1074777e+01  1.2199173e+00
4.6052142e+00   2378778  2.7900307e+01  2.7875245e+01  1.0522317e+00
4.8773359e+00   2828400  2.4947875e+01  2.4925323e+01  9.0727449e-01
5.1655179e+00   3356890  2.2239895e+01  2.2219736e+01  7.8205152e-01
5.4707002e+00   3990317  1.9838016e+01  1.9819931e+01  6.7391569e-01
5.7939476e+00   4738457  1.7683060e+01  1.7666884e+01  5.8054992e-01
6.1362572e+00   5629661  1.5750173e+01  1.5735701e+01  4.9998102e-01
6.4988210e+00   6687903  1.4013722e+01  1.4000792e+01  4.3046487e-01
6.8828355e+00   7945758  1.2470987e+01  1.2459432e+01  3.7050582e-01
7.2895050e+00   9436555  1.1082882e+01  1.1072578e+01  3.1881454e-01
7.7201584e+00  11210320  9.8269885e+00  9.8178159e+00  2.7426475e-01
8.1762927e+00  13318613  8.7156116e+00  8.7074439e+00  2.3587447e-01
8.6593661e+00  15819192  7.7121245e+00  7.7048728e+00  2.0280554e-01
9.1709925e+00  18795348  6.8253959e+00  6.8189527e+00  1.7432739e-01
9.7128705e+00  22326034  6.0367393e+00  6.0310213e+00  1.4980937e-01
1.0286736e+01  26520842  5.3317012e+00  5.3266339e+00  1.2870860e-01
1.0894484e+01  31503438  4.7064674e+00  4.7019795e+00  1.1055339e-01
1.1538156e+01  37426927  4.1531419e+00  4.1491677e+00  9.4935761e-02
1.2220385e+01  44525830  3.6606221e+00  3.6570982e+00  8.1495599e-02
