# Power spectrum from CO𝘕CEPT job 4563717 at t = 5.4695574 Gyr, a = 0.47619048
#
# Components:
#   0: matter  (upstream grid size 1024)
#
#                           grid size 1024
# ╭────────────────────────────────────────────────────────────────╮
#                         component 0    (corrected)      (linear)
#                        σ₈ = 4.95e-01  σ₈ = 4.97e-01  σ₈ = 4.78e-01
#  k [Mpc⁻¹]    modes       P [Mpc³]       P [Mpc³]       P [Mpc³]
2.4543693e-02         3  1.8057357e+04  1.8057357e+04  1.8330882e+04
4.6570361e-02        25  1.0376847e+04  1.0646321e+04  1.0754233e+04
8.3521561e-02       124  4.7047074e+03  4.6660855e+03  4.7072128e+03
1.3383638e-01       418  2.3184016e+03  2.3564118e+03  2.1929293e+03
1.8592088e-01       730  1.2968097e+03  1.2949060e+03  1.1684552e+03
2.3260504e-01      1012  9.5302158e+02  9.4981962e+02  7.4966673e+02
2.7635505e-01      1408  7.3525020e+02  7.3270715e+02  5.2749658e+02
3.1919121e-01      1841  5.9928942e+02  5.9782699e+02  3.9068125e+02
3.6464415e-01      2698  4.7816928e+02  4.7690901e+02  2.9436782e+02
4.1290034e-01      3532  4.1297235e+02  4.1186521e+02  2.2484421e+02
4.6319578e-01      4702  3.4957782e+02  3.4874351e+02  1.7471845e+02
5.1570195e-01      6019  3.0074462e+02  3.0010550e+02  1.3761478e+02
5.7047444e-01      7766  2.5894354e+02  2.5842802e+02  1.0966267e+02
6.2844883e-01     10012  2.3212703e+02  2.3169087e+02  8.8010622e+01
6.8955465e-01     12589  2.0981814e+02  2.0945529e+02  7.1138710e+01
7.5323141e-01     15650  1.8946781e+02  1.8916260e+02  5.7992735e+01
8.2032763e-01     19757  1.6784717e+02  1.6758459e+02  4.7532483e+01
8.9088605e-01     24241  1.5601950e+02  1.5579225e+02  3.9162339e+01
9.6481958e-01     29993  1.4137032e+02  1.4117232e+02  3.2438015e+01
1.0423453e+00     36494  1.3079577e+02  1.3062286e+02  2.6993379e+01
1.1237267e+00     44825  1.2026511e+02  1.2011021e+02  2.2552697e+01
1.2089588e+00     53906  1.1146279e+02  1.1132736e+02  1.8918429e+01
1.2983336e+00     65729  1.0333970e+02  1.0321685e+02  1.5924519e+01
1.3921058e+00     78746  9.4664511e+01  9.4557224e+01  1.3445230e+01
1.4900211e+00     94374  8.7341070e+01  8.7245623e+01  1.1392298e+01
1.5921784e+00    112166  8.0203790e+01  8.0119860e+01  9.6854298e+00
1.6991083e+00    134373  7.4104320e+01  7.4028294e+01  8.2556121e+00
1.8110248e+00    159077  6.8531973e+01  6.8464201e+01  7.0537097e+00
1.9277595e+00    188172  6.2923458e+01  6.2863156e+01  6.0431864e+00
2.0497441e+00    222492  5.7850387e+01  5.7796362e+01  5.1889955e+00
2.1771282e+00    261771  5.3371573e+01  5.3323177e+01  4.4651795e+00
2.3098450e+00    306759  4.8783635e+01  4.8740764e+01  3.8512926e+00
2.4484375e+00    360898  4.4772868e+01  4.4734236e+01  3.3278880e+00
2.5937215e+00    425046  4.1043903e+01  4.1008929e+01  2.8789508e+00
2.7470320e+00    505555  3.7486793e+01  3.7454585e+01  2.4909439e+00
2.9094444e+00    600292  3.4213954e+01  3.4184419e+01  2.1543224e+00
3.0813867e+00    712930  3.1110426e+01  3.1083433e+01  1.8625983e+00
3.2634403e+00    846715  2.8217659e+01  2.8193054e+01  1.6098460e+00
3.4562097e+00   1005596  2.5561387e+01  2.5538989e+01  1.3909309e+00
3.6603648e+00   1194719  2.3114836e+01  2.3094469e+01  1.2013618e+00
3.8766358e+00   1419743  2.0839292e+01  2.0820822e+01  1.0372318e+00
4.1057220e+00   1686576  1.8749326e+01  1.8732626e+01  8.9520214e-01
4.3483372e+00   2003484  1.6904467e+01  1.6889339e+01  7.7236920e-01
4.6052142e+00   2378778  1.5209594e+01  1.5195932e+01  6.6620269e-01
4.8773359e+00   2828400  1.3577612e+01  1.3565338e+01  5.7442619e-01
5.1655179e+00   3356890  1.2145445e+01  1.2134436e+01  4.9514396e-01
5.4707002e+00   3990317  1.0870225e+01  1.0860315e+01  4.2668006e-01
5.7939476e+00   4738457  9.7064660e+00  9.6975866e+00  3.6756748e-01
6.1362572e+00   5629661  8.6622228e+00  8.6542634e+00  3.1655696e-01
6.4988210e+00   6687903  7.7143347e+00  7.7072167e+00  2.7254422e-01
6.8828355e+00   7945758  6.8809114e+00  6.8745356e+00  2.3458235e-01
7.2895050e+00   9436555  6.1233788e+00  6.1176857e+00  2.0185504e-01
7.7201584e+00  11210320  5.4461591e+00  5.4410757e+00  1.7364919e-01
8.1762927e+00  13318613  4.8369735e+00  4.8324406e+00  1.4934311e-01
8.6593661e+00  15819192  4.2937196e+00  4.2896822e+00  1.2840611e-01
9.1709925e+00  18795348  3.8068250e+00  3.8032314e+00  1.1037568e-01
9.7128705e+00  22326034  3.3725031e+00  3.3693087e+00  9.4852502e-02
1.0286736e+01  26520842  2.9875439e+00  2.9847045e+00  8.1492888e-02
1.0894484e+01  31503438  2.6467970e+00  2.6442731e+00  6.9998190e-02
1.1538156e+01  37426927  2.3409150e+00  2.3386749e+00  6.0110105e-02
1.2220385e+01  44525830  2.0715594e+00  2.0695652e+00  5.1600639e-02
