# Power spectrum from CO𝘕CEPT job 4701058 at t = 3.2779515 Gyr, a = 0.33333333
#
# Components:
#   0: matter  (upstream grid size 1024)
#
#                           grid size 1024
# ╭────────────────────────────────────────────────────────────────╮
#                         component 0    (corrected)      (linear)
#                        σ₈ = 3.17e-01  σ₈ = 3.17e-01  σ₈ = 3.14e-01
#  k [Mpc⁻¹]    modes       P [Mpc³]       P [Mpc³]       P [Mpc³]
3.0679616e-03         3  7.8960027e+03  7.8960027e+03  7.8976394e+03
5.8212951e-03        25  1.1502395e+04  1.1559961e+04  1.1557169e+04
1.0440195e-02       124  1.3303430e+04  1.3456166e+04  1.3513339e+04
1.6729547e-02       418  1.1994112e+04  1.2103714e+04  1.2089536e+04
2.3240110e-02       730  9.2485427e+03  9.2503636e+03  9.3158693e+03
2.9075630e-02      1012  7.3344113e+03  7.3166412e+03  7.3142762e+03
3.4544381e-02      1408  6.1601077e+03  6.1457707e+03  6.1343370e+03
3.9898901e-02      1841  5.4070269e+03  5.4027431e+03  5.4410858e+03
4.5580519e-02      2698  4.8752162e+03  4.8797198e+03  4.8996440e+03
5.1612543e-02      3532  4.2524145e+03  4.2591028e+03  4.2969596e+03
5.7899473e-02      4702  3.5589511e+03  3.5596268e+03  3.5917915e+03
6.4462744e-02      6019  2.9193147e+03  2.9123808e+03  2.9151215e+03
7.1309305e-02      7766  2.4317946e+03  2.4225101e+03  2.4263145e+03
7.8556104e-02     10012  2.1619329e+03  2.1571116e+03  2.1579923e+03
8.6194331e-02     12589  2.0078075e+03  2.0104115e+03  2.0054322e+03
9.4153926e-02     15650  1.8062223e+03  1.8112545e+03  1.8104214e+03
1.0254095e-01     19757  1.5231678e+03  1.5235704e+03  1.5210507e+03
1.1136076e-01     24241  1.2590937e+03  1.2546458e+03  1.2374190e+03
1.2060245e-01     29993  1.0792903e+03  1.0756718e+03  1.0562044e+03
1.3029316e-01     36494  9.6668624e+02  9.6718745e+02  9.5292497e+02
1.4046583e-01     44825  8.6267855e+02  8.6381781e+02  8.4519695e+02
1.5111985e-01     53906  7.4588854e+02  7.4408461e+02  7.2094784e+02
1.6229170e-01     65729  6.5394966e+02  6.5212213e+02  6.3097665e+02
1.7401323e-01     78746  5.9442891e+02  5.9556849e+02  5.7698493e+02
1.8625264e-01     94374  5.2748985e+02  5.2847821e+02  5.0948490e+02
1.9902230e-01    112166  4.5108092e+02  4.5016856e+02  4.2703796e+02
2.1238854e-01    134373  3.9410788e+02  3.9297027e+02  3.6679920e+02
2.2637810e-01    159077  3.5434844e+02  3.5397956e+02  3.2824141e+02
2.4096993e-01    188172  3.1757360e+02  3.1741854e+02  2.9618374e+02
2.5621802e-01    222492  2.8587225e+02  2.8614680e+02  2.6507779e+02
2.7214102e-01    261771  2.5346146e+02  2.5371967e+02  2.3202955e+02
2.8873063e-01    306759  2.2285411e+02  2.2235154e+02  1.9789942e+02
3.0605468e-01    360898  1.9899177e+02  1.9828691e+02  1.7402668e+02
3.2421519e-01    425046  1.8091776e+02  1.8101036e+02  1.5991907e+02
3.4337900e-01    505555  1.6197263e+02  1.6238675e+02  1.4319394e+02
3.6368055e-01    600292  1.4390973e+02  1.4372130e+02  1.2212777e+02
3.8517334e-01    712930  1.2872484e+02  1.2809982e+02  1.0619743e+02
4.0793004e-01    846715  1.1588551e+02  1.1598333e+02  9.7355805e+01
4.3202621e-01   1005596  1.0392476e+02  1.0427226e+02  8.5910659e+01
4.5754560e-01   1194719  9.2501194e+01  9.2002400e+01  7.2703404e+01
4.8457948e-01   1419743  8.2878135e+01  8.2775076e+01  6.5698071e+01
5.1321525e-01   1686576  7.4253656e+01  7.4575659e+01  5.8329470e+01
5.4354215e-01   2003484  6.6344655e+01  6.5856342e+01  4.9414817e+01
5.7565178e-01   2378778  5.9434397e+01  5.9592704e+01  4.4979493e+01
6.0966698e-01   2828400  5.3135019e+01  5.3118768e+01  3.8626388e+01
6.4568974e-01   3356890  4.7595769e+01  4.7434702e+01  3.3979787e+01
6.8383752e-01   3990317  4.2809104e+01  4.2996485e+01  2.9934972e+01
7.2424344e-01   4738457  3.8664399e+01  3.8454153e+01  2.5942361e+01
7.6703215e-01   5629661  3.5338317e+01  3.5475814e+01  2.2883677e+01
8.1235262e-01   6687903  3.2829256e+01  3.2692449e+01  1.9916125e+01
8.6035444e-01   7945758  3.1325942e+01  3.1349938e+01  1.7331873e+01
9.1118812e-01   9436555  3.1005475e+01  3.1080952e+01  1.5291474e+01
9.6501980e-01  11210320  3.2019411e+01  3.1868479e+01  1.3164199e+01
1.0220366e+00  13318613  3.4650213e+01  3.4722350e+01  1.1529052e+01
1.0824208e+00  15819192  3.9155724e+01  3.9173281e+01  1.0092894e+01
1.1463741e+00  18795348  4.5618847e+01  4.5450460e+01  8.7536024e+00
1.2141088e+00  22326034  5.3353825e+01  5.3234918e+01  7.5973877e+00
1.2858419e+00  26520842  6.1257924e+01  6.1193930e+01  6.6124396e+00
1.3618105e+00  31503438  6.7564208e+01  6.7639528e+01  5.7604825e+00
1.4422695e+00  37426927  7.0922246e+01  7.0965326e+01  5.0035829e+00
1.5275481e+00  44525830  7.1796219e+01  7.1831179e+01  4.3482185e+00
