# Power spectrum from CO𝘕CEPT job 4701058 at t = 2.5067588 Gyr, a = 0.27777778
#
# Components:
#   0: matter  (upstream grid size 1024)
#
#                           grid size 1024
# ╭────────────────────────────────────────────────────────────────╮
#                         component 0    (corrected)      (linear)
#                        σ₈ = 2.65e-01  σ₈ = 2.64e-01  σ₈ = 2.63e-01
#  k [Mpc⁻¹]    modes       P [Mpc³]       P [Mpc³]       P [Mpc³]
3.0679616e-03         3  5.5527578e+03  5.5527578e+03  5.5535195e+03
5.8212951e-03        25  8.0900189e+03  8.1305069e+03  8.1283321e+03
1.0440195e-02       124  9.3655772e+03  9.4731026e+03  9.5059329e+03
1.6729547e-02       418  8.4378633e+03  8.5149684e+03  8.5053724e+03
2.3240110e-02       730  6.5156457e+03  6.5169285e+03  6.5544263e+03
2.9075630e-02      1012  5.1608795e+03  5.1483755e+03  5.1463190e+03
3.4544381e-02      1408  4.3331865e+03  4.3231015e+03  4.3161977e+03
3.9898901e-02      1841  3.8090108e+03  3.8059930e+03  3.8284665e+03
4.5580519e-02      2698  3.4323231e+03  3.4354937e+03  3.4475294e+03
5.1612543e-02      3532  2.9959116e+03  3.0006237e+03  3.0234856e+03
5.7899473e-02      4702  2.5067563e+03  2.5072323e+03  2.5273197e+03
6.4462744e-02      6019  2.0519178e+03  2.0470442e+03  2.0511980e+03
7.1309305e-02      7766  1.7082390e+03  1.7017170e+03  1.7072593e+03
7.8556104e-02     10012  1.5177802e+03  1.5143954e+03  1.5184604e+03
8.6194331e-02     12589  1.4089581e+03  1.4107854e+03  1.4111152e+03
9.4153926e-02     15650  1.2674020e+03  1.2709330e+03  1.2738988e+03
1.0254095e-01     19757  1.0670451e+03  1.0673271e+03  1.0702853e+03
1.1136076e-01     24241  8.7851432e+02  8.7541084e+02  8.7070929e+02
1.2060245e-01     29993  7.5134169e+02  7.4882266e+02  7.4319845e+02
1.3029316e-01     36494  6.7285458e+02  6.7320344e+02  6.7052642e+02
1.4046583e-01     44825  5.9927163e+02  6.0006303e+02  5.9472392e+02
1.5111985e-01     53906  5.1602978e+02  5.1478177e+02  5.0729618e+02
1.6229170e-01     65729  4.5145411e+02  4.5019247e+02  4.4398802e+02
1.7401323e-01     78746  4.1015286e+02  4.1093916e+02  4.0599680e+02
1.8625264e-01     94374  3.6298383e+02  3.6366396e+02  3.5850037e+02
1.9902230e-01    112166  3.0844510e+02  3.0782124e+02  3.0048646e+02
2.1238854e-01    134373  2.6789040e+02  2.6711713e+02  2.5809936e+02
2.2637810e-01    159077  2.4017938e+02  2.3992935e+02  2.3096810e+02
2.4096993e-01    188172  2.1484950e+02  2.1474460e+02  2.0841067e+02
2.5621802e-01    222492  1.9267104e+02  1.9285608e+02  1.8652289e+02
2.7214102e-01    261771  1.6989741e+02  1.7007049e+02  1.6326841e+02
2.8873063e-01    306759  1.4803127e+02  1.4769743e+02  1.3925264e+02
3.0605468e-01    360898  1.3148115e+02  1.3101542e+02  1.2245452e+02
3.2421519e-01    425046  1.1923605e+02  1.1929708e+02  1.1252766e+02
3.4337900e-01    505555  1.0628886e+02  1.0656062e+02  1.0075897e+02
3.6368055e-01    600292  9.3414591e+01  9.3292275e+01  8.5935686e+01
3.8517334e-01    712930  8.2814082e+01  8.2411982e+01  7.4726245e+01
4.0793004e-01    846715  7.4302342e+01  7.4365058e+01  6.8504803e+01
4.3202621e-01   1005596  6.6134509e+01  6.6355646e+01  6.0451384e+01
4.5754560e-01   1194719  5.8116579e+01  5.7803197e+01  5.1158049e+01
4.8457948e-01   1419743  5.1697223e+01  5.1632937e+01  4.6228720e+01
5.1321525e-01   1686576  4.5881722e+01  4.6080689e+01  4.1043775e+01
5.4354215e-01   2003484  4.0495681e+01  4.0197623e+01  3.4770945e+01
5.7565178e-01   2378778  3.5871658e+01  3.5967205e+01  3.1650011e+01
6.0966698e-01   2828400  3.1669970e+01  3.1660284e+01  2.7179623e+01
6.4568974e-01   3356890  2.7985564e+01  2.7890859e+01  2.3910024e+01
6.8383752e-01   3990317  2.4790157e+01  2.4898667e+01  2.1063873e+01
7.2424344e-01   4738457  2.2031179e+01  2.1911380e+01  1.8254456e+01
7.6703215e-01   5629661  1.9810961e+01  1.9888044e+01  1.6102200e+01
8.1235262e-01   6687903  1.8142695e+01  1.8067090e+01  1.4014070e+01
8.6035444e-01   7945758  1.7208569e+01  1.7221750e+01  1.2195650e+01
9.1118812e-01   9436555  1.7135319e+01  1.7177032e+01  1.0759915e+01
9.6501980e-01  11210320  1.8056618e+01  1.7971504e+01  9.2630485e+00
1.0220366e+00  13318613  2.0306454e+01  2.0348728e+01  8.1124708e+00
1.0824208e+00  15819192  2.4301261e+01  2.4312157e+01  7.1019117e+00
1.1463741e+00  18795348  3.0579713e+01  3.0466838e+01  6.1595134e+00
1.2141088e+00  22326034  3.9294261e+01  3.9206688e+01  5.3459379e+00
1.2858419e+00  26520842  5.0206599e+01  5.0154150e+01  4.6528750e+00
1.3618105e+00  31503438  6.1398589e+01  6.1467035e+01  4.0533916e+00
1.4422695e+00  37426927  6.9190969e+01  6.9232997e+01  3.5207959e+00
1.5275481e+00  44525830  7.1349030e+01  7.1383772e+01  3.0596459e+00
