# Power spectrum from CO𝘕CEPT job 4701058 at t = 3.4443479 Gyr, a = 0.34482759
#
# Components:
#   0: matter  (upstream grid size 1024)
#
#                           grid size 1024
# ╭────────────────────────────────────────────────────────────────╮
#                         component 0    (corrected)      (linear)
#                        σ₈ = 3.28e-01  σ₈ = 3.28e-01  σ₈ = 3.24e-01
#  k [Mpc⁻¹]    modes       P [Mpc³]       P [Mpc³]       P [Mpc³]
3.0679616e-03         3  8.4239594e+03  8.4239594e+03  8.4256277e+03
5.8212951e-03        25  1.2271185e+04  1.2332598e+04  1.2329405e+04
1.0440195e-02       124  1.4189888e+04  1.4352801e+04  1.4415787e+04
1.6729547e-02       418  1.2795129e+04  1.2912051e+04  1.2896608e+04
2.3240110e-02       730  9.8633121e+03  9.8652540e+03  9.9376545e+03
2.9075630e-02      1012  7.8238610e+03  7.8049051e+03  7.8024163e+03
3.4544381e-02      1408  6.5716205e+03  6.5563258e+03  6.5437055e+03
3.9898901e-02      1841  5.7665089e+03  5.7619403e+03  5.8041761e+03
4.5580519e-02      2698  5.1999723e+03  5.2047759e+03  5.2265932e+03
5.1612543e-02      3532  4.5350399e+03  4.5421728e+03  4.5836855e+03
5.7899473e-02      4702  3.7956969e+03  3.7964175e+03  3.8314589e+03
6.4462744e-02      6019  3.1149165e+03  3.1075181e+03  3.1096344e+03
7.1309305e-02      7766  2.5951073e+03  2.5851992e+03  2.5882098e+03
7.8556104e-02     10012  2.3074185e+03  2.3022727e+03  2.3019826e+03
8.6194331e-02     12589  2.1430803e+03  2.1458597e+03  2.1392421e+03
9.4153926e-02     15650  1.9279452e+03  1.9333165e+03  1.9312188e+03
1.0254095e-01     19757  1.6264346e+03  1.6268644e+03  1.6225398e+03
1.1136076e-01     24241  1.3456512e+03  1.3408975e+03  1.3199830e+03
1.2060245e-01     29993  1.1540709e+03  1.1502017e+03  1.1266770e+03
1.3029316e-01     36494  1.0337164e+03  1.0342523e+03  1.0165064e+03
1.4046583e-01     44825  9.2285490e+02  9.2407364e+02  9.0159038e+02
1.5111985e-01     53906  7.9864928e+02  7.9671775e+02  7.6905100e+02
1.6229170e-01     65729  7.0054602e+02  6.9858827e+02  6.7307668e+02
1.7401323e-01     78746  6.3685846e+02  6.3807938e+02  6.1548247e+02
1.8625264e-01     94374  5.6547559e+02  5.6653513e+02  5.4347866e+02
1.9902230e-01    112166  4.8422145e+02  4.8324205e+02  4.5553069e+02
2.1238854e-01    134373  4.2358843e+02  4.2236572e+02  3.9127267e+02
2.2637810e-01    159077  3.8109281e+02  3.8069609e+02  3.5014222e+02
2.4096993e-01    188172  3.4169942e+02  3.4153257e+02  3.1594560e+02
2.5621802e-01    222492  3.0784007e+02  3.0813571e+02  2.8276420e+02
2.7214102e-01    261771  2.7326207e+02  2.7354045e+02  2.4751091e+02
2.8873063e-01    306759  2.4070191e+02  2.4015909e+02  2.1110357e+02
3.0605468e-01    360898  2.1516569e+02  2.1440354e+02  1.8563800e+02
3.2421519e-01    425046  1.9574499e+02  1.9584518e+02  1.7058911e+02
3.4337900e-01    505555  1.7542240e+02  1.7587091e+02  1.5274805e+02
3.6368055e-01    600292  1.5618882e+02  1.5598431e+02  1.3027631e+02
3.8517334e-01    712930  1.3995848e+02  1.3927891e+02  1.1328307e+02
4.0793004e-01    846715  1.2610643e+02  1.2621287e+02  1.0385152e+02
4.3202621e-01   1005596  1.1326440e+02  1.1364313e+02  9.1642737e+01
4.5754560e-01   1194719  1.0106008e+02  1.0051514e+02  7.7554274e+01
4.8457948e-01   1419743  9.0692379e+01  9.0579602e+01  7.0081536e+01
5.1321525e-01   1686576  8.1411768e+01  8.1764812e+01  6.2221290e+01
5.4354215e-01   2003484  7.2909346e+01  7.2372716e+01  5.2711840e+01
5.7565178e-01   2378778  6.5463894e+01  6.5638262e+01  4.7980584e+01
6.0966698e-01   2828400  5.8672063e+01  5.8654119e+01  4.1203591e+01
6.4568974e-01   3356890  5.2692836e+01  5.2514520e+01  3.6246963e+01
6.8383752e-01   3990317  4.7532542e+01  4.7740599e+01  3.1932272e+01
7.2424344e-01   4738457  4.3057466e+01  4.2823332e+01  2.7673269e+01
7.6703215e-01   5629661  3.9466454e+01  3.9620014e+01  2.4410505e+01
8.1235262e-01   6687903  3.6754553e+01  3.6601388e+01  2.1244954e+01
8.6035444e-01   7945758  3.5104958e+01  3.5131848e+01  1.8488277e+01
9.1118812e-01   9436555  3.4705639e+01  3.4790123e+01  1.6311741e+01
9.6501980e-01  11210320  3.5703060e+01  3.5534764e+01  1.4042530e+01
1.0220366e+00  13318613  3.8350589e+01  3.8430429e+01  1.2298285e+01
1.0824208e+00  15819192  4.2853162e+01  4.2872377e+01  1.0766304e+01
1.1463741e+00  18795348  4.9182361e+01  4.9000820e+01  9.3376532e+00
1.2141088e+00  22326034  5.6528275e+01  5.6402293e+01  8.1042944e+00
1.2858419e+00  26520842  6.3742010e+01  6.3675421e+01  7.0536293e+00
1.3618105e+00  31503438  6.9247306e+01  6.9324502e+01  6.1448285e+00
1.4422695e+00  37426927  7.2066041e+01  7.2109816e+01  5.3374275e+00
1.5275481e+00  44525830  7.2807347e+01  7.2842799e+01  4.6383365e+00
