# Power spectrum from CO𝘕CEPT job 4701058 at t = 4.0358434 Gyr, a = 0.38461538
#
# Components:
#   0: matter  (upstream grid size 1024)
#
#                           grid size 1024
# ╭────────────────────────────────────────────────────────────────╮
#                         component 0    (corrected)      (linear)
#                        σ₈ = 3.66e-01  σ₈ = 3.66e-01  σ₈ = 3.59e-01
#  k [Mpc⁻¹]    modes       P [Mpc³]       P [Mpc³]       P [Mpc³]
3.0679616e-03         3  1.0355230e+04  1.0355230e+04  1.0355970e+04
5.8212951e-03        25  1.5083279e+04  1.5158766e+04  1.5152541e+04
1.0440195e-02       124  1.7430342e+04  1.7630458e+04  1.7714719e+04
1.6729547e-02       418  1.5724508e+04  1.5868198e+04  1.5846719e+04
2.3240110e-02       730  1.2109295e+04  1.2111679e+04  1.2210407e+04
2.9075630e-02      1012  9.6134250e+03  9.5901332e+03  9.5866363e+03
3.4544381e-02      1408  8.0765408e+03  8.0577435e+03  8.0399875e+03
3.9898901e-02      1841  7.0798097e+03  7.0742006e+03  7.1312967e+03
4.5580519e-02      2698  6.3868765e+03  6.3927765e+03  6.4216085e+03
5.1612543e-02      3532  5.5674438e+03  5.5762005e+03  5.6316776e+03
5.7899473e-02      4702  4.6607372e+03  4.6616221e+03  4.7074478e+03
6.4462744e-02      6019  3.8309121e+03  3.8218131e+03  3.8205809e+03
7.1309305e-02      7766  3.1933853e+03  3.1811931e+03  3.1799372e+03
7.8556104e-02     10012  2.8406692e+03  2.8343342e+03  2.8282664e+03
8.6194331e-02     12589  2.6389092e+03  2.6423316e+03  2.6283158e+03
9.4153926e-02     15650  2.3741181e+03  2.3807325e+03  2.3727313e+03
1.0254095e-01     19757  2.0056623e+03  2.0061924e+03  1.9934806e+03
1.1136076e-01     24241  1.6647140e+03  1.6588331e+03  1.6217527e+03
1.2060245e-01     29993  1.4303006e+03  1.4255052e+03  1.3842529e+03
1.3029316e-01     36494  1.2814228e+03  1.2820872e+03  1.2488949e+03
1.4046583e-01     44825  1.1454384e+03  1.1469510e+03  1.1077068e+03
1.5111985e-01     53906  9.9456775e+02  9.9216240e+02  9.4486664e+02
1.6229170e-01     65729  8.7392761e+02  8.7148533e+02  8.2695098e+02
1.7401323e-01     78746  7.9481660e+02  7.9634033e+02  7.5618975e+02
1.8625264e-01     94374  7.0721201e+02  7.0853712e+02  6.6772477e+02
1.9902230e-01    112166  6.0847661e+02  6.0724589e+02  5.5967065e+02
2.1238854e-01    134373  5.3454915e+02  5.3300615e+02  4.8072236e+02
2.2637810e-01    159077  4.8199742e+02  4.8149565e+02  4.3018893e+02
2.4096993e-01    188172  4.3292458e+02  4.3271319e+02  3.8817449e+02
2.5621802e-01    222492  3.9112727e+02  3.9150290e+02  3.4740739e+02
2.7214102e-01    261771  3.4865632e+02  3.4901150e+02  3.0409476e+02
2.8873063e-01    306759  3.0897392e+02  3.0827713e+02  2.5936425e+02
3.0605468e-01    360898  2.7724480e+02  2.7626275e+02  2.2807695e+02
3.2421519e-01    425046  2.5280829e+02  2.5293768e+02  2.0958769e+02
3.4337900e-01    505555  2.2739051e+02  2.2797189e+02  1.8766796e+02
3.6368055e-01    600292  2.0384897e+02  2.0358206e+02  1.6005892e+02
3.8517334e-01    712930  1.8375067e+02  1.8285848e+02  1.3918083e+02
4.0793004e-01    846715  1.6610498e+02  1.6624519e+02  1.2759311e+02
4.3202621e-01   1005596  1.4996531e+02  1.5046676e+02  1.1259327e+02
4.5754560e-01   1194719  1.3484788e+02  1.3412074e+02  9.5284022e+01
4.8457948e-01   1419743  1.2169709e+02  1.2154575e+02  8.6102931e+01
5.1321525e-01   1686576  1.0995185e+02  1.1042866e+02  7.6445747e+01
5.4354215e-01   2003484  9.9213962e+01  9.8483723e+01  6.4762331e+01
5.7565178e-01   2378778  8.9739839e+01  8.9978867e+01  5.8949458e+01
6.0966698e-01   2828400  8.1100973e+01  8.1076169e+01  5.0623171e+01
6.4568974e-01   3356890  7.3454225e+01  7.3205651e+01  4.4533403e+01
6.8383752e-01   3990317  6.6874678e+01  6.7167399e+01  3.9232327e+01
7.2424344e-01   4738457  6.1136423e+01  6.0803981e+01  3.3999670e+01
7.6703215e-01   5629661  5.6526689e+01  5.6746628e+01  2.9991003e+01
8.1235262e-01   6687903  5.3022977e+01  5.2802017e+01  2.6101773e+01
8.6035444e-01   7945758  5.0773370e+01  5.0812262e+01  2.2714891e+01
9.1118812e-01   9436555  4.9997574e+01  5.0119283e+01  2.0040774e+01
9.6501980e-01  11210320  5.0795476e+01  5.0556038e+01  1.7252798e+01
1.0220366e+00  13318613  5.3272311e+01  5.3383216e+01  1.5109800e+01
1.0824208e+00  15819192  5.7427312e+01  5.7453062e+01  1.3227591e+01
1.1463741e+00  18795348  6.2877952e+01  6.2645858e+01  1.1472336e+01
1.2141088e+00  22326034  6.8584367e+01  6.8431516e+01  9.9570183e+00
1.2858419e+00  26520842  7.3466594e+01  7.3389846e+01  8.6661602e+00
1.3618105e+00  31503438  7.6678917e+01  7.6764398e+01  7.5495979e+00
1.4422695e+00  37426927  7.8067958e+01  7.8115378e+01  6.5576166e+00
1.5275481e+00  44525830  7.8307822e+01  7.8345953e+01  5.6987060e+00
