# Power spectrum from CO𝘕CEPT job 4701058 at t = 3.6249528 Gyr, a = 0.35714286
#
# Components:
#   0: matter  (upstream grid size 1024)
#
#                           grid size 1024
# ╭────────────────────────────────────────────────────────────────╮
#                         component 0    (corrected)      (linear)
#                        σ₈ = 3.40e-01  σ₈ = 3.40e-01  σ₈ = 3.35e-01
#  k [Mpc⁻¹]    modes       P [Mpc³]       P [Mpc³]       P [Mpc³]
3.0679616e-03         3  9.0049533e+03  9.0049533e+03  9.0065288e+03
5.8212951e-03        25  1.3117185e+04  1.3182832e+04  1.3179005e+04
1.0440195e-02       124  1.5165090e+04  1.5339199e+04  1.5408611e+04
1.6729547e-02       418  1.3676512e+04  1.3801488e+04  1.3784480e+04
2.3240110e-02       730  1.0539446e+04  1.0541521e+04  1.0621679e+04
2.9075630e-02      1012  8.3623652e+03  8.3421045e+03  8.3394136e+03
3.4544381e-02      1408  7.0244210e+03  7.0080724e+03  6.9940447e+03
3.9898901e-02      1841  6.1618720e+03  6.1569902e+03  6.2036041e+03
4.5580519e-02      2698  5.5572089e+03  5.5623424e+03  5.5862621e+03
5.1612543e-02      3532  4.8458598e+03  4.8534815e+03  4.8991050e+03
5.7899473e-02      4702  4.0560919e+03  4.0568620e+03  4.0951102e+03
6.4462744e-02      6019  3.3302351e+03  3.3223253e+03  3.3236123e+03
7.1309305e-02      7766  2.7749463e+03  2.7643516e+03  2.7663058e+03
7.8556104e-02     10012  2.4676649e+03  2.4621617e+03  2.4603818e+03
8.6194331e-02     12589  2.2920809e+03  2.2950535e+03  2.2864420e+03
9.4153926e-02     15650  2.0620230e+03  2.0677679e+03  2.0641039e+03
1.0254095e-01     19757  1.7402788e+03  1.7407387e+03  1.7341845e+03
1.1136076e-01     24241  1.4412382e+03  1.4361468e+03  1.4108089e+03
1.2060245e-01     29993  1.2367316e+03  1.2325852e+03  1.2042016e+03
1.3029316e-01     36494  1.1078236e+03  1.1083980e+03  1.0864501e+03
1.4046583e-01     44825  9.8941470e+02  9.9072133e+02  9.6362683e+02
1.5111985e-01     53906  8.5711090e+02  8.5503799e+02  8.2196760e+02
1.6229170e-01     65729  7.5222532e+02  7.5012315e+02  7.1938943e+02
1.7401323e-01     78746  6.8392731e+02  6.8523846e+02  6.5783225e+02
1.8625264e-01     94374  6.0765877e+02  6.0879735e+02  5.8087400e+02
1.9902230e-01    112166  5.2110599e+02  5.2005199e+02  4.8687452e+02
2.1238854e-01    134373  4.5645929e+02  4.5514170e+02  4.1819505e+02
2.2637810e-01    159077  4.1094542e+02  4.1051762e+02  3.7423452e+02
2.4096993e-01    188172  3.6865594e+02  3.6847593e+02  3.3768491e+02
2.5621802e-01    222492  3.3241616e+02  3.3273541e+02  3.0222038e+02
2.7214102e-01    261771  2.9545697e+02  2.9575796e+02  2.6454141e+02
2.8873063e-01    306759  2.6075185e+02  2.6016381e+02  2.2562898e+02
3.0605468e-01    360898  2.3336350e+02  2.3253689e+02  1.9841120e+02
3.2421519e-01    425046  2.1244824e+02  2.1255698e+02  1.8232683e+02
3.4337900e-01    505555  1.9060142e+02  1.9108875e+02  1.6325818e+02
3.6368055e-01    600292  1.7007676e+02  1.6985406e+02  1.3924023e+02
3.8517334e-01    712930  1.5269000e+02  1.5194862e+02  1.2107773e+02
4.0793004e-01    846715  1.3771051e+02  1.3782674e+02  1.1099722e+02
4.3202621e-01   1005596  1.2388826e+02  1.2430251e+02  9.7948388e+01
4.5754560e-01   1194719  1.1081746e+02  1.1021990e+02  8.2890541e+01
4.8457948e-01   1419743  9.9622015e+01  9.9498135e+01  7.4903626e+01
5.1321525e-01   1686576  8.9610388e+01  8.9998985e+01  6.6502541e+01
5.4354215e-01   2003484  8.0445518e+01  7.9853419e+01  5.6338774e+01
5.7565178e-01   2378778  7.2401884e+01  7.2594731e+01  5.1281976e+01
6.0966698e-01   2828400  6.5061349e+01  6.5041451e+01  4.4038679e+01
6.4568974e-01   3356890  5.8589573e+01  5.8391302e+01  3.8741001e+01
6.8383752e-01   3990317  5.3011230e+01  5.3243268e+01  3.4129429e+01
7.2424344e-01   4738457  4.8165069e+01  4.7903161e+01  2.9577378e+01
7.6703215e-01   5629661  4.4275856e+01  4.4448129e+01  2.6090113e+01
8.1235262e-01   6687903  4.1334335e+01  4.1162084e+01  2.2706751e+01
8.6035444e-01   7945758  3.9515142e+01  3.9545411e+01  1.9760396e+01
9.1118812e-01   9436555  3.9017910e+01  3.9112891e+01  1.7434098e+01
9.6501980e-01  11210320  3.9978785e+01  3.9790334e+01  1.5008751e+01
1.0220366e+00  13318613  4.2613310e+01  4.2702024e+01  1.3144490e+01
1.0824208e+00  15819192  4.7065163e+01  4.7086267e+01  1.1507098e+01
1.1463741e+00  18795348  5.3188331e+01  5.2992004e+01  9.9801462e+00
1.2141088e+00  22326034  6.0068392e+01  5.9934521e+01  8.6619239e+00
1.2858419e+00  26520842  6.6545733e+01  6.6476215e+01  7.5389660e+00
1.3618105e+00  31503438  7.1268764e+01  7.1348213e+01  6.5676335e+00
1.4422695e+00  37426927  7.3588346e+01  7.3633046e+01  5.7046779e+00
1.5275481e+00  44525830  7.4187855e+01  7.4223980e+01  4.9574846e+00
