# Power spectrum from CO𝘕CEPT job 4701058 at t = 5.1230837 Gyr, a = 0.45454545
#
# Components:
#   0: matter  (upstream grid size 1024)
#
#                           grid size 1024
# ╭────────────────────────────────────────────────────────────────╮
#                         component 0    (corrected)      (linear)
#                        σ₈ = 4.31e-01  σ₈ = 4.31e-01  σ₈ = 4.18e-01
#  k [Mpc⁻¹]    modes       P [Mpc³]       P [Mpc³]       P [Mpc³]
3.0679616e-03         3  1.4086894e+04  1.4086894e+04  1.4080390e+04
5.8212951e-03        25  2.0516342e+04  2.0619020e+04  2.0598892e+04
1.0440195e-02       124  2.3682711e+04  2.3954611e+04  2.4078131e+04
1.6729547e-02       418  2.1381448e+04  2.1576831e+04  2.1536649e+04
2.3240110e-02       730  1.6437255e+04  1.6440491e+04  1.6593620e+04
2.9075630e-02      1012  1.3067453e+04  1.3035793e+04  1.3027548e+04
3.4544381e-02      1408  1.0982399e+04  1.0956838e+04  1.0925539e+04
3.9898901e-02      1841  9.6102361e+03  9.6026223e+03  9.6905841e+03
4.5580519e-02      2698  8.6755978e+03  8.6836120e+03  8.7261097e+03
5.1612543e-02      3532  7.5560615e+03  7.5679460e+03  7.6526366e+03
5.7899473e-02      4702  6.3279594e+03  6.3291609e+03  6.3967017e+03
6.4462744e-02      6019  5.2162706e+03  5.2038811e+03  5.1915599e+03
7.1309305e-02      7766  4.3531306e+03  4.3365105e+03  4.3210107e+03
7.8556104e-02     10012  3.8755315e+03  3.8668887e+03  3.8431361e+03
8.6194331e-02     12589  3.6009804e+03  3.6056506e+03  3.5714281e+03
9.4153926e-02     15650  3.2397755e+03  3.2488017e+03  3.2241263e+03
1.0254095e-01     19757  2.7445259e+03  2.7452512e+03  2.7087864e+03
1.1136076e-01     24241  2.2915013e+03  2.2834063e+03  2.2036711e+03
1.2060245e-01     29993  1.9753787e+03  1.9687559e+03  1.8809493e+03
1.3029316e-01     36494  1.7707398e+03  1.7716579e+03  1.6970206e+03
1.4046583e-01     44825  1.5857755e+03  1.5878697e+03  1.5051705e+03
1.5111985e-01     53906  1.3854394e+03  1.3820887e+03  1.2838997e+03
1.6229170e-01     65729  1.2213455e+03  1.2179323e+03  1.1236734e+03
1.7401323e-01     78746  1.1117070e+03  1.1138382e+03  1.0275215e+03
1.8625264e-01     94374  9.9290305e+02  9.9476346e+02  9.0731359e+02
1.9902230e-01    112166  8.6141206e+02  8.5966975e+02  7.6048789e+02
2.1238854e-01    134373  7.6206939e+02  7.5986965e+02  6.5321171e+02
2.2637810e-01    159077  6.8997743e+02  6.8925916e+02  5.8454607e+02
2.4096993e-01    188172  6.2185749e+02  6.2155385e+02  5.2745621e+02
2.5621802e-01    222492  5.6448681e+02  5.6502893e+02  4.7206127e+02
2.7214102e-01    261771  5.0701811e+02  5.0753462e+02  4.1320749e+02
2.8873063e-01    306759  4.5354454e+02  4.5252173e+02  3.5242710e+02
3.0605468e-01    360898  4.0962518e+02  4.0817422e+02  3.0991352e+02
3.2421519e-01    425046  3.7511825e+02  3.7531024e+02  2.8479007e+02
3.4337900e-01    505555  3.3970775e+02  3.4057631e+02  2.5500526e+02
3.6368055e-01    600292  3.0765231e+02  3.0724947e+02  2.1748978e+02
3.8517334e-01    712930  2.7988416e+02  2.7852520e+02  1.8912039e+02
4.0793004e-01    846715  2.5464562e+02  2.5486055e+02  1.7337487e+02
4.3202621e-01   1005596  2.3183797e+02  2.3261317e+02  1.5299290e+02
4.5754560e-01   1194719  2.1078222e+02  2.0964562e+02  1.2947291e+02
4.8457948e-01   1419743  1.9200742e+02  1.9176866e+02  1.1699754e+02
5.1321525e-01   1686576  1.7522661e+02  1.7598649e+02  1.0387526e+02
5.4354215e-01   2003484  1.5995002e+02  1.5877275e+02  8.7999709e+01
5.7565178e-01   2378778  1.4621221e+02  1.4660166e+02  8.0101114e+01
6.0966698e-01   2828400  1.3385508e+02  1.3381414e+02  6.8787268e+01
6.4568974e-01   3356890  1.2276436e+02  1.2234891e+02  6.0512429e+01
6.8383752e-01   3990317  1.1316489e+02  1.1366023e+02  5.3309271e+01
7.2424344e-01   4738457  1.0478790e+02  1.0421810e+02  4.6199083e+01
7.6703215e-01   5629661  9.7945437e+01  9.8326533e+01  4.0752065e+01
8.1235262e-01   6687903  9.2620364e+01  9.2234392e+01  3.5467341e+01
8.6035444e-01   7945758  8.8882635e+01  8.8950718e+01  3.0865211e+01
9.1118812e-01   9436555  8.6879737e+01  8.7091228e+01  2.7231594e+01
9.6501980e-01  11210320  8.6597922e+01  8.6189720e+01  2.3443265e+01
1.0220366e+00  13318613  8.7760193e+01  8.7942896e+01  2.0531338e+01
1.0824208e+00  15819192  9.0063531e+01  9.0103915e+01  1.7973774e+01
1.1463741e+00  18795348  9.2797286e+01  9.2454755e+01  1.5588716e+01
1.2141088e+00  22326034  9.5093888e+01  9.4881957e+01  1.3529688e+01
1.2858419e+00  26520842  9.6332853e+01  9.6232217e+01  1.1775657e+01
1.3618105e+00  31503438  9.6493501e+01  9.6601071e+01  1.0258461e+01
1.4422695e+00  37426927  9.5740287e+01  9.5798442e+01  8.9105473e+00
1.5275481e+00  44525830  9.4542261e+01  9.4588296e+01  7.7434512e+00
