# Power spectrum from CO𝘕CEPT job 4701058 at t = 3.1242836 Gyr, a = 0.32258065
#
# Components:
#   0: matter  (upstream grid size 1024)
#
#                           grid size 1024
# ╭────────────────────────────────────────────────────────────────╮
#                         component 0    (corrected)      (linear)
#                        σ₈ = 3.07e-01  σ₈ = 3.07e-01  σ₈ = 3.04e-01
#  k [Mpc⁻¹]    modes       P [Mpc³]       P [Mpc³]       P [Mpc³]
3.0679616e-03         3  7.4150169e+03  7.4150169e+03  7.4165451e+03
5.8212951e-03        25  1.0801987e+04  1.0856047e+04  1.0853499e+04
1.0440195e-02       124  1.2495599e+04  1.2639060e+04  1.2690991e+04
1.6729547e-02       418  1.1264284e+04  1.1367217e+04  1.1354081e+04
2.3240110e-02       730  8.6881648e+03  8.6898754e+03  8.7492498e+03
2.9075630e-02      1012  6.8884208e+03  6.8717313e+03  6.8694411e+03
3.4544381e-02      1408  5.7851689e+03  5.7717046e+03  5.7612835e+03
3.9898901e-02      1841  5.0793500e+03  5.0753258e+03  5.1102040e+03
4.5580519e-02      2698  4.5792441e+03  4.5834743e+03  4.6016966e+03
5.1612543e-02      3532  3.9947834e+03  4.0010666e+03  4.0356670e+03
5.7899473e-02      4702  3.3431662e+03  3.3438009e+03  3.3733829e+03
6.4462744e-02      6019  2.7411673e+03  2.7346566e+03  2.7378619e+03
7.1309305e-02      7766  2.2831028e+03  2.2743860e+03  2.2787792e+03
7.8556104e-02     10012  2.0295019e+03  2.0249759e+03  2.0267738e+03
8.6194331e-02     12589  1.8846768e+03  1.8871211e+03  1.8834909e+03
9.4153926e-02     15650  1.6954276e+03  1.7001512e+03  1.7003384e+03
1.0254095e-01     19757  1.4292445e+03  1.4296222e+03  1.4285633e+03
1.1136076e-01     24241  1.1804921e+03  1.1763219e+03  1.1621781e+03
1.2060245e-01     29993  1.0114435e+03  1.0080524e+03  9.9198238e+02
1.3029316e-01     36494  9.0588105e+02  9.0635074e+02  8.9498297e+02
1.4046583e-01     44825  8.0811532e+02  8.0918252e+02  7.9380539e+02
1.5111985e-01     53906  6.9812763e+02  6.9643921e+02  6.7711123e+02
1.6229170e-01     65729  6.1180543e+02  6.1009567e+02  5.9261072e+02
1.7401323e-01     78746  5.5606148e+02  5.5712750e+02  5.4190196e+02
1.8625264e-01     94374  4.9317423e+02  4.9409830e+02  4.7850622e+02
1.9902230e-01    112166  4.2120507e+02  4.2035313e+02  4.0107241e+02
2.1238854e-01    134373  3.6757781e+02  3.6651678e+02  3.4449641e+02
2.2637810e-01    159077  3.3030497e+02  3.2996112e+02  3.0828310e+02
2.4096993e-01    188172  2.9590405e+02  2.9575957e+02  2.7817467e+02
2.5621802e-01    222492  2.6616472e+02  2.6642034e+02  2.4896008e+02
2.7214102e-01    261771  2.3573040e+02  2.3597054e+02  2.1792130e+02
2.8873063e-01    306759  2.0690613e+02  2.0643952e+02  1.8586641e+02
3.0605468e-01    360898  1.8456083e+02  1.8390708e+02  1.6344523e+02
3.2421519e-01    425046  1.6770367e+02  1.6778951e+02  1.5019542e+02
3.4337900e-01    505555  1.5000626e+02  1.5038979e+02  1.3448724e+02
3.6368055e-01    600292  1.3300841e+02  1.3283426e+02  1.1470197e+02
3.8517334e-01    712930  1.1877180e+02  1.1819511e+02  9.9740251e+01
4.0793004e-01    846715  1.0684430e+02  1.0693448e+02  9.1436227e+01
4.3202621e-01   1005596  9.5678159e+01  9.5998082e+01  8.0686988e+01
4.5754560e-01   1194719  8.4961066e+01  8.4502931e+01  6.8282781e+01
4.8457948e-01   1419743  7.6009757e+01  7.5915238e+01  6.1703398e+01
5.1321525e-01   1686576  6.7975993e+01  6.8270773e+01  5.4782834e+01
5.4354215e-01   2003484  6.0600045e+01  6.0154014e+01  4.6410224e+01
5.7565178e-01   2378778  5.4170685e+01  5.4314972e+01  4.2244583e+01
6.0966698e-01   2828400  4.8314291e+01  4.8299515e+01  3.6277769e+01
6.4568974e-01   3356890  4.3169223e+01  4.3023135e+01  3.1913698e+01
6.8383752e-01   3990317  3.8718002e+01  3.8887476e+01  2.8114822e+01
7.2424344e-01   4738457  3.4868466e+01  3.4678861e+01  2.4364976e+01
7.6703215e-01   5629661  3.1778814e+01  3.1902462e+01  2.1492270e+01
8.1235262e-01   6687903  2.9450065e+01  2.9327340e+01  1.8705156e+01
8.6035444e-01   7945758  2.8073883e+01  2.8095387e+01  1.6278036e+01
9.1118812e-01   9436555  2.7817245e+01  2.7884961e+01  1.4361700e+01
9.6501980e-01  11210320  2.8833211e+01  2.8697298e+01  1.2363771e+01
1.0220366e+00  13318613  3.1425602e+01  3.1491025e+01  1.0828047e+01
1.0824208e+00  15819192  3.5896887e+01  3.5912983e+01  9.4792117e+00
1.1463741e+00  18795348  4.2432335e+01  4.2275710e+01  8.2213538e+00
1.2141088e+00  22326034  5.0483409e+01  5.0370900e+01  7.1354410e+00
1.2858419e+00  26520842  5.9028020e+01  5.8966356e+01  6.2103812e+00
1.3618105e+00  31503438  6.6150616e+01  6.6224359e+01  5.4102260e+00
1.4422695e+00  37426927  7.0097764e+01  7.0140344e+01  4.6993484e+00
1.5275481e+00  44525830  7.1108524e+01  7.1143149e+01  4.0838325e+00
