# Power spectrum from CO𝘕CEPT job 4701058 at t = 2.1444136 Gyr, a = 0.25
#
# Components:
#   0: matter  (upstream grid size 1024)
#
#                           grid size 1024
# ╭────────────────────────────────────────────────────────────────╮
#                         component 0    (corrected)      (linear)
#                        σ₈ = 2.38e-01  σ₈ = 2.38e-01  σ₈ = 2.37e-01
#  k [Mpc⁻¹]    modes       P [Mpc³]       P [Mpc³]       P [Mpc³]
3.0679616e-03         3  4.5199882e+03  4.5199882e+03  4.5203291e+03
5.8212951e-03        25  6.5858936e+03  6.6188539e+03  6.6168480e+03
1.0440195e-02       124  7.6280069e+03  7.7155834e+03  7.7391426e+03
1.6729547e-02       418  6.8698935e+03  6.9326704e+03  6.9250051e+03
2.3240110e-02       730  5.3086963e+03  5.3097415e+03  5.3367451e+03
2.9075630e-02      1012  4.2022854e+03  4.1921039e+03  4.1903086e+03
3.4544381e-02      1408  3.5277580e+03  3.5195475e+03  3.5144313e+03
3.9898901e-02      1841  3.1033086e+03  3.1008500e+03  3.1173209e+03
4.5580519e-02      2698  2.7955665e+03  2.7981490e+03  2.8071578e+03
5.1612543e-02      3532  2.4409657e+03  2.4448049e+03  2.4618886e+03
5.7899473e-02      4702  2.0422225e+03  2.0426102e+03  2.0578889e+03
6.4462744e-02      6019  1.6700281e+03  1.6660615e+03  1.6702070e+03
7.1309305e-02      7766  1.3900065e+03  1.3846995e+03  1.3901541e+03
7.8556104e-02     10012  1.2346994e+03  1.2319459e+03  1.2364243e+03
8.6194331e-02     12589  1.1458702e+03  1.1473564e+03  1.1490185e+03
9.4153926e-02     15650  1.0307208e+03  1.0335924e+03  1.0372892e+03
1.0254095e-01     19757  8.6720468e+02  8.6743387e+02  8.7149486e+02
1.1136076e-01     24241  7.1269570e+02  7.1017799e+02  7.0898772e+02
1.2060245e-01     29993  6.0891090e+02  6.0686940e+02  6.0516046e+02
1.3029316e-01     36494  5.4529889e+02  5.4558162e+02  5.4598639e+02
1.4046583e-01     44825  4.8516866e+02  4.8580938e+02  4.8426322e+02
1.5111985e-01     53906  4.1702927e+02  4.1602069e+02  4.1307394e+02
1.6229170e-01     65729  3.6451028e+02  3.6349161e+02  3.6152436e+02
1.7401323e-01     78746  3.3109002e+02  3.3172475e+02  3.3058947e+02
1.8625264e-01     94374  2.9265871e+02  2.9320707e+02  2.9191479e+02
1.9902230e-01    112166  2.4795961e+02  2.4745808e+02  2.4467606e+02
2.1238854e-01    134373  2.1474855e+02  2.1412867e+02  2.1016168e+02
2.2637810e-01    159077  1.9228526e+02  1.9208509e+02  1.8806963e+02
2.4096993e-01    188172  1.7189148e+02  1.7180755e+02  1.6970188e+02
2.5621802e-01    222492  1.5388192e+02  1.5402971e+02  1.5187941e+02
2.7214102e-01    261771  1.3535355e+02  1.3549144e+02  1.3294406e+02
2.8873063e-01    306759  1.1740046e+02  1.1713570e+02  1.1338883e+02
3.0605468e-01    360898  1.0400509e+02  1.0363669e+02  9.9710677e+01
3.2421519e-01    425046  9.4237664e+01  9.4285898e+01  9.1627568e+01
3.4337900e-01    505555  8.3856332e+01  8.4070733e+01  8.2044714e+01
3.6368055e-01    600292  7.3282277e+01  7.3186323e+01  6.9974605e+01
3.8517334e-01    712930  6.4674874e+01  6.4360848e+01  6.0847127e+01
4.0793004e-01    846715  5.7963729e+01  5.8012654e+01  5.5781214e+01
4.3202621e-01   1005596  5.1402028e+01  5.1573903e+01  4.9223581e+01
4.5754560e-01   1194719  4.4862868e+01  4.4620954e+01  4.1656323e+01
4.8457948e-01   1419743  3.9788787e+01  3.9739309e+01  3.7642534e+01
5.1321525e-01   1686576  3.5152366e+01  3.5304805e+01  3.3420604e+01
5.4354215e-01   2003484  3.0816472e+01  3.0589656e+01  2.8312844e+01
5.7565178e-01   2378778  2.7155273e+01  2.7227603e+01  2.5771570e+01
6.0966698e-01   2828400  2.3820727e+01  2.3813442e+01  2.2131480e+01
6.4568974e-01   3356890  2.0898664e+01  2.0827941e+01  1.9469152e+01
6.8383752e-01   3990317  1.8368100e+01  1.8448500e+01  1.7151625e+01
7.2424344e-01   4738457  1.6177619e+01  1.6089650e+01  1.4864009e+01
7.6703215e-01   5629661  1.4407760e+01  1.4463819e+01  1.3111497e+01
8.1235262e-01   6687903  1.3079704e+01  1.3025197e+01  1.1411201e+01
8.6035444e-01   7945758  1.2359692e+01  1.2369159e+01  9.9305214e+00
9.1118812e-01   9436555  1.2350762e+01  1.2380828e+01  8.7614492e+00
9.6501980e-01  11210320  1.3161977e+01  1.3099935e+01  7.5425996e+00
1.0220366e+00  13318613  1.5103538e+01  1.5134982e+01  6.6057218e+00
1.0824208e+00  15819192  1.8598305e+01  1.8606644e+01  5.7828565e+00
1.1463741e+00  18795348  2.4303534e+01  2.4213826e+01  5.0154924e+00
1.2141088e+00  22326034  3.2793466e+01  3.2720380e+01  4.3530244e+00
1.2858419e+00  26520842  4.4597106e+01  4.4550517e+01  3.7886858e+00
1.3618105e+00  31503438  5.8596556e+01  5.8661879e+01  3.3005461e+00
1.4422695e+00  37426927  7.0447559e+01  7.0490351e+01  2.8668707e+00
1.5275481e+00  44525830  7.4640094e+01  7.4676438e+01  2.4913713e+00
