# Power spectrum from CO𝘕CEPT job 4701058 at t = 4.8106637 Gyr, a = 0.43478261
#
# Components:
#   0: matter  (upstream grid size 1024)
#
#                           grid size 1024
# ╭────────────────────────────────────────────────────────────────╮
#                         component 0    (corrected)      (linear)
#                        σ₈ = 4.13e-01  σ₈ = 4.13e-01  σ₈ = 4.02e-01
#  k [Mpc⁻¹]    modes       P [Mpc³]       P [Mpc³]       P [Mpc³]
3.0679616e-03         3  1.2994362e+04  1.2994362e+04  1.2990495e+04
5.8212951e-03        25  1.8925751e+04  1.9020468e+04  1.9005173e+04
1.0440195e-02       124  2.1853325e+04  2.2104222e+04  2.2216158e+04
1.6729547e-02       418  1.9725695e+04  1.9905948e+04  1.9871817e+04
2.3240110e-02       730  1.5171681e+04  1.5174668e+04  1.5311159e+04
2.9075630e-02      1012  1.2056734e+04  1.2027523e+04  1.2020804e+04
3.4544381e-02      1408  1.0131934e+04  1.0108353e+04  1.0081291e+04
3.9898901e-02      1841  8.8703460e+03  8.8633183e+03  8.9417989e+03
4.5580519e-02      2698  8.0061555e+03  8.0135513e+03  8.0518721e+03
5.1612543e-02      3532  6.9746831e+03  6.9856532e+03  7.0613585e+03
5.7899473e-02      4702  5.8404119e+03  5.8415208e+03  5.9024731e+03
6.4462744e-02      6019  4.8104435e+03  4.7990179e+03  4.7904506e+03
7.1309305e-02      7766  4.0130982e+03  3.9977763e+03  3.9871659e+03
7.8556104e-02     10012  3.5719614e+03  3.5639956e+03  3.5462153e+03
8.6194331e-02     12589  3.3188038e+03  3.3231080e+03  3.2955018e+03
9.4153926e-02     15650  2.9858955e+03  2.9942144e+03  2.9750339e+03
1.0254095e-01     19757  2.5274163e+03  2.5280843e+03  2.4995098e+03
1.1136076e-01     24241  2.1066455e+03  2.0992034e+03  2.0334197e+03
1.2060245e-01     29993  1.8143045e+03  1.8082217e+03  1.7356313e+03
1.3029316e-01     36494  1.6260676e+03  1.6269107e+03  1.5659129e+03
1.4046583e-01     44825  1.4555203e+03  1.4574425e+03  1.3888850e+03
1.5111985e-01     53906  1.2693861e+03  1.2663161e+03  1.1847092e+03
1.6229170e-01     65729  1.1179976e+03  1.1148732e+03  1.0368617e+03
1.7401323e-01     78746  1.0173884e+03  1.0193389e+03  9.4813835e+02
1.8625264e-01     94374  9.0769946e+02  9.0940022e+02  8.3721746e+02
1.9902230e-01    112166  7.8566325e+02  7.8407415e+02  7.0173512e+02
2.1238854e-01    134373  6.9373750e+02  6.9173500e+02  6.0274679e+02
2.2637810e-01    159077  6.2737367e+02  6.2672057e+02  5.3938606e+02
2.4096993e-01    188172  5.6486690e+02  5.6459108e+02  4.8670680e+02
2.5621802e-01    222492  5.1209070e+02  5.1258250e+02  4.3559151e+02
2.7214102e-01    261771  4.5897096e+02  4.5943852e+02  3.8128458e+02
2.8873063e-01    306759  4.0954792e+02  4.0862432e+02  3.2519987e+02
3.0605468e-01    360898  3.6921952e+02  3.6791169e+02  2.8597074e+02
3.2421519e-01    425046  3.3771327e+02  3.3788612e+02  2.6278825e+02
3.4337900e-01    505555  3.0523932e+02  3.0601974e+02  2.3530452e+02
3.6368055e-01    600292  2.7570816e+02  2.7534715e+02  2.0068734e+02
3.8517334e-01    712930  2.5021137e+02  2.4899648e+02  1.7450967e+02
4.0793004e-01    846715  2.2721949e+02  2.2741128e+02  1.5998059e+02
4.3202621e-01   1005596  2.0640328e+02  2.0709343e+02  1.4117326e+02
4.5754560e-01   1194719  1.8713171e+02  1.8612264e+02  1.1947034e+02
4.8457948e-01   1419743  1.7003704e+02  1.6982559e+02  1.0795877e+02
5.1321525e-01   1686576  1.5476897e+02  1.5544013e+02  9.5850259e+01
5.4354215e-01   2003484  1.4084797e+02  1.3981130e+02  8.1201195e+01
5.7565178e-01   2378778  1.2840459e+02  1.2874660e+02  7.3912816e+01
6.0966698e-01   2828400  1.1715486e+02  1.1711903e+02  6.3473034e+01
6.4568974e-01   3356890  1.0710179e+02  1.0673935e+02  5.5837477e+01
6.8383752e-01   3990317  9.8427955e+01  9.8858789e+01  4.9190807e+01
7.2424344e-01   4738457  9.0847778e+01  9.0353774e+01  4.2629925e+01
7.6703215e-01   5629661  8.4700514e+01  8.5030075e+01  3.7603723e+01
8.1235262e-01   6687903  7.9956675e+01  7.9623476e+01  3.2727275e+01
8.6035444e-01   7945758  7.6706916e+01  7.6765673e+01  2.8480688e+01
9.1118812e-01   9436555  7.5135487e+01  7.5318388e+01  2.5127791e+01
9.6501980e-01  11210320  7.5272680e+01  7.4917862e+01  2.1632133e+01
1.0220366e+00  13318613  7.6946609e+01  7.7106800e+01  1.8945169e+01
1.0824208e+00  15819192  7.9922398e+01  7.9958235e+01  1.6585193e+01
1.1463741e+00  18795348  8.3540121e+01  8.3231760e+01  1.4384395e+01
1.2141088e+00  22326034  8.6830024e+01  8.6636510e+01  1.2484439e+01
1.2858419e+00  26520842  8.9048652e+01  8.8955626e+01  1.0865918e+01
1.3618105e+00  31503438  9.0009051e+01  9.0109392e+01  9.4659346e+00
1.4422695e+00  37426927  8.9882724e+01  8.9937321e+01  8.2221552e+00
1.5275481e+00  44525830  8.9186789e+01  8.9230217e+01  7.1452243e+00
