# Power spectrum from CO𝘕CEPT job 4701058 at t = 2.4071778 Gyr, a = 0.27027027
#
# Components:
#   0: matter  (upstream grid size 1024)
#
#                           grid size 1024
# ╭────────────────────────────────────────────────────────────────╮
#                         component 0    (corrected)      (linear)
#                        σ₈ = 2.57e-01  σ₈ = 2.57e-01  σ₈ = 2.56e-01
#  k [Mpc⁻¹]    modes       P [Mpc³]       P [Mpc³]       P [Mpc³]
3.0679616e-03         3  5.2641220e+03  5.2641220e+03  5.2647595e+03
5.8212951e-03        25  7.6696599e+03  7.7080442e+03  7.7059147e+03
1.0440195e-02       124  8.8800982e+03  8.9820499e+03  9.0121837e+03
1.6729547e-02       418  7.9996882e+03  8.0727892e+03  8.0637335e+03
2.3240110e-02       730  6.1784909e+03  6.1797074e+03  6.2141466e+03
2.9075630e-02      1012  4.8930132e+03  4.8811582e+03  4.8791651e+03
3.4544381e-02      1408  4.1081001e+03  4.0985390e+03  4.0921479e+03
3.9898901e-02      1841  3.6118728e+03  3.6090112e+03  3.6297409e+03
4.5580519e-02      2698  3.2544155e+03  3.2574218e+03  3.2685816e+03
5.1612543e-02      3532  2.8408904e+03  2.8453587e+03  2.8665512e+03
5.7899473e-02      4702  2.3769803e+03  2.3774316e+03  2.3961407e+03
6.4462744e-02      6019  1.9451623e+03  1.9405422e+03  1.9447330e+03
7.1309305e-02      7766  1.6192590e+03  1.6130767e+03  1.6186467e+03
7.8556104e-02     10012  1.4386143e+03  1.4354060e+03  1.4396477e+03
8.6194331e-02     12589  1.3353762e+03  1.3371081e+03  1.3378744e+03
9.4153926e-02     15650  1.2012029e+03  1.2045496e+03  1.2077802e+03
1.0254095e-01     19757  1.0111189e+03  1.0113862e+03  1.0147350e+03
1.1136076e-01     24241  8.3205118e+02  8.2911184e+02  8.2551758e+02
1.2060245e-01     29993  7.1140298e+02  7.0901785e+02  7.0462493e+02
1.3029316e-01     36494  6.3708379e+02  6.3741411e+02  6.3572479e+02
1.4046583e-01     44825  5.6725604e+02  5.6800516e+02  5.6385664e+02
1.5111985e-01     53906  4.8821616e+02  4.8703542e+02  4.8096660e+02
1.6229170e-01     65729  4.2701048e+02  4.2581716e+02  4.2094428e+02
1.7401323e-01     78746  3.8792121e+02  3.8866489e+02  3.8492489e+02
1.8625264e-01     94374  3.4319276e+02  3.4383580e+02  3.3989362e+02
1.9902230e-01    112166  2.9139116e+02  2.9080178e+02  2.8489074e+02
2.1238854e-01    134373  2.5288149e+02  2.5215153e+02  2.4470360e+02
2.2637810e-01    159077  2.2664150e+02  2.2640557e+02  2.1898051e+02
2.4096993e-01    188172  2.0269858e+02  2.0259961e+02  1.9759385e+02
2.5621802e-01    222492  1.8168697e+02  1.8186146e+02  1.7684208e+02
2.7214102e-01    261771  1.6010041e+02  1.6026350e+02  1.5479454e+02
2.8873063e-01    306759  1.3932318e+02  1.3900899e+02  1.3202523e+02
3.0605468e-01    360898  1.2365913e+02  1.2322111e+02  1.1609896e+02
3.2421519e-01    425046  1.1211294e+02  1.1217032e+02  1.0668732e+02
3.4337900e-01    505555  9.9888388e+01  1.0014378e+02  9.5529441e+01
3.6368055e-01    600292  8.7655352e+01  8.7540577e+01  8.1475507e+01
3.8517334e-01    712930  7.7613533e+01  7.7236684e+01  7.0847851e+01
4.0793004e-01    846715  6.9612445e+01  6.9671203e+01  6.4949312e+01
4.3202621e-01   1005596  6.1897733e+01  6.2104702e+01  5.7313877e+01
4.5754560e-01   1194719  5.4294091e+01  5.4001321e+01  4.8502878e+01
4.8457948e-01   1419743  4.8255563e+01  4.8195557e+01  4.3829388e+01
5.1321525e-01   1686576  4.2773448e+01  4.2958936e+01  3.8913549e+01
5.4354215e-01   2003484  3.7684766e+01  3.7407397e+01  3.2966287e+01
5.7565178e-01   2378778  3.3332679e+01  3.3421463e+01  3.0007335e+01
6.0966698e-01   2828400  2.9377362e+01  2.9368377e+01  2.5768966e+01
6.4568974e-01   3356890  2.5909540e+01  2.5821860e+01  2.2669063e+01
6.8383752e-01   3990317  2.2902398e+01  2.3002645e+01  1.9970631e+01
7.2424344e-01   4738457  2.0304948e+01  2.0194535e+01  1.7307026e+01
7.6703215e-01   5629661  1.8212774e+01  1.8283638e+01  1.5266475e+01
8.1235262e-01   6687903  1.6641563e+01  1.6572214e+01  1.3286722e+01
8.6035444e-01   7945758  1.5769381e+01  1.5781460e+01  1.1562681e+01
9.1118812e-01   9436555  1.5716524e+01  1.5754782e+01  1.0201462e+01
9.6501980e-01  11210320  1.6610663e+01  1.6532364e+01  8.7822847e+00
1.0220366e+00  13318613  1.8782048e+01  1.8821149e+01  7.6914235e+00
1.0824208e+00  15819192  2.2653673e+01  2.2663831e+01  6.7333137e+00
1.1463741e+00  18795348  2.8805016e+01  2.8698692e+01  5.8398272e+00
1.2141088e+00  22326034  3.7509576e+01  3.7425981e+01  5.0684773e+00
1.2858419e+00  26520842  4.8723672e+01  4.8672773e+01  4.4113852e+00
1.3618105e+00  31503438  6.0673798e+01  6.0741436e+01  3.8430158e+00
1.4422695e+00  37426927  6.9413568e+01  6.9455732e+01  3.3380625e+00
1.5275481e+00  44525830  7.1962852e+01  7.1997893e+01  2.9008467e+00
