# Power spectrum from CO𝘕CEPT job 4701058 at t = 3.8214654 Gyr, a = 0.37037037
#
# Components:
#   0: matter  (upstream grid size 1024)
#
#                           grid size 1024
# ╭────────────────────────────────────────────────────────────────╮
#                         component 0    (corrected)      (linear)
#                        σ₈ = 3.53e-01  σ₈ = 3.53e-01  σ₈ = 3.46e-01
#  k [Mpc⁻¹]    modes       P [Mpc³]       P [Mpc³]       P [Mpc³]
3.0679616e-03         3  9.6460005e+03  9.6460005e+03  9.6472943e+03
5.8212951e-03        25  1.4050606e+04  1.4120925e+04  1.4116130e+04
1.0440195e-02       124  1.6240727e+04  1.6427185e+04  1.6503677e+04
1.6729547e-02       418  1.4648874e+04  1.4782735e+04  1.4763758e+04
2.3240110e-02       730  1.1285000e+04  1.1287222e+04  1.1376112e+04
2.9075630e-02      1012  8.9563902e+03  8.9346903e+03  8.9316802e+03
3.4544381e-02      1408  7.5239574e+03  7.5064463e+03  7.4907314e+03
3.9898901e-02      1841  6.5978236e+03  6.5925963e+03  6.6441382e+03
4.5580519e-02      2698  5.9511960e+03  5.9566936e+03  5.9829443e+03
5.1612543e-02      3532  5.1885694e+03  5.1967302e+03  5.2469833e+03
5.7899473e-02      4702  4.3432411e+03  4.3440657e+03  4.3858926e+03
6.4462744e-02      6019  3.5678886e+03  3.5594143e+03  3.5596093e+03
7.1309305e-02      7766  2.9735184e+03  2.9621656e+03  2.9627283e+03
7.8556104e-02     10012  2.6446496e+03  2.6387518e+03  2.6350804e+03
8.6194331e-02     12589  2.4566465e+03  2.4598325e+03  2.4487889e+03
9.4153926e-02     15650  2.2101081e+03  2.2162656e+03  2.2106630e+03
1.0254095e-01     19757  1.8661327e+03  1.8666259e+03  1.8573175e+03
1.1136076e-01     24241  1.5471055e+03  1.5416401e+03  1.5109806e+03
1.2060245e-01     29993  1.3283771e+03  1.3239235e+03  1.2897033e+03
1.3029316e-01     36494  1.1900039e+03  1.1906209e+03  1.1635909e+03
1.4046583e-01     44825  1.0632580e+03  1.0646621e+03  1.0320467e+03
1.5111985e-01     53906  9.2209520e+02  9.1986513e+02  8.8032920e+02
1.6229170e-01     65729  8.0972853e+02  8.0746565e+02  7.7046766e+02
1.7401323e-01     78746  7.3631371e+02  7.3772529e+02  7.0453971e+02
1.8625264e-01     94374  6.5466017e+02  6.5588681e+02  6.2211721e+02
1.9902230e-01    112166  5.6230100e+02  5.6116367e+02  5.2144354e+02
2.1238854e-01    134373  4.9324063e+02  4.9181687e+02  4.4788768e+02
2.2637810e-01    159077  4.4438911e+02  4.4392650e+02  4.0080584e+02
2.4096993e-01    188172  3.9888779e+02  3.9869302e+02  3.6166113e+02
2.5621802e-01    222492  3.6001420e+02  3.6035995e+02  3.2367854e+02
2.7214102e-01    261771  3.2043382e+02  3.2076025e+02  2.8332429e+02
2.8873063e-01    306759  2.8336518e+02  2.8272614e+02  2.4164900e+02
3.0605468e-01    360898  2.5392177e+02  2.5302234e+02  2.1249871e+02
3.2421519e-01    425046  2.3134295e+02  2.3146136e+02  1.9527232e+02
3.4337900e-01    505555  2.0780540e+02  2.0833671e+02  1.7484976e+02
3.6368055e-01    600292  1.8585162e+02  1.8560827e+02  1.4912650e+02
3.8517334e-01    712930  1.6718178e+02  1.6637004e+02  1.2967444e+02
4.0793004e-01    846715  1.5094394e+02  1.5107135e+02  1.1887819e+02
4.3202621e-01   1005596  1.3602801e+02  1.3648285e+02  1.0490287e+02
4.5754560e-01   1194719  1.2199155e+02  1.2133373e+02  8.8775891e+01
4.8457948e-01   1419743  1.0987319e+02  1.0973656e+02  8.0221892e+01
5.1321525e-01   1686576  9.9044480e+01  9.9473988e+01  7.1224317e+01
5.4354215e-01   2003484  8.9138220e+01  8.8482141e+01  6.0338908e+01
5.7565178e-01   2378778  8.0422735e+01  8.0636946e+01  5.4923069e+01
6.0966698e-01   2828400  7.2469362e+01  7.2447198e+01  4.7165487e+01
6.4568974e-01   3356890  6.5444776e+01  6.5223307e+01  4.1491666e+01
6.8383752e-01   3990317  5.9396360e+01  5.9656347e+01  3.6552666e+01
7.2424344e-01   4738457  5.4131727e+01  5.3837375e+01  3.1677412e+01
7.6703215e-01   5629661  4.9905252e+01  5.0099429e+01  2.7942547e+01
8.1235262e-01   6687903  4.6702080e+01  4.6507461e+01  2.4318961e+01
8.6035444e-01   7945758  4.4684894e+01  4.4719122e+01  2.1163411e+01
9.1118812e-01   9436555  4.4064950e+01  4.4172217e+01  1.8671943e+01
9.6501980e-01  11210320  4.4962101e+01  4.4750160e+01  1.6074392e+01
1.0220366e+00  13318613  4.7543953e+01  4.7642933e+01  1.4077766e+01
1.0824208e+00  15819192  5.1884577e+01  5.1907841e+01  1.2324117e+01
1.1463741e+00  18795348  5.7718596e+01  5.7505547e+01  1.0688749e+01
1.2141088e+00  22326034  6.4053266e+01  6.3910513e+01  9.2769315e+00
1.2858419e+00  26520842  6.9751991e+01  6.9679124e+01  8.0742420e+00
1.3618105e+00  31503438  7.3711913e+01  7.3794086e+01  7.0339436e+00
1.4422695e+00  37426927  7.5560059e+01  7.5605956e+01  6.1097169e+00
1.5275481e+00  44525830  7.5996319e+01  7.6033324e+01  5.3094719e+00
