# Power spectrum from CO𝘕CEPT job 4701058 at t = 2.727498 Gyr, a = 0.29411765
#
# Components:
#   0: matter  (upstream grid size 1024)
#
#                           grid size 1024
# ╭────────────────────────────────────────────────────────────────╮
#                         component 0    (corrected)      (linear)
#                        σ₈ = 2.80e-01  σ₈ = 2.80e-01  σ₈ = 2.78e-01
#  k [Mpc⁻¹]    modes       P [Mpc³]       P [Mpc³]       P [Mpc³]
3.0679616e-03         3  6.2046547e+03  6.2046547e+03  6.2056986e+03
5.8212951e-03        25  9.0393931e+03  9.0846324e+03  9.0823597e+03
1.0440195e-02       124  1.0461697e+04  1.0581806e+04  1.0621016e+04
1.6729547e-02       418  9.4274000e+03  9.5135475e+03  9.5027379e+03
2.3240110e-02       730  7.2766879e+03  7.2781205e+03  7.3228756e+03
2.9075630e-02      1012  5.7657577e+03  5.7517882e+03  5.7496235e+03
3.4544381e-02      1408  4.8415164e+03  4.8302483e+03  4.8221589e+03
3.9898901e-02      1841  4.2540088e+03  4.2506385e+03  4.2772374e+03
4.5580519e-02      2698  3.8339919e+03  3.8375336e+03  3.8516359e+03
5.1612543e-02      3532  3.3458294e+03  3.3510919e+03  3.3778799e+03
5.7899473e-02      4702  2.7997214e+03  2.8002529e+03  2.8235517e+03
6.4462744e-02      6019  2.2931030e+03  2.2876565e+03  2.2916200e+03
7.1309305e-02      7766  1.9093225e+03  1.9020328e+03  1.9073661e+03
7.8556104e-02     10012  1.6967260e+03  1.6929421e+03  1.6964368e+03
8.6194331e-02     12589  1.5752983e+03  1.5773413e+03  1.5765089e+03
9.4153926e-02     15650  1.4170587e+03  1.4210067e+03  1.4232089e+03
1.0254095e-01     19757  1.1935688e+03  1.1938842e+03  1.1957299e+03
1.1136076e-01     24241  9.8379334e+02  9.8031795e+02  9.7276191e+02
1.2060245e-01     29993  8.4191870e+02  8.3909599e+02  8.3030576e+02
1.3029316e-01     36494  7.5398915e+02  7.5438009e+02  7.4911595e+02
1.4046583e-01     44825  6.7193422e+02  6.7282158e+02  6.6442883e+02
1.5111985e-01     53906  5.7925709e+02  5.7785617e+02  5.6675398e+02
1.6229170e-01     65729  5.0706936e+02  5.0565230e+02  4.9602569e+02
1.7401323e-01     78746  4.6074577e+02  4.6162906e+02  4.5358165e+02
1.8625264e-01     94374  4.0806892e+02  4.0883352e+02  4.0051836e+02
1.9902230e-01    112166  3.4738391e+02  3.4668128e+02  3.3570491e+02
2.1238854e-01    134373  3.0222989e+02  3.0135749e+02  2.8834981e+02
2.2637810e-01    159077  2.7118488e+02  2.7090258e+02  2.5803863e+02
2.4096993e-01    188172  2.4270287e+02  2.4258436e+02  2.3283734e+02
2.5621802e-01    222492  2.1788414e+02  2.1809339e+02  2.0838421e+02
2.7214102e-01    261771  1.9242854e+02  1.9262457e+02  1.8240419e+02
2.8873063e-01    306759  1.6811461e+02  1.6773548e+02  1.5557367e+02
3.0605468e-01    360898  1.4955094e+02  1.4902120e+02  1.3680672e+02
3.2421519e-01    425046  1.3571061e+02  1.3578007e+02  1.2571639e+02
3.4337900e-01    505555  1.2111687e+02  1.2142654e+02  1.1256835e+02
3.6368055e-01    600292  1.0679748e+02  1.0665764e+02  9.6007714e+01
3.8517334e-01    712930  9.4930329e+01  9.4469399e+01  8.3484477e+01
4.0793004e-01    846715  8.5245673e+01  8.5317626e+01  7.6533855e+01
4.3202621e-01   1005596  7.6042827e+01  7.6297094e+01  6.7536540e+01
4.5754560e-01   1194719  6.7085666e+01  6.6723920e+01  5.7153985e+01
4.8457948e-01   1419743  5.9793792e+01  5.9719439e+01  5.1646918e+01
5.1321525e-01   1686576  5.3214728e+01  5.3445495e+01  4.5854275e+01
5.4354215e-01   2003484  4.7145957e+01  4.6798951e+01  3.8846242e+01
5.7565178e-01   2378778  4.1899925e+01  4.2011529e+01  3.5359522e+01
6.0966698e-01   2828400  3.7131165e+01  3.7119809e+01  3.0365186e+01
6.4568974e-01   3356890  3.2947745e+01  3.2836248e+01  2.6712376e+01
6.8383752e-01   3990317  2.9320637e+01  2.9448977e+01  2.3532644e+01
7.2424344e-01   4738457  2.6189349e+01  2.6046938e+01  2.0393952e+01
7.6703215e-01   5629661  2.3673370e+01  2.3765481e+01  1.7989443e+01
8.1235262e-01   6687903  2.1780598e+01  2.1689833e+01  1.5656575e+01
8.6035444e-01   7945758  2.0700313e+01  2.0716170e+01  1.3625029e+01
9.1118812e-01   9436555  2.0573537e+01  2.0623619e+01  1.2021020e+01
9.6501980e-01  11210320  2.1544763e+01  2.1443206e+01  1.0348714e+01
1.0220366e+00  13318613  2.3947889e+01  2.3997745e+01  9.0632842e+00
1.0824208e+00  15819192  2.8172354e+01  2.8184987e+01  7.9342834e+00
1.1463741e+00  18795348  3.4647170e+01  3.4519282e+01  6.8814323e+00
1.2141088e+00  22326034  4.3256974e+01  4.3160569e+01  5.9725024e+00
1.2858419e+00  26520842  5.3394863e+01  5.3339083e+01  5.1982097e+00
1.3618105e+00  31503438  6.2992792e+01  6.3063015e+01  4.5284645e+00
1.4422695e+00  37426927  6.9061542e+01  6.9103492e+01  3.9334463e+00
1.5275481e+00  44525830  7.0626421e+01  7.0660811e+01  3.4182477e+00
