# Power spectrum from CO𝘕CEPT job 4701058 at t = 12.444912 Gyr, a = 0.90909091
#
# Components:
#   0: matter  (upstream grid size 1024)
#
#                           grid size 1024
# ╭────────────────────────────────────────────────────────────────╮
#                         component 0    (corrected)      (linear)
#                        σ₈ = 7.74e-01  σ₈ = 7.74e-01  σ₈ = 7.09e-01
#  k [Mpc⁻¹]    modes       P [Mpc³]       P [Mpc³]       P [Mpc³]
3.0679616e-03         3  4.0557640e+04  4.0557640e+04  4.0554958e+04
5.8212951e-03        25  5.9039594e+04  5.9335068e+04  5.9302333e+04
1.0440195e-02       124  6.7774776e+04  6.8552893e+04  6.9281444e+04
1.6729547e-02       418  6.1380274e+04  6.1941166e+04  6.1942072e+04
2.3240110e-02       730  4.6772859e+04  4.6782068e+04  4.7713238e+04
2.9075630e-02      1012  3.7418854e+04  3.7328194e+04  3.7454176e+04
3.4544381e-02      1408  3.1498069e+04  3.1424761e+04  3.1408161e+04
3.9898901e-02      1841  2.7325976e+04  2.7304326e+04  2.7856283e+04
4.5580519e-02      2698  2.4744792e+04  2.4767650e+04  2.5082650e+04
5.1612543e-02      3532  2.1453081e+04  2.1486823e+04  2.1996207e+04
5.7899473e-02      4702  1.8012030e+04  1.8015450e+04  1.8385707e+04
6.4462744e-02      6019  1.5087919e+04  1.5052083e+04  1.4921492e+04
7.1309305e-02      7766  1.2700692e+04  1.2652201e+04  1.2419150e+04
7.8556104e-02     10012  1.1363326e+04  1.1337985e+04  1.1045513e+04
8.6194331e-02     12589  1.0540070e+04  1.0553739e+04  1.0264477e+04
9.4153926e-02     15650  9.4696654e+03  9.4960484e+03  9.2662214e+03
1.0254095e-01     19757  8.1688552e+03  8.1710142e+03  7.7850577e+03
1.1136076e-01     24241  7.0577104e+03  7.0327780e+03  6.3333122e+03
1.2060245e-01     29993  6.1972721e+03  6.1764945e+03  5.4057847e+03
1.3029316e-01     36494  5.5866470e+03  5.5895436e+03  4.8771565e+03
1.4046583e-01     44825  5.0291063e+03  5.0357478e+03  4.3257711e+03
1.5111985e-01     53906  4.5415759e+03  4.5305921e+03  3.6898392e+03
1.6229170e-01     65729  4.0775136e+03  4.0661185e+03  3.2293504e+03
1.7401323e-01     78746  3.7380833e+03  3.7452496e+03  2.9530099e+03
1.8625264e-01     94374  3.3964651e+03  3.4028291e+03  2.6075371e+03
1.9902230e-01    112166  3.0697184e+03  3.0635095e+03  2.1855693e+03
2.1238854e-01    134373  2.7868302e+03  2.7787859e+03  1.8772649e+03
2.2637810e-01    159077  2.5774577e+03  2.5747746e+03  1.6799244e+03
2.4096993e-01    188172  2.3738005e+03  2.3726414e+03  1.5158523e+03
2.5621802e-01    222492  2.1947785e+03  2.1968863e+03  1.3566518e+03
2.7214102e-01    261771  2.0388347e+03  2.0409117e+03  1.1875115e+03
2.8873063e-01    306759  1.8866202e+03  1.8823656e+03  1.0128347e+03
3.0605468e-01    360898  1.7592160e+03  1.7529846e+03  8.9065498e+02
3.2421519e-01    425046  1.6374151e+03  1.6382532e+03  8.1845266e+02
3.4337900e-01    505555  1.5312499e+03  1.5351649e+03  7.3285427e+02
3.6368055e-01    600292  1.4327844e+03  1.4309083e+03  6.2503900e+02
3.8517334e-01    712930  1.3412620e+03  1.3347495e+03  5.4350861e+02
4.0793004e-01    846715  1.2604993e+03  1.2615633e+03  4.9825771e+02
4.3202621e-01   1005596  1.1808414e+03  1.1847899e+03  4.3968233e+02
4.5754560e-01   1194719  1.1103892e+03  1.1044016e+03  3.7208872e+02
4.8457948e-01   1419743  1.0423672e+03  1.0410711e+03  3.3623600e+02
5.1321525e-01   1686576  9.8280253e+02  9.8706448e+02  2.9852414e+02
5.4354215e-01   2003484  9.2323508e+02  9.1643985e+02  2.5289979e+02
5.7565178e-01   2378778  8.7192798e+02  8.7425042e+02  2.3020019e+02
6.0966698e-01   2828400  8.2237834e+02  8.2212683e+02  1.9768563e+02
6.4568974e-01   3356890  7.7682634e+02  7.7419751e+02  1.7390479e+02
6.8383752e-01   3990317  7.3393923e+02  7.3715179e+02  1.5320383e+02
7.2424344e-01   4738457  6.9450176e+02  6.9072525e+02  1.3277006e+02
7.6703215e-01   5629661  6.5778955e+02  6.6034894e+02  1.1711603e+02
8.1235262e-01   6687903  6.2334848e+02  6.2075083e+02  1.0192842e+02
8.6035444e-01   7945758  5.9089635e+02  5.9134897e+02  8.8702492e+01
9.1118812e-01   9436555  5.6005532e+02  5.6141866e+02  7.8259951e+01
9.6501980e-01  11210320  5.2993253e+02  5.2743455e+02  6.7372789e+01
1.0220366e+00  13318613  5.0095171e+02  5.0199462e+02  5.9004290e+01
1.0824208e+00  15819192  4.7227827e+02  4.7249004e+02  5.1654190e+01
1.1463741e+00  18795348  4.4439520e+02  4.4275486e+02  4.4799847e+01
1.2141088e+00  22326034  4.1715495e+02  4.1622526e+02  3.8882472e+01
1.2858419e+00  26520842  3.9075091e+02  3.9034270e+02  3.3841620e+01
1.3618105e+00  31503438  3.6528555e+02  3.6569276e+02  2.9481401e+01
1.4422695e+00  37426927  3.4071991e+02  3.4092687e+02  2.5607676e+01
1.5275481e+00  44525830  3.1725629e+02  3.1741077e+02  2.2253598e+01
