# Power spectrum from CO𝘕CEPT job 4701058 at t = 13.790139 Gyr, a = 1
#
# Components:
#   0: matter  (upstream grid size 1024)
#
#                           grid size 1024
# ╭────────────────────────────────────────────────────────────────╮
#                         component 0    (corrected)      (linear)
#                        σ₈ = 8.22e-01  σ₈ = 8.22e-01  σ₈ = 7.47e-01
#  k [Mpc⁻¹]    modes       P [Mpc³]       P [Mpc³]       P [Mpc³]
3.0679616e-03         3  4.5050332e+04  4.5050332e+04  4.5054498e+04
5.8212951e-03        25  6.5575358e+04  6.5903542e+04  6.5878457e+04
1.0440195e-02       124  7.5220752e+04  7.6084355e+04  7.6960134e+04
1.6729547e-02       418  6.8146639e+04  6.8769362e+04  6.8804199e+04
2.3240110e-02       730  5.1867340e+04  5.1877552e+04  5.2997575e+04
2.9075630e-02      1012  4.1526789e+04  4.1426176e+04  4.1601642e+04
3.4544381e-02      1408  3.4962561e+04  3.4881190e+04  3.4885768e+04
3.9898901e-02      1841  3.0298228e+04  3.0274224e+04  3.0940390e+04
4.5580519e-02      2698  2.7446966e+04  2.7472320e+04  2.7859514e+04
5.1612543e-02      3532  2.3781184e+04  2.3818588e+04  2.4431264e+04
5.7899473e-02      4702  1.9975105e+04  1.9978897e+04  2.0420995e+04
6.4462744e-02      6019  1.6770190e+04  1.6730358e+04  1.6573246e+04
7.1309305e-02      7766  1.4137762e+04  1.4083785e+04  1.3793872e+04
7.8556104e-02     10012  1.2659027e+04  1.2630796e+04  1.2268158e+04
8.6194331e-02     12589  1.1736381e+04  1.1751602e+04  1.1400650e+04
9.4153926e-02     15650  1.0540390e+04  1.0569756e+04  1.0291884e+04
1.0254095e-01     19757  9.1180165e+03  9.1204263e+03  8.6467637e+03
1.1136076e-01     24241  7.9150367e+03  7.8870756e+03  7.0343222e+03
1.2060245e-01     29993  6.9678747e+03  6.9445135e+03  6.0041257e+03
1.3029316e-01     36494  6.2878154e+03  6.2910756e+03  5.4169827e+03
1.4046583e-01     44825  5.6643747e+03  5.6718552e+03  4.8045647e+03
1.5111985e-01     53906  5.1354701e+03  5.1230500e+03  4.0982434e+03
1.6229170e-01     65729  4.6222877e+03  4.6093702e+03  3.5867847e+03
1.7401323e-01     78746  4.2432009e+03  4.2513355e+03  3.2798569e+03
1.8625264e-01     94374  3.8624377e+03  3.8696748e+03  2.8961453e+03
1.9902230e-01    112166  3.5083510e+03  3.5012550e+03  2.4274726e+03
2.1238854e-01    134373  3.1941814e+03  3.1849613e+03  2.0850439e+03
2.2637810e-01    159077  2.9613288e+03  2.9582461e+03  1.8658611e+03
2.4096993e-01    188172  2.7350629e+03  2.7337274e+03  1.6836290e+03
2.5621802e-01    222492  2.5338506e+03  2.5362841e+03  1.5068077e+03
2.7214102e-01    261771  2.3606264e+03  2.3630312e+03  1.3189466e+03
2.8873063e-01    306759  2.1918479e+03  2.1869049e+03  1.1249363e+03
3.0605468e-01    360898  2.0510438e+03  2.0437787e+03  9.8923345e+02
3.2421519e-01    425046  1.9130669e+03  1.9140460e+03  9.0903963e+02
3.4337900e-01    505555  1.7944459e+03  1.7990339e+03  8.1396708e+02
3.6368055e-01    600292  1.6846785e+03  1.6824726e+03  6.9421870e+02
3.8517334e-01    712930  1.5807578e+03  1.5730825e+03  6.0366444e+02
4.0793004e-01    846715  1.4895393e+03  1.4907965e+03  5.5340511e+02
4.3202621e-01   1005596  1.3993434e+03  1.4040224e+03  4.8834656e+02
4.5754560e-01   1194719  1.3196537e+03  1.3125377e+03  4.1327164e+02
4.8457948e-01   1419743  1.2417685e+03  1.2402244e+03  3.7345071e+02
5.1321525e-01   1686576  1.1729817e+03  1.1780683e+03  3.3156487e+02
5.4354215e-01   2003484  1.1051894e+03  1.0970550e+03  2.8089080e+02
5.7565178e-01   2378778  1.0453815e+03  1.0481660e+03  2.5567880e+02
6.0966698e-01   2828400  9.8824921e+02  9.8794696e+02  2.1956551e+02
6.4568974e-01   3356890  9.3512328e+02  9.3195875e+02  1.9315260e+02
6.8383752e-01   3990317  8.8439215e+02  8.8826327e+02  1.7016045e+02
7.2424344e-01   4738457  8.3719713e+02  8.3264469e+02  1.4746506e+02
7.6703215e-01   5629661  7.9311994e+02  7.9620589e+02  1.3007844e+02
8.1235262e-01   6687903  7.5100405e+02  7.4787443e+02  1.1320986e+02
8.6035444e-01   7945758  7.1096872e+02  7.1151332e+02  9.8520087e+01
9.1118812e-01   9436555  6.7249657e+02  6.7413362e+02  8.6921764e+01
9.6501980e-01  11210320  6.3450837e+02  6.3151745e+02  7.4829609e+01
1.0220366e+00  13318613  5.9835921e+02  5.9960491e+02  6.5534884e+01
1.0824208e+00  15819192  5.6275410e+02  5.6300643e+02  5.7371274e+01
1.1463741e+00  18795348  5.2787934e+02  5.2593084e+02  4.9758292e+01
1.2141088e+00  22326034  4.9409832e+02  4.9299714e+02  4.3185981e+01
1.2858419e+00  26520842  4.6159573e+02  4.6111352e+02  3.7587207e+01
1.3618105e+00  31503438  4.3028261e+02  4.3076229e+02  3.2744399e+01
1.4422695e+00  37426927  4.0037065e+02  4.0061385e+02  2.8441930e+01
1.5275481e+00  44525830  3.7173249e+02  3.7191350e+02  2.4716622e+01
