# Power spectrum from CO𝘕CEPT job 4701058 at t = 7.2998856 Gyr, a = 0.58823529
#
# Components:
#   0: matter  (upstream grid size 1024)
#
#                           grid size 1024
# ╭────────────────────────────────────────────────────────────────╮
#                         component 0    (corrected)      (linear)
#                        σ₈ = 5.49e-01  σ₈ = 5.49e-01  σ₈ = 5.22e-01
#  k [Mpc⁻¹]    modes       P [Mpc³]       P [Mpc³]       P [Mpc³]
3.0679616e-03         3  2.1963767e+04  2.1963767e+04  2.1951957e+04
5.8212951e-03        25  3.1982524e+04  3.2142586e+04  3.2107931e+04
1.0440195e-02       124  3.6846961e+04  3.7269998e+04  3.7522501e+04
1.6729547e-02       418  3.3307572e+04  3.3611937e+04  3.3556101e+04
2.3240110e-02       730  2.5526846e+04  2.5531871e+04  2.5851815e+04
2.9075630e-02      1012  2.0340987e+04  2.0291704e+04  2.0295008e+04
3.4544381e-02      1408  1.7105628e+04  1.7065817e+04  1.7019819e+04
3.9898901e-02      1841  1.4922353e+04  1.4910530e+04  1.5095658e+04
4.5580519e-02      2698  1.3486498e+04  1.3498956e+04  1.3592994e+04
5.1612543e-02      3532  1.1727688e+04  1.1746134e+04  1.1920641e+04
5.7899473e-02      4702  9.8293386e+03  9.8312048e+03  9.9641444e+03
6.4462744e-02      6019  8.1464755e+03  8.1271263e+03  8.0868276e+03
7.1309305e-02      7766  6.8155874e+03  6.7895657e+03  6.7307398e+03
7.8556104e-02     10012  6.0774830e+03  6.0639296e+03  5.9863337e+03
8.6194331e-02     12589  5.6460552e+03  5.6533777e+03  5.5630785e+03
9.4153926e-02     15650  5.0788831e+03  5.0930331e+03  5.0220819e+03
1.0254095e-01     19757  4.3270901e+03  4.3282337e+03  4.2193469e+03
1.1136076e-01     24241  3.6545913e+03  3.6416809e+03  3.4325447e+03
1.2060245e-01     29993  3.1703442e+03  3.1597149e+03  2.9298517e+03
1.3029316e-01     36494  2.8460945e+03  2.8475702e+03  2.6433516e+03
1.4046583e-01     44825  2.5547735e+03  2.5581474e+03  2.3445144e+03
1.5111985e-01     53906  2.2585823e+03  2.2531200e+03  1.9998516e+03
1.6229170e-01     65729  2.0034845e+03  1.9978856e+03  1.7502752e+03
1.7401323e-01     78746  1.8270698e+03  1.8305724e+03  1.6005040e+03
1.8625264e-01     94374  1.6427883e+03  1.6458664e+03  1.4132629e+03
1.9902230e-01    112166  1.4464160e+03  1.4434904e+03  1.1845614e+03
2.1238854e-01    134373  1.2934815e+03  1.2897478e+03  1.0174638e+03
2.2637810e-01    159077  1.1803439e+03  1.1791152e+03  9.1050756e+02
2.4096993e-01    188172  1.0713887e+03  1.0708656e+03  8.2158223e+02
2.5621802e-01    222492  9.7988939e+02  9.8083045e+02  7.3529709e+02
2.7214102e-01    261771  8.9228085e+02  8.9318983e+02  6.4362443e+02
2.8873063e-01    306759  8.0917377e+02  8.0734895e+02  5.4895091e+02
3.0605468e-01    360898  7.3935671e+02  7.3673779e+02  4.8273037e+02
3.2421519e-01    425046  6.8171743e+02  6.8206635e+02  4.4359726e+02
3.4337900e-01    505555  6.2517466e+02  6.2677308e+02  3.9720351e+02
3.6368055e-01    600292  5.7412847e+02  5.7337671e+02  3.3876826e+02
3.8517334e-01    712930  5.2920859e+02  5.2663904e+02  2.9457925e+02
4.0793004e-01    846715  4.8774769e+02  4.8815939e+02  2.7005353e+02
4.3202621e-01   1005596  4.4971900e+02  4.5122274e+02  2.3830598e+02
4.5754560e-01   1194719  4.1492739e+02  4.1268997e+02  2.0167058e+02
4.8457948e-01   1419743  3.8328772e+02  3.8281110e+02  1.8223858e+02
5.1321525e-01   1686576  3.5470518e+02  3.5624337e+02  1.6179893e+02
5.4354215e-01   2003484  3.2865284e+02  3.2623388e+02  1.3707073e+02
5.7565178e-01   2378778  3.0491607e+02  3.0572823e+02  1.2476765e+02
6.0966698e-01   2828400  2.8370499e+02  2.8361822e+02  1.0714489e+02
6.4568974e-01   3356890  2.6437477e+02  2.6348010e+02  9.4255775e+01
6.8383752e-01   3990317  2.4724031e+02  2.4832252e+02  8.3035939e+01
7.2424344e-01   4738457  2.3218375e+02  2.3092120e+02  7.1960916e+01
7.6703215e-01   5629661  2.1932025e+02  2.2017361e+02  6.3476493e+01
8.1235262e-01   6687903  2.0843388e+02  2.0756529e+02  5.5244863e+01
8.6035444e-01   7945758  1.9955018e+02  1.9970303e+02  4.8076461e+01
9.1118812e-01   9436555  1.9254794e+02  1.9301666e+02  4.2416642e+01
9.6501980e-01  11210320  1.8676505e+02  1.8588468e+02  3.6515839e+01
1.0220366e+00  13318613  1.8192994e+02  1.8230869e+02  3.1980142e+01
1.0824208e+00  15819192  1.7733960e+02  1.7741912e+02  2.7996414e+01
1.1463741e+00  18795348  1.7276317e+02  1.7212547e+02  2.4281383e+01
1.2141088e+00  22326034  1.6772351e+02  1.6734971e+02  2.1074186e+01
1.2858419e+00  26520842  1.6220310e+02  1.6203365e+02  1.8342061e+01
1.3618105e+00  31503438  1.5632681e+02  1.5650108e+02  1.5978837e+01
1.4422695e+00  37426927  1.5031832e+02  1.5040963e+02  1.3879291e+01
1.5275481e+00  44525830  1.4419496e+02  1.4426517e+02  1.2061391e+01
