# Power spectrum from CO𝘕CEPT job 4701058 at t = 6.2819341 Gyr, a = 0.52631579
#
# Components:
#   0: matter  (upstream grid size 1024)
#
#                           grid size 1024
# ╭────────────────────────────────────────────────────────────────╮
#                         component 0    (corrected)      (linear)
#                        σ₈ = 4.96e-01  σ₈ = 4.96e-01  σ₈ = 4.76e-01
#  k [Mpc⁻¹]    modes       P [Mpc³]       P [Mpc³]       P [Mpc³]
3.0679616e-03         3  1.8237759e+04  1.8237759e+04  1.8224917e+04
5.8212951e-03        25  2.6558999e+04  2.6691918e+04  2.6658867e+04
1.0440195e-02       124  3.0625129e+04  3.0976733e+04  3.1157499e+04
1.6729547e-02       418  2.7668661e+04  2.7921497e+04  2.7865993e+04
2.3240110e-02       730  2.1234577e+04  2.1238757e+04  2.1469047e+04
2.9075630e-02      1012  1.6903348e+04  1.6862394e+04  1.6854701e+04
3.4544381e-02      1408  1.4211055e+04  1.4177980e+04  1.4134911e+04
3.9898901e-02      1841  1.2414328e+04  1.2404493e+04  1.2537027e+04
4.5580519e-02      2698  1.1214185e+04  1.1224544e+04  1.1289143e+04
5.1612543e-02      3532  9.7586704e+03  9.7740193e+03  9.9002933e+03
5.7899473e-02      4702  8.1760370e+03  8.1775893e+03  8.2754288e+03
6.4462744e-02      6019  6.7595472e+03  6.7434921e+03  6.7163028e+03
7.1309305e-02      7766  5.6484595e+03  5.6268939e+03  5.5900559e+03
7.8556104e-02     10012  5.0330654e+03  5.0218412e+03  4.9718188e+03
8.6194331e-02     12589  4.6764730e+03  4.6825380e+03  4.6203024e+03
9.4153926e-02     15650  4.2071800e+03  4.2189014e+03  4.1709951e+03
1.0254095e-01     19757  3.5748782e+03  3.5758230e+03  3.5043033e+03
1.1136076e-01     24241  3.0034029e+03  2.9927929e+03  2.8508419e+03
1.2060245e-01     29993  2.5979683e+03  2.5892581e+03  2.4333409e+03
1.3029316e-01     36494  2.3305488e+03  2.3317572e+03  2.1953945e+03
1.4046583e-01     44825  2.0900976e+03  2.0928578e+03  1.9472012e+03
1.5111985e-01     53906  1.8378738e+03  1.8334289e+03  1.6609476e+03
1.6229170e-01     65729  1.6256729e+03  1.6211297e+03  1.4536662e+03
1.7401323e-01     78746  1.4811580e+03  1.4839975e+03  1.3292763e+03
1.8625264e-01     94374  1.3278264e+03  1.3303143e+03  1.1737662e+03
1.9902230e-01    112166  1.1614238e+03  1.1590747e+03  9.8382159e+02
2.1238854e-01    134373  1.0339254e+03  1.0309409e+03  8.4504117e+02
2.2637810e-01    159077  9.4012788e+02  9.3914920e+02  7.5621022e+02
2.4096993e-01    188172  8.5052543e+02  8.5011013e+02  6.8235457e+02
2.5621802e-01    222492  7.7539926e+02  7.7614393e+02  6.1069165e+02
2.7214102e-01    261771  7.0179118e+02  7.0250611e+02  5.3455417e+02
2.8873063e-01    306759  6.3278470e+02  6.3135766e+02  4.5592433e+02
3.0605468e-01    360898  5.7517312e+02  5.7313576e+02  4.0092573e+02
3.2421519e-01    425046  5.2882487e+02  5.2909554e+02  3.6842425e+02
3.4337900e-01    505555  4.8225059e+02  4.8348360e+02  3.2989251e+02
3.6368055e-01    600292  4.4035598e+02  4.3977939e+02  2.8135985e+02
3.8517334e-01    712930  4.0373601e+02  4.0177568e+02  2.4465922e+02
4.0793004e-01    846715  3.6992397e+02  3.7023621e+02  2.2428970e+02
4.3202621e-01   1005596  3.3929001e+02  3.4042450e+02  1.9792217e+02
4.5754560e-01   1194719  3.1113903e+02  3.0946128e+02  1.6749508e+02
4.8457948e-01   1419743  2.8575048e+02  2.8539515e+02  1.5135608e+02
5.1321525e-01   1686576  2.6291330e+02  2.6405343e+02  1.3438017e+02
5.4354215e-01   2003484  2.4223202e+02  2.4044914e+02  1.1384247e+02
5.7565178e-01   2378778  2.2330981e+02  2.2390461e+02  1.0362430e+02
6.0966698e-01   2828400  2.0653539e+02  2.0647223e+02  8.8987927e+01
6.4568974e-01   3356890  1.9126922e+02  1.9062195e+02  7.8283024e+01
6.8383752e-01   3990317  1.7788132e+02  1.7865993e+02  6.8964523e+01
7.2424344e-01   4738457  1.6622890e+02  1.6532500e+02  5.9766295e+01
7.6703215e-01   5629661  1.5644048e+02  1.5704917e+02  5.2719658e+01
8.1235262e-01   6687903  1.4847781e+02  1.4785907e+02  4.5882975e+01
8.6035444e-01   7945758  1.4238954e+02  1.4249861e+02  3.9929344e+01
9.1118812e-01   9436555  1.3815409e+02  1.3849040e+02  3.5228648e+01
9.6501980e-01  11210320  1.3549783e+02  1.3485913e+02  3.0327806e+01
1.0220366e+00  13318613  1.3393024e+02  1.3420907e+02  2.6560736e+01
1.0824208e+00  15819192  1.3296146e+02  1.3302107e+02  2.3252098e+01
1.1463741e+00  18795348  1.3201458e+02  1.3152729e+02  2.0166623e+01
1.2141088e+00  22326034  1.3050965e+02  1.3021879e+02  1.7502923e+01
1.2858419e+00  26520842  1.2822658e+02  1.2809263e+02  1.5233788e+01
1.3618105e+00  31503438  1.2538306e+02  1.2552284e+02  1.3271040e+01
1.4422695e+00  37426927  1.2210806e+02  1.2218223e+02  1.1527287e+01
1.5275481e+00  44525830  1.1851237e+02  1.1857008e+02  1.0017452e+01
