# Power spectrum from CO𝘕CEPT job 4701058 at t = 6.7614249 Gyr, a = 0.55555556
#
# Components:
#   0: matter  (upstream grid size 1024)
#
#                           grid size 1024
# ╭────────────────────────────────────────────────────────────────╮
#                         component 0    (corrected)      (linear)
#                        σ₈ = 5.21e-01  σ₈ = 5.21e-01  σ₈ = 4.98e-01
#  k [Mpc⁻¹]    modes       P [Mpc³]       P [Mpc³]       P [Mpc³]
3.0679616e-03         3  1.9986911e+04  1.9986911e+04  1.9973675e+04
5.8212951e-03        25  2.9105114e+04  2.9250776e+04  2.9215649e+04
1.0440195e-02       124  3.3547060e+04  3.3932211e+04  3.4144126e+04
1.6729547e-02       418  3.0316382e+04  3.0593412e+04  3.0536001e+04
2.3240110e-02       730  2.3251156e+04  2.3255734e+04  2.3525631e+04
2.9075630e-02      1012  1.8517794e+04  1.8472929e+04  1.8469054e+04
3.4544381e-02      1408  1.5570336e+04  1.5534098e+04  1.5488652e+04
3.9898901e-02      1841  1.3592746e+04  1.3581976e+04  1.3737666e+04
4.5580519e-02      2698  1.2281660e+04  1.2293005e+04  1.2370230e+04
5.1612543e-02      3532  1.0683955e+04  1.0700759e+04  1.0848348e+04
5.7899473e-02      4702  8.9528201e+03  8.9545199e+03  9.0678653e+03
6.4462744e-02      6019  7.4104621e+03  7.3928611e+03  7.3594279e+03
7.1309305e-02      7766  6.1958618e+03  6.1722062e+03  6.1253277e+03
7.8556104e-02     10012  5.5227481e+03  5.5104318e+03  5.4478856e+03
8.6194331e-02     12589  5.1311742e+03  5.1378289e+03  5.0627056e+03
9.4153926e-02     15650  4.6160390e+03  4.6288996e+03  4.5703729e+03
1.0254095e-01     19757  3.9272298e+03  3.9282677e+03  3.8398422e+03
1.1136076e-01     24241  3.3077220e+03  3.2960370e+03  3.1238098e+03
1.2060245e-01     29993  2.8651335e+03  2.8555275e+03  2.6663320e+03
1.3029316e-01     36494  2.5710832e+03  2.5724162e+03  2.4056015e+03
1.4046583e-01     44825  2.3068785e+03  2.3099250e+03  2.1336432e+03
1.5111985e-01     53906  2.0337213e+03  2.0288027e+03  1.8199807e+03
1.6229170e-01     65729  1.8013471e+03  1.7963131e+03  1.5928521e+03
1.7401323e-01     78746  1.6419160e+03  1.6450637e+03  1.4565519e+03
1.8625264e-01     94374  1.4740533e+03  1.4768152e+03  1.2861518e+03
1.9902230e-01    112166  1.2934224e+03  1.2908063e+03  1.0780202e+03
2.1238854e-01    134373  1.1540123e+03  1.1506812e+03  9.2595180e+02
2.2637810e-01    159077  1.0511181e+03  1.0500239e+03  8.2861541e+02
2.4096993e-01    188172  9.5242975e+02  9.5196470e+02  7.4768821e+02
2.5621802e-01    222492  8.6966842e+02  8.7050363e+02  6.6916370e+02
2.7214102e-01    261771  7.8944075e+02  7.9024497e+02  5.8573623e+02
2.8873063e-01    306759  7.1382528e+02  7.1221549e+02  4.9957777e+02
3.0605468e-01    360898  6.5046573e+02  6.4816168e+02  4.3931319e+02
3.2421519e-01    425046  5.9889937e+02  5.9920591e+02  4.0369977e+02
3.4337900e-01    505555  5.4763508e+02  5.4903525e+02  3.6147872e+02
3.6368055e-01    600292  5.0148181e+02  5.0082517e+02  3.0829919e+02
3.8517334e-01    712930  4.6100981e+02  4.5877140e+02  2.6808458e+02
4.0793004e-01    846715  4.2360073e+02  4.2395828e+02  2.4576474e+02
4.3202621e-01   1005596  3.8954090e+02  3.9084342e+02  2.1687259e+02
4.5754560e-01   1194719  3.5829451e+02  3.5636248e+02  1.8353220e+02
4.8457948e-01   1419743  3.3001037e+02  3.2960000e+02  1.6584793e+02
5.1321525e-01   1686576  3.0449951e+02  3.0581998e+02  1.4724664e+02
5.4354215e-01   2003484  2.8137176e+02  2.7930080e+02  1.2474251e+02
5.7565178e-01   2378778  2.6019455e+02  2.6088759e+02  1.1354598e+02
6.0966698e-01   2828400  2.4140549e+02  2.4133166e+02  9.7508226e+01
6.4568974e-01   3356890  2.2426860e+02  2.2350966e+02  8.5778363e+01
6.8383752e-01   3990317  2.0916780e+02  2.1008336e+02  7.5567645e+01
7.2424344e-01   4738457  1.9597988e+02  1.9491420e+02  6.5488717e+01
7.6703215e-01   5629661  1.8480996e+02  1.8552904e+02  5.7767387e+01
8.1235262e-01   6687903  1.7553915e+02  1.7480763e+02  5.0276114e+01
8.6035444e-01   7945758  1.6821919e+02  1.6834805e+02  4.3752443e+01
9.1118812e-01   9436555  1.6276577e+02  1.6316199e+02  3.8601671e+01
9.6501980e-01  11210320  1.5874787e+02  1.5799957e+02  3.3231589e+01
1.0220366e+00  13318613  1.5573164e+02  1.5605585e+02  2.9103835e+01
1.0824208e+00  15819192  1.5312356e+02  1.5319222e+02  2.5478405e+01
1.1463741e+00  18795348  1.5051574e+02  1.4996016e+02  2.2097507e+01
1.2141088e+00  22326034  1.4735768e+02  1.4702928e+02  1.9178766e+01
1.2858419e+00  26520842  1.4358794e+02  1.4343794e+02  1.6692370e+01
1.3618105e+00  31503438  1.3935465e+02  1.3951000e+02  1.4541695e+01
1.4422695e+00  37426927  1.3485865e+02  1.3494057e+02  1.2630983e+01
1.5275481e+00  44525830  1.3011727e+02  1.3018063e+02  1.0976587e+01
