# Power spectrum from CO𝘕CEPT job 4701058 at t = 8.5934117 Gyr, a = 0.66666667
#
# Components:
#   0: matter  (upstream grid size 1024)
#
#                           grid size 1024
# ╭────────────────────────────────────────────────────────────────╮
#                         component 0    (corrected)      (linear)
#                        σ₈ = 6.12e-01  σ₈ = 6.12e-01  σ₈ = 5.76e-01
#  k [Mpc⁻¹]    modes       P [Mpc³]       P [Mpc³]       P [Mpc³]
3.0679616e-03         3  2.6738206e+04  2.6738206e+04  2.6729857e+04
5.8212951e-03        25  3.8931316e+04  3.9126155e+04  3.9092866e+04
1.0440195e-02       124  4.4806846e+04  4.5321270e+04  4.5680776e+04
1.6729547e-02       418  4.0526601e+04  4.0896933e+04  4.0848710e+04
2.3240110e-02       730  3.1008846e+04  3.1014951e+04  3.1468597e+04
2.9075630e-02      1012  2.4738281e+04  2.4678344e+04  2.4703833e+04
3.4544381e-02      1408  2.0809606e+04  2.0761174e+04  2.0716815e+04
3.9898901e-02      1841  1.8124405e+04  1.8110046e+04  1.8374485e+04
4.5580519e-02      2698  1.6389789e+04  1.6404929e+04  1.6545292e+04
5.1612543e-02      3532  1.4240225e+04  1.4262622e+04  1.4509616e+04
5.7899473e-02      4702  1.1940654e+04  1.1942921e+04  1.2128135e+04
6.4462744e-02      6019  9.9257195e+03  9.9021443e+03  9.8430656e+03
7.1309305e-02      7766  8.3171359e+03  8.2853813e+03  8.1924451e+03
7.8556104e-02     10012  7.4230549e+03  7.4065008e+03  7.2863574e+03
8.6194331e-02     12589  6.8939657e+03  6.9029066e+03  6.7711708e+03
9.4153926e-02     15650  6.2000552e+03  6.2173289e+03  6.1126789e+03
1.0254095e-01     19757  5.2999041e+03  5.3013048e+03  5.1356140e+03
1.1136076e-01     24241  4.5048348e+03  4.4889208e+03  4.1779457e+03
1.2060245e-01     29993  3.9213499e+03  3.9082027e+03  3.5660857e+03
1.3029316e-01     36494  3.5238387e+03  3.5256658e+03  3.2173676e+03
1.4046583e-01     44825  3.1658938e+03  3.1700747e+03  2.8536344e+03
1.5111985e-01     53906  2.8165603e+03  2.8097485e+03  2.4341253e+03
1.6229170e-01     65729  2.5069489e+03  2.4999430e+03  2.1303514e+03
1.7401323e-01     78746  2.2890963e+03  2.2934847e+03  1.9480562e+03
1.8625264e-01     94374  2.0650463e+03  2.0689156e+03  1.7201547e+03
1.9902230e-01    112166  1.8321774e+03  1.8284716e+03  1.4417899e+03
2.1238854e-01    134373  1.6462469e+03  1.6414950e+03  1.2384066e+03
2.2637810e-01    159077  1.5084582e+03  1.5068879e+03  1.1082244e+03
2.4096993e-01    188172  1.3748074e+03  1.3741361e+03  9.9998875e+02
2.5621802e-01    222492  1.2617223e+03  1.2629340e+03  8.9496662e+02
2.7214102e-01    261771  1.1566031e+03  1.1577813e+03  7.8338715e+02
2.8873063e-01    306759  1.0554125e+03  1.0530323e+03  6.6815523e+02
3.0605468e-01    360898  9.7021654e+02  9.6677988e+02  5.8755486e+02
3.2421519e-01    425046  8.9713270e+02  8.9759189e+02  5.3992397e+02
3.4337900e-01    505555  8.2789025e+02  8.3000697e+02  4.8345581e+02
3.6368055e-01    600292  7.6477298e+02  7.6377160e+02  4.1233137e+02
3.8517334e-01    712930  7.0864909e+02  7.0520828e+02  3.5854674e+02
4.0793004e-01    846715  6.5738737e+02  6.5794226e+02  3.2869528e+02
4.3202621e-01   1005596  6.0932707e+02  6.1136450e+02  2.9005377e+02
4.5754560e-01   1194719  5.6575899e+02  5.6270825e+02  2.4546302e+02
4.8457948e-01   1419743  5.2563103e+02  5.2497741e+02  2.2181139e+02
5.1321525e-01   1686576  4.8951247e+02  4.9163525e+02  1.9693329e+02
5.4354215e-01   2003484  4.5561383e+02  4.5226040e+02  1.6683540e+02
5.7565178e-01   2378778  4.2560004e+02  4.2673365e+02  1.5186073e+02
6.0966698e-01   2828400  3.9789120e+02  3.9776951e+02  1.3041121e+02
6.4568974e-01   3356890  3.7288288e+02  3.7162102e+02  1.1472324e+02
6.8383752e-01   3990317  3.5033636e+02  3.5186984e+02  1.0106703e+02
7.2424344e-01   4738457  3.3019228e+02  3.2839679e+02  8.7587087e+01
7.6703215e-01   5629661  3.1244459e+02  3.1366028e+02  7.7260285e+01
8.1235262e-01   6687903  2.9704431e+02  2.9580645e+02  6.7241171e+01
8.6035444e-01   7945758  2.8352934e+02  2.8374652e+02  5.8516164e+01
9.1118812e-01   9436555  2.7195160e+02  2.7261361e+02  5.1627325e+01
9.6501980e-01  11210320  2.6112174e+02  2.5989087e+02  4.4445174e+01
1.0220366e+00  13318613  2.5111937e+02  2.5164216e+02  3.8924559e+01
1.0824208e+00  15819192  2.4128561e+02  2.4139380e+02  3.4075772e+01
1.1463741e+00  18795348  2.3148350e+02  2.3062905e+02  2.9554030e+01
1.2141088e+00  22326034  2.2162886e+02  2.2113493e+02  2.5650396e+01
1.2858419e+00  26520842  2.1152247e+02  2.1130150e+02  2.2324996e+01
1.3618105e+00  31503438  2.0132829e+02  2.0155273e+02  1.9448603e+01
1.4422695e+00  37426927  1.9127501e+02  1.9139120e+02  1.6893144e+01
1.5275481e+00  44525830  1.8147703e+02  1.8156540e+02  1.4680492e+01
