# Power spectrum from CO𝘕CEPT job 4701058 at t = 2.9820513 Gyr, a = 0.3125
#
# Components:
#   0: matter  (upstream grid size 1024)
#
#                           grid size 1024
# ╭────────────────────────────────────────────────────────────────╮
#                         component 0    (corrected)      (linear)
#                        σ₈ = 2.98e-01  σ₈ = 2.98e-01  σ₈ = 2.95e-01
#  k [Mpc⁻¹]    modes       P [Mpc³]       P [Mpc³]       P [Mpc³]
3.0679616e-03         3  6.9757447e+03  6.9757447e+03  6.9771219e+03
5.8212951e-03        25  1.0162308e+04  1.0213167e+04  1.0210759e+04
1.0440195e-02       124  1.1757622e+04  1.1892611e+04  1.1939827e+04
1.6729547e-02       418  1.0597685e+04  1.0694527e+04  1.0682270e+04
2.3240110e-02       730  8.1761268e+03  8.1777366e+03  8.2316574e+03
2.9075630e-02      1012  6.4810371e+03  6.4653346e+03  6.4630925e+03
3.4544381e-02      1408  5.4427167e+03  5.4300494e+03  5.4205045e+03
3.9898901e-02      1841  4.7799409e+03  4.7761540e+03  4.8079473e+03
4.5580519e-02      2698  4.3088494e+03  4.3128298e+03  4.3295243e+03
5.1612543e-02      3532  3.7593689e+03  3.7652818e+03  3.7969782e+03
5.7899473e-02      4702  3.1460092e+03  3.1466065e+03  3.1738679e+03
6.4462744e-02      6019  2.5785145e+03  2.5723901e+03  2.5759360e+03
7.1309305e-02      7766  2.1473833e+03  2.1391847e+03  2.1440063e+03
7.8556104e-02     10012  1.9086496e+03  1.9043931e+03  1.9069060e+03
8.6194331e-02     12589  1.7723163e+03  1.7746148e+03  1.7720979e+03
9.4153926e-02     15650  1.5943265e+03  1.5987683e+03  1.5997779e+03
1.0254095e-01     19757  1.3435988e+03  1.3439539e+03  1.3440763e+03
1.1136076e-01     24241  1.1089223e+03  1.1050049e+03  1.0934457e+03
1.2060245e-01     29993  9.4971746e+02  9.4653334e+02  9.3331569e+02
1.3029316e-01     36494  8.5056918e+02  8.5101019e+02  8.4205304e+02
1.4046583e-01     44825  7.5850386e+02  7.5950555e+02  7.4685926e+02
1.5111985e-01     53906  6.5476692e+02  6.5318338e+02  6.3706653e+02
1.6229170e-01     65729  5.7357454e+02  5.7197162e+02  5.5756348e+02
1.7401323e-01     78746  5.2126351e+02  5.2226282e+02  5.0985369e+02
1.8625264e-01     94374  4.6207957e+02  4.6294537e+02  4.5020723e+02
1.9902230e-01    112166  3.9418693e+02  3.9338964e+02  3.7735289e+02
2.1238854e-01    134373  3.4362546e+02  3.4263357e+02  3.2412283e+02
2.2637810e-01    159077  3.0861806e+02  3.0829678e+02  2.9005119e+02
2.4096993e-01    188172  2.7637471e+02  2.7623976e+02  2.6172338e+02
2.5621802e-01    222492  2.4842395e+02  2.4866253e+02  2.3423656e+02
2.7214102e-01    261771  2.1979598e+02  2.2001989e+02  2.0503342e+02
2.8873063e-01    306759  1.9260429e+02  1.9216994e+02  1.7487427e+02
3.0605468e-01    360898  1.7163759e+02  1.7102962e+02  1.5377908e+02
3.2421519e-01    425046  1.5588302e+02  1.5596281e+02  1.4131286e+02
3.4337900e-01    505555  1.3931841e+02  1.3967461e+02  1.2653367e+02
3.6368055e-01    600292  1.2329254e+02  1.2313110e+02  1.0791850e+02
3.8517334e-01    712930  1.0991862e+02  1.0938491e+02  9.3841617e+01
4.0793004e-01    846715  9.8814144e+01  9.8897551e+01  8.6028694e+01
4.3202621e-01   1005596  8.8366616e+01  8.8662091e+01  7.5915165e+01
4.5754560e-01   1194719  7.8291039e+01  7.7868870e+01  6.4244543e+01
4.8457948e-01   1419743  6.9947403e+01  6.9860423e+01  5.8054264e+01
5.1321525e-01   1686576  6.2446944e+01  6.2717746e+01  5.1542982e+01
5.4354215e-01   2003484  5.5551198e+01  5.5142328e+01  4.3665528e+01
5.7565178e-01   2378778  4.9555626e+01  4.9687621e+01  3.9746243e+01
6.0966698e-01   2828400  4.4098709e+01  4.4085222e+01  3.4132306e+01
6.4568974e-01   3356890  3.9307794e+01  3.9174774e+01  3.0026326e+01
6.8383752e-01   3990317  3.5159003e+01  3.5312899e+01  2.6452115e+01
7.2424344e-01   4738457  3.1574153e+01  3.1402462e+01  2.2924035e+01
7.6703215e-01   5629661  2.8696282e+01  2.8807936e+01  2.0221221e+01
8.1235262e-01   6687903  2.6528658e+01  2.6418107e+01  1.7598936e+01
8.6035444e-01   7945758  2.5263726e+01  2.5283078e+01  1.5315356e+01
9.1118812e-01   9436555  2.5059094e+01  2.5120095e+01  1.3512352e+01
9.6501980e-01  11210320  2.6066721e+01  2.5943848e+01  1.1632579e+01
1.0220366e+00  13318613  2.8605386e+01  2.8664938e+01  1.0187678e+01
1.0824208e+00  15819192  3.3013937e+01  3.3028740e+01  8.9186131e+00
1.1463741e+00  18795348  3.9569774e+01  3.9423715e+01  7.7351447e+00
1.2141088e+00  22326034  4.7868510e+01  4.7761827e+01  6.7134526e+00
1.2858419e+00  26520842  5.7000475e+01  5.6940929e+01  5.8431007e+00
1.3618105e+00  31503438  6.4948879e+01  6.5021283e+01  5.0902666e+00
1.4422695e+00  37426927  6.9541816e+01  6.9584058e+01  4.4214303e+00
1.5275481e+00  44525830  7.0705865e+01  7.0740294e+01  3.8423159e+00
