# Power spectrum from CO𝘕CEPT job 4701058 at t = 11.277962 Gyr, a = 0.83333333
#
# Components:
#   0: matter  (upstream grid size 1024)
#
#                           grid size 1024
# ╭────────────────────────────────────────────────────────────────╮
#                         component 0    (corrected)      (linear)
#                        σ₈ = 7.29e-01  σ₈ = 7.29e-01  σ₈ = 6.73e-01
#  k [Mpc⁻¹]    modes       P [Mpc³]       P [Mpc³]       P [Mpc³]
3.0679616e-03         3  3.6491912e+04  3.6491912e+04  3.6486968e+04
5.8212951e-03        25  5.3124364e+04  5.3390235e+04  5.3355615e+04
1.0440195e-02       124  6.1027912e+04  6.1728568e+04  6.2337315e+04
1.6729547e-02       418  5.5251414e+04  5.5756301e+04  5.5736085e+04
2.3240110e-02       730  4.2150094e+04  4.2158393e+04  4.2934022e+04
2.9075630e-02      1012  3.3695299e+04  3.3613660e+04  3.3703086e+04
3.4544381e-02      1408  2.8358491e+04  2.8292490e+04  2.8262871e+04
3.9898901e-02      1841  2.4628429e+04  2.4608917e+04  2.5066864e+04
4.5580519e-02      2698  2.2293732e+04  2.2314327e+04  2.2571097e+04
5.1612543e-02      3532  1.9339507e+04  1.9369925e+04  1.9793790e+04
5.7899473e-02      4702  1.6231346e+04  1.6234427e+04  1.6544856e+04
6.4462744e-02      6019  1.3567296e+04  1.3535071e+04  1.3427530e+04
7.1309305e-02      7766  1.1405329e+04  1.1361784e+04  1.1175751e+04
7.8556104e-02     10012  1.0197033e+04  1.0174293e+04  9.9396599e+03
8.6194331e-02     12589  9.4621441e+03  9.4744158e+03  9.2368329e+03
9.4153926e-02     15650  8.5040262e+03  8.5277188e+03  8.3385298e+03
1.0254095e-01     19757  7.3168431e+03  7.3187769e+03  7.0056606e+03
1.1136076e-01     24241  6.2931303e+03  6.2708989e+03  5.6992608e+03
1.2060245e-01     29993  5.5126138e+03  5.4941316e+03  4.8645950e+03
1.3029316e-01     36494  4.9647439e+03  4.9673181e+03  4.3888921e+03
1.4046583e-01     44825  4.4666752e+03  4.4725739e+03  3.8927093e+03
1.5111985e-01     53906  4.0178425e+03  4.0081254e+03  3.3204433e+03
1.6229170e-01     65729  3.5986786e+03  3.5886217e+03  2.9060559e+03
1.7401323e-01     78746  3.2951654e+03  3.3014825e+03  2.6573810e+03
1.8625264e-01     94374  2.9885527e+03  2.9941524e+03  2.3464945e+03
1.9902230e-01    112166  2.6877968e+03  2.6823604e+03  1.9667707e+03
2.1238854e-01    134373  2.4334503e+03  2.4264261e+03  1.6893312e+03
2.2637810e-01    159077  2.2452355e+03  2.2428982e+03  1.5117468e+03
2.4096993e-01    188172  2.0620084e+03  2.0610016e+03  1.3641002e+03
2.5621802e-01    222492  1.9028255e+03  1.9046529e+03  1.2208375e+03
2.7214102e-01    261771  1.7621123e+03  1.7639074e+03  1.0686299e+03
2.8873063e-01    306759  1.6248330e+03  1.6211687e+03  9.1144010e+02
3.0605468e-01    360898  1.5095192e+03  1.5041722e+03  8.0149180e+02
3.2421519e-01    425046  1.4023444e+03  1.4030622e+03  7.3651768e+02
3.4337900e-01    505555  1.3071593e+03  1.3105014e+03  6.5948856e+02
3.6368055e-01    600292  1.2190143e+03  1.2174182e+03  5.6246667e+02
3.8517334e-01    712930  1.1383776e+03  1.1328502e+03  4.8909827e+02
4.0793004e-01    846715  1.0665888e+03  1.0674891e+03  4.4837744e+02
4.3202621e-01   1005596  9.9640369e+02  9.9973541e+02  3.9566602e+02
4.5754560e-01   1194719  9.3405168e+02  9.2901499e+02  3.3483918e+02
4.8457948e-01   1419743  8.7476300e+02  8.7367523e+02  3.0257566e+02
5.1321525e-01   1686576  8.2263121e+02  8.2619857e+02  2.6863911e+02
5.4354215e-01   2003484  7.7064571e+02  7.6497357e+02  2.2758219e+02
5.7565178e-01   2378778  7.2617970e+02  7.2811393e+02  2.0715504e+02
6.0966698e-01   2828400  6.8329059e+02  6.8308162e+02  1.7789549e+02
6.4568974e-01   3356890  6.4438139e+02  6.4220076e+02  1.5649533e+02
6.8383752e-01   3990317  6.0827048e+02  6.1093297e+02  1.3786673e+02
7.2424344e-01   4738457  5.7528338e+02  5.7215515e+02  1.1947857e+02
7.6703215e-01   5629661  5.4474789e+02  5.4686745e+02  1.0539165e+02
8.1235262e-01   6687903  5.1685714e+02  5.1470327e+02  9.1724457e+01
8.6035444e-01   7945758  4.9075632e+02  4.9113223e+02  7.9822570e+01
9.1118812e-01   9436555  4.6638828e+02  4.6752361e+02  7.0425423e+01
9.6501980e-01  11210320  4.4266824e+02  4.4058161e+02  6.0628165e+01
1.0220366e+00  13318613  4.1973583e+02  4.2060966e+02  5.3097430e+01
1.0824208e+00  15819192  3.9704820e+02  3.9722624e+02  4.6483142e+01
1.1463741e+00  18795348  3.7506083e+02  3.7367641e+02  4.0314981e+01
1.2141088e+00  22326034  3.5340375e+02  3.5261614e+02  3.4989988e+01
1.2858419e+00  26520842  3.3223170e+02  3.3188463e+02  3.0453771e+01
1.3618105e+00  31503438  3.1174011e+02  3.1208763e+02  2.6530050e+01
1.4422695e+00  37426927  2.9179056e+02  2.9196780e+02  2.3044120e+01
1.5275481e+00  44525830  2.7268975e+02  2.7282254e+02  2.0025815e+01
