# Power spectrum from CO𝘕CEPT job 4701058 at t = 2.8501215 Gyr, a = 0.3030303
#
# Components:
#   0: matter  (upstream grid size 1024)
#
#                           grid size 1024
# ╭────────────────────────────────────────────────────────────────╮
#                         component 0    (corrected)      (linear)
#                        σ₈ = 2.89e-01  σ₈ = 2.89e-01  σ₈ = 2.86e-01
#  k [Mpc⁻¹]    modes       P [Mpc³]       P [Mpc³]       P [Mpc³]
3.0679616e-03         3  6.5736175e+03  6.5736175e+03  6.5748270e+03
5.8212951e-03        25  9.5767079e+03  9.6246363e+03  9.6223101e+03
1.0440195e-02       124  1.1081871e+04  1.1209101e+04  1.1252090e+04
1.6729547e-02       418  9.9873998e+03  1.0078664e+04  1.0067171e+04
2.3240110e-02       730  7.7071646e+03  7.7086820e+03  7.7577517e+03
2.9075630e-02      1012  6.1080417e+03  6.0932429e+03  6.0910386e+03
3.4544381e-02      1408  5.1291979e+03  5.1172603e+03  5.1084848e+03
3.9898901e-02      1841  4.5057218e+03  4.5021520e+03  4.5311980e+03
4.5580519e-02      2698  4.0612427e+03  4.0649943e+03  4.0803202e+03
5.1612543e-02      3532  3.5437538e+03  3.5493275e+03  3.5784314e+03
5.7899473e-02      4702  2.9654508e+03  2.9660138e+03  2.9911890e+03
6.4462744e-02      6019  2.4296539e+03  2.4238831e+03  2.4276742e+03
7.1309305e-02      7766  2.0232050e+03  2.0154804e+03  2.0206059e+03
7.8556104e-02     10012  1.7980955e+03  1.7940856e+03  1.7971531e+03
8.6194331e-02     12589  1.6695353e+03  1.6717006e+03  1.6701045e+03
9.4153926e-02     15650  1.5018476e+03  1.5060318e+03  1.5077028e+03
1.0254095e-01     19757  1.2653076e+03  1.2656420e+03  1.2667185e+03
1.1136076e-01     24241  1.0435864e+03  1.0398997e+03  1.0305130e+03
1.2060245e-01     29993  8.9341124e+02  8.9041589e+02  8.7959935e+02
1.3029316e-01     36494  8.0012015e+02  8.0053500e+02  7.9358937e+02
1.4046583e-01     44825  7.1327431e+02  7.1421627e+02  7.0387447e+02
1.5111985e-01     53906  6.1529136e+02  6.1380328e+02  6.0040082e+02
1.6229170e-01     65729  5.3879497e+02  5.3728925e+02  5.2547353e+02
1.7401323e-01     78746  4.8961269e+02  4.9055132e+02  4.8050966e+02
1.8625264e-01     94374  4.3382122e+02  4.3463408e+02  4.2429611e+02
1.9902230e-01    112166  3.6967906e+02  3.6893134e+02  3.5563483e+02
2.1238854e-01    134373  3.2193330e+02  3.2100402e+02  3.0546837e+02
2.2637810e-01    159077  2.8899472e+02  2.8869387e+02  2.7335769e+02
2.4096993e-01    188172  2.5871720e+02  2.5859087e+02  2.4666026e+02
2.5621802e-01    222492  2.3240102e+02  2.3262422e+02  2.2075541e+02
2.7214102e-01    261771  2.0542733e+02  2.0563661e+02  1.9323302e+02
2.8873063e-01    306759  1.7973429e+02  1.7932896e+02  1.6480964e+02
3.0605468e-01    360898  1.6002357e+02  1.5945674e+02  1.4492855e+02
3.2421519e-01    425046  1.4527079e+02  1.4534514e+02  1.3317981e+02
3.4337900e-01    505555  1.2973696e+02  1.3006867e+02  1.1925121e+02
3.6368055e-01    600292  1.1460084e+02  1.1445079e+02  1.0170742e+02
3.8517334e-01    712930  1.0201387e+02  1.0151855e+02  8.8440708e+01
4.0793004e-01    846715  9.1654014e+01  9.1731376e+01  8.1077446e+01
4.3202621e-01   1005596  8.1858313e+01  8.2132026e+01  7.1545986e+01
4.5754560e-01   1194719  7.2367107e+01  7.1976882e+01  6.0547049e+01
4.8457948e-01   1419743  6.4574484e+01  6.4494185e+01  5.4713043e+01
5.1321525e-01   1686576  5.7556903e+01  5.7806500e+01  4.8576508e+01
5.4354215e-01   2003484  5.1095027e+01  5.0718955e+01  4.1152429e+01
5.7565178e-01   2378778  4.5492202e+01  4.5613374e+01  3.7458712e+01
6.0966698e-01   2828400  4.0396362e+01  4.0384007e+01  3.2167877e+01
6.4568974e-01   3356890  3.5924557e+01  3.5802986e+01  2.8298210e+01
6.8383752e-01   3990317  3.2049292e+01  3.2189577e+01  2.4929707e+01
7.2424344e-01   4738457  2.8702739e+01  2.8546662e+01  2.1604680e+01
7.6703215e-01   5629661  2.6015219e+01  2.6116442e+01  1.9057422e+01
8.1235262e-01   6687903  2.3992189e+01  2.3892207e+01  1.6586059e+01
8.6035444e-01   7945758  2.2825196e+01  2.2842680e+01  1.4433906e+01
9.1118812e-01   9436555  2.2663222e+01  2.2718391e+01  1.2734671e+01
9.6501980e-01  11210320  2.3655146e+01  2.3543641e+01  1.0963086e+01
1.0220366e+00  13318613  2.6129527e+01  2.6183925e+01  9.6013437e+00
1.0824208e+00  15819192  3.0453923e+01  3.0467578e+01  8.4053175e+00
1.1463741e+00  18795348  3.6986951e+01  3.6850425e+01  7.2899617e+00
1.2141088e+00  22326034  4.5470024e+01  4.5368687e+01  6.3270714e+00
1.2858419e+00  26520842  5.5133647e+01  5.5076051e+01  5.5068112e+00
1.3618105e+00  31503438  6.3909822e+01  6.3981068e+01  4.7973052e+00
1.4422695e+00  37426927  6.9209337e+01  6.9251377e+01  4.1669627e+00
1.5275481e+00  44525830  7.0554562e+01  7.0588918e+01  3.6211782e+00
