# Power spectrum from CO𝘕CEPT job 4701058 at t = 2.6133026 Gyr, a = 0.28571429
#
# Components:
#   0: matter  (upstream grid size 1024)
#
#                           grid size 1024
# ╭────────────────────────────────────────────────────────────────╮
#                         component 0    (corrected)      (linear)
#                        σ₈ = 2.72e-01  σ₈ = 2.72e-01  σ₈ = 2.70e-01
#  k [Mpc⁻¹]    modes       P [Mpc³]       P [Mpc³]       P [Mpc³]
3.0679616e-03         3  5.8653802e+03  5.8653802e+03  5.8662729e+03
5.8212951e-03        25  8.5453034e+03  8.5880700e+03  8.5858468e+03
1.0440195e-02       124  9.8912907e+03  1.0004852e+04  1.0040692e+04
1.6729547e-02       418  8.9124210e+03  8.9938626e+03  8.9836829e+03
2.3240110e-02       730  6.8806841e+03  6.8820388e+03  6.9229569e+03
2.9075630e-02      1012  5.4509726e+03  5.4377658e+03  5.4356510e+03
3.4544381e-02      1408  4.5769670e+03  4.5663146e+03  4.5588464e+03
3.9898901e-02      1841  4.0224555e+03  4.0192686e+03  4.0436882e+03
4.5580519e-02      2698  3.6249713e+03  3.6283199e+03  3.6413312e+03
5.1612543e-02      3532  3.1637526e+03  3.1687287e+03  3.1934465e+03
5.7899473e-02      4702  2.6472740e+03  2.6477766e+03  2.6693871e+03
6.4462744e-02      6019  2.1675676e+03  2.1624192e+03  2.1665000e+03
7.1309305e-02      7766  1.8046498e+03  1.7977597e+03  1.8032269e+03
7.8556104e-02     10012  1.6035700e+03  1.5999939e+03  1.6038147e+03
8.6194331e-02     12589  1.4887019e+03  1.4906326e+03  1.4904351e+03
9.4153926e-02     15650  1.3391466e+03  1.3428775e+03  1.3455053e+03
1.0254095e-01     19757  1.1276841e+03  1.1279821e+03  1.1304463e+03
1.1136076e-01     24241  9.2894318e+02  9.2566155e+02  9.1965194e+02
1.2060245e-01     29993  7.9471427e+02  7.9204983e+02  7.8497359e+02
1.3029316e-01     36494  7.1170389e+02  7.1207290e+02  7.0821658e+02
1.4046583e-01     44825  6.3405676e+02  6.3489410e+02  6.2815318e+02
1.5111985e-01     53906  5.4628054e+02  5.4495936e+02  5.3581110e+02
1.6229170e-01     65729  4.7805457e+02  4.7671859e+02  4.6894438e+02
1.7401323e-01     78746  4.3434938e+02  4.3518206e+02  4.2881767e+02
1.8625264e-01     94374  3.8453826e+02  3.8525877e+02  3.7865147e+02
1.9902230e-01    112166  3.2704592e+02  3.2638443e+02  3.1737662e+02
2.1238854e-01    134373  2.8428229e+02  2.8346170e+02  2.7260695e+02
2.2637810e-01    159077  2.5497435e+02  2.5470892e+02  2.4395066e+02
2.4096993e-01    188172  2.2813616e+02  2.2802476e+02  2.2012528e+02
2.5621802e-01    222492  2.0469239e+02  2.0488898e+02  1.9700721e+02
2.7214102e-01    261771  1.8063273e+02  1.8081674e+02  1.7244560e+02
2.8873063e-01    306759  1.5759081e+02  1.5723542e+02  1.4707992e+02
3.0605468e-01    360898  1.4007719e+02  1.3958102e+02  1.2933759e+02
3.2421519e-01    425046  1.2706989e+02  1.2713493e+02  1.1885275e+02
3.4337900e-01    505555  1.1333549e+02  1.1362526e+02  1.0642255e+02
3.6368055e-01    600292  9.9767752e+01  9.9637118e+01  9.0766058e+01
3.8517334e-01    712930  8.8560642e+01  8.8130640e+01  7.8926542e+01
4.0793004e-01    846715  7.9489711e+01  7.9556806e+01  7.2355398e+01
4.3202621e-01   1005596  7.0827536e+01  7.1064365e+01  6.3849303e+01
4.5754560e-01   1194719  6.2359834e+01  6.2023572e+01  5.4033596e+01
4.8457948e-01   1419743  5.5524106e+01  5.5455062e+01  4.8827195e+01
5.1321525e-01   1686576  4.9344247e+01  4.9558229e+01  4.3350808e+01
5.4354215e-01   2003484  4.3632704e+01  4.3311556e+01  3.6725387e+01
5.7565178e-01   2378778  3.8711736e+01  3.8814848e+01  3.3429029e+01
6.0966698e-01   2828400  3.4239889e+01  3.4229417e+01  2.8707364e+01
6.4568974e-01   3356890  3.0317878e+01  3.0215280e+01  2.5253984e+01
6.8383752e-01   3990317  2.6916541e+01  2.7034359e+01  2.2247853e+01
7.2424344e-01   4738457  2.3980303e+01  2.3849905e+01  1.9280522e+01
7.6703215e-01   5629661  2.1619410e+01  2.1703529e+01  1.7007289e+01
8.1235262e-01   6687903  1.9844383e+01  1.9761687e+01  1.4801787e+01
8.6035444e-01   7945758  1.8841258e+01  1.8855690e+01  1.2881156e+01
9.1118812e-01   9436555  1.8743674e+01  1.8789302e+01  1.1364719e+01
9.6501980e-01  11210320  1.9690962e+01  1.9598143e+01  9.7837151e+00
1.0220366e+00  13318613  2.2018563e+01  2.2064403e+01  8.5684646e+00
1.0824208e+00  15819192  2.6131940e+01  2.6143658e+01  7.5011029e+00
1.1463741e+00  18795348  3.2519923e+01  3.2399886e+01  6.5057333e+00
1.2141088e+00  22326034  4.1204867e+01  4.1113036e+01  5.6464275e+00
1.2858419e+00  26520842  5.1758888e+01  5.1704817e+01  4.9144081e+00
1.3618105e+00  31503438  6.2164576e+01  6.2233876e+01  4.2812284e+00
1.4422695e+00  37426927  6.9065106e+01  6.9107058e+01  3.7186959e+00
1.5275481e+00  44525830  7.0897895e+01  7.0932418e+01  3.2316251e+00
