# Power spectrum from CO𝘕CEPT job 4701058 at t = 5.469032 Gyr, a = 0.47619048
#
# Components:
#   0: matter  (upstream grid size 1024)
#
#                           grid size 1024
# ╭────────────────────────────────────────────────────────────────╮
#                         component 0    (corrected)      (linear)
#                        σ₈ = 4.51e-01  σ₈ = 4.51e-01  σ₈ = 4.36e-01
#  k [Mpc⁻¹]    modes       P [Mpc³]       P [Mpc³]       P [Mpc³]
3.0679616e-03         3  1.5311566e+04  1.5311566e+04  1.5302513e+04
5.8212951e-03        25  2.2299247e+04  2.2410848e+04  2.2385898e+04
1.0440195e-02       124  2.5732288e+04  2.6027718e+04  2.6165838e+04
1.6729547e-02       418  2.3237005e+04  2.3449345e+04  2.3403250e+04
2.3240110e-02       730  1.7854437e+04  1.7857952e+04  1.8031478e+04
2.9075630e-02      1012  1.4199878e+04  1.4165474e+04  1.4156265e+04
3.4544381e-02      1408  1.1935405e+04  1.1907626e+04  1.1872067e+04
3.9898901e-02      1841  1.0438692e+04  1.0430422e+04  1.0530079e+04
4.5580519e-02      2698  9.4253768e+03  9.4340837e+03  9.4820233e+03
5.1612543e-02      3532  8.2069359e+03  8.2198441e+03  8.3155390e+03
5.7899473e-02      4702  6.8739143e+03  6.8752194e+03  6.9507972e+03
6.4462744e-02      6019  5.6713769e+03  5.6579065e+03  5.6412554e+03
7.1309305e-02      7766  4.7347475e+03  4.7166703e+03  4.6952935e+03
7.8556104e-02     10012  4.2163721e+03  4.2069692e+03  4.1760219e+03
8.6194331e-02     12589  3.9177473e+03  3.9228283e+03  3.8807762e+03
9.4153926e-02     15650  3.5247504e+03  3.5345706e+03  3.5033898e+03
1.0254095e-01     19757  2.9886304e+03  2.9894202e+03  2.9434114e+03
1.1136076e-01     24241  2.4999902e+03  2.4911587e+03  2.3945439e+03
1.2060245e-01     29993  2.1573458e+03  2.1501128e+03  2.0438686e+03
1.3029316e-01     36494  1.9342570e+03  1.9352599e+03  1.8440082e+03
1.4046583e-01     44825  1.7330433e+03  1.7353320e+03  1.6355406e+03
1.5111985e-01     53906  1.5170626e+03  1.5133936e+03  1.3951042e+03
1.6229170e-01     65729  1.3387455e+03  1.3350042e+03  1.2209997e+03
1.7401323e-01     78746  1.2189047e+03  1.2212415e+03  1.1165195e+03
1.8625264e-01     94374  1.0899005e+03  1.0919427e+03  9.8589979e+02
1.9902230e-01    112166  9.4794320e+02  9.4602587e+02  8.2635682e+02
2.1238854e-01    134373  8.4029606e+02  8.3787051e+02  7.0978894e+02
2.2637810e-01    159077  7.6178759e+02  7.6099456e+02  6.3517585e+02
2.4096993e-01    188172  6.8734996e+02  6.8701434e+02  5.7314118e+02
2.5621802e-01    222492  6.2479109e+02  6.2539112e+02  5.1294825e+02
2.7214102e-01    261771  5.6249590e+02  5.6306893e+02  4.4899690e+02
2.8873063e-01    306759  5.0446411e+02  5.0332646e+02  3.8295208e+02
3.0605468e-01    360898  4.5650862e+02  4.5489159e+02  3.3675622e+02
3.2421519e-01    425046  4.1858273e+02  4.1879697e+02  3.0945674e+02
3.4337900e-01    505555  3.7987776e+02  3.8084901e+02  2.7709216e+02
3.6368055e-01    600292  3.4495924e+02  3.4450756e+02  2.3632732e+02
3.8517334e-01    712930  3.1461874e+02  3.1309112e+02  2.0550076e+02
4.0793004e-01    846715  2.8685098e+02  2.8709310e+02  1.8839145e+02
4.3202621e-01   1005596  2.6177727e+02  2.6265259e+02  1.6624413e+02
4.5754560e-01   1194719  2.3867602e+02  2.3738901e+02  1.4068699e+02
4.8457948e-01   1419743  2.1798721e+02  2.1771614e+02  1.2713109e+02
5.1321525e-01   1686576  1.9946997e+02  2.0033498e+02  1.1287224e+02
5.4354215e-01   2003484  1.8264575e+02  1.8130144e+02  9.5621652e+01
5.7565178e-01   2378778  1.6741639e+02  1.6786232e+02  8.7038933e+01
6.0966698e-01   2828400  1.5379597e+02  1.5374893e+02  7.4745157e+01
6.4568974e-01   3356890  1.4151246e+02  1.4103358e+02  6.5753606e+01
6.8383752e-01   3990317  1.3083692e+02  1.3140961e+02  5.7926559e+01
7.2424344e-01   4738457  1.2153845e+02  1.2087756e+02  5.0200534e+01
7.6703215e-01   5629661  1.1387548e+02  1.1431856e+02  4.4281732e+01
8.1235262e-01   6687903  1.0784370e+02  1.0739429e+02  3.8539280e+01
8.6035444e-01   7945758  1.0349734e+02  1.0357662e+02  3.3538545e+01
9.1118812e-01   9436555  1.0093618e+02  1.0118189e+02  2.9590209e+01
9.6501980e-01  11210320  1.0008327e+02  9.9611501e+01  2.5473760e+01
1.0220366e+00  13318613  1.0056006e+02  1.0076941e+02  2.2309621e+01
1.0824208e+00  15819192  1.0200750e+02  1.0205324e+02  1.9530539e+01
1.1463741e+00  18795348  1.0369705e+02  1.0331429e+02  1.6938903e+01
1.2141088e+00  22326034  1.0488555e+02  1.0465180e+02  1.4701535e+01
1.2858419e+00  26520842  1.0506756e+02  1.0495780e+02  1.2795582e+01
1.3618105e+00  31503438  1.0436566e+02  1.0448201e+02  1.1146978e+01
1.4422695e+00  37426927  1.0289888e+02  1.0296138e+02  9.6823166e+00
1.5275481e+00  44525830  1.0105697e+02  1.0110618e+02  8.4141346e+00
