# Power spectrum from CO𝘕CEPT job 4592838 at t = 4.0358434 Gyr, a = 0.38461538
#
# Components:
#   0: matter  (upstream grid size 1024)
#
#                           grid size 1024
# ╭────────────────────────────────────────────────────────────────╮
#                         component 0    (corrected)      (linear)
#                        σ₈ = 3.62e-01  σ₈ = 3.62e-01  σ₈ = 3.56e-01
#  k [Mpc⁻¹]    modes       P [Mpc³]       P [Mpc³]       P [Mpc³]
3.0679616e-03         3  1.0355255e+04  1.0355255e+04  1.0355934e+04
5.8212951e-03        25  1.5082798e+04  1.5158282e+04  1.5152036e+04
1.0440195e-02       124  1.7426122e+04  1.7626190e+04  1.7710647e+04
1.6729547e-02       418  1.5707033e+04  1.5850564e+04  1.5829672e+04
2.3240110e-02       730  1.2072211e+04  1.2074587e+04  1.2172695e+04
2.9075630e-02      1012  9.5559850e+03  9.5328323e+03  9.5286334e+03
3.4544381e-02      1408  8.0010558e+03  7.9824343e+03  7.9636427e+03
3.9898901e-02      1841  6.9897019e+03  6.9841642e+03  7.0390576e+03
4.5580519e-02      2698  6.2848568e+03  6.2906625e+03  6.3173683e+03
5.1612543e-02      3532  5.4625718e+03  5.4711635e+03  5.5235780e+03
5.7899473e-02      4702  4.5620258e+03  4.5628920e+03  4.6057550e+03
6.4462744e-02      6019  3.7448821e+03  3.7359874e+03  3.7328461e+03
7.1309305e-02      7766  3.1235496e+03  3.1116240e+03  3.1089474e+03
7.8556104e-02     10012  2.7861382e+03  2.7799248e+03  2.7735164e+03
8.6194331e-02     12589  2.5979109e+03  2.6012802e+03  2.5883766e+03
9.4153926e-02     15650  2.3441183e+03  2.3506491e+03  2.3444544e+03
1.0254095e-01     19757  1.9814979e+03  1.9820216e+03  1.9712867e+03
1.1136076e-01     24241  1.6405459e+03  1.6347504e+03  1.5993784e+03
1.2060245e-01     29993  1.4025820e+03  1.3978795e+03  1.3573133e+03
1.3029316e-01     36494  1.2500462e+03  1.2506943e+03  1.2167926e+03
1.4046583e-01     44825  1.1137315e+03  1.1152023e+03  1.0747201e+03
1.5111985e-01     53906  9.6725492e+02  9.6491563e+02  9.1721419e+02
1.6229170e-01     65729  8.5345664e+02  8.5107156e+02  8.0815395e+02
1.7401323e-01     78746  7.8023149e+02  7.8172727e+02  7.4524684e+02
1.8625264e-01     94374  6.9541942e+02  6.9672244e+02  6.5967089e+02
1.9902230e-01    112166  5.9610684e+02  5.9490114e+02  5.5046061e+02
2.1238854e-01    134373  5.2042354e+02  5.1892132e+02  4.6686766e+02
2.2637810e-01    159077  4.6774067e+02  4.6725375e+02  4.1580981e+02
2.4096993e-01    188172  4.2108213e+02  4.2087652e+02  3.7701598e+02
2.5621802e-01    222492  3.8217429e+02  3.8254132e+02  3.4231366e+02
2.7214102e-01    261771  3.4097546e+02  3.4132281e+02  3.0049627e+02
2.8873063e-01    306759  3.0090903e+02  3.0023043e+02  2.5349974e+02
3.0605468e-01    360898  2.6897861e+02  2.6802584e+02  2.1980289e+02
3.2421519e-01    425046  2.4547467e+02  2.4560031e+02  2.0326685e+02
3.4337900e-01    505555  2.2134083e+02  2.2190675e+02  1.8528278e+02
3.6368055e-01    600292  1.9820628e+02  1.9794675e+02  1.5753555e+02
3.8517334e-01    712930  1.7814263e+02  1.7727766e+02  1.3419560e+02
4.0793004e-01    846715  1.6100812e+02  1.6114402e+02  1.2372878e+02
4.3202621e-01   1005596  1.4545201e+02  1.4593837e+02  1.1138041e+02
4.5754560e-01   1194719  1.3059135e+02  1.2988716e+02  9.2782578e+01
4.8457948e-01   1419743  1.1771461e+02  1.1756824e+02  8.3025687e+01
5.1321525e-01   1686576  1.0632262e+02  1.0678370e+02  7.5478937e+01
5.4354215e-01   2003484  9.5832059e+01  9.5126712e+01  6.2869023e+01
5.7565178e-01   2378778  8.6599165e+01  8.6829828e+01  5.7173676e+01
6.0966698e-01   2828400  7.8192424e+01  7.8168509e+01  4.9889420e+01
6.4568974e-01   3356890  7.0741478e+01  7.0502084e+01  4.2921820e+01
6.8383752e-01   3990317  6.4337505e+01  6.4619120e+01  3.8664947e+01
7.2424344e-01   4738457  5.8754501e+01  5.8435011e+01  3.2799183e+01
7.6703215e-01   5629661  5.4269771e+01  5.4480930e+01  2.9502264e+01
8.1235262e-01   6687903  5.0866851e+01  5.0654876e+01  2.5196348e+01
8.6035444e-01   7945758  4.8694468e+01  4.8731767e+01  2.2288656e+01
9.1118812e-01   9436555  4.7971365e+01  4.8088141e+01  1.9465450e+01
9.6501980e-01  11210320  4.8806402e+01  4.8576340e+01  1.6777930e+01
1.0220366e+00  13318613  5.1327025e+01  5.1433880e+01  1.4806858e+01
1.0824208e+00  15819192  5.5554199e+01  5.5579109e+01  1.2859448e+01
1.1463741e+00  18795348  6.1143098e+01  6.0917408e+01  1.1124138e+01
1.2141088e+00  22326034  6.7067879e+01  6.6918408e+01  9.7034847e+00
1.2858419e+00  26520842  7.2216380e+01  7.2140939e+01  8.4581275e+00
1.3618105e+00  31503438  7.5664961e+01  7.5749311e+01  7.3656820e+00
1.4422695e+00  37426927  7.7200850e+01  7.7247744e+01  6.3969103e+00
1.5275481e+00  44525830  7.7510260e+01  7.7548002e+01  5.5527692e+00
