# Power spectrum from CO𝘕CEPT job 4592838 at t = 7.9068012 Gyr, a = 0.625
#
# Components:
#   0: matter  (upstream grid size 1024)
#
#                           grid size 1024
# ╭────────────────────────────────────────────────────────────────╮
#                         component 0    (corrected)      (linear)
#                        σ₈ = 5.73e-01  σ₈ = 5.73e-01  σ₈ = 5.43e-01
#  k [Mpc⁻¹]    modes       P [Mpc³]       P [Mpc³]       P [Mpc³]
3.0679616e-03         3  2.4202333e+04  2.4202333e+04  2.4192196e+04
5.8212951e-03        25  3.5239608e+04  3.5415971e+04  3.5381998e+04
1.0440195e-02       124  4.0571384e+04  4.1037180e+04  4.1338529e+04
1.6729547e-02       418  3.6653641e+04  3.6988581e+04  3.6936016e+04
2.3240110e-02       730  2.8015471e+04  2.8020986e+04  2.8397726e+04
2.9075630e-02      1012  2.2272432e+04  2.2218469e+04  2.2227165e+04
3.4544381e-02      1408  1.8670331e+04  1.8626878e+04  1.8575408e+04
3.9898901e-02      1841  1.6220470e+04  1.6207619e+04  1.6418093e+04
4.5580519e-02      2698  1.4616593e+04  1.4630096e+04  1.4734326e+04
5.1612543e-02      3532  1.2669773e+04  1.2689700e+04  1.2882604e+04
5.7899473e-02      4702  1.0596886e+04  1.0598898e+04  1.0741763e+04
6.4462744e-02      6019  8.7842482e+03  8.7633842e+03  8.7057907e+03
7.1309305e-02      7766  7.3584937e+03  7.3303992e+03  7.2506391e+03
7.8556104e-02     10012  6.5803632e+03  6.5656883e+03  6.4682892e+03
8.6194331e-02     12589  6.1326475e+03  6.1406011e+03  6.0364655e+03
9.4153926e-02     15650  5.5303543e+03  5.5457622e+03  5.4675688e+03
1.0254095e-01     19757  4.7206703e+03  4.7219179e+03  4.5972692e+03
1.1136076e-01     24241  3.9899107e+03  3.9758158e+03  3.7299195e+03
1.2060245e-01     29993  3.4529055e+03  3.4413289e+03  3.1653865e+03
1.3029316e-01     36494  3.0886355e+03  3.0902369e+03  2.8376699e+03
1.4046583e-01     44825  2.7669096e+03  2.7705636e+03  2.5063374e+03
1.5111985e-01     53906  2.4534426e+03  2.4475090e+03  2.1390158e+03
1.6229170e-01     65729  2.1851817e+03  2.1790750e+03  1.8846752e+03
1.7401323e-01     78746  1.9995492e+03  2.0033825e+03  1.7379684e+03
1.8625264e-01     94374  1.8018838e+03  1.8052601e+03  1.5383971e+03
1.9902230e-01    112166  1.5886829e+03  1.5854696e+03  1.2837099e+03
2.1238854e-01    134373  1.4195515e+03  1.4154539e+03  1.0887646e+03
2.2637810e-01    159077  1.2958942e+03  1.2945452e+03  9.6969365e+02
2.4096993e-01    188172  1.1790814e+03  1.1785057e+03  8.7922342e+02
2.5621802e-01    222492  1.0813856e+03  1.0824242e+03  7.9829505e+02
2.7214102e-01    261771  9.8757242e+02  9.8857848e+02  7.0077409e+02
2.8873063e-01    306759  8.9696252e+02  8.9493972e+02  5.9117526e+02
3.0605468e-01    360898  8.2092427e+02  8.1801643e+02  5.1259213e+02
3.2421519e-01    425046  7.5784806e+02  7.5823595e+02  4.7402902e+02
3.4337900e-01    505555  6.9691281e+02  6.9869466e+02  4.3208906e+02
3.6368055e-01    600292  6.4140240e+02  6.4056256e+02  3.6738097e+02
3.8517334e-01    712930  5.9232667e+02  5.8945065e+02  3.1295092e+02
4.0793004e-01    846715  5.4731355e+02  5.4777552e+02  2.8854170e+02
4.3202621e-01   1005596  5.0568766e+02  5.0737854e+02  2.5974461e+02
4.5754560e-01   1194719  4.6771452e+02  4.6519246e+02  2.1637351e+02
4.8457948e-01   1419743  4.3298390e+02  4.3244548e+02  1.9361992e+02
5.1321525e-01   1686576  4.0167217e+02  4.0341403e+02  1.7602050e+02
5.4354215e-01   2003484  3.7285366e+02  3.7010936e+02  1.4661355e+02
5.7565178e-01   2378778  3.4684673e+02  3.4777057e+02  1.3333171e+02
6.0966698e-01   2828400  3.2335860e+02  3.2325971e+02  1.1634447e+02
6.4568974e-01   3356890  3.0202539e+02  3.0100331e+02  1.0009568e+02
6.8383752e-01   3990317  2.8298844e+02  2.8422712e+02  9.0168446e+01
7.2424344e-01   4738457  2.6615401e+02  2.6470674e+02  7.6489204e+01
7.6703215e-01   5629661  2.5163692e+02  2.5261602e+02  6.8800627e+01
8.1235262e-01   6687903  2.3919701e+02  2.3820021e+02  5.8759028e+01
8.6035444e-01   7945758  2.2877671e+02  2.2895195e+02  5.1978151e+01
9.1118812e-01   9436555  2.2023899e+02  2.2077512e+02  4.5394300e+01
9.6501980e-01  11210320  2.1274757e+02  2.1174473e+02  3.9126878e+01
1.0220366e+00  13318613  2.0615828e+02  2.0658747e+02  3.4530246e+01
1.0824208e+00  15819192  1.9973010e+02  1.9981966e+02  2.9988795e+01
1.1463741e+00  18795348  1.9334104e+02  1.9262739e+02  2.5941974e+01
1.2141088e+00  22326034  1.8663022e+02  1.8621428e+02  2.2628944e+01
1.2858419e+00  26520842  1.7950179e+02  1.7931427e+02  1.9724713e+01
1.3618105e+00  31503438  1.7212087e+02  1.7231274e+02  1.7177080e+01
1.4422695e+00  37426927  1.6472851e+02  1.6482857e+02  1.4917861e+01
1.5275481e+00  44525830  1.5733684e+02  1.5741345e+02  1.2949285e+01
