# Power spectrum from CO𝘕CEPT job 4592838 at t = 3.8214654 Gyr, a = 0.37037037
#
# Components:
#   0: matter  (upstream grid size 1024)
#
#                           grid size 1024
# ╭────────────────────────────────────────────────────────────────╮
#                         component 0    (corrected)      (linear)
#                        σ₈ = 3.49e-01  σ₈ = 3.49e-01  σ₈ = 3.43e-01
#  k [Mpc⁻¹]    modes       P [Mpc³]       P [Mpc³]       P [Mpc³]
3.0679616e-03         3  9.6460217e+03  9.6460217e+03  9.6472604e+03
5.8212951e-03        25  1.4050149e+04  1.4120466e+04  1.4115660e+04
1.0440195e-02       124  1.6236779e+04  1.6423192e+04  1.6499883e+04
1.6729547e-02       418  1.4632566e+04  1.4766278e+04  1.4747877e+04
2.3240110e-02       730  1.1250395e+04  1.1252610e+04  1.1340977e+04
2.9075630e-02      1012  8.9028226e+03  8.8812525e+03  8.8776400e+03
3.4544381e-02      1408  7.4535627e+03  7.4362153e+03  7.4196021e+03
3.9898901e-02      1841  6.5137624e+03  6.5086017e+03  6.5582002e+03
4.5580519e-02      2698  5.8560329e+03  5.8614426e+03  5.8858249e+03
5.1612543e-02      3532  5.0907133e+03  5.0987202e+03  5.1462679e+03
5.7899473e-02      4702  4.2511345e+03  4.2519417e+03  4.2911462e+03
6.4462744e-02      6019  3.4876528e+03  3.4793690e+03  3.4778673e+03
7.1309305e-02      7766  2.9084062e+03  2.8973020e+03  2.8965875e+03
7.8556104e-02     10012  2.5938497e+03  2.5880651e+03  2.5840702e+03
8.6194331e-02     12589  2.4185075e+03  2.4216441e+03  2.4115777e+03
9.4153926e-02     15650  2.1822506e+03  2.1883304e+03  2.1843176e+03
1.0254095e-01     19757  1.8437379e+03  1.8442252e+03  1.8366395e+03
1.1136076e-01     24241  1.5247029e+03  1.5193167e+03  1.4901346e+03
1.2060245e-01     29993  1.3026155e+03  1.2982482e+03  1.2646038e+03
1.3029316e-01     36494  1.1607695e+03  1.1613714e+03  1.1336814e+03
1.4046583e-01     44825  1.0336884e+03  1.0350535e+03  1.0013131e+03
1.5111985e-01     53906  8.9667009e+02  8.9450151e+02  8.5456550e+02
1.6229170e-01     65729  7.9076350e+02  7.8855363e+02  7.5295452e+02
1.7401323e-01     78746  7.2292070e+02  7.2430660e+02  6.9434423e+02
1.8625264e-01     94374  6.4390008e+02  6.4510656e+02  6.1461343e+02
1.9902230e-01    112166  5.5094787e+02  5.4983351e+02  5.1286258e+02
2.1238854e-01    134373  4.8016030e+02  4.7877430e+02  4.3497929e+02
2.2637810e-01    159077  4.3114573e+02  4.3069690e+02  3.8740886e+02
2.4096993e-01    188172  3.8794995e+02  3.8776052e+02  3.5126477e+02
2.5621802e-01    222492  3.5186574e+02  3.5220366e+02  3.1893273e+02
2.7214102e-01    261771  3.1349696e+02  3.1381633e+02  2.7997158e+02
2.8873063e-01    306759  2.7599890e+02  2.7537648e+02  2.3618505e+02
3.0605468e-01    360898  2.4630498e+02  2.4543253e+02  2.0478979e+02
3.2421519e-01    425046  2.2462297e+02  2.2473794e+02  1.8938321e+02
3.4337900e-01    505555  2.0234461e+02  2.0286196e+02  1.7262750e+02
3.6368055e-01    600292  1.8076002e+02  1.8052333e+02  1.4677548e+02
3.8517334e-01    712930  1.6207413e+02  1.6128718e+02  1.2502971e+02
4.0793004e-01    846715  1.4631989e+02  1.4644340e+02  1.1527780e+02
4.3202621e-01   1005596  1.3197478e+02  1.3241607e+02  1.0377285e+02
4.5754560e-01   1194719  1.1815964e+02  1.1752248e+02  8.6445302e+01
4.8457948e-01   1419743  1.0628623e+02  1.0615406e+02  7.7354831e+01
5.1321525e-01   1686576  9.5796076e+01  9.6211498e+01  7.0323543e+01
5.4354215e-01   2003484  8.6113526e+01  8.5479710e+01  5.8574918e+01
5.7565178e-01   2378778  7.7618948e+01  7.7825692e+01  5.3268577e+01
6.0966698e-01   2828400  6.9882453e+01  6.9861081e+01  4.6481853e+01
6.4568974e-01   3356890  6.3036619e+01  6.2823299e+01  3.9990158e+01
6.8383752e-01   3990317  5.7150753e+01  5.7400910e+01  3.6024040e+01
7.2424344e-01   4738457  5.2027914e+01  5.1745001e+01  3.0558922e+01
7.6703215e-01   5629661  4.7916156e+01  4.8102592e+01  2.7487190e+01
8.1235262e-01   6687903  4.4804462e+01  4.4617751e+01  2.3475379e+01
8.6035444e-01   7945758  4.2855257e+01  4.2888083e+01  2.0766289e+01
9.1118812e-01   9436555  4.2278414e+01  4.2381332e+01  1.8135914e+01
9.6501980e-01  11210320  4.3201565e+01  4.2997923e+01  1.5631958e+01
1.0220366e+00  13318613  4.5809404e+01  4.5904772e+01  1.3795515e+01
1.0824208e+00  15819192  5.0198814e+01  5.0221323e+01  1.1981118e+01
1.1463741e+00  18795348  5.6144354e+01  5.5937115e+01  1.0364334e+01
1.2141088e+00  22326034  6.2677433e+01  6.2537747e+01  9.0407148e+00
1.2858419e+00  26520842  6.8639824e+01  6.8568118e+01  7.8804184e+00
1.3618105e+00  31503438  7.2848052e+01  7.2929262e+01  6.8625895e+00
1.4422695e+00  37426927  7.4848577e+01  7.4894042e+01  5.9599872e+00
1.5275481e+00  44525830  7.5344189e+01  7.5380876e+01  5.1735029e+00
