# Power spectrum from CO𝘕CEPT job 4592838 at t = 4.270349 Gyr, a = 0.4
#
# Components:
#   0: matter  (upstream grid size 1024)
#
#                           grid size 1024
# ╭────────────────────────────────────────────────────────────────╮
#                         component 0    (corrected)      (linear)
#                        σ₈ = 3.77e-01  σ₈ = 3.77e-01  σ₈ = 3.69e-01
#  k [Mpc⁻¹]    modes       P [Mpc³]       P [Mpc³]       P [Mpc³]
3.0679616e-03         3  1.1142112e+04  1.1142112e+04  1.1141845e+04
5.8212951e-03        25  1.6228435e+04  1.6309653e+04  1.6301329e+04
1.0440195e-02       124  1.8745129e+04  1.8960340e+04  1.9053279e+04
1.6729547e-02       418  1.6898919e+04  1.7053341e+04  1.7029253e+04
2.3240110e-02       730  1.2983312e+04  1.2985869e+04  1.3094954e+04
2.9075630e-02      1012  1.0280433e+04  1.0255525e+04  1.0250487e+04
3.4544381e-02      1408  8.6083765e+03  8.5883415e+03  8.5668979e+03
3.9898901e-02      1841  7.5173486e+03  7.5113929e+03  7.5722503e+03
4.5580519e-02      2698  6.7603768e+03  6.7666218e+03  6.7958782e+03
5.1612543e-02      3532  5.8748076e+03  5.8840477e+03  5.9419512e+03
5.7899473e-02      4702  4.9067327e+03  4.9076643e+03  4.9546023e+03
6.4462744e-02      6019  4.0303913e+03  4.0208185e+03  4.0155735e+03
7.1309305e-02      7766  3.3624614e+03  3.3496237e+03  3.3444175e+03
7.8556104e-02     10012  2.9997280e+03  2.9930383e+03  2.9835791e+03
8.6194331e-02     12589  2.7971723e+03  2.8008000e+03  2.7844155e+03
9.4153926e-02     15650  2.5238943e+03  2.5309260e+03  2.5220179e+03
1.0254095e-01     19757  2.1346655e+03  2.1352296e+03  2.1205865e+03
1.1136076e-01     24241  1.7696322e+03  1.7633807e+03  1.7205104e+03
1.2060245e-01     29993  1.5141216e+03  1.5090452e+03  1.4601117e+03
1.3029316e-01     36494  1.3496988e+03  1.3503986e+03  1.3089481e+03
1.4046583e-01     44825  1.2031235e+03  1.2047123e+03  1.1561153e+03
1.5111985e-01     53906  1.0462597e+03  1.0437293e+03  9.8668036e+02
1.6229170e-01     65729  9.2369822e+02  9.2111685e+02  8.6936021e+02
1.7401323e-01     78746  8.4444708e+02  8.4606596e+02  8.0168869e+02
1.8625264e-01     94374  7.5321272e+02  7.5462402e+02  7.0963151e+02
1.9902230e-01    112166  6.4690835e+02  6.4559989e+02  5.9215007e+02
2.1238854e-01    134373  5.6582267e+02  5.6418940e+02  5.0222612e+02
2.2637810e-01    159077  5.0906763e+02  5.0853769e+02  4.4730135e+02
2.4096993e-01    188172  4.5854003e+02  4.5831613e+02  4.0556944e+02
2.5621802e-01    222492  4.1647681e+02  4.1687678e+02  3.6823891e+02
2.7214102e-01    261771  3.7214752e+02  3.7252663e+02  3.2325444e+02
2.8873063e-01    306759  3.2923730e+02  3.2849482e+02  2.7269861e+02
3.0605468e-01    360898  2.9481698e+02  2.9377269e+02  2.3644971e+02
3.2421519e-01    425046  2.6926965e+02  2.6940747e+02  2.1866131e+02
3.4337900e-01    505555  2.4306403e+02  2.4368549e+02  1.9931520e+02
3.6368055e-01    600292  2.1820017e+02  2.1791446e+02  1.6946653e+02
3.8517334e-01    712930  1.9659823e+02  1.9564365e+02  1.4435892e+02
4.0793004e-01    846715  1.7791580e+02  1.7806597e+02  1.3309940e+02
4.3202621e-01   1005596  1.6100025e+02  1.6153860e+02  1.1981582e+02
4.5754560e-01   1194719  1.4496322e+02  1.4418154e+02  9.9809473e+01
4.8457948e-01   1419743  1.3095923e+02  1.3079638e+02  8.9313642e+01
5.1321525e-01   1686576  1.1855320e+02  1.1906731e+02  8.1195337e+01
5.4354215e-01   2003484  1.0715338e+02  1.0636471e+02  6.7630410e+01
5.7565178e-01   2378778  9.7082051e+01  9.7340635e+01  6.1503725e+01
6.0966698e-01   2828400  8.7923828e+01  8.7896937e+01  5.3667795e+01
6.4568974e-01   3356890  7.9789125e+01  7.9519113e+01  4.6172504e+01
6.8383752e-01   3990317  7.2796589e+01  7.3115231e+01  4.1593237e+01
7.2424344e-01   4738457  6.6691411e+01  6.6328762e+01  3.5283229e+01
7.6703215e-01   5629661  6.1779724e+01  6.2020103e+01  3.1736617e+01
8.1235262e-01   6687903  5.8039648e+01  5.7797783e+01  2.7104593e+01
8.6035444e-01   7945758  5.5603389e+01  5.5645980e+01  2.3976686e+01
9.1118812e-01   9436555  5.4692178e+01  5.4825315e+01  2.0939664e+01
9.6501980e-01  11210320  5.5394581e+01  5.5133464e+01  1.8048605e+01
1.0220366e+00  13318613  5.7763914e+01  5.7884170e+01  1.5928254e+01
1.0824208e+00  15819192  6.1741502e+01  6.1769186e+01  1.3833357e+01
1.1463741e+00  18795348  6.6869183e+01  6.6622357e+01  1.1966624e+01
1.2141088e+00  22326034  7.2098144e+01  7.1937462e+01  1.0438377e+01
1.2858419e+00  26520842  7.6396170e+01  7.6316361e+01  9.0987023e+00
1.3618105e+00  31503438  7.9095312e+01  7.9183486e+01  7.9235205e+00
1.4422695e+00  37426927  8.0165646e+01  8.0214341e+01  6.8813789e+00
1.5275481e+00  44525830  8.0246632e+01  8.0285707e+01  5.9733068e+00
