# Power spectrum from CO𝘕CEPT job 4592838 at t = 2.5067588 Gyr, a = 0.27777778
#
# Components:
#   0: matter  (upstream grid size 1024)
#
#                           grid size 1024
# ╭────────────────────────────────────────────────────────────────╮
#                         component 0    (corrected)      (linear)
#                        σ₈ = 2.62e-01  σ₈ = 2.62e-01  σ₈ = 2.60e-01
#  k [Mpc⁻¹]    modes       P [Mpc³]       P [Mpc³]       P [Mpc³]
3.0679616e-03         3  5.5527581e+03  5.5527581e+03  5.5535000e+03
5.8212951e-03        25  8.0897324e+03  8.1302190e+03  8.1280604e+03
1.0440195e-02       124  9.3632429e+03  9.4707415e+03  9.5037480e+03
1.6729547e-02       418  8.4283786e+03  8.5053970e+03  8.4962231e+03
2.3240110e-02       730  6.4955195e+03  6.4967984e+03  6.5341827e+03
2.9075630e-02      1012  5.1298400e+03  5.1174112e+03  5.1151817e+03
3.4544381e-02      1408  4.2924052e+03  4.2824151e+03  4.2752126e+03
3.9898901e-02      1841  3.7601929e+03  3.7572138e+03  3.7789475e+03
4.5580519e-02      2698  3.3771085e+03  3.3802281e+03  3.3915666e+03
5.1612543e-02      3532  2.9390149e+03  2.9436375e+03  2.9654501e+03
5.7899473e-02      4702  2.4532081e+03  2.4536738e+03  2.4727231e+03
6.4462744e-02      6019  2.0054126e+03  2.0006494e+03  2.0040948e+03
7.1309305e-02      7766  1.6705627e+03  1.6641845e+03  1.6691460e+03
7.8556104e-02     10012  1.4885352e+03  1.4852156e+03  1.4890658e+03
8.6194331e-02     12589  1.3871990e+03  1.3889981e+03  1.3896723e+03
9.4153926e-02     15650  1.2516869e+03  1.2551742e+03  1.2587172e+03
1.0254095e-01     19757  1.0545624e+03  1.0548411e+03  1.0583696e+03
1.1136076e-01     24241  8.6601009e+02  8.6295078e+02  8.5869666e+02
1.2060245e-01     29993  7.3672584e+02  7.3425581e+02  7.2873472e+02
1.3029316e-01     36494  6.5601301e+02  6.5635314e+02  6.5329087e+02
1.4046583e-01     44825  5.8215422e+02  5.8292302e+02  5.7701346e+02
1.5111985e-01     53906  5.0147419e+02  5.0026138e+02  4.9244966e+02
1.6229170e-01     65729  4.4092216e+02  4.3968996e+02  4.3389594e+02
1.7401323e-01     78746  4.0314538e+02  4.0391825e+02  4.0012157e+02
1.8625264e-01     94374  3.5760231e+02  3.5827235e+02  3.5417625e+02
1.9902230e-01    112166  3.0251778e+02  3.0190590e+02  2.9554160e+02
2.1238854e-01    134373  2.6062928e+02  2.5987696e+02  2.5066078e+02
2.2637810e-01    159077  2.3267137e+02  2.3242916e+02  2.2324797e+02
2.4096993e-01    188172  2.0888475e+02  2.0878275e+02  2.0241967e+02
2.5621802e-01    222492  1.8869762e+02  1.8887884e+02  1.8378808e+02
2.7214102e-01    261771  1.6671722e+02  1.6688706e+02  1.6133638e+02
2.8873063e-01    306759  1.4431032e+02  1.4398487e+02  1.3610399e+02
3.0605468e-01    360898  1.2734500e+02  1.2689393e+02  1.1801218e+02
3.2421519e-01    425046  1.1574492e+02  1.1580416e+02  1.0913400e+02
3.4337900e-01    505555  1.0380759e+02  1.0407300e+02  9.9478368e+01
3.6368055e-01    600292  9.1098579e+01  9.0979295e+01  8.4580889e+01
3.8517334e-01    712930  8.0247805e+01  7.9858165e+01  7.2049672e+01
4.0793004e-01    846715  7.2055835e+01  7.2116656e+01  6.6430042e+01
4.3202621e-01   1005596  6.4373437e+01  6.4588685e+01  5.9800202e+01
4.5754560e-01   1194719  5.6377900e+01  5.6073894e+01  4.9815022e+01
4.8457948e-01   1419743  5.0037527e+01  4.9975305e+01  4.4576546e+01
5.1321525e-01   1686576  4.4496111e+01  4.4689070e+01  4.0524695e+01
5.4354215e-01   2003484  3.9188623e+01  3.8900185e+01  3.3754426e+01
5.7565178e-01   2378778  3.4677589e+01  3.4769955e+01  3.0696592e+01
6.0966698e-01   2828400  3.0613413e+01  3.0604051e+01  2.6785672e+01
6.4568974e-01   3356890  2.7004507e+01  2.6913121e+01  2.3044764e+01
6.8383752e-01   3990317  2.3905897e+01  2.4010537e+01  2.0759247e+01
7.2424344e-01   4738457  2.1215545e+01  2.1100181e+01  1.7609914e+01
7.6703215e-01   5629661  1.9057482e+01  1.9131633e+01  1.5839796e+01
8.1235262e-01   6687903  1.7434472e+01  1.7361818e+01  1.3527946e+01
8.6035444e-01   7945758  1.6530315e+01  1.6542977e+01  1.1966804e+01
9.1118812e-01   9436555  1.6467727e+01  1.6507814e+01  1.0451023e+01
9.6501980e-01  11210320  1.7379417e+01  1.7297494e+01  9.0080909e+00
1.0220366e+00  13318613  1.9597036e+01  1.9637834e+01  7.9498209e+00
1.0824208e+00  15819192  2.3543977e+01  2.3554534e+01  6.9042548e+00
1.1463741e+00  18795348  2.9778250e+01  2.9668333e+01  5.9725656e+00
1.2141088e+00  22326034  3.8507314e+01  3.8421495e+01  5.2098154e+00
1.2858419e+00  26520842  4.9570094e+01  4.9518309e+01  4.5411819e+00
1.3618105e+00  31503438  6.1092996e+01  6.1161101e+01  3.9546468e+00
1.4422695e+00  37426927  6.9270737e+01  6.9312814e+01  3.4345123e+00
1.5275481e+00  44525830  7.1574812e+01  7.1609664e+01  2.9812921e+00
