# Power spectrum from CO𝘕CEPT job 4592838 at t = 6.2819341 Gyr, a = 0.52631579
#
# Components:
#   0: matter  (upstream grid size 1024)
#
#                           grid size 1024
# ╭────────────────────────────────────────────────────────────────╮
#                         component 0    (corrected)      (linear)
#                        σ₈ = 4.91e-01  σ₈ = 4.91e-01  σ₈ = 4.71e-01
#  k [Mpc⁻¹]    modes       P [Mpc³]       P [Mpc³]       P [Mpc³]
3.0679616e-03         3  1.8237860e+04  1.8237860e+04  1.8224853e+04
5.8212951e-03        25  2.6558303e+04  2.6691219e+04  2.6657978e+04
1.0440195e-02       124  3.0618042e+04  3.0969566e+04  3.1150338e+04
1.6729547e-02       418  2.7638550e+04  2.7891110e+04  2.7836018e+04
2.3240110e-02       730  2.1170476e+04  2.1174644e+04  2.1402739e+04
2.9075630e-02      1012  1.6803516e+04  1.6762804e+04  1.6752723e+04
3.4544381e-02      1408  1.4079801e+04  1.4047032e+04  1.4000691e+04
3.9898901e-02      1841  1.2258217e+04  1.2248505e+04  1.2374867e+04
4.5580519e-02      2698  1.1037220e+04  1.1047416e+04  1.1105889e+04
5.1612543e-02      3532  9.5773849e+03  9.5924486e+03  9.7102580e+03
5.7899473e-02      4702  8.0054194e+03  8.0069394e+03  8.0966585e+03
6.4462744e-02      6019  6.6101477e+03  6.5944476e+03  6.5620714e+03
7.1309305e-02      7766  5.5267481e+03  5.5056472e+03  5.4652620e+03
7.8556104e-02     10012  4.9372015e+03  4.9261911e+03  4.8755737e+03
8.6194331e-02     12589  4.6033822e+03  4.6093524e+03  4.5500935e+03
9.4153926e-02     15650  4.1527442e+03  4.1643140e+03  4.1212875e+03
1.0254095e-01     19757  3.5301515e+03  3.5310845e+03  3.4652891e+03
1.1136076e-01     24241  2.9587347e+03  2.9482826e+03  2.8115106e+03
1.2060245e-01     29993  2.5480760e+03  2.5395330e+03  2.3859845e+03
1.3029316e-01     36494  2.2754919e+03  2.2766718e+03  2.1389630e+03
1.4046583e-01     44825  2.0350661e+03  2.0377536e+03  1.8892149e+03
1.5111985e-01     53906  1.7895693e+03  1.7852412e+03  1.6123383e+03
1.6229170e-01     65729  1.5877919e+03  1.5833547e+03  1.4206236e+03
1.7401323e-01     78746  1.4519722e+03  1.4547558e+03  1.3100402e+03
1.8625264e-01     94374  1.3029555e+03  1.3053969e+03  1.1596086e+03
1.9902230e-01    112166  1.1364766e+03  1.1341779e+03  9.6763164e+02
2.1238854e-01    134373  1.0074937e+03  1.0045855e+03  8.2068658e+02
2.2637810e-01    159077  9.1414550e+02  9.1319386e+02  7.3093380e+02
2.4096993e-01    188172  8.2784998e+02  8.2744575e+02  6.6273952e+02
2.5621802e-01    222492  7.5630071e+02  7.5702704e+02  6.0173763e+02
2.7214102e-01    261771  6.8446062e+02  6.8515789e+02  5.2822854e+02
2.8873063e-01    306759  6.1581512e+02  6.1442635e+02  4.4561537e+02
3.0605468e-01    360898  5.5870437e+02  5.5672535e+02  3.8638114e+02
3.2421519e-01    425046  5.1367303e+02  5.1393595e+02  3.5731314e+02
3.4337900e-01    505555  4.6854087e+02  4.6973881e+02  3.2569972e+02
3.6368055e-01    600292  4.2748631e+02  4.2692656e+02  2.7692415e+02
3.8517334e-01    712930  3.9147699e+02  3.8957619e+02  2.3589593e+02
4.0793004e-01    846715  3.5847673e+02  3.5877931e+02  2.1749678e+02
4.3202621e-01   1005596  3.2862802e+02  3.2972687e+02  1.9579015e+02
4.5754560e-01   1194719  3.0112042e+02  2.9949669e+02  1.6309792e+02
4.8457948e-01   1419743  2.7631085e+02  2.7596725e+02  1.4594674e+02
5.1321525e-01   1686576  2.5406065e+02  2.5516239e+02  1.3268067e+02
5.4354215e-01   2003484  2.3388906e+02  2.3216758e+02  1.1051432e+02
5.7565178e-01   2378778  2.1544839e+02  2.1602225e+02  1.0050274e+02
6.0966698e-01   2828400  1.9910363e+02  1.9904273e+02  8.7698103e+01
6.4568974e-01   3356890  1.8423594e+02  1.8361248e+02  7.5450103e+01
6.8383752e-01   3990317  1.7121041e+02  1.7195983e+02  6.7967156e+01
7.2424344e-01   4738457  1.5988507e+02  1.5901566e+02  5.7656021e+01
7.6703215e-01   5629661  1.5037835e+02  1.5096346e+02  5.1860529e+01
8.1235262e-01   6687903  1.4268065e+02  1.4208606e+02  4.4291375e+01
8.6035444e-01   7945758  1.3684146e+02  1.3694628e+02  3.9180088e+01
9.1118812e-01   9436555  1.3285502e+02  1.3317843e+02  3.4217315e+01
9.6501980e-01  11210320  1.3046792e+02  1.2985293e+02  2.9493059e+01
1.0220366e+00  13318613  1.2920765e+02  1.2947664e+02  2.6028210e+01
1.0824208e+00  15819192  1.2858887e+02  1.2864653e+02  2.2604957e+01
1.1463741e+00  18795348  1.2801075e+02  1.2753824e+02  1.9554544e+01
1.2141088e+00  22326034  1.2688197e+02  1.2659920e+02  1.7057249e+01
1.2858419e+00  26520842  1.2492806e+02  1.2479755e+02  1.4868099e+01
1.3618105e+00  31503438  1.2239259e+02  1.2252903e+02  1.2947744e+01
1.4422695e+00  37426927  1.1937760e+02  1.1945012e+02  1.1244790e+01
1.5275481e+00  44525830  1.1602891e+02  1.1608541e+02  9.7609172e+00
