# Power spectrum from CO𝘕CEPT job 4592838 at t = 5.469032 Gyr, a = 0.47619048
#
# Components:
#   0: matter  (upstream grid size 1024)
#
#                           grid size 1024
# ╭────────────────────────────────────────────────────────────────╮
#                         component 0    (corrected)      (linear)
#                        σ₈ = 4.46e-01  σ₈ = 4.46e-01  σ₈ = 4.32e-01
#  k [Mpc⁻¹]    modes       P [Mpc³]       P [Mpc³]       P [Mpc³]
3.0679616e-03         3  1.5311631e+04  1.5311631e+04  1.5302459e+04
5.8212951e-03        25  2.2298621e+04  2.2410219e+04  2.2385152e+04
1.0440195e-02       124  2.5726235e+04  2.6021596e+04  2.6159824e+04
1.6729547e-02       418  2.3211517e+04  2.3423624e+04  2.3378076e+04
2.3240110e-02       730  1.7800253e+04  1.7803757e+04  1.7975787e+04
2.9075630e-02      1012  1.4115648e+04  1.4081448e+04  1.4070614e+04
3.4544381e-02      1408  1.1824686e+04  1.1797165e+04  1.1759334e+04
3.9898901e-02      1841  1.0306830e+04  1.0298664e+04  1.0393879e+04
4.5580519e-02      2698  9.2759661e+03  9.2845350e+03  9.3281043e+03
5.1612543e-02      3532  8.0536852e+03  8.0663524e+03  8.1559229e+03
5.7899473e-02      4702  6.7296740e+03  6.7309517e+03  6.8006423e+03
6.4462744e-02      6019  5.5452820e+03  5.5321110e+03  5.5117111e+03
7.1309305e-02      7766  4.6321576e+03  4.6144722e+03  4.5904745e+03
7.8556104e-02     10012  4.1358203e+03  4.1265970e+03  4.0951819e+03
8.6194331e-02     12589  3.8566312e+03  3.8616330e+03  3.8218050e+03
9.4153926e-02     15650  3.4795124e+03  3.4892065e+03  3.4616384e+03
1.0254095e-01     19757  2.9517184e+03  2.9524985e+03  2.9106417e+03
1.1136076e-01     24241  2.4631121e+03  2.4544108e+03  2.3615079e+03
1.2060245e-01     29993  2.1157704e+03  2.1086769e+03  2.0040919e+03
1.3029316e-01     36494  1.8879650e+03  1.8889438e+03  1.7966089e+03
1.4046583e-01     44825  1.6865811e+03  1.6888084e+03  1.5868354e+03
1.5111985e-01     53906  1.4765482e+03  1.4729772e+03  1.3542751e+03
1.6229170e-01     65729  1.3074575e+03  1.3038036e+03  1.1932458e+03
1.7401323e-01     78746  1.1954050e+03  1.1976967e+03  1.1003622e+03
1.8625264e-01     94374  1.0701961e+03  1.0722014e+03  9.7400818e+02
1.9902230e-01    112166  9.2791976e+02  9.2604293e+02  8.1275814e+02
2.1238854e-01    134373  8.1857865e+02  8.1621579e+02  6.8933240e+02
2.2637810e-01    159077  7.4026387e+02  7.3949325e+02  6.1394502e+02
2.4096993e-01    188172  6.6885932e+02  6.6853273e+02  5.5666559e+02
2.5621802e-01    222492  6.0969092e+02  6.1027645e+02  5.0542735e+02
2.7214102e-01    261771  5.4901013e+02  5.4956942e+02  4.4368371e+02
2.8873063e-01    306759  4.9102936e+02  4.8992200e+02  3.7429311e+02
3.0605468e-01    360898  4.4330061e+02  4.4173037e+02  3.2453955e+02
3.2421519e-01    425046  4.0654329e+02  4.0675137e+02  3.0012400e+02
3.4337900e-01    505555  3.6923100e+02  3.7017504e+02  2.7357043e+02
3.6368055e-01    600292  3.3499101e+02  3.3455238e+02  2.3260156e+02
3.8517334e-01    712930  3.0505173e+02  3.0357057e+02  1.9814005e+02
4.0793004e-01    846715  2.7798635e+02  2.7822099e+02  1.8268576e+02
4.3202621e-01   1005596  2.5360830e+02  2.5445630e+02  1.6445335e+02
4.5754560e-01   1194719  2.3101233e+02  2.2976664e+02  1.3699361e+02
4.8457948e-01   1419743  2.1079016e+02  2.1052804e+02  1.2258753e+02
5.1321525e-01   1686576  1.9276131e+02  1.9359723e+02  1.1144474e+02
5.4354215e-01   2003484  1.7634389e+02  1.7504596e+02  9.2826181e+01
5.7565178e-01   2378778  1.6150590e+02  1.6193608e+02  8.4416989e+01
6.0966698e-01   2828400  1.4823238e+02  1.4818704e+02  7.3661773e+01
6.4568974e-01   3356890  1.3626861e+02  1.3580747e+02  6.3374102e+01
6.8383752e-01   3990317  1.2588005e+02  1.2643104e+02  5.7088823e+01
7.2424344e-01   4738457  1.1683605e+02  1.1620073e+02  4.8428015e+01
7.6703215e-01   5629661  1.0938672e+02  1.0981234e+02  4.3560109e+01
8.1235262e-01   6687903  1.0354733e+02  1.0311582e+02  3.7202420e+01
8.6035444e-01   7945758  9.9368235e+01  9.9444350e+01  3.2909209e+01
9.1118812e-01   9436555  9.6964802e+01  9.7200843e+01  2.8740742e+01
9.6501980e-01  11210320  9.6274114e+01  9.5820301e+01  2.4772616e+01
1.0220366e+00  13318613  9.6952916e+01  9.7154757e+01  2.1862327e+01
1.0824208e+00  15819192  9.8645164e+01  9.8689396e+01  1.8986975e+01
1.1463741e+00  18795348  1.0062810e+02  1.0025666e+02  1.6424789e+01
1.2141088e+00  22326034  1.0212806e+02  1.0190045e+02  1.4327193e+01
1.2858419e+00  26520842  1.0259920e+02  1.0249202e+02  1.2488422e+01
1.3618105e+00  31503438  1.0213719e+02  1.0225105e+02  1.0875426e+01
1.4422695e+00  37426927  1.0086986e+02  1.0093113e+02  9.4450338e+00
1.5275481e+00  44525830  9.9213737e+01  9.9262047e+01  8.1986590e+00
