# Power spectrum from CO𝘕CEPT job 4592838 at t = 7.2998856 Gyr, a = 0.58823529
#
# Components:
#   0: matter  (upstream grid size 1024)
#
#                           grid size 1024
# ╭────────────────────────────────────────────────────────────────╮
#                         component 0    (corrected)      (linear)
#                        σ₈ = 5.43e-01  σ₈ = 5.43e-01  σ₈ = 5.17e-01
#  k [Mpc⁻¹]    modes       P [Mpc³]       P [Mpc³]       P [Mpc³]
3.0679616e-03         3  2.1963915e+04  2.1963915e+04  2.1951880e+04
5.8212951e-03        25  3.1981760e+04  3.2141819e+04  3.2106860e+04
1.0440195e-02       124  3.6838613e+04  3.7261554e+04  3.7513876e+04
1.6729547e-02       418  3.3271678e+04  3.3575714e+04  3.3520006e+04
2.3240110e-02       730  2.5450300e+04  2.5455311e+04  2.5771971e+04
2.9075630e-02      1012  2.0221507e+04  2.0172514e+04  2.0172215e+04
3.4544381e-02      1408  1.6948501e+04  1.6909055e+04  1.6858205e+04
3.9898901e-02      1841  1.4735776e+04  1.4724101e+04  1.4900405e+04
4.5580519e-02      2698  1.3274895e+04  1.3287158e+04  1.3372342e+04
5.1612543e-02      3532  1.1511248e+04  1.1529353e+04  1.1691825e+04
5.7899473e-02      4702  9.6256681e+03  9.6274957e+03  9.7488936e+03
6.4462744e-02      6019  7.9677782e+03  7.9488535e+03  7.9011238e+03
7.1309305e-02      7766  6.6697545e+03  6.6442896e+03  6.5804810e+03
7.8556104e-02     10012  5.9621862e+03  5.9488900e+03  5.8704494e+03
8.6194331e-02     12589  5.5576251e+03  5.5648329e+03  5.4785435e+03
9.4153926e-02     15650  5.0125452e+03  5.0265104e+03  4.9622316e+03
1.0254095e-01     19757  4.2721207e+03  4.2732498e+03  4.1723720e+03
1.1136076e-01     24241  3.5997262e+03  3.5870096e+03  3.3851881e+03
1.2060245e-01     29993  3.1097261e+03  3.0993001e+03  2.8728325e+03
1.3029316e-01     36494  2.7799109e+03  2.7813522e+03  2.5754056e+03
1.4046583e-01     44825  2.4889689e+03  2.4922559e+03  2.2746964e+03
1.5111985e-01     53906  2.2003738e+03  2.1950523e+03  1.9413240e+03
1.6229170e-01     65729  1.9570260e+03  1.9515569e+03  1.7104905e+03
1.7401323e-01     78746  1.7902705e+03  1.7937026e+03  1.5773429e+03
1.8625264e-01     94374  1.6108937e+03  1.6139121e+03  1.3962166e+03
1.9902230e-01    112166  1.4148227e+03  1.4119611e+03  1.1650680e+03
2.1238854e-01    134373  1.2608055e+03  1.2571662e+03  9.8813991e+02
2.2637810e-01    159077  1.1484785e+03  1.1472829e+03  8.8007373e+02
2.4096993e-01    188172  1.0431207e+03  1.0426114e+03  7.9796493e+02
2.5621802e-01    222492  9.5537221e+02  9.5628973e+02  7.2451609e+02
2.7214102e-01    261771  8.6970955e+02  8.7059553e+02  6.3600812e+02
2.8873063e-01    306759  7.8736351e+02  7.8558787e+02  5.3653853e+02
3.0605468e-01    360898  7.1838223e+02  7.1583760e+02  4.6521812e+02
3.2421519e-01    425046  6.6227266e+02  6.6261163e+02  4.3021905e+02
3.4337900e-01    505555  6.0724139e+02  6.0879397e+02  3.9215522e+02
3.6368055e-01    600292  5.5723769e+02  5.5650805e+02  3.3342750e+02
3.8517334e-01    712930  5.1318490e+02  5.1069315e+02  2.8402790e+02
4.0793004e-01    846715  4.7267244e+02  4.7307141e+02  2.6187459e+02
4.3202621e-01   1005596  4.3556799e+02  4.3702442e+02  2.3573895e+02
4.5754560e-01   1194719  4.0157752e+02  3.9941210e+02  1.9637622e+02
4.8457948e-01   1419743  3.7066466e+02  3.7020374e+02  1.7572553e+02
5.1321525e-01   1686576  3.4279522e+02  3.4428176e+02  1.5975266e+02
5.4354215e-01   2003484  3.1740702e+02  3.1507083e+02  1.3306351e+02
5.7565178e-01   2378778  2.9425454e+02  2.9503830e+02  1.2100918e+02
6.0966698e-01   2828400  2.7360955e+02  2.7352587e+02  1.0559190e+02
6.4568974e-01   3356890  2.5478834e+02  2.5392612e+02  9.0844830e+01
6.8383752e-01   3990317  2.3812080e+02  2.3916309e+02  8.1835070e+01
7.2424344e-01   4738457  2.2350288e+02  2.2228754e+02  6.9420065e+01
7.6703215e-01   5629661  2.1103224e+02  2.1185334e+02  6.2442068e+01
8.1235262e-01   6687903  2.0052469e+02  1.9968905e+02  5.3328515e+01
8.6035444e-01   7945758  1.9202158e+02  1.9216867e+02  4.7174328e+01
9.1118812e-01   9436555  1.8539041e+02  1.8584170e+02  4.1198958e+01
9.6501980e-01  11210320  1.8003643e+02  1.7918778e+02  3.5510771e+01
1.0220366e+00  13318613  1.7564423e+02  1.7600990e+02  3.1338960e+01
1.0824208e+00  15819192  1.7152519e+02  1.7160211e+02  2.7217231e+01
1.1463741e+00  18795348  1.6743274e+02  1.6681471e+02  2.3544417e+01
1.2141088e+00  22326034  1.6284772e+02  1.6248479e+02  2.0537578e+01
1.2858419e+00  26520842  1.5774235e+02  1.5757756e+02  1.7901757e+01
1.3618105e+00  31503438  1.5226301e+02  1.5243275e+02  1.5589576e+01
1.4422695e+00  37426927  1.4661971e+02  1.4670877e+02  1.3539154e+01
1.5275481e+00  44525830  1.4082703e+02  1.4089560e+02  1.1752514e+01
