# Power spectrum from CO𝘕CEPT job 4592838 at t = 4.8106637 Gyr, a = 0.43478261
#
# Components:
#   0: matter  (upstream grid size 1024)
#
#                           grid size 1024
# ╭────────────────────────────────────────────────────────────────╮
#                         component 0    (corrected)      (linear)
#                        σ₈ = 4.09e-01  σ₈ = 4.09e-01  σ₈ = 3.98e-01
#  k [Mpc⁻¹]    modes       P [Mpc³]       P [Mpc³]       P [Mpc³]
3.0679616e-03         3  1.2994403e+04  1.2994403e+04  1.2990449e+04
5.8212951e-03        25  1.8925189e+04  1.9019903e+04  1.9004539e+04
1.0440195e-02       124  2.1848116e+04  2.2098953e+04  2.2211052e+04
1.6729547e-02       418  1.9703923e+04  1.9883977e+04  1.9850442e+04
2.3240110e-02       730  1.5125442e+04  1.5128420e+04  1.5263870e+04
2.9075630e-02      1012  1.1984970e+04  1.1955932e+04  1.1948074e+04
3.4544381e-02      1408  1.0037616e+04  1.0014254e+04  9.9855630e+03
3.9898901e-02      1841  8.7578965e+03  8.7509579e+03  8.8261420e+03
4.5580519e-02      2698  7.8787868e+03  7.8860650e+03  7.9211683e+03
5.1612543e-02      3532  6.8439093e+03  6.8546737e+03  6.9258163e+03
5.7899473e-02      4702  5.7173221e+03  5.7184076e+03  5.7749647e+03
6.4462744e-02      6019  4.7029869e+03  4.6918165e+03  4.6804440e+03
7.1309305e-02      7766  3.9257663e+03  3.9107779e+03  3.8981553e+03
7.8556104e-02     10012  3.5035620e+03  3.4957488e+03  3.4775672e+03
8.6194331e-02     12589  3.2671208e+03  3.2713580e+03  3.2454242e+03
9.4153926e-02     15650  2.9478376e+03  2.9560505e+03  2.9395792e+03
1.0254095e-01     19757  2.4965453e+03  2.4972051e+03  2.4716822e+03
1.1136076e-01     24241  2.0757874e+03  2.0684544e+03  2.0053659e+03
1.2060245e-01     29993  1.7792451e+03  1.7732798e+03  1.7018534e+03
1.3029316e-01     36494  1.5867373e+03  1.5875600e+03  1.5256619e+03
1.4046583e-01     44825  1.4159174e+03  1.4177873e+03  1.3475250e+03
1.5111985e-01     53906  1.2350446e+03  1.2320577e+03  1.1500376e+03
1.6229170e-01     65729  1.0918278e+03  1.0887766e+03  1.0132933e+03
1.7401323e-01     78746  9.9817754e+02  1.0000911e+03  9.3441772e+02
1.8625264e-01     94374  8.9183792e+02  8.9350897e+02  8.2711922e+02
1.9902230e-01    112166  7.6933280e+02  7.6777673e+02  6.9018724e+02
2.1238854e-01    134373  6.7563125e+02  6.7368101e+02  5.8537526e+02
2.2637810e-01    159077  6.0928954e+02  6.0865526e+02  5.2135702e+02
2.4096993e-01    188172  5.4955485e+02  5.4928652e+02  4.7271587e+02
2.5621802e-01    222492  4.9997124e+02  5.0045140e+02  4.2920482e+02
2.7214102e-01    261771  4.4832111e+02  4.4877782e+02  3.7677266e+02
2.8873063e-01    306759  3.9872540e+02  3.9782621e+02  3.1784674e+02
3.0605468e-01    360898  3.5841156e+02  3.5714201e+02  2.7559644e+02
3.2421519e-01    425046  3.2796397e+02  3.2813183e+02  2.5486296e+02
3.4337900e-01    505555  2.9684175e+02  2.9760070e+02  2.3231390e+02
3.6368055e-01    600292  2.6786021e+02  2.6750947e+02  1.9752346e+02
3.8517334e-01    712930  2.4259341e+02  2.4141551e+02  1.6825902e+02
4.0793004e-01    846715  2.2021556e+02  2.2040144e+02  1.5513536e+02
4.3202621e-01   1005596  2.0003540e+02  2.0070427e+02  1.3965254e+02
4.5754560e-01   1194719  1.8115489e+02  1.8017804e+02  1.1633394e+02
4.8457948e-01   1419743  1.6443853e+02  1.6423405e+02  1.0410041e+02
5.1321525e-01   1686576  1.4958908e+02  1.5023778e+02  9.4638040e+01
5.4354215e-01   2003484  1.3600075e+02  1.3499975e+02  7.8827301e+01
5.7565178e-01   2378778  1.2387636e+02  1.2420632e+02  7.1686280e+01
6.0966698e-01   2828400  1.1291825e+02  1.1288371e+02  6.2553032e+01
6.4568974e-01   3356890  1.0312570e+02  1.0277672e+02  5.3816820e+01
6.8383752e-01   3990317  9.4683208e+01  9.5097650e+01  4.8479408e+01
7.2424344e-01   4738457  8.7308406e+01  8.6833647e+01  4.1124715e+01
7.6703215e-01   5629661  8.1329269e+01  8.1645712e+01  3.6990926e+01
8.1235262e-01   6687903  7.6729283e+01  7.6409533e+01  3.1592024e+01
8.6035444e-01   7945758  7.3597873e+01  7.3654248e+01  2.7946261e+01
9.1118812e-01   9436555  7.2128046e+01  7.2303627e+01  2.4406430e+01
9.6501980e-01  11210320  7.2359771e+01  7.2018684e+01  2.1036727e+01
1.0220366e+00  13318613  7.4155957e+01  7.4310338e+01  1.8565330e+01
1.0824208e+00  15819192  7.7296091e+01  7.7330750e+01  1.6123603e+01
1.1463741e+00  18795348  8.1139983e+01  8.0840482e+01  1.3947813e+01
1.2141088e+00  22326034  8.4703081e+01  8.4514307e+01  1.2166550e+01
1.2858419e+00  26520842  8.7192137e+01  8.7101051e+01  1.0605079e+01
1.3618105e+00  31503438  8.8374658e+01  8.8473177e+01  9.2353347e+00
1.4422695e+00  37426927  8.8416752e+01  8.8470459e+01  8.0206563e+00
1.5275481e+00  44525830  8.7846519e+01  8.7889294e+01  6.9622440e+00
