# Power spectrum from CO𝘕CEPT job 4592838 at t = 3.4443479 Gyr, a = 0.34482759
#
# Components:
#   0: matter  (upstream grid size 1024)
#
#                           grid size 1024
# ╭────────────────────────────────────────────────────────────────╮
#                         component 0    (corrected)      (linear)
#                        σ₈ = 3.25e-01  σ₈ = 3.25e-01  σ₈ = 3.21e-01
#  k [Mpc⁻¹]    modes       P [Mpc³]       P [Mpc³]       P [Mpc³]
3.0679616e-03         3  8.4239736e+03  8.4239736e+03  8.4255982e+03
5.8212951e-03        25  1.2270774e+04  1.2332186e+04  1.2328994e+04
1.0440195e-02       124  1.4186413e+04  1.4349286e+04  1.4412474e+04
1.6729547e-02       418  1.2780842e+04  1.2897633e+04  1.2882735e+04
2.3240110e-02       730  9.8329998e+03  9.8349358e+03  9.9069618e+03
2.9075630e-02      1012  7.7769872e+03  7.7581448e+03  7.7552086e+03
3.4544381e-02      1408  6.5100257e+03  6.4948743e+03  6.4815688e+03
3.9898901e-02      1841  5.6929082e+03  5.6883979e+03  5.7291026e+03
4.5580519e-02      2698  5.1166688e+03  5.1213954e+03  5.1417514e+03
5.1612543e-02      3532  4.4493284e+03  4.4563265e+03  4.4957020e+03
5.7899473e-02      4702  3.7150238e+03  3.7157291e+03  3.7486897e+03
6.4462744e-02      6019  3.0446996e+03  3.0374679e+03  3.0382256e+03
7.1309305e-02      7766  2.5381545e+03  2.5284639e+03  2.5304299e+03
7.8556104e-02     10012  2.2630503e+03  2.2580035e+03  2.2574206e+03
8.6194331e-02     12589  2.1098542e+03  2.1125905e+03  2.1067347e+03
9.4153926e-02     15650  1.9037536e+03  1.9090576e+03  1.9082036e+03
1.0254095e-01     19757  1.6070539e+03  1.6074787e+03  1.6044757e+03
1.1136076e-01     24241  1.3262571e+03  1.3215719e+03  1.3017720e+03
1.2060245e-01     29993  1.1316641e+03  1.1278700e+03  1.1047502e+03
1.3029316e-01     36494  1.0081773e+03  1.0087000e+03  9.9037761e+02
1.4046583e-01     44825  8.9698289e+02  8.9816746e+02  8.7474166e+02
1.5111985e-01     53906  7.7647517e+02  7.7459727e+02  7.4654397e+02
1.6229170e-01     65729  6.8414698e+02  6.8223505e+02  6.5777729e+02
1.7401323e-01     78746  6.2546320e+02  6.2666227e+02  6.0657575e+02
1.8625264e-01     94374  5.5642866e+02  5.5747125e+02  5.3692340e+02
1.9902230e-01    112166  4.7456961e+02  4.7360973e+02  4.4803439e+02
2.1238854e-01    134373  4.1228411e+02  4.1109404e+02  3.7999595e+02
2.2637810e-01    159077  3.6958162e+02  3.6919688e+02  3.3843867e+02
2.4096993e-01    188172  3.3229146e+02  3.3212921e+02  3.0686339e+02
2.5621802e-01    222492  3.0102605e+02  3.0131515e+02  2.7861828e+02
2.7214102e-01    261771  2.6754723e+02  2.6781979e+02  2.4458200e+02
2.8873063e-01    306759  2.3449536e+02  2.3396653e+02  2.0633028e+02
3.0605468e-01    360898  2.0863480e+02  2.0789578e+02  1.7890352e+02
3.2421519e-01    425046  1.9004539e+02  1.9014266e+02  1.6544440e+02
3.4337900e-01    505555  1.7092979e+02  1.7136682e+02  1.5080669e+02
3.6368055e-01    600292  1.5200141e+02  1.5180238e+02  1.2822248e+02
3.8517334e-01    712930  1.3567196e+02  1.3501321e+02  1.0922546e+02
4.0793004e-01    846715  1.2225599e+02  1.2235918e+02  1.0070623e+02
4.3202621e-01   1005596  1.0996286e+02  1.1033054e+02  9.0655561e+01
4.5754560e-01   1194719  9.7918621e+01  9.7390615e+01  7.5518280e+01
4.8457948e-01   1419743  8.7745480e+01  8.7636368e+01  6.7576882e+01
5.1321525e-01   1686576  7.8781288e+01  7.9122925e+01  6.1434377e+01
5.4354215e-01   2003484  7.0460583e+01  6.9941976e+01  5.1170824e+01
5.7565178e-01   2378778  6.3202338e+01  6.3370682e+01  4.6535226e+01
6.0966698e-01   2828400  5.6601538e+01  5.6584227e+01  4.0606371e+01
6.4568974e-01   3356890  5.0771370e+01  5.0599557e+01  3.4935251e+01
6.8383752e-01   3990317  4.5751907e+01  4.5952170e+01  3.1470466e+01
7.2424344e-01   4738457  4.1396567e+01  4.1171464e+01  2.6696160e+01
7.6703215e-01   5629661  3.7903001e+01  3.8050477e+01  2.4012707e+01
8.1235262e-01   6687903  3.5267572e+01  3.5120603e+01  2.0508004e+01
8.6035444e-01   7945758  3.3672198e+01  3.3697990e+01  1.8141354e+01
9.1118812e-01   9436555  3.3302842e+01  3.3383911e+01  1.5843468e+01
9.6501980e-01  11210320  3.4310155e+01  3.4148425e+01  1.3656022e+01
1.0220366e+00  13318613  3.6957834e+01  3.7034775e+01  1.2051712e+01
1.0824208e+00  15819192  4.1471647e+01  4.1490243e+01  1.0466662e+01
1.1463741e+00  18795348  4.7863775e+01  4.7687101e+01  9.0542454e+00
1.2141088e+00  22326034  5.5365622e+01  5.5242232e+01  7.8979363e+00
1.2858419e+00  26520842  6.2832237e+01  6.2766598e+01  6.8843057e+00
1.3618105e+00  31503438  6.8614589e+01  6.8691079e+01  5.9951342e+00
1.4422695e+00  37426927  7.1613986e+01  7.1657486e+01  5.2066242e+00
1.5275481e+00  44525830  7.2403551e+01  7.2438807e+01  4.5195544e+00
