# Power spectrum from CO𝘕CEPT job 4592838 at t = 2.4071778 Gyr, a = 0.27027027
#
# Components:
#   0: matter  (upstream grid size 1024)
#
#                           grid size 1024
# ╭────────────────────────────────────────────────────────────────╮
#                         component 0    (corrected)      (linear)
#                        σ₈ = 2.55e-01  σ₈ = 2.55e-01  σ₈ = 2.54e-01
#  k [Mpc⁻¹]    modes       P [Mpc³]       P [Mpc³]       P [Mpc³]
3.0679616e-03         3  5.2641215e+03  5.2641215e+03  5.2647410e+03
5.8212951e-03        25  7.6693870e+03  7.7077698e+03  7.7056577e+03
1.0440195e-02       124  8.8778809e+03  8.9798071e+03  9.0101123e+03
1.6729547e-02       418  7.9906903e+03  8.0637091e+03  8.0550593e+03
2.3240110e-02       730  6.1593968e+03  6.1606095e+03  6.1949540e+03
2.9075630e-02      1012  4.8635736e+03  4.8517899e+03  4.8496442e+03
3.4544381e-02      1408  4.0694218e+03  4.0599507e+03  4.0532903e+03
3.9898901e-02      1841  3.5655628e+03  3.5627380e+03  3.5827923e+03
4.5580519e-02      2698  3.2020417e+03  3.2049996e+03  3.2155237e+03
5.1612543e-02      3532  2.7869126e+03  2.7912959e+03  2.8115280e+03
5.7899473e-02      4702  2.3261795e+03  2.3266211e+03  2.3443780e+03
6.4462744e-02      6019  1.9010535e+03  1.8965382e+03  1.9000747e+03
7.1309305e-02      7766  1.5835284e+03  1.5774825e+03  1.5825116e+03
7.8556104e-02     10012  1.4108900e+03  1.4077436e+03  1.4117788e+03
8.6194331e-02     12589  1.3147632e+03  1.3164683e+03  1.3175445e+03
9.4153926e-02     15650  1.1863285e+03  1.1896337e+03  1.1933866e+03
1.0254095e-01     19757  9.9931445e+02  9.9957855e+02  1.0034377e+03
1.1136076e-01     24241  8.2022493e+02  8.1732736e+02  8.1412844e+02
1.2060245e-01     29993  6.9756270e+02  6.9522397e+02  6.9091189e+02
1.3029316e-01     36494  6.2111744e+02  6.2143948e+02  6.1938380e+02
1.4046583e-01     44825  5.5102332e+02  5.5175101e+02  5.4706539e+02
1.5111985e-01     53906  4.7442405e+02  4.7327666e+02  4.6689065e+02
1.6229170e-01     65729  4.1705443e+02  4.1588893e+02  4.1137599e+02
1.7401323e-01     78746  3.8132904e+02  3.8206008e+02  3.7935460e+02
1.8625264e-01     94374  3.3814964e+02  3.3878324e+02  3.3579393e+02
1.9902230e-01    112166  2.8581561e+02  2.8523751e+02  2.8020253e+02
2.1238854e-01    134373  2.4601641e+02  2.4530627e+02  2.3765110e+02
2.2637810e-01    159077  2.1953093e+02  2.1930240e+02  2.1166106e+02
2.4096993e-01    188172  1.9706742e+02  1.9697119e+02  1.9191379e+02
2.5621802e-01    222492  1.7797357e+02  1.7814449e+02  1.7424921e+02
2.7214102e-01    261771  1.5714599e+02  1.5730608e+02  1.5296279e+02
2.8873063e-01    306759  1.3583240e+02  1.3552607e+02  1.2904000e+02
3.0605468e-01    360898  1.1975233e+02  1.1932815e+02  1.1188718e+02
3.2421519e-01    425046  1.0882875e+02  1.0888445e+02  1.0346979e+02
3.4337900e-01    505555  9.7586371e+01  9.7835876e+01  9.4315303e+01
3.6368055e-01    600292  8.5505622e+01  8.5393663e+01  8.0191025e+01
3.8517334e-01    712930  7.5203893e+01  7.4838744e+01  6.8310196e+01
4.0793004e-01    846715  6.7510355e+01  6.7567338e+01  6.2982233e+01
4.3202621e-01   1005596  6.0272100e+01  6.0473634e+01  5.6696491e+01
4.5754560e-01   1194719  5.2678399e+01  5.2394342e+01  4.7229556e+01
4.8457948e-01   1419743  4.6708003e+01  4.6649921e+01  4.2262964e+01
5.1321525e-01   1686576  4.1495778e+01  4.1675726e+01  3.8421409e+01
5.4354215e-01   2003484  3.6475358e+01  3.6206890e+01  3.2002527e+01
5.7565178e-01   2378778  3.2229072e+01  3.2314916e+01  2.9103399e+01
6.0966698e-01   2828400  2.8406488e+01  2.8397800e+01  2.5395461e+01
6.4568974e-01   3356890  2.5006477e+01  2.4921853e+01  2.1848711e+01
6.8383752e-01   3990317  2.2092390e+01  2.2189092e+01  1.9681815e+01
7.2424344e-01   4738457  1.9558418e+01  1.9452065e+01  1.6695937e+01
7.6703215e-01   5629661  1.7525351e+01  1.7593540e+01  1.5017690e+01
8.1235262e-01   6687903  1.5996391e+01  1.5929731e+01  1.2825829e+01
8.6035444e-01   7945758  1.5152212e+01  1.5163818e+01  1.1345712e+01
9.1118812e-01   9436555  1.5108792e+01  1.5145572e+01  9.9086015e+00
9.6501980e-01  11210320  1.5992616e+01  1.5917231e+01  8.5405598e+00
1.0220366e+00  13318613  1.8130850e+01  1.8168596e+01  7.5372154e+00
1.0824208e+00  15819192  2.1951631e+01  2.1961474e+01  6.5459155e+00
1.1463741e+00  18795348  2.8050721e+01  2.7947181e+01  5.6625822e+00
1.2141088e+00  22326034  3.6754164e+01  3.6672252e+01  4.9394197e+00
1.2858419e+00  26520842  4.8099078e+01  4.8048830e+01  4.3054891e+00
1.3618105e+00  31503438  6.0376227e+01  6.0443533e+01  3.7493960e+00
1.4422695e+00  37426927  6.9533121e+01  6.9575358e+01  3.2562572e+00
1.5275481e+00  44525830  7.2260802e+01  7.2295988e+01  2.8265596e+00
