# Power spectrum from CO𝘕CEPT job 4592838 at t = 12.444912 Gyr, a = 0.90909091
#
# Components:
#   0: matter  (upstream grid size 1024)
#
#                           grid size 1024
# ╭────────────────────────────────────────────────────────────────╮
#                         component 0    (corrected)      (linear)
#                        σ₈ = 7.66e-01  σ₈ = 7.66e-01  σ₈ = 7.03e-01
#  k [Mpc⁻¹]    modes       P [Mpc³]       P [Mpc³]       P [Mpc³]
3.0679616e-03         3  4.0558183e+04  4.0558183e+04  4.0554816e+04
5.8212951e-03        25  5.9038825e+04  5.9334295e+04  5.9300355e+04
1.0440195e-02       124  6.7760916e+04  6.8538874e+04  6.9265520e+04
1.6729547e-02       418  6.1317257e+04  6.1877573e+04  6.1875440e+04
2.3240110e-02       730  4.6637186e+04  4.6646368e+04  4.7565873e+04
2.9075630e-02      1012  3.7204790e+04  3.7114648e+04  3.7227563e+04
3.4544381e-02      1408  3.1216333e+04  3.1143680e+04  3.1109920e+04
3.9898901e-02      1841  2.6993527e+04  2.6972141e+04  2.7495979e+04
4.5580519e-02      2698  2.4367232e+04  2.4389742e+04  2.4675490e+04
5.1612543e-02      3532  2.1069388e+04  2.1102527e+04  2.1573992e+04
5.7899473e-02      4702  1.7651469e+04  1.7654821e+04  1.7988529e+04
6.4462744e-02      6019  1.4768854e+04  1.4733776e+04  1.4578839e+04
7.1309305e-02      7766  1.2437995e+04  1.2390507e+04  1.2141902e+04
7.8556104e-02     10012  1.1151955e+04  1.1127085e+04  1.0831693e+04
8.6194331e-02     12589  1.0373799e+04  1.0387253e+04  1.0108500e+04
9.4153926e-02     15650  9.3411175e+03  9.3671423e+03  9.1557918e+03
1.0254095e-01     19757  8.0585629e+03  8.0606927e+03  7.6983849e+03
1.1136076e-01     24241  6.9478193e+03  6.9232751e+03  6.2459355e+03
1.2060245e-01     29993  6.0810177e+03  6.0606298e+03  5.3005802e+03
1.3029316e-01     36494  5.4650358e+03  5.4678694e+03  4.7517917e+03
1.4046583e-01     44825  4.9107568e+03  4.9172420e+03  4.1969527e+03
1.5111985e-01     53906  4.4337316e+03  4.4230087e+03  3.5818524e+03
1.6229170e-01     65729  3.9857537e+03  3.9746151e+03  3.1559456e+03
1.7401323e-01     78746  3.6586884e+03  3.6657025e+03  2.9102765e+03
1.8625264e-01     94374  3.3243535e+03  3.3305824e+03  2.5760858e+03
1.9902230e-01    112166  3.0000860e+03  2.9940180e+03  2.1496032e+03
2.1238854e-01    134373  2.7190432e+03  2.7111946e+03  1.8231610e+03
2.2637810e-01    159077  2.5125636e+03  2.5099480e+03  1.6237727e+03
2.4096993e-01    188172  2.3135377e+03  2.3124081e+03  1.4722774e+03
2.5621802e-01    222492  2.1390215e+03  2.1410758e+03  1.3367605e+03
2.7214102e-01    261771  1.9859861e+03  1.9880093e+03  1.1734591e+03
2.8873063e-01    306759  1.8362281e+03  1.8320871e+03  9.8993342e+02
3.0605468e-01    360898  1.7109037e+03  1.7048434e+03  8.5834424e+02
3.2421519e-01    425046  1.5918161e+03  1.5926309e+03  7.9376938e+02
3.4337900e-01    505555  1.4877911e+03  1.4915950e+03  7.2354001e+02
3.6368055e-01    600292  1.3912754e+03  1.3894537e+03  6.1518511e+02
3.8517334e-01    712930  1.3018186e+03  1.2954977e+03  5.2404102e+02
4.0793004e-01    846715  1.2227760e+03  1.2238081e+03  4.8316729e+02
4.3202621e-01   1005596  1.1449546e+03  1.1487830e+03  4.3494607e+02
4.5754560e-01   1194719  1.0760446e+03  1.0702422e+03  3.6232046e+02
4.8457948e-01   1419743  1.0096639e+03  1.0084084e+03  3.2421921e+02
5.1321525e-01   1686576  9.5159696e+02  9.5572358e+02  2.9474870e+02
5.4354215e-01   2003484  8.9350846e+02  8.8693202e+02  2.4550634e+02
5.7565178e-01   2378778  8.4353125e+02  8.4577805e+02  2.2326569e+02
6.0966698e-01   2828400  7.9531910e+02  7.9507586e+02  1.9482030e+02
6.4568974e-01   3356890  7.5103890e+02  7.4849733e+02  1.6761149e+02
6.8383752e-01   3990317  7.0942817e+02  7.1253344e+02  1.5098819e+02
7.2424344e-01   4738457  6.7131948e+02  6.6766903e+02  1.2808211e+02
7.6703215e-01   5629661  6.3584028e+02  6.3831427e+02  1.1520749e+02
8.1235262e-01   6687903  6.0267303e+02  6.0016155e+02  9.8392698e+01
8.6035444e-01   7945758  5.7155236e+02  5.7199016e+02  8.7038031e+01
9.1118812e-01   9436555  5.4200483e+02  5.4332423e+02  7.6013288e+01
9.6501980e-01  11210320  5.1320367e+02  5.1078455e+02  6.5518410e+01
1.0220366e+00  13318613  4.8546622e+02  4.8647689e+02  5.7821292e+01
1.0824208e+00  15819192  4.5796755e+02  4.5817290e+02  5.0216577e+01
1.1463741e+00  18795348  4.3127727e+02  4.2968535e+02  4.3440124e+01
1.2141088e+00  22326034  4.0511783e+02  4.0421496e+02  3.7892415e+01
1.2858419e+00  26520842  3.7975876e+02  3.7936204e+02  3.3029246e+01
1.3618105e+00  31503438  3.5525376e+02  3.5564979e+02  2.8763204e+01
1.4422695e+00  37426927  3.3155155e+02  3.3175295e+02  2.4980114e+01
1.5275481e+00  44525830  3.0894355e+02  3.0909399e+02  2.1683711e+01
