# Power spectrum from CO𝘕CEPT job 4592838 at t = 2.8501215 Gyr, a = 0.3030303
#
# Components:
#   0: matter  (upstream grid size 1024)
#
#                           grid size 1024
# ╭────────────────────────────────────────────────────────────────╮
#                         component 0    (corrected)      (linear)
#                        σ₈ = 2.86e-01  σ₈ = 2.86e-01  σ₈ = 2.83e-01
#  k [Mpc⁻¹]    modes       P [Mpc³]       P [Mpc³]       P [Mpc³]
3.0679616e-03         3  6.5736219e+03  6.5736219e+03  6.5748039e+03
5.8212951e-03        25  9.5763752e+03  9.6243019e+03  9.6219892e+03
1.0440195e-02       124  1.1079126e+04  1.1206324e+04  1.1249504e+04
1.6729547e-02       418  9.9761991e+03  1.0067361e+04  1.0056342e+04
2.3240110e-02       730  7.6834003e+03  7.6849131e+03  7.7337917e+03
2.9075630e-02      1012  6.0713558e+03  6.0566459e+03  6.0541854e+03
3.4544381e-02      1408  5.0809944e+03  5.0691690e+03  5.0599764e+03
3.9898901e-02      1841  4.4480586e+03  4.4445346e+03  4.4725897e+03
4.5580519e-02      2698  3.9960059e+03  3.9996973e+03  4.0140855e+03
5.1612543e-02      3532  3.4765662e+03  3.4820343e+03  3.5097437e+03
5.7899473e-02      4702  2.9022155e+03  2.9027665e+03  2.9265717e+03
6.4462744e-02      6019  2.3746913e+03  2.3690510e+03  2.3719257e+03
7.1309305e-02      7766  1.9786582e+03  1.9711038e+03  1.9754974e+03
7.8556104e-02     10012  1.7634720e+03  1.7595393e+03  1.7623635e+03
8.6194331e-02     12589  1.6437123e+03  1.6458440e+03  1.6447261e+03
9.4153926e-02     15650  1.4831419e+03  1.4872740e+03  1.4897349e+03
1.0254095e-01     19757  1.2504030e+03  1.2507334e+03  1.2526158e+03
1.1136076e-01     24241  1.0286623e+03  1.0250284e+03  1.0162957e+03
1.2060245e-01     29993  8.7604067e+02  8.7310356e+02  8.6248106e+02
1.3029316e-01     36494  7.8018405e+02  7.8058857e+02  7.7319055e+02
1.4046583e-01     44825  6.9303415e+02  6.9394938e+02  6.8291359e+02
1.5111985e-01     53906  5.9803133e+02  5.9658500e+02  5.8282951e+02
1.6229170e-01     65729  5.2620478e+02  5.2473424e+02  5.1352924e+02
1.7401323e-01     78746  4.8109716e+02  4.8201947e+02  4.7355615e+02
1.8625264e-01     94374  4.2719733e+02  4.2799777e+02  4.1917838e+02
1.9902230e-01    112166  3.6247338e+02  3.6174023e+02  3.4978244e+02
2.1238854e-01    134373  3.1325596e+02  3.1235173e+02  2.9666459e+02
2.2637810e-01    159077  2.8007383e+02  2.7978227e+02  2.6422067e+02
2.4096993e-01    188172  2.5155363e+02  2.5143080e+02  2.3956973e+02
2.5621802e-01    222492  2.2746876e+02  2.2768721e+02  2.1751867e+02
2.7214102e-01    261771  2.0140420e+02  2.0160938e+02  1.9094640e+02
2.8873063e-01    306759  1.7516964e+02  1.7477461e+02  1.6108311e+02
3.0605468e-01    360898  1.5506015e+02  1.5451090e+02  1.3967090e+02
3.2421519e-01    425046  1.4102545e+02  1.4109764e+02  1.2916331e+02
3.4337900e-01    505555  1.2658641e+02  1.2691006e+02  1.1773558e+02
3.6368055e-01    600292  1.1166323e+02  1.1151702e+02  1.0010397e+02
3.8517334e-01    712930  9.8869802e+01  9.8389744e+01  8.5272906e+01
4.0793004e-01    846715  8.8872070e+01  8.8947084e+01  7.8621905e+01
4.3202621e-01   1005596  7.9588414e+01  7.9854537e+01  7.0775293e+01
4.5754560e-01   1194719  7.0166388e+01  6.9788030e+01  5.8957537e+01
4.8457948e-01   1419743  6.2492689e+01  6.2414979e+01  5.2757646e+01
5.1321525e-01   1686576  5.5763536e+01  5.6005356e+01  4.7962161e+01
5.4354215e-01   2003484  4.9417047e+01  4.9053325e+01  3.9949349e+01
5.7565178e-01   2378778  4.3953095e+01  4.4070167e+01  3.6330313e+01
6.0966698e-01   2828400  3.9012594e+01  3.9000663e+01  3.1701624e+01
6.4568974e-01   3356890  3.4643070e+01  3.4525836e+01  2.7274149e+01
6.8383752e-01   3990317  3.0878938e+01  3.1014100e+01  2.4569173e+01
7.2424344e-01   4738457  2.7619118e+01  2.7468933e+01  2.0841845e+01
7.6703215e-01   5629661  2.5005376e+01  2.5102669e+01  1.8746858e+01
8.1235262e-01   6687903  2.3038336e+01  2.2942330e+01  1.6010717e+01
8.6035444e-01   7945758  2.1908848e+01  2.1925630e+01  1.4163060e+01
9.1118812e-01   9436555  2.1762807e+01  2.1815784e+01  1.2369088e+01
9.6501980e-01  11210320  2.2749312e+01  2.2642077e+01  1.0661336e+01
1.0220366e+00  13318613  2.5198083e+01  2.5250542e+01  9.4088428e+00
1.0824208e+00  15819192  2.9489908e+01  2.9503131e+01  8.1713849e+00
1.1463741e+00  18795348  3.6012840e+01  3.5879910e+01  7.0687036e+00
1.2141088e+00  22326034  4.4565703e+01  4.4466382e+01  6.1659664e+00
1.2858419e+00  26520842  5.4434183e+01  5.4377317e+01  5.3746192e+00
1.3618105e+00  31503438  6.3534218e+01  6.3605045e+01  4.6804379e+00
1.4422695e+00  37426927  6.9121101e+01  6.9163087e+01  4.0648437e+00
1.5275481e+00  44525830  7.0542862e+01  7.0577212e+01  3.5284443e+00
