# Power spectrum from CO𝘕CEPT job 4592838 at t = 3.6249528 Gyr, a = 0.35714286
#
# Components:
#   0: matter  (upstream grid size 1024)
#
#                           grid size 1024
# ╭────────────────────────────────────────────────────────────────╮
#                         component 0    (corrected)      (linear)
#                        σ₈ = 3.37e-01  σ₈ = 3.37e-01  σ₈ = 3.32e-01
#  k [Mpc⁻¹]    modes       P [Mpc³]       P [Mpc³]       P [Mpc³]
3.0679616e-03         3  9.0049714e+03  9.0049714e+03  9.0064972e+03
5.8212951e-03        25  1.3116752e+04  1.3182397e+04  1.3178566e+04
1.0440195e-02       124  1.5161389e+04  1.5335455e+04  1.5405069e+04
1.6729547e-02       418  1.3661263e+04  1.3786100e+04  1.3769652e+04
2.3240110e-02       730  1.0507090e+04  1.0509159e+04  1.0588874e+04
2.9075630e-02      1012  8.3123055e+03  8.2921662e+03  8.2889569e+03
3.4544381e-02      1408  6.9586379e+03  6.9424424e+03  6.9276318e+03
3.9898901e-02      1841  6.0832916e+03  6.0784720e+03  6.1233642e+03
4.5580519e-02      2698  5.4682599e+03  5.4733113e+03  5.4955819e+03
5.1612543e-02      3532  4.7543655e+03  4.7618434e+03  4.8050671e+03
5.7899473e-02      4702  3.9699748e+03  3.9707285e+03  4.0066455e+03
6.4462744e-02      6019  3.2552494e+03  3.2475176e+03  3.2472898e+03
7.1309305e-02      7766  2.7141110e+03  2.7037486e+03  2.7045500e+03
7.8556104e-02     10012  2.4202385e+03  2.4148411e+03  2.4127534e+03
8.6194331e-02     12589  2.2565213e+03  2.2594478e+03  2.2516978e+03
9.4153926e-02     15650  2.0360926e+03  2.0417653e+03  2.0395051e+03
1.0254095e-01     19757  1.7194707e+03  1.7199251e+03  1.7148775e+03
1.1136076e-01     24241  1.4204192e+03  1.4154013e+03  1.3913448e+03
1.2060245e-01     29993  1.2127325e+03  1.2086666e+03  1.1807661e+03
1.3029316e-01     36494  1.0805271e+03  1.0810874e+03  1.0585235e+03
1.4046583e-01     44825  9.6178249e+02  9.6305263e+02  9.3493070e+02
1.5111985e-01     53906  8.3339148e+02  8.3137593e+02  7.9791191e+02
1.6229170e-01     65729  7.3461118e+02  7.3255823e+02  7.0303733e+02
1.7401323e-01     78746  6.7159136e+02  6.7287886e+02  6.4831268e+02
1.8625264e-01     94374  5.9780812e+02  5.9892824e+02  5.7386768e+02
1.9902230e-01    112166  5.1065352e+02  5.0962066e+02  4.7886242e+02
2.1238854e-01    134373  4.4431464e+02  4.4303210e+02  4.0614242e+02
2.2637810e-01    159077  3.9861290e+02  3.9819794e+02  3.6172568e+02
2.4096993e-01    188172  3.5852521e+02  3.5835014e+02  3.2797778e+02
2.5621802e-01    222492  3.2497617e+02  3.2528827e+02  2.9778919e+02
2.7214102e-01    261771  2.8917092e+02  2.8946550e+02  2.6141097e+02
2.8873063e-01    306759  2.5400111e+02  2.5342830e+02  2.2052725e+02
3.0605468e-01    360898  2.2632146e+02  2.2551979e+02  1.9121333e+02
3.2421519e-01    425046  2.0626939e+02  2.0637497e+02  1.7682813e+02
3.4337900e-01    505555  1.8565617e+02  1.8613085e+02  1.6118324e+02
3.6368055e-01    600292  1.6546683e+02  1.6525017e+02  1.3704507e+02
3.8517334e-01    712930  1.4801969e+02  1.4730099e+02  1.1674093e+02
4.0793004e-01    846715  1.3349888e+02  1.3361157e+02  1.0763552e+02
4.3202621e-01   1005596  1.2023599e+02  1.2063803e+02  9.6893288e+01
4.5754560e-01   1194719  1.0735440e+02  1.0677551e+02  8.0714457e+01
4.8457948e-01   1419743  9.6377448e+01  9.6257603e+01  7.2226635e+01
5.1321525e-01   1686576  8.6692358e+01  8.7068301e+01  6.5661483e+01
5.4354215e-01   2003484  7.7729377e+01  7.7157270e+01  5.4691727e+01
5.7565178e-01   2378778  6.9888796e+01  7.0074950e+01  4.9737167e+01
6.0966698e-01   2828400  6.2751404e+01  6.2732212e+01  4.3400366e+01
6.4568974e-01   3356890  5.6442888e+01  5.6251881e+01  3.7339034e+01
6.8383752e-01   3990317  5.1015548e+01  5.1238851e+01  3.3635848e+01
7.2424344e-01   4738457  4.6299522e+01  4.6047758e+01  2.8533037e+01
7.6703215e-01   5629661  4.2515849e+01  4.2681274e+01  2.5664944e+01
8.1235262e-01   6687903  3.9657793e+01  3.9492529e+01  2.1919093e+01
8.6035444e-01   7945758  3.7899070e+01  3.7928100e+01  1.9389601e+01
9.1118812e-01   9436555  3.7437587e+01  3.7528721e+01  1.6933606e+01
9.6501980e-01  11210320  3.8415412e+01  3.8234331e+01  1.4595648e+01
1.0220366e+00  13318613  4.1061669e+01  4.1147153e+01  1.2880951e+01
1.0824208e+00  15819192  4.5541931e+01  4.5562352e+01  1.1186838e+01
1.1463741e+00  18795348  5.1751519e+01  5.1560495e+01  9.6772381e+00
1.2141088e+00  22326034  5.8809254e+01  5.8678188e+01  8.4413670e+00
1.2858419e+00  26520842  6.5545740e+01  6.5477266e+01  7.3579918e+00
1.3618105e+00  31503438  7.0531273e+01  7.0609900e+01  6.4076392e+00
1.4422695e+00  37426927  7.3014663e+01  7.3059015e+01  5.5648744e+00
1.5275481e+00  44525830  7.3666184e+01  7.3702054e+01  4.8305296e+00
