# Power spectrum from CO𝘕CEPT job 4592838 at t = 2.3139476 Gyr, a = 0.26315789
#
# Components:
#   0: matter  (upstream grid size 1024)
#
#                           grid size 1024
# ╭────────────────────────────────────────────────────────────────╮
#                         component 0    (corrected)      (linear)
#                        σ₈ = 2.48e-01  σ₈ = 2.48e-01  σ₈ = 2.47e-01
#  k [Mpc⁻¹]    modes       P [Mpc³]       P [Mpc³]       P [Mpc³]
3.0679616e-03         3  4.9971236e+03  4.9971236e+03  4.9976357e+03
5.8212951e-03        25  7.2805478e+03  7.3169847e+03  7.3149164e+03
1.0440195e-02       124  8.4288162e+03  8.5255868e+03  8.5534648e+03
1.6729547e-02       418  7.5857901e+03  7.6551090e+03  7.6469436e+03
2.3240110e-02       730  5.8483649e+03  5.8495163e+03  5.8811337e+03
2.9075630e-02      1012  4.6172434e+03  4.6060565e+03  4.6039941e+03
3.4544381e-02      1408  3.8631480e+03  3.8541569e+03  3.8479882e+03
3.9898901e-02      1841  3.3854653e+03  3.3827831e+03  3.4013271e+03
4.5580519e-02      2698  3.0400668e+03  3.0428751e+03  3.0526642e+03
5.1612543e-02      3532  2.6461662e+03  2.6503282e+03  2.6691326e+03
5.7899473e-02      4702  2.2086427e+03  2.2090620e+03  2.2256440e+03
6.4462744e-02      6019  1.8045381e+03  1.8002521e+03  1.8038440e+03
7.1309305e-02      7766  1.5030486e+03  1.4973100e+03  1.5023649e+03
7.8556104e-02     10012  1.3391011e+03  1.3361148e+03  1.3402793e+03
8.6194331e-02     12589  1.2477941e+03  1.2494124e+03  1.2508178e+03
9.4153926e-02     15650  1.1259035e+03  1.1290403e+03  1.1329481e+03
1.0254095e-01     19757  9.4825756e+02  9.4850817e+02  9.5261933e+02
1.1136076e-01     24241  7.7795274e+02  7.7520450e+02  7.7289760e+02
1.2060245e-01     29993  6.6142543e+02  6.5920786e+02  6.5592133e+02
1.3029316e-01     36494  5.8892198e+02  5.8922733e+02  5.8801577e+02
1.4046583e-01     44825  5.2231373e+02  5.2300351e+02  5.1935990e+02
1.5111985e-01     53906  4.4950122e+02  4.4841411e+02  4.4324554e+02
1.6229170e-01     65729  3.9507323e+02  3.9396915e+02  3.9054239e+02
1.7401323e-01     78746  3.6123691e+02  3.6192944e+02  3.6014269e+02
1.8625264e-01     94374  3.2024428e+02  3.2084432e+02  3.1878811e+02
1.9902230e-01    112166  2.7046464e+02  2.6991760e+02  2.6601207e+02
2.1238854e-01    134373  2.3260523e+02  2.3193381e+02  2.2561560e+02
2.2637810e-01    159077  2.0747979e+02  2.0726380e+02  2.0094180e+02
2.4096993e-01    188172  1.8623381e+02  1.8614288e+02  1.8219460e+02
2.5621802e-01    222492  1.6814768e+02  1.6830916e+02  1.6542462e+02
2.7214102e-01    261771  1.4838553e+02  1.4853669e+02  1.4521622e+02
2.8873063e-01    306759  1.2808818e+02  1.2779932e+02  1.2250497e+02
3.0605468e-01    360898  1.1282562e+02  1.1242597e+02  1.0622083e+02
3.2421519e-01    425046  1.0252275e+02  1.0257522e+02  9.8229731e+01
3.4337900e-01    505555  9.1917868e+01  9.2152881e+01  8.9538856e+01
3.6368055e-01    600292  8.0419529e+01  8.0314229e+01  7.6129880e+01
3.8517334e-01    712930  7.0625795e+01  7.0282874e+01  6.4850737e+01
4.0793004e-01    846715  6.3388155e+01  6.3441659e+01  5.9792601e+01
4.3202621e-01   1005596  5.6557120e+01  5.6746232e+01  5.3825191e+01
4.5754560e-01   1194719  4.9334802e+01  4.9068774e+01  4.4837693e+01
4.8457948e-01   1419743  4.3703642e+01  4.3649296e+01  4.0122626e+01
5.1321525e-01   1686576  3.8793143e+01  3.8961370e+01  3.6475621e+01
5.4354215e-01   2003484  3.4035676e+01  3.3785165e+01  3.0381813e+01
5.7565178e-01   2378778  3.0032418e+01  3.0112412e+01  2.7629506e+01
6.0966698e-01   2828400  2.6430681e+01  2.6422598e+01  2.4109350e+01
6.4568974e-01   3356890  2.3221451e+01  2.3142868e+01  2.0742220e+01
6.8383752e-01   3990317  2.0476522e+01  2.0566150e+01  1.8685063e+01
7.2424344e-01   4738457  1.8085375e+01  1.7987032e+01  1.5850399e+01
7.6703215e-01   5629661  1.6166496e+01  1.6229398e+01  1.4257145e+01
8.1235262e-01   6687903  1.4723185e+01  1.4661829e+01  1.2176287e+01
8.6035444e-01   7945758  1.3933082e+01  1.3943754e+01  1.0771128e+01
9.1118812e-01   9436555  1.3905791e+01  1.3939642e+01  9.4067975e+00
9.6501980e-01  11210320  1.4761449e+01  1.4691867e+01  8.1080380e+00
1.0220366e+00  13318613  1.6821135e+01  1.6856154e+01  7.1555062e+00
1.0824208e+00  15819192  2.0514205e+01  2.0523403e+01  6.2144091e+00
1.1463741e+00  18795348  2.6466361e+01  2.6368669e+01  5.3758107e+00
1.2141088e+00  22326034  3.5111541e+01  3.5033289e+01  4.6892715e+00
1.2858419e+00  26520842  4.6683958e+01  4.6635189e+01  4.0874453e+00
1.3618105e+00  31503438  5.9678102e+01  5.9744630e+01  3.5595146e+00
1.4422695e+00  37426927  6.9862219e+01  6.9904655e+01  3.0913499e+00
1.5275481e+00  44525830  7.3091703e+01  7.3127293e+01  2.6834137e+00
