# Power spectrum from CO𝘕CEPT job 4592838 at t = 5.8533978 Gyr, a = 0.5
#
# Components:
#   0: matter  (upstream grid size 1024)
#
#                           grid size 1024
# ╭────────────────────────────────────────────────────────────────╮
#                         component 0    (corrected)      (linear)
#                        σ₈ = 4.68e-01  σ₈ = 4.68e-01  σ₈ = 4.51e-01
#  k [Mpc⁻¹]    modes       P [Mpc³]       P [Mpc³]       P [Mpc³]
3.0679616e-03         3  1.6687847e+04  1.6687847e+04  1.6676422e+04
5.8212951e-03        25  2.4302010e+04  2.4423634e+04  2.4394062e+04
1.0440195e-02       124  2.8027615e+04  2.8349398e+04  2.8506217e+04
1.6729547e-02       418  2.5293903e+04  2.5525038e+04  2.5474112e+04
2.3240110e-02       730  1.9386308e+04  1.9390124e+04  1.9587092e+04
2.9075630e-02      1012  1.5380152e+04  1.5342888e+04  1.5331713e+04
3.4544381e-02      1408  1.2885508e+04  1.2855519e+04  1.2813200e+04
3.9898901e-02      1841  1.1225208e+04  1.1216315e+04  1.1325326e+04
4.5580519e-02      2698  1.0104724e+04  1.0114058e+04  1.0164008e+04
5.1612543e-02      3532  8.7708389e+03  8.7846340e+03  8.8867634e+03
5.7899473e-02      4702  7.3300284e+03  7.3314201e+03  7.4100234e+03
6.4462744e-02      6019  6.0459348e+03  6.0315747e+03  6.0055865e+03
7.1309305e-02      7766  5.0525412e+03  5.0332507e+03  5.0017966e+03
7.8556104e-02     10012  4.5123105e+03  4.5022476e+03  4.4621198e+03
8.6194331e-02     12589  4.2075243e+03  4.2129811e+03  4.1642443e+03
9.4153926e-02     15650  3.7958984e+03  3.8064740e+03  3.7718038e+03
1.0254095e-01     19757  3.2232704e+03  3.2241223e+03  3.1714357e+03
1.1136076e-01     24241  2.6953250e+03  2.6858034e+03  2.5730982e+03
1.2060245e-01     29993  2.3180906e+03  2.3103187e+03  2.1836571e+03
1.3029316e-01     36494  2.0692502e+03  2.0703231e+03  1.9575832e+03
1.4046583e-01     44825  1.8495704e+03  1.8520130e+03  1.7290137e+03
1.5111985e-01     53906  1.6226741e+03  1.6187496e+03  1.4756160e+03
1.6229170e-01     65729  1.4382099e+03  1.4341907e+03  1.3001585e+03
1.7401323e-01     78746  1.3150463e+03  1.3175674e+03  1.1989525e+03
1.8625264e-01     94374  1.1786412e+03  1.1808496e+03  1.0612773e+03
1.9902230e-01    112166  1.0248760e+03  1.0228031e+03  8.8557945e+02
2.1238854e-01    134373  9.0629042e+02  9.0367437e+02  7.5109496e+02
2.2637810e-01    159077  8.2089138e+02  8.2003683e+02  6.6895299e+02
2.4096993e-01    188172  7.4249919e+02  7.4213664e+02  6.0654142e+02
2.5621802e-01    222492  6.7754645e+02  6.7819715e+02  5.5071232e+02
2.7214102e-01    261771  6.1158142e+02  6.1220444e+02  4.8343659e+02
2.8873063e-01    306759  5.4859705e+02  5.4735987e+02  4.0782875e+02
3.0605468e-01    360898  4.9645513e+02  4.9469661e+02  3.5361739e+02
3.2421519e-01    425046  4.5585122e+02  4.5608454e+02  3.2701427e+02
3.4337900e-01    505555  4.1485895e+02  4.1591964e+02  2.9808156e+02
3.6368055e-01    600292  3.7743792e+02  3.7694371e+02  2.5344199e+02
3.8517334e-01    712930  3.4466988e+02  3.4299635e+02  2.1589282e+02
4.0793004e-01    846715  3.1481054e+02  3.1507627e+02  1.9905386e+02
4.3202621e-01   1005596  2.8788376e+02  2.8884637e+02  1.7918788e+02
4.5754560e-01   1194719  2.6300355e+02  2.6158536e+02  1.4926782e+02
4.8457948e-01   1419743  2.4064622e+02  2.4034698e+02  1.3357101e+02
5.1321525e-01   1686576  2.2065921e+02  2.2161611e+02  1.2142985e+02
5.4354215e-01   2003484  2.0250686e+02  2.0101636e+02  1.0114312e+02
5.7565178e-01   2378778  1.8599295e+02  1.8648835e+02  9.1980491e+01
6.0966698e-01   2828400  1.7130076e+02  1.7124837e+02  8.0261640e+01
6.4568974e-01   3356890  1.5799445e+02  1.5745979e+02  6.9052225e+01
6.8383752e-01   3990317  1.4638890e+02  1.4702967e+02  6.2203803e+01
7.2424344e-01   4738457  1.3630063e+02  1.3555947e+02  5.2767014e+01
7.6703215e-01   5629661  1.2791059e+02  1.2840827e+02  4.7462958e+01
8.1235262e-01   6687903  1.2123692e+02  1.2073170e+02  4.0535640e+01
8.6035444e-01   7945758  1.1632704e+02  1.1641615e+02  3.5857770e+01
9.1118812e-01   9436555  1.1323703e+02  1.1351268e+02  3.1315821e+01
9.6501980e-01  11210320  1.1182220e+02  1.1129509e+02  2.6992164e+01
1.0220366e+00  13318613  1.1165409e+02  1.1188653e+02  2.3821121e+01
1.0824208e+00  15819192  1.1232005e+02  1.1237042e+02  2.0688146e+01
1.1463741e+00  18795348  1.1312070e+02  1.1270315e+02  1.7896397e+01
1.2141088e+00  22326034  1.1339511e+02  1.1314239e+02  1.5610863e+01
1.2858419e+00  26520842  1.1271892e+02  1.1260117e+02  1.3607344e+01
1.3618105e+00  31503438  1.1130545e+02  1.1142953e+02  1.1849828e+01
1.4422695e+00  37426927  1.0924024e+02  1.0930659e+02  1.0291277e+01
1.5275481e+00  44525830  1.0681774e+02  1.0686975e+02  8.9332313e+00
