# Power spectrum from CO𝘕CEPT job 4592838 at t = 2.9820513 Gyr, a = 0.3125
#
# Components:
#   0: matter  (upstream grid size 1024)
#
#                           grid size 1024
# ╭────────────────────────────────────────────────────────────────╮
#                         component 0    (corrected)      (linear)
#                        σ₈ = 2.95e-01  σ₈ = 2.95e-01  σ₈ = 2.92e-01
#  k [Mpc⁻¹]    modes       P [Mpc³]       P [Mpc³]       P [Mpc³]
3.0679616e-03         3  6.9757511e+03  6.9757511e+03  6.9770974e+03
5.8212951e-03        25  1.0161958e+04  1.0212815e+04  1.0210419e+04
1.0440195e-02       124  1.1754717e+04  1.1889672e+04  1.1937083e+04
1.6729547e-02       418  1.0585811e+04  1.0682544e+04  1.0670779e+04
2.3240110e-02       730  8.1509345e+03  8.1525393e+03  8.2062336e+03
2.9075630e-02      1012  6.4421319e+03  6.4265237e+03  6.4239882e+03
3.4544381e-02      1408  5.3915960e+03  5.3790477e+03  5.3690333e+03
3.9898901e-02      1841  4.7188039e+03  4.7150654e+03  4.7457593e+03
4.5580519e-02      2698  4.2396755e+03  4.2435920e+03  4.2592444e+03
5.1612543e-02      3532  3.6881417e+03  3.6939426e+03  3.7240955e+03
5.7899473e-02      4702  3.0789709e+03  3.0795555e+03  3.1053043e+03
6.4462744e-02      6019  2.5202285e+03  2.5142426e+03  2.5167829e+03
7.1309305e-02      7766  2.1001353e+03  2.0921170e+03  2.0961429e+03
7.8556104e-02     10012  1.8719078e+03  1.8677333e+03  1.8699919e+03
8.6194331e-02     12589  1.7448884e+03  1.7471513e+03  1.7451696e+03
9.4153926e-02     15650  1.5744354e+03  1.5788219e+03  1.5807126e+03
1.0254095e-01     19757  1.3277308e+03  1.3280817e+03  1.3291124e+03
1.1136076e-01     24241  1.0930359e+03  1.0891745e+03  1.0783601e+03
1.2060245e-01     29993  9.3125705e+02  9.2813481e+02  9.1515200e+02
1.3029316e-01     36494  8.2941475e+02  8.2984479e+02  8.2040848e+02
1.4046583e-01     44825  7.3703652e+02  7.3800986e+02  7.2461832e+02
1.5111985e-01     53906  6.3644008e+02  6.3490085e+02  6.1842216e+02
1.6229170e-01     65729  5.6016482e+02  5.5859938e+02  5.4488976e+02
1.7401323e-01     78746  5.1213776e+02  5.1311958e+02  5.0247554e+02
1.8625264e-01     94374  4.5494746e+02  4.5579990e+02  4.4477697e+02
1.9902230e-01    112166  3.8646353e+02  3.8568186e+02  3.7114310e+02
2.1238854e-01    134373  3.3438365e+02  3.3341843e+02  3.1478142e+02
2.2637810e-01    159077  2.9913741e+02  2.9882601e+02  2.8035619e+02
2.4096993e-01    188172  2.6873108e+02  2.6859986e+02  2.5419985e+02
2.5621802e-01    222492  2.4309795e+02  2.4333141e+02  2.3080216e+02
2.7214102e-01    261771  2.1542261e+02  2.1564206e+02  2.0260716e+02
2.8873063e-01    306759  1.8769496e+02  1.8727167e+02  1.7092017e+02
3.0605468e-01    360898  1.6634120e+02  1.6575199e+02  1.4820036e+02
3.2421519e-01    425046  1.5133111e+02  1.5140856e+02  1.3705108e+02
3.4337900e-01    505555  1.3588977e+02  1.3623721e+02  1.2492548e+02
3.6368055e-01    600292  1.2009634e+02  1.1993909e+02  1.0621714e+02
3.8517334e-01    712930  1.0653670e+02  1.0601942e+02  9.0480363e+01
4.0793004e-01    846715  9.5810728e+01  9.5891599e+01  8.3423197e+01
4.3202621e-01   1005596  8.5884121e+01  8.6171295e+01  7.5097406e+01
4.5754560e-01   1194719  7.5897032e+01  7.5487772e+01  6.2557962e+01
4.8457948e-01   1419743  6.7688536e+01  6.7604365e+01  5.5979455e+01
5.1321525e-01   1686576  6.0482182e+01  6.0744465e+01  5.0891118e+01
5.4354215e-01   2003484  5.3716403e+01  5.3321037e+01  4.2388979e+01
5.7565178e-01   2378778  4.7870017e+01  4.7997522e+01  3.8548935e+01
6.0966698e-01   2828400  4.2575834e+01  4.2562813e+01  3.3637580e+01
6.4568974e-01   3356890  3.7897562e+01  3.7769314e+01  2.8939728e+01
6.8383752e-01   3990317  3.3865992e+01  3.4014229e+01  2.6069564e+01
7.2424344e-01   4738457  3.0375011e+01  3.0209841e+01  2.2114616e+01
7.6703215e-01   5629661  2.7575818e+01  2.7683113e+01  1.9891692e+01
8.1235262e-01   6687903  2.5468519e+01  2.5362386e+01  1.6988460e+01
8.6035444e-01   7945758  2.4244317e+01  2.4262888e+01  1.5027970e+01
9.1118812e-01   9436555  2.4058149e+01  2.4116713e+01  1.3124444e+01
9.6501980e-01  11210320  2.5062824e+01  2.4944684e+01  1.1312403e+01
1.0220366e+00  13318613  2.7579987e+01  2.7637405e+01  9.9834218e+00
1.0824208e+00  15819192  3.1963911e+01  3.1978243e+01  8.6703947e+00
1.1463741e+00  18795348  3.8524706e+01  3.8382504e+01  7.5003748e+00
1.2141088e+00  22326034  4.6913958e+01  4.6809404e+01  6.5425093e+00
1.2858419e+00  26520842  5.6266064e+01  5.6207285e+01  5.7028361e+00
1.3618105e+00  31503438  6.4529900e+01  6.4601836e+01  4.9662625e+00
1.4422695e+00  37426927  6.9379467e+01  6.9421610e+01  4.3130751e+00
1.5275481e+00  44525830  7.0606166e+01  7.0640547e+01  3.7439189e+00
