# Power spectrum from CO𝘕CEPT job 4592838 at t = 2.727498 Gyr, a = 0.29411765
#
# Components:
#   0: matter  (upstream grid size 1024)
#
#                           grid size 1024
# ╭────────────────────────────────────────────────────────────────╮
#                         component 0    (corrected)      (linear)
#                        σ₈ = 2.77e-01  σ₈ = 2.77e-01  σ₈ = 2.75e-01
#  k [Mpc⁻¹]    modes       P [Mpc³]       P [Mpc³]       P [Mpc³]
3.0679616e-03         3  6.2046574e+03  6.2046574e+03  6.2056768e+03
5.8212951e-03        25  9.0390766e+03  9.0843144e+03  9.0820569e+03
1.0440195e-02       124  1.0459099e+04  1.0579179e+04  1.0618575e+04
1.6729547e-02       418  9.4168185e+03  9.5028693e+03  9.4925158e+03
2.3240110e-02       730  7.2542363e+03  7.2556646e+03  7.3002587e+03
2.9075630e-02      1012  5.7311105e+03  5.7172249e+03  5.7148360e+03
3.4544381e-02      1408  4.7959926e+03  4.7848304e+03  4.7763694e+03
3.9898901e-02      1841  4.1995380e+03  4.1962109e+03  4.2219139e+03
4.5580519e-02      2698  3.7723728e+03  3.7758576e+03  3.7891134e+03
5.1612543e-02      3532  3.2823554e+03  3.2875180e+03  3.3130418e+03
5.7899473e-02      4702  2.7399818e+03  2.7405020e+03  2.7625559e+03
6.4462744e-02      6019  2.2411937e+03  2.2358705e+03  2.2389958e+03
7.1309305e-02      7766  1.8672569e+03  1.8601278e+03  1.8647855e+03
7.8556104e-02     10012  1.6640463e+03  1.6603353e+03  1.6635970e+03
8.6194331e-02     12589  1.5509458e+03  1.5529573e+03  1.5525527e+03
9.4153926e-02     15650  1.3994370e+03  1.4033359e+03  1.4062479e+03
1.0254095e-01     19757  1.1795435e+03  1.1798553e+03  1.1824176e+03
1.1136076e-01     24241  9.6974778e+02  9.6632201e+02  9.5934134e+02
1.2060245e-01     29993  8.2554583e+02  8.2277802e+02  8.1414679e+02
1.3029316e-01     36494  7.3517127e+02  7.3555244e+02  7.2986030e+02
1.4046583e-01     44825  6.5282152e+02  6.5368364e+02  6.4464261e+02
1.5111985e-01     53906  5.6297522e+02  5.6161367e+02  5.5016736e+02
1.6229170e-01     65729  4.9522681e+02  4.9384285e+02  4.8475077e+02
1.7401323e-01     78746  4.5278218e+02  4.5365021e+02  4.4701782e+02
1.8625264e-01     94374  4.0190207e+02  4.0265512e+02  3.9568744e+02
1.9902230e-01    112166  3.4064629e+02  3.3995729e+02  3.3018049e+02
2.1238854e-01    134373  2.9406720e+02  2.9321836e+02  2.8003940e+02
2.2637810e-01    159077  2.6277598e+02  2.6250243e+02  2.4941366e+02
2.4096993e-01    188172  2.3597593e+02  2.3586071e+02  2.2614417e+02
2.5621802e-01    222492  2.1330530e+02  2.1351015e+02  2.0532886e+02
2.7214102e-01    261771  1.8871787e+02  1.8891012e+02  1.8024572e+02
2.8873063e-01    306759  1.6386014e+02  1.6349061e+02  1.5205597e+02
3.0605468e-01    360898  1.4488944e+02  1.4437622e+02  1.3184372e+02
3.2421519e-01    425046  1.3174185e+02  1.3180928e+02  1.2192498e+02
3.4337900e-01    505555  1.1821441e+02  1.1851665e+02  1.1113766e+02
3.6368055e-01    600292  1.0409041e+02  1.0395411e+02  9.4494129e+01
3.8517334e-01    712930  9.1999394e+01  9.1552695e+01  8.0494199e+01
4.0793004e-01    846715  8.2661657e+01  8.2731430e+01  7.4215922e+01
4.3202621e-01   1005596  7.3962019e+01  7.4209329e+01  6.6809036e+01
4.5754560e-01   1194719  6.5056723e+01  6.4705918e+01  5.5653550e+01
4.8457948e-01   1419743  5.7869129e+01  5.7797168e+01  4.9801102e+01
5.1321525e-01   1686576  5.1573313e+01  5.1796962e+01  4.5274356e+01
5.4354215e-01   2003484  4.5606577e+01  4.5270902e+01  3.7710584e+01
5.7565178e-01   2378778  4.0490002e+01  4.0597850e+01  3.4294359e+01
6.0966698e-01   2828400  3.5869963e+01  3.5858993e+01  2.9925062e+01
6.4568974e-01   3356890  3.1779238e+01  3.1671695e+01  2.5745704e+01
6.8383752e-01   3990317  2.8257891e+01  2.8381580e+01  2.3192314e+01
7.2424344e-01   4738457  2.5206793e+01  2.5069726e+01  1.9673867e+01
7.6703215e-01   5629661  2.2760249e+01  2.2848806e+01  1.7696283e+01
8.1235262e-01   6687903  2.0919545e+01  2.0832369e+01  1.5113476e+01
8.6035444e-01   7945758  1.9873943e+01  1.9889166e+01  1.3369362e+01
9.1118812e-01   9436555  1.9761012e+01  1.9809116e+01  1.1675924e+01
9.6501980e-01  11210320  2.0724996e+01  2.0627304e+01  1.0063875e+01
1.0220366e+00  13318613  2.3099513e+01  2.3147603e+01  8.8815711e+00
1.0824208e+00  15819192  2.7285037e+01  2.7297272e+01  7.7134604e+00
1.1463741e+00  18795348  3.3736639e+01  3.3612111e+01  6.6725734e+00
1.2141088e+00  22326034  4.2396518e+01  4.2302031e+01  5.8204258e+00
1.2858419e+00  26520842  5.2722276e+01  5.2667198e+01  5.0734257e+00
1.3618105e+00  31503438  6.2649529e+01  6.2719369e+01  4.4181464e+00
1.4422695e+00  37426927  6.9037923e+01  6.9079858e+01  3.8370501e+00
1.5275481e+00  44525830  7.0697884e+01  7.0732309e+01  3.3307106e+00
