# Power spectrum from CO𝘕CEPT job 4592838 at t = 13.790139 Gyr, a = 1
#
# Components:
#   0: matter  (upstream grid size 1024)
#
#                           grid size 1024
# ╭────────────────────────────────────────────────────────────────╮
#                         component 0    (corrected)      (linear)
#                        σ₈ = 8.14e-01  σ₈ = 8.14e-01  σ₈ = 7.40e-01
#  k [Mpc⁻¹]    modes       P [Mpc³]       P [Mpc³]       P [Mpc³]
3.0679616e-03         3  4.5050988e+04  4.5050988e+04  4.5054339e+04
5.8212951e-03        25  6.5574640e+04  6.5902820e+04  6.5876260e+04
1.0440195e-02       124  7.5205767e+04  7.6069198e+04  7.6942445e+04
1.6729547e-02       418  6.8077468e+04  6.8699559e+04  6.8730185e+04
2.3240110e-02       730  5.1718044e+04  5.1728226e+04  5.2833889e+04
2.9075630e-02      1012  4.1290682e+04  4.1190641e+04  4.1349936e+04
3.4544381e-02      1408  3.4651778e+04  3.4571130e+04  3.4554505e+04
3.9898901e-02      1841  2.9931943e+04  2.9908229e+04  3.0540194e+04
4.5580519e-02      2698  2.7030903e+04  2.7055873e+04  2.7407278e+04
5.1612543e-02      3532  2.3358961e+04  2.3395701e+04  2.3962308e+04
5.7899473e-02      4702  1.9578437e+04  1.9582155e+04  1.9979850e+04
6.4462744e-02      6019  1.6418550e+04  1.6379553e+04  1.6192662e+04
7.1309305e-02      7766  1.3847617e+04  1.3794747e+04  1.3485934e+04
7.8556104e-02     10012  1.2424642e+04  1.2396934e+04  1.2030670e+04
8.6194331e-02     12589  1.1551013e+04  1.1565994e+04  1.1227409e+04
9.4153926e-02     15650  1.0396214e+04  1.0425178e+04  1.0169232e+04
1.0254095e-01     19757  8.9934273e+03  8.9958041e+03  8.5504974e+03
1.1136076e-01     24241  7.7909592e+03  7.7634365e+03  6.9372741e+03
1.2060245e-01     29993  6.8376439e+03  6.8147193e+03  5.8872766e+03
1.3029316e-01     36494  6.1527399e+03  6.1559300e+03  5.2777418e+03
1.4046583e-01     44825  5.5333849e+03  5.5406923e+03  4.6614882e+03
1.5111985e-01     53906  5.0154690e+03  5.0033391e+03  3.9783043e+03
1.6229170e-01     65729  4.5190277e+03  4.5063988e+03  3.5052552e+03
1.7401323e-01     78746  4.1526564e+03  4.1606174e+03  3.2323936e+03
1.8625264e-01     94374  3.7796879e+03  3.7867699e+03  2.8612130e+03
1.9902230e-01    112166  3.4285971e+03  3.4216624e+03  2.3875257e+03
2.1238854e-01    134373  3.1169816e+03  3.1079843e+03  2.0249517e+03
2.2637810e-01    159077  2.8875005e+03  2.8844945e+03  1.8034945e+03
2.4096993e-01    188172  2.6661736e+03  2.6648717e+03  1.6352312e+03
2.5621802e-01    222492  2.4696649e+03  2.4720367e+03  1.4847148e+03
2.7214102e-01    261771  2.2996796e+03  2.3020223e+03  1.3033389e+03
2.8873063e-01    306759  2.1337332e+03  2.1289213e+03  1.0995002e+03
3.0605468e-01    360898  1.9952779e+03  1.9882103e+03  9.5334652e+02
3.2421519e-01    425046  1.8602802e+03  1.8612324e+03  8.8162439e+02
3.4337900e-01    505555  1.7440394e+03  1.7484985e+03  8.0362192e+02
3.6368055e-01    600292  1.6364282e+03  1.6342855e+03  6.8327417e+02
3.8517334e-01    712930  1.5348959e+03  1.5274433e+03  5.8204216e+02
4.0793004e-01    846715  1.4456406e+03  1.4468608e+03  5.3664448e+02
4.3202621e-01   1005596  1.3575322e+03  1.3620715e+03  4.8308608e+02
4.5754560e-01   1194719  1.2796165e+03  1.2727164e+03  4.0242223e+02
4.8457948e-01   1419743  1.2035893e+03  1.2020927e+03  3.6010390e+02
5.1321525e-01   1686576  1.1366281e+03  1.1415571e+03  3.2737157e+02
5.4354215e-01   2003484  1.0705194e+03  1.0626401e+03  2.7267904e+02
5.7565178e-01   2378778  1.0123823e+03  1.0150789e+03  2.4797678e+02
6.0966698e-01   2828400  9.5681730e+02  9.5652467e+02  2.1638305e+02
6.4568974e-01   3356890  9.0517654e+02  9.0211336e+02  1.8616275e+02
6.8383752e-01   3990317  8.5593762e+02  8.5968418e+02  1.6769958e+02
7.2424344e-01   4738457  8.1031740e+02  8.0591113e+02  1.4225826e+02
7.6703215e-01   5629661  7.6771846e+02  7.7070558e+02  1.2795866e+02
8.1235262e-01   6687903  7.2708156e+02  7.2405164e+02  1.0928281e+02
8.6035444e-01   7945758  6.8862072e+02  6.8914820e+02  9.6671403e+01
9.1118812e-01   9436555  6.5163439e+02  6.5322066e+02  8.4426440e+01
9.6501980e-01  11210320  6.1522382e+02  6.1232379e+02  7.2769988e+01
1.0220366e+00  13318613  5.8052269e+02  5.8173125e+02  6.4220951e+01
1.0824208e+00  15819192  5.4630727e+02  5.4655223e+02  5.5774545e+01
1.1463741e+00  18795348  5.1284096e+02  5.1094797e+02  4.8248075e+01
1.2141088e+00  22326034  4.8032781e+02  4.7925733e+02  4.2086345e+01
1.2858419e+00  26520842  4.4906276e+02  4.4859364e+02  3.6684920e+01
1.3618105e+00  31503438  4.1889043e+02  4.1935740e+02  3.1946712e+01
1.4422695e+00  37426927  3.8997949e+02  3.9021638e+02  2.7744909e+01
1.5275481e+00  44525830  3.6231333e+02  3.6248975e+02  2.4083660e+01
