# Power spectrum from CO𝘕CEPT job 4701187 at t = 2.2265221 Gyr, a = 0.25641026
#
# Components:
#   0: matter  (upstream grid size 1024)
#
#                           grid size 1024
# ╭────────────────────────────────────────────────────────────────╮
#                         component 0    (corrected)      (linear)
#                        σ₈ = 2.37e-01  σ₈ = 2.37e-01  σ₈ = 2.36e-01
#  k [Mpc⁻¹]    modes       P [Mpc³]       P [Mpc³]       P [Mpc³]
3.0679616e-03         3  4.7496867e+03  4.7496867e+03  4.7500737e+03
5.8212951e-03        25  6.9197577e+03  6.9543889e+03  6.9524020e+03
1.0440195e-02       124  8.0090590e+03  8.1010103e+03  8.1269824e+03
1.6729547e-02       418  7.1960658e+03  7.2618234e+03  7.2547099e+03
2.3240110e-02       730  5.5290613e+03  5.5301498e+03  5.5591552e+03
2.9075630e-02      1012  4.3410194e+03  4.3305018e+03  4.3282850e+03
3.4544381e-02      1408  3.6085984e+03  3.6001998e+03  3.5940790e+03
3.9898901e-02      1841  3.1418941e+03  3.1394049e+03  3.1555698e+03
4.5580519e-02      2698  2.8023098e+03  2.8048985e+03  2.8130609e+03
5.1612543e-02      3532  2.4239745e+03  2.4277871e+03  2.4437980e+03
5.7899473e-02      4702  2.0117053e+03  2.0120872e+03  2.0260226e+03
6.4462744e-02      6019  1.6369103e+03  1.6330224e+03  1.6355145e+03
7.1309305e-02      7766  1.3633143e+03  1.3581092e+03  1.3622775e+03
7.8556104e-02     10012  1.2203960e+03  1.2176744e+03  1.2214687e+03
8.6194331e-02     12589  1.1459835e+03  1.1474698e+03  1.1494792e+03
9.4153926e-02     15650  1.0414264e+03  1.0443279e+03  1.0491471e+03
1.0254095e-01     19757  8.7993996e+02  8.8017252e+02  8.8553430e+02
1.1136076e-01     24241  7.1969638e+02  7.1715395e+02  7.1655583e+02
1.2060245e-01     29993  6.0629863e+02  6.0426588e+02  6.0227363e+02
1.3029316e-01     36494  5.3337827e+02  5.3365482e+02  5.3281514e+02
1.4046583e-01     44825  4.6802039e+02  4.6863847e+02  4.6516222e+02
1.5111985e-01     53906  4.0120451e+02  4.0023421e+02  3.9546093e+02
1.6229170e-01     65729  3.5525958e+02  3.5426677e+02  3.5163895e+02
1.7401323e-01     78746  3.2961626e+02  3.3024816e+02  3.3024823e+02
1.8625264e-01     94374  2.9507456e+02  2.9562745e+02  2.9641916e+02
1.9902230e-01    112166  2.4810102e+02  2.4759920e+02  2.4602040e+02
2.1238854e-01    134373  2.0971187e+02  2.0910653e+02  2.0441838e+02
2.2637810e-01    159077  1.8412197e+02  1.8393030e+02  1.7792566e+02
2.4096993e-01    188172  1.6539420e+02  1.6531344e+02  1.6187953e+02
2.5621802e-01    222492  1.5179988e+02  1.5194566e+02  1.5077779e+02
2.7214102e-01    261771  1.3561569e+02  1.3575385e+02  1.3550111e+02
2.8873063e-01    306759  1.1594107e+02  1.1567961e+02  1.1270591e+02
3.0605468e-01    360898  1.0002738e+02  9.9673071e+01  9.4210115e+01
3.2421519e-01    425046  9.0523764e+01  9.0570098e+01  8.6551695e+01
3.4337900e-01    505555  8.2476213e+01  8.2687085e+01  8.1912196e+01
3.6368055e-01    600292  7.2544127e+01  7.2449139e+01  7.1050452e+01
3.8517334e-01    712930  6.2621678e+01  6.2317621e+01  5.8054519e+01
4.0793004e-01    846715  5.5796691e+01  5.5843788e+01  5.2484693e+01
4.3202621e-01   1005596  5.0399411e+01  5.0567933e+01  4.9706637e+01
4.5754560e-01   1194719  4.3814713e+01  4.3578451e+01  4.1352330e+01
4.8457948e-01   1419743  3.8327145e+01  3.8279485e+01  3.5070840e+01
5.1321525e-01   1686576  3.4185711e+01  3.4333958e+01  3.3363097e+01
5.4354215e-01   2003484  2.9917819e+01  2.9697617e+01  2.7909023e+01
5.7565178e-01   2378778  2.6198651e+01  2.6268433e+01  2.4167770e+01
6.0966698e-01   2828400  2.3088093e+01  2.3081032e+01  2.2435168e+01
6.4568974e-01   3356890  2.0157410e+01  2.0089196e+01  1.8367650e+01
6.8383752e-01   3990317  1.7720987e+01  1.7798554e+01  1.7042090e+01
7.2424344e-01   4738457  1.5579071e+01  1.5494357e+01  1.4200123e+01
7.6703215e-01   5629661  1.3861544e+01  1.3915478e+01  1.2937571e+01
8.1235262e-01   6687903  1.2572069e+01  1.2519679e+01  1.0866119e+01
8.6035444e-01   7945758  1.1876489e+01  1.1885586e+01  9.8442684e+00
9.1118812e-01   9436555  1.1876755e+01  1.1905667e+01  8.3207365e+00
9.6501980e-01  11210320  1.2681569e+01  1.2621791e+01  7.4111384e+00
1.0220366e+00  13318613  1.4595941e+01  1.4626328e+01  6.4641933e+00
1.0824208e+00  15819192  1.8049654e+01  1.8057747e+01  5.5428303e+00
1.1463741e+00  18795348  2.3709678e+01  2.3622161e+01  4.8538124e+00
1.2141088e+00  22326034  3.2197099e+01  3.2125343e+01  4.2583096e+00
1.2858419e+00  26520842  4.4104002e+01  4.4057928e+01  3.6988607e+00
1.3618105e+00  31503438  5.8384609e+01  5.8449695e+01  3.1959050e+00
1.4422695e+00  37426927  7.0627324e+01  7.0670225e+01  2.7785720e+00
1.5275481e+00  44525830  7.5016818e+01  7.5053346e+01  2.4089904e+00
