# Power spectrum from CO𝘕CEPT job 4701187 at t = 7.2998856 Gyr, a = 0.58823529
#
# Components:
#   0: matter  (upstream grid size 1024)
#
#                           grid size 1024
# ╭────────────────────────────────────────────────────────────────╮
#                         component 0    (corrected)      (linear)
#                        σ₈ = 5.32e-01  σ₈ = 5.32e-01  σ₈ = 5.07e-01
#  k [Mpc⁻¹]    modes       P [Mpc³]       P [Mpc³]       P [Mpc³]
3.0679616e-03         3  2.1964086e+04  2.1964086e+04  2.1951730e+04
5.8212951e-03        25  3.1980350e+04  3.2140402e+04  3.2105014e+04
1.0440195e-02       124  3.6824240e+04  3.7247016e+04  3.7498747e+04
1.6729547e-02       418  3.3207929e+04  3.3511383e+04  3.3455442e+04
2.3240110e-02       730  2.5313268e+04  2.5318251e+04  2.5628444e+04
2.9075630e-02      1012  2.0006456e+04  1.9957983e+04  1.9950771e+04
3.4544381e-02      1408  1.6663552e+04  1.6624770e+04  1.6564913e+04
3.9898901e-02      1841  1.4394174e+04  1.4382770e+04  1.4542888e+04
4.5580519e-02      2698  1.2883010e+04  1.2894910e+04  1.2963739e+04
5.1612543e-02      3532  1.1104068e+04  1.1121533e+04  1.1261591e+04
5.7899473e-02      4702  9.2351692e+03  9.2369226e+03  9.3361089e+03
6.4462744e-02      6019  7.6171191e+03  7.5990272e+03  7.5364364e+03
7.1309305e-02      7766  6.3758016e+03  6.3514590e+03  6.2772490e+03
7.8556104e-02     10012  5.7230870e+03  5.7103240e+03  5.6283331e+03
8.6194331e-02     12589  5.3705742e+03  5.3775394e+03  5.2965549e+03
9.4153926e-02     15650  4.8732671e+03  4.8868443e+03  4.8341995e+03
1.0254095e-01     19757  4.1631955e+03  4.1642958e+03  4.0802817e+03
1.1136076e-01     24241  3.4982546e+03  3.4858965e+03  3.3016569e+03
1.2060245e-01     29993  3.0005576e+03  2.9904976e+03  2.7750666e+03
1.3029316e-01     36494  2.6586809e+03  2.6600594e+03  2.4550151e+03
1.4046583e-01     44825  2.3633016e+03  2.3664226e+03  2.1432873e+03
1.5111985e-01     53906  2.0838117e+03  2.0787720e+03  1.8221248e+03
1.6229170e-01     65729  1.8605668e+03  1.8553673e+03  1.6202063e+03
1.7401323e-01     78746  1.7142635e+03  1.7175499e+03  1.5216433e+03
1.8625264e-01     94374  1.5487882e+03  1.5516901e+03  1.3657706e+03
1.9902230e-01    112166  1.3564680e+03  1.3537244e+03  1.1335531e+03
2.1238854e-01    134373  1.2001258e+03  1.1966616e+03  9.4186801e+02
2.2637810e-01    159077  1.0868946e+03  1.0857631e+03  8.1980040e+02
2.4096993e-01    188172  9.8666677e+02  9.8618499e+02  7.4586635e+02
2.5621802e-01    222492  9.0661000e+02  9.0748069e+02  6.9471395e+02
2.7214102e-01    261771  8.2632572e+02  8.2716751e+02  6.2432560e+02
2.8873063e-01    306759  7.4604639e+02  7.4436393e+02  5.1929562e+02
3.0605468e-01    360898  6.7808116e+02  6.7567929e+02  4.3407543e+02
3.2421519e-01    425046  6.2435894e+02  6.2467851e+02  3.9878884e+02
3.4337900e-01    505555  5.7247771e+02  5.7394140e+02  3.7741205e+02
3.6368055e-01    600292  5.2481478e+02  5.2412760e+02  3.2736620e+02
3.8517334e-01    712930  4.8236592e+02  4.8002382e+02  2.6748710e+02
4.0793004e-01    846715  4.4358540e+02  4.4395982e+02  2.4182394e+02
4.3202621e-01   1005596  4.0835089e+02  4.0971631e+02  2.2902393e+02
4.5754560e-01   1194719  3.7593372e+02  3.7390657e+02  1.9053130e+02
4.8457948e-01   1419743  3.4643508e+02  3.4600429e+02  1.6158922e+02
5.1321525e-01   1686576  3.1994743e+02  3.2133489e+02  1.5372074e+02
5.4354215e-01   2003484  2.9586426e+02  2.9368662e+02  1.2859101e+02
5.7565178e-01   2378778  2.7383741e+02  2.7456679e+02  1.1135314e+02
6.0966698e-01   2828400  2.5427735e+02  2.5419958e+02  1.0337014e+02
6.4568974e-01   3356890  2.3643578e+02  2.3563566e+02  8.4629014e+01
6.8383752e-01   3990317  2.2067343e+02  2.2163935e+02  7.8521472e+01
7.2424344e-01   4738457  2.0688251e+02  2.0575754e+02  6.5427091e+01
7.6703215e-01   5629661  1.9517264e+02  1.9593204e+02  5.9609865e+01
8.1235262e-01   6687903  1.8537840e+02  1.8460588e+02  5.0065641e+01
8.6035444e-01   7945758  1.7758061e+02  1.7771663e+02  4.5357453e+01
9.1118812e-01   9436555  1.7165029e+02  1.7206814e+02  3.8337773e+01
9.6501980e-01  11210320  1.6708796e+02  1.6630035e+02  3.4146793e+01
1.0220366e+00  13318613  1.6354478e+02  1.6388525e+02  2.9783740e+01
1.0824208e+00  15819192  1.6035219e+02  1.6042409e+02  2.5538557e+01
1.1463741e+00  18795348  1.5716052e+02  1.5658041e+02  2.2363904e+01
1.2141088e+00  22326034  1.5344135e+02  1.5309938e+02  1.9620123e+01
1.2858419e+00  26520842  1.4915397e+02  1.4899815e+02  1.7042461e+01
1.3618105e+00  31503438  1.4442022e+02  1.4458121e+02  1.4725093e+01
1.4422695e+00  37426927  1.3947381e+02  1.3955853e+02  1.2802230e+01
1.5275481e+00  44525830  1.3432288e+02  1.3438828e+02  1.1099384e+01
