# Power spectrum from CO𝘕CEPT job 4701187 at t = 13.790139 Gyr, a = 1
#
# Components:
#   0: matter  (upstream grid size 1024)
#
#                           grid size 1024
# ╭────────────────────────────────────────────────────────────────╮
#                         component 0    (corrected)      (linear)
#                        σ₈ = 7.98e-01  σ₈ = 7.98e-01  σ₈ = 7.26e-01
#  k [Mpc⁻¹]    modes       P [Mpc³]       P [Mpc³]       P [Mpc³]
3.0679616e-03         3  4.5051574e+04  4.5051574e+04  4.5054031e+04
5.8212951e-03        25  6.5573267e+04  6.5901441e+04  6.5872473e+04
1.0440195e-02       124  7.5180794e+04  7.6043938e+04  7.6911415e+04
1.6729547e-02       418  6.7955267e+04  6.8576241e+04  6.8597804e+04
2.3240110e-02       730  5.1451531e+04  5.1461661e+04  5.2539652e+04
2.9075630e-02      1012  4.0866650e+04  4.0767637e+04  4.0896010e+04
3.4544381e-02      1408  3.4089053e+04  3.4009715e+04  3.3953340e+04
3.9898901e-02      1841  2.9261860e+04  2.9238676e+04  2.9807421e+04
4.5580519e-02      2698  2.6260714e+04  2.6284973e+04  2.6569826e+04
5.1612543e-02      3532  2.2564887e+04  2.2600378e+04  2.3080546e+04
5.7899473e-02      4702  1.8817880e+04  1.8821452e+04  1.9133869e+04
6.4462744e-02      6019  1.5729175e+04  1.5691816e+04  1.5445267e+04
7.1309305e-02      7766  1.3264772e+04  1.3214127e+04  1.2864495e+04
7.8556104e-02     10012  1.1942582e+04  1.1915949e+04  1.1534486e+04
8.6194331e-02     12589  1.1164259e+04  1.1178739e+04  1.0854452e+04
9.4153926e-02     15650  1.0097958e+04  1.0126092e+04  9.9068521e+03
1.0254095e-01     19757  8.7471590e+03  8.7494707e+03  8.3617754e+03
1.1136076e-01     24241  7.5569170e+03  7.5302211e+03  6.7660934e+03
1.2060245e-01     29993  6.5964921e+03  6.5743760e+03  5.6869256e+03
1.3029316e-01     36494  5.8998188e+03  5.9028778e+03  5.0310274e+03
1.4046583e-01     44825  5.2814490e+03  5.2884237e+03  4.3921943e+03
1.5111985e-01     53906  4.7780396e+03  4.7664840e+03  3.7340326e+03
1.6229170e-01     65729  4.3115883e+03  4.2995391e+03  3.3202387e+03
1.7401323e-01     78746  3.9722891e+03  3.9799043e+03  3.1182504e+03
1.8625264e-01     94374  3.6187007e+03  3.6254811e+03  2.7988213e+03
1.9902230e-01    112166  3.2758982e+03  3.2692723e+03  2.3229434e+03
2.1238854e-01    134373  2.9689712e+03  2.9604011e+03  1.9301287e+03
2.2637810e-01    159077  2.7443492e+03  2.7414923e+03  1.6799791e+03
2.4096993e-01    188172  2.5318178e+03  2.5305816e+03  1.5284680e+03
2.5621802e-01    222492  2.3448678e+03  2.3471198e+03  1.4236427e+03
2.7214102e-01    261771  2.1817807e+03  2.1840034e+03  1.2793985e+03
2.8873063e-01    306759  2.0215154e+03  2.0169566e+03  1.0641652e+03
3.0605468e-01    360898  1.8875183e+03  1.8808324e+03  8.8952750e+02
3.2421519e-01    425046  1.7582593e+03  1.7591593e+03  8.1721617e+02
3.4337900e-01    505555  1.6467119e+03  1.6509222e+03  7.7340955e+02
3.6368055e-01    600292  1.5433333e+03  1.5413125e+03  6.7085310e+02
3.8517334e-01    712930  1.4464069e+03  1.4393839e+03  5.4814604e+02
4.0793004e-01    846715  1.3608554e+03  1.3620041e+03  4.9555585e+02
4.3202621e-01   1005596  1.2767583e+03  1.2810274e+03  4.6932539e+02
4.5754560e-01   1194719  1.2022098e+03  1.1957272e+03  3.9044458e+02
4.8457948e-01   1419743  1.1298598e+03  1.1284548e+03  3.3113520e+02
5.1321525e-01   1686576  1.0663286e+03  1.0709528e+03  3.1501072e+02
5.4354215e-01   2003484  1.0034201e+03  9.9603470e+02  2.6351383e+02
5.7565178e-01   2378778  9.4841225e+02  9.5093841e+02  2.2818925e+02
6.0966698e-01   2828400  8.9579560e+02  8.9552163e+02  2.1183014e+02
6.4568974e-01   3356890  8.4693915e+02  8.4407305e+02  1.7342506e+02
6.8383752e-01   3990317  8.0062035e+02  8.0412478e+02  1.6090923e+02
7.2424344e-01   4738457  7.5787007e+02  7.5374899e+02  1.3407570e+02
7.6703215e-01   5629661  7.1813848e+02  7.2093268e+02  1.2215480e+02
8.1235262e-01   6687903  6.8044678e+02  6.7761119e+02  1.0259640e+02
8.6035444e-01   7945758  6.4491656e+02  6.4541056e+02  9.2948194e+01
9.1118812e-01   9436555  6.1079602e+02  6.1228287e+02  7.8563193e+01
9.6501980e-01  11210320  5.7737797e+02  5.7465634e+02  6.9974874e+01
1.0220366e+00  13318613  5.4549055e+02  5.4662618e+02  6.1033936e+01
1.0824208e+00  15819192  5.1398685e+02  5.1421732e+02  5.2334545e+01
1.1463741e+00  18795348  4.8311956e+02  4.8133628e+02  4.5828925e+01
1.2141088e+00  22326034  4.5314013e+02  4.5213024e+02  4.0206263e+01
1.2858419e+00  26520842  4.2416808e+02  4.2372497e+02  3.4924021e+01
1.3618105e+00  31503438  3.9615573e+02  3.9659736e+02  3.0175182e+01
1.4422695e+00  37426927  3.6928984e+02  3.6951416e+02  2.6234780e+01
1.5275481e+00  44525830  3.4356080e+02  3.4372809e+02  2.2745242e+01
