# Power spectrum from CO𝘕CEPT job 4701187 at t = 2.9820513 Gyr, a = 0.3125
#
# Components:
#   0: matter  (upstream grid size 1024)
#
#                           grid size 1024
# ╭────────────────────────────────────────────────────────────────╮
#                         component 0    (corrected)      (linear)
#                        σ₈ = 2.89e-01  σ₈ = 2.89e-01  σ₈ = 2.86e-01
#  k [Mpc⁻¹]    modes       P [Mpc³]       P [Mpc³]       P [Mpc³]
3.0679616e-03         3  6.9757572e+03  6.9757572e+03  6.9770497e+03
5.8212951e-03        25  1.0161344e+04  1.0212198e+04  1.0209832e+04
1.0440195e-02       124  1.1749630e+04  1.1884526e+04  1.1932268e+04
1.6729547e-02       418  1.0564679e+04  1.0661218e+04  1.0650226e+04
2.3240110e-02       730  8.1057210e+03  8.1073169e+03  8.1605321e+03
2.9075630e-02      1012  6.3720113e+03  6.3565730e+03  6.3534679e+03
3.4544381e-02      1408  5.2988263e+03  5.2864939e+03  5.2756250e+03
3.9898901e-02      1841  4.6068302e+03  4.6031803e+03  4.6318909e+03
4.5580519e-02      2698  4.1115408e+03  4.1153389e+03  4.1290996e+03
5.1612543e-02      3532  3.5541719e+03  3.5597620e+03  3.5870568e+03
5.7899473e-02      4702  2.9504496e+03  2.9510097e+03  2.9738205e+03
6.4462744e-02      6019  2.4058061e+03  2.4000919e+03  2.4006173e+03
7.1309305e-02      7766  2.0047052e+03  1.9970513e+03  1.9995515e+03
7.8556104e-02     10012  1.7952930e+03  1.7912893e+03  1.7928674e+03
8.6194331e-02     12589  1.6862519e+03  1.6884388e+03  1.6871978e+03
9.4153926e-02     15650  1.5321568e+03  1.5364255e+03  1.5399282e+03
1.0254095e-01     19757  1.2962451e+03  1.2965877e+03  1.2997770e+03
1.1136076e-01     24241  1.0642819e+03  1.0605221e+03  1.0517510e+03
1.2060245e-01     29993  8.9892313e+02  8.9590930e+02  8.8400829e+02
1.3029316e-01     36494  7.9142857e+02  7.9183892e+02  7.8205750e+02
1.4046583e-01     44825  6.9632229e+02  6.9724186e+02  6.8275716e+02
1.5111985e-01     53906  5.9926436e+02  5.9781505e+02  5.8045044e+02
1.6229170e-01     65729  5.3112840e+02  5.2964410e+02  5.1612906e+02
1.7401323e-01     78746  4.9210505e+02  4.9304846e+02  4.8473197e+02
1.8625264e-01     94374  4.4108351e+02  4.4190997e+02  4.3507815e+02
1.9902230e-01    112166  3.7333794e+02  3.7258282e+02  3.6110374e+02
2.1238854e-01    134373  3.1830052e+02  3.1738173e+02  3.0004106e+02
2.2637810e-01    159077  2.8094095e+02  2.8064849e+02  2.6115553e+02
2.4096993e-01    188172  2.5251175e+02  2.5238845e+02  2.3760332e+02
2.5621802e-01    222492  2.3153521e+02  2.3175757e+02  2.2130838e+02
2.7214102e-01    261771  2.0724560e+02  2.0745673e+02  1.9888557e+02
2.8873063e-01    306759  1.7930016e+02  1.7889581e+02  1.6542725e+02
3.0605468e-01    360898  1.5646728e+02  1.5591304e+02  1.3827951e+02
3.2421519e-01    425046  1.4188304e+02  1.4195566e+02  1.2703864e+02
3.4337900e-01    505555  1.2882783e+02  1.2915721e+02  1.2022887e+02
3.6368055e-01    600292  1.1430962e+02  1.1415994e+02  1.0428624e+02
3.8517334e-01    712930  1.0030883e+02  9.9821788e+01  8.5211100e+01
4.0793004e-01    846715  8.9771526e+01  8.9847299e+01  7.7035830e+01
4.3202621e-01   1005596  8.1023536e+01  8.1294458e+01  7.2958259e+01
4.5754560e-01   1194719  7.1481806e+01  7.1096355e+01  6.0695995e+01
4.8457948e-01   1419743  6.3315665e+01  6.3236932e+01  5.1476166e+01
5.1321525e-01   1686576  5.6671314e+01  5.6917070e+01  4.8969578e+01
5.4354215e-01   2003484  5.0262810e+01  4.9892863e+01  4.0964213e+01
5.7565178e-01   2378778  4.4628258e+01  4.4747128e+01  3.5472887e+01
6.0966698e-01   2828400  3.9677325e+01  3.9665190e+01  3.2929813e+01
6.4568974e-01   3356890  3.5217108e+01  3.5097931e+01  2.6959604e+01
6.8383752e-01   3990317  3.1405033e+01  3.1542497e+01  2.5013976e+01
7.2424344e-01   4738457  2.8101804e+01  2.7948994e+01  2.0842605e+01
7.6703215e-01   5629661  2.5452877e+01  2.5551912e+01  1.8989459e+01
8.1235262e-01   6687903  2.3463412e+01  2.3365634e+01  1.5949031e+01
8.6035444e-01   7945758  2.2316499e+01  2.2333593e+01  1.4449182e+01
9.1118812e-01   9436555  2.2164702e+01  2.2218657e+01  1.2212977e+01
9.6501980e-01  11210320  2.3159717e+01  2.3050548e+01  1.0877890e+01
1.0220366e+00  13318613  2.5629102e+01  2.5682458e+01  9.4879866e+00
1.0824208e+00  15819192  2.9953718e+01  2.9967149e+01  8.1356317e+00
1.1463741e+00  18795348  3.6505525e+01  3.6370776e+01  7.1243074e+00
1.2141088e+00  22326034  4.5054321e+01  4.4953911e+01  6.2502423e+00
1.2858419e+00  26520842  5.4832763e+01  5.4775481e+01  5.4290964e+00
1.3618105e+00  31503438  6.3742663e+01  6.3813722e+01  4.6908701e+00
1.4422695e+00  37426927  6.9142726e+01  6.9184725e+01  4.0783185e+00
1.5275481e+00  44525830  7.0508182e+01  7.0542514e+01  3.5358555e+00
