# Power spectrum from CO𝘕CEPT job 4701187 at t = 7.9068012 Gyr, a = 0.625
#
# Components:
#   0: matter  (upstream grid size 1024)
#
#                           grid size 1024
# ╭────────────────────────────────────────────────────────────────╮
#                         component 0    (corrected)      (linear)
#                        σ₈ = 5.62e-01  σ₈ = 5.62e-01  σ₈ = 5.33e-01
#  k [Mpc⁻¹]    modes       P [Mpc³]       P [Mpc³]       P [Mpc³]
3.0679616e-03         3  2.4202532e+04  2.4202532e+04  2.4192031e+04
5.8212951e-03        25  3.5238140e+04  3.5414496e+04  3.5379964e+04
1.0440195e-02       124  4.0555805e+04  4.1021423e+04  4.1321857e+04
1.6729547e-02       418  3.6583858e+04  3.6918161e+04  3.6864873e+04
2.3240110e-02       730  2.7865293e+04  2.7870780e+04  2.8239576e+04
2.9075630e-02      1012  2.2036400e+04  2.1983009e+04  2.1983162e+04
3.4544381e-02      1408  1.8357521e+04  1.8314796e+04  1.8252241e+04
3.9898901e-02      1841  1.5845767e+04  1.5833213e+04  1.6024162e+04
4.5580519e-02      2698  1.4186622e+04  1.4199727e+04  1.4284107e+04
5.1612543e-02      3532  1.2223392e+04  1.2242617e+04  1.2408552e+04
5.7899473e-02      4702  1.0168840e+04  1.0170771e+04  1.0286939e+04
6.4462744e-02      6019  8.3994642e+03  8.3795141e+03  8.3039628e+03
7.1309305e-02      7766  7.0356781e+03  7.0088161e+03  6.9165258e+03
7.8556104e-02     10012  6.3173361e+03  6.3032479e+03  6.2015160e+03
8.6194331e-02     12589  5.9263149e+03  5.9340009e+03  5.8359436e+03
9.4153926e-02     15650  5.3761056e+03  5.3910838e+03  5.3264984e+03
1.0254095e-01     19757  4.5992923e+03  4.6005078e+03  4.4958008e+03
1.1136076e-01     24241  3.8765688e+03  3.8628742e+03  3.6378818e+03
1.2060245e-01     29993  3.3316089e+03  3.3204390e+03  3.0576646e+03
1.3029316e-01     36494  2.9548517e+03  2.9563837e+03  2.7050196e+03
1.4046583e-01     44825  2.6288782e+03  2.6323499e+03  2.3615465e+03
1.5111985e-01     53906  2.3251657e+03  2.3195423e+03  2.0076782e+03
1.6229170e-01     65729  2.0783189e+03  2.0725108e+03  1.7851971e+03
1.7401323e-01     78746  1.9141952e+03  1.9178649e+03  1.6765967e+03
1.8625264e-01     94374  1.7311713e+03  1.7344150e+03  1.5048508e+03
1.9902230e-01    112166  1.5222075e+03  1.5191286e+03  1.2489857e+03
2.1238854e-01    134373  1.3512974e+03  1.3473968e+03  1.0377807e+03
2.2637810e-01    159077  1.2272241e+03  1.2259465e+03  9.0328254e+02
2.4096993e-01    188172  1.1159294e+03  1.1153845e+03  8.2181953e+02
2.5621802e-01    222492  1.0261147e+03  1.0271002e+03  7.6545811e+02
2.7214102e-01    261771  9.3777201e+02  9.3872733e+02  6.8790191e+02
2.8873063e-01    306759  8.4963105e+02  8.4771499e+02  5.7217648e+02
3.0605468e-01    360898  7.7503066e+02  7.7228537e+02  4.7827813e+02
3.2421519e-01    425046  7.1468871e+02  7.1505451e+02  4.3939821e+02
3.4337900e-01    505555  6.5699223e+02  6.5867201e+02  4.1584457e+02
3.6368055e-01    600292  6.0399293e+02  6.0320207e+02  3.6070244e+02
3.8517334e-01    712930  5.5682376e+02  5.5412013e+02  2.9472574e+02
4.0793004e-01    846715  5.1372758e+02  5.1416121e+02  2.6644926e+02
4.3202621e-01   1005596  4.7414934e+02  4.7573477e+02  2.5234580e+02
4.5754560e-01   1194719  4.3792168e+02  4.3556027e+02  2.0993339e+02
4.8457948e-01   1419743  4.0480086e+02  4.0429749e+02  1.7804409e+02
5.1321525e-01   1686576  3.7501408e+02  3.7664034e+02  1.6937435e+02
5.4354215e-01   2003484  3.4770114e+02  3.4514197e+02  1.4168562e+02
5.7565178e-01   2378778  3.2293926e+02  3.2379943e+02  1.2269239e+02
6.0966698e-01   2828400  3.0070707e+02  3.0061511e+02  1.1389647e+02
6.4568974e-01   3356890  2.8049506e+02  2.7954584e+02  9.3246902e+01
6.8383752e-01   3990317  2.6250827e+02  2.6365731e+02  8.6517420e+01
7.2424344e-01   4738457  2.4664814e+02  2.4530693e+02  7.2089619e+01
7.6703215e-01   5629661  2.3306294e+02  2.3396976e+02  6.5680016e+01
8.1235262e-01   6687903  2.2148696e+02  2.2056396e+02  5.5163890e+01
8.6035444e-01   7945758  2.1194741e+02  2.1210976e+02  4.9976261e+01
9.1118812e-01   9436555  2.0428392e+02  2.0478121e+02  4.2241757e+01
9.6501980e-01  11210320  1.9776460e+02  1.9683238e+02  3.7624004e+01
1.0220366e+00  13318613  1.9220249e+02  1.9260263e+02  3.2816655e+01
1.0824208e+00  15819192  1.8685748e+02  1.8694126e+02  2.8139180e+01
1.1463741e+00  18795348  1.8151353e+02  1.8084353e+02  2.4641248e+01
1.2141088e+00  22326034  1.7577822e+02  1.7538647e+02  2.1618063e+01
1.2858419e+00  26520842  1.6958230e+02  1.6940515e+02  1.8777915e+01
1.3618105e+00  31503438  1.6306740e+02  1.6324918e+02  1.6224566e+01
1.4422695e+00  37426927  1.5647527e+02  1.5657032e+02  1.4105896e+01
1.5275481e+00  44525830  1.4981491e+02  1.4988786e+02  1.2229646e+01
