# Power spectrum from CO𝘕CEPT job 4701187 at t = 5.469032 Gyr, a = 0.47619048
#
# Components:
#   0: matter  (upstream grid size 1024)
#
#                           grid size 1024
# ╭────────────────────────────────────────────────────────────────╮
#                         component 0    (corrected)      (linear)
#                        σ₈ = 4.38e-01  σ₈ = 4.38e-01  σ₈ = 4.24e-01
#  k [Mpc⁻¹]    modes       P [Mpc³]       P [Mpc³]       P [Mpc³]
3.0679616e-03         3  1.5311718e+04  1.5311718e+04  1.5302354e+04
5.8212951e-03        25  2.2297472e+04  2.2409064e+04  2.2383865e+04
1.0440195e-02       124  2.5715723e+04  2.6010963e+04  2.6149274e+04
1.6729547e-02       418  2.3166205e+04  2.3377898e+04  2.3333046e+04
2.3240110e-02       730  1.7703125e+04  1.7706610e+04  1.7875678e+04
2.9075630e-02      1012  1.3963956e+04  1.3930123e+04  1.3916151e+04
3.4544381e-02      1408  1.1623806e+04  1.1596753e+04  1.1554750e+04
3.9898901e-02      1841  1.0065395e+04  1.0057421e+04  1.0144491e+04
4.5580519e-02      2698  8.9992245e+03  9.0075377e+03  9.0430763e+03
5.1612543e-02      3532  7.7653968e+03  7.7776105e+03  7.8558024e+03
5.7899473e-02      4702  6.4531384e+03  6.4543637e+03  6.5126916e+03
6.4462744e-02      6019  5.2978008e+03  5.2852177e+03  5.2573104e+03
7.1309305e-02      7766  4.4251708e+03  4.4082756e+03  4.3789430e+03
7.8556104e-02     10012  3.9683758e+03  3.9595259e+03  3.9262834e+03
8.6194331e-02     12589  3.7267703e+03  3.7316036e+03  3.6948506e+03
9.4153926e-02     15650  3.3840563e+03  3.3934844e+03  3.3723236e+03
1.0254095e-01     19757  2.8785284e+03  2.8792891e+03  2.8463996e+03
1.1136076e-01     24241  2.3954761e+03  2.3870137e+03  2.3032365e+03
1.2060245e-01     29993  2.0417138e+03  2.0348685e+03  1.9358903e+03
1.3029316e-01     36494  1.8038603e+03  1.8047955e+03  1.7126243e+03
1.4046583e-01     44825  1.5981091e+03  1.6002196e+03  1.4951640e+03
1.5111985e-01     53906  1.3950189e+03  1.3916451e+03  1.2711213e+03
1.6229170e-01     65729  1.2414777e+03  1.2380083e+03  1.1302631e+03
1.7401323e-01     78746  1.1458619e+03  1.1480586e+03  1.0615059e+03
1.8625264e-01     94374  1.0318417e+03  1.0337751e+03  9.5276893e+02
1.9902230e-01    112166  8.9185709e+02  8.9005320e+02  7.9077315e+02
2.1238854e-01    134373  7.7910701e+02  7.7685808e+02  6.5705284e+02
2.2637810e-01    159077  6.9877927e+02  6.9805184e+02  5.7189796e+02
2.4096993e-01    188172  6.3123547e+02  6.3092725e+02  5.2032128e+02
2.5621802e-01    222492  5.7898012e+02  5.7953616e+02  4.8463718e+02
2.7214102e-01    261771  5.2324779e+02  5.2378083e+02  4.3553390e+02
2.8873063e-01    306759  4.6615444e+02  4.6510319e+02  3.6226433e+02
3.0605468e-01    360898  4.1810083e+02  4.1661985e+02  3.0281418e+02
3.2421519e-01    425046  3.8276377e+02  3.8295968e+02  2.7819805e+02
3.4337900e-01    505555  3.4839826e+02  3.4928903e+02  2.6328549e+02
3.6368055e-01    600292  3.1602283e+02  3.1560904e+02  2.2837315e+02
3.8517334e-01    712930  2.8677023e+02  2.8537783e+02  1.8660106e+02
4.0793004e-01    846715  2.6082011e+02  2.6104026e+02  1.6869827e+02
4.3202621e-01   1005596  2.3789353e+02  2.3868898e+02  1.5976890e+02
4.5754560e-01   1194719  2.1635470e+02  2.1518806e+02  1.3291615e+02
4.8457948e-01   1419743  1.9699030e+02  1.9674534e+02  1.1272593e+02
5.1321525e-01   1686576  1.7990508e+02  1.8068524e+02  1.0723682e+02
5.4354215e-01   2003484  1.6430190e+02  1.6309260e+02  8.9706134e+01
5.7565178e-01   2378778  1.5021217e+02  1.5061227e+02  7.7680858e+01
6.0966698e-01   2828400  1.3761690e+02  1.3757482e+02  7.2111859e+01
6.4568974e-01   3356890  1.2626694e+02  1.2583965e+02  5.9037897e+01
6.8383752e-01   3990317  1.1643356e+02  1.1694321e+02  5.4777229e+01
7.2424344e-01   4738457  1.0787659e+02  1.0728999e+02  4.5642483e+01
7.6703215e-01   5629661  1.0085208e+02  1.0124448e+02  4.1584340e+01
8.1235262e-01   6687903  9.5377885e+01  9.4980422e+01  3.4926211e+01
8.6035444e-01   7945758  9.1511461e+01  9.1581558e+01  3.1641742e+01
9.1118812e-01   9436555  8.9401597e+01  8.9619226e+01  2.6744755e+01
9.6501980e-01  11210320  8.9009174e+01  8.8589605e+01  2.3821094e+01
1.0220366e+00  13318613  9.0058590e+01  9.0246079e+01  2.0777392e+01
1.0824208e+00  15819192  9.2218591e+01  9.2259941e+01  1.7815917e+01
1.1463741e+00  18795348  9.4766428e+01  9.4416628e+01  1.5601253e+01
1.2141088e+00  22326034  9.6871328e+01  9.6655436e+01  1.3687169e+01
1.2858419e+00  26520842  9.7912282e+01  9.7809997e+01  1.1888970e+01
1.3618105e+00  31503438  9.7923867e+01  9.8033031e+01  1.0272354e+01
1.4422695e+00  37426927  9.7044308e+01  9.7103255e+01  8.9309496e+00
1.5275481e+00  44525830  9.5736343e+01  9.5782960e+01  7.7430292e+00
