# Power spectrum from CO𝘕CEPT job 4701187 at t = 3.6249528 Gyr, a = 0.35714286
#
# Components:
#   0: matter  (upstream grid size 1024)
#
#                           grid size 1024
# ╭────────────────────────────────────────────────────────────────╮
#                         component 0    (corrected)      (linear)
#                        σ₈ = 3.30e-01  σ₈ = 3.30e-01  σ₈ = 3.25e-01
#  k [Mpc⁻¹]    modes       P [Mpc³]       P [Mpc³]       P [Mpc³]
3.0679616e-03         3  9.0049913e+03  9.0049913e+03  9.0064356e+03
5.8212951e-03        25  1.3115991e+04  1.3181632e+04  1.3177808e+04
1.0440195e-02       124  1.5154917e+04  1.5328909e+04  1.5398856e+04
1.6729547e-02       418  1.3634135e+04  1.3758723e+04  1.3743130e+04
2.3240110e-02       730  1.0449036e+04  1.0451094e+04  1.0529903e+04
2.9075630e-02      1012  8.2221026e+03  8.2021818e+03  8.1979635e+03
3.4544381e-02      1408  6.8392693e+03  6.8233517e+03  6.8071077e+03
3.9898901e-02      1841  5.9393825e+03  5.9346769e+03  5.9764419e+03
4.5580519e-02      2698  5.3034992e+03  5.3083984e+03  5.3276598e+03
5.1612543e-02      3532  4.5822659e+03  4.5894731e+03  4.6282509e+03
5.7899473e-02      4702  3.8048765e+03  3.8055989e+03  3.8369973e+03
6.4462744e-02      6019  3.1080565e+03  3.1006744e+03  3.0974066e+03
7.1309305e-02      7766  2.5912673e+03  2.5813740e+03  2.5799229e+03
7.8556104e-02     10012  2.3214208e+03  2.3162439e+03  2.3132436e+03
8.6194331e-02     12589  2.1806195e+03  2.1834476e+03  2.1769000e+03
9.4153926e-02     15650  1.9810842e+03  1.9866036e+03  1.9868832e+03
1.0254095e-01     19757  1.6781910e+03  1.6786345e+03  1.6770276e+03
1.1136076e-01     24241  1.3826046e+03  1.3777203e+03  1.3570127e+03
1.2060245e-01     29993  1.1705086e+03  1.1665842e+03  1.1405832e+03
1.3029316e-01     36494  1.0313651e+03  1.0318999e+03  1.0090415e+03
1.4046583e-01     44825  9.0932529e+02  9.1052616e+02  8.8091981e+02
1.5111985e-01     53906  7.8538170e+02  7.8348227e+02  7.4891935e+02
1.6229170e-01     65729  6.9675213e+02  6.9480498e+02  6.6592919e+02
1.7401323e-01     78746  6.4483775e+02  6.4607396e+02  6.2541927e+02
1.8625264e-01     94374  5.7865259e+02  5.7973682e+02  5.6135390e+02
1.9902230e-01    112166  4.9256396e+02  4.9156769e+02  4.6590926e+02
2.1238854e-01    134373  4.2290865e+02  4.2168791e+02  3.8712388e+02
2.2637810e-01    159077  3.7491926e+02  3.7452896e+02  3.3695229e+02
2.4096993e-01    188172  3.3730617e+02  3.3714147e+02  3.0656433e+02
2.5621802e-01    222492  3.0918566e+02  3.0948259e+02  2.8553997e+02
2.7214102e-01    261771  2.7732090e+02  2.7760341e+02  2.5660924e+02
2.8873063e-01    306759  2.4212103e+02  2.4157501e+02  2.1344010e+02
3.0605468e-01    360898  2.1309191e+02  2.1233711e+02  1.7841311e+02
3.2421519e-01    425046  1.9367706e+02  1.9377619e+02  1.6390972e+02
3.4337900e-01    505555  1.7568311e+02  1.7613230e+02  1.5512352e+02
3.6368055e-01    600292  1.5693936e+02  1.5673387e+02  1.3455376e+02
3.8517334e-01    712930  1.3928811e+02  1.3861180e+02  1.0994234e+02
4.0793004e-01    846715  1.2517366e+02  1.2527932e+02  9.9394315e+01
4.3202621e-01   1005596  1.1314907e+02  1.1352741e+02  9.4133285e+01
4.5754560e-01   1194719  1.0085271e+02  1.0030888e+02  7.8312082e+01
4.8457948e-01   1419743  9.0129682e+01  9.0017605e+01  6.6416335e+01
5.1321525e-01   1686576  8.1075192e+01  8.1426776e+01  6.3182246e+01
5.4354215e-01   2003484  7.2574179e+01  7.2040015e+01  5.2853444e+01
5.7565178e-01   2378778  6.5080307e+01  6.5253653e+01  4.5768344e+01
6.0966698e-01   2828400  5.8351827e+01  5.8333981e+01  4.2487181e+01
6.4568974e-01   3356890  5.2361039e+01  5.2183845e+01  3.4784210e+01
6.8383752e-01   3990317  4.7221747e+01  4.7428443e+01  3.2273893e+01
7.2424344e-01   4738457  4.2761056e+01  4.2528533e+01  2.6891845e+01
7.6703215e-01   5629661  3.9181449e+01  3.9333900e+01  2.4500851e+01
8.1235262e-01   6687903  3.6484408e+01  3.6332368e+01  2.0577986e+01
8.6035444e-01   7945758  3.4840088e+01  3.4866775e+01  1.8642829e+01
9.1118812e-01   9436555  3.4445392e+01  3.4529243e+01  1.5757601e+01
9.6501980e-01  11210320  3.5449405e+01  3.5282305e+01  1.4035025e+01
1.0220366e+00  13318613  3.8106239e+01  3.8185571e+01  1.2241723e+01
1.0824208e+00  15819192  4.2627284e+01  4.2646398e+01  1.0496869e+01
1.1463741e+00  18795348  4.8987035e+01  4.8806215e+01  9.1920231e+00
1.2141088e+00  22326034  5.6378411e+01  5.6252763e+01  8.0642743e+00
1.2858419e+00  26520842  6.3631130e+01  6.3564657e+01  7.0048036e+00
1.3618105e+00  31503438  6.9158297e+01  6.9235393e+01  6.0523186e+00
1.4422695e+00  37426927  7.1989045e+01  7.2032773e+01  5.2619835e+00
1.5275481e+00  44525830  7.2740560e+01  7.2775980e+01  4.5620792e+00
