# Power spectrum from CO𝘕CEPT job 4701187 at t = 5.8533978 Gyr, a = 0.5
#
# Components:
#   0: matter  (upstream grid size 1024)
#
#                           grid size 1024
# ╭────────────────────────────────────────────────────────────────╮
#                         component 0    (corrected)      (linear)
#                        σ₈ = 4.58e-01  σ₈ = 4.58e-01  σ₈ = 4.42e-01
#  k [Mpc⁻¹]    modes       P [Mpc³]       P [Mpc³]       P [Mpc³]
3.0679616e-03         3  1.6687949e+04  1.6687949e+04  1.6676308e+04
5.8212951e-03        25  2.4300796e+04  2.4422414e+04  2.4392660e+04
1.0440195e-02       124  2.8016271e+04  2.8337924e+04  2.8494720e+04
1.6729547e-02       418  2.5244714e+04  2.5475400e+04  2.5425045e+04
2.3240110e-02       730  1.9280817e+04  1.9284613e+04  1.9478009e+04
2.9075630e-02      1012  1.5215226e+04  1.5178362e+04  1.5163406e+04
3.4544381e-02      1408  1.2667079e+04  1.2637598e+04  1.2590282e+04
3.9898901e-02      1841  1.0962827e+04  1.0954142e+04  1.1053589e+04
4.5580519e-02      2698  9.8039161e+03  9.8129726e+03  9.8534384e+03
5.1612543e-02      3532  8.4576523e+03  8.4709549e+03  8.5597495e+03
5.7899473e-02      4702  7.0296205e+03  7.0309551e+03  7.0962705e+03
6.4462744e-02      6019  5.7768903e+03  5.7631692e+03  5.7283903e+03
7.1309305e-02      7766  4.8274118e+03  4.8089809e+03  4.7713112e+03
7.8556104e-02     10012  4.3299763e+03  4.3203200e+03  4.2780875e+03
8.6194331e-02     12589  4.0658478e+03  4.0711209e+03  4.0259146e+03
9.4153926e-02     15650  3.6914634e+03  3.7017481e+03  3.6744864e+03
1.0254095e-01     19757  3.1428511e+03  3.1436817e+03  3.1014375e+03
1.1136076e-01     24241  2.6208776e+03  2.6116189e+03  2.5096057e+03
1.2060245e-01     29993  2.2368907e+03  2.2293910e+03  2.1093446e+03
1.3029316e-01     36494  1.9774871e+03  1.9785124e+03  1.8660736e+03
1.4046583e-01     44825  1.7533409e+03  1.7556564e+03  1.6291287e+03
1.5111985e-01     53906  1.5338681e+03  1.5301584e+03  1.3850118e+03
1.6229170e-01     65729  1.3659828e+03  1.3621654e+03  1.2315327e+03
1.7401323e-01     78746  1.2602087e+03  1.2626246e+03  1.1566147e+03
1.8625264e-01     94374  1.1356292e+03  1.1377571e+03  1.0381350e+03
1.9902230e-01    112166  9.8445156e+02  9.8246039e+02  8.6162465e+02
2.1238854e-01    134373  8.6259871e+02  8.6010878e+02  7.1592323e+02
2.2637810e-01    159077  7.7536433e+02  7.7455717e+02  6.2313862e+02
2.4096993e-01    188172  7.0111076e+02  7.0076842e+02  5.6694075e+02
2.5621802e-01    222492  6.4327343e+02  6.4389122e+02  5.2805941e+02
2.7214102e-01    261771  5.8238019e+02  5.8297347e+02  4.7455658e+02
2.8873063e-01    306759  5.2052055e+02  5.1934669e+02  3.9472223e+02
3.0605468e-01    360898  4.6833261e+02  4.6667370e+02  3.2994550e+02
3.2421519e-01    425046  4.2933909e+02  4.2955884e+02  3.0312381e+02
3.4337900e-01    505555  3.9133439e+02  3.9233494e+02  2.8687512e+02
3.6368055e-01    600292  3.5586875e+02  3.5540278e+02  2.4883473e+02
3.8517334e-01    712930  3.2398332e+02  3.2241023e+02  2.0331997e+02
4.0793004e-01    846715  2.9537879e+02  2.9562811e+02  1.8381314e+02
4.3202621e-01   1005596  2.6997334e+02  2.7087606e+02  1.7408372e+02
4.5754560e-01   1194719  2.4626075e+02  2.4493284e+02  1.4482504e+02
4.8457948e-01   1419743  2.2487731e+02  2.2459768e+02  1.2282584e+02
5.1321525e-01   1686576  2.0592337e+02  2.0681637e+02  1.1684492e+02
5.4354215e-01   2003484  1.8867244e+02  1.8728376e+02  9.7743529e+01
5.7565178e-01   2378778  1.7299028e+02  1.7345105e+02  8.4640824e+01
6.0966698e-01   2828400  1.5904843e+02  1.5899979e+02  7.8572859e+01
6.4568974e-01   3356890  1.4642395e+02  1.4592844e+02  6.4327510e+01
6.8383752e-01   3990317  1.3543923e+02  1.3603207e+02  5.9685098e+01
7.2424344e-01   4738457  1.2589581e+02  1.2521122e+02  4.9731907e+01
7.6703215e-01   5629661  1.1798979e+02  1.1844888e+02  4.5310166e+01
8.1235262e-01   6687903  1.1174519e+02  1.1127952e+02  3.8055490e+01
8.6035444e-01   7945758  1.0721468e+02  1.0729681e+02  3.4476741e+01
9.1118812e-01   9436555  1.0449246e+02  1.0474683e+02  2.9141000e+01
9.6501980e-01  11210320  1.0346507e+02  1.0297736e+02  2.5955387e+01
1.0220366e+00  13318613  1.0376420e+02  1.0398022e+02  2.2638979e+01
1.0824208e+00  15819192  1.0499545e+02  1.0504253e+02  1.9412166e+01
1.1463741e+00  18795348  1.0643047e+02  1.0603762e+02  1.6999075e+01
1.2141088e+00  22326034  1.0735973e+02  1.0712046e+02  1.4913494e+01
1.2858419e+00  26520842  1.0728868e+02  1.0717660e+02  1.2954183e+01
1.3618105e+00  31503438  1.0638519e+02  1.0650378e+02  1.1192723e+01
1.4422695e+00  37426927  1.0475615e+02  1.0481978e+02  9.7311328e+00
1.5275481e+00  44525830  1.0274271e+02  1.0279274e+02  8.4367786e+00
