# Power spectrum from CO𝘕CEPT job 4701187 at t = 3.4443479 Gyr, a = 0.34482759
#
# Components:
#   0: matter  (upstream grid size 1024)
#
#                           grid size 1024
# ╭────────────────────────────────────────────────────────────────╮
#                         component 0    (corrected)      (linear)
#                        σ₈ = 3.19e-01  σ₈ = 3.19e-01  σ₈ = 3.15e-01
#  k [Mpc⁻¹]    modes       P [Mpc³]       P [Mpc³]       P [Mpc³]
3.0679616e-03         3  8.4239889e+03  8.4239889e+03  8.4255406e+03
5.8212951e-03        25  1.2270055e+04  1.2331462e+04  1.2328285e+04
1.0440195e-02       124  1.4180333e+04  1.4343136e+04  1.4406661e+04
1.6729547e-02       418  1.2755423e+04  1.2871982e+04  1.2857922e+04
2.3240110e-02       730  9.7786084e+03  9.7805336e+03  9.8517887e+03
2.9075630e-02      1012  7.6925192e+03  7.6738814e+03  7.6700745e+03
3.4544381e-02      1408  6.3982543e+03  6.3833630e+03  6.3688051e+03
3.9898901e-02      1841  5.5581142e+03  5.5537107e+03  5.5916401e+03
4.5580519e-02      2698  4.9623654e+03  4.9669494e+03  4.9846409e+03
5.1612543e-02      3532  4.2881081e+03  4.2948526e+03  4.3302698e+03
5.7899473e-02      4702  3.5603614e+03  3.5610374e+03  3.5899638e+03
6.4462744e-02      6019  2.9068649e+03  2.8999606e+03  2.8979921e+03
7.1309305e-02      7766  2.4231435e+03  2.4138920e+03  2.4138263e+03
7.8556104e-02     10012  2.1705843e+03  2.1657437e+03  2.1643172e+03
8.6194331e-02     12589  2.0389019e+03  2.0415462e+03  2.0367523e+03
9.4153926e-02     15650  1.8524059e+03  1.8575668e+03  1.8589694e+03
1.0254095e-01     19757  1.5686041e+03  1.5690187e+03  1.5690625e+03
1.1136076e-01     24241  1.2910653e+03  1.2865045e+03  1.2696501e+03
1.2060245e-01     29993  1.0922909e+03  1.0886288e+03  1.0671543e+03
1.3029316e-01     36494  9.6221914e+02  9.6271804e+02  9.4408122e+02
1.4046583e-01     44825  8.4788094e+02  8.4900066e+02  8.2420788e+02
1.5111985e-01     53906  7.3156586e+02  7.2979658e+02  7.0070545e+02
1.6229170e-01     65729  6.4882750e+02  6.4701428e+02  6.2305809e+02
1.7401323e-01     78746  6.0066845e+02  6.0181998e+02  5.8515617e+02
1.8625264e-01     94374  5.3883765e+02  5.3984728e+02  5.2521523e+02
1.9902230e-01    112166  4.5794671e+02  4.5702046e+02  4.3591513e+02
2.1238854e-01    134373  3.9242861e+02  3.9129585e+02  3.6220178e+02
2.2637810e-01    159077  3.4747235e+02  3.4711063e+02  3.1526013e+02
2.4096993e-01    188172  3.1251743e+02  3.1236483e+02  2.8682849e+02
2.5621802e-01    222492  2.8647850e+02  2.8675363e+02  2.6715764e+02
2.7214102e-01    261771  2.5679592e+02  2.5705752e+02  2.4008939e+02
2.8873063e-01    306759  2.2365282e+02  2.2314845e+02  1.9969938e+02
3.0605468e-01    360898  1.9639047e+02  1.9569483e+02  1.6692734e+02
3.2421519e-01    425046  1.7837511e+02  1.7846641e+02  1.5335765e+02
3.4337900e-01    505555  1.6182274e+02  1.6223648e+02  1.4513708e+02
3.6368055e-01    600292  1.4429496e+02  1.4410602e+02  1.2589155e+02
3.8517334e-01    712930  1.2768770e+02  1.2706772e+02  1.0286455e+02
4.0793004e-01    846715  1.1461347e+02  1.1471021e+02  9.2995577e+01
4.3202621e-01   1005596  1.0354349e+02  1.0388971e+02  8.8073240e+01
4.5754560e-01   1194719  9.2043914e+01  9.1547586e+01  7.3270564e+01
4.8457948e-01   1419743  8.2064223e+01  8.1962176e+01  6.2140634e+01
5.1321525e-01   1686576  7.3709738e+01  7.4029381e+01  5.9114747e+01
5.4354215e-01   2003484  6.5820461e+01  6.5336006e+01  4.9450885e+01
5.7565178e-01   2378778  5.8870969e+01  5.9027775e+01  4.2821905e+01
6.0966698e-01   2828400  5.2658822e+01  5.2642717e+01  3.9751974e+01
6.4568974e-01   3356890  4.7118258e+01  4.6958807e+01  3.2544899e+01
6.8383752e-01   3990317  4.2366401e+01  4.2551845e+01  3.0196190e+01
7.2424344e-01   4738457  3.8246478e+01  3.8038504e+01  2.5160623e+01
7.6703215e-01   5629661  3.4941113e+01  3.5077065e+01  2.2923555e+01
8.1235262e-01   6687903  3.2453658e+01  3.2318416e+01  1.9253234e+01
8.6035444e-01   7945758  3.0961088e+01  3.0984804e+01  1.7442656e+01
9.1118812e-01   9436555  3.0647726e+01  3.0722332e+01  1.4743171e+01
9.6501980e-01  11210320  3.1668279e+01  3.1519002e+01  1.3131490e+01
1.0220366e+00  13318613  3.4305950e+01  3.4377370e+01  1.1453636e+01
1.0824208e+00  15819192  3.8827839e+01  3.8845249e+01  9.8211104e+00
1.1463741e+00  18795348  4.5323522e+01  4.5156225e+01  8.6002672e+00
1.2141088e+00  22326034  5.3115401e+01  5.2997025e+01  7.5451197e+00
1.2858419e+00  26520842  6.1083216e+01  6.1019404e+01  6.5538548e+00
1.3618105e+00  31503438  6.7437245e+01  6.7512423e+01  5.6626881e+00
1.4422695e+00  37426927  7.0824266e+01  7.0867287e+01  4.9232325e+00
1.5275481e+00  44525830  7.1709153e+01  7.1744071e+01  4.2683861e+00
