# Power spectrum from CO𝘕CEPT job 4701187 at t = 4.5276054 Gyr, a = 0.41666667
#
# Components:
#   0: matter  (upstream grid size 1024)
#
#                           grid size 1024
# ╭────────────────────────────────────────────────────────────────╮
#                         component 0    (corrected)      (linear)
#                        σ₈ = 3.84e-01  σ₈ = 3.84e-01  σ₈ = 3.76e-01
#  k [Mpc⁻¹]    modes       P [Mpc³]       P [Mpc³]       P [Mpc³]
3.0679616e-03         3  1.2017620e+04  1.2017620e+04  1.2015741e+04
5.8212951e-03        25  1.7502071e+04  1.7589664e+04  1.7578357e+04
1.0440195e-02       124  2.0203603e+04  2.0435558e+04  2.0537973e+04
1.6729547e-02       418  1.8188892e+04  1.8355102e+04  1.8327750e+04
2.3240110e-02       730  1.3919339e+04  1.3922079e+04  1.4041796e+04
2.9075630e-02      1012  1.0966456e+04  1.0939886e+04  1.0931787e+04
3.4544381e-02      1408  9.1254351e+03  9.1041967e+03  9.0769474e+03
3.9898901e-02      1841  7.9131281e+03  7.9068588e+03  7.9691960e+03
4.5580519e-02      2698  7.0705469e+03  7.0770785e+03  7.1040207e+03
5.1612543e-02      3532  6.1050337e+03  6.1146360e+03  6.1713687e+03
5.7899473e-02      4702  5.0712469e+03  5.0722098e+03  5.1162729e+03
6.4462744e-02      6019  4.1528003e+03  4.1429367e+03  4.1300809e+03
7.1309305e-02      7766  3.4653031e+03  3.4520727e+03  3.4400568e+03
7.8556104e-02     10012  3.1060021e+03  3.0990754e+03  3.0844595e+03
8.6194331e-02     12589  2.9175045e+03  2.9212883e+03  2.9026537e+03
9.4153926e-02     15650  2.6499633e+03  2.6573462e+03  2.6492828e+03
1.0254095e-01     19757  2.2492156e+03  2.2498101e+03  2.2361223e+03
1.1136076e-01     24241  1.8621753e+03  1.8555969e+03  1.8094172e+03
1.2060245e-01     29993  1.5817505e+03  1.5764474e+03  1.5208323e+03
1.3029316e-01     36494  1.3954870e+03  1.3962105e+03  1.3454360e+03
1.4046583e-01     44825  1.2335341e+03  1.2351631e+03  1.1746002e+03
1.5111985e-01     53906  1.0709446e+03  1.0683545e+03  9.9859294e+02
1.6229170e-01     65729  9.5150478e+02  9.4884570e+02  8.8793519e+02
1.7401323e-01     78746  8.7934787e+02  8.8103366e+02  8.3391981e+02
1.8625264e-01     94374  7.9043410e+02  7.9191514e+02  7.4849623e+02
1.9902230e-01    112166  6.7804725e+02  6.7667582e+02  6.2123238e+02
2.1238854e-01    134373  5.8745231e+02  5.8575660e+02  5.1618167e+02
2.2637810e-01    159077  5.2387780e+02  5.2333244e+02  4.4928398e+02
2.4096993e-01    188172  4.7217762e+02  4.7194706e+02  4.0876533e+02
2.5621802e-01    222492  4.3285198e+02  4.3326769e+02  3.8073190e+02
2.7214102e-01    261771  3.8958529e+02  3.8998216e+02  3.4215632e+02
2.8873063e-01    306759  3.4387618e+02  3.4310068e+02  2.8459564e+02
3.0605468e-01    360898  3.0573887e+02  3.0465589e+02  2.3789150e+02
3.2421519e-01    425046  2.7888182e+02  2.7902456e+02  2.1855303e+02
3.4337900e-01    505555  2.5317858e+02  2.5382590e+02  2.0683771e+02
3.6368055e-01    600292  2.2802928e+02  2.2773070e+02  1.7941051e+02
3.8517334e-01    712930  2.0491765e+02  2.0392268e+02  1.4659426e+02
4.0793004e-01    846715  1.8524726e+02  1.8540362e+02  1.3252979e+02
4.3202621e-01   1005596  1.6812088e+02  1.6868303e+02  1.2551486e+02
4.5754560e-01   1194719  1.5155562e+02  1.5073839e+02  1.0441928e+02
4.8457948e-01   1419743  1.3683535e+02  1.3666520e+02  8.8557798e+01
5.1321525e-01   1686576  1.2404424e+02  1.2458216e+02  8.4245543e+01
5.4354215e-01   2003484  1.1224195e+02  1.1141582e+02  7.0473388e+01
5.7565178e-01   2378778  1.0175475e+02  1.0202578e+02  6.1026300e+01
6.0966698e-01   2828400  9.2277523e+01  9.2249301e+01  5.6651281e+01
6.4568974e-01   3356890  8.3827062e+01  8.3543386e+01  4.6380341e+01
6.8383752e-01   3990317  7.6566363e+01  7.6901506e+01  4.3033150e+01
7.2424344e-01   4738457  7.0229469e+01  6.9847581e+01  3.5856868e+01
7.6703215e-01   5629661  6.5121643e+01  6.5375025e+01  3.2668780e+01
8.1235262e-01   6687903  6.1228569e+01  6.0973414e+01  2.7438136e+01
8.6035444e-01   7945758  5.8665300e+01  5.8710237e+01  2.4857847e+01
9.1118812e-01   9436555  5.7661247e+01  5.7801611e+01  2.1010761e+01
9.6501980e-01  11210320  5.8295281e+01  5.8020490e+01  1.8713924e+01
1.0220366e+00  13318613  6.0587048e+01  6.0713181e+01  1.6322783e+01
1.0824208e+00  15819192  6.4447413e+01  6.4476311e+01  1.3996240e+01
1.1463741e+00  18795348  6.9368926e+01  6.9112873e+01  1.2256394e+01
1.2141088e+00  22326034  7.4307002e+01  7.4141398e+01  1.0752684e+01
1.2858419e+00  26520842  7.8256392e+01  7.8174640e+01  9.3400136e+00
1.3618105e+00  31503438  8.0659387e+01  8.0749305e+01  8.0699956e+00
1.4422695e+00  37426927  8.1538698e+01  8.1588227e+01  7.0161839e+00
1.5275481e+00  44525830  8.1524753e+01  8.1564450e+01  6.0829502e+00
