# Power spectrum from CO𝘕CEPT job 4701187 at t = 2.8501215 Gyr, a = 0.3030303
#
# Components:
#   0: matter  (upstream grid size 1024)
#
#                           grid size 1024
# ╭────────────────────────────────────────────────────────────────╮
#                         component 0    (corrected)      (linear)
#                        σ₈ = 2.80e-01  σ₈ = 2.80e-01  σ₈ = 2.78e-01
#  k [Mpc⁻¹]    modes       P [Mpc³]       P [Mpc³]       P [Mpc³]
3.0679616e-03         3  6.5736259e+03  6.5736259e+03  6.5747589e+03
5.8212951e-03        25  9.5757919e+03  9.6237157e+03  9.6214360e+03
1.0440195e-02       124  1.1074318e+04  1.1201462e+04  1.1244967e+04
1.6729547e-02       418  9.9562632e+03  1.0047243e+04  1.0036972e+04
2.3240110e-02       730  7.6407479e+03  7.6422522e+03  7.6907213e+03
2.9075630e-02      1012  6.0052324e+03  5.9906826e+03  5.9877246e+03
3.4544381e-02      1408  4.9935171e+03  4.9818953e+03  4.9719450e+03
3.9898901e-02      1841  4.3424467e+03  4.3390063e+03  4.3652756e+03
4.5580519e-02      2698  3.8751638e+03  3.8787436e+03  3.8914317e+03
5.1612543e-02      3532  3.3501962e+03  3.3554655e+03  3.3805927e+03
5.7899473e-02      4702  2.7809849e+03  2.7815129e+03  2.8026557e+03
6.4462744e-02      6019  2.2667913e+03  2.2614073e+03  2.2624462e+03
7.1309305e-02      7766  1.8886796e+03  1.8814686e+03  1.8844654e+03
7.8556104e-02     10012  1.6912629e+03  1.6874912e+03  1.6896779e+03
8.6194331e-02     12589  1.5884895e+03  1.5905496e+03  1.5900908e+03
9.4153926e-02     15650  1.4433666e+03  1.4473879e+03  1.4512978e+03
1.0254095e-01     19757  1.2208278e+03  1.2211505e+03  1.2249688e+03
1.1136076e-01     24241  1.0016699e+03  9.9813139e+02  9.9121807e+02
1.2060245e-01     29993  8.4564363e+02  8.4280843e+02  8.3312980e+02
1.3029316e-01     36494  7.4440765e+02  7.4479362e+02  7.3704682e+02
1.4046583e-01     44825  6.5465478e+02  6.5551932e+02  6.4346171e+02
1.5111985e-01     53906  5.6300370e+02  5.6164208e+02  5.4704321e+02
1.6229170e-01     65729  4.9890027e+02  4.9750604e+02  4.8642383e+02
1.7401323e-01     78746  4.6235475e+02  4.6324112e+02  4.5683379e+02
1.8625264e-01     94374  4.1432263e+02  4.1509896e+02  4.1003776e+02
1.9902230e-01    112166  3.5027725e+02  3.4956877e+02  3.4032088e+02
2.1238854e-01    134373  2.9819625e+02  2.9733550e+02  2.8277259e+02
2.2637810e-01    159077  2.6295487e+02  2.6268113e+02  2.4612508e+02
2.4096993e-01    188172  2.3630974e+02  2.3619435e+02  2.2392839e+02
2.5621802e-01    222492  2.1670449e+02  2.1691260e+02  2.0857129e+02
2.7214102e-01    261771  1.9389781e+02  1.9409534e+02  1.8743900e+02
2.8873063e-01    306759  1.6741770e+02  1.6704014e+02  1.5590633e+02
3.0605468e-01    360898  1.4582304e+02  1.4530652e+02  1.3032104e+02
3.2421519e-01    425046  1.3217561e+02  1.3224326e+02  1.1972712e+02
3.4337900e-01    505555  1.2006219e+02  1.2036916e+02  1.1330928e+02
3.6368055e-01    600292  1.0637513e+02  1.0623585e+02  9.8284207e+01
3.8517334e-01    712930  9.3102007e+01  9.2649954e+01  8.0306906e+01
4.0793004e-01    846715  8.3253316e+01  8.3323588e+01  7.2602153e+01
4.3202621e-01   1005596  7.5132831e+01  7.5384055e+01  6.8759260e+01
4.5754560e-01   1194719  6.6128773e+01  6.5772187e+01  5.7202733e+01
4.8457948e-01   1419743  5.8456261e+01  5.8383570e+01  4.8513537e+01
5.1321525e-01   1686576  5.2276767e+01  5.2503466e+01  4.6151212e+01
5.4354215e-01   2003484  4.6267425e+01  4.5926886e+01  3.8606583e+01
5.7565178e-01   2378778  4.0987938e+01  4.1097112e+01  3.3431302e+01
6.0966698e-01   2828400  3.6379512e+01  3.6368385e+01  3.1034591e+01
6.4568974e-01   3356890  3.2207724e+01  3.2098731e+01  2.5407988e+01
6.8383752e-01   3990317  2.8650399e+01  2.8775806e+01  2.3574338e+01
7.2424344e-01   4738457  2.5565551e+01  2.5426533e+01  1.9643043e+01
7.6703215e-01   5629661  2.3091859e+01  2.3181707e+01  1.7896552e+01
8.1235262e-01   6687903  2.1234742e+01  2.1146252e+01  1.5031111e+01
8.6035444e-01   7945758  2.0176184e+01  2.0191639e+01  1.3617583e+01
9.1118812e-01   9436555  2.0059811e+01  2.0108642e+01  1.1510080e+01
9.6501980e-01  11210320  2.1032537e+01  2.0933394e+01  1.0251832e+01
1.0220366e+00  13318613  2.3426504e+01  2.3475275e+01  8.9419215e+00
1.0824208e+00  15819192  2.7644569e+01  2.7656965e+01  7.6673992e+00
1.1463741e+00  18795348  3.4129786e+01  3.4003807e+01  6.7142800e+00
1.2141088e+00  22326034  4.2801071e+01  4.2705683e+01  5.8905204e+00
1.2858419e+00  26520842  5.3062578e+01  5.3007145e+01  5.1166342e+00
1.3618105e+00  31503438  6.2823086e+01  6.2893120e+01  4.4208952e+00
1.4422695e+00  37426927  6.9024361e+01  6.9066288e+01  3.8435981e+00
1.5275481e+00  44525830  7.0618810e+01  7.0653197e+01  3.3323556e+00
