# Power spectrum from CO𝘕CEPT job 4701187 at t = 2.4071778 Gyr, a = 0.27027027
#
# Components:
#   0: matter  (upstream grid size 1024)
#
#                           grid size 1024
# ╭────────────────────────────────────────────────────────────────╮
#                         component 0    (corrected)      (linear)
#                        σ₈ = 2.50e-01  σ₈ = 2.50e-01  σ₈ = 2.49e-01
#  k [Mpc⁻¹]    modes       P [Mpc³]       P [Mpc³]       P [Mpc³]
3.0679616e-03         3  5.2641192e+03  5.2641192e+03  5.2647050e+03
5.8212951e-03        25  7.6689071e+03  7.7072876e+03  7.7052147e+03
1.0440195e-02       124  8.8739950e+03  8.9758765e+03  9.0064786e+03
1.6729547e-02       418  7.9746711e+03  8.0475436e+03  8.0395444e+03
2.3240110e-02       730  6.1251219e+03  6.1263278e+03  6.1604535e+03
2.9075630e-02      1012  4.8105065e+03  4.7988515e+03  4.7964064e+03
3.4544381e-02      1408  3.9992275e+03  3.9899197e+03  3.9827728e+03
3.9898901e-02      1841  3.4807435e+03  3.4779858e+03  3.4968278e+03
4.5580519e-02      2698  3.1050257e+03  3.1078941e+03  3.1172707e+03
5.1612543e-02      3532  2.6853909e+03  2.6896146e+03  2.7080698e+03
5.7899473e-02      4702  2.2287879e+03  2.2292110e+03  2.2451130e+03
6.4462744e-02      6019  1.8144568e+03  1.8101472e+03  1.8123741e+03
7.1309305e-02      7766  1.5113436e+03  1.5055734e+03  1.5095887e+03
7.8556104e-02     10012  1.3530384e+03  1.3500210e+03  1.3535524e+03
8.6194331e-02     12589  1.2706346e+03  1.2722826e+03  1.2737777e+03
9.4153926e-02     15650  1.1546572e+03  1.1578741e+03  1.1625956e+03
1.0254095e-01     19757  9.7588696e+02  9.7614487e+02  9.8129040e+02
1.1136076e-01     24241  7.9888764e+02  7.9606545e+02  7.9403942e+02
1.2060245e-01     29993  6.7341652e+02  6.7115875e+02  6.6739934e+02
1.3029316e-01     36494  5.9252284e+02  5.9283005e+02  5.9042996e+02
1.4046583e-01     44825  5.2026212e+02  5.2094919e+02  5.1546146e+02
1.5111985e-01     53906  4.4639124e+02  4.4531165e+02  4.3822311e+02
1.6229170e-01     65729  3.9534755e+02  3.9424271e+02  3.8966250e+02
1.7401323e-01     78746  3.6668619e+02  3.6738916e+02  3.6595872e+02
1.8625264e-01     94374  3.2835147e+02  3.2896670e+02  3.2847160e+02
1.9902230e-01    112166  2.7651363e+02  2.7595435e+02  2.7262309e+02
2.1238854e-01    134373  2.3421334e+02  2.3353727e+02  2.2652255e+02
2.2637810e-01    159077  2.0589423e+02  2.0567989e+02  1.9716510e+02
2.4096993e-01    188172  1.8496441e+02  1.8487410e+02  1.7938387e+02
2.5621802e-01    222492  1.6971118e+02  1.6987417e+02  1.6708167e+02
2.7214102e-01    261771  1.5167822e+02  1.5183274e+02  1.5015309e+02
2.8873063e-01    306759  1.3005453e+02  1.2976124e+02  1.2489300e+02
3.0605468e-01    360898  1.1252584e+02  1.1212726e+02  1.0439721e+02
3.2421519e-01    425046  1.0187267e+02  1.0192481e+02  9.5910674e+01
3.4337900e-01    505555  9.2716527e+01  9.2953581e+01  9.0769496e+01
3.6368055e-01    600292  8.1726941e+01  8.1619929e+01  7.8733252e+01
3.8517334e-01    712930  7.0848523e+01  7.0504521e+01  6.4332047e+01
4.0793004e-01    846715  6.3188300e+01  6.3241635e+01  5.8159945e+01
4.3202621e-01   1005596  5.7046139e+01  5.7236886e+01  5.5081493e+01
4.5754560e-01   1194719  4.9781128e+01  4.9512694e+01  4.5823821e+01
4.8457948e-01   1419743  4.3686134e+01  4.3631810e+01  3.8863104e+01
5.1321525e-01   1686576  3.8983102e+01  3.9152153e+01  3.6970699e+01
5.4354215e-01   2003484  3.4235568e+01  3.3983586e+01  3.0926867e+01
5.7565178e-01   2378778  3.0084324e+01  3.0164455e+01  2.6781067e+01
6.0966698e-01   2828400  2.6561674e+01  2.6553551e+01  2.4861116e+01
6.4568974e-01   3356890  2.3292250e+01  2.3213428e+01  2.0353771e+01
6.8383752e-01   3990317  2.0545711e+01  2.0635643e+01  1.8884875e+01
7.2424344e-01   4738457  1.8145909e+01  1.8047237e+01  1.5735603e+01
7.6703215e-01   5629661  1.6221266e+01  1.6284381e+01  1.4336528e+01
8.1235262e-01   6687903  1.4777369e+01  1.4715788e+01  1.2041088e+01
8.6035444e-01   7945758  1.3985416e+01  1.3996129e+01  1.0908743e+01
9.1118812e-01   9436555  1.3959623e+01  1.3993605e+01  9.2204690e+00
9.6501980e-01  11210320  1.4821806e+01  1.4751940e+01  8.2125147e+00
1.0220366e+00  13318613  1.6892582e+01  1.6927749e+01  7.1631751e+00
1.0824208e+00  15819192  2.0607435e+01  2.0616676e+01  6.1421838e+00
1.1463741e+00  18795348  2.6590811e+01  2.6492659e+01  5.3786613e+00
1.2141088e+00  22326034  3.5274147e+01  3.5195534e+01  4.7187659e+00
1.2858419e+00  26520842  4.6857433e+01  4.6808482e+01  4.0988230e+00
1.3618105e+00  31503438  5.9786985e+01  5.9853634e+01  3.5414820e+00
1.4422695e+00  37426927  6.9820823e+01  6.9863234e+01  3.0790222e+00
1.5275481e+00  44525830  7.2951841e+01  7.2987363e+01  2.6694773e+00
