# Power spectrum from CO𝘕CEPT job 4701187 at t = 8.5934117 Gyr, a = 0.66666667
#
# Components:
#   0: matter  (upstream grid size 1024)
#
#                           grid size 1024
# ╭────────────────────────────────────────────────────────────────╮
#                         component 0    (corrected)      (linear)
#                        σ₈ = 5.94e-01  σ₈ = 5.93e-01  σ₈ = 5.60e-01
#  k [Mpc⁻¹]    modes       P [Mpc³]       P [Mpc³]       P [Mpc³]
3.0679616e-03         3  2.6738676e+04  2.6738676e+04  2.6729580e+04
5.8212951e-03        25  3.8928973e+04  3.9123801e+04  3.9089314e+04
1.0440195e-02       124  4.4780063e+04  4.5294179e+04  4.5651858e+04
1.6729547e-02       418  4.0406954e+04  4.0776192e+04  4.0726175e+04
2.3240110e-02       730  3.0751757e+04  3.0757812e+04  3.1196695e+04
2.9075630e-02      1012  2.4334353e+04  2.4275394e+04  2.4284816e+04
3.4544381e-02      1408  2.0275646e+04  2.0228457e+04  2.0163095e+04
3.9898901e-02      1841  1.7487566e+04  1.7473711e+04  1.7701652e+04
4.5580519e-02      2698  1.5661764e+04  1.5676232e+04  1.5779368e+04
5.1612543e-02      3532  1.3489258e+04  1.3510474e+04  1.3707431e+04
5.7899473e-02      4702  1.1225328e+04  1.1227460e+04  1.1363704e+04
6.4462744e-02      6019  9.2869875e+03  9.2649294e+03  9.1731445e+03
7.1309305e-02      7766  7.7854535e+03  7.7557289e+03  7.6404703e+03
7.8556104e-02     10012  6.9929213e+03  6.9773264e+03  6.8506115e+03
8.6194331e-02     12589  6.5575399e+03  6.5660446e+03  6.4467682e+03
9.4153926e-02     15650  5.9468281e+03  5.9633963e+03  5.8839959e+03
1.0254095e-01     19757  5.0956375e+03  5.0969842e+03  4.9663495e+03
1.1136076e-01     24241  4.3093994e+03  4.2941758e+03  4.0186347e+03
1.2060245e-01     29993  3.7115552e+03  3.6991114e+03  3.3776881e+03
1.3029316e-01     36494  3.2953844e+03  3.2970931e+03  2.9881330e+03
1.4046583e-01     44825  2.9344852e+03  2.9383605e+03  2.6087102e+03
1.5111985e-01     53906  2.6041249e+03  2.5978268e+03  2.2178046e+03
1.6229170e-01     65729  2.3304982e+03  2.3239853e+03  1.9720379e+03
1.7401323e-01     78746  2.1458342e+03  2.1499480e+03  1.8520708e+03
1.8625264e-01     94374  1.9427646e+03  1.9464048e+03  1.6623494e+03
1.9902230e-01    112166  1.7155183e+03  1.7120484e+03  1.3797051e+03
2.1238854e-01    134373  1.5280898e+03  1.5236789e+03  1.1463951e+03
2.2637810e-01    159077  1.3918075e+03  1.3903586e+03  9.9782021e+02
2.4096993e-01    188172  1.2679879e+03  1.2673688e+03  9.0783117e+02
2.5621802e-01    222492  1.1669094e+03  1.1680301e+03  8.4557087e+02
2.7214102e-01    261771  1.0695253e+03  1.0706148e+03  7.5989759e+02
2.8873063e-01    306759  9.7247602e+02  9.7028293e+02  6.3206031e+02
3.0605468e-01    360898  8.9040434e+02  8.8725039e+02  5.2833455e+02
3.2421519e-01    425046  8.2228710e+02  8.2270797e+02  4.8538544e+02
3.4337900e-01    505555  7.5804126e+02  7.5997939e+02  4.5936666e+02
3.6368055e-01    600292  6.9892282e+02  6.9800766e+02  3.9845337e+02
3.8517334e-01    712930  6.4621498e+02  6.4307731e+02  3.2557157e+02
4.0793004e-01    846715  5.9821096e+02  5.9871590e+02  2.9433567e+02
4.3202621e-01   1005596  5.5356059e+02  5.5541155e+02  2.7875614e+02
4.5754560e-01   1194719  5.1293466e+02  5.1016876e+02  2.3190488e+02
4.8457948e-01   1419743  4.7557086e+02  4.7497949e+02  1.9667806e+02
5.1321525e-01   1686576  4.4200869e+02  4.4392547e+02  1.8710094e+02
5.4354215e-01   2003484  4.1076261e+02  4.0773930e+02  1.5651433e+02
5.7565178e-01   2378778  3.8285663e+02  3.8387639e+02  1.3553327e+02
6.0966698e-01   2828400  3.5737414e+02  3.5726485e+02  1.2581678e+02
6.4568974e-01   3356890  3.3434481e+02  3.3321336e+02  1.0300604e+02
6.8383752e-01   3990317  3.1366693e+02  3.1503990e+02  9.5572258e+01
7.2424344e-01   4738457  2.9525979e+02  2.9365425e+02  7.9634455e+01
7.6703215e-01   5629661  2.7926730e+02  2.8035390e+02  7.2554027e+01
8.1235262e-01   6687903  2.6547026e+02  2.6436398e+02  6.0937292e+01
8.6035444e-01   7945758  2.5366271e+02  2.5385702e+02  5.5206729e+01
9.1118812e-01   9436555  2.4373963e+02  2.4433296e+02  4.6662739e+01
9.6501980e-01  11210320  2.3473730e+02  2.3363081e+02  4.1561695e+01
1.0220366e+00  13318613  2.2661577e+02  2.2708755e+02  3.6251213e+01
1.0824208e+00  15819192  2.1867539e+02  2.1877344e+02  3.1084197e+01
1.1463741e+00  18795348  2.1073093e+02  2.0995308e+02  2.7220175e+01
1.2141088e+00  22326034  2.0261091e+02  2.0215936e+02  2.3880587e+01
1.2858419e+00  26520842  1.9413816e+02  1.9393535e+02  2.0743191e+01
1.3618105e+00  31503438  1.8547330e+02  1.8568007e+02  1.7922611e+01
1.4422695e+00  37426927  1.7685900e+02  1.7696643e+02  1.5582203e+01
1.5275481e+00  44525830  1.6839418e+02  1.6847618e+02  1.3509586e+01
