# Power spectrum from CO𝘕CEPT job 4701187 at t = 10.261595 Gyr, a = 0.76923077
#
# Components:
#   0: matter  (upstream grid size 1024)
#
#                           grid size 1024
# ╭────────────────────────────────────────────────────────────────╮
#                         component 0    (corrected)      (linear)
#                        σ₈ = 6.66e-01  σ₈ = 6.66e-01  σ₈ = 6.20e-01
#  k [Mpc⁻¹]    modes       P [Mpc³]       P [Mpc³]       P [Mpc³]
3.0679616e-03         3  3.2852815e+04  3.2852815e+04  3.2842802e+04
5.8212951e-03        25  4.7825962e+04  4.8065316e+04  4.8025013e+04
1.0440195e-02       124  5.4949150e+04  5.5580016e+04  5.6081908e+04
1.6729547e-02       418  4.9615771e+04  5.0069159e+04  5.0026570e+04
2.3240110e-02       730  3.7689824e+04  3.7697245e+04  3.8318936e+04
2.9075630e-02      1012  2.9865794e+04  2.9793434e+04  2.9828221e+04
3.4544381e-02      1408  2.4894854e+04  2.4836914e+04  2.4765203e+04
3.9898901e-02      1841  2.1433823e+04  2.1416842e+04  2.1741675e+04
4.5580519e-02      2698  1.9210394e+04  1.9228140e+04  1.9380479e+04
5.1612543e-02      3532  1.6531469e+04  1.6557470e+04  1.6835562e+04
5.7899473e-02      4702  1.3766880e+04  1.3769493e+04  1.3956896e+04
6.4462744e-02      6019  1.1431448e+04  1.1404296e+04  1.1266397e+04
7.1309305e-02      7766  9.6022664e+03  9.5656053e+03  9.3839404e+03
7.8556104e-02     10012  8.6316047e+03  8.6123554e+03  8.4138183e+03
8.6194331e-02     12589  8.0861303e+03  8.0966174e+03  7.9178037e+03
9.4153926e-02     15650  7.3269622e+03  7.3473755e+03  7.2266017e+03
1.0254095e-01     19757  6.3018284e+03  6.3034939e+03  6.0995568e+03
1.1136076e-01     24241  5.3704811e+03  5.3515091e+03  4.9355879e+03
1.2060245e-01     29993  4.6479279e+03  4.6323448e+03  4.1483881e+03
1.3029316e-01     36494  4.1372629e+03  4.1394081e+03  3.6699430e+03
1.4046583e-01     44825  3.6911673e+03  3.6960419e+03  3.2039435e+03
1.5111985e-01     53906  3.2996808e+03  3.2917006e+03  2.7238424e+03
1.6229170e-01     65729  2.9614494e+03  2.9531734e+03  2.4219974e+03
1.7401323e-01     78746  2.7261297e+03  2.7313560e+03  2.2746562e+03
1.8625264e-01     94374  2.4738881e+03  2.4785235e+03  2.0416454e+03
1.9902230e-01    112166  2.2050573e+03  2.2005973e+03  1.6945098e+03
2.1238854e-01    134373  1.9776689e+03  1.9719603e+03  1.4079654e+03
2.2637810e-01    159077  1.8120696e+03  1.8101832e+03  1.2254902e+03
2.4096993e-01    188172  1.6582789e+03  1.6574692e+03  1.1149683e+03
2.5621802e-01    222492  1.5292725e+03  1.5307412e+03  1.0385020e+03
2.7214102e-01    261771  1.4102571e+03  1.4116938e+03  9.3328076e+02
2.8873063e-01    306759  1.2919509e+03  1.2890373e+03  7.7627516e+02
3.0605468e-01    360898  1.1921301e+03  1.1879074e+03  6.4888258e+02
3.2421519e-01    425046  1.1042482e+03  1.1048134e+03  5.9613387e+02
3.4337900e-01    505555  1.0243128e+03  1.0269318e+03  5.6417842e+02
3.6368055e-01    600292  9.5027866e+02  9.4903438e+02  4.8936674e+02
3.8517334e-01    712930  8.8356120e+02  8.7927110e+02  3.9985578e+02
4.0793004e-01    846715  8.2352250e+02  8.2421761e+02  3.6149290e+02
4.3202621e-01   1005596  7.6604602e+02  7.6860747e+02  3.4235863e+02
4.5754560e-01   1194719  7.1444601e+02  7.1059351e+02  2.8481751e+02
4.8457948e-01   1419743  6.6626547e+02  6.6543697e+02  2.4155314e+02
5.1321525e-01   1686576  6.2347472e+02  6.2617843e+02  2.2979084e+02
5.4354215e-01   2003484  5.8184088e+02  5.7755839e+02  1.9222543e+02
5.7565178e-01   2378778  5.4586229e+02  5.4731623e+02  1.6645722e+02
6.0966698e-01   2828400  5.1181273e+02  5.1165620e+02  1.5452375e+02
6.4568974e-01   3356890  4.8122387e+02  4.7959537e+02  1.2650840e+02
6.8383752e-01   3990317  4.5328908e+02  4.5527319e+02  1.1737848e+02
7.2424344e-01   4738457  4.2798179e+02  4.2565455e+02  9.7804232e+01
7.6703215e-01   5629661  4.0508260e+02  4.0665873e+02  8.9108297e+01
8.1235262e-01   6687903  3.8493759e+02  3.8333346e+02  7.4841030e+01
8.6035444e-01   7945758  3.6657417e+02  3.6685496e+02  6.7802953e+01
9.1118812e-01   9436555  3.5000746e+02  3.5085948e+02  5.7309524e+01
9.6501980e-01  11210320  3.3407684e+02  3.3250208e+02  5.1044602e+01
1.0220366e+00  13318613  3.1890551e+02  3.1956943e+02  4.4522454e+01
1.0824208e+00  15819192  3.0396258e+02  3.0409887e+02  3.8176507e+01
1.1463741e+00  18795348  2.8927154e+02  2.8820379e+02  3.3430851e+01
1.2141088e+00  22326034  2.7472988e+02  2.7411760e+02  2.9329287e+01
1.2858419e+00  26520842  2.6019432e+02  2.5992251e+02  2.5476048e+01
1.3618105e+00  31503438  2.4590146e+02  2.4617559e+02  2.2011911e+01
1.4422695e+00  37426927  2.3184768e+02  2.3198851e+02  1.9137504e+01
1.5275481e+00  44525830  2.1833563e+02  2.1844195e+02  1.6591990e+01
