# Power spectrum from CO𝘕CEPT job 4701187 at t = 3.8214654 Gyr, a = 0.37037037
#
# Components:
#   0: matter  (upstream grid size 1024)
#
#                           grid size 1024
# ╭────────────────────────────────────────────────────────────────╮
#                         component 0    (corrected)      (linear)
#                        σ₈ = 3.42e-01  σ₈ = 3.42e-01  σ₈ = 3.37e-01
#  k [Mpc⁻¹]    modes       P [Mpc³]       P [Mpc³]       P [Mpc³]
3.0679616e-03         3  9.6460475e+03  9.6460475e+03  9.6471945e+03
5.8212951e-03        25  1.4049343e+04  1.4119655e+04  1.4114848e+04
1.0440195e-02       124  1.6229879e+04  1.6416212e+04  1.6493229e+04
1.6729547e-02       418  1.4603558e+04  1.4737005e+04  1.4719471e+04
2.3240110e-02       730  1.1188313e+04  1.1190516e+04  1.1277817e+04
2.9075630e-02      1012  8.8063061e+03  8.7849698e+03  8.7801843e+03
3.4544381e-02      1408  7.3258290e+03  7.3087789e+03  7.2905189e+03
3.9898901e-02      1841  6.3598224e+03  6.3547837e+03  6.4008446e+03
4.5580519e-02      2698  5.6797617e+03  5.6850085e+03  5.7059786e+03
5.1612543e-02      3532  4.9066448e+03  4.9143622e+03  4.9568963e+03
5.7899473e-02      4702  4.0745555e+03  4.0753291e+03  4.1094518e+03
6.4462744e-02      6019  3.3301572e+03  3.3222475e+03  3.3173415e+03
7.1309305e-02      7766  2.7769359e+03  2.7663336e+03  2.7631112e+03
7.8556104e-02     10012  2.4880291e+03  2.4824805e+03  2.4774948e+03
8.6194331e-02     12589  2.3371392e+03  2.3401703e+03  2.3314689e+03
9.4153926e-02     15650  2.1231894e+03  2.1291047e+03  2.1279593e+03
1.0254095e-01     19757  1.7993130e+03  1.7997885e+03  1.7961022e+03
1.1136076e-01     24241  1.4839685e+03  1.4787262e+03  1.4533648e+03
1.2060245e-01     29993  1.2572289e+03  1.2530138e+03  1.2215678e+03
1.3029316e-01     36494  1.1080687e+03  1.1086433e+03  1.0806861e+03
1.4046583e-01     44825  9.7753593e+02  9.7882688e+02  9.4346728e+02
1.5111985e-01     53906  8.4524092e+02  8.4319672e+02  8.0209435e+02
1.6229170e-01     65729  7.5009084e+02  7.4799463e+02  7.1321162e+02
1.7401323e-01     78746  6.9397520e+02  6.9530562e+02  6.6982534e+02
1.8625264e-01     94374  6.2297447e+02  6.2414175e+02  6.0121115e+02
1.9902230e-01    112166  5.3119929e+02  5.3012488e+02  4.9898972e+02
2.1238854e-01    134373  4.5701990e+02  4.5570070e+02  4.1461039e+02
2.2637810e-01    159077  4.0569383e+02  4.0527150e+02  3.6087651e+02
2.4096993e-01    188172  3.6512387e+02  3.6494558e+02  3.2833094e+02
2.5621802e-01    222492  3.3467516e+02  3.3499658e+02  3.0581380e+02
2.7214102e-01    261771  3.0039360e+02  3.0069962e+02  2.7482892e+02
2.8873063e-01    306759  2.6293886e+02  2.6234589e+02  2.2859470e+02
3.0605468e-01    360898  2.3196530e+02  2.3114364e+02  1.9108073e+02
3.2421519e-01    425046  2.1099220e+02  2.1110019e+02  1.7554757e+02
3.4337900e-01    505555  1.9138725e+02  1.9187658e+02  1.6613753e+02
3.6368055e-01    600292  1.7129524e+02  1.7107095e+02  1.4410728e+02
3.8517334e-01    712930  1.5249021e+02  1.5174980e+02  1.1774841e+02
4.0793004e-01    846715  1.3721491e+02  1.3733073e+02  1.0645146e+02
4.3202621e-01   1005596  1.2412438e+02  1.2453942e+02  1.0081689e+02
4.5754560e-01   1194719  1.1093977e+02  1.1034155e+02  8.3872355e+01
4.8457948e-01   1419743  9.9386270e+01  9.9262682e+01  7.1131992e+01
5.1321525e-01   1686576  8.9551214e+01  8.9939555e+01  6.7668277e+01
5.4354215e-01   2003484  8.0364676e+01  7.9773172e+01  5.6606114e+01
5.7565178e-01   2378778  7.2258343e+01  7.2450808e+01  4.9017962e+01
6.0966698e-01   2828400  6.4954176e+01  6.4934310e+01  4.5503831e+01
6.4568974e-01   3356890  5.8456692e+01  5.8258871e+01  3.7253937e+01
6.8383752e-01   3990317  5.2882282e+01  5.3113756e+01  3.4565384e+01
7.2424344e-01   4738457  4.8037142e+01  4.7775930e+01  2.8801203e+01
7.6703215e-01   5629661  4.4147584e+01  4.4319358e+01  2.6240445e+01
8.1235262e-01   6687903  4.1212026e+01  4.1040285e+01  2.2039051e+01
8.6035444e-01   7945758  3.9390958e+01  3.9421131e+01  1.9966495e+01
9.1118812e-01   9436555  3.8894380e+01  3.8989061e+01  1.6876411e+01
9.6501980e-01  11210320  3.9860530e+01  3.9672637e+01  1.5031531e+01
1.0220366e+00  13318613  4.2504825e+01  4.2593314e+01  1.3110902e+01
1.0824208e+00  15819192  4.6974113e+01  4.6995176e+01  1.1242160e+01
1.1463741e+00  18795348  5.3120656e+01  5.2924578e+01  9.8446686e+00
1.2141088e+00  22326034  6.0030019e+01  5.9896233e+01  8.6368480e+00
1.2858419e+00  26520842  6.6518725e+01  6.6449235e+01  7.5021534e+00
1.3618105e+00  31503438  7.1239666e+01  7.1319083e+01  6.4820407e+00
1.4422695e+00  37426927  7.3557221e+01  7.3601901e+01  5.6355907e+00
1.5275481e+00  44525830  7.4165350e+01  7.4201463e+01  4.8859922e+00
