# Power spectrum from CO𝘕CEPT job 4701187 at t = 3.2779515 Gyr, a = 0.33333333
#
# Components:
#   0: matter  (upstream grid size 1024)
#
#                           grid size 1024
# ╭────────────────────────────────────────────────────────────────╮
#                         component 0    (corrected)      (linear)
#                        σ₈ = 3.08e-01  σ₈ = 3.08e-01  σ₈ = 3.05e-01
#  k [Mpc⁻¹]    modes       P [Mpc³]       P [Mpc³]       P [Mpc³]
3.0679616e-03         3  7.8960252e+03  7.8960252e+03  7.8975577e+03
5.8212951e-03        25  1.1501324e+04  1.1558885e+04  1.1556119e+04
1.0440195e-02       124  1.3294441e+04  1.3447074e+04  1.3504784e+04
1.6729547e-02       418  1.1956842e+04  1.2066104e+04  1.2053271e+04
2.3240110e-02       730  9.1690391e+03  9.1708443e+03  9.2353759e+03
2.9075630e-02      1012  7.2111918e+03  7.1937202e+03  7.1902141e+03
3.4544381e-02      1408  5.9974708e+03  5.9835123e+03  5.9703783e+03
3.9898901e-02      1841  5.2114705e+03  5.2073416e+03  5.2418453e+03
4.5580519e-02      2698  4.6522740e+03  4.6565716e+03  4.6728270e+03
5.1612543e-02      3532  4.0206640e+03  4.0269879e+03  4.0593960e+03
5.7899473e-02      4702  3.3380842e+03  3.3387180e+03  3.3654025e+03
6.4462744e-02      6019  2.7241265e+03  2.7176562e+03  2.7167177e+03
7.1309305e-02      7766  2.2704933e+03  2.2618246e+03  2.2628389e+03
7.8556104e-02     10012  2.0336541e+03  2.0291189e+03  2.0289380e+03
8.6194331e-02     12589  1.9102396e+03  1.9127170e+03  1.9093532e+03
9.4153926e-02     15650  1.7355720e+03  1.7404074e+03  1.7426912e+03
1.0254095e-01     19757  1.4691794e+03  1.4695677e+03  1.4709184e+03
1.1136076e-01     24241  1.2081578e+03  1.2038898e+03  1.1902344e+03
1.2060245e-01     29993  1.0215303e+03  1.0181054e+03  1.0004047e+03
1.3029316e-01     36494  8.9969560e+02  9.0016208e+02  8.8502991e+02
1.4046583e-01     44825  7.9236145e+02  7.9340785e+02  7.7265464e+02
1.5111985e-01     53906  6.8302713e+02  6.8137523e+02  6.5687722e+02
1.6229170e-01     65729  6.0562619e+02  6.0393370e+02  5.8408666e+02
1.7401323e-01     78746  5.6083534e+02  5.6191051e+02  5.4855550e+02
1.8625264e-01     94374  5.0295277e+02  5.0389515e+02  4.9236381e+02
1.9902230e-01    112166  4.2682211e+02  4.2595881e+02  4.0864932e+02
2.1238854e-01    134373  3.6509598e+02  3.6404211e+02  3.3954665e+02
2.2637810e-01    159077  3.2290323e+02  3.2256708e+02  2.9554114e+02
2.4096993e-01    188172  2.9034466e+02  2.9020289e+02  2.6888786e+02
2.5621802e-01    222492  2.6617283e+02  2.6642845e+02  2.5044739e+02
2.7214102e-01    261771  2.3846478e+02  2.3870770e+02  2.2507223e+02
2.8873063e-01    306759  2.0720360e+02  2.0673632e+02  1.8720854e+02
3.0605468e-01    360898  1.8155129e+02  1.8090820e+02  1.5648634e+02
3.2421519e-01    425046  1.6479660e+02  1.6488095e+02  1.4376541e+02
3.4337900e-01    505555  1.4953644e+02  1.4991877e+02  1.3605902e+02
3.6368055e-01    600292  1.3310914e+02  1.3293485e+02  1.1801727e+02
3.8517334e-01    712930  1.1745063e+02  1.1688035e+02  9.6430563e+01
4.0793004e-01    846715  1.0531094e+02  1.0539983e+02  8.7178881e+01
4.3202621e-01   1005596  9.5097700e+01  9.5415682e+01  8.2564427e+01
4.5754560e-01   1194719  8.4316255e+01  8.3861597e+01  6.8687632e+01
4.8457948e-01   1419743  7.5004139e+01  7.4910871e+01  5.8253858e+01
5.1321525e-01   1686576  6.7279210e+01  6.7570968e+01  5.5417234e+01
5.4354215e-01   2003484  5.9937330e+01  5.9496177e+01  4.6357829e+01
5.7565178e-01   2378778  5.3474015e+01  5.3616446e+01  4.0143479e+01
6.0966698e-01   2828400  4.7726179e+01  4.7711583e+01  3.7265567e+01
6.4568974e-01   3356890  4.2586720e+01  4.2442603e+01  3.0509280e+01
6.8383752e-01   3990317  3.8181608e+01  3.8348734e+01  2.8307478e+01
7.2424344e-01   4738457  3.4364876e+01  3.4178010e+01  2.3586876e+01
7.6703215e-01   5629661  3.1303297e+01  3.1425095e+01  2.1489733e+01
8.1235262e-01   6687903  2.9001335e+01  2.8880479e+01  1.8048983e+01
8.6035444e-01   7945758  2.7639952e+01  2.7661124e+01  1.6351653e+01
9.1118812e-01   9436555  2.7392017e+01  2.7458697e+01  1.3821016e+01
9.6501980e-01  11210320  2.8413827e+01  2.8279890e+01  1.2310142e+01
1.0220366e+00  13318613  3.1009584e+01  3.1074142e+01  1.0737235e+01
1.0824208e+00  15819192  3.5492996e+01  3.5508911e+01  9.2068202e+00
1.1463741e+00  18795348  4.2059085e+01  4.1903838e+01  8.0623383e+00
1.2141088e+00  22326034  5.0174041e+01  5.0062221e+01  7.0731882e+00
1.2858419e+00  26520842  5.8803550e+01  5.8742120e+01  6.1439249e+00
1.3618105e+00  31503438  6.6001557e+01  6.6075134e+01  5.3084989e+00
1.4422695e+00  37426927  6.9997876e+01  7.0040395e+01  4.6152949e+00
1.5275481e+00  44525830  7.1020472e+01  7.1055054e+01  4.0014077e+00
