# Power spectrum from CO𝘕CEPT job 4701187 at t = 2.727498 Gyr, a = 0.29411765
#
# Components:
#   0: matter  (upstream grid size 1024)
#
#                           grid size 1024
# ╭────────────────────────────────────────────────────────────────╮
#                         component 0    (corrected)      (linear)
#                        σ₈ = 2.72e-01  σ₈ = 2.72e-01  σ₈ = 2.70e-01
#  k [Mpc⁻¹]    modes       P [Mpc³]       P [Mpc³]       P [Mpc³]
3.0679616e-03         3  6.2046595e+03  6.2046595e+03  6.2056344e+03
5.8212951e-03        25  9.0385218e+03  9.0837568e+03  9.0815347e+03
1.0440195e-02       124  1.0454550e+04  1.0574578e+04  1.0614293e+04
1.6729547e-02       418  9.3979832e+03  9.4838618e+03  9.4742321e+03
2.3240110e-02       730  7.2139385e+03  7.2153588e+03  7.2596027e+03
2.9075630e-02      1012  5.6686597e+03  5.6549255e+03  5.6521005e+03
3.4544381e-02      1408  4.7133775e+03  4.7024076e+03  4.6932721e+03
3.9898901e-02      1841  4.0997729e+03  4.0965248e+03  4.1206144e+03
4.5580519e-02      2698  3.6582318e+03  3.6616112e+03  3.6733339e+03
5.1612543e-02      3532  3.1629710e+03  3.1679459e+03  3.1911289e+03
5.7899473e-02      4702  2.6254531e+03  2.6259516e+03  2.6455846e+03
6.4462744e-02      6019  2.1392863e+03  2.1342052e+03  2.1356519e+03
7.1309305e-02      7766  1.7822854e+03  1.7754807e+03  1.7788552e+03
7.8556104e-02     10012  1.5958809e+03  1.5923220e+03  1.5949848e+03
8.6194331e-02     12589  1.4988524e+03  1.5007963e+03  1.5009793e+03
9.4153926e-02     15650  1.3619526e+03  1.3657471e+03  1.3699649e+03
1.0254095e-01     19757  1.1517122e+03  1.1520165e+03  1.1563199e+03
1.1136076e-01     24241  9.4436162e+02  9.4102552e+02  9.3566911e+02
1.2060245e-01     29993  7.9691889e+02  7.9424705e+02  7.8644041e+02
1.3029316e-01     36494  7.0142069e+02  7.0178437e+02  6.9574210e+02
1.4046583e-01     44825  6.1658647e+02  6.1740074e+02  6.0740164e+02
1.5111985e-01     53906  5.2991860e+02  5.2863700e+02  5.1638656e+02
1.6229170e-01     65729  4.6950619e+02  4.6819410e+02  4.5916436e+02
1.7401323e-01     78746  4.3521095e+02  4.3604529e+02  4.3123259e+02
1.8625264e-01     94374  3.8991707e+02  3.9064766e+02  3.8705906e+02
1.9902230e-01    112166  3.2928648e+02  3.2862046e+02  3.2124916e+02
2.1238854e-01    134373  2.7993699e+02  2.7912894e+02  2.6692591e+02
2.2637810e-01    159077  2.4664228e+02  2.4638552e+02  2.3233214e+02
2.4096993e-01    188172  2.2162257e+02  2.2151435e+02  2.1137938e+02
2.5621802e-01    222492  2.0326149e+02  2.0345669e+02  1.9688290e+02
2.7214102e-01    261771  1.8180884e+02  1.8199405e+02  1.7693487e+02
2.8873063e-01    306759  1.5668324e+02  1.5632989e+02  1.4716930e+02
3.0605468e-01    360898  1.3622858e+02  1.3574604e+02  1.2301782e+02
3.2421519e-01    425046  1.2343389e+02  1.2349707e+02  1.1301759e+02
3.4337900e-01    505555  1.1217156e+02  1.1245836e+02  1.0695941e+02
3.6368055e-01    600292  9.9245765e+01  9.9115814e+01  9.2776343e+01
3.8517334e-01    712930  8.6642929e+01  8.6222238e+01  7.5806495e+01
4.0793004e-01    846715  7.7419440e+01  7.7484787e+01  6.8533518e+01
4.3202621e-01   1005596  6.9867010e+01  7.0100627e+01  6.4905982e+01
4.5754560e-01   1194719  6.1354535e+01  6.1023693e+01  5.3997085e+01
4.8457948e-01   1419743  5.4131139e+01  5.4063827e+01  4.5794833e+01
5.1321525e-01   1686576  4.8373734e+01  4.8583507e+01  4.3564893e+01
5.4354215e-01   2003484  4.2725886e+01  4.2411413e+01  3.6443066e+01
5.7565178e-01   2378778  3.7768560e+01  3.7869159e+01  3.1557809e+01
6.0966698e-01   2828400  3.3470871e+01  3.3460634e+01  2.9295410e+01
6.4568974e-01   3356890  2.9559103e+01  2.9459073e+01  2.3984122e+01
6.8383752e-01   3990317  2.6233180e+01  2.6348007e+01  2.2253230e+01
7.2424344e-01   4738457  2.3345436e+01  2.3218491e+01  1.8542245e+01
7.6703215e-01   5629661  2.1029758e+01  2.1111583e+01  1.6893628e+01
8.1235262e-01   6687903  1.9291842e+01  1.9211448e+01  1.4188767e+01
8.6035444e-01   7945758  1.8311617e+01  1.8325644e+01  1.2854453e+01
9.1118812e-01   9436555  1.8224476e+01  1.8268840e+01  1.0865054e+01
9.6501980e-01  11210320  1.9171672e+01  1.9081302e+01  9.6773187e+00
1.0220366e+00  13318613  2.1486232e+01  2.1530963e+01  8.4408161e+00
1.0824208e+00  15819192  2.5586582e+01  2.5598055e+01  7.2377181e+00
1.1463741e+00  18795348  3.1975701e+01  3.1857673e+01  6.3380118e+00
1.2141088e+00  22326034  4.0715180e+01  4.0624440e+01  5.5604157e+00
1.2858419e+00  26520842  5.1397672e+01  5.1343978e+01  4.8298982e+00
1.3618105e+00  31503438  6.1993241e+01  6.2062350e+01  4.1731485e+00
1.4422695e+00  37426927  6.9062454e+01  6.9104404e+01  3.6282031e+00
1.5275481e+00  44525830  7.0938600e+01  7.0973143e+01  3.1456107e+00
