# Power spectrum from CO𝘕CEPT job 4701187 at t = 12.444912 Gyr, a = 0.90909091
#
# Components:
#   0: matter  (upstream grid size 1024)
#
#                           grid size 1024
# ╭────────────────────────────────────────────────────────────────╮
#                         component 0    (corrected)      (linear)
#                        σ₈ = 7.51e-01  σ₈ = 7.51e-01  σ₈ = 6.89e-01
#  k [Mpc⁻¹]    modes       P [Mpc³]       P [Mpc³]       P [Mpc³]
3.0679616e-03         3  4.0558649e+04  4.0558649e+04  4.0554539e+04
5.8212951e-03        25  5.9037328e+04  5.9332791e+04  5.9296946e+04
1.0440195e-02       124  6.7737726e+04  6.8515417e+04  6.9237586e+04
1.6729547e-02       418  6.1205796e+04  6.1765093e+04  6.1756261e+04
2.3240110e-02       730  4.6394866e+04  4.6404000e+04  4.7300974e+04
2.9075630e-02      1012  3.6820196e+04  3.6730987e+04  3.6818892e+04
3.4544381e-02      1408  3.0706042e+04  3.0634577e+04  3.0568683e+04
3.9898901e-02      1841  2.6385222e+04  2.6364318e+04  2.6836248e+04
4.5580519e-02      2698  2.3668252e+04  2.3690116e+04  2.3921510e+04
5.1612543e-02      3532  2.0347771e+04  2.0379774e+04  2.0780115e+04
5.7899473e-02      4702  1.6960118e+04  1.6963338e+04  1.7226864e+04
6.4462744e-02      6019  1.4143220e+04  1.4109627e+04  1.3905932e+04
7.1309305e-02      7766  1.1909947e+04  1.1864475e+04  1.1582396e+04
7.8556104e-02     10012  1.0716554e+04  1.0692656e+04  1.0384959e+04
8.6194331e-02     12589  1.0026019e+04  1.0039022e+04  9.7727120e+03
9.4153926e-02     15650  9.0745198e+03  9.0998019e+03  8.9195604e+03
1.0254095e-01     19757  7.8404651e+03  7.8425372e+03  7.5284703e+03
1.1136076e-01     24241  6.7411855e+03  6.7173713e+03  6.0918139e+03
1.2060245e-01     29993  5.8666955e+03  5.8470262e+03  5.1201952e+03
1.3029316e-01     36494  5.2381841e+03  5.2409000e+03  4.5296634e+03
1.4046583e-01     44825  4.6833996e+03  4.6895845e+03  3.9544950e+03
1.5111985e-01     53906  4.2199656e+03  4.2097596e+03  3.3619232e+03
1.6229170e-01     65729  3.8005669e+03  3.7899458e+03  2.9893666e+03
1.7401323e-01     78746  3.4998431e+03  3.5065526e+03  2.8075080e+03
1.8625264e-01     94374  3.1840575e+03  3.1900235e+03  2.5199116e+03
1.9902230e-01    112166  2.8672806e+03  2.8614811e+03  2.0914567e+03
2.1238854e-01    134373  2.5895131e+03  2.5820383e+03  1.7377873e+03
2.2637810e-01    159077  2.3867578e+03  2.3842732e+03  1.5125659e+03
2.4096993e-01    188172  2.1957839e+03  2.1947118e+03  1.3761535e+03
2.5621802e-01    222492  2.0304336e+03  2.0323836e+03  1.2817744e+03
2.7214102e-01    261771  1.8838303e+03  1.8857493e+03  1.1519044e+03
2.8873063e-01    306759  1.7390892e+03  1.7351673e+03  9.5811963e+02
3.0605468e-01    360898  1.6176256e+03  1.6118957e+03  8.0088486e+02
3.2421519e-01    425046  1.5036901e+03  1.5044597e+03  7.3577953e+02
3.4337900e-01    505555  1.4039525e+03  1.4075420e+03  6.9633835e+02
3.6368055e-01    600292  1.3112756e+03  1.3095587e+03  6.0400181e+02
3.8517334e-01    712930  1.2258044e+03  1.2198525e+03  4.9352268e+02
4.0793004e-01    846715  1.1500036e+03  1.1509743e+03  4.4617318e+02
4.3202621e-01   1005596  1.0757560e+03  1.0793531e+03  4.2255664e+02
4.5754560e-01   1194719  1.0098322e+03  1.0043868e+03  3.5153640e+02
4.8457948e-01   1419743  9.4667511e+02  9.4549792e+02  2.9813727e+02
5.1321525e-01   1686576  8.9147399e+02  8.9533989e+02  2.8361962e+02
5.4354215e-01   2003484  8.3625515e+02  8.3010011e+02  2.3725445e+02
5.7565178e-01   2378778  7.8881492e+02  7.9091598e+02  2.0545000e+02
6.0966698e-01   2828400  7.4311442e+02  7.4288715e+02  1.9072110e+02
6.4568974e-01   3356890  7.0128525e+02  6.9891206e+02  1.5614312e+02
6.8383752e-01   3990317  6.6222285e+02  6.6512150e+02  1.4487450e+02
7.2424344e-01   4738457  6.2650694e+02  6.2310018e+02  1.2071496e+02
7.6703215e-01   5629661  5.9345365e+02  5.9576271e+02  1.0998199e+02
8.1235262e-01   6687903  5.6280160e+02  5.6045627e+02  9.2372597e+01
8.6035444e-01   7945758  5.3415470e+02  5.3456385e+02  8.3685842e+01
9.1118812e-01   9436555  5.0707672e+02  5.0831110e+02  7.0734318e+01
9.6501980e-01  11210320  4.8081605e+02  4.7854960e+02  6.3001831e+01
1.0220366e+00  13318613  4.5545098e+02  4.5639916e+02  5.4951864e+01
1.0824208e+00  15819192  4.3025676e+02  4.3044968e+02  4.7119374e+01
1.1463741e+00  18795348  4.0581807e+02  4.0432013e+02  4.1262044e+01
1.2141088e+00  22326034  3.8180959e+02  3.8095867e+02  3.6199685e+01
1.2858419e+00  26520842  3.5844141e+02  3.5806696e+02  3.1443822e+01
1.3618105e+00  31503438  3.3582416e+02  3.3619854e+02  2.7168208e+01
1.4422695e+00  37426927  3.1394422e+02  3.1413492e+02  2.3620470e+01
1.5275481e+00  44525830  2.9297735e+02  2.9312001e+02  2.0478667e+01
