# Power spectrum from CO𝘕CEPT job 4701187 at t = 2.1444136 Gyr, a = 0.25
#
# Components:
#   0: matter  (upstream grid size 1024)
#
#                           grid size 1024
# ╭────────────────────────────────────────────────────────────────╮
#                         component 0    (corrected)      (linear)
#                        σ₈ = 2.31e-01  σ₈ = 2.31e-01  σ₈ = 2.31e-01
#  k [Mpc⁻¹]    modes       P [Mpc³]       P [Mpc³]       P [Mpc³]
3.0679616e-03         3  4.5199815e+03  4.5199815e+03  4.5202823e+03
5.8212951e-03        25  6.5852382e+03  6.6181952e+03  6.6162469e+03
1.0440195e-02       124  7.6227386e+03  7.7102547e+03  7.7342434e+03
1.6729547e-02       418  6.8483737e+03  6.9109540e+03  6.9042318e+03
2.3240110e-02       730  5.2627808e+03  5.2638170e+03  5.2906333e+03
2.9075630e-02      1012  4.1313561e+03  4.1213465e+03  4.1192341e+03
3.4544381e-02      1408  3.4341696e+03  3.4261770e+03  3.4204975e+03
3.9898901e-02      1841  2.9905267e+03  2.9881574e+03  3.0031715e+03
4.5580519e-02      2698  2.6671082e+03  2.6695720e+03  2.6772073e+03
5.1612543e-02      3532  2.3071986e+03  2.3108275e+03  2.3257796e+03
5.7899473e-02      4702  1.9147432e+03  1.9151067e+03  1.9281811e+03
6.4462744e-02      6019  1.5576596e+03  1.5539599e+03  1.5565324e+03
7.1309305e-02      7766  1.2972529e+03  1.2923001e+03  1.2964910e+03
7.8556104e-02     10012  1.1612096e+03  1.1586200e+03  1.1624824e+03
8.6194331e-02     12589  1.0903648e+03  1.0917789e+03  1.0939697e+03
9.4153926e-02     15650  9.9090184e+02  9.9366255e+02  9.9848292e+02
1.0254095e-01     19757  8.3714869e+02  8.3736993e+02  8.4277130e+02
1.1136076e-01     24241  6.8442258e+02  6.8200476e+02  6.8195300e+02
1.2060245e-01     29993  5.7642873e+02  5.7449613e+02  5.7318961e+02
1.3029316e-01     36494  5.0706496e+02  5.0732786e+02  5.0708534e+02
1.4046583e-01     44825  4.4479623e+02  4.4538364e+02  4.4269944e+02
1.5111985e-01     53906  3.8114293e+02  3.8022114e+02  3.7636407e+02
1.6229170e-01     65729  3.3746855e+02  3.3652546e+02  3.3465827e+02
1.7401323e-01     78746  3.1315814e+02  3.1375850e+02  3.1430053e+02
1.8625264e-01     94374  2.8030694e+02  2.8083216e+02  2.8210508e+02
1.9902230e-01    112166  2.3551831e+02  2.3504195e+02  2.3414008e+02
2.1238854e-01    134373  1.9888891e+02  1.9831481e+02  1.9454703e+02
2.2637810e-01    159077  1.7451942e+02  1.7433775e+02  1.6933364e+02
2.4096993e-01    188172  1.5676638e+02  1.5668983e+02  1.5406239e+02
2.5621802e-01    222492  1.4390290e+02  1.4404110e+02  1.4349675e+02
2.7214102e-01    261771  1.2853890e+02  1.2866985e+02  1.2895779e+02
2.8873063e-01    306759  1.0974308e+02  1.0949560e+02  1.0726336e+02
3.0605468e-01    360898  9.4554454e+01  9.4219527e+01  8.9660726e+01
3.2421519e-01    425046  8.5558609e+01  8.5602400e+01  8.2372130e+01
3.4337900e-01    505555  7.7995042e+01  7.8194457e+01  7.7956673e+01
3.6368055e-01    600292  6.8535069e+01  6.8445330e+01  6.7619440e+01
3.8517334e-01    712930  5.9043204e+01  5.8756522e+01  5.5251079e+01
4.0793004e-01    846715  5.2586325e+01  5.2630712e+01  4.9950219e+01
4.3202621e-01   1005596  4.7514788e+01  4.7673665e+01  4.7306315e+01
4.5754560e-01   1194719  4.1233773e+01  4.1011428e+01  3.9355436e+01
4.8457948e-01   1419743  3.6015324e+01  3.5970539e+01  3.3377278e+01
5.1321525e-01   1686576  3.2120652e+01  3.2259944e+01  3.1752002e+01
5.4354215e-01   2003484  2.8064117e+01  2.7857558e+01  2.6561304e+01
5.7565178e-01   2378778  2.4535925e+01  2.4601278e+01  2.3000715e+01
6.0966698e-01   2828400  2.1606335e+01  2.1599727e+01  2.1351780e+01
6.4568974e-01   3356890  1.8824080e+01  1.8760378e+01  1.7480681e+01
6.8383752e-01   3990317  1.6524408e+01  1.6596737e+01  1.6219132e+01
7.2424344e-01   4738457  1.4495533e+01  1.4416710e+01  1.3514404e+01
7.6703215e-01   5629661  1.2869044e+01  1.2919116e+01  1.2312819e+01
8.1235262e-01   6687903  1.1646979e+01  1.1598444e+01  1.0341398e+01
8.6035444e-01   7945758  1.0993035e+01  1.1001455e+01  9.3688917e+00
9.1118812e-01   9436555  1.1003261e+01  1.1030046e+01  7.9189307e+00
9.6501980e-01  11210320  1.1780231e+01  1.1724702e+01  7.0532569e+00
1.0220366e+00  13318613  1.3619907e+01  1.3648261e+01  6.1520396e+00
1.0824208e+00  15819192  1.6946090e+01  1.6953689e+01  5.2751689e+00
1.1463741e+00  18795348  2.2438298e+01  2.2355474e+01  4.6194235e+00
1.2141088e+00  22326034  3.0795212e+01  3.0726580e+01  4.0526773e+00
1.2858419e+00  26520842  4.2791426e+01  4.2746723e+01  3.5202440e+00
1.3618105e+00  31503438  5.7673067e+01  5.7737360e+01  3.0415760e+00
1.4422695e+00  37426927  7.1064498e+01  7.1107665e+01  2.6443958e+00
1.5275481e+00  44525830  7.6228876e+01  7.6265994e+01  2.2926613e+00
