# Power spectrum from CO𝘕CEPT job 4701187 at t = 2.6133026 Gyr, a = 0.28571429
#
# Components:
#   0: matter  (upstream grid size 1024)
#
#                           grid size 1024
# ╭────────────────────────────────────────────────────────────────╮
#                         component 0    (corrected)      (linear)
#                        σ₈ = 2.64e-01  σ₈ = 2.64e-01  σ₈ = 2.63e-01
#  k [Mpc⁻¹]    modes       P [Mpc³]       P [Mpc³]       P [Mpc³]
3.0679616e-03         3  5.8653821e+03  5.8653821e+03  5.8662122e+03
5.8212951e-03        25  8.5444741e+03  8.5872365e+03  8.5850669e+03
1.0440195e-02       124  9.8845189e+03  9.9980022e+03  1.0034336e+04
1.6729547e-02       418  8.8845887e+03  8.9657760e+03  8.9567342e+03
2.3240110e-02       730  6.8213132e+03  6.8226562e+03  6.8631395e+03
2.9075630e-02      1012  5.3591328e+03  5.3461484e+03  5.3434534e+03
3.4544381e-02      1408  4.4557712e+03  4.4454009e+03  4.4369974e+03
3.9898901e-02      1841  3.8765441e+03  3.8734728e+03  3.8956173e+03
4.5580519e-02      2698  3.4587126e+03  3.4619077e+03  3.4727647e+03
5.1612543e-02      3532  2.9907491e+03  2.9954531e+03  3.0168922e+03
5.7899473e-02      4702  2.4823986e+03  2.4828699e+03  2.5011368e+03
6.4462744e-02      6019  2.0220792e+03  2.0172764e+03  2.0190476e+03
7.1309305e-02      7766  1.6845049e+03  1.6780735e+03  1.6817325e+03
7.8556104e-02     10012  1.5082319e+03  1.5048684e+03  1.5079018e+03
8.6194331e-02     12589  1.4164818e+03  1.4183189e+03  1.4190292e+03
9.4153926e-02     15650  1.2871357e+03  1.2907217e+03  1.2951682e+03
1.0254095e-01     19757  1.0882276e+03  1.0885152e+03  1.0931880e+03
1.1136076e-01     24241  8.9178355e+02  8.8863319e+02  8.8458429e+02
1.2060245e-01     29993  7.5225142e+02  7.4972934e+02  7.4350315e+02
1.3029316e-01     36494  6.6202519e+02  6.6236845e+02  6.5775678e+02
1.4046583e-01     44825  5.8172028e+02  5.8248851e+02  5.7423949e+02
1.5111985e-01     53906  4.9965320e+02  4.9844479e+02  4.8819358e+02
1.6229170e-01     65729  4.4262707e+02  4.4139010e+02  4.3409555e+02
1.7401323e-01     78746  4.1038121e+02  4.1116795e+02  4.0768879e+02
1.8625264e-01     94374  3.6760122e+02  3.6829000e+02  3.6592700e+02
1.9902230e-01    112166  3.1012764e+02  3.0950037e+02  3.0371010e+02
2.1238854e-01    134373  2.6330636e+02  2.6254632e+02  2.5235272e+02
2.2637810e-01    159077  2.3180435e+02  2.3156303e+02  2.1964766e+02
2.4096993e-01    188172  2.0826906e+02  2.0816737e+02  1.9983884e+02
2.5621802e-01    222492  1.9103984e+02  1.9122331e+02  1.8613382e+02
2.7214102e-01    261771  1.7082626e+02  1.7100028e+02  1.6727489e+02
2.8873063e-01    306759  1.4695539e+02  1.4662398e+02  1.3913441e+02
3.0605468e-01    360898  1.2755264e+02  1.2710083e+02  1.1630151e+02
3.2421519e-01    425046  1.1553601e+02  1.1559514e+02  1.0684725e+02
3.4337900e-01    505555  1.0504443e+02  1.0531300e+02  1.0111983e+02
3.6368055e-01    600292  9.2817669e+01  9.2696135e+01  8.7711107e+01
3.8517334e-01    712930  8.0833961e+01  8.0441475e+01  7.1667749e+01
4.0793004e-01    846715  7.2179544e+01  7.2240469e+01  6.4791849e+01
4.3202621e-01   1005596  6.5142432e+01  6.5360251e+01  6.1362364e+01
4.5754560e-01   1194719  5.7080754e+01  5.6772957e+01  5.1049051e+01
4.8457948e-01   1419743  5.0267119e+01  5.0204612e+01  4.3294611e+01
5.1321525e-01   1686576  4.4893805e+01  4.5088488e+01  4.1186418e+01
5.4354215e-01   2003484  3.9574255e+01  3.9282979e+01  3.4453416e+01
5.7565178e-01   2378778  3.4910163e+01  3.5003148e+01  2.9834875e+01
6.0966698e-01   2828400  3.0895030e+01  3.0885581e+01  2.7695994e+01
6.4568974e-01   3356890  2.7218393e+01  2.7126284e+01  2.2674682e+01
6.8383752e-01   3990317  2.4103228e+01  2.4208731e+01  2.1038290e+01
7.2424344e-01   4738457  2.1393923e+01  2.1277589e+01  1.7529911e+01
7.6703215e-01   5629661  1.9221221e+01  1.9296009e+01  1.5971302e+01
8.1235262e-01   6687903  1.7591024e+01  1.7517717e+01  1.3414115e+01
8.6035444e-01   7945758  1.6680583e+01  1.6693360e+01  1.2152650e+01
9.1118812e-01   9436555  1.6617687e+01  1.6658139e+01  1.0271865e+01
9.6501980e-01  11210320  1.7537382e+01  1.7454715e+01  9.1489751e+00
1.0220366e+00  13318613  1.9770627e+01  1.9811786e+01  7.9799808e+00
1.0824208e+00  15819192  2.3745959e+01  2.3756607e+01  6.8425673e+00
1.1463741e+00  18795348  3.0015869e+01  2.9905075e+01  5.9919814e+00
1.2141088e+00  22326034  3.8775853e+01  3.8689435e+01  5.2568391e+00
1.2858419e+00  26520842  4.9817831e+01  4.9765788e+01  4.5662050e+00
1.3618105e+00  31503438  6.1224703e+01  6.1292956e+01  3.9453112e+00
1.4422695e+00  37426927  6.9225692e+01  6.9267742e+01  3.4301177e+00
1.5275481e+00  44525830  7.1445901e+01  7.1480690e+01  2.9738730e+00
