# Power spectrum from CO𝘕CEPT job 4701187 at t = 2.5067588 Gyr, a = 0.27777778
#
# Components:
#   0: matter  (upstream grid size 1024)
#
#                           grid size 1024
# ╭────────────────────────────────────────────────────────────────╮
#                         component 0    (corrected)      (linear)
#                        σ₈ = 2.57e-01  σ₈ = 2.57e-01  σ₈ = 2.56e-01
#  k [Mpc⁻¹]    modes       P [Mpc³]       P [Mpc³]       P [Mpc³]
3.0679616e-03         3  5.5527571e+03  5.5527571e+03  5.5534620e+03
5.8212951e-03        25  8.0892291e+03  8.1297132e+03  8.1275937e+03
1.0440195e-02       124  9.3591523e+03  9.4666040e+03  9.4999152e+03
1.6729547e-02       418  8.4114936e+03  8.4883577e+03  8.4798585e+03
2.3240110e-02       730  6.4593931e+03  6.4606648e+03  6.4977931e+03
2.9075630e-02      1012  5.0738900e+03  5.0615967e+03  5.0590290e+03
3.4544381e-02      1408  4.2183951e+03  4.2085773e+03  4.2008342e+03
3.9898901e-02      1841  3.6707806e+03  3.6678723e+03  3.6882765e+03
4.5580519e-02      2698  3.2748305e+03  3.2778557e+03  3.2879345e+03
5.1612543e-02      3532  2.8320030e+03  2.8364573e+03  2.8563278e+03
5.7899473e-02      4702  2.3505492e+03  2.3509955e+03  2.3680239e+03
6.4462744e-02      6019  1.9141120e+03  1.9095657e+03  1.9115931e+03
7.1309305e-02      7766  1.5944504e+03  1.5883629e+03  1.5922308e+03
7.8556104e-02     10012  1.4275176e+03  1.4243341e+03  1.4276519e+03
8.6194331e-02     12589  1.3406282e+03  1.3423669e+03  1.3435095e+03
9.4153926e-02     15650  1.2182358e+03  1.2216299e+03  1.2262406e+03
1.0254095e-01     19757  1.0297898e+03  1.0300620e+03  1.0350098e+03
1.1136076e-01     24241  8.4343731e+02  8.4045775e+02  8.3750790e+02
1.2060245e-01     29993  7.1120946e+02  7.0882498e+02  7.0393501e+02
1.3029316e-01     36494  6.2583739e+02  6.2616188e+02  6.2275200e+02
1.4046583e-01     44825  5.4971208e+02  5.5043803e+02  5.4367943e+02
1.5111985e-01     53906  4.7189984e+02  4.7075855e+02  4.6221277e+02
1.6229170e-01     65729  4.1798729e+02  4.1681918e+02  4.1099378e+02
1.7401323e-01     78746  3.8761280e+02  3.8835589e+02  3.8599236e+02
1.8625264e-01     94374  3.4714570e+02  3.4779615e+02  3.4645307e+02
1.9902230e-01    112166  2.9259582e+02  2.9200401e+02  2.8754725e+02
2.1238854e-01    134373  2.4811861e+02  2.4740241e+02  2.3892302e+02
2.2637810e-01    159077  2.1827059e+02  2.1804337e+02  2.0795845e+02
2.4096993e-01    188172  1.9609415e+02  1.9599840e+02  1.8920383e+02
2.5621802e-01    222492  1.7989720e+02  1.8006997e+02  1.7622816e+02
2.7214102e-01    261771  1.6081997e+02  1.6098380e+02  1.5837287e+02
2.8873063e-01    306759  1.3811358e+02  1.3780211e+02  1.3172997e+02
3.0605468e-01    360898  1.1968356e+02  1.1925962e+02  1.1011219e+02
3.2421519e-01    425046  1.0837840e+02  1.0843388e+02  1.0116107e+02
3.4337900e-01    505555  9.8586251e+01  9.8838313e+01  9.5738454e+01
3.6368055e-01    600292  8.7002977e+01  8.6889057e+01  8.3043313e+01
3.8517334e-01    712930  7.5592533e+01  7.5225497e+01  6.7853748e+01
4.0793004e-01    846715  6.7457382e+01  6.7514321e+01  6.1343770e+01
4.3202621e-01   1005596  6.0888676e+01  6.1092271e+01  5.8096795e+01
4.5754560e-01   1194719  5.3241513e+01  5.2954419e+01  4.8332334e+01
4.8457948e-01   1419743  4.6802729e+01  4.6744530e+01  4.0990568e+01
5.1321525e-01   1686576  4.1779666e+01  4.1960844e+01  3.8994569e+01
5.4354215e-01   2003484  3.6759094e+01  3.6488538e+01  3.2619882e+01
5.7565178e-01   2378778  3.2362726e+01  3.2448926e+01  2.8247130e+01
6.0966698e-01   2828400  2.8605038e+01  2.8596289e+01  2.6222076e+01
6.4568974e-01   3356890  2.5141652e+01  2.5056571e+01  2.1467987e+01
6.8383752e-01   3990317  2.2218949e+01  2.2316204e+01  1.9918680e+01
7.2424344e-01   4738457  1.9671642e+01  1.9564673e+01  1.6597009e+01
7.6703215e-01   5629661  1.7628752e+01  1.7697344e+01  1.5121345e+01
8.1235262e-01   6687903  1.6096175e+01  1.6029099e+01  1.2700247e+01
8.6035444e-01   7945758  1.5248158e+01  1.5259838e+01  1.1505914e+01
9.1118812e-01   9436555  1.5205460e+01  1.5242475e+01  9.7252201e+00
9.6501980e-01  11210320  1.6096600e+01  1.6020724e+01  8.6620878e+00
1.0220366e+00  13318613  1.8248210e+01  1.8286200e+01  7.5553047e+00
1.0824208e+00  15819192  2.2094257e+01  2.2104164e+01  6.4784218e+00
1.1463741e+00  18795348  2.8227358e+01  2.8123166e+01  5.6731022e+00
1.2141088e+00  22326034  3.6966613e+01  3.6884228e+01  4.9770825e+00
1.2858419e+00  26520842  4.8308065e+01  4.8257599e+01  4.3232023e+00
1.3618105e+00  31503438  6.0495124e+01  6.0562563e+01  3.7353512e+00
1.4422695e+00  37426927  6.9486520e+01  6.9528728e+01  3.2475751e+00
1.5275481e+00  44525830  7.2122277e+01  7.2157395e+01  2.8156107e+00
