# Power spectrum from CO𝘕CEPT job 4701187 at t = 11.277962 Gyr, a = 0.83333333
#
# Components:
#   0: matter  (upstream grid size 1024)
#
#                           grid size 1024
# ╭────────────────────────────────────────────────────────────────╮
#                         component 0    (corrected)      (linear)
#                        σ₈ = 7.07e-01  σ₈ = 7.07e-01  σ₈ = 6.54e-01
#  k [Mpc⁻¹]    modes       P [Mpc³]       P [Mpc³]       P [Mpc³]
3.0679616e-03         3  3.6492736e+04  3.6492736e+04  3.6486591e+04
5.8212951e-03        25  5.3121994e+04  5.3387853e+04  5.3350768e+04
1.0440195e-02       124  6.0993664e+04  6.1693928e+04  6.2297853e+04
1.6729547e-02       418  5.5092612e+04  5.5596048e+04  5.5568892e+04
2.3240110e-02       730  4.1806930e+04  4.1815161e+04  4.2563053e+04
2.9075630e-02      1012  3.3153026e+04  3.3072701e+04  3.3131426e+04
3.4544381e-02      1408  2.7641198e+04  2.7576867e+04  2.7507460e+04
3.9898901e-02      1841  2.3775514e+04  2.3756678e+04  2.4148971e+04
4.5580519e-02      2698  2.1317938e+04  2.1337631e+04  2.1526223e+04
5.1612543e-02      3532  1.8336369e+04  1.8365209e+04  1.8699462e+04
5.7899473e-02      4702  1.5276401e+04  1.5279301e+04  1.5502042e+04
6.4462744e-02      6019  1.2711037e+04  1.2680846e+04  1.2513649e+04
7.1309305e-02      7766  1.0689774e+04  1.0648960e+04  1.0422772e+04
7.8556104e-02     10012  9.6136095e+03  9.5921702e+03  9.3452386e+03
8.6194331e-02     12589  9.0004970e+03  9.0121700e+03  8.7943020e+03
9.4153926e-02     15650  8.1511982e+03  8.1739078e+03  8.0265749e+03
1.0254095e-01     19757  7.0259897e+03  7.0278466e+03  6.7747613e+03
1.1136076e-01     24241  6.0133327e+03  5.9920897e+03  5.4819398e+03
1.2060245e-01     29993  5.2183121e+03  5.2008166e+03  4.6075967e+03
1.3029316e-01     36494  4.6518081e+03  4.6542200e+03  4.0761874e+03
1.4046583e-01     44825  4.1545040e+03  4.1599905e+03  3.5586024e+03
1.5111985e-01     53906  3.7284207e+03  3.7194035e+03  3.0253555e+03
1.6229170e-01     65729  3.3517905e+03  3.3424236e+03  2.6900971e+03
1.7401323e-01     78746  3.0857526e+03  3.0916683e+03  2.5264455e+03
1.8625264e-01     94374  2.8036929e+03  2.8089462e+03  2.2676413e+03
1.9902230e-01    112166  2.5116551e+03  2.5065750e+03  1.8820798e+03
2.1238854e-01    134373  2.2604513e+03  2.2539264e+03  1.5638168e+03
2.2637810e-01    159077  2.0773457e+03  2.0751832e+03  1.3611426e+03
2.4096993e-01    188172  1.9059349e+03  1.9050042e+03  1.2383866e+03
2.5621802e-01    222492  1.7598925e+03  1.7615827e+03  1.1534560e+03
2.7214102e-01    261771  1.6279411e+03  1.6295995e+03  1.0365874e+03
2.8873063e-01    306759  1.4971443e+03  1.4937680e+03  8.6220250e+02
3.0605468e-01    360898  1.3870254e+03  1.3821124e+03  7.2070854e+02
3.2421519e-01    425046  1.2869194e+03  1.2875781e+03  6.6212093e+02
3.4337900e-01    505555  1.1976708e+03  1.2007329e+03  6.2662823e+02
3.6368055e-01    600292  1.1147803e+03  1.1133206e+03  5.4353550e+02
3.8517334e-01    712930  1.0393632e+03  1.0343166e+03  4.4411641e+02
4.0793004e-01    846715  9.7199306e+02  9.7281350e+02  4.0150706e+02
4.3202621e-01   1005596  9.0663123e+02  9.0966276e+02  3.8025477e+02
4.5754560e-01   1194719  8.4833545e+02  8.4376097e+02  3.1634434e+02
4.8457948e-01   1419743  7.9326145e+02  7.9227503e+02  2.6829097e+02
5.1321525e-01   1686576  7.4479917e+02  7.4802901e+02  2.5522668e+02
5.4354215e-01   2003484  6.9672970e+02  6.9160160e+02  2.1350309e+02
5.7565178e-01   2378778  6.5551132e+02  6.5725732e+02  1.8488257e+02
6.0966698e-01   2828400  6.1601941e+02  6.1583101e+02  1.7162817e+02
6.4568974e-01   3356890  5.8034241e+02  5.7837849e+02  1.4051176e+02
6.8383752e-01   3990317  5.4745487e+02  5.4985116e+02  1.3037124e+02
7.2424344e-01   4738457  5.1750721e+02  5.1469316e+02  1.0863029e+02
7.6703215e-01   5629661  4.9000118e+02  4.9190773e+02  9.8971790e+01
8.1235262e-01   6687903  4.6521326e+02  4.6327461e+02  8.3125263e+01
8.6035444e-01   7945758  4.4227208e+02  4.4261086e+02  7.5308132e+01
9.1118812e-01   9436555  4.2103858e+02  4.2206351e+02  6.3653173e+01
9.6501980e-01  11210320  4.0046158e+02  3.9857390e+02  5.6694780e+01
1.0220366e+00  13318613  3.8062133e+02  3.8141372e+02  4.9450688e+01
1.0824208e+00  15819192  3.6096275e+02  3.6112460e+02  4.2402302e+01
1.1463741e+00  18795348  3.4192082e+02  3.4065873e+02  3.7131343e+01
1.2141088e+00  22326034  3.2306802e+02  3.2234801e+02  3.2575772e+01
1.2858419e+00  26520842  3.0455102e+02  3.0423287e+02  2.8296014e+01
1.3618105e+00  31503438  2.8651592e+02  2.8683532e+02  2.4448428e+01
1.4422695e+00  37426927  2.6894032e+02  2.6910368e+02  2.1255851e+01
1.5275481e+00  44525830  2.5197804e+02  2.5210073e+02  1.8428571e+01
