# Power spectrum from CO𝘕CEPT job 4547576 at t = 3.4442201 Gyr, a = 0.34482759
#
# Components:
#   0: matter  (upstream grid size 1024)
#
#                           grid size 1024
# ╭────────────────────────────────────────────────────────────────╮
#                         component 0    (corrected)      (linear)
#                        σ₈ = 3.24e-01  σ₈ = 3.23e-01  σ₈ = 3.17e-01
#  k [Mpc⁻¹]    modes       P [Mpc³]       P [Mpc³]       P [Mpc³]
2.4543693e-02         3  9.1205072e+03  9.1205072e+03  9.2034018e+03
4.6570361e-02        25  4.8256284e+03  4.8891096e+03  4.9091065e+03
8.3521561e-02       124  2.1129700e+03  2.0559316e+03  2.0835178e+03
1.3383638e-01       418  9.7999467e+02  9.6531647e+02  9.1824946e+02
1.8592088e-01       730  5.2903600e+02  5.4144077e+02  5.2142140e+02
2.3260504e-01      1012  3.6548244e+02  3.6306587e+02  3.1254774e+02
2.7635505e-01      1408  2.7337792e+02  2.7371957e+02  2.2589144e+02
3.1919121e-01      1841  2.0798270e+02  2.0677842e+02  1.6195947e+02
3.6464415e-01      2698  1.6333266e+02  1.6226389e+02  1.2239194e+02
4.1290034e-01      3532  1.3084838e+02  1.3192867e+02  9.5438622e+01
4.6319578e-01      4702  1.0615699e+02  1.0413746e+02  7.0129372e+01
5.1570195e-01      6019  8.9809747e+01  9.0816150e+01  5.8323527e+01
5.7047444e-01      7766  7.5124573e+01  7.5046814e+01  4.5128288e+01
6.2844883e-01     10012  6.5723778e+01  6.4685218e+01  3.5371873e+01
6.8955465e-01     12589  5.6614590e+01  5.6781954e+01  2.9400771e+01
7.5323141e-01     15650  4.9438117e+01  4.9859643e+01  2.4058145e+01
8.2032763e-01     19757  4.2731479e+01  4.2596714e+01  1.9343924e+01
8.9088605e-01     24241  3.8360020e+01  3.7971147e+01  1.5776863e+01
9.6481958e-01     29993  3.3843984e+01  3.3568333e+01  1.3089080e+01
1.0423453e+00     36494  3.0294810e+01  3.0128368e+01  1.0908976e+01
1.1237267e+00     44825  2.7507679e+01  2.7389898e+01  9.1142701e+00
1.2089588e+00     53906  2.4943160e+01  2.4874264e+01  7.6440924e+00
1.2983336e+00     65729  2.2618124e+01  2.2554189e+01  6.4268797e+00
1.3921058e+00     78746  2.0671458e+01  2.0606192e+01  5.4168946e+00
1.4900211e+00     94374  1.8839541e+01  1.8781084e+01  4.5845917e+00
1.5921784e+00    112166  1.7332419e+01  1.7317919e+01  3.9016939e+00
1.6991083e+00    134373  1.5884086e+01  1.5886103e+01  3.3240875e+00
1.8110248e+00    159077  1.4670989e+01  1.4651352e+01  2.8337529e+00
1.9277595e+00    188172  1.3568033e+01  1.3551260e+01  2.4254953e+00
2.0497441e+00    222492  1.2601633e+01  1.2596274e+01  2.0820523e+00
2.1771282e+00    261771  1.1722913e+01  1.1712766e+01  1.7893086e+00
2.3098450e+00    306759  1.0851659e+01  1.0843274e+01  1.5420381e+00
2.4484375e+00    360898  1.0103623e+01  1.0095071e+01  1.3312357e+00
2.5937215e+00    425046  9.3850684e+00  9.3772389e+00  1.1506940e+00
2.7470320e+00    505555  8.7051957e+00  8.6974874e+00  9.9476365e-01
2.9094444e+00    600292  8.0645482e+00  8.0573018e+00  8.5966876e-01
3.0813867e+00    712930  7.4882211e+00  7.4815863e+00  7.4270474e-01
3.2634403e+00    846715  6.9300410e+00  6.9238729e+00  6.4143504e-01
3.4562097e+00   1005596  6.3922090e+00  6.3865835e+00  5.5381728e-01
3.6603648e+00   1194719  5.9014599e+00  5.8962274e+00  4.7801172e-01
3.8766358e+00   1419743  5.4228615e+00  5.4179849e+00  4.1240252e-01
4.1057220e+00   1686576  4.9821656e+00  4.9776908e+00  3.5570686e-01
4.3483372e+00   2003484  4.5552989e+00  4.5511908e+00  3.0669227e-01
4.6052142e+00   2378778  4.1664375e+00  4.1626579e+00  2.6435992e-01
4.8773359e+00   2828400  3.7992128e+00  3.7957453e+00  2.2779354e-01
5.1655179e+00   3356890  3.4597392e+00  3.4565797e+00  1.9623380e-01
5.4707002e+00   3990317  3.1374046e+00  3.1345400e+00  1.6900534e-01
5.7939476e+00   4738457  2.8432805e+00  2.8406358e+00  1.4550127e-01
6.1362572e+00   5629661  2.5745906e+00  2.5722483e+00  1.2524016e-01
6.4988210e+00   6687903  2.3310855e+00  2.3289076e+00  1.0776160e-01
6.8828355e+00   7945758  2.1087179e+00  2.1067624e+00  9.2701556e-02
7.2895050e+00   9436555  1.9032740e+00  1.9015112e+00  7.9723180e-02
7.7201584e+00  11210320  1.7186201e+00  1.7169849e+00  6.8547899e-02
8.1762927e+00  13318613  1.5482739e+00  1.5468066e+00  5.8920585e-02
8.6593661e+00  15819192  1.3941167e+00  1.3928138e+00  5.0637651e-02
9.1709925e+00  18795348  1.2535230e+00  1.2523251e+00  4.3502578e-02
9.7128705e+00  22326034  1.1275377e+00  1.1264616e+00  3.7367224e-02
1.0286736e+01  26520842  1.0116791e+00  1.0106885e+00  3.2087994e-02
1.0894484e+01  31503438  9.0856826e-01  9.0770037e-01  2.7558780e-02
1.1538156e+01  37426927  8.1583662e-01  8.1505462e-01  2.3663151e-02
1.2220385e+01  44525830  7.3256856e-01  7.3186220e-01  2.0311110e-02
