# Power spectrum from CO𝘕CEPT job 4547576 at t = 2.6131859 Gyr, a = 0.28571429
#
# Components:
#   0: matter  (upstream grid size 1024)
#
#                           grid size 1024
# ╭────────────────────────────────────────────────────────────────╮
#                         component 0    (corrected)      (linear)
#                        σ₈ = 2.69e-01  σ₈ = 2.68e-01  σ₈ = 2.64e-01
#  k [Mpc⁻¹]    modes       P [Mpc³]       P [Mpc³]       P [Mpc³]
2.4543693e-02         3  6.3659781e+03  6.3659781e+03  6.4115490e+03
4.6570361e-02        25  3.3662697e+03  3.4105530e+03  3.4201679e+03
8.3521561e-02       124  1.4712451e+03  1.4315297e+03  1.4516198e+03
1.3383638e-01       418  6.7528418e+02  6.6516989e+02  6.3976376e+02
1.8592088e-01       730  3.6183509e+02  3.7031936e+02  3.6328617e+02
2.3260504e-01      1012  2.4571479e+02  2.4409013e+02  2.1775934e+02
2.7635505e-01      1408  1.8204036e+02  1.8226786e+02  1.5738394e+02
3.1919121e-01      1841  1.3552738e+02  1.3474264e+02  1.1284105e+02
3.6464415e-01      2698  1.0591002e+02  1.0521700e+02  8.5273420e+01
4.1290034e-01      3532  8.3305261e+01  8.3993035e+01  6.6494406e+01
4.6319578e-01      4702  6.6402230e+01  6.5138994e+01  4.8860843e+01
5.1570195e-01      6019  5.5976650e+01  5.6603921e+01  4.0635427e+01
5.7047444e-01      7766  4.6105664e+01  4.6057942e+01  3.1441984e+01
6.2844883e-01     10012  3.9755883e+01  3.9127664e+01  2.4644453e+01
6.8955465e-01     12589  3.3459043e+01  3.3557955e+01  2.0484241e+01
7.5323141e-01     15650  2.8793747e+01  2.9039252e+01  1.6761903e+01
8.2032763e-01     19757  2.4729351e+01  2.4651360e+01  1.3477390e+01
8.9088605e-01     24241  2.1748253e+01  2.1527781e+01  1.0992131e+01
9.6481958e-01     29993  1.9030301e+01  1.8875304e+01  9.1194869e+00
1.0423453e+00     36494  1.6698812e+01  1.6607067e+01  7.6005552e+00
1.1237267e+00     44825  1.4935467e+01  1.4871517e+01  6.3501394e+00
1.2089588e+00     53906  1.3334521e+01  1.3297689e+01  5.3258305e+00
1.2983336e+00     65729  1.1949594e+01  1.1915816e+01  4.4777684e+00
1.3921058e+00     78746  1.0765248e+01  1.0731259e+01  3.7740869e+00
1.4900211e+00     94374  9.6933789e+00  9.6633012e+00  3.1942009e+00
1.5921784e+00    112166  8.8103679e+00  8.8029973e+00  2.7184092e+00
1.6991083e+00    134373  7.9992560e+00  8.0002715e+00  2.3159765e+00
1.8110248e+00    159077  7.3222792e+00  7.3124783e+00  1.9743482e+00
1.9277595e+00    188172  6.7104989e+00  6.7022035e+00  1.6899051e+00
2.0497441e+00    222492  6.1918770e+00  6.1892437e+00  1.4506198e+00
2.1771282e+00    261771  5.6880074e+00  5.6830840e+00  1.2466580e+00
2.3098450e+00    306759  5.2453598e+00  5.2413068e+00  1.0743785e+00
2.4484375e+00    360898  4.8599629e+00  4.8558493e+00  9.2750720e-01
2.5937215e+00    425046  4.5115049e+00  4.5077412e+00  8.0171924e-01
2.7470320e+00    505555  4.1808793e+00  4.1771772e+00  6.9307867e-01
2.9094444e+00    600292  3.8709751e+00  3.8674968e+00  5.9895466e-01
3.0813867e+00    712930  3.5779653e+00  3.5747952e+00  5.1746288e-01
3.2634403e+00    846715  3.3198932e+00  3.3169384e+00  4.4690573e-01
3.4562097e+00   1005596  3.0741031e+00  3.0713978e+00  3.8586021e-01
3.6603648e+00   1194719  2.8481856e+00  2.8456602e+00  3.3304455e-01
3.8766358e+00   1419743  2.6390152e+00  2.6366420e+00  2.8733294e-01
4.1057220e+00   1686576  2.4342040e+00  2.4320177e+00  2.4783161e-01
4.3483372e+00   2003484  2.2526918e+00  2.2506603e+00  2.1368187e-01
4.6052142e+00   2378778  2.0799476e+00  2.0780608e+00  1.8418782e-01
4.8773359e+00   2828400  1.9155204e+00  1.9137721e+00  1.5871107e-01
5.1655179e+00   3356890  1.7636309e+00  1.7620203e+00  1.3672257e-01
5.4707002e+00   3990317  1.6178821e+00  1.6164049e+00  1.1775177e-01
5.7939476e+00   4738457  1.4874950e+00  1.4861114e+00  1.0137585e-01
6.1362572e+00   5629661  1.3641891e+00  1.3629480e+00  8.7259382e-02
6.4988210e+00   6687903  1.2518533e+00  1.2506837e+00  7.5081593e-02
6.8828355e+00   7945758  1.1502109e+00  1.1491443e+00  6.4588838e-02
7.2895050e+00   9436555  1.0563045e+00  1.0553262e+00  5.5546435e-02
7.7201584e+00  11210320  9.6865461e-01  9.6773298e-01  4.7760294e-02
8.1762927e+00  13318613  8.8973797e-01  8.8889474e-01  4.1052662e-02
8.6593661e+00  15819192  8.1581816e-01  8.1505575e-01  3.5281693e-02
9.1709925e+00  18795348  7.4785871e-01  7.4714405e-01  3.0310468e-02
9.7128705e+00  22326034  6.8426700e-01  6.8361393e-01  2.6035774e-02
1.0286736e+01  26520842  6.2618092e-01  6.2556781e-01  2.2357563e-02
1.0894484e+01  31503438  5.7221468e-01  5.7166809e-01  1.9201909e-02
1.1538156e+01  37426927  5.2229061e-01  5.2178997e-01  1.6487691e-02
1.2220385e+01  44525830  4.7685566e-01  4.7639586e-01  1.4152204e-02
