# Power spectrum from CO𝘕CEPT job 4547576 at t = 4.035709 Gyr, a = 0.38461538
#
# Components:
#   0: matter  (upstream grid size 1024)
#
#                           grid size 1024
# ╭────────────────────────────────────────────────────────────────╮
#                         component 0    (corrected)      (linear)
#                        σ₈ = 3.61e-01  σ₈ = 3.59e-01  σ₈ = 3.51e-01
#  k [Mpc⁻¹]    modes       P [Mpc³]       P [Mpc³]       P [Mpc³]
2.4543693e-02         3  1.1191238e+04  1.1191238e+04  1.1308131e+04
4.6570361e-02        25  5.9231847e+03  6.0011042e+03  6.0315067e+03
8.3521561e-02       124  2.5988794e+03  2.5287243e+03  2.5598451e+03
1.3383638e-01       418  1.2130999e+03  1.1949303e+03  1.1281712e+03
1.8592088e-01       730  6.5906517e+02  6.7451885e+02  6.4062295e+02
2.3260504e-01      1012  4.6002536e+02  4.5698367e+02  3.8399868e+02
2.7635505e-01      1408  3.4645758e+02  3.4689056e+02  2.7753195e+02
3.1919121e-01      1841  2.6737593e+02  2.6582775e+02  1.9898461e+02
3.6464415e-01      2698  2.1050400e+02  2.0912656e+02  1.5037162e+02
4.1290034e-01      3532  1.7121109e+02  1.7262462e+02  1.1725657e+02
4.6319578e-01      4702  1.4015494e+02  1.3748863e+02  8.6161436e+01
5.1570195e-01      6019  1.1876586e+02  1.2009674e+02  7.1656688e+01
5.7047444e-01      7766  1.0027268e+02  1.0016889e+02  5.5444923e+01
6.2844883e-01     10012  8.8462750e+01  8.7064870e+01  4.3458124e+01
6.8955465e-01     12589  7.7123040e+01  7.7351030e+01  3.6121985e+01
7.5323141e-01     15650  6.8077944e+01  6.8658399e+01  2.9557998e+01
8.2032763e-01     19757  5.9119916e+01  5.8933466e+01  2.3766073e+01
8.9088605e-01     24241  5.3647249e+01  5.3103402e+01  1.9383557e+01
9.6481958e-01     29993  4.7504205e+01  4.7117295e+01  1.6081329e+01
1.0423453e+00     36494  4.3038479e+01  4.2802023e+01  1.3402838e+01
1.1237267e+00     44825  3.9163781e+01  3.8996091e+01  1.1197850e+01
1.2089588e+00     53906  3.5909469e+01  3.5810283e+01  9.3915803e+00
1.2983336e+00     65729  3.2718473e+01  3.2625986e+01  7.8961045e+00
1.3921058e+00     78746  3.0087226e+01  2.9992232e+01  6.6552301e+00
1.4900211e+00     94374  2.7547530e+01  2.7462053e+01  5.6326572e+00
1.5921784e+00    112166  2.5628117e+01  2.5606677e+01  4.7936444e+00
1.6991083e+00    134373  2.3419561e+01  2.3422534e+01  4.0839934e+00
1.8110248e+00    159077  2.1699890e+01  2.1670845e+01  3.4815651e+00
1.9277595e+00    188172  2.0059328e+01  2.0034531e+01  2.9799771e+00
2.0497441e+00    222492  1.8576386e+01  1.8568486e+01  2.5580208e+00
2.1771282e+00    261771  1.7325315e+01  1.7310319e+01  2.1983540e+00
2.3098450e+00    306759  1.6060662e+01  1.6048252e+01  1.8945559e+00
2.4484375e+00    360898  1.4900744e+01  1.4888132e+01  1.6355627e+00
2.5937215e+00    425046  1.3849515e+01  1.3837961e+01  1.4137480e+00
2.7470320e+00    505555  1.2856933e+01  1.2845548e+01  1.2221710e+00
2.9094444e+00    600292  1.1850296e+01  1.1839648e+01  1.0561926e+00
3.0813867e+00    712930  1.0950217e+01  1.0940515e+01  9.1248989e-01
3.2634403e+00    846715  1.0101448e+01  1.0092458e+01  7.8806932e-01
3.4562097e+00   1005596  9.3010038e+00  9.2928185e+00  6.8042162e-01
3.6603648e+00   1194719  8.5238461e+00  8.5162883e+00  5.8728647e-01
3.8766358e+00   1419743  7.8183842e+00  7.8113534e+00  5.0667862e-01
4.1057220e+00   1686576  7.1311714e+00  7.1247665e+00  4.3702201e-01
4.3483372e+00   2003484  6.4725783e+00  6.4667412e+00  3.7680241e-01
4.6052142e+00   2378778  5.8819846e+00  5.8766488e+00  3.2479266e-01
4.8773359e+00   2828400  5.3223446e+00  5.3174869e+00  2.7986702e-01
5.1655179e+00   3356890  4.8044648e+00  4.8000773e+00  2.4109257e-01
5.4707002e+00   3990317  4.3314780e+00  4.3275231e+00  2.0763956e-01
5.7939476e+00   4738457  3.9026422e+00  3.8990122e+00  1.7876235e-01
6.1362572e+00   5629661  3.5142100e+00  3.5110129e+00  1.5386946e-01
6.4988210e+00   6687903  3.1607617e+00  3.1578086e+00  1.3239524e-01
6.8828355e+00   7945758  2.8393951e+00  2.8367621e+00  1.1389242e-01
7.2895050e+00   9436555  2.5504850e+00  2.5481227e+00  9.7947144e-02
7.7201584e+00  11210320  2.2886253e+00  2.2864478e+00  8.4217165e-02
8.1762927e+00  13318613  2.0478848e+00  2.0459440e+00  7.2389027e-02
8.6593661e+00  15819192  1.8336458e+00  1.8319322e+00  6.2212602e-02
9.1709925e+00  18795348  1.6381363e+00  1.6365708e+00  5.3446446e-02
9.7128705e+00  22326034  1.4634978e+00  1.4621011e+00  4.5908550e-02
1.0286736e+01  26520842  1.3069164e+00  1.3056368e+00  3.9422492e-02
1.0894484e+01  31503438  1.1677154e+00  1.1666000e+00  3.3857906e-02
1.1538156e+01  37426927  1.0424456e+00  1.0414464e+00  2.9071747e-02
1.2220385e+01  44525830  9.3131199e-01  9.3041399e-01  2.4953444e-02
