# Power spectrum from CO𝘕CEPT job 4547576 at t = 3.8213333 Gyr, a = 0.37037037
#
# Components:
#   0: matter  (upstream grid size 1024)
#
#                           grid size 1024
# ╭────────────────────────────────────────────────────────────────╮
#                         component 0    (corrected)      (linear)
#                        σ₈ = 3.47e-01  σ₈ = 3.46e-01  σ₈ = 3.39e-01
#  k [Mpc⁻¹]    modes       P [Mpc³]       P [Mpc³]       P [Mpc³]
2.4543693e-02         3  1.0431668e+04  1.0431668e+04  1.0535517e+04
4.6570361e-02        25  5.5205525e+03  5.5931754e+03  5.6194983e+03
8.3521561e-02       124  2.4202602e+03  2.3549268e+03  2.3849971e+03
1.3383638e-01       418  1.1272062e+03  1.1103231e+03  1.0511143e+03
1.8592088e-01       730  6.1094128e+02  6.2526656e+02  5.9686713e+02
2.3260504e-01      1012  4.2491463e+02  4.2210509e+02  3.5777089e+02
2.7635505e-01      1408  3.1921839e+02  3.1961733e+02  2.5857606e+02
3.1919121e-01      1841  2.4511600e+02  2.4369671e+02  1.8539364e+02
3.6464415e-01      2698  1.9281691e+02  1.9155520e+02  1.4010100e+02
4.1290034e-01      3532  1.5594586e+02  1.5723335e+02  1.0924777e+02
4.6319578e-01      4702  1.2728200e+02  1.2486058e+02  8.0276483e+01
5.1570195e-01      6019  1.0779884e+02  1.0900683e+02  6.6762432e+01
5.7047444e-01      7766  9.0737122e+01  9.0643204e+01  5.1657955e+01
6.2844883e-01     10012  7.9811273e+01  7.8550103e+01  4.0489872e+01
6.8955465e-01     12589  6.9316408e+01  6.9521320e+01  3.3654802e+01
7.5323141e-01     15650  6.0952235e+01  6.1471934e+01  2.7539145e+01
8.2032763e-01     19757  5.2843532e+01  5.2676876e+01  2.2142818e+01
8.9088605e-01     24241  4.7786184e+01  4.7301754e+01  1.8059634e+01
9.6481958e-01     29993  4.2260162e+01  4.1915963e+01  1.4982952e+01
1.0423453e+00     36494  3.8132882e+01  3.7923377e+01  1.2487407e+01
1.1237267e+00     44825  3.4700208e+01  3.4551630e+01  1.0433022e+01
1.2089588e+00     53906  3.1700518e+01  3.1612957e+01  8.7501231e+00
1.2983336e+00     65729  2.8839754e+01  2.8758231e+01  7.3567904e+00
1.3921058e+00     78746  2.6478914e+01  2.6395313e+01  6.2006695e+00
1.4900211e+00     94374  2.4224088e+01  2.4148923e+01  5.2479397e+00
1.5921784e+00    112166  2.2452486e+01  2.2433702e+01  4.4662327e+00
1.6991083e+00    134373  2.0534235e+01  2.0536841e+01  3.8050518e+00
1.8110248e+00    159077  1.9017147e+01  1.8991692e+01  3.2437701e+00
1.9277595e+00    188172  1.7596001e+01  1.7574250e+01  2.7764413e+00
2.0497441e+00    222492  1.6329807e+01  1.6322862e+01  2.3833052e+00
2.1771282e+00    261771  1.5238984e+01  1.5225793e+01  2.0482042e+00
2.3098450e+00    306759  1.4121114e+01  1.4110203e+01  1.7651559e+00
2.4484375e+00    360898  1.3146166e+01  1.3135039e+01  1.5238523e+00
2.5937215e+00    425046  1.2225073e+01  1.2214874e+01  1.3171878e+00
2.7470320e+00    505555  1.1348503e+01  1.1338454e+01  1.1386957e+00
2.9094444e+00    600292  1.0482278e+01  1.0472860e+01  9.8405386e-01
3.0813867e+00    712930  9.7140650e+00  9.7054581e+00  8.5016622e-01
3.2634403e+00    846715  8.9835109e+00  8.9755151e+00  7.3424374e-01
3.4562097e+00   1005596  8.2778039e+00  8.2705190e+00  6.3394850e-01
3.6603648e+00   1194719  7.6002173e+00  7.5934785e+00  5.4717459e-01
3.8766358e+00   1419743  6.9668416e+00  6.9605765e+00  4.7207236e-01
4.1057220e+00   1686576  6.3676016e+00  6.3618825e+00  4.0717337e-01
4.3483372e+00   2003484  5.7843552e+00  5.7791388e+00  3.5106684e-01
4.6052142e+00   2378778  5.2705841e+00  5.2658029e+00  3.0260941e-01
4.8773359e+00   2828400  4.7745985e+00  4.7702407e+00  2.6075223e-01
5.1655179e+00   3356890  4.3257042e+00  4.3217540e+00  2.2462612e-01
5.4707002e+00   3990317  3.9113549e+00  3.9077837e+00  1.9345797e-01
5.7939476e+00   4738457  3.5285295e+00  3.5252474e+00  1.6655310e-01
6.1362572e+00   5629661  3.1845863e+00  3.1816891e+00  1.4336041e-01
6.4988210e+00   6687903  2.8657172e+00  2.8630398e+00  1.2335290e-01
6.8828355e+00   7945758  2.5782322e+00  2.5758413e+00  1.0611383e-01
7.2895050e+00   9436555  2.3195647e+00  2.3174163e+00  9.1257625e-02
7.7201584e+00  11210320  2.0826248e+00  2.0806432e+00  7.8465408e-02
8.1762927e+00  13318613  1.8669418e+00  1.8651724e+00  6.7445134e-02
8.6593661e+00  15819192  1.6750329e+00  1.6734676e+00  5.7963759e-02
9.1709925e+00  18795348  1.4999681e+00  1.4985347e+00  4.9796331e-02
9.7128705e+00  22326034  1.3425818e+00  1.3413004e+00  4.2773271e-02
1.0286736e+01  26520842  1.2018805e+00  1.2007038e+00  3.6730207e-02
1.0894484e+01  31503438  1.0741955e+00  1.0731694e+00  3.1545678e-02
1.1538156e+01  37426927  9.6066164e-01  9.5974081e-01  2.7086409e-02
1.2220385e+01  44525830  8.5920823e-01  8.5837976e-01  2.3249380e-02
