# Power spectrum from CO𝘕CEPT job 4547576 at t = 2.3138356 Gyr, a = 0.26315789
#
# Components:
#   0: matter  (upstream grid size 1024)
#
#                           grid size 1024
# ╭────────────────────────────────────────────────────────────────╮
#                         component 0    (corrected)      (linear)
#                        σ₈ = 2.47e-01  σ₈ = 2.47e-01  σ₈ = 2.44e-01
#  k [Mpc⁻¹]    modes       P [Mpc³]       P [Mpc³]       P [Mpc³]
2.4543693e-02         3  5.4285635e+03  5.4285635e+03  5.4636002e+03
4.6570361e-02        25  2.8698588e+03  2.9076118e+03  2.9145777e+03
8.3521561e-02       124  1.2538884e+03  1.2200405e+03  1.2370445e+03
1.3383638e-01       418  5.7309418e+02  5.6451047e+02  5.4519686e+02
1.8592088e-01       730  3.0645527e+02  3.1364099e+02  3.0958719e+02
2.3260504e-01      1012  2.0662602e+02  2.0525980e+02  1.8557141e+02
2.7635505e-01      1408  1.5255185e+02  1.5274250e+02  1.3412038e+02
3.1919121e-01      1841  1.1267902e+02  1.1202658e+02  9.6161572e+01
3.6464415e-01      2698  8.7852193e+01  8.7277329e+01  7.2668825e+01
4.1290034e-01      3532  6.8723980e+01  6.9291370e+01  5.6665613e+01
4.6319578e-01      4702  5.4362365e+01  5.3328175e+01  4.1638537e+01
5.1570195e-01      6019  4.5741417e+01  4.6253992e+01  3.4628953e+01
5.7047444e-01      7766  3.7469206e+01  3.7430423e+01  2.6794428e+01
6.2844883e-01     10012  3.2078661e+01  3.1571757e+01  2.1001666e+01
6.8955465e-01     12589  2.6764131e+01  2.6843251e+01  1.7456390e+01
7.5323141e-01     15650  2.2929554e+01  2.3125059e+01  1.4284266e+01
8.2032763e-01     19757  1.9632598e+01  1.9570681e+01  1.1485249e+01
8.9088605e-01     24241  1.7119258e+01  1.6945712e+01  9.3673450e+00
9.6481958e-01     29993  1.4903686e+01  1.4782299e+01  7.7715032e+00
1.0423453e+00     36494  1.2982350e+01  1.2911024e+01  6.4770904e+00
1.1237267e+00     44825  1.1515341e+01  1.1466035e+01  5.4115032e+00
1.2089588e+00     53906  1.0231422e+01  1.0203161e+01  4.5386011e+00
1.2983336e+00     65729  9.1025130e+00  9.0767825e+00  3.8158942e+00
1.3921058e+00     78746  8.1522135e+00  8.1264746e+00  3.2162265e+00
1.4900211e+00     94374  7.3073130e+00  7.2846391e+00  2.7220555e+00
1.5921784e+00    112166  6.5927543e+00  6.5872389e+00  2.3165923e+00
1.6991083e+00    134373  5.9522276e+00  5.9529832e+00  1.9736447e+00
1.8110248e+00    159077  5.4232411e+00  5.4159820e+00  1.6825137e+00
1.9277595e+00    188172  4.9502481e+00  4.9441288e+00  1.4401151e+00
2.0497441e+00    222492  4.5308150e+00  4.5288882e+00  1.2361994e+00
2.1771282e+00    261771  4.1509482e+00  4.1473553e+00  1.0623859e+00
2.3098450e+00    306759  3.8099389e+00  3.8069950e+00  9.1557164e-01
2.4484375e+00    360898  3.5225129e+00  3.5195314e+00  7.9040991e-01
2.5937215e+00    425046  3.2561139e+00  3.2533975e+00  6.8321510e-01
2.7470320e+00    505555  3.0061139e+00  3.0034520e+00  5.9063307e-01
2.9094444e+00    600292  2.7707772e+00  2.7682876e+00  5.1042185e-01
3.0813867e+00    712930  2.5594632e+00  2.5571954e+00  4.4097564e-01
3.2634403e+00    846715  2.3720402e+00  2.3699290e+00  3.8084777e-01
3.4562097e+00   1005596  2.2006504e+00  2.1987138e+00  3.2882559e-01
3.6603648e+00   1194719  2.0408059e+00  2.0389964e+00  2.8381678e-01
3.8766358e+00   1419743  1.8864639e+00  1.8847675e+00  2.4486195e-01
4.1057220e+00   1686576  1.7427547e+00  1.7411895e+00  2.1119943e-01
4.3483372e+00   2003484  1.6088691e+00  1.6074182e+00  1.8209747e-01
4.6052142e+00   2378778  1.4862174e+00  1.4848692e+00  1.5696302e-01
4.8773359e+00   2828400  1.3678518e+00  1.3666034e+00  1.3525206e-01
5.1655179e+00   3356890  1.2607618e+00  1.2596104e+00  1.1651374e-01
5.4707002e+00   3990317  1.1613229e+00  1.1602626e+00  1.0034706e-01
5.7939476e+00   4738457  1.0695507e+00  1.0685559e+00  8.6391704e-02
6.1362572e+00   5629661  9.8682334e-01  9.8592557e-01  7.4361822e-02
6.4988210e+00   6687903  9.1159774e-01  9.1074603e-01  6.3984057e-02
6.8828355e+00   7945758  8.4329174e-01  8.4250975e-01  5.5042255e-02
7.2895050e+00   9436555  7.8100483e-01  7.8028146e-01  4.7336424e-02
7.7201584e+00  11210320  7.2425818e-01  7.2356908e-01  4.0701164e-02
8.1762927e+00  13318613  6.7246760e-01  6.7183029e-01  3.4984993e-02
8.6593661e+00  15819192  6.2493940e-01  6.2435538e-01  3.0067035e-02
9.1709925e+00  18795348  5.7981591e-01  5.7926184e-01  2.5830609e-02
9.7128705e+00  22326034  5.3702954e-01  5.3651700e-01  2.2187756e-02
1.0286736e+01  26520842  4.9714293e-01  4.9665617e-01  1.9053220e-02
1.0894484e+01  31503438  4.5989770e-01  4.5945839e-01  1.6364000e-02
1.1538156e+01  37426927  4.2496447e-01  4.2455712e-01  1.4050966e-02
1.2220385e+01  44525830  3.9215635e-01  3.9177822e-01  1.2060682e-02
