# Power spectrum from CO𝘕CEPT job 4547576 at t = 2.9819294 Gyr, a = 0.3125
#
# Components:
#   0: matter  (upstream grid size 1024)
#
#                           grid size 1024
# ╭────────────────────────────────────────────────────────────────╮
#                         component 0    (corrected)      (linear)
#                        σ₈ = 2.94e-01  σ₈ = 2.93e-01  σ₈ = 2.88e-01
#  k [Mpc⁻¹]    modes       P [Mpc³]       P [Mpc³]       P [Mpc³]
2.4543693e-02         3  7.5628732e+03  7.5628732e+03  7.6235159e+03
4.6570361e-02        25  4.0002800e+03  4.0529037e+03  4.0665460e+03
8.3521561e-02       124  1.7494914e+03  1.7022650e+03  1.7259422e+03
1.3383638e-01       418  8.0690025e+02  7.9481464e+02  7.6066159e+02
1.8592088e-01       730  4.3367099e+02  4.4383965e+02  4.3193683e+02
2.3260504e-01      1012  2.9688104e+02  2.9491807e+02  2.5890949e+02
2.7635505e-01      1408  2.2088349e+02  2.2115954e+02  1.8712486e+02
3.1919121e-01      1841  1.6605724e+02  1.6509572e+02  1.3416467e+02
3.6464415e-01      2698  1.3008278e+02  1.2923158e+02  1.0138756e+02
4.1290034e-01      3532  1.0309899e+02  1.0395018e+02  7.9059861e+01
4.6319578e-01      4702  8.2887625e+01  8.1310771e+01  5.8094078e+01
5.1570195e-01      6019  7.0001214e+01  7.0785643e+01  4.8314303e+01
5.7047444e-01      7766  5.8056746e+01  5.7996654e+01  3.7383574e+01
6.2844883e-01     10012  5.0420568e+01  4.9623827e+01  2.9301513e+01
6.8955465e-01     12589  4.2896729e+01  4.3023540e+01  2.4355145e+01
7.5323141e-01     15650  3.7143739e+01  3.7460439e+01  1.9929397e+01
8.2032763e-01     19757  3.1990714e+01  3.1889823e+01  1.6024210e+01
8.9088605e-01     24241  2.8408864e+01  2.8120870e+01  1.3069311e+01
9.6481958e-01     29993  2.4971262e+01  2.4767877e+01  1.0842793e+01
1.0423453e+00     36494  2.2110615e+01  2.1989138e+01  9.0368293e+00
1.1237267e+00     44825  1.9936654e+01  1.9851291e+01  7.5501226e+00
1.2089588e+00     53906  1.7912145e+01  1.7862669e+01  6.3322501e+00
1.2983336e+00     65729  1.6157655e+01  1.6111981e+01  5.3239299e+00
1.3921058e+00     78746  1.4653160e+01  1.4606896e+01  4.4872738e+00
1.4900211e+00     94374  1.3258104e+01  1.3216965e+01  3.7978069e+00
1.5921784e+00    112166  1.2124653e+01  1.2114509e+01  3.2321049e+00
1.6991083e+00    134373  1.1074741e+01  1.1076147e+01  2.7536246e+00
1.8110248e+00    159077  1.0185741e+01  1.0172108e+01  2.3474389e+00
1.9277595e+00    188172  9.3660969e+00  9.3545188e+00  2.0092446e+00
2.0497441e+00    222492  8.6907157e+00  8.6870197e+00  1.7247417e+00
2.1771282e+00    261771  8.0266943e+00  8.0197466e+00  1.4822373e+00
2.3098450e+00    306759  7.4226917e+00  7.4169563e+00  1.2774022e+00
2.4484375e+00    360898  6.8831846e+00  6.8773586e+00  1.1027767e+00
2.5937215e+00    425046  6.4028714e+00  6.3975297e+00  9.5321862e-01
2.7470320e+00    505555  5.9488753e+00  5.9436076e+00  8.2404830e-01
2.9094444e+00    600292  5.5319828e+00  5.5270121e+00  7.1213773e-01
3.0813867e+00    712930  5.1285941e+00  5.1240500e+00  6.1524650e-01
3.2634403e+00    846715  4.7544530e+00  4.7502213e+00  5.3135621e-01
3.4562097e+00   1005596  4.4051402e+00  4.4012635e+00  4.5877497e-01
3.6603648e+00   1194719  4.0741860e+00  4.0705736e+00  3.9597877e-01
3.8766358e+00   1419743  3.7614192e+00  3.7580366e+00  3.4162908e-01
4.1057220e+00   1686576  3.4636205e+00  3.4605097e+00  2.9466323e-01
4.3483372e+00   2003484  3.1872431e+00  3.1843688e+00  2.5406026e-01
4.6052142e+00   2378778  2.9321973e+00  2.9295373e+00  2.1899276e-01
4.8773359e+00   2828400  2.6894594e+00  2.6870047e+00  1.8870170e-01
5.1655179e+00   3356890  2.4655375e+00  2.4632859e+00  1.6255807e-01
5.4707002e+00   3990317  2.2487516e+00  2.2466984e+00  1.4000240e-01
5.7939476e+00   4738457  2.0556037e+00  2.0536917e+00  1.2053195e-01
6.1362572e+00   5629661  1.8750534e+00  1.8733475e+00  1.0374792e-01
6.4988210e+00   6687903  1.7105341e+00  1.7089360e+00  8.9268928e-02
6.8828355e+00   7945758  1.5579942e+00  1.5565495e+00  7.6793387e-02
7.2895050e+00   9436555  1.4156360e+00  1.4143248e+00  6.6042271e-02
7.7201584e+00  11210320  1.2869409e+00  1.2857164e+00  5.6784811e-02
8.1762927e+00  13318613  1.1705000e+00  1.1693907e+00  4.8809665e-02
8.6593661e+00  15819192  1.0629965e+00  1.0620031e+00  4.1948182e-02
9.1709925e+00  18795348  9.6337069e-01  9.6245009e-01  3.6037571e-02
9.7128705e+00  22326034  8.7291347e-01  8.7208037e-01  3.0955113e-02
1.0286736e+01  26520842  7.8996513e-01  7.8919167e-01  2.6581855e-02
1.0894484e+01  31503438  7.1454440e-01  7.1386184e-01  2.2829900e-02
1.1538156e+01  37426927  6.4649244e-01  6.4587276e-01  1.9602798e-02
1.2220385e+01  44525830  5.8496508e-01  5.8440104e-01  1.6825996e-02
