# Power spectrum from CO𝘕CEPT job 4547576 at t = 2.5066437 Gyr, a = 0.27777778
#
# Components:
#   0: matter  (upstream grid size 1024)
#
#                           grid size 1024
# ╭────────────────────────────────────────────────────────────────╮
#                         component 0    (corrected)      (linear)
#                        σ₈ = 2.61e-01  σ₈ = 2.60e-01  σ₈ = 2.57e-01
#  k [Mpc⁻¹]    modes       P [Mpc³]       P [Mpc³]       P [Mpc³]
2.4543693e-02         3  6.0286159e+03  6.0286159e+03  6.0702570e+03
4.6570361e-02        25  3.1876018e+03  3.2295347e+03  3.2381414e+03
8.3521561e-02       124  1.3929676e+03  1.3553653e+03  1.3743671e+03
1.3383638e-01       418  6.3841481e+02  6.2885274e+02  6.0571725e+02
1.8592088e-01       730  3.4181542e+02  3.4983027e+02  3.4395317e+02
2.3260504e-01      1012  2.3154547e+02  2.3001449e+02  2.0617087e+02
2.7635505e-01      1408  1.7133218e+02  1.7154630e+02  1.4900847e+02
3.1919121e-01      1841  1.2719531e+02  1.2645881e+02  1.0683602e+02
3.6464415e-01      2698  9.9321091e+01  9.8671180e+01  8.0735446e+01
4.1290034e-01      3532  7.7964728e+01  7.8608410e+01  6.2955791e+01
4.6319578e-01      4702  6.1980235e+01  6.0801122e+01  4.6260630e+01
5.1570195e-01      6019  5.2216582e+01  5.2801718e+01  3.8472944e+01
5.7047444e-01      7766  4.2924032e+01  4.2879603e+01  2.9768746e+01
6.2844883e-01     10012  3.6924203e+01  3.6340731e+01  2.3332958e+01
6.8955465e-01     12589  3.0978333e+01  3.1069911e+01  1.9394138e+01
7.5323141e-01     15650  2.6615095e+01  2.6842024e+01  1.5869891e+01
8.2032763e-01     19757  2.2836091e+01  2.2764071e+01  1.2760169e+01
8.9088605e-01     24241  2.0023625e+01  1.9820637e+01  1.0407167e+01
9.6481958e-01     29993  1.7491854e+01  1.7349387e+01  8.6341786e+00
1.0423453e+00     36494  1.5308714e+01  1.5224607e+01  7.1960794e+00
1.1237267e+00     44825  1.3654476e+01  1.3596011e+01  6.0122066e+00
1.2089588e+00     53906  1.2169826e+01  1.2136211e+01  5.0424080e+00
1.2983336e+00     65729  1.0879375e+01  1.0848622e+01  4.2394770e+00
1.3921058e+00     78746  9.7812009e+00  9.7503189e+00  3.5732430e+00
1.4900211e+00     94374  8.7948868e+00  8.7675971e+00  3.0242166e+00
1.5921784e+00    112166  7.9737650e+00  7.9670943e+00  2.5737449e+00
1.6991083e+00    134373  7.2255569e+00  7.2264741e+00  2.1927284e+00
1.8110248e+00    159077  6.6034605e+00  6.5946217e+00  1.8692804e+00
1.9277595e+00    188172  6.0451970e+00  6.0377241e+00  1.5999744e+00
2.0497441e+00    222492  5.5625351e+00  5.5601695e+00  1.3734231e+00
2.1771282e+00    261771  5.1048905e+00  5.1004719e+00  1.1803154e+00
2.3098450e+00    306759  4.7003364e+00  4.6967045e+00  1.0172040e+00
2.4484375e+00    360898  4.3529274e+00  4.3492430e+00  8.7814872e-01
2.5937215e+00    425046  4.0358006e+00  4.0324337e+00  7.5905477e-01
2.7470320e+00    505555  3.7352745e+00  3.7319670e+00  6.5619567e-01
2.9094444e+00    600292  3.4518650e+00  3.4487634e+00  5.6708063e-01
3.0813867e+00    712930  3.1895676e+00  3.1867416e+00  4.8992556e-01
3.2634403e+00    846715  2.9585583e+00  2.9559250e+00  4.2312321e-01
3.4562097e+00   1005596  2.7420346e+00  2.7396215e+00  3.6532632e-01
3.6603648e+00   1194719  2.5424160e+00  2.5401617e+00  3.1532132e-01
3.8766358e+00   1419743  2.3556928e+00  2.3535744e+00  2.7204232e-01
4.1057220e+00   1686576  2.1738144e+00  2.1718620e+00  2.3464311e-01
4.3483372e+00   2003484  2.0121607e+00  2.0103461e+00  2.0231070e-01
4.6052142e+00   2378778  1.8586785e+00  1.8569924e+00  1.7438622e-01
4.8773359e+00   2828400  1.7120169e+00  1.7104543e+00  1.5026524e-01
5.1655179e+00   3356890  1.5755113e+00  1.5740725e+00  1.2944689e-01
5.4707002e+00   3990317  1.4475373e+00  1.4462156e+00  1.1148565e-01
5.7939476e+00   4738457  1.3308817e+00  1.3296438e+00  9.5981189e-02
6.1362572e+00   5629661  1.2221994e+00  1.2210874e+00  8.2615945e-02
6.4988210e+00   6687903  1.1241076e+00  1.1230574e+00  7.1086210e-02
6.8828355e+00   7945758  1.0360985e+00  1.0351377e+00  6.1151836e-02
7.2895050e+00   9436555  9.5369074e-01  9.5280743e-01  5.2590633e-02
7.7201584e+00  11210320  8.7822729e-01  8.7739169e-01  4.5218838e-02
8.1762927e+00  13318613  8.0915658e-01  8.0838972e-01  3.8868157e-02
8.6593661e+00  15819192  7.4508582e-01  7.4438952e-01  3.3404293e-02
9.1709925e+00  18795348  6.8576980e-01  6.8511447e-01  2.8697614e-02
9.7128705e+00  22326034  6.3005236e-01  6.2945104e-01  2.4650398e-02
1.0286736e+01  26520842  5.7822236e-01  5.7765621e-01  2.1167924e-02
1.0894484e+01  31503438  5.3004679e-01  5.2954047e-01  1.8180198e-02
1.1538156e+01  37426927  4.8605404e-01  4.8558814e-01  1.5610415e-02
1.2220385e+01  44525830  4.4540578e-01  4.4497630e-01  1.3399210e-02
