# Power spectrum from CO𝘕CEPT job 4547576 at t = 3.2778257 Gyr, a = 0.33333333
#
# Components:
#   0: matter  (upstream grid size 1024)
#
#                           grid size 1024
# ╭────────────────────────────────────────────────────────────────╮
#                         component 0    (corrected)      (linear)
#                        σ₈ = 3.13e-01  σ₈ = 3.12e-01  σ₈ = 3.07e-01
#  k [Mpc⁻¹]    modes       P [Mpc³]       P [Mpc³]       P [Mpc³]
2.4543693e-02         3  8.5531219e+03  8.5531219e+03  8.6275817e+03
4.6570361e-02        25  4.5249572e+03  4.5844830e+03  4.6020239e+03
8.3521561e-02       124  1.9803789e+03  1.9269198e+03  1.9531953e+03
1.3383638e-01       418  9.1671297e+02  9.0298260e+02  8.6081487e+02
1.8592088e-01       730  4.9405332e+02  5.0563782e+02  4.8880781e+02
2.3260504e-01      1012  3.4023623e+02  3.3798659e+02  2.9299872e+02
2.7635505e-01      1408  2.5400571e+02  2.5432315e+02  2.1176256e+02
3.1919121e-01      1841  1.9242974e+02  1.9131551e+02  1.5182937e+02
3.6464415e-01      2698  1.5099212e+02  1.5000410e+02  1.1473667e+02
4.1290034e-01      3532  1.2047890e+02  1.2147358e+02  8.9469214e+01
4.6319578e-01      4702  9.7447108e+01  9.5593274e+01  6.5742985e+01
5.1570195e-01      6019  8.2394081e+01  8.3317384e+01  5.4675563e+01
5.7047444e-01      7766  6.8713750e+01  6.8642628e+01  4.2305647e+01
6.2844883e-01     10012  5.9964776e+01  5.9017219e+01  3.3159468e+01
6.8955465e-01     12589  5.1435725e+01  5.1587779e+01  2.7561841e+01
7.5323141e-01     15650  4.4777003e+01  4.5158787e+01  2.2553381e+01
8.2032763e-01     19757  3.8650519e+01  3.8528624e+01  1.8134020e+01
8.9088605e-01     24241  3.4568429e+01  3.4217994e+01  1.4790068e+01
9.6481958e-01     29993  3.0462391e+01  3.0214282e+01  1.2270398e+01
1.0423453e+00     36494  2.7162922e+01  2.7013686e+01  1.0226653e+01
1.1237267e+00     44825  2.4613467e+01  2.4508079e+01  8.5442005e+00
1.2089588e+00     53906  2.2241251e+01  2.2179818e+01  7.1659781e+00
1.2983336e+00     65729  2.0133658e+01  2.0076745e+01  6.0248984e+00
1.3921058e+00     78746  1.8350882e+01  1.8292943e+01  5.0780848e+00
1.4900211e+00     94374  1.6681147e+01  1.6629387e+01  4.2978399e+00
1.5921784e+00    112166  1.5307342e+01  1.5294536e+01  3.6576553e+00
1.6991083e+00    134373  1.4021498e+01  1.4023278e+01  3.1161765e+00
1.8110248e+00    159077  1.2930948e+01  1.2913640e+01  2.6565108e+00
1.9277595e+00    188172  1.1934997e+01  1.1920243e+01  2.2737885e+00
2.0497441e+00    222492  1.1081124e+01  1.1076411e+01  1.9518268e+00
2.1771282e+00    261771  1.0282866e+01  1.0273965e+01  1.6773934e+00
2.3098450e+00    306759  9.5135409e+00  9.5061899e+00  1.4455889e+00
2.4484375e+00    360898  8.8404817e+00  8.8329990e+00  1.2479715e+00
2.5937215e+00    425046  8.2131463e+00  8.2062945e+00  1.0787221e+00
2.7470320e+00    505555  7.6225775e+00  7.6158278e+00  9.3254472e-01
2.9094444e+00    600292  7.0719321e+00  7.0655777e+00  8.0589959e-01
3.0813867e+00    712930  6.5695664e+00  6.5637456e+00  6.9625131e-01
3.2634403e+00    846715  6.0805398e+00  6.0751278e+00  6.0131571e-01
3.4562097e+00   1005596  5.6242292e+00  5.6192795e+00  5.1917816e-01
3.6603648e+00   1194719  5.2019431e+00  5.1973307e+00  4.4811400e-01
3.8766358e+00   1419743  4.7845968e+00  4.7802941e+00  3.8660844e-01
4.1057220e+00   1686576  4.4051748e+00  4.4012183e+00  3.3345891e-01
4.3483372e+00   2003484  4.0390620e+00  4.0354195e+00  2.8751002e-01
4.6052142e+00   2378778  3.6988447e+00  3.6954893e+00  2.4782541e-01
4.8773359e+00   2828400  3.3822076e+00  3.3791206e+00  2.1354614e-01
5.1655179e+00   3356890  3.0845151e+00  3.0816983e+00  1.8396036e-01
5.4707002e+00   3990317  2.8021341e+00  2.7995756e+00  1.5843494e-01
5.7939476e+00   4738457  2.5465875e+00  2.5442188e+00  1.3640096e-01
6.1362572e+00   5629661  2.3112653e+00  2.3091626e+00  1.1740711e-01
6.4988210e+00   6687903  2.0972212e+00  2.0952618e+00  1.0102178e-01
6.8828355e+00   7945758  1.9013670e+00  1.8996039e+00  8.6903678e-02
7.2895050e+00   9436555  1.7206400e+00  1.7190463e+00  7.4737049e-02
7.7201584e+00  11210320  1.5537324e+00  1.5522541e+00  6.4260738e-02
8.1762927e+00  13318613  1.4032940e+00  1.4019640e+00  5.5235572e-02
8.6593661e+00  15819192  1.2675444e+00  1.2663599e+00  4.7470700e-02
9.1709925e+00  18795348  1.1433924e+00  1.1422998e+00  4.0781895e-02
9.7128705e+00  22326034  1.0300705e+00  1.0290874e+00  3.5030279e-02
1.0286736e+01  26520842  9.2752679e-01  9.2661863e-01  3.0081239e-02
1.0894484e+01  31503438  8.3511276e-01  8.3431503e-01  2.5835304e-02
1.1538156e+01  37426927  7.5184711e-01  7.5112644e-01  2.2183326e-02
1.2220385e+01  44525830  6.7730814e-01  6.7665506e-01  1.9040937e-02
