# Power spectrum from CO𝘕CEPT job 4547576 at t = 9.3728906 Gyr, a = 0.71428571
#
# Components:
#   0: matter  (upstream grid size 1024)
#
#                           grid size 1024
# ╭────────────────────────────────────────────────────────────────╮
#                         component 0    (corrected)      (linear)
#                        σ₈ = 6.34e-01  σ₈ = 6.32e-01  σ₈ = 5.93e-01
#  k [Mpc⁻¹]    modes       P [Mpc³]       P [Mpc³]       P [Mpc³]
2.4543693e-02         3  3.1575914e+04  3.1575914e+04  3.2267439e+04
4.6570361e-02        25  1.6722813e+04  1.6942801e+04  1.7206012e+04
8.3521561e-02       124  7.6093354e+03  7.4039261e+03  7.3016640e+03
1.3383638e-01       418  3.6876602e+03  3.6324271e+03  3.2178676e+03
1.8592088e-01       730  2.1246263e+03  2.1744442e+03  1.8272197e+03
2.3260504e-01      1012  1.5687669e+03  1.5583942e+03  1.0952570e+03
2.7635505e-01      1408  1.2611343e+03  1.2627104e+03  7.9158634e+02
3.1919121e-01      1841  1.0672832e+03  1.0611033e+03  5.6755005e+02
3.6464415e-01      2698  8.5515059e+02  8.4955489e+02  4.2889413e+02
4.1290034e-01      3532  7.5733527e+02  7.6358788e+02  3.3444220e+02
4.6319578e-01      4702  6.5948731e+02  6.4694122e+02  2.4575173e+02
5.1570195e-01      6019  5.9014490e+02  5.9675803e+02  2.0438084e+02
5.7047444e-01      7766  5.2706313e+02  5.2651759e+02  1.5814122e+02
6.2844883e-01     10012  4.6783551e+02  4.6044282e+02  1.2395217e+02
6.8955465e-01     12589  4.2520376e+02  4.2646074e+02  1.0302785e+02
7.5323141e-01     15650  3.9362869e+02  3.9698490e+02  8.4305894e+01
8.2032763e-01     19757  3.5964204e+02  3.5850781e+02  6.7786039e+01
8.9088605e-01     24241  3.2611590e+02  3.2280991e+02  5.5286132e+01
9.6481958e-01     29993  2.9892647e+02  2.9649179e+02  4.5867445e+01
1.0423453e+00     36494  2.7423656e+02  2.7272988e+02  3.8227800e+01
1.1237267e+00     44825  2.4891190e+02  2.4784612e+02  3.1938688e+01
1.2089588e+00     53906  2.3183245e+02  2.3119210e+02  2.6786808e+01
1.2983336e+00     65729  2.1355053e+02  2.1294687e+02  2.2521383e+01
1.3921058e+00     78746  1.9519992e+02  1.9458361e+02  1.8982138e+01
1.4900211e+00     94374  1.7831008e+02  1.7775680e+02  1.6065536e+01
1.5921784e+00    112166  1.6305549e+02  1.6291908e+02  1.3672488e+01
1.6991083e+00    134373  1.4913718e+02  1.4915611e+02  1.1648409e+01
1.8110248e+00    159077  1.3656105e+02  1.3637827e+02  9.9301517e+00
1.9277595e+00    188172  1.2425926e+02  1.2410566e+02  8.4995138e+00
2.0497441e+00    222492  1.1303576e+02  1.1298769e+02  7.2960029e+00
2.1771282e+00    261771  1.0231901e+02  1.0223045e+02  6.2701553e+00
2.3098450e+00    306759  9.3556500e+01  9.3484210e+01  5.4036574e+00
2.4484375e+00    360898  8.4705374e+01  8.4633678e+01  4.6649530e+00
2.5937215e+00    425046  7.6705339e+01  7.6641347e+01  4.0322896e+00
2.7470320e+00    505555  6.9728915e+01  6.9667171e+01  3.4858710e+00
2.9094444e+00    600292  6.2949861e+01  6.2893298e+01  3.0124650e+00
3.0813867e+00    712930  5.6978729e+01  5.6928245e+01  2.6025942e+00
3.2634403e+00    846715  5.1508918e+01  5.1463073e+01  2.2477204e+00
3.4562097e+00   1005596  4.6470312e+01  4.6429416e+01  1.9406863e+00
3.6603648e+00   1194719  4.1636422e+01  4.1599505e+01  1.6750453e+00
3.8766358e+00   1419743  3.7329046e+01  3.7295477e+01  1.4451348e+00
4.1057220e+00   1686576  3.3423860e+01  3.3393840e+01  1.2464597e+00
4.3483372e+00   2003484  2.9909902e+01  2.9882928e+01  1.0747009e+00
4.6052142e+00   2378778  2.6854952e+01  2.6830591e+01  9.2635849e-01
4.8773359e+00   2828400  2.3967806e+01  2.3945931e+01  7.9822143e-01
5.1655179e+00   3356890  2.1372645e+01  2.1353127e+01  6.8762891e-01
5.4707002e+00   3990317  1.9101632e+01  1.9084191e+01  5.9221426e-01
5.7939476e+00   4738457  1.7025278e+01  1.7009442e+01  5.0985079e-01
6.1362572e+00   5629661  1.5191190e+01  1.5177370e+01  4.3885147e-01
6.4988210e+00   6687903  1.3509121e+01  1.3496499e+01  3.7760293e-01
6.8828355e+00   7945758  1.2010086e+01  1.1998949e+01  3.2482942e-01
7.2895050e+00   9436555  1.0681092e+01  1.0671199e+01  2.7935060e-01
7.7201584e+00  11210320  9.4892019e+00  9.4801734e+00  2.4019027e-01
8.1762927e+00  13318613  8.4211318e+00  8.4131509e+00  2.0645439e-01
8.6593661e+00  15819192  7.4601645e+00  7.4531928e+00  1.7742953e-01
9.1709925e+00  18795348  6.6020997e+00  6.5957907e+00  1.5242707e-01
9.7128705e+00  22326034  5.8371430e+00  5.8315721e+00  1.3092785e-01
1.0286736e+01  26520842  5.1630236e+00  5.1579684e+00  1.1242868e-01
1.0894484e+01  31503438  4.5592979e+00  4.5549428e+00  9.6557736e-02
1.1538156e+01  37426927  4.0256848e+00  4.0218261e+00  8.2907020e-02
1.2220385e+01  44525830  3.5486282e+00  3.5452065e+00  7.1161171e-02
