# Power spectrum from CO𝘕CEPT job 4547576 at t = 2.1443045 Gyr, a = 0.25
#
# Components:
#   0: matter  (upstream grid size 1024)
#
#                           grid size 1024
# ╭────────────────────────────────────────────────────────────────╮
#                         component 0    (corrected)      (linear)
#                        σ₈ = 2.35e-01  σ₈ = 2.34e-01  σ₈ = 2.32e-01
#  k [Mpc⁻¹]    modes       P [Mpc³]       P [Mpc³]       P [Mpc³]
2.4543693e-02         3  4.9128295e+03  4.9128295e+03  4.9425708e+03
4.6570361e-02        25  2.5968172e+03  2.6309784e+03  2.6366771e+03
8.3521561e-02       124  1.1344952e+03  1.1038702e+03  1.1191006e+03
1.3383638e-01       418  5.1722325e+02  5.0947636e+02  4.9321685e+02
1.8592088e-01       730  2.7631689e+02  2.8279594e+02  2.8007077e+02
2.3260504e-01      1012  1.8550442e+02  1.8427786e+02  1.6787884e+02
2.7635505e-01      1408  1.3668721e+02  1.3685803e+02  1.2133322e+02
3.1919121e-01      1841  1.0051797e+02  9.9935936e+01  8.6993445e+01
3.6464415e-01      2698  7.8256287e+01  7.7744215e+01  6.5740520e+01
4.1290034e-01      3532  6.1045077e+01  6.1549070e+01  5.1263070e+01
4.6319578e-01      4702  4.8070130e+01  4.7155643e+01  3.7668688e+01
5.1570195e-01      6019  4.0395981e+01  4.0848656e+01  3.1327403e+01
5.7047444e-01      7766  3.2989888e+01  3.2955741e+01  2.4239828e+01
6.2844883e-01     10012  2.8111365e+01  2.7667152e+01  1.8999353e+01
6.8955465e-01     12589  2.3346071e+01  2.3415087e+01  1.5792086e+01
7.5323141e-01     15650  1.9954319e+01  2.0124456e+01  1.2922394e+01
8.2032763e-01     19757  1.7044892e+01  1.6991136e+01  1.0390238e+01
8.9088605e-01     24241  1.4787943e+01  1.4638031e+01  8.4742566e+00
9.6481958e-01     29993  1.2831352e+01  1.2726844e+01  7.0305634e+00
1.0423453e+00     36494  1.1131088e+01  1.1069933e+01  5.8595609e+00
1.1237267e+00     44825  9.8185413e+00  9.7765007e+00  4.8955675e+00
1.2089588e+00     53906  8.6994659e+00  8.6754369e+00  4.1058885e+00
1.2983336e+00     65729  7.7048966e+00  7.6831168e+00  3.4520850e+00
1.3921058e+00     78746  6.8754925e+00  6.8537847e+00  2.9095899e+00
1.4900211e+00     94374  6.1402799e+00  6.1212271e+00  2.4625336e+00
1.5921784e+00    112166  5.5167256e+00  5.5121104e+00  2.0957275e+00
1.6991083e+00    134373  4.9628186e+00  4.9634486e+00  1.7854767e+00
1.8110248e+00    159077  4.5086078e+00  4.5025730e+00  1.5221023e+00
1.9277595e+00    188172  4.0996062e+00  4.0945384e+00  1.3028141e+00
2.0497441e+00    222492  3.7356391e+00  3.7340504e+00  1.1183399e+00
2.1771282e+00    261771  3.4153973e+00  3.4124410e+00  9.6109789e-01
2.3098450e+00    306759  3.1262188e+00  3.1238032e+00  8.2828097e-01
2.4484375e+00    360898  2.8829256e+00  2.8804854e+00  7.1505223e-01
2.5937215e+00    425046  2.6563175e+00  2.6541014e+00  6.1807744e-01
2.7470320e+00    505555  2.4468385e+00  2.4446719e+00  5.3432222e-01
2.9094444e+00    600292  2.2517243e+00  2.2497010e+00  4.6175838e-01
3.0813867e+00    712930  2.0784735e+00  2.0766319e+00  3.9893321e-01
3.2634403e+00    846715  1.9229284e+00  1.9212169e+00  3.4453795e-01
3.4562097e+00   1005596  1.7816663e+00  1.7800983e+00  2.9747559e-01
3.6603648e+00   1194719  1.6495784e+00  1.6481157e+00  2.5675793e-01
3.8766358e+00   1419743  1.5195219e+00  1.5181554e+00  2.2151707e-01
4.1057220e+00   1686576  1.4043939e+00  1.4031325e+00  1.9106395e-01
4.3483372e+00   2003484  1.2927315e+00  1.2915657e+00  1.6473657e-01
4.6052142e+00   2378778  1.1940304e+00  1.1929472e+00  1.4199845e-01
4.8773359e+00   2828400  1.1003895e+00  1.0993851e+00  1.2235741e-01
5.1655179e+00   3356890  1.0164492e+00  1.0155210e+00  1.0540560e-01
5.4707002e+00   3990317  9.3717443e-01  9.3631874e-01  9.0780252e-02
5.7939476e+00   4738457  8.6518604e-01  8.6438129e-01  7.8155395e-02
6.1362572e+00   5629661  7.9933513e-01  7.9860793e-01  6.7272439e-02
6.4988210e+00   6687903  7.3991167e-01  7.3922037e-01  5.7884086e-02
6.8828355e+00   7945758  6.8760332e-01  6.8696570e-01  4.9794790e-02
7.2895050e+00   9436555  6.4079448e-01  6.4020098e-01  4.2823628e-02
7.7201584e+00  11210320  5.9819644e-01  5.9762728e-01  3.6820967e-02
8.1762927e+00  13318613  5.6012930e-01  5.5959845e-01  3.1649770e-02
8.6593661e+00  15819192  5.2521676e-01  5.2472593e-01  2.7200684e-02
9.1709925e+00  18795348  4.9207946e-01  4.9160923e-01  2.3368152e-02
9.7128705e+00  22326034  4.5981893e-01  4.5938008e-01  2.0072602e-02
1.0286736e+01  26520842  4.2946356e-01  4.2904306e-01  1.7236906e-02
1.0894484e+01  31503438  4.0072517e-01  4.0034238e-01  1.4804069e-02
1.1538156e+01  37426927  3.7316128e-01  3.7280360e-01  1.2711553e-02
1.2220385e+01  44525830  3.4736318e-01  3.4702825e-01  1.0911016e-02
