# Power spectrum from CO𝘕CEPT job 4547576 at t = 6.2817818 Gyr, a = 0.52631579
#
# Components:
#   0: matter  (upstream grid size 1024)
#
#                           grid size 1024
# ╭────────────────────────────────────────────────────────────────╮
#                         component 0    (corrected)      (linear)
#                        σ₈ = 4.86e-01  σ₈ = 4.85e-01  σ₈ = 4.65e-01
#  k [Mpc⁻¹]    modes       P [Mpc³]       P [Mpc³]       P [Mpc³]
2.4543693e-02         3  1.9579477e+04  1.9579477e+04  1.9882145e+04
4.6570361e-02        25  1.0370165e+04  1.0506585e+04  1.0603247e+04
8.3521561e-02       124  4.6059686e+03  4.4816333e+03  4.4999162e+03
1.3383638e-01       418  2.1909313e+03  2.1581159e+03  1.9831641e+03
1.8592088e-01       730  1.2222728e+03  1.2509325e+03  1.1261178e+03
2.3260504e-01      1012  8.7907621e+02  8.7326375e+02  6.7500992e+02
2.7635505e-01      1408  6.8100346e+02  6.8185454e+02  4.8785745e+02
3.1919121e-01      1841  5.4941258e+02  5.4623132e+02  3.4978336e+02
3.6464415e-01      2698  4.3556762e+02  4.3271747e+02  2.6432931e+02
4.1290034e-01      3532  3.7442539e+02  3.7751667e+02  2.0611826e+02
4.6319578e-01      4702  3.1492681e+02  3.0893564e+02  1.5145796e+02
5.1570195e-01      6019  2.7023985e+02  2.7326814e+02  1.2596091e+02
5.7047444e-01      7766  2.3173824e+02  2.3149837e+02  9.7463226e+01
6.2844883e-01     10012  2.0726075e+02  2.0398564e+02  7.6392355e+01
6.8955465e-01     12589  1.8643468e+02  1.8698581e+02  6.3496600e+01
7.5323141e-01     15650  1.6820020e+02  1.6963433e+02  5.1958168e+01
8.2032763e-01     19757  1.4860954e+02  1.4814086e+02  4.1776899e+01
8.9088605e-01     24241  1.3754247e+02  1.3614814e+02  3.4073143e+01
9.6481958e-01     29993  1.2443416e+02  1.2342067e+02  2.8268358e+01
1.0423453e+00     36494  1.1473850e+02  1.1410811e+02  2.3560005e+01
1.1237267e+00     44825  1.0523185e+02  1.0478127e+02  1.9683993e+01
1.2089588e+00     53906  9.7372693e+01  9.7103737e+01  1.6508862e+01
1.2983336e+00     65729  9.0063734e+01  8.9809146e+01  1.3880058e+01
1.3921058e+00     78746  8.2458824e+01  8.2198478e+01  1.1698802e+01
1.4900211e+00     94374  7.6193330e+01  7.5956909e+01  9.9012852e+00
1.5921784e+00    112166  7.0079217e+01  7.0020590e+01  8.4264369e+00
1.6991083e+00    134373  6.4876632e+01  6.4884868e+01  7.1789858e+00
1.8110248e+00    159077  6.0084443e+01  6.0004019e+01  6.1200147e+00
1.9277595e+00    188172  5.5342092e+01  5.5273680e+01  5.2383047e+00
2.0497441e+00    222492  5.1020031e+01  5.0998333e+01  4.4965743e+00
2.1771282e+00    261771  4.7130620e+01  4.7089825e+01  3.8643386e+00
2.3098450e+00    306759  4.3201957e+01  4.3168575e+01  3.3303111e+00
2.4484375e+00    360898  3.9771188e+01  3.9737525e+01  2.8750434e+00
2.5937215e+00    425046  3.6468398e+01  3.6437974e+01  2.4851294e+00
2.7470320e+00    505555  3.3354197e+01  3.3324662e+01  2.1483684e+00
2.9094444e+00    600292  3.0474216e+01  3.0446834e+01  1.8566055e+00
3.0813867e+00    712930  2.7749361e+01  2.7724775e+01  1.6039998e+00
3.2634403e+00    846715  2.5160362e+01  2.5137968e+01  1.3852889e+00
3.4562097e+00   1005596  2.2856496e+01  2.2836381e+01  1.1960620e+00
3.6603648e+00   1194719  2.0651765e+01  2.0633454e+01  1.0323457e+00
3.8766358e+00   1419743  1.8623854e+01  1.8607106e+01  8.9065051e-01
4.1057220e+00   1686576  1.6771986e+01  1.6756923e+01  7.6820575e-01
4.3483372e+00   2003484  1.5136244e+01  1.5122594e+01  6.6234972e-01
4.6052142e+00   2378778  1.3591688e+01  1.3579358e+01  5.7092527e-01
4.8773359e+00   2828400  1.2158710e+01  1.2147613e+01  4.9195353e-01
5.1655179e+00   3356890  1.0901235e+01  1.0891279e+01  4.2379459e-01
5.4707002e+00   3990317  9.7604451e+00  9.7515332e+00  3.6498985e-01
5.7939476e+00   4738457  8.7175475e+00  8.7094389e+00  3.1422863e-01
6.1362572e+00   5629661  7.7811374e+00  7.7740584e+00  2.7047120e-01
6.4988210e+00   6687903  6.9210642e+00  6.9145979e+00  2.3272323e-01
6.8828355e+00   7945758  6.1694740e+00  6.1637531e+00  2.0019847e-01
7.2895050e+00   9436555  5.4845689e+00  5.4794891e+00  1.7216948e-01
7.7201584e+00  11210320  4.8763726e+00  4.8717329e+00  1.4803461e-01
8.1762927e+00  13318613  4.3303391e+00  4.3262352e+00  1.2724286e-01
8.6593661e+00  15819192  3.8387429e+00  3.8351555e+00  1.0935454e-01
9.1709925e+00  18795348  3.4043123e+00  3.4010592e+00  9.3945251e-02
9.7128705e+00  22326034  3.0164127e+00  3.0135339e+00  8.0695033e-02
1.0286736e+01  26520842  2.6728731e+00  2.6702560e+00  6.9293769e-02
1.0894484e+01  31503438  2.3637340e+00  2.3614761e+00  5.9512296e-02
1.1538156e+01  37426927  2.0934512e+00  2.0914445e+00  5.1099167e-02
1.2220385e+01  44525830  1.8545465e+00  1.8527583e+00  4.3860019e-02
