# Power spectrum from CO𝘕CEPT job 4547576 at t = 5.1229395 Gyr, a = 0.45454545
#
# Components:
#   0: matter  (upstream grid size 1024)
#
#                           grid size 1024
# ╭────────────────────────────────────────────────────────────────╮
#                         component 0    (corrected)      (linear)
#                        σ₈ = 4.24e-01  σ₈ = 4.23e-01  σ₈ = 4.09e-01
#  k [Mpc⁻¹]    modes       P [Mpc³]       P [Mpc³]       P [Mpc³]
2.4543693e-02         3  1.5171495e+04  1.5171495e+04  1.5367253e+04
4.6570361e-02        25  8.0333427e+03  8.1390214e+03  8.1959693e+03
8.3521561e-02       124  3.5428827e+03  3.4472447e+03  3.4783776e+03
1.3383638e-01       418  1.6703823e+03  1.6453636e+03  1.5329727e+03
1.8592088e-01       730  9.1917458e+02  9.4072727e+02  8.7048390e+02
2.3260504e-01      1012  6.5190572e+02  6.4759532e+02  5.2178011e+02
2.7635505e-01      1408  4.9747211e+02  4.9809382e+02  3.7711216e+02
3.1919121e-01      1841  3.9293527e+02  3.9066005e+02  2.7038144e+02
3.6464415e-01      2698  3.1045685e+02  3.0842537e+02  2.0432578e+02
4.1290034e-01      3532  2.5991655e+02  2.6206244e+02  1.5932884e+02
4.6319578e-01      4702  2.1543839e+02  2.1133989e+02  1.1707659e+02
5.1570195e-01      6019  1.8324980e+02  1.8530328e+02  9.7367458e+01
5.7047444e-01      7766  1.5622320e+02  1.5606150e+02  7.5338826e+01
6.2844883e-01     10012  1.3965712e+02  1.3745027e+02  5.9051101e+01
6.8955465e-01     12589  1.2351208e+02  1.2387720e+02  4.9082717e+01
7.5323141e-01     15650  1.1075063e+02  1.1169493e+02  4.0163539e+01
8.2032763e-01     19757  9.7121886e+01  9.6815587e+01  3.2293445e+01
8.9088605e-01     24241  8.9158303e+01  8.8254465e+01  2.6338461e+01
9.6481958e-01     29993  7.9633096e+01  7.8984504e+01  2.1851377e+01
1.0423453e+00     36494  7.3140558e+01  7.2738718e+01  1.8211832e+01
1.1237267e+00     44825  6.6495436e+01  6.6210719e+01  1.5215684e+01
1.2089588e+00     53906  6.1672843e+01  6.1502495e+01  1.2761316e+01
1.2983336e+00     65729  5.6689446e+01  5.6529200e+01  1.0729257e+01
1.3921058e+00     78746  5.2276301e+01  5.2111250e+01  9.0431509e+00
1.4900211e+00     94374  4.8276136e+01  4.8126340e+01  7.6536742e+00
1.5921784e+00    112166  4.4736935e+01  4.4699509e+01  6.5136200e+00
1.6991083e+00    134373  4.1430157e+01  4.1435416e+01  5.5493432e+00
1.8110248e+00    159077  3.8328680e+01  3.8277377e+01  4.7307609e+00
1.9277595e+00    188172  3.5591581e+01  3.5547584e+01  4.0492011e+00
2.0497441e+00    222492  3.2952259e+01  3.2938246e+01  3.4758452e+00
2.1771282e+00    261771  3.0426550e+01  3.0400214e+01  2.9871284e+00
2.3098450e+00    306759  2.8204703e+01  2.8182910e+01  2.5743263e+00
2.4484375e+00    360898  2.6002211e+01  2.5980202e+01  2.2224054e+00
2.5937215e+00    425046  2.3988148e+01  2.3968136e+01  1.9210026e+00
2.7470320e+00    505555  2.2056851e+01  2.2037320e+01  1.6606871e+00
2.9094444e+00    600292  2.0267246e+01  2.0249035e+01  1.4351550e+00
3.0813867e+00    712930  1.8591409e+01  1.8574936e+01  1.2398912e+00
3.2634403e+00    846715  1.6962068e+01  1.6946971e+01  1.0708281e+00
3.4562097e+00   1005596  1.5482358e+01  1.5468732e+01  9.2455609e-01
3.6603648e+00   1194719  1.4089805e+01  1.4077313e+01  7.9800374e-01
3.8766358e+00   1419743  1.2743111e+01  1.2731652e+01  6.8847356e-01
4.1057220e+00   1686576  1.1521561e+01  1.1511213e+01  5.9382396e-01
4.3483372e+00   2003484  1.0413237e+01  1.0403846e+01  5.1199742e-01
4.6052142e+00   2378778  9.3830307e+00  9.3745189e+00  4.4132645e-01
4.8773359e+00   2828400  8.4415681e+00  8.4338635e+00  3.8028139e-01
5.1655179e+00   3356890  7.5812988e+00  7.5743754e+00  3.2759461e-01
5.4707002e+00   3990317  6.8052992e+00  6.7990856e+00  2.8213860e-01
5.7939476e+00   4738457  6.0900801e+00  6.0844154e+00  2.4290022e-01
6.1362572e+00   5629661  5.4504344e+00  5.4454758e+00  2.0907575e-01
6.4988210e+00   6687903  4.8736149e+00  4.8690615e+00  1.7989659e-01
6.8828355e+00   7945758  4.3511183e+00  4.3470835e+00  1.5475496e-01
7.2895050e+00   9436555  3.8756366e+00  3.8720469e+00  1.3308854e-01
7.7201584e+00  11210320  3.4522337e+00  3.4489491e+00  1.1443227e-01
8.1762927e+00  13318613  3.0741039e+00  3.0711905e+00  9.8360230e-02
8.6593661e+00  15819192  2.7341991e+00  2.7316439e+00  8.4532540e-02
9.1709925e+00  18795348  2.4347679e+00  2.4324412e+00  7.2621131e-02
9.7128705e+00  22326034  2.1629393e+00  2.1608750e+00  6.2378682e-02
1.0286736e+01  26520842  1.9216999e+00  1.9198183e+00  5.3565473e-02
1.0894484e+01  31503438  1.7064727e+00  1.7048426e+00  4.6004361e-02
1.1538156e+01  37426927  1.5146316e+00  1.5131798e+00  3.9500977e-02
1.2220385e+01  44525830  1.3438990e+00  1.3426031e+00  3.3905078e-02
