# Power spectrum from CO𝘕CEPT job 4547576 at t = 13.789968 Gyr, a = 1
#
# Components:
#   0: matter  (upstream grid size 1024)
#
#                           grid size 1024
# ╭────────────────────────────────────────────────────────────────╮
#                         component 0    (corrected)      (linear)
#                        σ₈ = 8.04e-01  σ₈ = 8.02e-01  σ₈ = 7.31e-01
#  k [Mpc⁻¹]    modes       P [Mpc³]       P [Mpc³]       P [Mpc³]
2.4543693e-02         3  4.7650105e+04  4.7650105e+04  4.9078410e+04
4.6570361e-02        25  2.5204431e+04  2.5535995e+04  2.6166572e+04
8.3521561e-02       124  1.1915832e+04  1.1594171e+04  1.1103587e+04
1.3383638e-01       418  5.9079437e+03  5.8194555e+03  4.8932906e+03
1.8592088e-01       730  3.5297541e+03  3.6125193e+03  2.7785659e+03
2.3260504e-01      1012  2.6563572e+03  2.6387934e+03  1.6655007e+03
2.7635505e-01      1408  2.1832429e+03  2.1859714e+03  1.2037227e+03
3.1919121e-01      1841  1.9428448e+03  1.9315952e+03  8.6304198e+02
3.6464415e-01      2698  1.5994781e+03  1.5890119e+03  6.5219519e+02
4.1290034e-01      3532  1.4409767e+03  1.4528735e+03  5.0856722e+02
4.6319578e-01      4702  1.2367190e+03  1.2131917e+03  3.7370054e+02
5.1570195e-01      6019  1.1161226e+03  1.1286298e+03  3.1079013e+02
5.7047444e-01      7766  1.0346620e+03  1.0335911e+03  2.4047616e+02
6.2844883e-01     10012  9.3178422e+02  9.1706026e+02  1.8848682e+02
6.8955465e-01     12589  8.4115710e+02  8.4364373e+02  1.5666841e+02
7.5323141e-01     15650  7.7382820e+02  7.8042612e+02  1.2819902e+02
8.2032763e-01     19757  7.1215398e+02  7.0990802e+02  1.0307823e+02
8.9088605e-01     24241  6.6185903e+02  6.5514946e+02  8.4070352e+01
9.6481958e-01     29993  5.9898841e+02  5.9410980e+02  6.9747905e+01
1.0423453e+00     36494  5.5421145e+02  5.5116657e+02  5.8130744e+01
1.1237267e+00     44825  5.0343066e+02  5.0127509e+02  4.8567261e+01
1.2089588e+00     53906  4.6187003e+02  4.6059429e+02  4.0733101e+01
1.2983336e+00     65729  4.2384977e+02  4.2265165e+02  3.4246920e+01
1.3921058e+00     78746  3.8543552e+02  3.8421859e+02  2.8864998e+01
1.4900211e+00     94374  3.5272839e+02  3.5163390e+02  2.4429894e+01
1.5921784e+00    112166  3.2160583e+02  3.2133678e+02  2.0790927e+01
1.6991083e+00    134373  2.9200753e+02  2.9204460e+02  1.7713030e+01
1.8110248e+00    159077  2.6543482e+02  2.6507954e+02  1.5100178e+01
1.9277595e+00    188172  2.4177251e+02  2.4147364e+02  1.2924692e+01
2.0497441e+00    222492  2.2017640e+02  2.2008277e+02  1.1094585e+01
2.1771282e+00    261771  1.9961400e+02  1.9944122e+02  9.5346392e+00
2.3098450e+00    306759  1.8094859e+02  1.8080878e+02  8.2170075e+00
2.4484375e+00    360898  1.6471827e+02  1.6457885e+02  7.0937038e+00
2.5937215e+00    425046  1.4991722e+02  1.4979215e+02  6.1316505e+00
2.7470320e+00    505555  1.3554932e+02  1.3542929e+02  5.3007443e+00
2.9094444e+00    600292  1.2299930e+02  1.2288878e+02  4.5808643e+00
3.0813867e+00    712930  1.1062587e+02  1.1052785e+02  3.9575984e+00
3.2634403e+00    846715  9.9988214e+01  9.9899220e+01  3.4179631e+00
3.4562097e+00   1005596  8.9963526e+01  8.9884353e+01  2.9510751e+00
3.6603648e+00   1194719  8.1300533e+01  8.1228448e+01  2.5471308e+00
3.8766358e+00   1419743  7.3063919e+01  7.2998215e+01  2.1975200e+00
4.1057220e+00   1686576  6.5926766e+01  6.5867553e+01  1.8954068e+00
4.3483372e+00   2003484  5.9175722e+01  5.9122357e+01  1.6342238e+00
4.6052142e+00   2378778  5.3246733e+01  5.3198431e+01  1.4086485e+00
4.8773359e+00   2828400  4.7835828e+01  4.7792169e+01  1.2137984e+00
5.1655179e+00   3356890  4.2711759e+01  4.2672754e+01  1.0456272e+00
5.4707002e+00   3990317  3.8166082e+01  3.8131234e+01  9.0053615e-01
5.7939476e+00   4738457  3.4036400e+01  3.4004741e+01  7.7529121e-01
6.1362572e+00   5629661  3.0350611e+01  3.0322999e+01  6.6732705e-01
6.4988210e+00   6687903  2.7018241e+01  2.6992998e+01  5.7419030e-01
6.8828355e+00   7945758  2.4019581e+01  2.3997308e+01  4.9394104e-01
7.2895050e+00   9436555  2.1361053e+01  2.1341268e+01  4.2478437e-01
7.7201584e+00  11210320  1.8971612e+01  1.8953561e+01  3.6523584e-01
8.1762927e+00  13318613  1.6850021e+01  1.6834052e+01  3.1393594e-01
8.6593661e+00  15819192  1.4957275e+01  1.4943297e+01  2.6979982e-01
9.1709925e+00  18795348  1.3272172e+01  1.3259489e+01  2.3178030e-01
9.7128705e+00  22326034  1.1765900e+01  1.1754670e+01  1.9908795e-01
1.0286736e+01  26520842  1.0398134e+01  1.0387953e+01  1.7095760e-01
1.0894484e+01  31503438  9.1962855e+00  9.1875009e+00  1.4682381e-01
1.1538156e+01  37426927  8.1146141e+00  8.1068360e+00  1.2606619e-01
1.2220385e+01  44525830  7.1545396e+00  7.1476410e+00  1.0820518e-01
