# Power spectrum from CO𝘕CEPT job 4547576 at t = 2.4070644 Gyr, a = 0.27027027
#
# Components:
#   0: matter  (upstream grid size 1024)
#
#                           grid size 1024
# ╭────────────────────────────────────────────────────────────────╮
#                         component 0    (corrected)      (linear)
#                        σ₈ = 2.54e-01  σ₈ = 2.53e-01  σ₈ = 2.50e-01
#  k [Mpc⁻¹]    modes       P [Mpc³]       P [Mpc³]       P [Mpc³]
2.4543693e-02         3  5.7169797e+03  5.7169797e+03  5.7551272e+03
4.6570361e-02        25  3.0225748e+03  3.0623368e+03  3.0700662e+03
8.3521561e-02       124  1.3207139e+03  1.2850620e+03  1.3030350e+03
1.3383638e-01       418  6.0444903e+02  5.9539569e+02  5.7428002e+02
1.8592088e-01       730  3.2341161e+02  3.3099493e+02  3.2610181e+02
2.3260504e-01      1012  2.1855795e+02  2.1711284e+02  1.9547051e+02
2.7635505e-01      1408  1.6153589e+02  1.6173777e+02  1.4127487e+02
3.1919121e-01      1841  1.1960745e+02  1.1891488e+02  1.0129119e+02
3.6464415e-01      2698  9.3324362e+01  9.2713691e+01  7.6545253e+01
4.1290034e-01      3532  7.3124349e+01  7.3728069e+01  5.9688369e+01
4.6319578e-01      4702  5.7984227e+01  5.6881135e+01  4.3859691e+01
5.1570195e-01      6019  4.8819580e+01  4.9366649e+01  3.6476189e+01
5.7047444e-01      7766  4.0058426e+01  4.0016963e+01  2.8223741e+01
6.2844883e-01     10012  3.4377054e+01  3.3833832e+01  2.2121972e+01
6.8955465e-01     12589  2.8757922e+01  2.8842936e+01  1.8387578e+01
7.5323141e-01     15650  2.4670807e+01  2.4881159e+01  1.5046241e+01
8.2032763e-01     19757  2.1146305e+01  2.1079615e+01  1.2097914e+01
8.9088605e-01     24241  1.8489298e+01  1.8301863e+01  9.8670333e+00
9.6481958e-01     29993  1.6123924e+01  1.5992598e+01  8.1860633e+00
1.0423453e+00     36494  1.4077213e+01  1.3999872e+01  6.8226018e+00
1.1237267e+00     44825  1.2521262e+01  1.2467649e+01  5.7001722e+00
1.2089588e+00     53906  1.1141951e+01  1.1111176e+01  4.7807064e+00
1.2983336e+00     65729  9.9362481e+00  9.9081608e+00  4.0194476e+00
1.3921058e+00     78746  8.9157625e+00  8.8876129e+00  3.3877914e+00
1.4900211e+00     94374  8.0047364e+00  7.9798985e+00  2.8672596e+00
1.5921784e+00    112166  7.2392247e+00  7.2331685e+00  2.4401674e+00
1.6991083e+00    134373  6.5477223e+00  6.5485536e+00  2.0789257e+00
1.8110248e+00    159077  5.9747255e+00  5.9667283e+00  1.7722648e+00
1.9277595e+00    188172  5.4623568e+00  5.4556044e+00  1.5169357e+00
2.0497441e+00    222492  5.0124046e+00  5.0102730e+00  1.3021425e+00
2.1771282e+00    261771  4.5961311e+00  4.5921528e+00  1.1190571e+00
2.3098450e+00    306759  4.2250223e+00  4.2217577e+00  9.6441125e-01
2.4484375e+00    360898  3.9100129e+00  3.9067034e+00  8.3257295e-01
2.5937215e+00    425046  3.6199284e+00  3.6169085e+00  7.1965999e-01
2.7470320e+00    505555  3.3459976e+00  3.3430348e+00  6.2213929e-01
2.9094444e+00    600292  3.0874331e+00  3.0846589e+00  5.3764933e-01
3.0813867e+00    712930  2.8523276e+00  2.8498003e+00  4.6449861e-01
3.2634403e+00    846715  2.6447698e+00  2.6424158e+00  4.0116331e-01
3.4562097e+00   1005596  2.4531003e+00  2.4509415e+00  3.4636609e-01
3.6603648e+00   1194719  2.2751945e+00  2.2731772e+00  2.9895635e-01
3.8766358e+00   1419743  2.1062619e+00  2.1043678e+00  2.5792353e-01
4.1057220e+00   1686576  1.9446280e+00  1.9428814e+00  2.2246534e-01
4.3483372e+00   2003484  1.7983364e+00  1.7967146e+00  1.9181098e-01
4.6052142e+00   2378778  1.6612664e+00  1.6597594e+00  1.6533577e-01
4.8773359e+00   2828400  1.5292366e+00  1.5278409e+00  1.4246667e-01
5.1655179e+00   3356890  1.4075039e+00  1.4062185e+00  1.2272879e-01
5.4707002e+00   3990317  1.2950199e+00  1.2938375e+00  1.0569973e-01
5.7939476e+00   4738457  1.1909410e+00  1.1898332e+00  9.0999952e-02
6.1362572e+00   5629661  1.0962919e+00  1.0952946e+00  7.8328360e-02
6.4988210e+00   6687903  1.0109503e+00  1.0100058e+00  6.7397013e-02
6.8828355e+00   7945758  9.3380626e-01  9.3294034e-01  5.7978229e-02
7.2895050e+00   9436555  8.6171340e-01  8.6091528e-01  4.9861348e-02
7.7201584e+00  11210320  7.9620818e-01  7.9545062e-01  4.2872144e-02
8.1762927e+00  13318613  7.3612706e-01  7.3542941e-01  3.6851058e-02
8.6593661e+00  15819192  6.8107045e-01  6.8043397e-01  3.1670764e-02
9.1709925e+00  18795348  6.2922131e-01  6.2862002e-01  2.7208357e-02
9.7128705e+00  22326034  5.8026437e-01  5.7971057e-01  2.3371187e-02
1.0286736e+01  26520842  5.3460967e-01  5.3408623e-01  2.0069448e-02
1.0894484e+01  31503438  4.9224524e-01  4.9177503e-01  1.7236780e-02
1.1538156e+01  37426927  4.5346708e-01  4.5303242e-01  1.4800365e-02
1.2220385e+01  44525830  4.1690608e-01  4.1650408e-01  1.2703917e-02
