# Power spectrum from CO𝘕CEPT job 4547576 at t = 12.444742 Gyr, a = 0.90909091
#
# Components:
#   0: matter  (upstream grid size 1024)
#
#                           grid size 1024
# ╭────────────────────────────────────────────────────────────────╮
#                         component 0    (corrected)      (linear)
#                        σ₈ = 7.57e-01  σ₈ = 7.55e-01  σ₈ = 6.94e-01
#  k [Mpc⁻¹]    modes       P [Mpc³]       P [Mpc³]       P [Mpc³]
2.4543693e-02         3  4.2994691e+04  4.2994691e+04  4.4185038e+04
4.6570361e-02        25  2.2752197e+04  2.3051503e+04  2.3558474e+04
8.3521561e-02       124  1.0632901e+04  1.0345873e+04  9.9970155e+03
1.3383638e-01       418  5.2355015e+03  5.1570851e+03  4.4056543e+03
1.8592088e-01       730  3.0949787e+03  3.1675494e+03  2.5016751e+03
2.3260504e-01      1012  2.3174374e+03  2.3021145e+03  1.4995306e+03
2.7635505e-01      1408  1.8987611e+03  1.9011341e+03  1.0837700e+03
3.1919121e-01      1841  1.6677632e+03  1.6581064e+03  7.7703885e+02
3.6464415e-01      2698  1.3588444e+03  1.3499528e+03  5.8720328e+02
4.1290034e-01      3532  1.2144817e+03  1.2245086e+03  4.5788805e+02
4.6319578e-01      4702  1.0477425e+03  1.0278102e+03  3.3646098e+02
5.1570195e-01      6019  9.4954022e+02  9.6018071e+02  2.7981966e+02
5.7047444e-01      7766  8.7493697e+02  8.7403136e+02  2.1651254e+02
6.2844883e-01     10012  7.8132202e+02  7.6897564e+02  1.6970399e+02
6.8955465e-01     12589  7.0904220e+02  7.1113826e+02  1.4105631e+02
7.5323141e-01     15650  6.5291375e+02  6.5848072e+02  1.1542391e+02
8.2032763e-01     19757  6.0264418e+02  6.0074358e+02  9.2806429e+01
8.9088605e-01     24241  5.6122439e+02  5.5553500e+02  7.5692697e+01
9.6481958e-01     29993  5.0471948e+02  5.0060867e+02  6.2797491e+01
1.0423453e+00     36494  4.6589209e+02  4.6333245e+02  5.2337987e+01
1.1237267e+00     44825  4.2223328e+02  4.2042538e+02  4.3727511e+01
1.2089588e+00     53906  3.8841060e+02  3.8733776e+02  3.6674029e+01
1.2983336e+00     65729  3.5548013e+02  3.5447527e+02  3.0834200e+01
1.3921058e+00     78746  3.2358588e+02  3.2256423e+02  2.5988589e+01
1.4900211e+00     94374  2.9753104e+02  2.9660783e+02  2.1995445e+01
1.5921784e+00    112166  2.7055372e+02  2.7032738e+02  1.8719104e+01
1.6991083e+00    134373  2.4681728e+02  2.4684861e+02  1.5947920e+01
1.8110248e+00    159077  2.2247414e+02  2.2217636e+02  1.3595441e+01
1.9277595e+00    188172  2.0369255e+02  2.0344075e+02  1.1636743e+01
2.0497441e+00    222492  1.8528808e+02  1.8520928e+02  9.9890068e+00
2.1771282e+00    261771  1.6730888e+02  1.6716406e+02  8.5845106e+00
2.3098450e+00    306759  1.5175220e+02  1.5163494e+02  7.3981815e+00
2.4484375e+00    360898  1.3721224e+02  1.3709610e+02  6.3868156e+00
2.5937215e+00    425046  1.2426509e+02  1.2416142e+02  5.5206312e+00
2.7470320e+00    505555  1.1233817e+02  1.1223870e+02  4.7725252e+00
2.9094444e+00    600292  1.0115098e+02  1.0106010e+02  4.1243815e+00
3.0813867e+00    712930  9.1742869e+01  9.1661582e+01  3.5632244e+00
3.2634403e+00    846715  8.2681372e+01  8.2607781e+01  3.0773639e+00
3.4562097e+00   1005596  7.4254253e+01  7.4188906e+01  2.6570014e+00
3.6603648e+00   1194719  6.6832010e+01  6.6772753e+01  2.2933103e+00
3.8766358e+00   1419743  6.0075618e+01  6.0021594e+01  1.9785383e+00
4.1057220e+00   1686576  5.3976335e+01  5.3927856e+01  1.7065308e+00
4.3483372e+00   2003484  4.8394128e+01  4.8350486e+01  1.4713747e+00
4.6052142e+00   2378778  4.3412825e+01  4.3373443e+01  1.2682781e+00
4.8773359e+00   2828400  3.9085583e+01  3.9049910e+01  1.0928448e+00
5.1655179e+00   3356890  3.4981402e+01  3.4949456e+01  9.4143191e-01
5.4707002e+00   3990317  3.1296887e+01  3.1268311e+01  8.1079916e-01
5.7939476e+00   4738457  2.7922225e+01  2.7896253e+01  6.9803487e-01
6.1362572e+00   5629661  2.4895646e+01  2.4872997e+01  6.0082933e-01
6.4988210e+00   6687903  2.2195460e+01  2.2174723e+01  5.1697365e-01
6.8828355e+00   7945758  1.9799992e+01  1.9781631e+01  4.4472121e-01
7.2895050e+00   9436555  1.7633957e+01  1.7617625e+01  3.8245598e-01
7.7201584e+00  11210320  1.5648013e+01  1.5633125e+01  3.2884143e-01
8.1762927e+00  13318613  1.3916380e+01  1.3903191e+01  2.8265354e-01
8.6593661e+00  15819192  1.2333568e+01  1.2322042e+01  2.4291555e-01
9.1709925e+00  18795348  1.0917497e+01  1.0907064e+01  2.0868465e-01
9.7128705e+00  22326034  9.6579299e+00  9.6487124e+00  1.7925005e-01
1.0286736e+01  26520842  8.5386890e+00  8.5303286e+00  1.5392285e-01
1.0894484e+01  31503438  7.5504699e+00  7.5432575e+00  1.3219396e-01
1.1538156e+01  37426927  6.6675783e+00  6.6611872e+00  1.1350481e-01
1.2220385e+01  44525830  5.8853439e+00  5.8796691e+00  9.7423615e-02
