# Power spectrum from CO𝘕CEPT job 4547576 at t = 7.2997278 Gyr, a = 0.58823529
#
# Components:
#   0: matter  (upstream grid size 1024)
#
#                           grid size 1024
# ╭────────────────────────────────────────────────────────────────╮
#                         component 0    (corrected)      (linear)
#                        σ₈ = 5.38e-01  σ₈ = 5.36e-01  σ₈ = 5.11e-01
#  k [Mpc⁻¹]    modes       P [Mpc³]       P [Mpc³]       P [Mpc³]
2.4543693e-02         3  2.3525699e+04  2.3525699e+04  2.3940775e+04
4.6570361e-02        25  1.2461337e+04  1.2625266e+04  1.2767090e+04
8.3521561e-02       124  5.5753123e+03  5.4248101e+03  5.4181228e+03
1.3383638e-01       418  2.6699083e+03  2.6299189e+03  2.3878127e+03
1.8592088e-01       730  1.5066623e+03  1.5419903e+03  1.3558902e+03
2.3260504e-01      1012  1.0947892e+03  1.0875505e+03  8.1273787e+02
2.7635505e-01      1408  8.5944040e+02  8.6051448e+02  5.8739884e+02
3.1919121e-01      1841  7.0515210e+02  7.0106905e+02  4.2115229e+02
3.6464415e-01      2698  5.6082464e+02  5.5715487e+02  3.1826235e+02
4.1290034e-01      3532  4.8973419e+02  4.9377747e+02  2.4817404e+02
4.6319578e-01      4702  4.1813166e+02  4.1017712e+02  1.8236099e+02
5.1570195e-01      6019  3.6352100e+02  3.6759459e+02  1.5166159e+02
5.7047444e-01      7766  3.1500860e+02  3.1468255e+02  1.1734931e+02
6.2844883e-01     10012  2.7926834e+02  2.7485537e+02  9.1979204e+01
6.8955465e-01     12589  2.5443911e+02  2.5519128e+02  7.6452237e+01
7.5323141e-01     15650  2.3130502e+02  2.3327720e+02  6.2559538e+01
8.2032763e-01     19757  2.0474987e+02  2.0410414e+02  5.0300915e+01
8.9088605e-01     24241  1.8917557e+02  1.8725781e+02  4.1025309e+01
9.6481958e-01     29993  1.7295801e+02  1.7154931e+02  3.4036134e+01
1.0423453e+00     36494  1.5778085e+02  1.5691399e+02  2.8367105e+01
1.1237267e+00     44825  1.4608008e+02  1.4545460e+02  2.3700244e+01
1.2089588e+00     53906  1.3550838e+02  1.3513409e+02  1.9877270e+01
1.2983336e+00     65729  1.2549513e+02  1.2514039e+02  1.6712094e+01
1.3921058e+00     78746  1.1585028e+02  1.1548451e+02  1.4085782e+01
1.4900211e+00     94374  1.0678246e+02  1.0645113e+02  1.1921505e+01
1.5921784e+00    112166  9.8584561e+01  9.8502087e+01  1.0145734e+01
1.6991083e+00    134373  9.0832714e+01  9.0844244e+01  8.6437572e+00
1.8110248e+00    159077  8.3646321e+01  8.3534360e+01  7.3687173e+00
1.9277595e+00    188172  7.6834676e+01  7.6739696e+01  6.3071063e+00
2.0497441e+00    222492  7.0465158e+01  7.0435191e+01  5.4140359e+00
2.1771282e+00    261771  6.4564233e+01  6.4508348e+01  4.6528011e+00
2.3098450e+00    306759  5.9110866e+01  5.9065192e+01  4.0098125e+00
2.4484375e+00    360898  5.3859444e+01  5.3813856e+01  3.4616537e+00
2.5937215e+00    425046  4.9123833e+01  4.9082851e+01  2.9921830e+00
2.7470320e+00    505555  4.4705698e+01  4.4666112e+01  2.5867106e+00
2.9094444e+00    600292  4.0725434e+01  4.0688841e+01  2.2354175e+00
3.0813867e+00    712930  3.6899858e+01  3.6867164e+01  1.9312710e+00
3.2634403e+00    846715  3.3470944e+01  3.3441153e+01  1.6679352e+00
3.4562097e+00   1005596  3.0324220e+01  3.0297533e+01  1.4400992e+00
3.6603648e+00   1194719  2.7289640e+01  2.7265443e+01  1.2429790e+00
3.8766358e+00   1419743  2.4491003e+01  2.4468979e+01  1.0723728e+00
4.1057220e+00   1686576  2.1983617e+01  2.1963872e+01  9.2494495e-01
4.3483372e+00   2003484  1.9716762e+01  1.9698981e+01  7.9749051e-01
4.6052142e+00   2378778  1.7685225e+01  1.7669182e+01  6.8741222e-01
4.8773359e+00   2828400  1.5788593e+01  1.5774183e+01  5.9232745e-01
5.1655179e+00   3356890  1.4125094e+01  1.4112195e+01  5.1026167e-01
5.4707002e+00   3990317  1.2606951e+01  1.2595440e+01  4.3945870e-01
5.7939476e+00   4738457  1.1232006e+01  1.1221558e+01  3.7834042e-01
6.1362572e+00   5629661  1.0007960e+01  9.9988548e+00  3.2565495e-01
6.4988210e+00   6687903  8.8907336e+00  8.8824270e+00  2.8020509e-01
6.8828355e+00   7945758  7.9222657e+00  7.9149193e+00  2.4104417e-01
7.2895050e+00   9436555  7.0411594e+00  7.0346378e+00  2.0729632e-01
7.7201584e+00  11210320  6.2514681e+00  6.2455201e+00  1.7823712e-01
8.1762927e+00  13318613  5.5458962e+00  5.5406402e+00  1.5320316e-01
8.6593661e+00  15819192  4.9280426e+00  4.9234372e+00  1.3166504e-01
9.1709925e+00  18795348  4.3687385e+00  4.3645637e+00  1.1311176e-01
9.7128705e+00  22326034  3.8691008e+00  3.8654081e+00  9.7158076e-02
1.0286736e+01  26520842  3.4278984e+00  3.4245421e+00  8.3430599e-02
1.0894484e+01  31503438  3.0301673e+00  3.0272728e+00  7.1653407e-02
1.1538156e+01  37426927  2.6790770e+00  2.6765090e+00  6.1523750e-02
1.2220385e+01  44525830  2.3671366e+00  2.3648542e+00  5.2807608e-02
