# Power spectrum from CO𝘕CEPT job 4547576 at t = 3.1241598 Gyr, a = 0.32258065
#
# Components:
#   0: matter  (upstream grid size 1024)
#
#                           grid size 1024
# ╭────────────────────────────────────────────────────────────────╮
#                         component 0    (corrected)      (linear)
#                        σ₈ = 3.03e-01  σ₈ = 3.02e-01  σ₈ = 2.97e-01
#  k [Mpc⁻¹]    modes       P [Mpc³]       P [Mpc³]       P [Mpc³]
2.4543693e-02         3  8.0357482e+03  8.0357482e+03  8.1028480e+03
4.6570361e-02        25  4.2508166e+03  4.3067361e+03  4.3221805e+03
8.3521561e-02       124  1.8596668e+03  1.8094663e+03  1.8344321e+03
1.3383638e-01       418  8.5923757e+02  8.4636805e+02  8.0847448e+02
1.8592088e-01       730  4.6239853e+02  4.7324079e+02  4.5908688e+02
2.3260504e-01      1012  3.1747109e+02  3.1537197e+02  2.7518360e+02
2.7635505e-01      1408  2.3659037e+02  2.3688604e+02  1.9888683e+02
3.1919121e-01      1841  1.7852717e+02  1.7749345e+02  1.4259775e+02
3.6464415e-01      2698  1.3996679e+02  1.3905091e+02  1.0776039e+02
4.1290034e-01      3532  1.1128453e+02  1.1220331e+02  8.4029260e+01
4.6319578e-01      4702  8.9737651e+01  8.8030481e+01  6.1745647e+01
5.1570195e-01      6019  7.5831219e+01  7.6680979e+01  5.1351153e+01
5.7047444e-01      7766  6.3060153e+01  6.2994882e+01  3.9733360e+01
6.2844883e-01     10012  5.4897264e+01  5.4029783e+01  3.1143291e+01
6.8955465e-01     12589  4.6893411e+01  4.7032037e+01  2.5886014e+01
7.5323141e-01     15650  4.0707913e+01  4.1055003e+01  2.1182080e+01
8.2032763e-01     19757  3.5096808e+01  3.4986121e+01  1.7031428e+01
8.9088605e-01     24241  3.1276562e+01  3.0959497e+01  1.3890796e+01
9.6481958e-01     29993  2.7527727e+01  2.7303521e+01  1.1524328e+01
1.0423453e+00     36494  2.4457319e+01  2.4322949e+01  9.6048482e+00
1.1237267e+00     44825  2.2109109e+01  2.2014443e+01  8.0246930e+00
1.2089588e+00     53906  1.9916972e+01  1.9861959e+01  6.7302698e+00
1.2983336e+00     65729  1.7998744e+01  1.7947866e+01  5.6585705e+00
1.3921058e+00     78746  1.6362570e+01  1.6310909e+01  4.7693255e+00
1.4900211e+00     94374  1.4836973e+01  1.4790936e+01  4.0365214e+00
1.5921784e+00    112166  1.3590076e+01  1.3578707e+01  3.4352616e+00
1.6991083e+00    134373  1.2433765e+01  1.2435343e+01  2.9267060e+00
1.8110248e+00    159077  1.1451342e+01  1.1436015e+01  2.4949891e+00
1.9277595e+00    188172  1.0547829e+01  1.0534790e+01  2.1355372e+00
2.0497441e+00    222492  9.7916779e+00  9.7875137e+00  1.8331516e+00
2.1771282e+00    261771  9.0649094e+00  9.0570631e+00  1.5754043e+00
2.3098450e+00    306759  8.3850816e+00  8.3786025e+00  1.3576941e+00
2.4484375e+00    360898  7.7812385e+00  7.7746523e+00  1.1720923e+00
2.5937215e+00    425046  7.2350520e+00  7.2290161e+00  1.0131337e+00
2.7470320e+00    505555  6.7206738e+00  6.7147227e+00  8.7584423e-01
2.9094444e+00    600292  6.2458891e+00  6.2402769e+00  7.5689943e-01
3.0813867e+00    712930  5.7994620e+00  5.7943235e+00  6.5391801e-01
3.2634403e+00    846715  5.3715234e+00  5.3667424e+00  5.6475471e-01
3.4562097e+00   1005596  4.9771219e+00  4.9727418e+00  4.8761132e-01
3.6603648e+00   1194719  4.6047179e+00  4.6006351e+00  4.2086801e-01
3.8766358e+00   1419743  4.2435419e+00  4.2397259e+00  3.6310213e-01
4.1057220e+00   1686576  3.9089057e+00  3.9053949e+00  3.1318420e-01
4.3483372e+00   2003484  3.5900399e+00  3.5868024e+00  2.7002910e-01
4.6052142e+00   2378778  3.2951733e+00  3.2921841e+00  2.3275741e-01
4.8773359e+00   2828400  3.0173920e+00  3.0146380e+00  2.0056238e-01
5.1655179e+00   3356890  2.7579574e+00  2.7554388e+00  1.7277548e-01
5.4707002e+00   3990317  2.5115685e+00  2.5092753e+00  1.4880206e-01
5.7939476e+00   4738457  2.2890032e+00  2.2868740e+00  1.2810778e-01
6.1362572e+00   5629661  2.0826898e+00  2.0807950e+00  1.1026879e-01
6.4988210e+00   6687903  1.8955482e+00  1.8937771e+00  9.4879717e-02
6.8828355e+00   7945758  1.7226169e+00  1.7210195e+00  8.1620023e-02
7.2895050e+00   9436555  1.5614234e+00  1.5599772e+00  7.0193144e-02
7.7201584e+00  11210320  1.4130515e+00  1.4117070e+00  6.0353808e-02
8.1762927e+00  13318613  1.2814396e+00  1.2802252e+00  5.1877385e-02
8.6593661e+00  15819192  1.1613908e+00  1.1603055e+00  4.4584625e-02
9.1709925e+00  18795348  1.0492699e+00  1.0482672e+00  3.8302506e-02
9.7128705e+00  22326034  9.4772239e-01  9.4681789e-01  3.2900593e-02
1.0286736e+01  26520842  8.5591884e-01  8.5508080e-01  2.8252458e-02
1.0894484e+01  31503438  7.7190365e-01  7.7116631e-01  2.4264678e-02
1.1538156e+01  37426927  6.9672642e-01  6.9605859e-01  2.0834741e-02
1.2220385e+01  44525830  6.2900519e-01  6.2839869e-01  1.7883409e-02
