# Power spectrum from CO𝘕CEPT job 4547576 at t = 6.7612699 Gyr, a = 0.55555556
#
# Components:
#   0: matter  (upstream grid size 1024)
#
#                           grid size 1024
# ╭────────────────────────────────────────────────────────────────╮
#                         component 0    (corrected)      (linear)
#                        σ₈ = 5.11e-01  σ₈ = 5.09e-01  σ₈ = 4.87e-01
#  k [Mpc⁻¹]    modes       P [Mpc³]       P [Mpc³]       P [Mpc³]
2.4543693e-02         3  2.1433089e+04  2.1433089e+04  2.1786633e+04
4.6570361e-02        25  1.1352568e+04  1.1501911e+04  1.1618635e+04
8.3521561e-02       124  5.0591181e+03  4.9225503e+03  4.9307900e+03
1.3383638e-01       418  2.4143642e+03  2.3782023e+03  2.1730483e+03
1.8592088e-01       730  1.3543275e+03  1.3860836e+03  1.2339402e+03
2.3260504e-01      1012  9.7900437e+02  9.7253119e+02  7.3963980e+02
2.7635505e-01      1408  7.6321038e+02  7.6416420e+02  5.3456800e+02
3.1919121e-01      1841  6.2074346e+02  6.1714917e+02  3.8327378e+02
3.6464415e-01      2698  4.9283608e+02  4.8961119e+02  2.8963780e+02
4.1290034e-01      3532  4.2721940e+02  4.3074656e+02  2.2585326e+02
4.6319578e-01      4702  3.6190533e+02  3.5502044e+02  1.6595945e+02
5.1570195e-01      6019  3.1232031e+02  3.1582015e+02  1.3802116e+02
5.7047444e-01      7766  2.6892045e+02  2.6864210e+02  1.0679493e+02
6.2844883e-01     10012  2.3955785e+02  2.3577238e+02  8.3706606e+01
6.8955465e-01     12589  2.1706357e+02  2.1770526e+02  6.9576134e+01
7.5323141e-01     15650  1.9632212e+02  1.9799603e+02  5.6932943e+01
8.2032763e-01     19757  1.7358469e+02  1.7303725e+02  4.5776860e+01
8.9088605e-01     24241  1.6077596e+02  1.5914610e+02  3.7335501e+01
9.6481958e-01     29993  1.4615264e+02  1.4496226e+02  3.0974932e+01
1.0423453e+00     36494  1.3438416e+02  1.3364585e+02  2.5815774e+01
1.1237267e+00     44825  1.2394577e+02  1.2341506e+02  2.1568650e+01
1.2089588e+00     53906  1.1492659e+02  1.1460915e+02  1.8089514e+01
1.2983336e+00     65729  1.0656052e+02  1.0625930e+02  1.5209013e+01
1.3921058e+00     78746  9.8063780e+01  9.7754165e+01  1.2818911e+01
1.4900211e+00     94374  9.0360661e+01  9.0080281e+01  1.0849289e+01
1.5921784e+00    112166  8.3082145e+01  8.3012640e+01  9.2332306e+00
1.6991083e+00    134373  7.6576017e+01  7.6585738e+01  7.8663413e+00
1.8110248e+00    159077  7.0648731e+01  7.0554167e+01  6.7059782e+00
1.9277595e+00    188172  6.4984525e+01  6.4904193e+01  5.7398483e+00
2.0497441e+00    222492  5.9616245e+01  5.9590891e+01  4.9271004e+00
2.1771282e+00    261771  5.4860674e+01  5.4813189e+01  4.2343309e+00
2.3098450e+00    306759  5.0188387e+01  5.0149607e+01  3.6491725e+00
2.4484375e+00    360898  4.5880930e+01  4.5842096e+01  3.1503150e+00
2.5937215e+00    425046  4.2100412e+01  4.2065290e+01  2.7230683e+00
2.7470320e+00    505555  3.8414870e+01  3.8380854e+01  2.3540640e+00
2.9094444e+00    600292  3.5122148e+01  3.5090590e+01  2.0343661e+00
3.0813867e+00    712930  3.1845480e+01  3.1817264e+01  1.7575744e+00
3.2634403e+00    846715  2.8903830e+01  2.8878104e+01  1.5179230e+00
3.4562097e+00   1005596  2.6080019e+01  2.6057068e+01  1.3105784e+00
3.6603648e+00   1194719  2.3515255e+01  2.3494405e+01  1.1311871e+00
3.8766358e+00   1419743  2.1207083e+01  2.1188012e+01  9.7592517e-01
4.1057220e+00   1686576  1.9112626e+01  1.9095460e+01  8.4175689e-01
4.3483372e+00   2003484  1.7171585e+01  1.7156100e+01  7.2576564e-01
4.6052142e+00   2378778  1.5446077e+01  1.5432065e+01  6.2558773e-01
4.8773359e+00   2828400  1.3790589e+01  1.3778002e+01  5.3905482e-01
5.1655179e+00   3356890  1.2333737e+01  1.2322473e+01  4.6436998e-01
5.4707002e+00   3990317  1.1024116e+01  1.1014050e+01  3.9993498e-01
5.7939476e+00   4738457  9.8390920e+00  9.8299401e+00  3.4431362e-01
6.1362572e+00   5629661  8.7845487e+00  8.7765569e+00  2.9636664e-01
6.4988210e+00   6687903  7.8212753e+00  7.8139679e+00  2.5500450e-01
6.8828355e+00   7945758  6.9631733e+00  6.9567164e+00  2.1936567e-01
7.2895050e+00   9436555  6.1898759e+00  6.1841428e+00  1.8865305e-01
7.7201584e+00  11210320  5.5025577e+00  5.4973222e+00  1.6220740e-01
8.1762927e+00  13318613  4.8861930e+00  4.8815622e+00  1.3942496e-01
8.6593661e+00  15819192  4.3318512e+00  4.3278029e+00  1.1982395e-01
9.1709925e+00  18795348  3.8382436e+00  3.8345758e+00  1.0293931e-01
9.7128705e+00  22326034  3.3988451e+00  3.3956012e+00  8.8420470e-02
1.0286736e+01  26520842  3.0083342e+00  3.0053887e+00  7.5927611e-02
1.0894484e+01  31503438  2.6621863e+00  2.6596433e+00  6.5209631e-02
1.1538156e+01  37426927  2.3529237e+00  2.3506684e+00  5.5991007e-02
1.2220385e+01  44525830  2.0805977e+00  2.0785916e+00  4.8058767e-02
