# Power spectrum from CO𝘕CEPT job 4547576 at t = 10.261428 Gyr, a = 0.76923077
#
# Components:
#   0: matter  (upstream grid size 1024)
#
#                           grid size 1024
# ╭────────────────────────────────────────────────────────────────╮
#                         component 0    (corrected)      (linear)
#                        σ₈ = 6.72e-01  σ₈ = 6.70e-01  σ₈ = 6.24e-01
#  k [Mpc⁻¹]    modes       P [Mpc³]       P [Mpc³]       P [Mpc³]
2.4543693e-02         3  3.4968175e+04  3.4968175e+04  3.5794995e+04
4.6570361e-02        25  1.8516126e+04  1.8759706e+04  1.9086400e+04
8.3521561e-02       124  8.4900725e+03  8.2608882e+03  8.0995304e+03
1.3383638e-01       418  4.1339645e+03  4.0720466e+03  3.5694739e+03
1.8592088e-01       730  2.4005460e+03  2.4568337e+03  2.0268712e+03
2.3260504e-01      1012  1.7813779e+03  1.7695995e+03  1.2149298e+03
2.7635505e-01      1408  1.4428336e+03  1.4446368e+03  8.7807837e+02
3.1919121e-01      1841  1.2357141e+03  1.2285589e+03  6.2956281e+02
3.6464415e-01      2698  9.9414164e+02  9.8763644e+02  4.7575673e+02
4.1290034e-01      3532  8.8260135e+02  8.8988817e+02  3.7098459e+02
4.6319578e-01      4702  7.6911525e+02  7.5448360e+02  2.7260345e+02
5.1570195e-01      6019  6.9403305e+02  7.0181035e+02  2.2671222e+02
5.7047444e-01      7766  6.2662623e+02  6.2597763e+02  1.7542028e+02
6.2844883e-01     10012  5.5814195e+02  5.4932225e+02  1.3749561e+02
6.8955465e-01     12589  5.0738041e+02  5.0888033e+02  1.1428503e+02
7.5323141e-01     15650  4.6853021e+02  4.7252506e+02  9.3517441e+01
8.2032763e-01     19757  4.3273232e+02  4.3136759e+02  7.5192569e+01
8.9088605e-01     24241  3.9621590e+02  3.9219928e+02  6.1326879e+01
9.6481958e-01     29993  3.5887869e+02  3.5595571e+02  5.0879073e+01
1.0423453e+00     36494  3.3229928e+02  3.3047360e+02  4.2404694e+01
1.1237267e+00     44825  3.0171766e+02  3.0042578e+02  3.5428413e+01
1.2089588e+00     53906  2.7783493e+02  2.7706752e+02  2.9713621e+01
1.2983336e+00     65729  2.5693209e+02  2.5620581e+02  2.4982142e+01
1.3921058e+00     78746  2.3522919e+02  2.3448651e+02  2.1056186e+01
1.4900211e+00     94374  2.1406814e+02  2.1340390e+02  1.7820907e+01
1.5921784e+00    112166  1.9480732e+02  1.9464435e+02  1.5166386e+01
1.6991083e+00    134373  1.7707238e+02  1.7709486e+02  1.2921149e+01
1.8110248e+00    159077  1.6194034e+02  1.6172358e+02  1.1015150e+01
1.9277595e+00    188172  1.4762686e+02  1.4744437e+02  9.4281960e+00
2.0497441e+00    222492  1.3422895e+02  1.3417187e+02  8.0931856e+00
2.1771282e+00    261771  1.2157948e+02  1.2147425e+02  6.9552505e+00
2.3098450e+00    306759  1.1066078e+02  1.1057527e+02  5.9940762e+00
2.4484375e+00    360898  1.0014117e+02  1.0005641e+02  5.1746586e+00
2.5937215e+00    425046  9.0704303e+01  9.0628633e+01  4.4728684e+00
2.7470320e+00    505555  8.2149005e+01  8.2076263e+01  3.8667462e+00
2.9094444e+00    600292  7.4328150e+01  7.4261364e+01  3.3416145e+00
3.0813867e+00    712930  6.6930611e+01  6.6871309e+01  2.8869599e+00
3.2634403e+00    846715  6.0441115e+01  6.0387319e+01  2.4933114e+00
3.4562097e+00   1005596  5.4395194e+01  5.4347324e+01  2.1527299e+00
3.6603648e+00   1194719  4.8901289e+01  4.8857930e+01  1.8580641e+00
3.8766358e+00   1419743  4.3905236e+01  4.3865753e+01  1.6030329e+00
4.1057220e+00   1686576  3.9379530e+01  3.9344161e+01  1.3826500e+00
4.3483372e+00   2003484  3.5198694e+01  3.5166952e+01  1.1921244e+00
4.6052142e+00   2378778  3.1379051e+01  3.1350585e+01  1.0275736e+00
4.8773359e+00   2828400  2.8106355e+01  2.8080702e+01  8.8543590e-01
5.1655179e+00   3356890  2.5090620e+01  2.5067707e+01  7.6275973e-01
5.4707002e+00   3990317  2.2405021e+01  2.2384564e+01  6.5691982e-01
5.7939476e+00   4738457  2.0021141e+01  2.0002518e+01  5.6555710e-01
6.1362572e+00   5629661  1.7818291e+01  1.7802081e+01  4.8680022e-01
6.4988210e+00   6687903  1.5874901e+01  1.5860069e+01  4.1885951e-01
6.8828355e+00   7945758  1.4105638e+01  1.4092558e+01  3.6031985e-01
7.2895050e+00   9436555  1.2541760e+01  1.2530143e+01  3.0987192e-01
7.7201584e+00  11210320  1.1140458e+01  1.1129858e+01  2.6643285e-01
8.1762927e+00  13318613  9.8720803e+00  9.8627243e+00  2.2901093e-01
8.6593661e+00  15819192  8.7491218e+00  8.7409455e+00  1.9681477e-01
9.1709925e+00  18795348  7.7471489e+00  7.7397457e+00  1.6908050e-01
9.7128705e+00  22326034  6.8578240e+00  6.8512790e+00  1.4523225e-01
1.0286736e+01  26520842  6.0594055e+00  6.0534726e+00  1.2471185e-01
1.0894484e+01  31503438  5.3509043e+00  5.3457929e+00  1.0710683e-01
1.1538156e+01  37426927  4.7200588e+00  4.7155345e+00  9.1964635e-02
1.2220385e+01  44525830  4.1601981e+00  4.1561867e+00  7.8935437e-02
