# Power spectrum from CO𝘕CEPT job 4547576 at t = 2.8500013 Gyr, a = 0.3030303
#
# Components:
#   0: matter  (upstream grid size 1024)
#
#                           grid size 1024
# ╭────────────────────────────────────────────────────────────────╮
#                         component 0    (corrected)      (linear)
#                        σ₈ = 2.85e-01  σ₈ = 2.84e-01  σ₈ = 2.80e-01
#  k [Mpc⁻¹]    modes       P [Mpc³]       P [Mpc³]       P [Mpc³]
2.4543693e-02         3  7.1296584e+03  7.1296584e+03  7.1846403e+03
4.6570361e-02        25  3.7707788e+03  3.8203835e+03  3.8324838e+03
8.3521561e-02       124  1.6486807e+03  1.6041756e+03  1.6266069e+03
1.3383638e-01       418  7.5911849e+02  7.4774855e+02  7.1688316e+02
1.8592088e-01       730  4.0752453e+02  4.1708012e+02  4.0707768e+02
2.3260504e-01      1012  2.7820244e+02  2.7636296e+02  2.4400858e+02
2.7635505e-01      1408  2.0667198e+02  2.0693026e+02  1.7635536e+02
3.1919121e-01      1841  1.5483435e+02  1.5393781e+02  1.2644316e+02
3.6464415e-01      2698  1.2119196e+02  1.2039894e+02  9.5552456e+01
4.1290034e-01      3532  9.5781883e+01  9.6572665e+01  7.4509777e+01
4.6319578e-01      4702  7.6778308e+01  7.5317677e+01  5.4750626e+01
5.1570195e-01      6019  6.4802750e+01  6.5528926e+01  4.5533701e+01
5.7047444e-01      7766  5.3612139e+01  5.3556647e+01  3.5232062e+01
6.2844883e-01     10012  4.6449606e+01  4.5715613e+01  2.7615142e+01
6.8955465e-01     12589  3.9367209e+01  3.9483586e+01  2.2953450e+01
7.5323141e-01     15650  3.4009723e+01  3.4299701e+01  1.8782414e+01
8.2032763e-01     19757  2.9263483e+01  2.9171193e+01  1.5101979e+01
8.9088605e-01     24241  2.5899451e+01  2.5636897e+01  1.2317142e+01
9.6481958e-01     29993  2.2733497e+01  2.2548338e+01  1.0218766e+01
1.0423453e+00     36494  2.0064810e+01  1.9954572e+01  8.5167393e+00
1.1237267e+00     44825  1.8043871e+01  1.7966611e+01  7.1155960e+00
1.2089588e+00     53906  1.6173781e+01  1.6129107e+01  5.9678150e+00
1.2983336e+00     65729  1.4560202e+01  1.4519044e+01  5.0175259e+00
1.3921058e+00     78746  1.3173888e+01  1.3132294e+01  4.2290213e+00
1.4900211e+00     94374  1.1897627e+01  1.1860709e+01  3.5792348e+00
1.5921784e+00    112166  1.0861429e+01  1.0852343e+01  3.0460902e+00
1.6991083e+00    134373  9.9016908e+00  9.9029478e+00  2.5951477e+00
1.8110248e+00    159077  9.0929589e+00  9.0807879e+00  2.2123389e+00
1.9277595e+00    188172  8.3500269e+00  8.3397049e+00  1.8936084e+00
2.0497441e+00    222492  7.7388491e+00  7.7355580e+00  1.6254793e+00
2.1771282e+00    261771  7.1315021e+00  7.1253293e+00  1.3969315e+00
2.3098450e+00    306759  6.5908896e+00  6.5857969e+00  1.2038852e+00
2.4484375e+00    360898  6.1097267e+00  6.1045553e+00  1.0393098e+00
2.5937215e+00    425046  5.6817129e+00  5.6769729e+00  8.9835912e-01
2.7470320e+00    505555  5.2757863e+00  5.2711147e+00  7.7662283e-01
2.9094444e+00    600292  4.9022352e+00  4.8978304e+00  6.7115297e-01
3.0813867e+00    712930  4.5374884e+00  4.5334681e+00  5.7983804e-01
3.2634403e+00    846715  4.2097522e+00  4.2060053e+00  5.0077582e-01
3.4562097e+00   1005596  3.8970241e+00  3.8935946e+00  4.3237178e-01
3.6603648e+00   1194719  3.6043669e+00  3.6011710e+00  3.7318964e-01
3.8766358e+00   1419743  3.3325194e+00  3.3295226e+00  3.2196789e-01
4.1057220e+00   1686576  3.0691556e+00  3.0663990e+00  2.7770502e-01
4.3483372e+00   2003484  2.8311223e+00  2.8285692e+00  2.3943884e-01
4.6052142e+00   2378778  2.6083861e+00  2.6060199e+00  2.0638954e-01
4.8773359e+00   2828400  2.3961901e+00  2.3940031e+00  1.7784179e-01
5.1655179e+00   3356890  2.2015445e+00  2.1995340e+00  1.5320277e-01
5.4707002e+00   3990317  2.0113855e+00  2.0095490e+00  1.3194523e-01
5.7939476e+00   4738457  1.8435554e+00  1.8418406e+00  1.1359534e-01
6.1362572e+00   5629661  1.6855842e+00  1.6840507e+00  9.7777262e-02
6.4988210e+00   6687903  1.5410459e+00  1.5396061e+00  8.4131558e-02
6.8828355e+00   7945758  1.4066113e+00  1.4053070e+00  7.2374004e-02
7.2895050e+00   9436555  1.2831022e+00  1.2819137e+00  6.2241630e-02
7.7201584e+00  11210320  1.1704607e+00  1.1693471e+00  5.3516951e-02
8.1762927e+00  13318613  1.0672165e+00  1.0662051e+00  4.6000784e-02
8.6593661e+00  15819192  9.7200560e-01  9.7109724e-01  3.9534187e-02
9.1709925e+00  18795348  8.8361909e-01  8.8277470e-01  3.3963738e-02
9.7128705e+00  22326034  8.0264784e-01  8.0188180e-01  2.9173779e-02
1.0286736e+01  26520842  7.2838355e-01  7.2767037e-01  2.5052205e-02
1.0894484e+01  31503438  6.6133407e-01  6.6070235e-01  2.1516176e-02
1.1538156e+01  37426927  6.0012345e-01  5.9954822e-01  1.8474794e-02
1.2220385e+01  44525830  5.4460487e-01  5.4407974e-01  1.5857797e-02
