# Power spectrum from CO𝘕CEPT job 4547576 at t = 7.9066408 Gyr, a = 0.625
#
# Components:
#   0: matter  (upstream grid size 1024)
#
#                           grid size 1024
# ╭────────────────────────────────────────────────────────────────╮
#                         component 0    (corrected)      (linear)
#                        σ₈ = 5.67e-01  σ₈ = 5.65e-01  σ₈ = 5.36e-01
#  k [Mpc⁻¹]    modes       P [Mpc³]       P [Mpc³]       P [Mpc³]
2.4543693e-02         3  2.5890090e+04  2.5890090e+04  2.6379856e+04
4.6570361e-02        25  1.3713672e+04  1.3894076e+04  1.4067410e+04
8.3521561e-02       124  6.1646531e+03  5.9982420e+03  5.9698900e+03
1.3383638e-01       418  2.9629594e+03  2.9185807e+03  2.6309717e+03
1.8592088e-01       730  1.6828758e+03  1.7223356e+03  1.4939633e+03
2.3260504e-01      1012  1.2292968e+03  1.2211687e+03  8.9550020e+02
2.7635505e-01      1408  9.7239170e+02  9.7360694e+02  6.4721439e+02
3.1919121e-01      1841  8.0539220e+02  8.0072874e+02  4.6403868e+02
3.6464415e-01      2698  6.4187026e+02  6.3767017e+02  3.5067131e+02
4.1290034e-01      3532  5.6390193e+02  5.6855754e+02  2.7344582e+02
4.6319578e-01      4702  4.8529154e+02  4.7605936e+02  2.0093095e+02
5.1570195e-01      6019  4.2564198e+02  4.3041169e+02  1.6710540e+02
5.7047444e-01      7766  3.7210569e+02  3.7172054e+02  1.2929908e+02
6.2844883e-01     10012  3.2886098e+02  3.2366435e+02  1.0134551e+02
6.8955465e-01     12589  3.0004535e+02  3.0093234e+02  8.4237418e+01
7.5323141e-01     15650  2.7495966e+02  2.7730406e+02  6.8930014e+01
8.2032763e-01     19757  2.4450810e+02  2.4373698e+02  5.5423086e+01
8.9088605e-01     24241  2.2430704e+02  2.2203314e+02  4.5202939e+01
9.6481958e-01     29993  2.0657839e+02  2.0489586e+02  3.7502052e+01
1.0423453e+00     36494  1.8691328e+02  1.8588636e+02  3.1255742e+01
1.1237267e+00     44825  1.7287818e+02  1.7213796e+02  2.6113651e+01
1.2089588e+00     53906  1.6059518e+02  1.6015160e+02  2.1901382e+01
1.2983336e+00     65729  1.4742794e+02  1.4701120e+02  1.8413894e+01
1.3921058e+00     78746  1.3573127e+02  1.3530272e+02  1.5520143e+01
1.4900211e+00     94374  1.2446000e+02  1.2407381e+02  1.3135477e+01
1.5921784e+00    112166  1.1491942e+02  1.1482328e+02  1.1178878e+01
1.6991083e+00    134373  1.0573090e+02  1.0574432e+02  9.5239537e+00
1.8110248e+00    159077  9.7146298e+01  9.7016267e+01  8.1190758e+00
1.9277595e+00    188172  8.8691850e+01  8.8582212e+01  6.9493603e+00
2.0497441e+00    222492  8.1340167e+01  8.1305575e+01  5.9653480e+00
2.1771282e+00    261771  7.4518703e+01  7.4454202e+01  5.1265964e+00
2.3098450e+00    306759  6.8190895e+01  6.8138205e+01  4.4181319e+00
2.4484375e+00    360898  6.1894685e+01  6.1842297e+01  3.8141538e+00
2.5937215e+00    425046  5.6303602e+01  5.6256630e+01  3.2968767e+00
2.7470320e+00    505555  5.1009746e+01  5.0964578e+01  2.8501149e+00
2.9094444e+00    600292  4.6367477e+01  4.6325814e+01  2.4630495e+00
3.0813867e+00    712930  4.1946660e+01  4.1909494e+01  2.1279316e+00
3.2634403e+00    846715  3.7795667e+01  3.7762027e+01  1.8377803e+00
3.4562097e+00   1005596  3.4095552e+01  3.4065546e+01  1.5867436e+00
3.6603648e+00   1194719  3.0730329e+01  3.0703081e+01  1.3695506e+00
3.8766358e+00   1419743  2.7613496e+01  2.7588664e+01  1.1815715e+00
4.1057220e+00   1686576  2.4769121e+01  2.4746875e+01  1.0191310e+00
4.3483372e+00   2003484  2.2189654e+01  2.2169643e+01  8.7869790e-01
4.6052142e+00   2378778  1.9906366e+01  1.9888308e+01  7.5741033e-01
4.8773359e+00   2828400  1.7816850e+01  1.7800589e+01  6.5264306e-01
5.1655179e+00   3356890  1.5959022e+01  1.5944448e+01  5.6222053e-01
5.4707002e+00   3990317  1.4269822e+01  1.4256793e+01  4.8420770e-01
5.7939476e+00   4738457  1.2724790e+01  1.2712954e+01  4.1686575e-01
6.1362572e+00   5629661  1.1354816e+01  1.1344486e+01  3.5881534e-01
6.4988210e+00   6687903  1.0100013e+01  1.0090576e+01  3.0873734e-01
6.8828355e+00   7945758  8.9821048e+00  8.9737757e+00  2.6558868e-01
7.2895050e+00   9436555  7.9910580e+00  7.9836567e+00  2.2840430e-01
7.7201584e+00  11210320  7.1029860e+00  7.0962278e+00  1.9638603e-01
8.1762927e+00  13318613  6.3055140e+00  6.2995381e+00  1.6880288e-01
8.6593661e+00  15819192  5.5971126e+00  5.5918820e+00  1.4507157e-01
9.1709925e+00  18795348  4.9676464e+00  4.9628993e+00  1.2462903e-01
9.7128705e+00  22326034  4.4017456e+00  4.3975446e+00  1.0705081e-01
1.0286736e+01  26520842  3.8953821e+00  3.8915681e+00  9.1925487e-02
1.0894484e+01  31503438  3.4403990e+00  3.4371126e+00  7.8949050e-02
1.1538156e+01  37426927  3.0387503e+00  3.0358376e+00  6.7787916e-02
1.2220385e+01  44525830  2.6804219e+00  2.6778373e+00  5.8184236e-02
