# Power spectrum from CO𝘕CEPT job 4547576 at t = 8.5932488 Gyr, a = 0.66666667
#
# Components:
#   0: matter  (upstream grid size 1024)
#
#                           grid size 1024
# ╭────────────────────────────────────────────────────────────────╮
#                         component 0    (corrected)      (linear)
#                        σ₈ = 5.99e-01  σ₈ = 5.97e-01  σ₈ = 5.63e-01
#  k [Mpc⁻¹]    modes       P [Mpc³]       P [Mpc³]       P [Mpc³]
2.4543693e-02         3  2.8561449e+04  2.8561449e+04  2.9142115e+04
4.6570361e-02        25  1.5127936e+04  1.5326944e+04  1.5539969e+04
8.3521561e-02       124  6.8385309e+03  6.6539289e+03  6.5947329e+03
1.3383638e-01       418  3.2998605e+03  3.2504357e+03  2.9063330e+03
1.8592088e-01       730  1.8872098e+03  1.9314608e+03  1.6503215e+03
2.3260504e-01      1012  1.3860373e+03  1.3768729e+03  9.8922274e+02
2.7635505e-01      1408  1.1052720e+03  1.1066533e+03  7.1495129e+02
3.1919121e-01      1841  9.2492761e+02  9.1957200e+02  5.1260449e+02
3.6464415e-01      2698  7.3891367e+02  7.3407856e+02  3.8737215e+02
4.1290034e-01      3532  6.5221538e+02  6.5760011e+02  3.0206431e+02
4.6319578e-01      4702  5.6533581e+02  5.5458086e+02  2.2196012e+02
5.1570195e-01      6019  5.0078856e+02  5.0640037e+02  1.8459442e+02
5.7047444e-01      7766  4.4242700e+02  4.4196906e+02  1.4283133e+02
6.2844883e-01     10012  3.9126064e+02  3.8507798e+02  1.1195218e+02
6.8955465e-01     12589  3.5634916e+02  3.5740259e+02  9.3053578e+01
7.5323141e-01     15650  3.2914220e+02  3.3194857e+02  7.6144123e+01
8.2032763e-01     19757  2.9600677e+02  2.9507324e+02  6.1223580e+01
8.9088605e-01     24241  2.6900081e+02  2.6627383e+02  4.9933807e+01
9.6481958e-01     29993  2.4867209e+02  2.4664672e+02  4.1426957e+01
1.0423453e+00     36494  2.2540032e+02  2.2416196e+02  3.4526916e+01
1.1237267e+00     44825  2.0689818e+02  2.0601229e+02  2.8846663e+01
1.2089588e+00     53906  1.9328466e+02  1.9275078e+02  2.4193544e+01
1.2983336e+00     65729  1.7666999e+02  1.7617059e+02  2.0341060e+01
1.3921058e+00     78746  1.6196886e+02  1.6145748e+02  1.7144454e+01
1.4900211e+00     94374  1.4810112e+02  1.4764157e+02  1.4510212e+01
1.5921784e+00    112166  1.3563228e+02  1.3551882e+02  1.2348839e+01
1.6991083e+00    134373  1.2448573e+02  1.2450153e+02  1.0520713e+01
1.8110248e+00    159077  1.1381996e+02  1.1366761e+02  8.9688028e+00
1.9277595e+00    188172  1.0370387e+02  1.0357567e+02  7.6766669e+00
2.0497441e+00    222492  9.4175733e+01  9.4135682e+01  6.5896694e+00
2.1771282e+00    261771  8.6097517e+01  8.6022994e+01  5.6631354e+00
2.3098450e+00    306759  7.8849112e+01  7.8788186e+01  4.8805243e+00
2.4484375e+00    360898  7.1620835e+01  7.1560214e+01  4.2133349e+00
2.5937215e+00    425046  6.5309071e+01  6.5254586e+01  3.6419204e+00
2.7470320e+00    505555  5.9024120e+01  5.8971855e+01  3.1484012e+00
2.9094444e+00    600292  5.3489374e+01  5.3441311e+01  2.7208263e+00
3.0813867e+00    712930  4.8430515e+01  4.8387605e+01  2.3506356e+00
3.2634403e+00    846715  4.3666599e+01  4.3627733e+01  2.0301175e+00
3.4562097e+00   1005596  3.9497365e+01  3.9462606e+01  1.7528078e+00
3.6603648e+00   1194719  3.5418321e+01  3.5386917e+01  1.5128837e+00
3.8766358e+00   1419743  3.1861432e+01  3.1832780e+01  1.3052312e+00
4.1057220e+00   1686576  2.8552094e+01  2.8526449e+01  1.1257899e+00
4.3483372e+00   2003484  2.5610874e+01  2.5587777e+01  9.7065935e-01
4.6052142e+00   2378778  2.2978462e+01  2.2957618e+01  8.3667807e-01
4.8773359e+00   2828400  2.0555349e+01  2.0536588e+01  7.2094608e-01
5.1655179e+00   3356890  1.8336142e+01  1.8319397e+01  6.2106012e-01
5.4707002e+00   3990317  1.6365738e+01  1.6350795e+01  5.3488264e-01
5.7939476e+00   4738457  1.4599394e+01  1.4585815e+01  4.6049284e-01
6.1362572e+00   5629661  1.3019732e+01  1.3007887e+01  3.9636701e-01
6.4988210e+00   6687903  1.1598444e+01  1.1587608e+01  3.4104798e-01
6.8828355e+00   7945758  1.0317813e+01  1.0308246e+01  2.9338350e-01
7.2895050e+00   9436555  9.1844631e+00  9.1759565e+00  2.5230750e-01
7.7201584e+00  11210320  8.1660179e+00  8.1582483e+00  2.1693829e-01
8.1762927e+00  13318613  7.2464302e+00  7.2395626e+00  1.8646838e-01
8.6593661e+00  15819192  6.4174879e+00  6.4114906e+00  1.6025342e-01
9.1709925e+00  18795348  5.6852490e+00  5.6798162e+00  1.3767144e-01
9.7128705e+00  22326034  5.0334453e+00  5.0286414e+00  1.1825355e-01
1.0286736e+01  26520842  4.4518862e+00  4.4475273e+00  1.0154528e-01
1.0894484e+01  31503438  3.9337657e+00  3.9300081e+00  8.7210785e-02
1.1538156e+01  37426927  3.4717460e+00  3.4684182e+00  7.4881579e-02
1.2220385e+01  44525830  3.0636772e+00  3.0607231e+00  6.4272828e-02
