# Power spectrum from CO𝘕CEPT job 4547576 at t = 2.7273796 Gyr, a = 0.29411765
#
# Components:
#   0: matter  (upstream grid size 1024)
#
#                           grid size 1024
# ╭────────────────────────────────────────────────────────────────╮
#                         component 0    (corrected)      (linear)
#                        σ₈ = 2.77e-01  σ₈ = 2.76e-01  σ₈ = 2.72e-01
#  k [Mpc⁻¹]    modes       P [Mpc³]       P [Mpc³]       P [Mpc³]
2.4543693e-02         3  6.7319148e+03  6.7319148e+03  6.7819083e+03
4.6570361e-02        25  3.5600902e+03  3.6069232e+03  3.6176946e+03
8.3521561e-02       124  1.5562251e+03  1.5142158e+03  1.5354505e+03
1.3383638e-01       418  7.1539153e+02  7.0467652e+02  6.7670920e+02
1.8592088e-01       730  3.8366412e+02  3.9266022e+02  3.8426529e+02
2.3260504e-01      1012  2.6121128e+02  2.5948415e+02  2.3033452e+02
2.7635505e-01      1408  1.9377576e+02  1.9401793e+02  1.6647254e+02
3.1919121e-01      1841  1.4470217e+02  1.4386430e+02  1.1935739e+02
3.6464415e-01      2698  1.1316981e+02  1.1242928e+02  9.0197781e+01
4.1290034e-01      3532  8.9216598e+01  8.9953177e+01  7.0334316e+01
4.6319578e-01      4702  7.1311064e+01  6.9954442e+01  5.1682452e+01
5.1570195e-01      6019  6.0151678e+01  6.0825734e+01  4.2982035e+01
5.7047444e-01      7766  4.9649985e+01  4.9598594e+01  3.3257691e+01
6.2844883e-01     10012  4.2914328e+01  4.2236200e+01  2.6067617e+01
6.8955465e-01     12589  3.6239680e+01  3.6346812e+01  2.1667161e+01
7.5323141e-01     15650  3.1243837e+01  3.1510233e+01  1.7729866e+01
8.2032763e-01     19757  2.6858685e+01  2.6773979e+01  1.4255680e+01
8.9088605e-01     24241  2.3694256e+01  2.3454056e+01  1.1626902e+01
9.6481958e-01     29993  2.0766416e+01  2.0597278e+01  9.6461167e+00
1.0423453e+00     36494  1.8273560e+01  1.8173163e+01  8.0394700e+00
1.1237267e+00     44825  1.6388586e+01  1.6318414e+01  6.7168455e+00
1.2089588e+00     53906  1.4659457e+01  1.4618966e+01  5.6333850e+00
1.2983336e+00     65729  1.3167828e+01  1.3130606e+01  4.7363492e+00
1.3921058e+00     78746  1.1887778e+01  1.1850245e+01  3.9920316e+00
1.4900211e+00     94374  1.0719276e+01  1.0686016e+01  3.3786585e+00
1.5921784e+00    112166  9.7655464e+00  9.7573768e+00  2.8753908e+00
1.6991083e+00    134373  8.8844569e+00  8.8855848e+00  2.4497186e+00
1.8110248e+00    159077  8.1457068e+00  8.1348037e+00  2.0883620e+00
1.9277595e+00    188172  7.4722535e+00  7.4630165e+00  1.7874929e+00
2.0497441e+00    222492  6.9119575e+00  6.9090180e+00  1.5343895e+00
2.1771282e+00    261771  6.3578157e+00  6.3523126e+00  1.3186493e+00
2.3098450e+00    306759  5.8704121e+00  5.8658761e+00  1.1364211e+00
2.4484375e+00    360898  5.4406098e+00  5.4360048e+00  9.8106828e-01
2.5937215e+00    425046  5.0555602e+00  5.0513426e+00  8.4801636e-01
2.7470320e+00    505555  4.6900649e+00  4.6859119e+00  7.3310205e-01
2.9094444e+00    600292  4.3507878e+00  4.3468785e+00  6.3354260e-01
3.0813867e+00    712930  4.0232290e+00  4.0196643e+00  5.4734486e-01
3.2634403e+00    846715  3.7335029e+00  3.7301799e+00  4.7271319e-01
3.4562097e+00   1005596  3.4550711e+00  3.4520305e+00  4.0814244e-01
3.6603648e+00   1194719  3.1978458e+00  3.1950104e+00  3.5227680e-01
3.8766358e+00   1419743  2.9603047e+00  2.9576426e+00  3.0392546e-01
4.1057220e+00   1686576  2.7283784e+00  2.7259279e+00  2.6214303e-01
4.3483372e+00   2003484  2.5216732e+00  2.5193991e+00  2.2602123e-01
4.6052142e+00   2378778  2.3257429e+00  2.3236332e+00  1.9482397e-01
4.8773359e+00   2828400  2.1392764e+00  2.1373239e+00  1.6787600e-01
5.1655179e+00   3356890  1.9683933e+00  1.9665957e+00  1.4461772e-01
5.4707002e+00   3990317  1.8019068e+00  1.8002615e+00  1.2455141e-01
5.7939476e+00   4738457  1.6544467e+00  1.6529078e+00  1.0722983e-01
6.1362572e+00   5629661  1.5150100e+00  1.5136317e+00  9.2298173e-02
6.4988210e+00   6687903  1.3870453e+00  1.3857494e+00  7.9417152e-02
6.8828355e+00   7945758  1.2698577e+00  1.2686801e+00  6.8318471e-02
7.2895050e+00   9436555  1.1631038e+00  1.1620265e+00  5.8753897e-02
7.7201584e+00  11210320  1.0632343e+00  1.0622227e+00  5.0518132e-02
8.1762927e+00  13318613  9.7271169e-01  9.7178982e-01  4.3423156e-02
8.6593661e+00  15819192  8.8892395e-01  8.8809323e-01  3.7318934e-02
9.1709925e+00  18795348  8.1114663e-01  8.1037149e-01  3.2060639e-02
9.7128705e+00  22326034  7.3950538e-01  7.3879960e-01  2.7539098e-02
1.0286736e+01  26520842  6.7425453e-01  6.7359436e-01  2.3648486e-02
1.0894484e+01  31503438  6.1475965e-01  6.1417242e-01  2.0310606e-02
1.1538156e+01  37426927  5.5934162e-01  5.5880547e-01  1.7439654e-02
1.2220385e+01  44525830  5.0922041e-01  5.0872940e-01  1.4969304e-02
