# Power spectrum from CO𝘕CEPT job 4547576 at t = 4.810522 Gyr, a = 0.43478261
#
# Components:
#   0: matter  (upstream grid size 1024)
#
#                           grid size 1024
# ╭────────────────────────────────────────────────────────────────╮
#                         component 0    (corrected)      (linear)
#                        σ₈ = 4.06e-01  σ₈ = 4.05e-01  σ₈ = 3.93e-01
#  k [Mpc⁻¹]    modes       P [Mpc³]       P [Mpc³]       P [Mpc³]
2.4543693e-02         3  1.4008680e+04  1.4008680e+04  1.4179621e+04
4.6570361e-02        25  7.4168435e+03  7.5144121e+03  7.5627040e+03
8.3521561e-02       124  3.2656313e+03  3.1774776e+03  3.2096425e+03
1.3383638e-01       418  1.5355469e+03  1.5125478e+03  1.4145404e+03
1.8592088e-01       730  8.4182422e+02  8.6156320e+02  8.0323386e+02
2.3260504e-01      1012  5.9450913e+02  5.9057823e+02  4.8146964e+02
2.7635505e-01      1408  4.5191181e+02  4.5247659e+02  3.4797817e+02
3.1919121e-01      1841  3.5471416e+02  3.5266026e+02  2.4949301e+02
3.6464415e-01      2698  2.7999603e+02  2.7816387e+02  1.8854052e+02
4.1290034e-01      3532  2.3251410e+02  2.3443375e+02  1.4701984e+02
4.6319578e-01      4702  1.9207108e+02  1.8841711e+02  1.0803181e+02
5.1570195e-01      6019  1.6315247e+02  1.6498075e+02  8.9845311e+01
5.7047444e-01      7766  1.3882418e+02  1.3868048e+02  6.9518508e+01
6.2844883e-01     10012  1.2372574e+02  1.2177064e+02  5.4489096e+01
6.8955465e-01     12589  1.0901331e+02  1.0933558e+02  4.5290823e+01
7.5323141e-01     15650  9.7399679e+01  9.8230141e+01  3.7060698e+01
8.2032763e-01     19757  8.5163988e+01  8.4895401e+01  2.9798609e+01
8.9088605e-01     24241  7.7974943e+01  7.7184475e+01  2.4303679e+01
9.6481958e-01     29993  6.9451035e+01  6.8885374e+01  2.0163246e+01
1.0423453e+00     36494  6.3641487e+01  6.3291836e+01  1.6804875e+01
1.1237267e+00     44825  5.7866753e+01  5.7618982e+01  1.4040195e+01
1.2089588e+00     53906  5.3596566e+01  5.3448525e+01  1.1775439e+01
1.2983336e+00     65729  4.9142119e+01  4.9003207e+01  9.9003673e+00
1.3921058e+00     78746  4.5341483e+01  4.5198327e+01  8.3445220e+00
1.4900211e+00     94374  4.1705575e+01  4.1576166e+01  7.0623896e+00
1.5921784e+00    112166  3.8788176e+01  3.8755726e+01  6.0104105e+00
1.6991083e+00    134373  3.5848189e+01  3.5852740e+01  5.1206290e+00
1.8110248e+00    159077  3.3163611e+01  3.3119221e+01  4.3652864e+00
1.9277595e+00    188172  3.0805527e+01  3.0767446e+01  3.7363806e+00
2.0497441e+00    222492  2.8492788e+01  2.8480670e+01  3.2073193e+00
2.1771282e+00    261771  2.6352847e+01  2.6330037e+01  2.7563584e+00
2.3098450e+00    306759  2.4444392e+01  2.4425504e+01  2.3754474e+00
2.4484375e+00    360898  2.2551985e+01  2.2532896e+01  2.0507141e+00
2.5937215e+00    425046  2.0873372e+01  2.0855958e+01  1.7725963e+00
2.7470320e+00    505555  1.9270149e+01  1.9253086e+01  1.5323914e+00
2.9094444e+00    600292  1.7720942e+01  1.7705019e+01  1.3242828e+00
3.0813867e+00    712930  1.6301338e+01  1.6286895e+01  1.1441042e+00
3.2634403e+00    846715  1.4916388e+01  1.4903112e+01  9.8810207e-01
3.4562097e+00   1005596  1.3644489e+01  1.3632481e+01  8.5313026e-01
3.6603648e+00   1194719  1.2438723e+01  1.2427694e+01  7.3635471e-01
3.8766358e+00   1419743  1.1261904e+01  1.1251776e+01  6.3528627e-01
4.1057220e+00   1686576  1.0255205e+01  1.0245994e+01  5.4794881e-01
4.3483372e+00   2003484  9.2797457e+00  9.2713771e+00  4.7244377e-01
4.6052142e+00   2378778  8.3744284e+00  8.3668316e+00  4.0723247e-01
4.8773359e+00   2828400  7.5627929e+00  7.5558904e+00  3.5090344e-01
5.1655179e+00   3356890  6.7977931e+00  6.7915853e+00  3.0228695e-01
5.4707002e+00   3990317  6.1093811e+00  6.1038029e+00  2.6034264e-01
5.7939476e+00   4738457  5.4775377e+00  5.4724428e+00  2.2413559e-01
6.1362572e+00   5629661  4.9109552e+00  4.9064874e+00  1.9292422e-01
6.4988210e+00   6687903  4.3948627e+00  4.3907566e+00  1.6599927e-01
6.8828355e+00   7945758  3.9295425e+00  3.9258986e+00  1.4279994e-01
7.2895050e+00   9436555  3.5061564e+00  3.5029090e+00  1.2280735e-01
7.7201584e+00  11210320  3.1314518e+00  3.1284724e+00  1.0559235e-01
8.1762927e+00  13318613  2.7885626e+00  2.7859198e+00  9.0761937e-02
8.6593661e+00  15819192  2.4845279e+00  2.4822060e+00  7.8002488e-02
9.1709925e+00  18795348  2.2104135e+00  2.2083012e+00  6.7011277e-02
9.7128705e+00  22326034  1.9631038e+00  1.9612302e+00  5.7560092e-02
1.0286736e+01  26520842  1.7446773e+00  1.7429691e+00  4.9427731e-02
1.0894484e+01  31503438  1.5503016e+00  1.5488207e+00  4.2450737e-02
1.1538156e+01  37426927  1.3771295e+00  1.3758095e+00  3.6449757e-02
1.2220385e+01  44525830  1.2241731e+00  1.2229927e+00  3.1286154e-02
