# Power spectrum from CO𝘕CEPT job 4547576 at t = 11.277794 Gyr, a = 0.83333333
#
# Components:
#   0: matter  (upstream grid size 1024)
#
#                           grid size 1024
# ╭────────────────────────────────────────────────────────────────╮
#                         component 0    (corrected)      (linear)
#                        σ₈ = 7.13e-01  σ₈ = 7.11e-01  σ₈ = 6.58e-01
#  k [Mpc⁻¹]    modes       P [Mpc³]       P [Mpc³]       P [Mpc³]
2.4543693e-02         3  3.8767945e+04  3.8767945e+04  3.9759396e+04
4.6570361e-02        25  2.0522878e+04  2.0792857e+04  2.1199561e+04
8.3521561e-02       124  9.4940007e+03  9.2377159e+03  8.9961470e+03
1.3383638e-01       418  4.6471741e+03  4.5775695e+03  3.9645949e+03
1.8592088e-01       730  2.7216473e+03  2.7854642e+03  2.2512310e+03
2.3260504e-01      1012  2.0289468e+03  2.0155314e+03  1.3494127e+03
2.7635505e-01      1408  1.6541385e+03  1.6562058e+03  9.7527424e+02
3.1919121e-01      1841  1.4344656e+03  1.4261596e+03  6.9924996e+02
3.6464415e-01      2698  1.1604068e+03  1.1528137e+03  5.2841880e+02
4.1290034e-01      3532  1.0330041e+03  1.0415327e+03  4.1204926e+02
4.6319578e-01      4702  8.9708514e+02  8.8001898e+02  3.0277818e+02
5.1570195e-01      6019  8.1334787e+02  8.2246219e+02  2.5180719e+02
5.7047444e-01      7766  7.4242767e+02  7.4165921e+02  1.9483769e+02
6.2844883e-01     10012  6.6244703e+02  6.5197911e+02  1.5271510e+02
6.8955465e-01     12589  6.0315152e+02  6.0493455e+02  1.2693532e+02
7.5323141e-01     15650  5.5598106e+02  5.6072154e+02  1.0386895e+02
8.2032763e-01     19757  5.1474262e+02  5.1311924e+02  8.3515686e+01
8.9088605e-01     24241  4.7673402e+02  4.7190115e+02  6.8115191e+01
9.6481958e-01     29993  4.2956913e+02  4.2607040e+02  5.6510910e+01
1.0423453e+00     36494  3.9801503e+02  3.9582831e+02  4.7098495e+01
1.1237267e+00     44825  3.6376331e+02  3.6220577e+02  3.9350004e+01
1.2089588e+00     53906  3.3455158e+02  3.3362751e+02  3.3002638e+01
1.2983336e+00     65729  3.0759225e+02  3.0672277e+02  2.7747428e+01
1.3921058e+00     78746  2.8275633e+02  2.8186359e+02  2.3386906e+01
1.4900211e+00     94374  2.5935730e+02  2.5855254e+02  1.9793511e+01
1.5921784e+00    112166  2.3615221e+02  2.3595465e+02  1.6845160e+01
1.6991083e+00    134373  2.1473201e+02  2.1475927e+02  1.4351396e+01
1.8110248e+00    159077  1.9453230e+02  1.9427191e+02  1.2234421e+01
1.9277595e+00    188172  1.7846065e+02  1.7824004e+02  1.0471806e+01
2.0497441e+00    222492  1.6197713e+02  1.6190824e+02  8.9890223e+00
2.1771282e+00    261771  1.4706776e+02  1.4694047e+02  7.7251285e+00
2.3098450e+00    306759  1.3328063e+02  1.3317765e+02  6.6575613e+00
2.4484375e+00    360898  1.2093081e+02  1.2082845e+02  5.7474419e+00
2.5937215e+00    425046  1.0910633e+02  1.0901530e+02  4.9679702e+00
2.7470320e+00    505555  9.8906188e+01  9.8818608e+01  4.2947561e+00
2.9094444e+00    600292  8.9493639e+01  8.9413226e+01  3.7114972e+00
3.0813867e+00    712930  8.0151201e+01  8.0080185e+01  3.2065168e+00
3.2634403e+00    846715  7.1973847e+01  7.1909787e+01  2.7692951e+00
3.4562097e+00   1005596  6.4833017e+01  6.4775960e+01  2.3910145e+00
3.6603648e+00   1194719  5.8300747e+01  5.8249054e+01  2.0637320e+00
3.8766358e+00   1419743  5.2142593e+01  5.2095703e+01  1.7804714e+00
4.1057220e+00   1686576  4.6907248e+01  4.6865118e+01  1.5356941e+00
4.3483372e+00   2003484  4.2104033e+01  4.2066063e+01  1.3240792e+00
4.6052142e+00   2378778  3.7669721e+01  3.7635549e+01  1.1413143e+00
4.8773359e+00   2828400  3.3636575e+01  3.3605875e+01  9.8344336e-01
5.1655179e+00   3356890  3.0054801e+01  3.0027354e+01  8.4718815e-01
5.4707002e+00   3990317  2.6818495e+01  2.6794008e+01  7.2963283e-01
5.7939476e+00   4738457  2.3879260e+01  2.3857049e+01  6.2815717e-01
6.1362572e+00   5629661  2.1258329e+01  2.1238989e+01  5.4068270e-01
6.4988210e+00   6687903  1.8929624e+01  1.8911938e+01  4.6522166e-01
6.8828355e+00   7945758  1.6821294e+01  1.6805696e+01  4.0020226e-01
7.2895050e+00   9436555  1.4926002e+01  1.4912178e+01  3.4417028e-01
7.7201584e+00  11210320  1.3230290e+01  1.3217702e+01  2.9592296e-01
8.1762927e+00  13318613  1.1730029e+01  1.1718912e+01  2.5435883e-01
8.6593661e+00  15819192  1.0377417e+01  1.0367719e+01  2.1859892e-01
9.1709925e+00  18795348  9.1820005e+00  9.1732261e+00  1.8779478e-01
9.7128705e+00  22326034  8.1192930e+00  8.1115440e+00  1.6130680e-01
1.0286736e+01  26520842  7.1662730e+00  7.1592564e+00  1.3851503e-01
1.0894484e+01  31503438  6.3213349e+00  6.3152966e+00  1.1896135e-01
1.1538156e+01  37426927  5.5731038e+00  5.5677618e+00  1.0214309e-01
1.2220385e+01  44525830  4.9101804e+00  4.9054459e+00  8.7671730e-02
