# Power spectrum from CO𝘕CEPT job 4547567 at t = 7.9069617 Gyr, a = 0.625
#
# Components:
#   0: matter  (upstream grid size 1024)
#
#                           grid size 1024
# ╭────────────────────────────────────────────────────────────────╮
#                         component 0    (corrected)      (linear)
#                        σ₈ = 5.86e-01  σ₈ = 5.85e-01  σ₈ = 5.54e-01
#  k [Mpc⁻¹]    modes       P [Mpc³]       P [Mpc³]       P [Mpc³]
2.4543693e-02         3  2.6759938e+04  2.6759938e+04  2.7284169e+04
4.6570361e-02        25  1.4402449e+04  1.4644960e+04  1.4853477e+04
8.3521561e-02       124  6.5316302e+03  6.4158990e+03  6.3899929e+03
1.3383638e-01       418  3.1666966e+03  3.1399817e+03  2.8358117e+03
1.8592088e-01       730  1.8116448e+03  1.8497846e+03  1.5987330e+03
2.3260504e-01      1012  1.3308270e+03  1.3205242e+03  9.6154571e+02
2.7635505e-01      1408  1.0580822e+03  1.0593528e+03  7.0032365e+02
3.1919121e-01      1841  8.8181327e+02  8.7712909e+02  4.9921051e+02
3.6464415e-01      2698  7.0483017e+02  7.0046962e+02  3.8189821e+02
4.1290034e-01      3532  6.2169372e+02  6.2680090e+02  2.9399202e+02
4.6319578e-01      4702  5.3754084e+02  5.2731958e+02  2.1877637e+02
5.1570195e-01      6019  4.7424125e+02  4.7956059e+02  1.8134195e+02
5.7047444e-01      7766  4.1727364e+02  4.1684558e+02  1.3955186e+02
6.2844883e-01     10012  3.6894950e+02  3.6312199e+02  1.1075962e+02
6.8955465e-01     12589  3.3667275e+02  3.3766972e+02  9.1975831e+01
7.5323141e-01     15650  3.0984208e+02  3.1248569e+02  7.4720156e+01
8.2032763e-01     19757  2.7697384e+02  2.7610156e+02  6.0057597e+01
8.9088605e-01     24241  2.5299960e+02  2.5043569e+02  4.9233192e+01
9.6481958e-01     29993  2.3376069e+02  2.3185762e+02  4.1007538e+01
1.0423453e+00     36494  2.1131323e+02  2.1015302e+02  3.4200772e+01
1.1237267e+00     44825  1.9488622e+02  1.9405243e+02  2.8604906e+01
1.2089588e+00     53906  1.8143112e+02  1.8093052e+02  2.3988492e+01
1.2983336e+00     65729  1.6583935e+02  1.6537100e+02  2.0151286e+01
1.3921058e+00     78746  1.5231091e+02  1.5183039e+02  1.6983209e+01
1.4900211e+00     94374  1.3931667e+02  1.3888469e+02  1.4360085e+01
1.5921784e+00    112166  1.2807850e+02  1.2797160e+02  1.2206155e+01
1.6991083e+00    134373  1.1768461e+02  1.1769978e+02  1.0418158e+01
1.8110248e+00    159077  1.0789571e+02  1.0775148e+02  8.8842404e+00
1.9277595e+00    188172  9.8259732e+01  9.8138429e+01  7.6066264e+00
2.0497441e+00    222492  8.9631167e+01  8.9593188e+01  6.5301282e+00
2.1771282e+00    261771  8.2067968e+01  8.1997053e+01  5.6133099e+00
2.3098450e+00    306759  7.5186327e+01  7.5128335e+01  4.8387935e+00
2.4484375e+00    360898  6.8292368e+01  6.8234655e+01  4.1786088e+00
2.5937215e+00    425046  6.2122536e+01  6.2070788e+01  3.6131515e+00
2.7470320e+00    505555  5.6096948e+01  5.6047345e+01  3.1244577e+00
2.9094444e+00    600292  5.0813759e+01  5.0768162e+01  2.7005970e+00
3.0813867e+00    712930  4.6076941e+01  4.6036169e+01  2.3337738e+00
3.2634403e+00    846715  4.1522784e+01  4.1485873e+01  2.0160082e+00
3.4562097e+00   1005596  3.7396084e+01  3.7363214e+01  1.7410365e+00
3.6603648e+00   1194719  3.3590186e+01  3.3560439e+01  1.5030310e+00
3.8766358e+00   1419743  3.0198442e+01  3.0171318e+01  1.2970146e+00
4.1057220e+00   1686576  2.7102535e+01  2.7078222e+01  1.1189373e+00
4.3483372e+00   2003484  2.4299978e+01  2.4278089e+01  9.6495500e-01
4.6052142e+00   2378778  2.1798274e+01  2.1778522e+01  8.3192384e-01
4.8773359e+00   2828400  1.9497021e+01  1.9479245e+01  7.1699726e-01
5.1655179e+00   3356890  1.7418778e+01  1.7402888e+01  6.1777863e-01
5.4707002e+00   3990317  1.5603123e+01  1.5588891e+01  5.3215882e-01
5.7939476e+00   4738457  1.3935690e+01  1.3922740e+01  4.5822700e-01
6.1362572e+00   5629661  1.2410760e+01  1.2399481e+01  3.9448999e-01
6.4988210e+00   6687903  1.1049009e+01  1.1038695e+01  3.3949331e-01
6.8828355e+00   7945758  9.8216667e+00  9.8125675e+00  2.9210318e-01
7.2895050e+00   9436555  8.7426760e+00  8.7345859e+00  2.5125298e-01
7.7201584e+00  11210320  7.7647699e+00  7.7573885e+00  2.1606464e-01
8.1762927e+00  13318613  6.9074454e+00  6.9009046e+00  1.8575072e-01
8.6593661e+00  15819192  6.1278147e+00  6.1220929e+00  1.5966198e-01
9.1709925e+00  18795348  5.4273975e+00  5.4222153e+00  1.3718449e-01
9.7128705e+00  22326034  4.8054702e+00  4.8008876e+00  1.1785045e-01
1.0286736e+01  26520842  4.2489849e+00  4.2448278e+00  1.0121742e-01
1.0894484e+01  31503438  3.7587244e+00  3.7551367e+00  8.6934054e-02
1.1538156e+01  37426927  3.3169485e+00  3.3137715e+00  7.4648045e-02
1.2220385e+01  44525830  2.9269035e+00  2.9240834e+00  6.4075858e-02
