# Power spectrum from CO𝘕CEPT job 4547567 at t = 4.0359779 Gyr, a = 0.38461538
#
# Components:
#   0: matter  (upstream grid size 1024)
#
#                           grid size 1024
# ╭────────────────────────────────────────────────────────────────╮
#                         component 0    (corrected)      (linear)
#                        σ₈ = 3.72e-01  σ₈ = 3.72e-01  σ₈ = 3.63e-01
#  k [Mpc⁻¹]    modes       P [Mpc³]       P [Mpc³]       P [Mpc³]
2.4543693e-02         3  1.1570717e+04  1.1570717e+04  1.1695578e+04
4.6570361e-02        25  6.2246550e+03  6.3294667e+03  6.3684297e+03
8.3521561e-02       124  2.7522855e+03  2.7035189e+03  2.7399353e+03
1.3383638e-01       418  1.2961999e+03  1.2852649e+03  1.2159866e+03
1.8592088e-01       730  7.0872587e+02  7.2364637e+02  6.8553729e+02
2.3260504e-01      1012  4.9745763e+02  4.9360646e+02  4.1231255e+02
2.7635505e-01      1408  3.7618865e+02  3.7664042e+02  3.0030059e+02
3.1919121e-01      1841  2.9158676e+02  2.9003785e+02  2.1406299e+02
3.6464415e-01      2698  2.3032821e+02  2.2890325e+02  1.6375925e+02
4.1290034e-01      3532  1.8825069e+02  1.8979716e+02  1.2606485e+02
4.6319578e-01      4702  1.5479260e+02  1.5184924e+02  9.3812148e+01
5.1570195e-01      6019  1.3129559e+02  1.3276827e+02  7.7760152e+01
5.7047444e-01      7766  1.1125514e+02  1.1114101e+02  5.9840410e+01
6.2844883e-01     10012  9.8467699e+01  9.6912414e+01  4.7494190e+01
6.8955465e-01     12589  8.6202916e+01  8.6458185e+01  3.9439632e+01
7.5323141e-01     15650  7.6362930e+01  7.7014469e+01  3.2040331e+01
8.2032763e-01     19757  6.6515637e+01  6.6306158e+01  2.5752966e+01
8.9088605e-01     24241  6.0542425e+01  5.9928883e+01  2.1111417e+01
9.6481958e-01     29993  5.3703036e+01  5.3265832e+01  1.7584222e+01
1.0423453e+00     36494  4.8866853e+01  4.8598549e+01  1.4665452e+01
1.1237267e+00     44825  4.4475846e+01  4.4285563e+01  1.2265921e+01
1.2089588e+00     53906  4.0936931e+01  4.0823979e+01  1.0286383e+01
1.2983336e+00     65729  3.7361437e+01  3.7255926e+01  8.6409719e+00
1.3921058e+00     78746  3.4413804e+01  3.4305231e+01  7.2824864e+00
1.4900211e+00     94374  3.1544422e+01  3.1446611e+01  6.1576792e+00
1.5921784e+00    112166  2.9422658e+01  2.9398102e+01  5.2340645e+00
1.6991083e+00    134373  2.6921327e+01  2.6924796e+01  4.4673633e+00
1.8110248e+00    159077  2.4952987e+01  2.4919632e+01  3.8096124e+00
1.9277595e+00    188172  2.3075505e+01  2.3047018e+01  3.2617657e+00
2.0497441e+00    222492  2.1340646e+01  2.1331604e+01  2.8001583e+00
2.1771282e+00    261771  1.9869188e+01  1.9852019e+01  2.4070223e+00
2.3098450e+00    306759  1.8432265e+01  1.8418048e+01  2.0749059e+00
2.4484375e+00    360898  1.7060850e+01  1.7046431e+01  1.7918155e+00
2.5937215e+00    425046  1.5840364e+01  1.5827169e+01  1.5493447e+00
2.7470320e+00    505555  1.4689765e+01  1.4676776e+01  1.3397904e+00
2.9094444e+00    600292  1.3538658e+01  1.3526509e+01  1.1580367e+00
3.0813867e+00    712930  1.2482146e+01  1.2471101e+01  1.0007411e+00
3.2634403e+00    846715  1.1479143e+01  1.1468939e+01  8.6448153e-01
3.4562097e+00   1005596  1.0549340e+01  1.0540068e+01  7.4657220e-01
3.6603648e+00   1194719  9.6518386e+00  9.6432912e+00  6.4451416e-01
3.8766358e+00   1419743  8.8441030e+00  8.8361593e+00  5.5617314e-01
4.1057220e+00   1686576  8.0631904e+00  8.0559570e+00  4.7981260e-01
4.3483372e+00   2003484  7.3182740e+00  7.3116820e+00  4.1378405e-01
4.6052142e+00   2378778  6.6469454e+00  6.6409224e+00  3.5673947e-01
4.8773359e+00   2828400  6.0166010e+00  6.0111156e+00  3.0745821e-01
5.1655179e+00   3356890  5.4259823e+00  5.4210324e+00  2.6491261e-01
5.4707002e+00   3990317  4.8865347e+00  4.8820775e+00  2.2819824e-01
5.7939476e+00   4738457  4.3945970e+00  4.3905134e+00  1.9649574e-01
6.1362572e+00   5629661  3.9500820e+00  3.9464919e+00  1.6916482e-01
6.4988210e+00   6687903  3.5439562e+00  3.5406482e+00  1.4558180e-01
6.8828355e+00   7945758  3.1759379e+00  3.1729956e+00  1.2526051e-01
7.2895050e+00   9436555  2.8424466e+00  2.8398163e+00  1.0774358e-01
7.7201584e+00  11210320  2.5476482e+00  2.5452263e+00  9.2654474e-02
8.1762927e+00  13318613  2.2778899e+00  2.2757329e+00  7.9655557e-02
8.6593661e+00  15819192  2.0333573e+00  2.0314587e+00  6.8468413e-02
9.1709925e+00  18795348  1.8164454e+00  1.8147111e+00  5.8829798e-02
9.7128705e+00  22326034  1.6193657e+00  1.6178215e+00  5.0539112e-02
1.0286736e+01  26520842  1.4429925e+00  1.4415808e+00  4.3406638e-02
1.0894484e+01  31503438  1.2866294e+00  1.2854013e+00  3.7281715e-02
1.1538156e+01  37426927  1.1469541e+00  1.1458555e+00  3.2013273e-02
1.2220385e+01  44525830  1.0229606e+00  1.0219749e+00  2.7479726e-02
