# Power spectrum from CO𝘕CEPT job 4547567 at t = 6.2820866 Gyr, a = 0.52631579
#
# Components:
#   0: matter  (upstream grid size 1024)
#
#                           grid size 1024
# ╭────────────────────────────────────────────────────────────────╮
#                         component 0    (corrected)      (linear)
#                        σ₈ = 5.02e-01  σ₈ = 5.02e-01  σ₈ = 4.81e-01
#  k [Mpc⁻¹]    modes       P [Mpc³]       P [Mpc³]       P [Mpc³]
2.4543693e-02         3  2.0239926e+04  2.0239926e+04  2.0563625e+04
4.6570361e-02        25  1.0894132e+04  1.1077569e+04  1.1195694e+04
8.3521561e-02       124  4.8788850e+03  4.7924381e+03  4.8165562e+03
1.3383638e-01       418  2.3411790e+03  2.3214283e+03  2.1375585e+03
1.8592088e-01       730  1.3153614e+03  1.3430531e+03  1.2050859e+03
2.3260504e-01      1012  9.5151321e+02  9.4414689e+02  7.2479062e+02
2.7635505e-01      1408  7.4066210e+02  7.4155157e+02  5.2788792e+02
3.1919121e-01      1841  6.0092228e+02  5.9773019e+02  3.7629360e+02
3.6464415e-01      2698  4.7774410e+02  4.7478845e+02  2.8786633e+02
4.1290034e-01      3532  4.1313208e+02  4.1652594e+02  2.2160466e+02
4.6319578e-01      4702  3.4940336e+02  3.4275951e+02  1.6490880e+02
5.1570195e-01      6019  3.0095621e+02  3.0433189e+02  1.3669158e+02
5.7047444e-01      7766  2.5892899e+02  2.5866337e+02  1.0519114e+02
6.2844883e-01     10012  2.3123123e+02  2.2757896e+02  8.3488183e+01
6.8955465e-01     12589  2.0913688e+02  2.0975619e+02  6.9329379e+01
7.5323141e-01     15650  1.8894180e+02  1.9055388e+02  5.6322431e+01
8.2032763e-01     19757  1.6713087e+02  1.6660452e+02  4.5270115e+01
8.9088605e-01     24241  1.5493190e+02  1.5336180e+02  3.7110916e+01
9.6481958e-01     29993  1.4058164e+02  1.3943715e+02  3.0910598e+01
1.0423453e+00     36494  1.2959915e+02  1.2888758e+02  2.5779806e+01
1.1237267e+00     44825  1.1930405e+02  1.1879363e+02  2.1561764e+01
1.2089588e+00     53906  1.1057521e+02  1.1027011e+02  1.8082011e+01
1.2983336e+00     65729  1.0249072e+02  1.0220128e+02  1.5189609e+01
1.3921058e+00     78746  9.4102696e+01  9.3805810e+01  1.2801581e+01
1.4900211e+00     94374  8.6756930e+01  8.6487919e+01  1.0824327e+01
1.5921784e+00    112166  7.9705173e+01  7.9638651e+01  9.2007411e+00
1.6991083e+00    134373  7.3562497e+01  7.3571975e+01  7.8529878e+00
1.8110248e+00    159077  6.7975408e+01  6.7884543e+01  6.6967538e+00
1.9277595e+00    188172  6.2527370e+01  6.2450179e+01  5.7337159e+00
2.0497441e+00    222492  5.7443580e+01  5.7419240e+01  4.9222748e+00
2.1771282e+00    261771  5.2970451e+01  5.2924679e+01  4.2311969e+00
2.3098450e+00    306759  4.8446993e+01  4.8409625e+01  3.6473830e+00
2.4484375e+00    360898  4.4420545e+01  4.4383005e+01  3.1497500e+00
2.5937215e+00    425046  4.0775224e+01  4.0741258e+01  2.7235204e+00
2.7470320e+00    505555  3.7229327e+01  3.7196407e+01  2.3551535e+00
2.9094444e+00    600292  3.4008752e+01  3.3978234e+01  2.0356563e+00
3.0813867e+00    712930  3.0866756e+01  3.0839443e+01  1.7591528e+00
3.2634403e+00    846715  2.7982053e+01  2.7957179e+01  1.5196278e+00
3.4562097e+00   1005596  2.5320980e+01  2.5298724e+01  1.3123600e+00
3.6603648e+00   1194719  2.2874761e+01  2.2854504e+01  1.1329565e+00
3.8766358e+00   1419743  2.0641267e+01  2.0622728e+01  9.7766557e-01
4.1057220e+00   1686576  1.8577160e+01  1.8560494e+01  8.4343469e-01
4.3483372e+00   2003484  1.6707025e+01  1.6691976e+01  7.2736600e-01
4.6052142e+00   2378778  1.5025980e+01  1.5012364e+01  6.2708987e-01
4.8773359e+00   2828400  1.3412998e+01  1.3400769e+01  5.4046058e-01
5.1655179e+00   3356890  1.1986776e+01  1.1975841e+01  4.6567161e-01
5.4707002e+00   3990317  1.0720843e+01  1.0711064e+01  4.0113313e-01
5.7939476e+00   4738457  9.5721621e+00  9.5632672e+00  3.4540482e-01
6.1362572e+00   5629661  8.5360378e+00  8.5282797e+00  2.9736113e-01
6.4988210e+00   6687903  7.5998005e+00  7.5927068e+00  2.5590572e-01
6.8828355e+00   7945758  6.7719841e+00  6.7657103e+00  2.2018396e-01
7.2895050e+00   9436555  6.0230073e+00  6.0174339e+00  1.8939186e-01
7.7201584e+00  11210320  5.3521076e+00  5.3470197e+00  1.6286755e-01
8.1762927e+00  13318613  4.7489472e+00  4.7444504e+00  1.4001748e-01
8.6593661e+00  15819192  4.2136606e+00  4.2097262e+00  1.2035226e-01
9.1709925e+00  18795348  3.7356308e+00  3.7320639e+00  1.0340912e-01
9.7128705e+00  22326034  3.3083155e+00  3.3051606e+00  8.8835451e-02
1.0286736e+01  26520842  2.9309200e+00  2.9280525e+00  7.6297750e-02
1.0894484e+01  31503438  2.5977227e+00  2.5952432e+00  6.5531174e-02
1.1538156e+01  37426927  2.2963319e+00  2.2941325e+00  5.6270167e-02
1.2220385e+01  44525830  2.0310890e+00  2.0291320e+00  4.8301003e-02
