# Power spectrum from CO𝘕CEPT job 4547567 at t = 2.1445228 Gyr, a = 0.25
#
# Components:
#   0: matter  (upstream grid size 1024)
#
#                           grid size 1024
# ╭────────────────────────────────────────────────────────────────╮
#                         component 0    (corrected)      (linear)
#                        σ₈ = 2.43e-01  σ₈ = 2.42e-01  σ₈ = 2.40e-01
#  k [Mpc⁻¹]    modes       P [Mpc³]       P [Mpc³]       P [Mpc³]
2.4543693e-02         3  5.0800873e+03  5.0800873e+03  5.1117589e+03
4.6570361e-02        25  2.7296112e+03  2.7755728e+03  2.7838774e+03
8.3521561e-02       124  1.2015118e+03  1.1802228e+03  1.1977946e+03
1.3383638e-01       418  5.5260509e+02  5.4794320e+02  5.3159182e+02
1.8592088e-01       730  2.9681084e+02  3.0305947e+02  2.9969741e+02
2.3260504e-01      1012  2.0026274e+02  1.9871237e+02  1.8025171e+02
2.7635505e-01      1408  1.4819479e+02  1.4837276e+02  1.3128331e+02
3.1919121e-01      1841  1.0913948e+02  1.0855973e+02  9.3582630e+01
3.6464415e-01      2698  8.5398222e+01  8.4869892e+01  7.1591212e+01
4.1290034e-01      3532  6.6636447e+01  6.7183862e+01  5.5112238e+01
4.6319578e-01      4702  5.2781277e+01  5.1777649e+01  4.1012218e+01
5.1570195e-01      6019  4.4398828e+01  4.4896829e+01  3.3994713e+01
5.7047444e-01      7766  3.6364180e+01  3.6326876e+01  2.6160674e+01
6.2844883e-01     10012  3.1113662e+01  3.0622226e+01  2.0763231e+01
6.8955465e-01     12589  2.5934083e+01  2.6010880e+01  1.7241989e+01
7.5323141e-01     15650  2.2210741e+01  2.2400247e+01  1.4007208e+01
8.2032763e-01     19757  1.9022645e+01  1.8962736e+01  1.1258536e+01
8.9088605e-01     24241  1.6569573e+01  1.6401656e+01  9.2293713e+00
9.6481958e-01     29993  1.4420286e+01  1.4302888e+01  7.6873735e+00
1.0423453e+00     36494  1.2552850e+01  1.2483928e+01  6.4113629e+00
1.1237267e+00     44825  1.1119335e+01  1.1071763e+01  5.3623499e+00
1.2089588e+00     53906  9.8773112e+00  9.8500579e+00  4.4969470e+00
1.2983336e+00     65729  8.7813800e+00  8.7565808e+00  3.7776159e+00
1.3921058e+00     78746  7.8588616e+00  7.8340675e+00  3.1837210e+00
1.4900211e+00     94374  7.0409443e+00  7.0191122e+00  2.6919842e+00
1.5921784e+00    112166  6.3474531e+00  6.3421555e+00  2.2882036e+00
1.6991083e+00    134373  5.7264713e+00  5.7272091e+00  1.9530216e+00
1.8110248e+00    159077  5.2168894e+00  5.2099158e+00  1.6654697e+00
1.9277595e+00    188172  4.7587454e+00  4.7528707e+00  1.4259651e+00
2.0497441e+00    222492  4.3502853e+00  4.3484420e+00  1.2241622e+00
2.1771282e+00    261771  3.9856156e+00  3.9821716e+00  1.0522931e+00
2.3098450e+00    306759  3.6564358e+00  3.6536156e+00  9.0710027e-01
2.4484375e+00    360898  3.3797115e+00  3.3768553e+00  7.8334032e-01
2.5937215e+00    425046  3.1222043e+00  3.1196035e+00  6.7733818e-01
2.7470320e+00    505555  2.8814859e+00  2.8789379e+00  5.8572632e-01
2.9094444e+00    600292  2.6557027e+00  2.6533196e+00  5.0626819e-01
3.0813867e+00    712930  2.4539406e+00  2.4517692e+00  4.3750245e-01
3.2634403e+00    846715  2.2738796e+00  2.2718583e+00  3.7793316e-01
3.4562097e+00   1005596  2.1096776e+00  2.1078233e+00  3.2638612e-01
3.6603648e+00   1194719  1.9567181e+00  1.9549853e+00  2.8176885e-01
3.8766358e+00   1419743  1.8074085e+00  1.8057851e+00  2.4314831e-01
4.1057220e+00   1686576  1.6707348e+00  1.6692360e+00  2.0976534e-01
4.3483372e+00   2003484  1.5407463e+00  1.5393585e+00  1.8089924e-01
4.6052142e+00   2378778  1.4236757e+00  1.4223857e+00  1.5596071e-01
4.8773359e+00   2828400  1.3111007e+00  1.3099053e+00  1.3441610e-01
5.1655179e+00   3356890  1.2097506e+00  1.2086470e+00  1.1581615e-01
5.4707002e+00   3990317  1.1150772e+00  1.1140601e+00  9.9765469e-02
5.7939476e+00   4738457  1.0282768e+00  1.0273213e+00  8.5905848e-02
6.1362572e+00   5629661  9.4960132e-01  9.4873827e-01  7.3957374e-02
6.4988210e+00   6687903  8.7798130e-01  8.7716178e-01  6.3647388e-02
6.8828355e+00   7945758  8.1319589e-01  8.1244251e-01  5.4763347e-02
7.2895050e+00   9436555  7.5487370e-01  7.5417517e-01  4.7105301e-02
7.7201584e+00  11210320  7.0117349e-01  7.0050693e-01  4.0508644e-02
8.1762927e+00  13318613  6.5226282e-01  6.5164518e-01  3.4825763e-02
8.6593661e+00  15819192  6.0740979e-01  6.0684263e-01  2.9934946e-02
9.1709925e+00  18795348  5.6463607e-01  5.6409694e-01  2.5721108e-02
9.7128705e+00  22326034  5.2381806e-01  5.2331853e-01  2.2096552e-02
1.0286736e+01  26520842  4.8574046e-01  4.8526523e-01  1.8978340e-02
1.0894484e+01  31503438  4.5007131e-01  4.4964172e-01  1.6300606e-02
1.1538156e+01  37426927  4.1634619e-01  4.1594741e-01  1.3997305e-02
1.2220385e+01  44525830  3.8484340e-01  3.8447259e-01  1.2015283e-02
