# Power spectrum from CO𝘕CEPT job 4547567 at t = 9.3732211 Gyr, a = 0.71428571
#
# Components:
#   0: matter  (upstream grid size 1024)
#
#                           grid size 1024
# ╭────────────────────────────────────────────────────────────────╮
#                         component 0    (corrected)      (linear)
#                        σ₈ = 6.55e-01  σ₈ = 6.54e-01  σ₈ = 6.13e-01
#  k [Mpc⁻¹]    modes       P [Mpc³]       P [Mpc³]       P [Mpc³]
2.4543693e-02         3  3.2632923e+04  3.2632923e+04  3.3373652e+04
4.6570361e-02        25  1.7557989e+04  1.7853633e+04  1.8167499e+04
8.3521561e-02       124  8.0640678e+03  7.9211840e+03  7.8155011e+03
1.3383638e-01       418  3.9421952e+03  3.9089380e+03  3.4684091e+03
1.8592088e-01       730  2.2878323e+03  2.3359970e+03  1.9553645e+03
2.3260504e-01      1012  1.6981699e+03  1.6850232e+03  1.1760377e+03
2.7635505e-01      1408  1.3714713e+03  1.3731183e+03  8.5654435e+02
3.1919121e-01      1841  1.1682618e+03  1.1620560e+03  6.1056884e+02
3.6464415e-01      2698  9.3914438e+02  9.3333421e+02  4.6708770e+02
4.1290034e-01      3532  8.3406452e+02  8.4091632e+02  3.5957233e+02
4.6319578e-01      4702  7.2709705e+02  7.1327140e+02  2.6757842e+02
5.1570195e-01      6019  6.5408384e+02  6.6142038e+02  2.2179355e+02
5.7047444e-01      7766  5.8783555e+02  5.8723252e+02  1.7068141e+02
6.2844883e-01     10012  5.2306714e+02  5.1480536e+02  1.3546653e+02
6.8955465e-01     12589  4.7568207e+02  4.7709069e+02  1.1249268e+02
7.5323141e-01     15650  4.3980356e+02  4.4355603e+02  9.1387812e+01
8.2032763e-01     19757  4.0444910e+02  4.0317536e+02  7.3454505e+01
8.9088605e-01     24241  3.6834251e+02  3.6460970e+02  6.0215523e+01
9.6481958e-01     29993  3.3572008e+02  3.3298694e+02  5.0154990e+01
1.0423453e+00     36494  3.0980140e+02  3.0810043e+02  4.1829853e+01
1.1237267e+00     44825  2.8064034e+02  2.7943967e+02  3.4985729e+01
1.2089588e+00     53906  2.5987009e+02  2.5915306e+02  2.9339542e+01
1.2983336e+00     65729  2.4002160e+02  2.3934376e+02  2.4646380e+01
1.3921058e+00     78746  2.1928418e+02  2.1859236e+02  2.0771607e+01
1.4900211e+00     94374  1.9965575e+02  1.9903666e+02  1.7563348e+01
1.5921784e+00    112166  1.8201089e+02  1.8185899e+02  1.4928947e+01
1.6991083e+00    134373  1.6591374e+02  1.6593511e+02  1.2742106e+01
1.8110248e+00    159077  1.5200838e+02  1.5180518e+02  1.0866021e+01
1.9277595e+00    188172  1.3834597e+02  1.3817518e+02  9.3034125e+00
2.0497441e+00    222492  1.2595942e+02  1.2590605e+02  7.9867826e+00
2.1771282e+00    261771  1.1377430e+02  1.1367599e+02  6.8654519e+00
2.3098450e+00    306759  1.0366658e+02  1.0358662e+02  5.9181660e+00
2.4484375e+00    360898  9.3763422e+01  9.3684182e+01  5.1107156e+00
2.5937215e+00    425046  8.4698962e+01  8.4628408e+01  4.4191233e+00
2.7470320e+00    505555  7.6685922e+01  7.6618112e+01  3.8214179e+00
2.9094444e+00    600292  6.9272291e+01  6.9210130e+01  3.3030077e+00
3.0813867e+00    712930  6.2320639e+01  6.2265493e+01  2.8543583e+00
3.2634403e+00    846715  5.6264246e+01  5.6214231e+01  2.4657096e+00
3.4562097e+00   1005596  5.0670873e+01  5.0626335e+01  2.1294008e+00
3.6603648e+00   1194719  4.5581615e+01  4.5541249e+01  1.8383041e+00
3.8766358e+00   1419743  4.0818725e+01  4.0782062e+01  1.5863322e+00
4.1057220e+00   1686576  3.6539424e+01  3.6506645e+01  1.3685318e+00
4.3483372e+00   2003484  3.2586465e+01  3.2557112e+01  1.1802012e+00
4.6052142e+00   2378778  2.9168909e+01  2.9142478e+01  1.0174952e+00
4.8773359e+00   2828400  2.6198375e+01  2.6174489e+01  8.7693233e-01
5.1655179e+00   3356890  2.3390614e+01  2.3369275e+01  7.5558136e-01
5.4707002e+00   3990317  2.0901798e+01  2.0882733e+01  6.5086267e-01
5.7939476e+00   4738457  1.8641240e+01  1.8623917e+01  5.6043918e-01
6.1362572e+00   5629661  1.6624468e+01  1.6609359e+01  4.8248462e-01
6.4988210e+00   6687903  1.4800843e+01  1.4787028e+01  4.1522008e-01
6.8828355e+00   7945758  1.3171413e+01  1.3159210e+01  3.5725885e-01
7.2895050e+00   9436555  1.1710956e+01  1.1700120e+01  3.0729641e-01
7.7201584e+00  11210320  1.0397482e+01  1.0387598e+01  2.6425879e-01
8.1762927e+00  13318613  9.2189414e+00  9.2102118e+00  2.2718292e-01
8.6593661e+00  15819192  8.1716275e+00  8.1639973e+00  1.9527472e-01
9.1709925e+00  18795348  7.2365606e+00  7.2296509e+00  1.6778334e-01
9.7128705e+00  22326034  6.4007429e+00  6.3946390e+00  1.4413659e-01
1.0286736e+01  26520842  5.6530340e+00  5.6475033e+00  1.2379336e-01
1.0894484e+01  31503438  4.9935054e+00  4.9887392e+00  1.0632392e-01
1.1538156e+01  37426927  4.4015692e+00  4.3973534e+00  9.1297389e-02
1.2220385e+01  44525830  3.8784301e+00  3.8746931e+00  7.8366973e-02
