# Power spectrum from CO𝘕CEPT job 4547567 at t = 3.1244076 Gyr, a = 0.32258065
#
# Components:
#   0: matter  (upstream grid size 1024)
#
#                           grid size 1024
# ╭────────────────────────────────────────────────────────────────╮
#                         component 0    (corrected)      (linear)
#                        σ₈ = 3.13e-01  σ₈ = 3.13e-01  σ₈ = 3.07e-01
#  k [Mpc⁻¹]    modes       P [Mpc³]       P [Mpc³]       P [Mpc³]
2.4543693e-02         3  8.3088322e+03  8.3088322e+03  8.3803847e+03
4.6570361e-02        25  4.4677332e+03  4.5429615e+03  4.5635715e+03
8.3521561e-02       124  1.9694434e+03  1.9345477e+03  1.9634672e+03
1.3383638e-01       418  9.1810317e+02  9.1035786e+02  8.7139588e+02
1.8592088e-01       730  4.9700651e+02  5.0746978e+02  4.9126846e+02
2.3260504e-01      1012  3.4308254e+02  3.4042650e+02  2.9547095e+02
2.7635505e-01      1408  2.5673403e+02  2.5704235e+02  2.1520118e+02
3.1919121e-01      1841  1.9437341e+02  1.9334090e+02  1.5340171e+02
3.6464415e-01      2698  1.5300273e+02  1.5205615e+02  1.1735309e+02
4.1290034e-01      3532  1.2199843e+02  1.2300064e+02  9.0340560e+01
4.6319578e-01      4702  9.8899886e+01  9.7019318e+01  6.7227647e+01
5.1570195e-01      6019  8.3658083e+01  8.4596436e+01  5.5724473e+01
5.7047444e-01      7766  6.9852491e+01  6.9780833e+01  4.2882834e+01
6.2844883e-01     10012  6.1001935e+01  6.0038417e+01  3.4035289e+01
6.8955465e-01     12589  5.2369888e+01  5.2524969e+01  2.8263233e+01
7.5323141e-01     15650  4.5610370e+01  4.5999524e+01  2.2960746e+01
8.2032763e-01     19757  3.9423430e+01  3.9299273e+01  1.8455095e+01
8.9088605e-01     24241  3.5267828e+01  3.4910421e+01  1.5128869e+01
9.6481958e-01     29993  3.1107057e+01  3.0853810e+01  1.2601210e+01
1.0423453e+00     36494  2.7763257e+01  2.7610822e+01  1.0509561e+01
1.1237267e+00     44825  2.5170188e+01  2.5062501e+01  8.7900092e+00
1.2089588e+00     53906  2.2762620e+01  2.2699814e+01  7.3714324e+00
1.2983336e+00     65729  2.0620113e+01  2.0561880e+01  6.1922980e+00
1.3921058e+00     78746  1.8802185e+01  1.8742865e+01  5.2187800e+00
1.4900211e+00     94374  1.7101237e+01  1.7048211e+01  4.4127204e+00
1.5921784e+00    112166  1.5704166e+01  1.5691060e+01  3.7508395e+00
1.6991083e+00    134373  1.4391747e+01  1.4393601e+01  3.2014060e+00
1.8110248e+00    159077  1.3280926e+01  1.3263173e+01  2.7300484e+00
1.9277595e+00    188172  1.2262223e+01  1.2247085e+01  2.3374503e+00
2.0497441e+00    222492  1.1391637e+01  1.1386810e+01  2.0066531e+00
2.1771282e+00    261771  1.0570942e+01  1.0561808e+01  1.7249238e+00
2.3098450e+00    306759  9.7877494e+00  9.7802001e+00  1.4869225e+00
2.4484375e+00    360898  9.0953875e+00  9.0877011e+00  1.2840541e+00
2.5937215e+00    425046  8.4517135e+00  8.4446733e+00  1.1102946e+00
2.7470320e+00    505555  7.8463143e+00  7.8393762e+00  9.6012364e-01
2.9094444e+00    600292  7.2805471e+00  7.2740139e+00  8.2987525e-01
3.0813867e+00    712930  6.7647462e+00  6.7587603e+00  7.1715394e-01
3.2634403e+00    846715  6.2603731e+00  6.2548081e+00  6.1950751e-01
3.4562097e+00   1005596  5.7910998e+00  5.7860096e+00  5.3501124e-01
3.6603648e+00   1194719  5.3552701e+00  5.3505276e+00  4.6187431e-01
3.8766358e+00   1419743  4.9260766e+00  4.9216521e+00  3.9856728e-01
4.1057220e+00   1686576  4.5348314e+00  4.5307632e+00  3.4384571e-01
4.3483372e+00   2003484  4.1576632e+00  4.1539182e+00  2.9652825e-01
4.6052142e+00   2378778  3.8072939e+00  3.8038440e+00  2.5564888e-01
4.8773359e+00   2828400  3.4805455e+00  3.4773722e+00  2.2033287e-01
5.1655179e+00   3356890  3.1745835e+00  3.1716874e+00  1.8984376e-01
5.4707002e+00   3990317  2.8829122e+00  2.8802826e+00  1.6353343e-01
5.7939476e+00   4738457  2.6197635e+00  2.6173291e+00  1.4081472e-01
6.1362572e+00   5629661  2.3774746e+00  2.3753138e+00  1.2122877e-01
6.4988210e+00   6687903  2.1567702e+00  2.1547570e+00  1.0432864e-01
6.8828355e+00   7945758  1.9547210e+00  1.9529101e+00  8.9765929e-02
7.2895050e+00   9436555  1.7684560e+00  1.7668195e+00  7.7212881e-02
7.7201584e+00  11210320  1.5968220e+00  1.5953040e+00  6.6399668e-02
8.1762927e+00  13318613  1.4412930e+00  1.4399282e+00  5.7084325e-02
8.6593661e+00  15819192  1.3012186e+00  1.3000036e+00  4.9067337e-02
9.1709925e+00  18795348  1.1729604e+00  1.1718404e+00  4.2160057e-02
9.7128705e+00  22326034  1.0563398e+00  1.0553324e+00  3.6218732e-02
1.0286736e+01  26520842  9.5046508e-01  9.4953518e-01  3.1107407e-02
1.0894484e+01  31503438  8.5539597e-01  8.5457951e-01  2.6718116e-02
1.1538156e+01  37426927  7.6966969e-01  7.6893249e-01  2.2942597e-02
1.2220385e+01  44525830  6.9298798e-01  6.9232028e-01  1.9693719e-02
