# Power spectrum from CO𝘕CEPT job 4547567 at t = 2.3140596 Gyr, a = 0.26315789
#
# Components:
#   0: matter  (upstream grid size 1024)
#
#                           grid size 1024
# ╭────────────────────────────────────────────────────────────────╮
#                         component 0    (corrected)      (linear)
#                        σ₈ = 2.55e-01  σ₈ = 2.55e-01  σ₈ = 2.52e-01
#  k [Mpc⁻¹]    modes       P [Mpc³]       P [Mpc³]       P [Mpc³]
2.4543693e-02         3  5.6133381e+03  5.6133381e+03  5.6506495e+03
4.6570361e-02        25  3.0165755e+03  3.0673690e+03  3.0773067e+03
8.3521561e-02       124  1.3279472e+03  1.3044179e+03  1.3240383e+03
1.3383638e-01       418  6.1231535e+02  6.0714973e+02  5.8761886e+02
1.8592088e-01       730  3.2922317e+02  3.3615416e+02  3.3128378e+02
2.3260504e-01      1012  2.2311173e+02  2.2138446e+02  1.9924916e+02
2.7635505e-01      1408  1.6542381e+02  1.6562246e+02  1.4511977e+02
3.1919121e-01      1841  1.2241233e+02  1.2176207e+02  1.0344566e+02
3.6464415e-01      2698  9.5904604e+01  9.5311274e+01  7.9136476e+01
4.1290034e-01      3532  7.5080157e+01  7.5696937e+01  6.0920720e+01
4.6319578e-01      4702  5.9736239e+01  5.8600363e+01  4.5334644e+01
5.1570195e-01      6019  5.0314122e+01  5.0878472e+01  3.7577538e+01
5.7047444e-01      7766  4.1344744e+01  4.1302331e+01  2.8917841e+01
6.2844883e-01     10012  3.5534849e+01  3.4973580e+01  2.2951542e+01
6.8955465e-01     12589  2.9768102e+01  2.9856253e+01  1.9059184e+01
7.5323141e-01     15650  2.5559328e+01  2.5777404e+01  1.5483477e+01
8.2032763e-01     19757  2.1938404e+01  2.1869313e+01  1.2445112e+01
8.9088605e-01     24241  1.9206806e+01  1.9012162e+01  1.0202087e+01
9.6481958e-01     29993  1.6771029e+01  1.6634494e+01  8.4975723e+00
1.0423453e+00     36494  1.4662554e+01  1.4582049e+01  7.0870784e+00
1.1237267e+00     44825  1.3057927e+01  1.3002061e+01  5.9275062e+00
1.2089588e+00     53906  1.1632412e+01  1.1600316e+01  4.9708954e+00
1.2983336e+00     65729  1.0388660e+01  1.0359322e+01  4.1757514e+00
1.3921058e+00     78746  9.3312249e+00  9.3017857e+00  3.5192639e+00
1.4900211e+00     94374  8.3873037e+00  8.3612968e+00  2.9757012e+00
1.5921784e+00    112166  7.5950747e+00  7.5887359e+00  2.5293648e+00
1.6991083e+00    134373  6.8758031e+00  6.8766890e+00  2.1588567e+00
1.8110248e+00    159077  6.2818514e+00  6.2734542e+00  1.8409988e+00
1.9277595e+00    188172  5.7484968e+00  5.7414002e+00  1.5762519e+00
2.0497441e+00    222492  5.2803354e+00  5.2780980e+00  1.3531802e+00
2.1771282e+00    261771  4.8463751e+00  4.8421873e+00  1.1631973e+00
2.3098450e+00    306759  4.4586506e+00  4.4552116e+00  1.0027021e+00
2.4484375e+00    360898  4.1291129e+00  4.1256234e+00  8.6589868e-01
2.5937215e+00    425046  3.8260161e+00  3.8228290e+00  7.4872463e-01
2.7470320e+00    505555  3.5392364e+00  3.5361068e+00  6.4745747e-01
2.9094444e+00    600292  3.2679795e+00  3.2650470e+00  5.5962499e-01
3.0813867e+00    712930  3.0207710e+00  3.0180980e+00  4.8361181e-01
3.2634403e+00    846715  2.8018179e+00  2.7993273e+00  4.1776431e-01
3.4562097e+00   1005596  2.5989043e+00  2.5966199e+00  3.6078456e-01
3.6603648e+00   1194719  2.4110181e+00  2.4088830e+00  3.1146494e-01
3.8766358e+00   1419743  2.2338755e+00  2.2318690e+00  2.6877406e-01
4.1057220e+00   1686576  2.0625539e+00  2.0607036e+00  2.3187275e-01
4.3483372e+00   2003484  1.9081953e+00  1.9064764e+00  1.9996437e-01
4.6052142e+00   2378778  1.7632287e+00  1.7616309e+00  1.7239749e-01
4.8773359e+00   2828400  1.6238116e+00  1.6223312e+00  1.4858224e-01
5.1655179e+00   3356890  1.4945928e+00  1.4932294e+00  1.2802199e-01
5.4707002e+00   3990317  1.3749159e+00  1.3736618e+00  1.1027968e-01
5.7939476e+00   4738457  1.2642633e+00  1.2630885e+00  9.4959363e-02
6.1362572e+00   5629661  1.1630834e+00  1.1620263e+00  8.1751611e-02
6.4988210e+00   6687903  1.0717591e+00  1.0707587e+00  7.0355032e-02
6.8828355e+00   7945758  9.8930905e-01  9.8839252e-01  6.0534684e-02
7.2895050e+00   9436555  9.1209827e-01  9.1125426e-01  5.2069542e-02
7.7201584e+00  11210320  8.4151498e-01  8.4071501e-01  4.4777652e-02
8.1762927e+00  13318613  7.7663093e-01  7.7589552e-01  3.8495845e-02
8.6593661e+00  15819192  7.1702444e-01  7.1635492e-01  3.3089579e-02
9.1709925e+00  18795348  6.6119813e-01  6.6056681e-01  2.8431640e-02
9.7128705e+00  22326034  6.0841486e-01  6.0783465e-01  2.4425091e-02
1.0286736e+01  26520842  5.5929769e-01  5.5875050e-01  2.0978250e-02
1.0894484e+01  31503438  5.1378025e-01  5.1328985e-01  1.8018311e-02
1.1538156e+01  37426927  4.7230093e-01  4.7184855e-01  1.5472267e-02
1.2220385e+01  44525830  4.3344419e-01  4.3302656e-01  1.3281362e-02
