# Power spectrum from CO𝘕CEPT job 4547567 at t = 10.261763 Gyr, a = 0.76923077
#
# Components:
#   0: matter  (upstream grid size 1024)
#
#                           grid size 1024
# ╭────────────────────────────────────────────────────────────────╮
#                         component 0    (corrected)      (linear)
#                        σ₈ = 6.94e-01  σ₈ = 6.93e-01  σ₈ = 6.45e-01
#  k [Mpc⁻¹]    modes       P [Mpc³]       P [Mpc³]       P [Mpc³]
2.4543693e-02         3  3.6136111e+04  3.6136111e+04  3.7022174e+04
4.6570361e-02        25  1.9437701e+04  1.9764996e+04  2.0152982e+04
8.3521561e-02       124  8.9985904e+03  8.8391482e+03  8.6695228e+03
1.3383638e-01       418  4.4201256e+03  4.3828365e+03  3.8473945e+03
1.8592088e-01       730  2.5856462e+03  2.6400807e+03  2.1690196e+03
2.3260504e-01      1012  1.9281634e+03  1.9132362e+03  1.3045380e+03
2.7635505e-01      1408  1.5681598e+03  1.5700430e+03  9.5013476e+02
3.1919121e-01      1841  1.3518347e+03  1.3446538e+03  6.7728258e+02
3.6464415e-01      2698  1.0916601e+03  1.0849064e+03  5.1812392e+02
4.1290034e-01      3532  9.7181976e+02  9.7980321e+02  3.9886087e+02
4.6319578e-01      4702  8.4579829e+02  8.2971556e+02  2.9681526e+02
5.1570195e-01      6019  7.6602786e+02  7.7462003e+02  2.4602771e+02
5.7047444e-01      7766  6.9580608e+02  6.9509229e+02  1.8933082e+02
6.2844883e-01     10012  6.2075627e+02  6.1095151e+02  1.5026820e+02
6.8955465e-01     12589  5.6504603e+02  5.6671927e+02  1.2478412e+02
7.5323141e-01     15650  5.2113878e+02  5.2558521e+02  1.0137324e+02
8.2032763e-01     19757  4.8223162e+02  4.8071292e+02  8.1480459e+01
8.9088605e-01     24241  4.4418247e+02  4.3968109e+02  6.6794928e+01
9.6481958e-01     29993  4.0116900e+02  3.9790303e+02  5.5635137e+01
1.0423453e+00     36494  3.7214078e+02  3.7009754e+02  4.6400359e+01
1.1237267e+00     44825  3.3880681e+02  3.3735727e+02  3.8808417e+01
1.2089588e+00     53906  3.1148985e+02  3.1063040e+02  3.2545303e+01
1.2983336e+00     65729  2.8752974e+02  2.8671773e+02  2.7339345e+01
1.3921058e+00     78746  2.6423653e+02  2.6340289e+02  2.3041197e+01
1.4900211e+00     94374  2.4087727e+02  2.4013038e+02  1.9482391e+01
1.5921784e+00    112166  2.1913858e+02  2.1895569e+02  1.6560144e+01
1.6991083e+00    134373  1.9879683e+02  1.9882245e+02  1.4134359e+01
1.8110248e+00    159077  1.8120674e+02  1.8096452e+02  1.2053285e+01
1.9277595e+00    188172  1.6549078e+02  1.6528648e+02  1.0319940e+01
2.0497441e+00    222492  1.5016821e+02  1.5010458e+02  8.8594492e+00
2.1771282e+00    261771  1.3617019e+02  1.3605252e+02  7.6155972e+00
2.3098450e+00    306759  1.2344462e+02  1.2334941e+02  6.5648070e+00
2.4484375e+00    360898  1.1166699e+02  1.1157262e+02  5.6691312e+00
2.5937215e+00    425046  1.0093916e+02  1.0085508e+02  4.9019726e+00
2.7470320e+00    505555  9.1438287e+01  9.1357433e+01  4.2389595e+00
2.9094444e+00    600292  8.2329142e+01  8.2255265e+01  3.6639056e+00
3.0813867e+00    712930  7.3784178e+01  7.3718889e+01  3.1662350e+00
3.2634403e+00    846715  6.6572067e+01  6.6512889e+01  2.7351209e+00
3.4562097e+00   1005596  6.0002482e+01  5.9949742e+01  2.3620657e+00
3.6603648e+00   1194719  5.3760225e+01  5.3712617e+01  2.0391626e+00
3.8766358e+00   1419743  4.8167541e+01  4.8124277e+01  1.7596593e+00
4.1057220e+00   1686576  4.3277332e+01  4.3238508e+01  1.5180612e+00
4.3483372e+00   2003484  3.8710669e+01  3.8675800e+01  1.3091528e+00
4.6052142e+00   2378778  3.4521979e+01  3.4490697e+01  1.1286689e+00
4.8773359e+00   2828400  3.0832631e+01  3.0804521e+01  9.7274764e-01
5.1655179e+00   3356890  2.7522276e+01  2.7497169e+01  8.3813741e-01
5.4707002e+00   3990317  2.4545296e+01  2.4522907e+01  7.2197677e-01
5.7939476e+00   4738457  2.1879740e+01  2.1859409e+01  6.2167330e-01
6.1362572e+00   5629661  1.9481591e+01  1.9463885e+01  5.3520116e-01
6.4988210e+00   6687903  1.7338303e+01  1.7322120e+01  4.6058707e-01
6.8828355e+00   7945758  1.5416433e+01  1.5402151e+01  3.9629281e-01
7.2895050e+00   9436555  1.3699856e+01  1.3687179e+01  3.4087131e-01
7.7201584e+00  11210320  1.2140833e+01  1.2129291e+01  2.9313128e-01
8.1762927e+00  13318613  1.0756593e+01  1.0746408e+01  2.5200440e-01
8.6593661e+00  15819192  9.5276139e+00  9.5187176e+00  2.1660983e-01
9.1709925e+00  18795348  8.4407544e+00  8.4326950e+00  1.8611467e-01
9.7128705e+00  22326034  7.4642724e+00  7.4571542e+00  1.5988423e-01
1.0286736e+01  26520842  6.5958170e+00  6.5893639e+00  1.3731826e-01
1.0894484e+01  31503438  5.8223786e+00  5.8168212e+00  1.1794009e-01
1.1538156e+01  37426927  5.1351132e+00  5.1301947e+00  1.0127173e-01
1.2220385e+01  44525830  4.5267041e+00  4.5223425e+00  8.6928531e-02
