# Power spectrum from CO𝘕CEPT job 4547567 at t = 6.7615801 Gyr, a = 0.55555556
#
# Components:
#   0: matter  (upstream grid size 1024)
#
#                           grid size 1024
# ╭────────────────────────────────────────────────────────────────╮
#                         component 0    (corrected)      (linear)
#                        σ₈ = 5.27e-01  σ₈ = 5.27e-01  σ₈ = 5.03e-01
#  k [Mpc⁻¹]    modes       P [Mpc³]       P [Mpc³]       P [Mpc³]
2.4543693e-02         3  2.2155220e+04  2.2155220e+04  2.2533426e+04
4.6570361e-02        25  1.1925170e+04  1.2125967e+04  1.2267835e+04
8.3521561e-02       124  5.3592676e+03  5.2643090e+03  5.2777568e+03
1.3383638e-01       418  2.5800276e+03  2.5582619e+03  2.3422293e+03
1.8592088e-01       730  1.4576498e+03  1.4883371e+03  1.3204713e+03
2.3260504e-01      1012  1.0597630e+03  1.0515587e+03  7.9418805e+02
2.7635505e-01      1408  8.3024366e+02  8.3124071e+02  5.7843213e+02
3.1919121e-01      1841  6.7921421e+02  6.7560623e+02  4.1232291e+02
3.6464415e-01      2698  5.4079466e+02  5.3744895e+02  3.1542889e+02
4.1290034e-01      3532  4.7131274e+02  4.7518455e+02  2.4282279e+02
4.6319578e-01      4702  4.0150163e+02  3.9386714e+02  1.8069843e+02
5.1570195e-01      6019  3.4811935e+02  3.5202404e+02  1.4977947e+02
5.7047444e-01      7766  3.0107609e+02  3.0076723e+02  1.1526293e+02
6.2844883e-01     10012  2.6761797e+02  2.6339098e+02  9.1481969e+01
6.8955465e-01     12589  2.4359111e+02  2.4431245e+02  7.5967493e+01
7.5323141e-01     15650  2.2088877e+02  2.2277342e+02  6.1715161e+01
8.2032763e-01     19757  1.9549391e+02  1.9487824e+02  4.9604613e+01
8.9088605e-01     24241  1.8105479e+02  1.7921996e+02  4.0664191e+01
9.6481958e-01     29993  1.6510323e+02  1.6375910e+02  3.3870207e+01
1.0423453e+00     36494  1.5130796e+02  1.5047720e+02  2.8248155e+01
1.1237267e+00     44825  1.3992754e+02  1.3932888e+02  2.3626246e+01
1.2089588e+00     53906  1.2982692e+02  1.2946871e+02  1.9813316e+01
1.2983336e+00     65729  1.2043811e+02  1.2009798e+02  1.6643973e+01
1.3921058e+00     78746  1.1114625e+02  1.1079559e+02  1.4027297e+01
1.4900211e+00     94374  1.0248823e+02  1.0217044e+02  1.1860726e+01
1.5921784e+00    112166  9.4424177e+01  9.4345372e+01  1.0081686e+01
1.6991083e+00    134373  8.7005946e+01  8.7017156e+01  8.6048891e+00
1.8110248e+00    159077  8.0143882e+01  8.0036750e+01  7.3379487e+00
1.9277595e+00    188172  7.3605423e+01  7.3514555e+01  6.2827025e+00
2.0497441e+00    222492  6.7483701e+01  6.7455107e+01  5.3935680e+00
2.1771282e+00    261771  6.1893915e+01  6.1840432e+01  4.6363212e+00
2.3098450e+00    306759  5.6687648e+01  5.6643924e+01  3.9966087e+00
2.4484375e+00    360898  5.1635657e+01  5.1592020e+01  3.4513286e+00
2.5937215e+00    425046  4.7173528e+01  4.7134232e+01  2.9842886e+00
2.7470320e+00    505555  4.2933429e+01  4.2895466e+01  2.5806516e+00
2.9094444e+00    600292  3.9171013e+01  3.9135863e+01  2.2305634e+00
3.0813867e+00    712930  3.5489038e+01  3.5457635e+01  1.9275855e+00
3.2634403e+00    846715  3.2249278e+01  3.2220610e+01  1.6651266e+00
3.4562097e+00   1005596  2.9137209e+01  2.9111599e+01  1.4380135e+00
3.6603648e+00   1194719  2.6176364e+01  2.6153182e+01  1.2414326e+00
3.8766358e+00   1419743  2.3499573e+01  2.3478466e+01  1.0712731e+00
4.1057220e+00   1686576  2.1116750e+01  2.1097806e+01  9.2418996e-01
4.3483372e+00   2003484  1.8955284e+01  1.8938209e+01  7.9700804e-01
4.6052142e+00   2378778  1.7021559e+01  1.7006135e+01  6.8713077e-01
4.8773359e+00   2828400  1.5200713e+01  1.5186854e+01  5.9220699e-01
5.1655179e+00   3356890  1.3601183e+01  1.3588775e+01  5.1025721e-01
5.4707002e+00   3990317  1.2144429e+01  1.2133351e+01  4.3953938e-01
5.7939476e+00   4738457  1.0814110e+01  1.0804061e+01  3.7847527e-01
6.1362572e+00   5629661  9.6330017e+00  9.6242466e+00  3.2583156e-01
6.4988210e+00   6687903  8.5735282e+00  8.5655255e+00  2.8040694e-01
6.8828355e+00   7945758  7.6454984e+00  7.6384153e+00  2.4126495e-01
7.2895050e+00   9436555  6.7927107e+00  6.7864251e+00  2.0752462e-01
7.7201584e+00  11210320  6.0301469e+00  6.0244144e+00  1.7846071e-01
8.1762927e+00  13318613  5.3567065e+00  5.3516342e+00  1.5342284e-01
8.6593661e+00  15819192  4.7576522e+00  4.7532098e+00  1.3187476e-01
9.1709925e+00  18795348  4.2164087e+00  4.2123828e+00  1.1330940e-01
9.7128705e+00  22326034  3.7348434e+00  3.7312818e+00  9.7340366e-02
1.0286736e+01  26520842  3.3058912e+00  3.3026569e+00  8.3602243e-02
1.0894484e+01  31503438  2.9263166e+00  2.9235235e+00  7.1804824e-02
1.1538156e+01  37426927  2.5877547e+00  2.5852761e+00  6.1657129e-02
1.2220385e+01  44525830  2.2855370e+00  2.2833348e+00  5.2924966e-02
