# Power spectrum from CO𝘕CEPT job 4547567 at t = 3.2780774 Gyr, a = 0.33333333
#
# Components:
#   0: matter  (upstream grid size 1024)
#
#                           grid size 1024
# ╭────────────────────────────────────────────────────────────────╮
#                         component 0    (corrected)      (linear)
#                        σ₈ = 3.23e-01  σ₈ = 3.23e-01  σ₈ = 3.17e-01
#  k [Mpc⁻¹]    modes       P [Mpc³]       P [Mpc³]       P [Mpc³]
2.4543693e-02         3  8.8436794e+03  8.8436794e+03  8.9231109e+03
4.6570361e-02        25  4.7557658e+03  4.8358440e+03  4.8590544e+03
8.3521561e-02       124  2.0972716e+03  2.0601109e+03  2.0905889e+03
1.3383638e-01       418  9.7951795e+02  9.7125453e+02  9.2781179e+02
1.8592088e-01       730  5.3107617e+02  5.4225669e+02  5.2307393e+02
2.3260504e-01      1012  3.6773069e+02  3.6488383e+02  3.1460013e+02
2.7635505e-01      1408  2.7566260e+02  2.7599365e+02  2.2913357e+02
3.1919121e-01      1841  2.0957882e+02  2.0846555e+02  1.6333312e+02
3.6464415e-01      2698  1.6508675e+02  1.6406542e+02  1.2495067e+02
4.1290034e-01      3532  1.3215312e+02  1.3323875e+02  9.6189308e+01
4.6319578e-01      4702  1.0744182e+02  1.0539883e+02  7.1580038e+01
5.1570195e-01      6019  9.0934810e+01  9.1954783e+01  5.9332135e+01
5.7047444e-01      7766  7.6150837e+01  7.6072718e+01  4.5659113e+01
6.2844883e-01     10012  6.6661109e+01  6.5608205e+01  3.6238768e+01
6.8955465e-01     12589  5.7465552e+01  5.7635722e+01  3.0093023e+01
7.5323141e-01     15650  5.0196370e+01  5.0624653e+01  2.4447248e+01
8.2032763e-01     19757  4.3444791e+01  4.3307969e+01  1.9649896e+01
8.9088605e-01     24241  3.9003167e+01  3.8607906e+01  1.6108326e+01
9.6481958e-01     29993  3.4440243e+01  3.4159860e+01  1.3417025e+01
1.0423453e+00     36494  3.0852970e+01  3.0683571e+01  1.1189960e+01
1.1237267e+00     44825  2.8026658e+01  2.7906750e+01  9.3590826e+00
1.2089588e+00     53906  2.5432306e+01  2.5362133e+01  7.8486657e+00
1.2983336e+00     65729  2.3075502e+01  2.3010335e+01  6.5931929e+00
1.3921058e+00     78746  2.1096034e+01  2.1029477e+01  5.5566483e+00
1.4900211e+00     94374  1.9235679e+01  1.9176034e+01  4.6984037e+00
1.5921784e+00    112166  1.7706310e+01  1.7691532e+01  3.9936719e+00
1.6991083e+00    134373  1.6234889e+01  1.6236981e+01  3.4086676e+00
1.8110248e+00    159077  1.5003734e+01  1.4983678e+01  2.9067938e+00
1.9277595e+00    188172  1.3879476e+01  1.3862342e+01  2.4887785e+00
2.0497441e+00    222492  1.2898254e+01  1.2892789e+01  2.1365652e+00
2.1771282e+00    261771  1.1998363e+01  1.1987995e+01  1.8365965e+00
2.3098450e+00    306759  1.1114477e+01  1.1105905e+01  1.5831867e+00
2.4484375e+00    360898  1.0348381e+01  1.0339636e+01  1.3671845e+00
2.5937215e+00    425046  9.6144097e+00  9.6064009e+00  1.1821755e+00
2.7470320e+00    505555  8.9214467e+00  8.9135579e+00  1.0222824e+00
2.9094444e+00    600292  8.2670920e+00  8.2596736e+00  8.8360164e-01
3.0813867e+00    712930  7.6780184e+00  7.6712244e+00  7.6358265e-01
3.2634403e+00    846715  7.1055077e+00  7.0991914e+00  6.5961452e-01
3.4562097e+00   1005596  6.5556195e+00  6.5498573e+00  5.6964789e-01
3.6603648e+00   1194719  6.0512175e+00  6.0458587e+00  4.9177601e-01
3.8766358e+00   1419743  5.5603785e+00  5.5553843e+00  4.2437044e-01
4.1057220e+00   1686576  5.1091904e+00  5.1046070e+00  3.6610615e-01
4.3483372e+00   2003484  4.6721427e+00  4.6679342e+00  3.1572532e-01
4.6052142e+00   2378778  4.2729398e+00  4.2690680e+00  2.7219940e-01
4.8773359e+00   2828400  3.8959990e+00  3.8924470e+00  2.3459701e-01
5.1655179e+00   3356890  3.5477691e+00  3.5445326e+00  2.0213402e-01
5.4707002e+00   3990317  3.2169485e+00  3.2140143e+00  1.7412035e-01
5.7939476e+00   4738457  2.9150724e+00  2.9123636e+00  1.4993081e-01
6.1362572e+00   5629661  2.6394520e+00  2.6370531e+00  1.2907686e-01
6.4988210e+00   6687903  2.3897867e+00  2.3875560e+00  1.1108261e-01
6.8828355e+00   7945758  2.1608110e+00  2.1588091e+00  9.5577114e-02
7.2895050e+00   9436555  1.9500653e+00  1.9482608e+00  8.2211380e-02
7.7201584e+00  11210320  1.7599663e+00  1.7582932e+00  7.0698121e-02
8.1762927e+00  13318613  1.5851394e+00  1.5836384e+00  6.0779705e-02
8.6593661e+00  15819192  1.4267806e+00  1.4254483e+00  5.2243701e-02
9.1709925e+00  18795348  1.2824111e+00  1.2811866e+00  4.4889248e-02
9.7128705e+00  22326034  1.1528593e+00  1.1517599e+00  3.8563286e-02
1.0286736e+01  26520842  1.0341379e+00  1.0331261e+00  3.3121059e-02
1.0894484e+01  31503438  9.2819228e-01  9.2730633e-01  2.8447610e-02
1.1538156e+01  37426927  8.3289433e-01  8.3209658e-01  2.4427670e-02
1.2220385e+01  44525830  7.4759894e-01  7.4687862e-01  2.0968466e-02
