# Power spectrum from CO𝘕CEPT job 4547567 at t = 3.6250828 Gyr, a = 0.35714286
#
# Components:
#   0: matter  (upstream grid size 1024)
#
#                           grid size 1024
# ╭────────────────────────────────────────────────────────────────╮
#                         component 0    (corrected)      (linear)
#                        σ₈ = 3.46e-01  σ₈ = 3.46e-01  σ₈ = 3.38e-01
#  k [Mpc⁻¹]    modes       P [Mpc³]       P [Mpc³]       P [Mpc³]
2.4543693e-02         3  1.0074985e+04  1.0074985e+04  1.0173854e+04
4.6570361e-02        25  5.4189476e+03  5.5101927e+03  5.5399932e+03
8.3521561e-02       124  2.3923194e+03  2.3499309e+03  2.3835370e+03
1.3383638e-01       418  1.1217803e+03  1.1123167e+03  1.0578202e+03
1.8592088e-01       730  6.1047708e+02  6.2332920e+02  5.9636841e+02
2.3260504e-01      1012  4.2547822e+02  4.2218430e+02  3.5868258e+02
2.7635505e-01      1408  3.2022137e+02  3.2060593e+02  2.6124020e+02
3.1919121e-01      1841  2.4568908e+02  2.4438398e+02  1.8621964e+02
3.6464415e-01      2698  1.9380048e+02  1.9260150e+02  1.4245896e+02
4.1290034e-01      3532  1.5658500e+02  1.5787134e+02  1.0966751e+02
4.6319578e-01      4702  1.2803540e+02  1.2560082e+02  8.1609943e+01
5.1570195e-01      6019  1.0847957e+02  1.0969634e+02  6.7645843e+01
5.7047444e-01      7766  9.1393777e+01  9.1300022e+01  5.2056935e+01
6.2844883e-01     10012  8.0414116e+01  7.9143985e+01  4.1316596e+01
6.8955465e-01     12589  6.9883036e+01  7.0089978e+01  3.4309699e+01
7.5323141e-01     15650  6.1447222e+01  6.1971499e+01  2.7872830e+01
8.2032763e-01     19757  5.3338683e+01  5.3170702e+01  2.2403266e+01
8.9088605e-01     24241  4.8226637e+01  4.7737904e+01  1.8365446e+01
9.6481958e-01     29993  4.2674284e+01  4.2326866e+01  1.5297035e+01
1.0423453e+00     36494  3.8525207e+01  3.8313684e+01  1.2757911e+01
1.1237267e+00     44825  3.5071856e+01  3.4921807e+01  1.0670488e+01
1.2089588e+00     53906  3.2055819e+01  3.1967371e+01  8.9484297e+00
1.2983336e+00     65729  2.9171272e+01  2.9088890e+01  7.5170384e+00
1.3921058e+00     78746  2.6788297e+01  2.6703782e+01  6.3352518e+00
1.4900211e+00     94374  2.4516485e+01  2.4440466e+01  5.3567487e+00
1.5921784e+00    112166  2.2722506e+01  2.2703542e+01  4.5532690e+00
1.6991083e+00    134373  2.0790927e+01  2.0793606e+01  3.8862930e+00
1.8110248e+00    159077  1.9263038e+01  1.9237289e+01  3.3140961e+00
1.9277595e+00    188172  1.7827462e+01  1.7805453e+01  2.8375080e+00
2.0497441e+00    222492  1.6552022e+01  1.6545008e+01  2.4359420e+00
2.1771282e+00    261771  1.5444683e+01  1.5431337e+01  2.0939413e+00
2.3098450e+00    306759  1.4315713e+01  1.4304671e+01  1.8050235e+00
2.4484375e+00    360898  1.3331173e+01  1.3319907e+01  1.5587548e+00
2.5937215e+00    425046  1.2395891e+01  1.2385565e+01  1.3478222e+00
2.7470320e+00    505555  1.1507601e+01  1.1497425e+01  1.1655247e+00
2.9094444e+00    600292  1.0634544e+01  1.0625002e+01  1.0074118e+00
3.0813867e+00    712930  9.8541504e+00  9.8454308e+00  8.7057559e-01
3.2634403e+00    846715  9.1167553e+00  9.1086511e+00  7.5203933e-01
3.4562097e+00   1005596  8.4013390e+00  8.3939545e+00  6.4946649e-01
3.6603648e+00   1194719  7.7135382e+00  7.7067072e+00  5.6068314e-01
3.8766358e+00   1419743  7.0709003e+00  7.0645493e+00  4.8383264e-01
4.1057220e+00   1686576  6.4642405e+00  6.4584415e+00  4.1740431e-01
4.3483372e+00   2003484  5.8742275e+00  5.8689363e+00  3.5996410e-01
4.6052142e+00   2378778  5.3523478e+00  5.3474979e+00  3.1033929e-01
4.8773359e+00   2828400  4.8498548e+00  4.8454331e+00  2.6746804e-01
5.1655179e+00   3356890  4.3951161e+00  4.3911066e+00  2.3045632e-01
5.4707002e+00   3990317  3.9735448e+00  3.9699204e+00  1.9851738e-01
5.7939476e+00   4738457  3.5857298e+00  3.5823978e+00  1.7093840e-01
6.1362572e+00   5629661  3.2366258e+00  3.2336841e+00  1.4716240e-01
6.4988210e+00   6687903  2.9124794e+00  2.9097609e+00  1.2664680e-01
6.8828355e+00   7945758  2.6211460e+00  2.6187177e+00  1.0896868e-01
7.2895050e+00   9436555  2.3573125e+00  2.3551311e+00  9.3730151e-02
7.7201584e+00  11210320  2.1165215e+00  2.1145094e+00  8.0603666e-02
8.1762927e+00  13318613  1.8978718e+00  1.8960746e+00  6.9295496e-02
8.6593661e+00  15819192  1.7025247e+00  1.7009350e+00  5.9563441e-02
9.1709925e+00  18795348  1.5243780e+00  1.5229225e+00  5.1178498e-02
9.7128705e+00  22326034  1.3641774e+00  1.3628765e+00  4.3966159e-02
1.0286736e+01  26520842  1.2209599e+00  1.2197653e+00  3.7761384e-02
1.0894484e+01  31503438  1.0910810e+00  1.0900395e+00  3.2433109e-02
1.1538156e+01  37426927  9.7542707e-01  9.7449280e-01  2.7849911e-02
1.2220385e+01  44525830  8.7238690e-01  8.7154634e-01  2.3906022e-02
