# Power spectrum from CO𝘕CEPT job 4547567 at t = 2.9821734 Gyr, a = 0.3125
#
# Components:
#   0: matter  (upstream grid size 1024)
#
#                           grid size 1024
# ╭────────────────────────────────────────────────────────────────╮
#                         component 0    (corrected)      (linear)
#                        σ₈ = 3.03e-01  σ₈ = 3.03e-01  σ₈ = 2.98e-01
#  k [Mpc⁻¹]    modes       P [Mpc³]       P [Mpc³]       P [Mpc³]
2.4543693e-02         3  7.8199488e+03  7.8199488e+03  7.8846174e+03
4.6570361e-02        25  4.2044760e+03  4.2752716e+03  4.2936505e+03
8.3521561e-02       124  1.8527672e+03  1.8199388e+03  1.8473421e+03
1.3383638e-01       418  8.6217334e+02  8.5489987e+02  8.1986004e+02
1.8592088e-01       730  4.6608879e+02  4.7590116e+02  4.6221420e+02
2.3260504e-01      1012  3.2079015e+02  3.1830669e+02  2.7799645e+02
2.7635505e-01      1408  2.3966255e+02  2.3995037e+02  2.0247395e+02
3.1919121e-01      1841  1.8073665e+02  1.7977658e+02  1.4432937e+02
3.6464415e-01      2698  1.4216978e+02  1.4129022e+02  1.1041271e+02
4.1290034e-01      3532  1.1296150e+02  1.1388947e+02  8.4997731e+01
4.6319578e-01      4702  9.1311093e+01  8.9574825e+01  6.3251740e+01
5.1570195e-01      6019  7.7194015e+01  7.8059863e+01  5.2428876e+01
5.7047444e-01      7766  6.4276193e+01  6.4210256e+01  4.0346704e+01
6.2844883e-01     10012  5.6002092e+01  5.5117546e+01  3.2022411e+01
6.8955465e-01     12589  4.7882515e+01  4.8024308e+01  2.6591720e+01
7.5323141e-01     15650  4.1589653e+01  4.1944502e+01  2.1602827e+01
8.2032763e-01     19757  3.5906101e+01  3.5793021e+01  1.7363645e+01
8.9088605e-01     24241  3.2010491e+01  3.1686094e+01  1.4234134e+01
9.6481958e-01     29993  2.8200901e+01  2.7971313e+01  1.1855964e+01
1.0423453e+00     36494  2.5081082e+01  2.4943374e+01  9.8880172e+00
1.1237267e+00     44825  2.2686484e+01  2.2589423e+01  8.2701608e+00
1.2089588e+00     53906  2.0454585e+01  2.0398147e+01  6.9354800e+00
1.2983336e+00     65729  1.8499077e+01  1.8446835e+01  5.8260807e+00
1.3921058e+00     78746  1.6826361e+01  1.6773276e+01  4.9101373e+00
1.4900211e+00     94374  1.5267952e+01  1.5220610e+01  4.1517489e+00
1.5921784e+00    112166  1.3996324e+01  1.3984643e+01  3.5290122e+00
1.6991083e+00    134373  1.2811416e+01  1.2813066e+01  3.0120726e+00
1.8110248e+00    159077  1.1807380e+01  1.1791597e+01  2.5685915e+00
1.9277595e+00    188172  1.0880402e+01  1.0866970e+01  2.1992120e+00
2.0497441e+00    222492  1.0106354e+01  1.0102072e+01  1.8879784e+00
2.1771282e+00    261771  9.3570943e+00  9.3490088e+00  1.6229109e+00
2.3098450e+00    306759  8.6623798e+00  8.6556984e+00  1.3989851e+00
2.4484375e+00    360898  8.0392738e+00  8.0324799e+00  1.2081146e+00
2.5937215e+00    425046  7.4767338e+00  7.4705057e+00  1.0446313e+00
2.7470320e+00    505555  6.9465720e+00  6.9404296e+00  9.0334159e-01
2.9094444e+00    600292  6.4569780e+00  6.4511839e+00  7.8079619e-01
3.0813867e+00    712930  5.9972861e+00  5.9919793e+00  6.7474130e-01
3.2634403e+00    846715  5.5548440e+00  5.5499061e+00  5.8286976e-01
3.4562097e+00   1005596  5.1477529e+00  5.1432282e+00  5.0337066e-01
3.6603648e+00   1194719  4.7627723e+00  4.7585545e+00  4.3455909e-01
3.8766358e+00   1419743  4.3896330e+00  4.3856903e+00  3.7499609e-01
4.1057220e+00   1686576  4.0436155e+00  4.0399880e+00  3.2351078e-01
4.3483372e+00   2003484  3.7134466e+00  3.7101017e+00  2.7899170e-01
4.6052142e+00   2378778  3.4080116e+00  3.4049235e+00  2.4052996e-01
4.8773359e+00   2828400  3.1205779e+00  3.1177329e+00  2.0730256e-01
5.1655179e+00   3356890  2.8519802e+00  2.8493784e+00  1.7861659e-01
5.4707002e+00   3990317  2.5964465e+00  2.5940782e+00  1.5386227e-01
5.7939476e+00   4738457  2.3659129e+00  2.3637144e+00  1.3248715e-01
6.1362572e+00   5629661  2.1520338e+00  2.1500779e+00  1.1405952e-01
6.4988210e+00   6687903  1.9577104e+00  1.9558830e+00  9.8158866e-02
6.8828355e+00   7945758  1.7782946e+00  1.7766471e+00  8.4457398e-02
7.2895050e+00   9436555  1.6112001e+00  1.6097092e+00  7.2646737e-02
7.7201584e+00  11210320  1.4574539e+00  1.4560684e+00  6.2473017e-02
8.1762927e+00  13318613  1.3204373e+00  1.3191870e+00  5.3708582e-02
8.6593661e+00  15819192  1.1963318e+00  1.1952147e+00  4.6165716e-02
9.1709925e+00  18795348  1.0800998e+00  1.0790685e+00  3.9666929e-02
9.7128705e+00  22326034  9.7501107e-01  9.7408127e-01  3.4076969e-02
1.0286736e+01  26520842  8.8015484e-01  8.7929373e-01  2.9267924e-02
1.0894484e+01  31503438  7.9343856e-01  7.9268124e-01  2.5138211e-02
1.1538156e+01  37426927  7.1584116e-01  7.1515552e-01  2.1585971e-02
1.2220385e+01  44525830  6.4589227e-01  6.4526994e-01  1.8529227e-02
