# Power spectrum from CO𝘕CEPT job 4547567 at t = 5.8535475 Gyr, a = 0.5
#
# Components:
#   0: matter  (upstream grid size 1024)
#
#                           grid size 1024
# ╭────────────────────────────────────────────────────────────────╮
#                         component 0    (corrected)      (linear)
#                        σ₈ = 4.79e-01  σ₈ = 4.78e-01  σ₈ = 4.60e-01
#  k [Mpc⁻¹]    modes       P [Mpc³]       P [Mpc³]       P [Mpc³]
2.4543693e-02         3  1.8540711e+04  1.8540711e+04  1.8819201e+04
4.6570361e-02        25  9.9791465e+03  1.0147177e+04  1.0246193e+04
8.3521561e-02       124  4.4560901e+03  4.3771346e+03  4.4081061e+03
1.3383638e-01       418  2.1317319e+03  2.1137482e+03  1.9562964e+03
1.8592088e-01       730  1.1916001e+03  1.2166863e+03  1.1028973e+03
2.3260504e-01      1012  8.5778138e+02  8.5114069e+02  6.6333023e+02
2.7635505e-01      1408  6.6385446e+02  6.6465169e+02  4.8312446e+02
3.1919121e-01      1841  5.3446021e+02  5.3162117e+02  3.4438497e+02
3.6464415e-01      2698  4.2436888e+02  4.2174345e+02  2.6345610e+02
4.1290034e-01      3532  3.6382711e+02  3.6681593e+02  2.0281324e+02
4.6319578e-01      4702  3.0575384e+02  2.9993998e+02  1.5092503e+02
5.1570195e-01      6019  2.6205971e+02  2.6499910e+02  1.2510055e+02
5.7047444e-01      7766  2.2472209e+02  2.2449156e+02  9.6271252e+01
6.2844883e-01     10012  2.0132387e+02  1.9814398e+02  7.6408644e+01
6.8955465e-01     12589  1.8079173e+02  1.8132710e+02  6.3450464e+01
7.5323141e-01     15650  1.6303231e+02  1.6442332e+02  5.1546466e+01
8.2032763e-01     19757  1.4408727e+02  1.4363349e+02  4.1431352e+01
8.9088605e-01     24241  1.3337188e+02  1.3202027e+02  3.3964028e+01
9.6481958e-01     29993  1.2046225e+02  1.1948155e+02  2.8289478e+01
1.0423453e+00     36494  1.1118165e+02  1.1057120e+02  2.3593761e+01
1.1237267e+00     44825  1.0178899e+02  1.0135350e+02  1.9733396e+01
1.2089588e+00     53906  9.4174304e+01  9.3914460e+01  1.6548716e+01
1.2983336e+00     65729  8.7063627e+01  8.6817753e+01  1.3901580e+01
1.3921058e+00     78746  7.9638196e+01  7.9386944e+01  1.1716049e+01
1.4900211e+00     94374  7.3730024e+01  7.3501406e+01  9.9064598e+00
1.5921784e+00    112166  6.7874916e+01  6.7818268e+01  8.4205492e+00
1.6991083e+00    134373  6.2911301e+01  6.2919407e+01  7.1870810e+00
1.8110248e+00    159077  5.8275033e+01  5.8197134e+01  6.1288920e+00
1.9277595e+00    188172  5.3672423e+01  5.3606164e+01  5.2475166e+00
2.0497441e+00    222492  4.9589903e+01  4.9568891e+01  4.5048831e+00
2.1771282e+00    261771  4.5783527e+01  4.5743965e+01  3.8724064e+00
2.3098450e+00    306759  4.1991458e+01  4.1959070e+01  3.3380981e+00
2.4484375e+00    360898  3.8703257e+01  3.8670549e+01  2.8826627e+00
2.5937215e+00    425046  3.5489465e+01  3.5459902e+01  2.4925760e+00
2.7470320e+00    505555  3.2506510e+01  3.2477766e+01  2.1554454e+00
2.9094444e+00    600292  2.9705352e+01  2.9678696e+01  1.8630405e+00
3.0813867e+00    712930  2.7084113e+01  2.7060147e+01  1.6099836e+00
3.2634403e+00    846715  2.4552089e+01  2.4530264e+01  1.3907695e+00
3.4562097e+00   1005596  2.2304547e+01  2.2284942e+01  1.2010773e+00
3.6603648e+00   1194719  2.0173605e+01  2.0155740e+01  1.0368866e+00
3.8766358e+00   1419743  1.8188555e+01  1.8172218e+01  8.9476385e-01
4.1057220e+00   1686576  1.6401404e+01  1.6386690e+01  7.7191529e-01
4.3483372e+00   2003484  1.4813507e+01  1.4800163e+01  6.6568882e-01
4.6052142e+00   2378778  1.3299553e+01  1.3287502e+01  5.7391576e-01
4.8773359e+00   2828400  1.1905338e+01  1.1894484e+01  4.9463232e-01
5.1655179e+00   3356890  1.0681037e+01  1.0671293e+01  4.2618517e-01
5.4707002e+00   3990317  9.5554973e+00  9.5467814e+00  3.6711932e-01
5.7939476e+00   4738457  8.5284858e+00  8.5205608e+00  3.1611656e-01
6.1362572e+00   5629661  7.6058434e+00  7.5989307e+00  2.7214679e-01
6.4988210e+00   6687903  6.7770242e+00  6.7706984e+00  2.3420664e-01
6.8828355e+00   7945758  6.0411224e+00  6.0355257e+00  2.0151393e-01
7.2895050e+00   9436555  5.3745013e+00  5.3695280e+00  1.7333288e-01
7.7201584e+00  11210320  4.7790630e+00  4.7745199e+00  1.4905772e-01
8.1762927e+00  13318613  4.2409192e+00  4.2369034e+00  1.2814523e-01
8.6593661e+00  15819192  3.7611499e+00  3.7576380e+00  1.1014753e-01
9.1709925e+00  18795348  3.3395016e+00  3.3363129e+00  9.4641091e-02
9.7128705e+00  22326034  2.9612131e+00  2.9583892e+00  8.1303195e-02
1.0286736e+01  26520842  2.6233452e+00  2.6207786e+00  6.9828625e-02
1.0894484e+01  31503438  2.3229403e+00  2.3207230e+00  5.9974996e-02
1.1538156e+01  37426927  2.0605395e+00  2.0585659e+00  5.1499269e-02
1.2220385e+01  44525830  1.8244274e+00  1.8226696e+00  4.4205840e-02
