# Power spectrum from CO𝘕CEPT job 4547567 at t = 8.5935747 Gyr, a = 0.66666667
#
# Components:
#   0: matter  (upstream grid size 1024)
#
#                           grid size 1024
# ╭────────────────────────────────────────────────────────────────╮
#                         component 0    (corrected)      (linear)
#                        σ₈ = 6.19e-01  σ₈ = 6.18e-01  σ₈ = 5.82e-01
#  k [Mpc⁻¹]    modes       P [Mpc³]       P [Mpc³]       P [Mpc³]
2.4543693e-02         3  2.9519432e+04  2.9519432e+04  3.0141154e+04
4.6570361e-02        25  1.5885762e+04  1.6153248e+04  1.6408339e+04
8.3521561e-02       124  7.2464250e+03  7.1180287e+03  7.0588143e+03
1.3383638e-01       418  3.5271949e+03  3.4974388e+03  3.1326154e+03
1.8592088e-01       730  2.0319059e+03  2.0746828e+03  1.7660585e+03
2.3260504e-01      1012  1.5005895e+03  1.4889724e+03  1.0621818e+03
2.7635505e-01      1408  1.2026030e+03  1.2040472e+03  7.7361981e+02
3.1919121e-01      1841  1.0128761e+03  1.0074957e+03  5.5145800e+02
3.6464415e-01      2698  8.1160984e+02  8.0658868e+02  4.2186772e+02
4.1290034e-01      3532  7.1877795e+02  7.2468268e+02  3.2476122e+02
4.6319578e-01      4702  6.2505168e+02  6.1316641e+02  2.4167350e+02
5.1570195e-01      6019  5.5706560e+02  5.6331394e+02  2.0032118e+02
5.7047444e-01      7766  4.9535890e+02  4.9485074e+02  1.5415733e+02
6.2844883e-01     10012  4.3907858e+02  4.3214339e+02  1.2235170e+02
6.8955465e-01     12589  3.9977236e+02  4.0095619e+02  1.0160200e+02
7.5323141e-01     15650  3.6990412e+02  3.7306019e+02  8.2540348e+01
8.2032763e-01     19757  3.3536740e+02  3.3431122e+02  6.6343207e+01
8.9088605e-01     24241  3.0420111e+02  3.0111831e+02  5.4385923e+01
9.6481958e-01     29993  2.8053489e+02  2.7825101e+02  4.5299373e+01
1.0423453e+00     36494  2.5553792e+02  2.5413489e+02  3.7780213e+01
1.1237267e+00     44825  2.3308485e+02  2.3208763e+02  3.1598684e+01
1.2089588e+00     53906  2.1773210e+02  2.1713134e+02  2.6499118e+01
1.2983336e+00     65729  1.9955400e+02  1.9899045e+02  2.2260311e+01
1.3921058e+00     78746  1.8248707e+02  1.8191134e+02  1.8760663e+01
1.4900211e+00     94374  1.6683343e+02  1.6631612e+02  1.5863004e+01
1.5921784e+00    112166  1.5243718e+02  1.5230996e+02  1.3483644e+01
1.6991083e+00    134373  1.3949023e+02  1.3950820e+02  1.1508516e+01
1.8110248e+00    159077  1.2727485e+02  1.2710471e+02  9.8140594e+00
1.9277595e+00    188172  1.1575027e+02  1.1560738e+02  8.4027308e+00
2.0497441e+00    222492  1.0488988e+02  1.0484543e+02  7.2135668e+00
2.1771282e+00    261771  9.5303575e+01  9.5221223e+01  6.2007946e+00
2.3098450e+00    306759  8.7156279e+01  8.7089054e+01  5.3452176e+00
2.4484375e+00    360898  7.8871421e+01  7.8804767e+01  4.6159382e+00
2.5937215e+00    425046  7.1744778e+01  7.1685015e+01  3.9913004e+00
2.7470320e+00    505555  6.5160237e+01  6.5102619e+01  3.4514601e+00
2.9094444e+00    600292  5.8950508e+01  5.8897609e+01  2.9832383e+00
3.0813867e+00    712930  5.3417640e+01  5.3370373e+01  2.5780236e+00
3.2634403e+00    846715  4.8088039e+01  4.8045293e+01  2.2270008e+00
3.4562097e+00   1005596  4.3389632e+01  4.3351494e+01  1.9232507e+00
3.6603648e+00   1194719  3.8929268e+01  3.8894794e+01  1.6603358e+00
3.8766358e+00   1419743  3.5038874e+01  3.5007403e+01  1.4327577e+00
4.1057220e+00   1686576  3.1331918e+01  3.1303810e+01  1.2360431e+00
4.3483372e+00   2003484  2.8091192e+01  2.8065888e+01  1.0659450e+00
4.6052142e+00   2378778  2.5181197e+01  2.5158380e+01  9.1899094e-01
4.8773359e+00   2828400  2.2471898e+01  2.2451410e+01  7.9203624e-01
5.1655179e+00   3356890  2.0090326e+01  2.0071998e+01  6.8243347e-01
5.4707002e+00   3990317  1.7958877e+01  1.7942496e+01  5.8785278e-01
5.7939476e+00   4738457  1.6037318e+01  1.6022416e+01  5.0618334e-01
6.1362572e+00   5629661  1.4298507e+01  1.4285512e+01  4.3577568e-01
6.4988210e+00   6687903  1.2729213e+01  1.2717331e+01  3.7502312e-01
6.8828355e+00   7945758  1.1330533e+01  1.1320036e+01  3.2267320e-01
7.2895050e+00   9436555  1.0085211e+01  1.0075879e+01  2.7754768e-01
7.7201584e+00  11210320  8.9478933e+00  8.9393872e+00  2.3867659e-01
8.1762927e+00  13318613  7.9359404e+00  7.9284258e+00  2.0519008e-01
8.6593661e+00  15819192  7.0378193e+00  7.0312478e+00  1.7637093e-01
9.1709925e+00  18795348  6.2328932e+00  6.2269419e+00  1.5154101e-01
9.7128705e+00  22326034  5.5173380e+00  5.5120765e+00  1.3018351e-01
1.0286736e+01  26520842  4.8804933e+00  4.8757184e+00  1.1180972e-01
1.0894484e+01  31503438  4.3093833e+00  4.3052701e+00  9.6031497e-02
1.1538156e+01  37426927  3.8040095e+00  3.8003660e+00  8.2459677e-02
1.2220385e+01  44525830  3.3533165e+00  3.3500855e+00  7.0781046e-02
