# Power spectrum from CO𝘕CEPT job 4547567 at t = 4.5277447 Gyr, a = 0.41666667
#
# Components:
#   0: matter  (upstream grid size 1024)
#
#                           grid size 1024
# ╭────────────────────────────────────────────────────────────────╮
#                         component 0    (corrected)      (linear)
#                        σ₈ = 4.02e-01  σ₈ = 4.02e-01  σ₈ = 3.91e-01
#  k [Mpc⁻¹]    modes       P [Mpc³]       P [Mpc³]       P [Mpc³]
2.4543693e-02         3  1.3406729e+04  1.3406729e+04  1.3566944e+04
4.6570361e-02        25  7.2137272e+03  7.3351929e+03  7.3871707e+03
8.3521561e-02       124  3.1966851e+03  3.1400444e+03  3.1781963e+03
1.3383638e-01       418  1.5126620e+03  1.4999009e+03  1.4104819e+03
1.8592088e-01       730  8.3197656e+02  8.4949180e+02  7.9518699e+02
2.3260504e-01      1012  5.8848331e+02  5.8392745e+02  4.7826051e+02
2.7635505e-01      1408  4.4766659e+02  4.4820420e+02  3.4833254e+02
3.1919121e-01      1841  3.5095209e+02  3.4908784e+02  2.4830152e+02
3.6464415e-01      2698  2.7763218e+02  2.7591457e+02  1.8995187e+02
4.1290034e-01      3532  2.3010825e+02  2.3199858e+02  1.4622839e+02
4.6319578e-01      4702  1.9030113e+02  1.8668258e+02  1.0881700e+02
5.1570195e-01      6019  1.6167665e+02  1.6349010e+02  9.0197552e+01
5.7047444e-01      7766  1.3766643e+02  1.3752520e+02  6.9411622e+01
6.2844883e-01     10012  1.2266063e+02  1.2072323e+02  5.5090676e+01
6.8955465e-01     12589  1.0811436e+02  1.0843451e+02  4.5747825e+01
7.5323141e-01     15650  9.6518995e+01  9.7342509e+01  3.7165037e+01
8.2032763e-01     19757  8.4455614e+01  8.4189636e+01  2.9872036e+01
8.9088605e-01     24241  7.7323182e+01  7.6539583e+01  2.4488091e+01
9.6481958e-01     29993  6.8844206e+01  6.8283735e+01  2.0396737e+01
1.0423453e+00     36494  6.3107250e+01  6.2760759e+01  1.7011123e+01
1.1237267e+00     44825  5.7408282e+01  5.7162669e+01  1.4227797e+01
1.2089588e+00     53906  5.3174310e+01  5.3027593e+01  1.1931641e+01
1.2983336e+00     65729  4.8732849e+01  4.8595224e+01  1.0023054e+01
1.3921058e+00     78746  4.4984368e+01  4.4842447e+01  8.4472849e+00
1.4900211e+00     94374  4.1362097e+01  4.1233844e+01  7.1425698e+00
1.5921784e+00    112166  3.8523930e+01  3.8491778e+01  6.0712271e+00
1.6991083e+00    134373  3.5575317e+01  3.5579901e+01  5.1818956e+00
1.8110248e+00    159077  3.2915047e+01  3.2871048e+01  4.4189404e+00
1.9277595e+00    188172  3.0569256e+01  3.0531517e+01  3.7834681e+00
2.0497441e+00    222492  2.8275333e+01  2.8263353e+01  3.2480287e+00
2.1771282e+00    261771  2.6168008e+01  2.6145396e+01  2.7920124e+00
2.3098450e+00    306759  2.4279327e+01  2.4260600e+01  2.4067756e+00
2.4484375e+00    360898  2.2407978e+01  2.2389041e+01  2.0784063e+00
2.5937215e+00    425046  2.0747717e+01  2.0730435e+01  1.7971533e+00
2.7470320e+00    505555  1.9163086e+01  1.9146141e+01  1.5540818e+00
2.9094444e+00    600292  1.7625945e+01  1.7610128e+01  1.3432576e+00
3.0813867e+00    712930  1.6219042e+01  1.6204690e+01  1.1608032e+00
3.2634403e+00    846715  1.4855601e+01  1.4842395e+01  1.0027496e+00
3.4562097e+00   1005596  1.3582922e+01  1.3570984e+01  8.6598129e-01
3.6603648e+00   1194719  1.2380194e+01  1.2369230e+01  7.4759957e-01
3.8766358e+00   1419743  1.1216601e+01  1.1206527e+01  6.4512886e-01
4.1057220e+00   1686576  1.0223603e+01  1.0214432e+01  5.5655485e-01
4.3483372e+00   2003484  9.2451948e+00  9.2368671e+00  4.7996538e-01
4.6052142e+00   2378778  8.3500858e+00  8.3425195e+00  4.1379683e-01
4.8773359e+00   2828400  7.5427973e+00  7.5359204e+00  3.5663331e-01
5.1655179e+00   3356890  6.7827417e+00  6.7765540e+00  3.0728277e-01
5.4707002e+00   3990317  6.0990212e+00  6.0934581e+00  2.6469615e-01
5.7939476e+00   4738457  5.4721697e+00  5.4670848e+00  2.2792303e-01
6.1362572e+00   5629661  4.9063204e+00  4.9018612e+00  1.9622070e-01
6.4988210e+00   6687903  4.3937659e+00  4.3896647e+00  1.6886572e-01
6.8828355e+00   7945758  3.9289930e+00  3.9253531e+00  1.4529418e-01
7.2895050e+00   9436555  3.5060306e+00  3.5027863e+00  1.2497553e-01
7.7201584e+00  11210320  3.1328091e+00  3.1298309e+00  1.0747303e-01
8.1762927e+00  13318613  2.7904877e+00  2.7878454e+00  9.2395036e-02
8.6593661e+00  15819192  2.4871238e+00  2.4848015e+00  7.9418597e-02
9.1709925e+00  18795348  2.2125280e+00  2.2104154e+00  6.8238366e-02
9.7128705e+00  22326034  1.9650186e+00  1.9631447e+00  5.8621658e-02
1.0286736e+01  26520842  1.7472125e+00  1.7455031e+00  5.0348412e-02
1.0894484e+01  31503438  1.5532714e+00  1.5517889e+00  4.3243869e-02
1.1538156e+01  37426927  1.3799368e+00  1.3786150e+00  3.7132795e-02
1.2220385e+01  44525830  1.2270741e+00  1.2258918e+00  3.1874161e-02
