# Power spectrum from CO𝘕CEPT job 4547567 at t = 3.4444759 Gyr, a = 0.34482759
#
# Components:
#   0: matter  (upstream grid size 1024)
#
#                           grid size 1024
# ╭────────────────────────────────────────────────────────────────╮
#                         component 0    (corrected)      (linear)
#                        σ₈ = 3.34e-01  σ₈ = 3.34e-01  σ₈ = 3.27e-01
#  k [Mpc⁻¹]    modes       P [Mpc³]       P [Mpc³]       P [Mpc³]
2.4543693e-02         3  9.4302061e+03  9.4302061e+03  9.5186756e+03
4.6570361e-02        25  5.0716562e+03  5.1570535e+03  5.1832993e+03
8.3521561e-02       124  2.2376789e+03  2.1980304e+03  2.2300835e+03
1.3383638e-01       418  1.0471330e+03  1.0382992e+03  9.8971862e+02
1.8592088e-01       730  5.6873057e+02  5.8070381e+02  5.5797498e+02
2.3260504e-01      1012  3.9506610e+02  3.9200761e+02  3.3559113e+02
2.7635505e-01      1408  2.9671808e+02  2.9707442e+02  2.4442197e+02
3.1919121e-01      1841  2.2659017e+02  2.2538653e+02  1.7423113e+02
3.6464415e-01      2698  1.7861092e+02  1.7750591e+02  1.3328769e+02
4.1290034e-01      3532  1.4360825e+02  1.4478799e+02  1.0260730e+02
4.6319578e-01      4702  1.1709115e+02  1.1486468e+02  7.6356037e+01
5.1570195e-01      6019  9.9155371e+01  1.0026755e+02  6.3290923e+01
5.7047444e-01      7766  8.3285829e+01  8.3200391e+01  4.8705602e+01
6.2844883e-01     10012  7.3088084e+01  7.1933666e+01  3.8656708e+01
6.8955465e-01     12589  6.3265148e+01  6.3452493e+01  3.2100903e+01
7.5323141e-01     15650  5.5438676e+01  5.5911687e+01  2.6078428e+01
8.2032763e-01     19757  4.8051050e+01  4.7899722e+01  2.0960985e+01
8.9088605e-01     24241  4.3292539e+01  4.2853809e+01  1.7183112e+01
9.6481958e-01     29993  3.8268792e+01  3.7957240e+01  1.4312241e+01
1.0423453e+00     36494  3.4414997e+01  3.4226041e+01  1.1936581e+01
1.1237267e+00     44825  3.1307496e+01  3.1173551e+01  9.9835425e+00
1.2089588e+00     53906  2.8512289e+01  2.8433618e+01  8.3723469e+00
1.2983336e+00     65729  2.5909914e+01  2.5836743e+01  7.0331060e+00
1.3921058e+00     78746  2.3745503e+01  2.3670587e+01  5.9274006e+00
1.4900211e+00     94374  2.1699473e+01  2.1632189e+01  5.0118918e+00
1.5921784e+00    112166  2.0037234e+01  2.0020511e+01  4.2601386e+00
1.6991083e+00    134373  1.8361651e+01  1.8364017e+01  3.6361013e+00
1.8110248e+00    159077  1.6993788e+01  1.6971072e+01  3.1007414e+00
1.9277595e+00    188172  1.5735382e+01  1.5715956e+01  2.6548351e+00
2.0497441e+00    222492  1.4624334e+01  1.4618138e+01  2.2791212e+00
2.1771282e+00    261771  1.3632940e+01  1.3621160e+01  1.9591379e+00
2.3098450e+00    306759  1.2635037e+01  1.2625292e+01  1.6888201e+00
2.4484375e+00    360898  1.1779350e+01  1.1769395e+01  1.4584057e+00
2.5937215e+00    425046  1.0950438e+01  1.0941316e+01  1.2610525e+00
2.7470320e+00    505555  1.0162326e+01  1.0153340e+01  1.0904910e+00
2.9094444e+00    600292  9.4092843e+00  9.4008410e+00  9.4255706e-01
3.0813867e+00    712930  8.7322497e+00  8.7245228e+00  8.1453013e-01
3.2634403e+00    846715  8.0846157e+00  8.0774290e+00  7.0362501e-01
3.4562097e+00   1005596  7.4492495e+00  7.4427019e+00  6.0765560e-01
3.6603648e+00   1194719  6.8562929e+00  6.8502211e+00  5.2458795e-01
3.8766358e+00   1419743  6.2947013e+00  6.2890475e+00  4.5268492e-01
4.1057220e+00   1686576  5.7692424e+00  5.7640669e+00  3.9053312e-01
4.3483372e+00   2003484  5.2570918e+00  5.2523564e+00  3.3679078e-01
4.6052142e+00   2378778  4.8043737e+00  4.8000203e+00  2.9036071e-01
4.8773359e+00   2828400  4.3657144e+00  4.3617342e+00  2.5024942e-01
5.1655179e+00   3356890  3.9665968e+00  3.9629782e+00  2.1562043e-01
5.4707002e+00   3990317  3.5925172e+00  3.5892403e+00  1.8573764e-01
5.7939476e+00   4738457  3.2472334e+00  3.2442159e+00  1.5993413e-01
6.1362572e+00   5629661  2.9309822e+00  2.9283183e+00  1.3768877e-01
6.4988210e+00   6687903  2.6451074e+00  2.6426384e+00  1.1849392e-01
6.8828355e+00   7945758  2.3875891e+00  2.3853771e+00  1.0195387e-01
7.2895050e+00   9436555  2.1482658e+00  2.1462779e+00  8.7696352e-02
7.7201584e+00  11210320  1.9336994e+00  1.9318611e+00  7.5414914e-02
8.1762927e+00  13318613  1.7382014e+00  1.7365554e+00  6.4834730e-02
8.6593661e+00  15819192  1.5614739e+00  1.5600159e+00  5.5729195e-02
9.1709925e+00  18795348  1.3989162e+00  1.3975805e+00  4.7884047e-02
9.7128705e+00  22326034  1.2546687e+00  1.2534722e+00  4.1136013e-02
1.0286736e+01  26520842  1.1230566e+00  1.1219579e+00  3.5330679e-02
1.0894484e+01  31503438  1.0049388e+00  1.0039796e+00  3.0345417e-02
1.1538156e+01  37426927  9.0033441e-01  8.9947206e-01  2.6057267e-02
1.2220385e+01  44525830  8.0668313e-01  8.0590588e-01  2.2367267e-02
