# Power spectrum from CO𝘕CEPT job 4547567 at t = 12.445082 Gyr, a = 0.90909091
#
# Components:
#   0: matter  (upstream grid size 1024)
#
#                           grid size 1024
# ╭────────────────────────────────────────────────────────────────╮
#                         component 0    (corrected)      (linear)
#                        σ₈ = 7.82e-01  σ₈ = 7.81e-01  σ₈ = 7.17e-01
#  k [Mpc⁻¹]    modes       P [Mpc³]       P [Mpc³]       P [Mpc³]
2.4543693e-02         3  4.4423647e+04  4.4423647e+04  4.5699911e+04
4.6570361e-02        25  2.3875314e+04  2.4277330e+04  2.4874992e+04
8.3521561e-02       124  1.1273482e+04  1.1073732e+04  1.0700553e+04
1.3383638e-01       418  5.6015590e+03  5.5543031e+03  4.7486858e+03
1.8592088e-01       730  3.3374430e+03  3.4077047e+03  2.6771255e+03
2.3260504e-01      1012  2.5108283e+03  2.4913903e+03  1.6101317e+03
2.7635505e-01      1408  2.0623556e+03  2.0648323e+03  1.1727072e+03
3.1919121e-01      1841  1.8233757e+03  1.8136900e+03  8.3593802e+02
3.6464415e-01      2698  1.4936382e+03  1.4843976e+03  6.3949578e+02
4.1290034e-01      3532  1.3407354e+03  1.3517495e+03  4.9229494e+02
4.6319578e-01      4702  1.1525526e+03  1.1306370e+03  3.6634485e+02
5.1570195e-01      6019  1.0434260e+03  1.0551296e+03  3.0366017e+02
5.7047444e-01      7766  9.6520397e+02  9.6421382e+02  2.3368190e+02
6.2844883e-01     10012  8.6478334e+02  8.5112419e+02  1.8546878e+02
6.8955465e-01     12589  7.8229086e+02  7.8460743e+02  1.5401500e+02
7.5323141e-01     15650  7.1979595e+02  7.2593735e+02  1.2512007e+02
8.2032763e-01     19757  6.6261474e+02  6.6052796e+02  1.0056738e+02
8.9088605e-01     24241  6.1683599e+02  6.1058492e+02  8.2441733e+01
9.6481958e-01     29993  5.5556893e+02  5.5104597e+02  6.8667742e+01
1.0423453e+00     36494  5.1381645e+02  5.1099534e+02  5.7269703e+01
1.1237267e+00     44825  4.6398622e+02  4.6200113e+02  4.7899335e+01
1.2089588e+00     53906  4.2519998e+02  4.2402678e+02  4.0169078e+01
1.2983336e+00     65729  3.8858675e+02  3.8748936e+02  3.3743616e+01
1.3921058e+00     78746  3.5267750e+02  3.5156483e+02  2.8438622e+01
1.4900211e+00     94374  3.2295166e+02  3.2195027e+02  2.4046160e+01
1.5921784e+00    112166  2.9351654e+02  2.9327158e+02  2.0439372e+01
1.6991083e+00    134373  2.6713684e+02  2.6717125e+02  1.7445344e+01
1.8110248e+00    159077  2.4094770e+02  2.4062561e+02  1.4876776e+01
1.9277595e+00    188172  2.1952160e+02  2.1925060e+02  1.2737392e+01
2.0497441e+00    222492  1.9975014e+02  1.9966550e+02  1.0934780e+01
2.1771282e+00    261771  1.8070291e+02  1.8054676e+02  9.3995539e+00
2.3098450e+00    306759  1.6397726e+02  1.6385078e+02  8.1026148e+00
2.4484375e+00    360898  1.4872000e+02  1.4859432e+02  6.9971259e+00
2.5937215e+00    425046  1.3478817e+02  1.3467589e+02  6.0502595e+00
2.7470320e+00    505555  1.2194933e+02  1.2184149e+02  5.2319349e+00
2.9094444e+00    600292  1.1000966e+02  1.0991094e+02  4.5221741e+00
3.0813867e+00    712930  9.9297798e+01  9.9209933e+01  3.9079236e+00
3.2634403e+00    846715  8.9580802e+01  8.9501171e+01  3.3758207e+00
3.4562097e+00   1005596  8.0594291e+01  8.0523452e+01  2.9153769e+00
3.6603648e+00   1194719  7.2689429e+01  7.2625057e+01  2.5168336e+00
3.8766358e+00   1419743  6.5144090e+01  6.5085578e+01  2.1718563e+00
4.1057220e+00   1686576  5.8682946e+01  5.8630302e+01  1.8736638e+00
4.3483372e+00   2003484  5.2662883e+01  5.2615446e+01  1.6158184e+00
4.6052142e+00   2378778  4.7248439e+01  4.7205626e+01  1.3930562e+00
4.8773359e+00   2828400  4.2284726e+01  4.2246174e+01  1.2006103e+00
5.1655179e+00   3356890  3.7812728e+01  3.7778233e+01  1.0344676e+00
5.4707002e+00   3990317  3.3814884e+01  3.3784040e+01  8.9109631e-01
5.7939476e+00   4738457  3.0232406e+01  3.0204313e+01  7.6729677e-01
6.1362572e+00   5629661  2.6938693e+01  2.6914209e+01  6.6056856e-01
6.4988210e+00   6687903  2.3955894e+01  2.3933533e+01  5.6847617e-01
6.8828355e+00   7945758  2.1298485e+01  2.1278753e+01  4.8912103e-01
7.2895050e+00   9436555  1.8949464e+01  1.8931929e+01  4.2071711e-01
7.7201584e+00  11210320  1.6832726e+01  1.6816724e+01  3.6179404e-01
8.1762927e+00  13318613  1.4945957e+01  1.4931805e+01  3.1103327e-01
8.6593661e+00  15819192  1.3260123e+01  1.3247741e+01  2.6734759e-01
9.1709925e+00  18795348  1.1769035e+01  1.1757798e+01  2.2970903e-01
9.7128705e+00  22326034  1.0422907e+01  1.0412967e+01  1.9733419e-01
1.0286736e+01  26520842  9.2141036e+00  9.2050889e+00  1.6948223e-01
1.0894484e+01  31503438  8.1464701e+00  8.1386944e+00  1.4556480e-01
1.1538156e+01  37426927  7.1970859e+00  7.1901925e+00  1.2499197e-01
1.2220385e+01  44525830  6.3419339e+00  6.3358234e+00  1.0728896e-01
