# Power spectrum from CO𝘕CEPT job 4547567 at t = 2.6134194 Gyr, a = 0.28571429
#
# Components:
#   0: matter  (upstream grid size 1024)
#
#                           grid size 1024
# ╭────────────────────────────────────────────────────────────────╮
#                         component 0    (corrected)      (linear)
#                        σ₈ = 2.77e-01  σ₈ = 2.77e-01  σ₈ = 2.73e-01
#  k [Mpc⁻¹]    modes       P [Mpc³]       P [Mpc³]       P [Mpc³]
2.4543693e-02         3  6.5825209e+03  6.5825209e+03  6.6310970e+03
4.6570361e-02        25  3.5382467e+03  3.5978242e+03  3.6111500e+03
8.3521561e-02       124  1.5581139e+03  1.5305063e+03  1.5537140e+03
1.3383638e-01       418  7.2152184e+02  7.1543493e+02  6.8954874e+02
1.8592088e-01       730  3.8879347e+02  3.9697857e+02  3.8874876e+02
2.3260504e-01      1012  2.6540724e+02  2.6335254e+02  2.3381112e+02
2.7635505e-01      1408  1.9745475e+02  1.9769188e+02  1.7029236e+02
3.1919121e-01      1841  1.4736626e+02  1.4658346e+02  1.2138941e+02
3.6464415e-01      2698  1.1568286e+02  1.1496717e+02  9.2863534e+01
4.1290034e-01      3532  9.1133700e+01  9.1882359e+01  7.1488057e+01
4.6319578e-01      4702  7.3056035e+01  7.1666885e+01  5.3198411e+01
5.1570195e-01      6019  6.1649460e+01  6.2340953e+01  4.4095752e+01
5.7047444e-01      7766  5.0958840e+01  5.0906564e+01  3.3933940e+01
6.2844883e-01     10012  4.4097022e+01  4.3400515e+01  2.6932723e+01
6.8955465e-01     12589  3.7283869e+01  3.7394276e+01  2.2365195e+01
7.5323141e-01     15650  3.2168870e+01  3.2443339e+01  1.8169245e+01
8.2032763e-01     19757  2.7691721e+01  2.7604511e+01  1.4603844e+01
8.9088605e-01     24241  2.4450828e+01  2.4203041e+01  1.1971742e+01
9.6481958e-01     29993  2.1453513e+01  2.1278857e+01  9.9715621e+00
1.0423453e+00     36494  1.8901954e+01  1.8798173e+01  8.3164035e+00
1.1237267e+00     44825  1.6967518e+01  1.6894925e+01  6.9556915e+00
1.2089588e+00     53906  1.5192103e+01  1.5150186e+01  5.8331467e+00
1.2983336e+00     65729  1.3661269e+01  1.3622689e+01  4.9000769e+00
1.3921058e+00     78746  1.2343562e+01  1.2304619e+01  4.1297149e+00
1.4900211e+00     94374  1.1140908e+01  1.1106363e+01  3.4918657e+00
1.5921784e+00    112166  1.0160118e+01  1.0151638e+01  2.9681076e+00
1.6991083e+00    134373  9.2498412e+00  9.2510330e+00  2.5333311e+00
1.8110248e+00    159077  8.4891292e+00  8.4777814e+00  2.1603375e+00
1.9277595e+00    188172  7.7923824e+00  7.7827625e+00  1.8496677e+00
2.0497441e+00    222492  7.2133436e+00  7.2102871e+00  1.5879019e+00
2.1771282e+00    261771  6.6400068e+00  6.6342692e+00  1.3649645e+00
2.3098450e+00    306759  6.1354693e+00  6.1307369e+00  1.1766298e+00
2.4484375e+00    360898  5.6887642e+00  5.6839567e+00  1.0160965e+00
2.5937215e+00    425046  5.2891050e+00  5.2846992e+00  8.7859741e-01
2.7470320e+00    505555  4.9093837e+00  4.9050426e+00  7.5976446e-01
2.9094444e+00    600292  4.5568327e+00  4.5527437e+00  6.5669656e-01
3.0813867e+00    712930  4.2163750e+00  4.2126441e+00  5.6749815e-01
3.2634403e+00    846715  3.9137008e+00  3.9102218e+00  4.9022876e-01
3.4562097e+00   1005596  3.6228575e+00  3.6196732e+00  4.2336532e-01
3.6603648e+00   1194719  3.3528907e+00  3.3499214e+00  3.6549073e-01
3.8766358e+00   1419743  3.1041665e+00  3.1013784e+00  3.1539472e-01
4.1057220e+00   1686576  2.8609274e+00  2.8583609e+00  2.7209253e-01
4.3483372e+00   2003484  2.6436191e+00  2.6412378e+00  2.3464934e-01
4.6052142e+00   2378778  2.4378174e+00  2.4356084e+00  2.0230073e-01
4.8773359e+00   2828400  2.2423027e+00  2.2402584e+00  1.7435451e-01
5.1655179e+00   3356890  2.0626621e+00  2.0607804e+00  1.5022790e-01
5.4707002e+00   3990317  1.8875906e+00  1.8858688e+00  1.2940804e-01
5.7939476e+00   4738457  1.7323965e+00  1.7307867e+00  1.1143028e-01
6.1362572e+00   5629661  1.5859976e+00  1.5845562e+00  9.5931529e-02
6.4988210e+00   6687903  1.4514953e+00  1.4501405e+00  8.2558123e-02
6.8828355e+00   7945758  1.3276814e+00  1.3264514e+00  7.1034359e-02
7.2895050e+00   9436555  1.2149355e+00  1.2138113e+00  6.1100875e-02
7.7201584e+00  11210320  1.1097939e+00  1.1087389e+00  5.2544155e-02
8.1762927e+00  13318613  1.0142193e+00  1.0132589e+00  4.5172727e-02
8.6593661e+00  15819192  9.2594502e-01  9.2508043e-01  3.8828711e-02
9.1709925e+00  18795348  8.4382905e-01  8.4302334e-01  3.3362827e-02
9.7128705e+00  22326034  7.6802525e-01  7.6729284e-01  2.8661321e-02
1.0286736e+01  26520842  6.9903714e-01  6.9835323e-01  2.4616610e-02
1.0894484e+01  31503438  6.3653706e-01  6.3592949e-01  2.1143259e-02
1.1538156e+01  37426927  5.7850585e-01  5.7795175e-01  1.8155596e-02
1.2220385e+01  44525830  5.2597916e-01  5.2547237e-01  1.5584676e-02
