# Power spectrum from CO𝘕CEPT job 4547567 at t = 7.3000434 Gyr, a = 0.58823529
#
# Components:
#   0: matter  (upstream grid size 1024)
#
#                           grid size 1024
# ╭────────────────────────────────────────────────────────────────╮
#                         component 0    (corrected)      (linear)
#                        σ₈ = 5.55e-01  σ₈ = 5.55e-01  σ₈ = 5.28e-01
#  k [Mpc⁻¹]    modes       P [Mpc³]       P [Mpc³]       P [Mpc³]
2.4543693e-02         3  2.4317283e+04  2.4317283e+04  2.4761443e+04
4.6570361e-02        25  1.3088622e+04  1.3309010e+04  1.3480479e+04
8.3521561e-02       124  5.9065964e+03  5.8019399e+03  5.7993903e+03
1.3383638e-01       418  2.8532381e+03  2.8291676e+03  2.5737177e+03
1.8592088e-01       730  1.6217730e+03  1.6559155e+03  1.4509752e+03
2.3260504e-01      1012  1.1851319e+03  1.1759570e+03  8.7267831e+02
2.7635505e-01      1408  9.3505274e+02  9.3617565e+02  6.3559891e+02
3.1919121e-01      1841  7.7179206e+02  7.6769232e+02  4.5307296e+02
3.6464415e-01      2698  6.1559386e+02  6.1178538e+02  3.4660282e+02
4.1290034e-01      3532  5.4007403e+02  5.4451071e+02  2.6682102e+02
4.6319578e-01      4702  4.6356962e+02  4.5475490e+02  1.9855689e+02
5.1570195e-01      6019  4.0519178e+02  4.0973662e+02  1.6458219e+02
5.7047444e-01      7766  3.5309706e+02  3.5273483e+02  1.2665438e+02
6.2844883e-01     10012  3.1255238e+02  3.0761565e+02  1.0052314e+02
6.8955465e-01     12589  2.8538509e+02  2.8623019e+02  8.3475362e+01
7.5323141e-01     15650  2.6049414e+02  2.6271671e+02  6.7814470e+01
8.2032763e-01     19757  2.3106713e+02  2.3033942e+02  5.4507036e+01
8.9088605e-01     24241  2.1295258e+02  2.1079450e+02  4.4683031e+01
9.6481958e-01     29993  1.9544773e+02  1.9385656e+02  3.7217597e+01
1.0423453e+00     36494  1.7742016e+02  1.7644603e+02  3.1039917e+01
1.1237267e+00     44825  1.6427595e+02  1.6357312e+02  2.5961225e+01
1.2089588e+00     53906  1.5235124e+02  1.5193088e+02  2.1771463e+01
1.2983336e+00     65729  1.4046382e+02  1.4006714e+02  1.8288894e+01
1.3921058e+00     78746  1.2954581e+02  1.2913710e+02  1.5413612e+01
1.4900211e+00     94374  1.1916436e+02  1.1879486e+02  1.3032919e+01
1.5921784e+00    112166  1.1006510e+02  1.0997324e+02  1.1078057e+01
1.6991083e+00    134373  1.0136066e+02  1.0137372e+02  9.4553077e+00
1.8110248e+00    159077  9.3222117e+01  9.3097503e+01  8.0631556e+00
1.9277595e+00    188172  8.5370329e+01  8.5264938e+01  6.9036195e+00
2.0497441e+00    222492  7.8354823e+01  7.8321623e+01  5.9266119e+00
2.1771282e+00    261771  7.1757263e+01  7.1695257e+01  5.0945265e+00
2.3098450e+00    306759  6.5622083e+01  6.5571468e+01  4.3915913e+00
2.4484375e+00    360898  5.9628705e+01  5.9578313e+01  3.7924212e+00
2.5937215e+00    425046  5.4285176e+01  5.4239957e+01  3.2792238e+00
2.7470320e+00    505555  4.9304868e+01  4.9261271e+01  2.8356953e+00
2.9094444e+00    600292  4.4799335e+01  4.4759135e+01  2.4510080e+00
3.0813867e+00    712930  4.0457983e+01  4.0422183e+01  2.1180868e+00
3.2634403e+00    846715  3.6530637e+01  3.6498164e+01  1.8296892e+00
3.4562097e+00   1005596  3.3024447e+01  3.2995420e+01  1.5801306e+00
3.6603648e+00   1194719  2.9742951e+01  2.9716611e+01  1.3641217e+00
3.8766358e+00   1419743  2.6691198e+01  2.6667225e+01  1.1771453e+00
4.1057220e+00   1686576  2.3935082e+01  2.3913610e+01  1.0155260e+00
4.3483372e+00   2003484  2.1433095e+01  2.1413789e+01  8.7577479e-01
4.6052142e+00   2378778  1.9218896e+01  1.9201482e+01  7.5503840e-01
4.8773359e+00   2828400  1.7195549e+01  1.7179872e+01  6.5073335e-01
5.1655179e+00   3356890  1.5361722e+01  1.5347708e+01  5.6068452e-01
5.4707002e+00   3990317  1.3720743e+01  1.3708228e+01  4.8297770e-01
5.7939476e+00   4738457  1.2231214e+01  1.2219848e+01  4.1587867e-01
6.1362572e+00   5629661  1.0909525e+01  1.0899609e+01  3.5803223e-01
6.4988210e+00   6687903  9.7020036e+00  9.6929476e+00  3.0811834e-01
6.8828355e+00   7945758  8.6336430e+00  8.6256445e+00  2.6510799e-01
7.2895050e+00   9436555  7.6861349e+00  7.6790225e+00  2.2803315e-01
7.7201584e+00  11210320  6.8281398e+00  6.8216488e+00  1.9609689e-01
8.1762927e+00  13318613  6.0518590e+00  6.0461284e+00  1.6858457e-01
8.6593661e+00  15819192  5.3703648e+00  5.3653503e+00  1.4490692e-01
9.1709925e+00  18795348  4.7554244e+00  4.7508838e+00  1.2450679e-01
9.7128705e+00  22326034  4.2084996e+00  4.2044862e+00  1.0695957e-01
1.0286736e+01  26520842  3.7258543e+00  3.7222091e+00  9.1863746e-02
1.0894484e+01  31503438  3.2950176e+00  3.2918726e+00  7.8900422e-02
1.1538156e+01  37426927  2.9126847e+00  2.9098949e+00  6.7749862e-02
1.2220385e+01  44525830  2.5725651e+00  2.5700864e+00  5.8154732e-02
