# Power spectrum from CO𝘕CEPT job 4701047 at t = 2.2263012 Gyr, a = 0.25641026
#
# Components:
#   0: matter  (upstream grid size 1024)
#
#                           grid size 1024
# ╭────────────────────────────────────────────────────────────────╮
#                         component 0    (corrected)      (linear)
#                        σ₈ = 2.34e-01  σ₈ = 2.34e-01  σ₈ = 2.34e-01
#  k [Mpc⁻¹]    modes       P [Mpc³]       P [Mpc³]       P [Mpc³]
3.0679616e-03         3  4.7220688e+03  4.7220688e+03  4.7224485e+03
5.8212951e-03        25  6.8397025e+03  6.8761567e+03  6.8740916e+03
1.0440195e-02       124  7.8624764e+03  7.9530105e+03  7.9778044e+03
1.6729547e-02       418  7.0305916e+03  7.0944412e+03  7.0868350e+03
2.3240110e-02       730  5.3899882e+03  5.3912456e+03  5.4189886e+03
2.9075630e-02      1012  4.2238585e+03  4.2134969e+03  4.2113420e+03
3.4544381e-02      1408  3.5067013e+03  3.4980477e+03  3.4922413e+03
3.9898901e-02      1841  3.0572253e+03  3.0541759e+03  3.0698516e+03
4.5580519e-02      2698  2.7422511e+03  2.7442459e+03  2.7524657e+03
5.1612543e-02      3532  2.3952042e+03  2.3989863e+03  2.4152009e+03
5.7899473e-02      4702  2.0068430e+03  2.0077374e+03  2.0223992e+03
6.4462744e-02      6019  1.6374295e+03  1.6340381e+03  1.6376069e+03
7.1309305e-02      7766  1.3523353e+03  1.3471614e+03  1.3517794e+03
7.8556104e-02     10012  1.1925222e+03  1.1893295e+03  1.1928914e+03
8.6194331e-02     12589  1.1092436e+03  1.1101507e+03  1.1113757e+03
9.4153926e-02     15650  1.0092462e+03  1.0121728e+03  1.0161126e+03
1.0254095e-01     19757  8.5671685e+02  8.5752748e+02  8.6233704e+02
1.1136076e-01     24241  6.9954380e+02  6.9734104e+02  6.9656706e+02
1.2060245e-01     29993  5.8639863e+02  5.8409108e+02  5.8188031e+02
1.3029316e-01     36494  5.1915026e+02  5.1899618e+02  5.1838243e+02
1.4046583e-01     44825  4.6387572e+02  4.6464079e+02  4.6260682e+02
1.5111985e-01     53906  4.0066556e+02  4.0002727e+02  3.9711729e+02
1.6229170e-01     65729  3.4937595e+02  3.4827648e+02  3.4639315e+02
1.7401323e-01     78746  3.1803297e+02  3.1837569e+02  3.1768512e+02
1.8625264e-01     94374  2.8371381e+02  2.8437882e+02  2.8401148e+02
1.9902230e-01    112166  2.3954285e+02  2.3917911e+02  2.3743725e+02
2.1238854e-01    134373  2.0407859e+02  2.0338906e+02  1.9914941e+02
2.2637810e-01    159077  1.8145303e+02  1.8118331e+02  1.7682907e+02
2.4096993e-01    188172  1.6329915e+02  1.6331419e+02  1.6128877e+02
2.5621802e-01    222492  1.4727277e+02  1.4737722e+02  1.4618455e+02
2.7214102e-01    261771  1.2989555e+02  1.3007491e+02  1.2862048e+02
2.8873063e-01    306759  1.1171430e+02  1.1147160e+02  1.0833897e+02
3.0605468e-01    360898  9.7924041e+01  9.7551210e+01  9.3409415e+01
3.2421519e-01    425046  8.8886686e+01  8.8914037e+01  8.6373345e+01
3.4337900e-01    505555  7.9780767e+01  8.0028265e+01  7.9089311e+01
3.6368055e-01    600292  6.9582278e+01  6.9512809e+01  6.7245542e+01
3.8517334e-01    712930  6.0764688e+01  6.0473032e+01  5.6969643e+01
4.0793004e-01    846715  5.4452453e+01  5.4488027e+01  5.2455707e+01
4.3202621e-01   1005596  4.8569738e+01  4.8748563e+01  4.7475667e+01
4.5754560e-01   1194719  4.2147627e+01  4.1949031e+01  3.9457146e+01
4.8457948e-01   1419743  3.7201119e+01  3.7122735e+01  3.5106671e+01
5.1321525e-01   1686576  3.2972299e+01  3.3115963e+01  3.2107724e+01
5.4354215e-01   2003484  2.8780192e+01  2.8592104e+01  2.6685235e+01
5.7565178e-01   2378778  2.5293320e+01  2.5339104e+01  2.4162009e+01
6.0966698e-01   2828400  2.2181437e+01  2.2191266e+01  2.1207521e+01
6.4568974e-01   3356890  1.9382266e+01  1.9298340e+01  1.8120947e+01
6.8383752e-01   3990317  1.7011246e+01  1.7109557e+01  1.6424894e+01
7.2424344e-01   4738457  1.4933555e+01  1.4841847e+01  1.3846311e+01
7.6703215e-01   5629661  1.3269416e+01  1.3334697e+01  1.2507508e+01
8.1235262e-01   6687903  1.2018944e+01  1.1957819e+01  1.0631595e+01
8.6035444e-01   7945758  1.1350457e+01  1.1371342e+01  9.4436556e+00
9.1118812e-01   9436555  1.1358835e+01  1.1376609e+01  8.2087241e+00
9.6501980e-01  11210320  1.2150271e+01  1.2093411e+01  7.0886236e+00
1.0220366e+00  13318613  1.4026988e+01  1.4068118e+01  6.2604097e+00
1.0824208e+00  15819192  1.7416743e+01  1.7412409e+01  5.4210002e+00
1.1463741e+00  18795348  2.2997677e+01  2.2900236e+01  4.6908726e+00
1.2141088e+00  22326034  3.1434153e+01  3.1376415e+01  4.0947817e+00
1.2858419e+00  26520842  4.3416348e+01  4.3399710e+01  3.5694670e+00
1.3618105e+00  31503438  5.8035083e+01  5.8121699e+01  3.1060089e+00
1.4422695e+00  37426927  7.0859030e+01  7.0920303e+01  2.6963610e+00
1.5275481e+00  44525830  7.5616283e+01  7.5657449e+01  2.3393016e+00
