# Power spectrum from CO𝘕CEPT job 4701047 at t = 7.2995702 Gyr, a = 0.58823529
#
# Components:
#   0: matter  (upstream grid size 1024)
#
#                           grid size 1024
# ╭────────────────────────────────────────────────────────────────╮
#                         component 0    (corrected)      (linear)
#                        σ₈ = 5.26e-01  σ₈ = 5.26e-01  σ₈ = 5.02e-01
#  k [Mpc⁻¹]    modes       P [Mpc³]       P [Mpc³]       P [Mpc³]
3.0679616e-03         3  2.1835572e+04  2.1835572e+04  2.1823131e+04
5.8212951e-03        25  3.1609387e+04  3.1777859e+04  3.1741996e+04
1.0440195e-02       124  3.6150994e+04  3.6567262e+04  3.6808783e+04
1.6729547e-02       418  3.2444400e+04  3.2739050e+04  3.2679826e+04
2.3240110e-02       730  2.4678622e+04  2.4684380e+04  2.4981149e+04
2.9075630e-02      1012  1.9467494e+04  1.9419738e+04  1.9410874e+04
3.4544381e-02      1408  1.6193961e+04  1.6153999e+04  1.6094835e+04
3.9898901e-02      1841  1.4008165e+04  1.3994193e+04  1.4147217e+04
4.5580519e-02      2698  1.2606364e+04  1.2615534e+04  1.2683929e+04
5.1612543e-02      3532  1.0968567e+04  1.0985887e+04  1.1129315e+04
5.7899473e-02      4702  9.2046400e+03  9.2087424e+03  9.3189987e+03
6.4462744e-02      6019  7.6086154e+03  7.5928565e+03  7.5457435e+03
7.1309305e-02      7766  6.3192373e+03  6.2950609e+03  6.2285985e+03
7.8556104e-02     10012  5.5971844e+03  5.5821992e+03  5.4964098e+03
8.6194331e-02     12589  5.2095352e+03  5.2137957e+03  5.1207550e+03
9.4153926e-02     15650  4.7316067e+03  4.7453275e+03  4.6817778e+03
1.0254095e-01     19757  4.0562587e+03  4.0600967e+03  3.9732194e+03
1.1136076e-01     24241  3.4024150e+03  3.3917013e+03  3.2094128e+03
1.2060245e-01     29993  2.9078033e+03  2.8963608e+03  2.6809824e+03
1.3029316e-01     36494  2.5878759e+03  2.5871078e+03  2.3884086e+03
1.4046583e-01     44825  2.3272255e+03  2.3310638e+03  2.1314185e+03
1.5111985e-01     53906  2.0594912e+03  2.0562103e+03  1.8296755e+03
1.6229170e-01     65729  1.8226972e+03  1.8169613e+03  1.5959651e+03
1.7401323e-01     78746  1.6627924e+03  1.6645843e+03  1.4636929e+03
1.8625264e-01     94374  1.4990497e+03  1.5025633e+03  1.3085434e+03
1.9902230e-01    112166  1.3142747e+03  1.3122790e+03  1.0939572e+03
2.1238854e-01    134373  1.1658537e+03  1.1619146e+03  9.1755027e+02
2.2637810e-01    159077  1.0595109e+03  1.0579360e+03  8.1471169e+02
2.4096993e-01    188172  9.6168874e+02  9.6177731e+02  7.4311145e+02
2.5621802e-01    222492  8.7963562e+02  8.8025949e+02  6.7352056e+02
2.7214102e-01    261771  7.9919092e+02  8.0029449e+02  5.9259657e+02
2.8873063e-01    306759  7.2180193e+02  7.2023383e+02  4.9915268e+02
3.0605468e-01    360898  6.5687163e+02  6.5437069e+02  4.3036710e+02
3.2421519e-01    425046  6.0468664e+02  6.0487271e+02  3.9794944e+02
3.4337900e-01    505555  5.5337113e+02  5.5508781e+02  3.6438939e+02
3.6368055e-01    600292  5.0669418e+02  5.0618831e+02  3.0982127e+02
3.8517334e-01    712930  4.6558254e+02  4.6334786e+02  2.6247687e+02
4.0793004e-01    846715  4.2783224e+02  4.2811175e+02  2.4167967e+02
4.3202621e-01   1005596  3.9346290e+02  3.9491156e+02  2.1873501e+02
4.5754560e-01   1194719  3.6190099e+02  3.6019574e+02  1.8179116e+02
4.8457948e-01   1419743  3.3326195e+02  3.3255976e+02  1.6174714e+02
5.1321525e-01   1686576  3.0751449e+02  3.0885437e+02  1.4793003e+02
5.4354215e-01   2003484  2.8413810e+02  2.8228116e+02  1.2294695e+02
5.7565178e-01   2378778  2.6274887e+02  2.6322447e+02  1.1132166e+02
6.0966698e-01   2828400  2.4376178e+02  2.4386980e+02  9.7709417e+01
6.4568974e-01   3356890  2.2646359e+02  2.2548299e+02  8.3488627e+01
6.8383752e-01   3990317  2.1119638e+02  2.1241693e+02  7.5674386e+01
7.2424344e-01   4738457  1.9786592e+02  1.9665080e+02  6.3794070e+01
7.6703215e-01   5629661  1.8656514e+02  1.8748296e+02  5.7625794e+01
8.1235262e-01   6687903  1.7716041e+02  1.7625943e+02  4.8982900e+01
8.6035444e-01   7945758  1.6973061e+02  1.7004293e+02  4.3509701e+01
9.1118812e-01   9436555  1.6418565e+02  1.6444257e+02  3.7819999e+01
9.6501980e-01  11210320  1.6005825e+02  1.5930922e+02  3.2659360e+01
1.0220366e+00  13318613  1.5695478e+02  1.5741500e+02  2.8843529e+01
1.0824208e+00  15819192  1.5425956e+02  1.5422117e+02  2.4976118e+01
1.1463741e+00  18795348  1.5156650e+02  1.5092432e+02  2.1612202e+01
1.2141088e+00  22326034  1.4832937e+02  1.4805692e+02  1.8865833e+01
1.2858419e+00  26520842  1.4450053e+02  1.4444515e+02  1.6445552e+01
1.3618105e+00  31503438  1.4017574e+02  1.4038495e+02  1.4310263e+01
1.4422695e+00  37426927  1.3561765e+02  1.3573492e+02  1.2422894e+01
1.5275481e+00  44525830  1.3081884e+02  1.3089006e+02  1.0777816e+01
