# Power spectrum from CO𝘕CEPT job 4701047 at t = 9.3727255 Gyr, a = 0.71428571
#
# Components:
#   0: matter  (upstream grid size 1024)
#
#                           grid size 1024
# ╭────────────────────────────────────────────────────────────────╮
#                         component 0    (corrected)      (linear)
#                        σ₈ = 6.21e-01  σ₈ = 6.21e-01  σ₈ = 5.83e-01
#  k [Mpc⁻¹]    modes       P [Mpc³]       P [Mpc³]       P [Mpc³]
3.0679616e-03         3  2.9436895e+04  2.9436895e+04  2.9427625e+04
5.8212951e-03        25  4.2607646e+04  4.2834736e+04  4.2797147e+04
1.0440195e-02       124  4.8653456e+04  4.9213686e+04  4.9621070e+04
1.6729547e-02       418  4.3705650e+04  4.4102570e+04  4.4049525e+04
2.3240110e-02       730  3.3162600e+04  3.3170337e+04  3.3669950e+04
2.9075630e-02      1012  2.6209292e+04  2.6144998e+04  2.6161215e+04
3.4544381e-02      1408  2.1814494e+04  2.1760661e+04  2.1691443e+04
3.9898901e-02      1841  1.8825565e+04  1.8806787e+04  1.9066252e+04
4.5580519e-02      2698  1.6957551e+04  1.6969886e+04  1.7093942e+04
5.1612543e-02      3532  1.4735626e+04  1.4758893e+04  1.4998652e+04
5.7899473e-02      4702  1.2374251e+04  1.2379766e+04  1.2558838e+04
6.4462744e-02      6019  1.0275976e+04  1.0254693e+04  1.0169027e+04
7.1309305e-02      7766  8.5576568e+03  8.5249164e+03  8.3939321e+03
7.8556104e-02     10012  7.5927431e+03  7.5724153e+03  7.4071710e+03
8.6194331e-02     12589  7.0622391e+03  7.0680149e+03  6.9009004e+03
9.4153926e-02     15650  6.4076440e+03  6.4262250e+03  6.3093022e+03
1.0254095e-01     19757  5.5170740e+03  5.5222943e+03  5.3544153e+03
1.1136076e-01     24241  4.6747926e+03  4.6600723e+03  4.3250809e+03
1.2060245e-01     29993  4.0229283e+03  4.0070976e+03  3.6129496e+03
1.3029316e-01     36494  3.5896238e+03  3.5885584e+03  3.2186665e+03
1.4046583e-01     44825  3.2302487e+03  3.2355763e+03  2.8723383e+03
1.5111985e-01     53906  2.8842743e+03  2.8796794e+03  2.4657015e+03
1.6229170e-01     65729  2.5665762e+03  2.5584993e+03  2.1507476e+03
1.7401323e-01     78746  2.3450013e+03  2.3475283e+03  1.9724941e+03
1.8625264e-01     94374  2.1218618e+03  2.1268353e+03  1.7634113e+03
1.9902230e-01    112166  1.8828048e+03  1.8799458e+03  1.4742312e+03
2.1238854e-01    134373  1.6855567e+03  1.6798617e+03  1.2365023e+03
2.2637810e-01    159077  1.5426631e+03  1.5403700e+03  1.0979153e+03
2.4096993e-01    188172  1.4077672e+03  1.4078968e+03  1.0014256e+03
2.5621802e-01    222492  1.2932563e+03  1.2941735e+03  9.0764383e+02
2.7214102e-01    261771  1.1866135e+03  1.1882520e+03  7.9858954e+02
2.8873063e-01    306759  1.0826505e+03  1.0802985e+03  6.7266339e+02
3.0605468e-01    360898  9.9518073e+02  9.9139173e+02  5.7996711e+02
3.2421519e-01    425046  9.2001330e+02  9.2029640e+02  5.3628064e+02
3.4337900e-01    505555  8.4968414e+02  8.5232006e+02  4.9105471e+02
3.6368055e-01    600292  7.8511630e+02  7.8433246e+02  4.1751811e+02
3.8517334e-01    712930  7.2756801e+02  7.2407586e+02  3.5371631e+02
4.0793004e-01    846715  6.7528661e+02  6.7572778e+02  3.2568977e+02
4.3202621e-01   1005596  6.2606901e+02  6.2837409e+02  2.9476930e+02
4.5754560e-01   1194719  5.8154797e+02  5.7880776e+02  2.4498340e+02
4.8457948e-01   1419743  5.4040589e+02  5.3926725e+02  2.1797188e+02
5.1321525e-01   1686576  5.0355382e+02  5.0574786e+02  1.9935181e+02
5.4354215e-01   2003484  4.6870477e+02  4.6564163e+02  1.6568437e+02
5.7565178e-01   2378778  4.3802869e+02  4.3882156e+02  1.5001802e+02
6.0966698e-01   2828400  4.0953149e+02  4.0971297e+02  1.3167404e+02
6.4568974e-01   3356890  3.8393280e+02  3.8227035e+02  1.1250998e+02
6.8383752e-01   3990317  3.6076312e+02  3.6284805e+02  1.0197943e+02
7.2424344e-01   4738457  3.4003701e+02  3.3794880e+02  8.5969418e+01
7.6703215e-01   5629661  3.2168872e+02  3.2327131e+02  7.7656994e+01
8.1235262e-01   6687903  3.0582398e+02  3.0426865e+02  6.6009756e+01
8.6035444e-01   7945758  2.9182334e+02  2.9236033e+02  5.8634025e+01
9.1118812e-01   9436555  2.7975304e+02  2.8019079e+02  5.0966535e+01
9.6501980e-01  11210320  2.6843330e+02  2.6717711e+02  4.4012013e+01
1.0220366e+00  13318613  2.5793950e+02  2.5869583e+02  3.8869767e+01
1.0824208e+00  15819192  2.4763353e+02  2.4757190e+02  3.3658012e+01
1.1463741e+00  18795348  2.3735881e+02  2.3635313e+02  2.9124772e+01
1.2141088e+00  22326034  2.2707454e+02  2.2665746e+02  2.5423742e+01
1.2858419e+00  26520842  2.1655244e+02  2.1646945e+02  2.2162151e+01
1.3618105e+00  31503438  2.0597164e+02  2.0627904e+02  1.9284618e+01
1.4422695e+00  37426927  1.9549961e+02  1.9566866e+02  1.6741184e+01
1.5275481e+00  44525830  1.8536037e+02  1.8546129e+02  1.4524263e+01
