# Power spectrum from CO𝘕CEPT job 4701047 at t = 5.4687383 Gyr, a = 0.47619048
#
# Components:
#   0: matter  (upstream grid size 1024)
#
#                           grid size 1024
# ╭────────────────────────────────────────────────────────────────╮
#                         component 0    (corrected)      (linear)
#                        σ₈ = 4.33e-01  σ₈ = 4.32e-01  σ₈ = 4.19e-01
#  k [Mpc⁻¹]    modes       P [Mpc³]       P [Mpc³]       P [Mpc³]
3.0679616e-03         3  1.5222172e+04  1.5222172e+04  1.5212801e+04
5.8212951e-03        25  2.2038853e+04  2.2156316e+04  2.2130905e+04
1.0440195e-02       124  2.5245159e+04  2.5535850e+04  2.5668299e+04
1.6729547e-02       418  2.2633242e+04  2.2838790e+04  2.2792248e+04
2.3240110e-02       730  1.7258567e+04  1.7262594e+04  1.7424304e+04
2.9075630e-02      1012  1.3587302e+04  1.3553971e+04  1.3539645e+04
3.4544381e-02      1408  1.1295798e+04  1.1267923e+04  1.1226920e+04
3.9898901e-02      1841  9.7948622e+03  9.7850922e+03  9.8685496e+03
4.5580519e-02      2698  8.8059821e+03  8.8123878e+03  8.8479454e+03
5.1612543e-02      3532  7.6715431e+03  7.6836566e+03  7.7635789e+03
5.7899473e-02      4702  6.4339157e+03  6.4367832e+03  6.5007967e+03
6.4462744e-02      6019  5.2946202e+03  5.2836541e+03  5.2638359e+03
7.1309305e-02      7766  4.3871987e+03  4.3704139e+03  4.3450323e+03
7.8556104e-02     10012  3.8797751e+03  3.8693879e+03  3.8342787e+03
8.6194331e-02     12589  3.6120852e+03  3.6150393e+03  3.5722359e+03
9.4153926e-02     15650  3.2832848e+03  3.2928057e+03  3.2660152e+03
1.0254095e-01     19757  2.8036934e+03  2.8063463e+03  2.7717305e+03
1.1136076e-01     24241  2.3291465e+03  2.3218124e+03  2.2389011e+03
1.2060245e-01     29993  1.9770789e+03  1.9692989e+03  1.8702687e+03
1.3029316e-01     36494  1.7556233e+03  1.7551022e+03  1.6661699e+03
1.4046583e-01     44825  1.5769152e+03  1.5795160e+03  1.4868936e+03
1.5111985e-01     53906  1.3832162e+03  1.3810127e+03  1.2763967e+03
1.6229170e-01     65729  1.2176961e+03  1.2138641e+03  1.1133593e+03
1.7401323e-01     78746  1.1097195e+03  1.1109154e+03  1.0210858e+03
1.8625264e-01     94374  9.9667963e+02  9.9901578e+02  9.1285266e+02
1.9902230e-01    112166  8.6313099e+02  8.6182035e+02  7.6315565e+02
2.1238854e-01    134373  7.5701615e+02  7.5445840e+02  6.4009266e+02
2.2637810e-01    159077  6.8288337e+02  6.8186830e+02  5.6835162e+02
2.4096993e-01    188172  6.1710822e+02  6.1716505e+02  5.1840270e+02
2.5621802e-01    222492  5.6181773e+02  5.6221619e+02  4.6985547e+02
2.7214102e-01    261771  5.0510183e+02  5.0579930e+02  4.1340210e+02
2.8873063e-01    306759  4.5060500e+02  4.4962607e+02  3.4821466e+02
3.0605468e-01    360898  4.0565157e+02  4.0410711e+02  3.0022911e+02
3.2421519e-01    425046  3.7145997e+02  3.7157428e+02  2.7761422e+02
3.4337900e-01    505555  3.3688330e+02  3.3792839e+02  2.5420238e+02
3.6368055e-01    600292  3.0493490e+02  3.0463046e+02  2.1613504e+02
3.8517334e-01    712930  2.7691970e+02  2.7559055e+02  1.8310704e+02
4.0793004e-01    846715  2.5181302e+02  2.5197753e+02  1.6859868e+02
4.3202621e-01   1005596  2.2926911e+02  2.3011323e+02  1.5259222e+02
4.5754560e-01   1194719  2.0829963e+02  2.0731814e+02  1.2681975e+02
4.8457948e-01   1419743  1.8957298e+02  1.8917355e+02  1.1283681e+02
5.1321525e-01   1686576  1.7294002e+02  1.7369354e+02  1.0319783e+02
5.4354215e-01   2003484  1.5776711e+02  1.5673605e+02  8.5769326e+01
5.7565178e-01   2378778  1.4411447e+02  1.4437534e+02  7.7659385e+01
6.0966698e-01   2828400  1.3186796e+02  1.3192639e+02  6.8163319e+01
6.4568974e-01   3356890  1.2086576e+02  1.2034241e+02  5.8242720e+01
6.8383752e-01   3990317  1.1133801e+02  1.1198146e+02  5.2791410e+01
7.2424344e-01   4738457  1.0304185e+02  1.0240906e+02  4.4503554e+01
7.6703215e-01   5629661  9.6252355e+01  9.6725880e+01  4.0200488e+01
8.1235262e-01   6687903  9.0971387e+01  9.0508733e+01  3.4171097e+01
8.6035444e-01   7945758  8.7275482e+01  8.7436078e+01  3.0352925e+01
9.1118812e-01   9436555  8.5317089e+01  8.5450592e+01  2.6383718e+01
9.6501980e-01  11210320  8.5082538e+01  8.4684376e+01  2.2783591e+01
1.0220366e+00  13318613  8.6315397e+01  8.6568491e+01  2.0121619e+01
1.0824208e+00  15819192  8.8719906e+01  8.8697827e+01  1.7423664e+01
1.1463741e+00  18795348  9.1582832e+01  9.1194799e+01  1.5076954e+01
1.2141088e+00  22326034  9.4023184e+01  9.3850485e+01  1.3161052e+01
1.2858419e+00  26520842  9.5389985e+01  9.5353430e+01  1.1472633e+01
1.3618105e+00  31503438  9.5658898e+01  9.5801666e+01  9.9830282e+00
1.4422695e+00  37426927  9.4997563e+01  9.5079709e+01  8.6663756e+00
1.5275481e+00  44525830  9.3876353e+01  9.3927460e+01  7.5187477e+00
