# Power spectrum from CO𝘕CEPT job 4701047 at t = 2.5065287 Gyr, a = 0.27777778
#
# Components:
#   0: matter  (upstream grid size 1024)
#
#                           grid size 1024
# ╭────────────────────────────────────────────────────────────────╮
#                         component 0    (corrected)      (linear)
#                        σ₈ = 2.54e-01  σ₈ = 2.54e-01  σ₈ = 2.53e-01
#  k [Mpc⁻¹]    modes       P [Mpc³]       P [Mpc³]       P [Mpc³]
3.0679616e-03         3  5.5204347e+03  5.5204347e+03  5.5211285e+03
5.8212951e-03        25  7.9955944e+03  8.0382093e+03  8.0359919e+03
1.0440195e-02       124  9.1878314e+03  9.2936266e+03  9.3254717e+03
1.6729547e-02       418  8.2180266e+03  8.2926600e+03  8.2835767e+03
2.3240110e-02       730  6.2969164e+03  6.2983854e+03  6.3339166e+03
2.9075630e-02      1012  4.9369306e+03  4.9248197e+03  4.9223088e+03
3.4544381e-02      1408  4.0992625e+03  4.0891466e+03  4.0817764e+03
3.9898901e-02      1841  3.5718637e+03  3.5683009e+03  3.5880633e+03
4.5580519e-02      2698  3.2046168e+03  3.2069480e+03  3.2170881e+03
5.1612543e-02      3532  2.7983297e+03  2.8027483e+03  2.8228840e+03
5.7899473e-02      4702  2.3447547e+03  2.3457997e+03  2.3637727e+03
6.4462744e-02      6019  1.9145683e+03  1.9106029e+03  1.9140255e+03
7.1309305e-02      7766  1.5815342e+03  1.5754835e+03  1.5799499e+03
7.8556104e-02     10012  1.3949602e+03  1.3912255e+03  1.3942413e+03
8.6194331e-02     12589  1.2977728e+03  1.2988341e+03  1.2989654e+03
9.4153926e-02     15650  1.1806869e+03  1.1841106e+03  1.1876220e+03
1.0254095e-01     19757  1.0026298e+03  1.0035784e+03  1.0078900e+03
1.1136076e-01     24241  8.1982573e+02  8.1724422e+02  8.1413953e+02
1.2060245e-01     29993  6.8792057e+02  6.8521352e+02  6.8009472e+02
1.3029316e-01     36494  6.0912597e+02  6.0894519e+02  6.0587897e+02
1.4046583e-01     44825  5.4461792e+02  5.4551615e+02  5.4068899e+02
1.5111985e-01     53906  4.7095570e+02  4.7020542e+02  4.6414554e+02
1.6229170e-01     65729  4.1096266e+02  4.0966938e+02  4.0485975e+02
1.7401323e-01     78746  3.7411675e+02  3.7451992e+02  3.7130612e+02
1.8625264e-01     94374  3.3391517e+02  3.3469784e+02  3.3194878e+02
1.9902230e-01    112166  2.8255483e+02  2.8212578e+02  2.7751341e+02
2.1238854e-01    134373  2.4139948e+02  2.4058385e+02  2.3276309e+02
2.2637810e-01    159077  2.1490193e+02  2.1458249e+02  2.0667536e+02
2.4096993e-01    188172  1.9339653e+02  1.9341434e+02  1.8851206e+02
2.5621802e-01    222492  1.7453962e+02  1.7466341e+02  1.7085844e+02
2.7214102e-01    261771  1.5418005e+02  1.5439295e+02  1.5032979e+02
2.8873063e-01    306759  1.3312317e+02  1.3283396e+02  1.2662505e+02
3.0605468e-01    360898  1.1701495e+02  1.1656944e+02  1.0917559e+02
3.2421519e-01    425046  1.0624280e+02  1.0627549e+02  1.0095193e+02
3.4337900e-01    505555  9.5369505e+01  9.5665363e+01  9.2438452e+01
3.6368055e-01    600292  8.3534757e+01  8.3451359e+01  7.8595621e+01
3.8517334e-01    712930  7.3286668e+01  7.2934910e+01  6.6585297e+01
4.0793004e-01    846715  6.5707459e+01  6.5750387e+01  6.1309472e+01
4.3202621e-01   1005596  5.8691900e+01  5.8907993e+01  5.5488872e+01
4.5754560e-01   1194719  5.1231771e+01  5.0990371e+01  4.6116939e+01
4.8457948e-01   1419743  4.5343943e+01  4.5248403e+01  4.1032166e+01
5.1321525e-01   1686576  4.0275933e+01  4.0451420e+01  3.7527040e+01
5.4354215e-01   2003484  3.5355504e+01  3.5124445e+01  3.1189313e+01
5.7565178e-01   2378778  3.1195514e+01  3.1251981e+01  2.8240203e+01
6.0966698e-01   2828400  2.7472057e+01  2.7484231e+01  2.4787040e+01
6.4568974e-01   3356890  2.4147850e+01  2.4043288e+01  2.1179497e+01
6.8383752e-01   3990317  2.1307959e+01  2.1431103e+01  1.9197175e+01
7.2424344e-01   4738457  1.8837463e+01  1.8721779e+01  1.6183364e+01
7.6703215e-01   5629661  1.6858172e+01  1.6941108e+01  1.4618591e+01
8.1235262e-01   6687903  1.5372838e+01  1.5294656e+01  1.2426052e+01
8.6035444e-01   7945758  1.4557273e+01  1.4584060e+01  1.1037605e+01
9.1118812e-01   9436555  1.4525946e+01  1.4548676e+01  9.5942353e+00
9.6501980e-01  11210320  1.5404623e+01  1.5332534e+01  8.2850782e+00
1.0220366e+00  13318613  1.7519297e+01  1.7570667e+01  7.3170738e+00
1.0824208e+00  15819192  2.1306106e+01  2.1300804e+01  6.3359843e+00
1.1463741e+00  18795348  2.7378163e+01  2.7262163e+01  5.4826219e+00
1.2141088e+00  22326034  3.6110025e+01  3.6043699e+01  4.7859195e+00
1.2858419e+00  26520842  4.7595872e+01  4.7577632e+01  4.1719394e+00
1.3618105e+00  31503438  6.0158463e+01  6.0248248e+01  3.6302564e+00
1.4422695e+00  37426927  6.9634959e+01  6.9695174e+01  3.1514660e+00
1.5275481e+00  44525830  7.2488640e+01  7.2528103e+01  2.7341402e+00
