# Power spectrum from CO𝘕CEPT job 4701047 at t = 3.8212013 Gyr, a = 0.37037037
#
# Components:
#   0: matter  (upstream grid size 1024)
#
#                           grid size 1024
# ╭────────────────────────────────────────────────────────────────╮
#                         component 0    (corrected)      (linear)
#                        σ₈ = 3.38e-01  σ₈ = 3.38e-01  σ₈ = 3.33e-01
#  k [Mpc⁻¹]    modes       P [Mpc³]       P [Mpc³]       P [Mpc³]
3.0679616e-03         3  9.5897249e+03  9.5897249e+03  9.5908450e+03
5.8212951e-03        25  1.3886485e+04  1.3960497e+04  1.3955497e+04
1.0440195e-02       124  1.5932749e+04  1.6116210e+04  1.6190051e+04
1.6729547e-02       418  1.4267529e+04  1.4397102e+04  1.4378479e+04
2.3240110e-02       730  1.0907017e+04  1.0909561e+04  1.0993171e+04
2.9075630e-02      1012  8.5685935e+03  8.5475738e+03  8.5427322e+03
3.4544381e-02      1408  7.1189373e+03  7.1013697e+03  7.0837556e+03
3.9898901e-02      1841  6.1885884e+03  6.1824156e+03  6.2268066e+03
4.5580519e-02      2698  5.5578537e+03  5.5618966e+03  5.5829201e+03
5.1612543e-02      3532  4.8478611e+03  4.8555159e+03  4.8987613e+03
5.7899473e-02      4702  4.0635925e+03  4.0654036e+03  4.1019937e+03
6.4462744e-02      6019  3.3297181e+03  3.3228216e+03  3.3214976e+03
7.1309305e-02      7766  2.7538413e+03  2.7433055e+03  2.7417454e+03
7.8556104e-02     10012  2.4317667e+03  2.4252562e+03  2.4194677e+03
8.6194331e-02     12589  2.2635925e+03  2.2654438e+03  2.2541246e+03
9.4153926e-02     15650  2.0586555e+03  2.0646252e+03  2.0609019e+03
1.0254095e-01     19757  1.7520970e+03  1.7537549e+03  1.7490056e+03
1.1136076e-01     24241  1.4425663e+03  1.4380238e+03  1.4127849e+03
1.2060245e-01     29993  1.2166126e+03  1.2118251e+03  1.1801736e+03
1.3029316e-01     36494  1.0784120e+03  1.0780920e+03  1.0513850e+03
1.4046583e-01     44825  9.6664814e+02  9.6824242e+02  9.3825944e+02
1.5111985e-01     53906  8.4099939e+02  8.3965961e+02  8.0543254e+02
1.6229170e-01     65729  7.3666119e+02  7.3434295e+02  7.0255323e+02
1.7401323e-01     78746  6.7087699e+02  6.7159995e+02  6.4432716e+02
1.8625264e-01     94374  6.0039459e+02  6.0180188e+02  5.7603007e+02
1.9902230e-01    112166  5.1346466e+02  5.1268498e+02  4.8156824e+02
2.1238854e-01    134373  4.4429209e+02  4.4279095e+02  4.0391294e+02
2.2637810e-01    159077  3.9787607e+02  3.9728465e+02  3.5864287e+02
2.4096993e-01    188172  3.5845933e+02  3.5849234e+02  3.2712407e+02
2.5621802e-01    222492  3.2475318e+02  3.2498351e+02  2.9648975e+02
2.7214102e-01    261771  2.8907320e+02  2.8947237e+02  2.6086642e+02
2.8873063e-01    306759  2.5381549e+02  2.5326408e+02  2.1973167e+02
3.0605468e-01    360898  2.2575720e+02  2.2489767e+02  1.8945170e+02
3.2421519e-01    425046  2.0560703e+02  2.0567030e+02  1.7518120e+02
3.4337900e-01    505555  1.8513320e+02  1.8570753e+02  1.6040779e+02
3.6368055e-01    600292  1.6500316e+02  1.6483842e+02  1.3638641e+02
3.8517334e-01    712930  1.4744954e+02  1.4674182e+02  1.1554496e+02
4.0793004e-01    846715  1.3287511e+02  1.3296192e+02  1.0638985e+02
4.3202621e-01   1005596  1.1967317e+02  1.2011378e+02  9.6289400e+01
4.5754560e-01   1194719  1.0681759e+02  1.0631427e+02  8.0026351e+01
4.8457948e-01   1419743  9.5819542e+01  9.5617649e+01  7.1202779e+01
5.1321525e-01   1686576  8.6166820e+01  8.6542259e+01  6.5120356e+01
5.4354215e-01   2003484  7.7220518e+01  7.6715857e+01  5.4122548e+01
5.7565178e-01   2378778  6.9395214e+01  6.9520827e+01  4.9004980e+01
6.0966698e-01   2828400  6.2282316e+01  6.2309914e+01  4.3012732e+01
6.4568974e-01   3356890  5.5993344e+01  5.5750890e+01  3.6752593e+01
6.8383752e-01   3990317  5.0585809e+01  5.0878156e+01  3.3312684e+01
7.2424344e-01   4738457  4.5890579e+01  4.5608760e+01  2.8082844e+01
7.6703215e-01   5629661  4.2123757e+01  4.2330990e+01  2.5367504e+01
8.1235262e-01   6687903  3.9281916e+01  3.9082139e+01  2.1562811e+01
8.6035444e-01   7945758  3.7531605e+01  3.7600667e+01  1.9153450e+01
9.1118812e-01   9436555  3.7077611e+01  3.7135629e+01  1.6648783e+01
9.6501980e-01  11210320  3.8062217e+01  3.7884096e+01  1.4377014e+01
1.0220366e+00  13318613  4.0720081e+01  4.0839480e+01  1.2697245e+01
1.0824208e+00  15819192  4.5224227e+01  4.5212972e+01  1.0994769e+01
1.1463741e+00  18795348  5.1471595e+01  5.1253512e+01  9.5139366e+00
1.2141088e+00  22326034  5.8581383e+01  5.8473782e+01  8.3049553e+00
1.2858419e+00  26520842  6.5369620e+01  6.5344569e+01  7.2395212e+00
1.3618105e+00  31503438  7.0390965e+01  7.0496022e+01  6.2995436e+00
1.4422695e+00  37426927  7.2898352e+01  7.2961388e+01  5.4687031e+00
1.5275481e+00  44525830  7.3567859e+01  7.3607910e+01  4.7445214e+00
