# Power spectrum from CO𝘕CEPT job 4701047 at t = 4.2700757 Gyr, a = 0.4
#
# Components:
#   0: matter  (upstream grid size 1024)
#
#                           grid size 1024
# ╭────────────────────────────────────────────────────────────────╮
#                         component 0    (corrected)      (linear)
#                        σ₈ = 3.65e-01  σ₈ = 3.65e-01  σ₈ = 3.58e-01
#  k [Mpc⁻¹]    modes       P [Mpc³]       P [Mpc³]       P [Mpc³]
3.0679616e-03         3  1.1077056e+04  1.1077056e+04  1.1076646e+04
5.8212951e-03        25  1.6039375e+04  1.6124861e+04  1.6116302e+04
1.0440195e-02       124  1.8394243e+04  1.8606047e+04  1.8695423e+04
1.6729547e-02       418  1.6477472e+04  1.6627115e+04  1.6602645e+04
2.3240110e-02       730  1.2587341e+04  1.2590278e+04  1.2693306e+04
2.9075630e-02      1012  9.8947746e+03  9.8705016e+03  9.8637483e+03
3.4544381e-02      1408  8.2222712e+03  8.2019809e+03  8.1790861e+03
3.9898901e-02      1841  7.1425601e+03  7.1354357e+03  7.1895863e+03
4.5580519e-02      2698  6.4165835e+03  6.4212512e+03  6.4461128e+03
5.1612543e-02      3532  5.5949361e+03  5.6037707e+03  5.6561538e+03
5.7899473e-02      4702  4.6904740e+03  4.6925645e+03  4.7361857e+03
6.4462744e-02      6019  3.8479484e+03  3.8399786e+03  3.8350122e+03
7.1309305e-02      7766  3.1839856e+03  3.1718042e+03  3.1656230e+03
7.8556104e-02     10012  2.8127311e+03  2.8052006e+03  2.7935169e+03
8.6194331e-02     12589  2.6184662e+03  2.6206077e+03  2.6026090e+03
9.4153926e-02     15650  2.3810884e+03  2.3879931e+03  2.3795122e+03
1.0254095e-01     19757  2.0282791e+03  2.0301983e+03  2.0193961e+03
1.1136076e-01     24241  1.6740232e+03  1.6687520e+03  1.6311957e+03
1.2060245e-01     29993  1.4143258e+03  1.4087603e+03  1.3626230e+03
1.3029316e-01     36494  1.2542308e+03  1.2538585e+03  1.2139238e+03
1.4046583e-01     44825  1.1250062e+03  1.1268616e+03  1.0833092e+03
1.5111985e-01     53906  9.8093728e+02  9.7937456e+02  9.2994772e+02
1.6229170e-01     65729  8.6041162e+02  8.5770395e+02  8.1116366e+02
1.7401323e-01     78746  7.8370714e+02  7.8455169e+02  7.4393604e+02
1.8625264e-01     94374  7.0204997e+02  7.0369553e+02  6.6508054e+02
1.9902230e-01    112166  6.0253171e+02  6.0161678e+02  5.5601543e+02
2.1238854e-01    134373  5.2344610e+02  5.2167751e+02  4.6635509e+02
2.2637810e-01    159077  4.6970896e+02  4.6901076e+02  4.1408652e+02
2.4096993e-01    188172  4.2347192e+02  4.2351092e+02  3.7769511e+02
2.5621802e-01    222492  3.8417788e+02  3.8445036e+02  3.4232491e+02
2.7214102e-01    261771  3.4289689e+02  3.4337038e+02  3.0119445e+02
2.8873063e-01    306759  3.0255164e+02  3.0189435e+02  2.5370055e+02
3.0605468e-01    360898  2.7006588e+02  2.6903765e+02  2.1873951e+02
3.2421519e-01    425046  2.4631550e+02  2.4639129e+02  2.0226288e+02
3.4337900e-01    505555  2.2217032e+02  2.2285954e+02  1.8520561e+02
3.6368055e-01    600292  1.9897658e+02  1.9877793e+02  1.5747070e+02
3.8517334e-01    712930  1.7871170e+02  1.7785393e+02  1.3340732e+02
4.0793004e-01    846715  1.6141942e+02  1.6152488e+02  1.2283690e+02
4.3202621e-01   1005596  1.4582439e+02  1.4636129e+02  1.1117499e+02
4.5754560e-01   1194719  1.3091370e+02  1.3029684e+02  9.2397798e+01
4.8457948e-01   1419743  1.1794429e+02  1.1769578e+02  8.2210169e+01
5.1321525e-01   1686576  1.0651437e+02  1.0697847e+02  7.5187449e+01
5.4354215e-01   2003484  9.5982287e+01  9.5355011e+01  6.2489465e+01
5.7565178e-01   2378778  8.6709430e+01  8.6866383e+01  5.6580760e+01
6.0966698e-01   2828400  7.8278371e+01  7.8313058e+01  4.9662157e+01
6.4568974e-01   3356890  7.0804017e+01  7.0497432e+01  4.2434249e+01
6.8383752e-01   3990317  6.4380422e+01  6.4752491e+01  3.8462557e+01
7.2424344e-01   4738457  5.8784201e+01  5.8423200e+01  3.2424225e+01
7.6703215e-01   5629661  5.4288302e+01  5.4555380e+01  2.9289116e+01
8.1235262e-01   6687903  5.0878061e+01  5.0619310e+01  2.4896247e+01
8.6035444e-01   7945758  4.8696138e+01  4.8785743e+01  2.2114418e+01
9.1118812e-01   9436555  4.7969332e+01  4.8044394e+01  1.9222550e+01
9.6501980e-01  11210320  4.8806290e+01  4.8577890e+01  1.6599583e+01
1.0220366e+00  13318613  5.1333901e+01  5.1484422e+01  1.4660135e+01
1.0824208e+00  15819192  5.5577146e+01  5.5563315e+01  1.2694470e+01
1.1463741e+00  18795348  6.1181644e+01  6.0922419e+01  1.0984713e+01
1.2141088e+00  22326034  6.7115983e+01  6.6992706e+01  9.5888325e+00
1.2858419e+00  26520842  7.2256219e+01  7.2228529e+01  8.3586909e+00
1.3618105e+00  31503438  7.5692533e+01  7.5805502e+01  7.2734002e+00
1.4422695e+00  37426927  7.7223549e+01  7.7290325e+01  6.3141185e+00
1.5275481e+00  44525830  7.7545425e+01  7.7587641e+01  5.4779843e+00
