# Power spectrum from CO𝘕CEPT job 4701047 at t = 4.5273272 Gyr, a = 0.41666667
#
# Components:
#   0: matter  (upstream grid size 1024)
#
#                           grid size 1024
# ╭────────────────────────────────────────────────────────────────╮
#                         component 0    (corrected)      (linear)
#                        σ₈ = 3.80e-01  σ₈ = 3.80e-01  σ₈ = 3.71e-01
#  k [Mpc⁻¹]    modes       P [Mpc³]       P [Mpc³]       P [Mpc³]
3.0679616e-03         3  1.1947389e+04  1.1947389e+04  1.1945487e+04
5.8212951e-03        25  1.7299120e+04  1.7391320e+04  1.7379800e+04
1.0440195e-02       124  1.9833782e+04  2.0062162e+04  2.0160322e+04
1.6729547e-02       418  1.7770369e+04  1.7931754e+04  1.7903061e+04
2.3240110e-02       730  1.3569542e+04  1.3572708e+04  1.3687306e+04
2.9075630e-02      1012  1.0670507e+04  1.0644331e+04  1.0636082e+04
3.4544381e-02      1408  8.8677904e+03  8.8459072e+03  8.8194667e+03
3.9898901e-02      1841  7.7002194e+03  7.6925388e+03  7.7524680e+03
4.5580519e-02      2698  6.9187447e+03  6.9237776e+03  6.9507692e+03
5.1612543e-02      3532  6.0316138e+03  6.0411379e+03  6.0989535e+03
5.7899473e-02      4702  5.0569803e+03  5.0592342e+03  5.1069568e+03
6.4462744e-02      6019  4.1514211e+03  4.1428228e+03  4.1352302e+03
7.1309305e-02      7766  3.4360893e+03  3.4229433e+03  3.4134358e+03
7.8556104e-02     10012  3.0361362e+03  3.0280077e+03  3.0121981e+03
8.6194331e-02     12589  2.8265483e+03  2.8288599e+03  2.8063439e+03
9.4153926e-02     15650  2.5701007e+03  2.5775535e+03  2.5657816e+03
1.0254095e-01     19757  2.1904114e+03  2.1924840e+03  2.1774746e+03
1.1136076e-01     24241  1.8103710e+03  1.8046704e+03  1.7588852e+03
1.2060245e-01     29993  1.5310778e+03  1.5250529e+03  1.4692883e+03
1.3029316e-01     36494  1.3581368e+03  1.3577337e+03  1.3089488e+03
1.4046583e-01     44825  1.2186284e+03  1.2206383e+03  1.1681095e+03
1.5111985e-01     53906  1.0639302e+03  1.0622352e+03  1.0027429e+03
1.6229170e-01     65729  9.3394107e+02  9.3100201e+02  8.7466042e+02
1.7401323e-01     78746  8.5076892e+02  8.5168574e+02  8.0217023e+02
1.8625264e-01     94374  7.6254923e+02  7.6433660e+02  7.1714196e+02
1.9902230e-01    112166  6.5575992e+02  6.5476416e+02  5.9953936e+02
2.1238854e-01    134373  5.7093492e+02  5.6900588e+02  5.0286052e+02
2.2637810e-01    159077  5.1291124e+02  5.1214882e+02  4.4650044e+02
2.4096993e-01    188172  4.6262995e+02  4.6267256e+02  4.0726035e+02
2.5621802e-01    222492  4.2002832e+02  4.2032622e+02  3.6912142e+02
2.7214102e-01    261771  3.7548148e+02  3.7599996e+02  3.2477134e+02
2.8873063e-01    306759  3.3216696e+02  3.3144533e+02  2.7355971e+02
3.0605468e-01    360898  2.9707725e+02  2.9594618e+02  2.3586197e+02
3.2421519e-01    425046  2.7118414e+02  2.7126758e+02  2.1809559e+02
3.4337900e-01    505555  2.4486678e+02  2.4562641e+02  1.9970311e+02
3.6368055e-01    600292  2.1986370e+02  2.1964420e+02  1.6979716e+02
3.8517334e-01    712930  1.9799590e+02  1.9704556e+02  1.4385015e+02
4.0793004e-01    846715  1.7908662e+02  1.7920362e+02  1.3245230e+02
4.3202621e-01   1005596  1.6206545e+02  1.6266214e+02  1.1987752e+02
4.5754560e-01   1194719  1.4592467e+02  1.4523709e+02  9.9630487e+01
4.8457948e-01   1419743  1.3177853e+02  1.3150087e+02  8.8645392e+01
5.1321525e-01   1686576  1.1928710e+02  1.1980685e+02  8.1072949e+01
5.4354215e-01   2003484  1.0780546e+02  1.0710092e+02  6.7380995e+01
5.7565178e-01   2378778  9.7654972e+01  9.7831738e+01  6.1009770e+01
6.0966698e-01   2828400  8.8439033e+01  8.8478222e+01  5.3549594e+01
6.4568974e-01   3356890  8.0250777e+01  7.9903287e+01  4.5755902e+01
6.8383752e-01   3990317  7.3210408e+01  7.3633508e+01  4.1473315e+01
7.2424344e-01   4738457  6.7068136e+01  6.6656263e+01  3.4962316e+01
7.6703215e-01   5629661  6.2124924e+01  6.2430555e+01  3.1581798e+01
8.1235262e-01   6687903  5.8359766e+01  5.8062965e+01  2.6845065e+01
8.6035444e-01   7945758  5.5900470e+01  5.6003332e+01  2.3845482e+01
9.1118812e-01   9436555  5.4975035e+01  5.5061060e+01  2.0727244e+01
9.6501980e-01  11210320  5.5671771e+01  5.5411243e+01  1.7898958e+01
1.0220366e+00  13318613  5.8038143e+01  5.8208322e+01  1.5807694e+01
1.0824208e+00  15819192  6.2018913e+01  6.2003479e+01  1.3688161e+01
1.1463741e+00  18795348  6.7139897e+01  6.6855428e+01  1.1844569e+01
1.2141088e+00  22326034  7.2347986e+01  7.2215099e+01  1.0339422e+01
1.2858419e+00  26520842  7.6605645e+01  7.6576288e+01  9.0129881e+00
1.3618105e+00  31503438  7.9268963e+01  7.9387270e+01  7.8427435e+00
1.4422695e+00  37426927  8.0318593e+01  8.0388046e+01  6.8083715e+00
1.5275481e+00  44525830  8.0403642e+01  8.0447415e+01  5.9067866e+00
