# Power spectrum from CO𝘕CEPT job 4701047 at t = 4.8103804 Gyr, a = 0.43478261
#
# Components:
#   0: matter  (upstream grid size 1024)
#
#                           grid size 1024
# ╭────────────────────────────────────────────────────────────────╮
#                         component 0    (corrected)      (linear)
#                        σ₈ = 3.96e-01  σ₈ = 3.96e-01  σ₈ = 3.86e-01
#  k [Mpc⁻¹]    modes       P [Mpc³]       P [Mpc³]       P [Mpc³]
3.0679616e-03         3  1.2918505e+04  1.2918505e+04  1.2914385e+04
5.8212951e-03        25  1.8704704e+04  1.8804396e+04  1.8788757e+04
1.0440195e-02       124  2.1439322e+04  2.1686190e+04  2.1793802e+04
1.6729547e-02       418  1.9212736e+04  1.9387220e+04  1.9353083e+04
2.3240110e-02       730  1.4664584e+04  1.4668005e+04  1.4795640e+04
2.9075630e-02      1012  1.1535804e+04  1.1507506e+04  1.1497243e+04
3.4544381e-02      1408  9.5879533e+03  9.5642929e+03  9.5334932e+03
3.9898901e-02      1841  8.3219695e+03  8.3136686e+03  8.3800799e+03
4.5580519e-02      2698  7.4787634e+03  7.4842037e+03  7.5134581e+03
5.1612543e-02      3532  6.5184421e+03  6.5287348e+03  6.5926711e+03
5.7899473e-02      4702  5.4656505e+03  5.4680865e+03  5.5203621e+03
6.4462744e-02      6019  4.4902195e+03  4.4809195e+03  4.4699692e+03
7.1309305e-02      7766  3.7177260e+03  3.7035026e+03  3.6897433e+03
7.8556104e-02     10012  3.2858194e+03  3.2770224e+03  3.2560240e+03
8.6194331e-02     12589  3.0590791e+03  3.0615809e+03  3.0335047e+03
9.4153926e-02     15650  2.7812747e+03  2.7893399e+03  2.7734685e+03
1.0254095e-01     19757  2.3717551e+03  2.3739993e+03  2.3537290e+03
1.1136076e-01     24241  1.9632789e+03  1.9570968e+03  1.9012565e+03
1.2060245e-01     29993  1.6622479e+03  1.6557067e+03  1.5882180e+03
1.3029316e-01     36494  1.4749469e+03  1.4745091e+03  1.4148996e+03
1.4046583e-01     44825  1.3239006e+03  1.3260841e+03  1.2626601e+03
1.5111985e-01     53906  1.1574724e+03  1.1556284e+03  1.0839079e+03
1.6229170e-01     65729  1.0169332e+03  1.0137330e+03  9.4545795e+02
1.7401323e-01     78746  9.2648071e+02  9.2747911e+02  8.6710008e+02
1.8625264e-01     94374  8.3092002e+02  8.3286765e+02  7.7518931e+02
1.9902230e-01    112166  7.1609755e+02  7.1501018e+02  6.4806759e+02
2.1238854e-01    134373  6.2491418e+02  6.2280276e+02  5.4356328e+02
2.2637810e-01    159077  5.6210853e+02  5.6127298e+02  4.8264124e+02
2.4096993e-01    188172  5.0727394e+02  5.0732066e+02  4.4022493e+02
2.5621802e-01    222492  4.6094895e+02  4.6127587e+02  3.9899893e+02
2.7214102e-01    261771  4.1277136e+02  4.1334133e+02  3.5105904e+02
2.8873063e-01    306759  3.6614537e+02  3.6534993e+02  2.9570221e+02
3.0605468e-01    360898  3.2813982e+02  3.2689048e+02  2.5495313e+02
3.2421519e-01    425046  2.9982510e+02  2.9991736e+02  2.3574870e+02
3.4337900e-01    505555  2.7106966e+02  2.7191059e+02  2.1586748e+02
3.6368055e-01    600292  2.4403034e+02  2.4378671e+02  1.8354088e+02
3.8517334e-01    712930  2.2035883e+02  2.1930116e+02  1.5549367e+02
4.0793004e-01    846715  1.9962735e+02  1.9975777e+02  1.4317324e+02
4.3202621e-01   1005596  1.8099333e+02  1.8165971e+02  1.2958063e+02
4.5754560e-01   1194719  1.6345400e+02  1.6268382e+02  1.0769477e+02
4.8457948e-01   1419743  1.4797475e+02  1.4766296e+02  9.5820518e+01
5.1321525e-01   1686576  1.3428014e+02  1.3486521e+02  8.7635146e+01
5.4354215e-01   2003484  1.2172289e+02  1.2092740e+02  7.2834938e+01
5.7565178e-01   2378778  1.1056590e+02  1.1076603e+02  6.5948014e+01
6.0966698e-01   2828400  1.0046372e+02  1.0050824e+02  5.7883997e+01
6.4568974e-01   3356890  9.1461956e+01  9.1065921e+01  4.9459468e+01
6.8383752e-01   3990317  8.3712039e+01  8.4195830e+01  4.4830240e+01
7.2424344e-01   4738457  7.6947075e+01  7.6474534e+01  3.7792229e+01
7.6703215e-01   5629661  7.1484440e+01  7.1836117e+01  3.4138085e+01
8.1235262e-01   6687903  6.7301452e+01  6.6959176e+01  2.9017952e+01
8.6035444e-01   7945758  6.4509581e+01  6.4628285e+01  2.5775577e+01
9.1118812e-01   9436555  6.3325139e+01  6.3424229e+01  2.2404943e+01
9.6501980e-01  11210320  6.3814087e+01  6.3515455e+01  1.9347731e+01
1.0220366e+00  13318613  6.5929161e+01  6.6122479e+01  1.7087196e+01
1.0824208e+00  15819192  6.9532315e+01  6.9515011e+01  1.4796104e+01
1.1463741e+00  18795348  7.4045154e+01  7.3731427e+01  1.2803288e+01
1.2141088e+00  22326034  7.8430689e+01  7.8286629e+01  1.1176312e+01
1.2858419e+00  26520842  8.1769654e+01  8.1738318e+01  9.7425142e+00
1.3618105e+00  31503438  8.3657825e+01  8.3782683e+01  8.4775479e+00
1.4422695e+00  37426927  8.4198208e+01  8.4271015e+01  7.3594521e+00
1.5275481e+00  44525830  8.3980765e+01  8.4026484e+01  6.3848913e+00
