# Power spectrum from CO𝘕CEPT job 4701047 at t = 3.624693 Gyr, a = 0.35714286
#
# Components:
#   0: matter  (upstream grid size 1024)
#
#                           grid size 1024
# ╭────────────────────────────────────────────────────────────────╮
#                         component 0    (corrected)      (linear)
#                        σ₈ = 3.26e-01  σ₈ = 3.26e-01  σ₈ = 3.22e-01
#  k [Mpc⁻¹]    modes       P [Mpc³]       P [Mpc³]       P [Mpc³]
3.0679616e-03         3  8.9524287e+03  8.9524287e+03  8.9538468e+03
5.8212951e-03        25  1.2963972e+04  1.3033068e+04  1.3029063e+04
1.0440195e-02       124  1.4877460e+04  1.5048770e+04  1.5115827e+04
1.6729547e-02       418  1.3320417e+04  1.3441389e+04  1.3424784e+04
2.3240110e-02       730  1.0186298e+04  1.0188675e+04  1.0264155e+04
2.9075630e-02      1012  8.0001500e+03  7.9805247e+03  7.9762737e+03
3.4544381e-02      1408  6.6461096e+03  6.6297089e+03  6.6140680e+03
3.9898901e-02      1841  5.7794417e+03  5.7736770e+03  5.8139554e+03
4.5580519e-02      2698  5.1896788e+03  5.1934540e+03  5.2127712e+03
5.1612543e-02      3532  4.5274277e+03  4.5345766e+03  4.5739799e+03
5.7899473e-02      4702  3.7947682e+03  3.7964594e+03  3.8300417e+03
6.4462744e-02      6019  3.1078194e+03  3.1013825e+03  3.1012936e+03
7.1309305e-02      7766  2.5697992e+03  2.5599676e+03  2.5599789e+03
7.8556104e-02     10012  2.2688520e+03  2.2627777e+03  2.2590683e+03
8.6194331e-02     12589  2.1118260e+03  2.1135531e+03  2.1046877e+03
9.4153926e-02     15650  1.9207336e+03  1.9263033e+03  1.9242754e+03
1.0254095e-01     19757  1.6341127e+03  1.6356589e+03  1.6330568e+03
1.1136076e-01     24241  1.3440036e+03  1.3397715e+03  1.3191258e+03
1.2060245e-01     29993  1.1326097e+03  1.1281528e+03  1.1019355e+03
1.3029316e-01     36494  1.0037650e+03  1.0034671e+03  9.8168501e+02
1.4046583e-01     44825  8.9944389e+02  9.0092733e+02  8.7605905e+02
1.5111985e-01     53906  7.8178572e+02  7.8054027e+02  7.5203780e+02
1.6229170e-01     65729  6.8438823e+02  6.8223450e+02  6.5597876e+02
1.7401323e-01     78746  6.2322953e+02  6.2390115e+02  6.0161275e+02
1.8625264e-01     94374  5.5751914e+02  5.5882593e+02  5.3784333e+02
1.9902230e-01    112166  4.7604804e+02  4.7532517e+02  4.4964368e+02
2.1238854e-01    134373  4.1116924e+02  4.0978001e+02  3.7713640e+02
2.2637810e-01    159077  3.6788645e+02  3.6733960e+02  3.3486742e+02
2.4096993e-01    188172  3.3135287e+02  3.3138339e+02  3.0543811e+02
2.5621802e-01    222492  3.0001575e+02  3.0022853e+02  2.7683463e+02
2.7214102e-01    261771  2.6673971e+02  2.6710804e+02  2.4357289e+02
2.8873063e-01    306759  2.3367211e+02  2.3316447e+02  2.0516507e+02
3.0605468e-01    360898  2.0750138e+02  2.0671135e+02  1.7689244e+02
3.2421519e-01    425046  1.8886869e+02  1.8892681e+02  1.6356798e+02
3.4337900e-01    505555  1.6994786e+02  1.7047507e+02  1.4977394e+02
3.6368055e-01    600292  1.5112183e+02  1.5097095e+02  1.2734500e+02
3.8517334e-01    712930  1.3472070e+02  1.3407407e+02  1.0788519e+02
4.0793004e-01    846715  1.2128942e+02  1.2136866e+02  9.9336999e+01
4.3202621e-01   1005596  1.0909431e+02  1.0949598e+02  8.9906132e+01
4.5754560e-01   1194719  9.7102688e+01  9.6645148e+01  7.4721203e+01
4.8457948e-01   1419743  8.6933854e+01  8.6750684e+01  6.6482569e+01
5.1321525e-01   1686576  7.8027762e+01  7.8367738e+01  6.0803365e+01
5.4354215e-01   2003484  6.9744503e+01  6.9288700e+01  5.0534630e+01
5.7565178e-01   2378778  6.2520515e+01  6.2633683e+01  4.5756319e+01
6.0966698e-01   2828400  5.5961899e+01  5.5986697e+01  4.0161312e+01
6.4568974e-01   3356890  5.0166374e+01  4.9949151e+01  3.4316173e+01
6.8383752e-01   3990317  4.5180449e+01  4.5441557e+01  3.1104304e+01
7.2424344e-01   4738457  4.0857572e+01  4.0606660e+01  2.6221163e+01
7.6703215e-01   5629661  3.7390560e+01  3.7574507e+01  2.3685831e+01
8.1235262e-01   6687903  3.4779181e+01  3.4602304e+01  2.0133360e+01
8.6035444e-01   7945758  3.3198052e+01  3.3259140e+01  1.7883722e+01
9.1118812e-01   9436555  3.2838975e+01  3.2890361e+01  1.5545095e+01
9.6501980e-01  11210320  3.3853105e+01  3.3694682e+01  1.3423928e+01
1.0220366e+00  13318613  3.6510345e+01  3.6617401e+01  1.1855514e+01
1.0824208e+00  15819192  4.1045582e+01  4.1035367e+01  1.0265899e+01
1.1463741e+00  18795348  4.7477978e+01  4.7276816e+01  8.8832354e+00
1.2141088e+00  22326034  5.5044907e+01  5.4943802e+01  7.7544003e+00
1.2858419e+00  26520842  6.2589212e+01  6.2565226e+01  6.7595965e+00
1.3618105e+00  31503438  6.8434589e+01  6.8536726e+01  5.8819323e+00
1.4422695e+00  37426927  7.1475151e+01  7.1536957e+01  5.1061702e+00
1.5275481e+00  44525830  7.2283393e+01  7.2322745e+01  4.4299963e+00
