# Power spectrum from CO𝘕CEPT job 4701047 at t = 4.0355747 Gyr, a = 0.38461538
#
# Components:
#   0: matter  (upstream grid size 1024)
#
#                           grid size 1024
# ╭────────────────────────────────────────────────────────────────╮
#                         component 0    (corrected)      (linear)
#                        σ₈ = 3.51e-01  σ₈ = 3.51e-01  σ₈ = 3.45e-01
#  k [Mpc⁻¹]    modes       P [Mpc³]       P [Mpc³]       P [Mpc³]
3.0679616e-03         3  1.0294806e+04  1.0294806e+04  1.0295354e+04
5.8212951e-03        25  1.4907093e+04  1.4986544e+04  1.4980084e+04
1.0440195e-02       124  1.7099870e+04  1.7296770e+04  1.7378043e+04
1.6729547e-02       418  1.5315246e+04  1.5454334e+04  1.5433147e+04
2.3240110e-02       730  1.1703879e+04  1.1706609e+04  1.1799358e+04
2.9075630e-02      1012  9.1973606e+03  9.1747984e+03  9.1691481e+03
3.4544381e-02      1408  7.6420099e+03  7.6231515e+03  7.6031547e+03
3.9898901e-02      1841  6.6409814e+03  6.6343573e+03  6.6833519e+03
4.5580519e-02      2698  5.9650320e+03  5.9693711e+03  5.9922425e+03
5.1612543e-02      3532  5.2021487e+03  5.2103630e+03  5.2579142e+03
5.7899473e-02      4702  4.3608579e+03  4.3628014e+03  4.4027256e+03
6.4462744e-02      6019  3.5753275e+03  3.5679223e+03  3.5650048e+03
7.1309305e-02      7766  2.9576462e+03  2.9463307e+03  2.9427471e+03
7.8556104e-02     10012  2.6122357e+03  2.6052421e+03  2.5968410e+03
8.6194331e-02     12589  2.4317069e+03  2.4336957e+03  2.4193752e+03
9.4153926e-02     15650  2.2114139e+03  2.2178266e+03  2.2119863e+03
1.0254095e-01     19757  1.8828807e+03  1.8846623e+03  1.8772244e+03
1.1136076e-01     24241  1.5520432e+03  1.5471561e+03  1.5163550e+03
1.2060245e-01     29993  1.3100522e+03  1.3048970e+03  1.2666908e+03
1.3029316e-01     36494  1.1614822e+03  1.1611375e+03  1.1284607e+03
1.4046583e-01     44825  1.0414577e+03  1.0431754e+03  1.0070419e+03
1.5111985e-01     53906  9.0703677e+02  9.0559179e+02  8.6447749e+02
1.6229170e-01     65729  7.9502262e+02  7.9252073e+02  7.5405617e+02
1.7401323e-01     78746  7.2408297e+02  7.2486326e+02  6.9156158e+02
1.8625264e-01     94374  6.4830962e+02  6.4982921e+02  6.1825771e+02
1.9902230e-01    112166  5.5538596e+02  5.5454263e+02  5.1687102e+02
2.1238854e-01    134373  4.8149639e+02  4.7986954e+02  4.3352294e+02
2.2637810e-01    159077  4.3161080e+02  4.3096923e+02  3.8493419e+02
2.4096993e-01    188172  3.8897605e+02  3.8901188e+02  3.5110481e+02
2.5621802e-01    222492  3.5263114e+02  3.5288124e+02  3.1822473e+02
2.7214102e-01    261771  3.1429357e+02  3.1472757e+02  2.7998994e+02
2.8873063e-01    306759  2.7662089e+02  2.7601994e+02  2.3583968e+02
3.0605468e-01    360898  2.4646748e+02  2.4552909e+02  2.0333995e+02
3.2421519e-01    425046  2.2462054e+02  2.2468966e+02  1.8802331e+02
3.4337900e-01    505555  2.0241363e+02  2.0304156e+02  1.7216690e+02
3.6368055e-01    600292  1.8083526e+02  1.8065472e+02  1.4638456e+02
3.8517334e-01    712930  1.6200037e+02  1.6122281e+02  1.2401528e+02
4.0793004e-01    846715  1.4614556e+02  1.4624104e+02  1.1418903e+02
4.3202621e-01   1005596  1.3181632e+02  1.3230165e+02  1.0334813e+02
4.5754560e-01   1194719  1.1799352e+02  1.1743754e+02  8.5892880e+01
4.8457948e-01   1419743  1.0606724e+02  1.0584376e+02  7.6422474e+01
5.1321525e-01   1686576  9.5577862e+01  9.5994306e+01  6.9894163e+01
5.4354215e-01   2003484  8.5886193e+01  8.5324899e+01  5.8090133e+01
5.7565178e-01   2378778  7.7382557e+01  7.7522628e+01  5.2597409e+01
6.0966698e-01   2828400  6.9648734e+01  6.9679596e+01  4.6165884e+01
6.4568974e-01   3356890  6.2803429e+01  6.2531487e+01  3.9446829e+01
6.8383752e-01   3990317  5.6920026e+01  5.7248980e+01  3.5754749e+01
7.2424344e-01   4738457  5.1803020e+01  5.1484891e+01  3.0141523e+01
7.6703215e-01   5629661  4.7695858e+01  4.7930503e+01  2.7227129e+01
8.1235262e-01   6687903  4.4590148e+01  4.4363376e+01  2.3143523e+01
8.6035444e-01   7945758  4.2641757e+01  4.2720222e+01  2.0557539e+01
9.1118812e-01   9436555  4.2068059e+01  4.2133887e+01  1.7869261e+01
9.6501980e-01  11210320  4.2996689e+01  4.2795477e+01  1.5430955e+01
1.0220366e+00  13318613  4.5615750e+01  4.5749504e+01  1.3628045e+01
1.0824208e+00  15819192  5.0027703e+01  5.0015253e+01  1.1800765e+01
1.1463741e+00  18795348  5.6003279e+01  5.5765995e+01  1.0211377e+01
1.2141088e+00  22326034  6.2570213e+01  6.2455286e+01  8.9137688e+00
1.2858419e+00  26520842  6.8555510e+01  6.8529238e+01  7.7702305e+00
1.3618105e+00  31503438  7.2774900e+01  7.2883514e+01  6.7613456e+00
1.4422695e+00  37426927  7.4784714e+01  7.4849382e+01  5.8695984e+00
1.5275481e+00  44525830  7.5296361e+01  7.5337353e+01  5.0923289e+00
