# Power spectrum from CO𝘕CEPT job 4701047 at t = 2.406951 Gyr, a = 0.27027027
#
# Components:
#   0: matter  (upstream grid size 1024)
#
#                           grid size 1024
# ╭────────────────────────────────────────────────────────────────╮
#                         component 0    (corrected)      (linear)
#                        σ₈ = 2.47e-01  σ₈ = 2.47e-01  σ₈ = 2.46e-01
#  k [Mpc⁻¹]    modes       P [Mpc³]       P [Mpc³]       P [Mpc³]
3.0679616e-03         3  5.2334881e+03  5.2334881e+03  5.2340644e+03
5.8212951e-03        25  7.5801532e+03  7.6205539e+03  7.6183905e+03
1.0440195e-02       124  8.7115632e+03  8.8118743e+03  8.8411161e+03
1.6729547e-02       418  7.7912644e+03  7.8620222e+03  7.8534724e+03
2.3240110e-02       730  5.9710531e+03  5.9724462e+03  6.0050986e+03
2.9075630e-02      1012  4.6806620e+03  4.6691798e+03  4.6667943e+03
3.4544381e-02      1408  3.8862890e+03  3.8766988e+03  3.8699039e+03
3.9898901e-02      1841  3.3869453e+03  3.3835669e+03  3.4018241e+03
4.5580519e-02      2698  3.0384616e+03  3.0406718e+03  3.0501086e+03
5.1612543e-02      3532  2.6534807e+03  2.6576706e+03  2.6763679e+03
5.7899473e-02      4702  2.2233316e+03  2.2243225e+03  2.2410876e+03
6.4462744e-02      6019  1.8149401e+03  1.8111810e+03  1.8146844e+03
7.1309305e-02      7766  1.4991260e+03  1.4933906e+03  1.4979485e+03
7.8556104e-02     10012  1.3221632e+03  1.3186234e+03  1.3218789e+03
8.6194331e-02     12589  1.2299737e+03  1.2309797e+03  1.2315483e+03
9.4153926e-02     15650  1.1190351e+03  1.1222801e+03  1.1259839e+03
1.0254095e-01     19757  9.5014200e+02  9.5104103e+02  9.5558037e+02
1.1136076e-01     24241  7.7652069e+02  7.7407554e+02  7.7188567e+02
1.2060245e-01     29993  6.5134626e+02  6.4878314e+02  6.4479787e+02
1.3029316e-01     36494  5.7670633e+02  5.7653517e+02  5.7443398e+02
1.4046583e-01     44825  5.1551674e+02  5.1636697e+02  5.1262739e+02
1.5111985e-01     53906  4.4560234e+02  4.4489246e+02  4.4005656e+02
1.6229170e-01     65729  3.8873756e+02  3.8751423e+02  3.8384770e+02
1.7401323e-01     78746  3.5387637e+02  3.5425771e+02  3.5203551e+02
1.8625264e-01     94374  3.1579151e+02  3.1653170e+02  3.1472082e+02
1.9902230e-01    112166  2.6700669e+02  2.6660125e+02  2.6311063e+02
2.1238854e-01    134373  2.2788837e+02  2.2711840e+02  2.2068282e+02
2.2637810e-01    159077  2.0278428e+02  2.0248285e+02  1.9594904e+02
2.4096993e-01    188172  1.8249065e+02  1.8250745e+02  1.7872841e+02
2.5621802e-01    222492  1.6465449e+02  1.6477127e+02  1.6199101e+02
2.7214102e-01    261771  1.4536827e+02  1.4556900e+02  1.4252778e+02
2.8873063e-01    306759  1.2534035e+02  1.2506805e+02  1.2005330e+02
3.0605468e-01    360898  1.1006604e+02  1.0964698e+02  1.0350946e+02
3.2421519e-01    425046  9.9922304e+01  9.9953051e+01  9.5712601e+01
3.4337900e-01    505555  8.9689850e+01  8.9968089e+01  8.7640967e+01
3.6368055e-01    600292  7.8442059e+01  7.8363745e+01  7.4516570e+01
3.8517334e-01    712930  6.8707685e+01  6.8377905e+01  6.3129573e+01
4.0793004e-01    846715  6.1588729e+01  6.1628966e+01  5.8127560e+01
4.3202621e-01   1005596  5.4984013e+01  5.5186454e+01  5.2609044e+01
4.5754560e-01   1194719  4.7897146e+01  4.7671458e+01  4.3723508e+01
4.8457948e-01   1419743  4.2350416e+01  4.2261183e+01  3.8902631e+01
5.1321525e-01   1686576  3.7586794e+01  3.7750564e+01  3.5579417e+01
5.4354215e-01   2003484  3.2930415e+01  3.2715204e+01  2.9570614e+01
5.7565178e-01   2378778  2.9014116e+01  2.9066635e+01  2.6774561e+01
6.0966698e-01   2828400  2.5512964e+01  2.5524270e+01  2.3500614e+01
6.4568974e-01   3356890  2.2379706e+01  2.2282801e+01  2.0080300e+01
6.8383752e-01   3990317  1.9709816e+01  1.9823724e+01  1.8200858e+01
7.2424344e-01   4738457  1.7382221e+01  1.7275475e+01  1.5343462e+01
7.6703215e-01   5629661  1.5517450e+01  1.5593790e+01  1.3859899e+01
8.1235262e-01   6687903  1.4117802e+01  1.4046003e+01  1.1781151e+01
8.6035444e-01   7945758  1.3356312e+01  1.3380889e+01  1.0464763e+01
9.1118812e-01   9436555  1.3340640e+01  1.3361515e+01  9.0963031e+00
9.6501980e-01  11210320  1.4189897e+01  1.4123492e+01  7.8550901e+00
1.0220366e+00  13318613  1.6223158e+01  1.6270727e+01  6.9373244e+00
1.0824208e+00  15819192  1.9876456e+01  1.9871510e+01  6.0071525e+00
1.1463741e+00  18795348  2.5791390e+01  2.5682113e+01  5.1980789e+00
1.2141088e+00  22326034  3.4451094e+01  3.4387815e+01  4.5375348e+00
1.2858419e+00  26520842  4.6155363e+01  4.6137675e+01  3.9554198e+00
1.3618105e+00  31503438  5.9451140e+01  5.9539869e+01  3.4418496e+00
1.4422695e+00  37426927  7.0005021e+01  7.0065556e+01  2.9879080e+00
1.5275481e+00  44525830  7.3398923e+01  7.3438882e+01  2.5922410e+00
