# Power spectrum from CO𝘕CEPT job 4701047 at t = 13.789798 Gyr, a = 1
#
# Components:
#   0: matter  (upstream grid size 1024)
#
#                           grid size 1024
# ╭────────────────────────────────────────────────────────────────╮
#                         component 0    (corrected)      (linear)
#                        σ₈ = 7.88e-01  σ₈ = 7.88e-01  σ₈ = 7.18e-01
#  k [Mpc⁻¹]    modes       P [Mpc³]       P [Mpc³]       P [Mpc³]
3.0679616e-03         3  4.4787995e+04  4.4787995e+04  4.4789841e+04
5.8212951e-03        25  6.4813283e+04  6.5158725e+04  6.5127259e+04
1.0440195e-02       124  7.3810999e+04  7.4660911e+04  7.5495825e+04
1.6729547e-02       418  6.6397330e+04  6.7000329e+04  6.7007072e+04
2.3240110e-02       730  5.0168744e+04  5.0180449e+04  5.1212365e+04
2.9075630e-02      1012  3.9771219e+04  3.9673656e+04  3.9789073e+04
3.4544381e-02      1408  3.3133444e+04  3.3051679e+04  3.2989622e+04
3.9898901e-02      1841  2.8482909e+04  2.8454499e+04  2.8996275e+04
4.5580519e-02      2698  2.5696466e+04  2.5715158e+04  2.5996190e+04
5.1612543e-02      3532  2.2280162e+04  2.2315343e+04  2.2809316e+04
5.7899473e-02      4702  1.8734717e+04  1.8743067e+04  1.9098692e+04
6.4462744e-02      6019  1.5685515e+04  1.5653027e+04  1.5464252e+04
7.1309305e-02      7766  1.3134205e+04  1.3083955e+04  1.2764717e+04
7.8556104e-02     10012  1.1691033e+04  1.1659733e+04  1.1264062e+04
8.6194331e-02     12589  1.0855498e+04  1.0864376e+04  1.0494117e+04
9.4153926e-02     15650  9.8259981e+03  9.8544917e+03  9.5944347e+03
1.0254095e-01     19757  8.5313406e+03  8.5394130e+03  8.1423240e+03
1.1136076e-01     24241  7.3578936e+03  7.3347247e+03  6.5770193e+03
1.2060245e-01     29993  6.4071017e+03  6.3818890e+03  5.4940875e+03
1.3029316e-01     36494  5.7461402e+03  5.7444348e+03  4.8945033e+03
1.4046583e-01     44825  5.1771952e+03  5.1857339e+03  4.3678464e+03
1.5111985e-01     53906  4.6895067e+03  4.6820359e+03  3.7494843e+03
1.6229170e-01     65729  4.2121831e+03  4.1989276e+03  3.2705429e+03
1.7401323e-01     78746  3.8632718e+03  3.8674349e+03  2.9994772e+03
1.8625264e-01     94374  3.5155654e+03  3.5238057e+03  2.6815322e+03
1.9902230e-01    112166  3.1810213e+03  3.1761910e+03  2.2417883e+03
2.1238854e-01    134373  2.8841655e+03  2.8744206e+03  1.8802846e+03
2.2637810e-01    159077  2.6669824e+03  2.6630181e+03  1.6695414e+03
2.4096993e-01    188172  2.4587607e+03  2.4589871e+03  1.5228137e+03
2.5621802e-01    222492  2.2744272e+03  2.2760403e+03  1.3802042e+03
2.7214102e-01    261771  2.1143658e+03  2.1172855e+03  1.2143707e+03
2.8873063e-01    306759  1.9579137e+03  1.9536602e+03  1.0228814e+03
3.0605468e-01    360898  1.8271673e+03  1.8202106e+03  8.8192309e+02
3.2421519e-01    425046  1.7011183e+03  1.7016418e+03  8.1549131e+02
3.4337900e-01    505555  1.5920939e+03  1.5970329e+03  7.4671861e+02
3.6368055e-01    600292  1.4910661e+03  1.4895775e+03  6.3489558e+02
3.8517334e-01    712930  1.3966195e+03  1.3899161e+03  5.3787576e+02
4.0793004e-01    846715  1.3133569e+03  1.3142149e+03  4.9525733e+02
4.3202621e-01   1005596  1.2314364e+03  1.2359703e+03  4.4823830e+02
4.5754560e-01   1194719  1.1589355e+03  1.1534747e+03  3.7253176e+02
4.8457948e-01   1419743  1.0885588e+03  1.0862652e+03  3.3145689e+02
5.1321525e-01   1686576  1.0270041e+03  1.0314788e+03  3.0314242e+02
5.4354215e-01   2003484  9.6587630e+02  9.5956398e+02  2.5194632e+02
5.7565178e-01   2378778  9.1264289e+02  9.1429487e+02  2.2812342e+02
6.0966698e-01   2828400  8.6163693e+02  8.6201874e+02  2.0022880e+02
6.4568974e-01   3356890  8.1441953e+02  8.1089305e+02  1.7108714e+02
6.8383752e-01   3990317  7.6979805e+02  7.7424689e+02  1.5507397e+02
7.2424344e-01   4738457  7.2874856e+02  7.2427323e+02  1.3072849e+02
7.6703215e-01   5629661  6.9051649e+02  6.9391356e+02  1.1808828e+02
8.1235262e-01   6687903  6.5444224e+02  6.5111394e+02  1.0037703e+02
8.6035444e-01   7945758  6.2053404e+02  6.2167588e+02  8.9161194e+01
9.1118812e-01   9436555  5.8805412e+02  5.8897429e+02  7.7501703e+01
9.6501980e-01  11210320  5.5634291e+02  5.5373938e+02  6.6926382e+01
1.0220366e+00  13318613  5.2594080e+02  5.2748296e+02  5.9106878e+01
1.0824208e+00  15819192  4.9588721e+02  4.9576380e+02  5.1181677e+01
1.1463741e+00  18795348  4.6652328e+02  4.6454664e+02  4.4288253e+01
1.2141088e+00  22326034  4.3792397e+02  4.3711960e+02  3.8660321e+01
1.2858419e+00  26520842  4.1026793e+02  4.1011070e+02  3.3700618e+01
1.3618105e+00  31503438  3.8350310e+02  3.8407547e+02  2.9324928e+01
1.4422695e+00  37426927  3.5778092e+02  3.5809029e+02  2.5457283e+01
1.5275481e+00  44525830  3.3313843e+02  3.3331979e+02  2.2086146e+01
