# Power spectrum from CO𝘕CEPT job 4701047 at t = 3.4440924 Gyr, a = 0.34482759
#
# Components:
#   0: matter  (upstream grid size 1024)
#
#                           grid size 1024
# ╭────────────────────────────────────────────────────────────────╮
#                         component 0    (corrected)      (linear)
#                        σ₈ = 3.15e-01  σ₈ = 3.15e-01  σ₈ = 3.11e-01
#  k [Mpc⁻¹]    modes       P [Mpc³]       P [Mpc³]       P [Mpc³]
3.0679616e-03         3  8.3748336e+03  8.3748336e+03  8.3763608e+03
5.8212951e-03        25  1.2127861e+04  1.2192500e+04  1.2189154e+04
1.0440195e-02       124  1.3920716e+04  1.4081009e+04  1.4141898e+04
1.6729547e-02       418  1.2461933e+04  1.2575108e+04  1.2560108e+04
2.3240110e-02       730  9.5327060e+03  9.5349299e+03  9.6031752e+03
2.9075630e-02      1012  7.4848569e+03  7.4664957e+03  7.4626757e+03
3.4544381e-02      1408  6.2175443e+03  6.2022012e+03  6.1882082e+03
3.9898901e-02      1841  5.4084187e+03  5.4030240e+03  5.4396271e+03
4.5580519e-02      2698  4.8558779e+03  4.8594102e+03  4.8771597e+03
5.1612543e-02      3532  4.2368419e+03  4.2435319e+03  4.2795020e+03
5.7899473e-02      4702  3.5510132e+03  3.5525958e+03  3.5834636e+03
6.4462744e-02      6019  2.9067915e+03  2.9007710e+03  2.9016350e+03
7.1309305e-02      7766  2.4031394e+03  2.3939454e+03  2.3951714e+03
7.8556104e-02     10012  2.1213692e+03  2.1156897e+03  2.1136341e+03
8.6194331e-02     12589  1.9744336e+03  1.9760483e+03  1.9691932e+03
9.4153926e-02     15650  1.7958604e+03  1.8010681e+03  1.8003961e+03
1.0254095e-01     19757  1.5273708e+03  1.5288160e+03  1.5279257e+03
1.1136076e-01     24241  1.2549988e+03  1.2510470e+03  1.2342050e+03
1.2060245e-01     29993  1.0568542e+03  1.0526953e+03  1.0309969e+03
1.3029316e-01     36494  9.3647400e+02  9.3619606e+02  9.1848782e+02
1.4046583e-01     44825  8.3888107e+02  8.4026462e+02  8.1966178e+02
1.5111985e-01     53906  7.2851494e+02  7.2735435e+02  7.0362463e+02
1.6229170e-01     65729  6.3740984e+02  6.3540395e+02  6.1374955e+02
1.7401323e-01     78746  5.8041451e+02  5.8103999e+02  5.6288345e+02
1.8625264e-01     94374  5.1902028e+02  5.2023683e+02  5.0321927e+02
1.9902230e-01    112166  4.4253101e+02  4.4185904e+02  4.2069757e+02
2.1238854e-01    134373  3.8157068e+02  3.8028145e+02  3.5285802e+02
2.2637810e-01    159077  3.4112441e+02  3.4061735e+02  3.1331015e+02
2.4096993e-01    188172  3.0718168e+02  3.0720997e+02  2.8577538e+02
2.5621802e-01    222492  2.7797815e+02  2.7817531e+02  2.5901327e+02
2.7214102e-01    261771  2.4688126e+02  2.4722217e+02  2.2789277e+02
2.8873063e-01    306759  2.1580625e+02  2.1533742e+02  1.9195749e+02
3.0605468e-01    360898  1.9134108e+02  1.9061257e+02  1.6550492e+02
3.2421519e-01    425046  1.7406974e+02  1.7412331e+02  1.5303823e+02
3.4337900e-01    505555  1.5654360e+02  1.5702923e+02  1.4013219e+02
3.6368055e-01    600292  1.3889622e+02  1.3875755e+02  1.1914712e+02
3.8517334e-01    712930  1.2353554e+02  1.2294260e+02  1.0094005e+02
4.0793004e-01    846715  1.1112734e+02  1.1119995e+02  9.2942149e+01
4.3202621e-01   1005596  9.9834086e+01  1.0020166e+02  8.4118397e+01
4.5754560e-01   1194719  8.8617874e+01  8.8200313e+01  6.9911004e+01
4.8457948e-01   1419743  7.9192145e+01  7.9025286e+01  6.2202735e+01
5.1321525e-01   1686576  7.0954502e+01  7.1263659e+01  5.6889133e+01
5.4354215e-01   2003484  6.3262551e+01  6.2849109e+01  4.7281450e+01
5.7565178e-01   2378778  5.6574273e+01  5.6676678e+01  4.2810744e+01
6.0966698e-01   2828400  5.0511704e+01  5.0534087e+01  3.7575918e+01
6.4568974e-01   3356890  4.5154848e+01  4.4959326e+01  3.2107061e+01
6.8383752e-01   3990317  4.0544421e+01  4.0778736e+01  2.9101958e+01
7.2424344e-01   4738457  3.6551415e+01  3.6326948e+01  2.4533170e+01
7.6703215e-01   5629661  3.3349847e+01  3.3513916e+01  2.2161051e+01
8.1235262e-01   6687903  3.0941090e+01  3.0783733e+01  1.8837271e+01
8.6035444e-01   7945758  2.9505413e+01  2.9559705e+01  1.6732454e+01
9.1118812e-01   9436555  2.9222144e+01  2.9267870e+01  1.4544377e+01
9.6501980e-01  11210320  3.0246457e+01  3.0104912e+01  1.2559760e+01
1.0220366e+00  13318613  3.2874133e+01  3.2970526e+01  1.1092314e+01
1.0824208e+00  15819192  3.7392952e+01  3.7383646e+01  9.6050307e+00
1.1463741e+00  18795348  4.3935789e+01  4.3749635e+01  8.3113759e+00
1.2141088e+00  22326034  5.1877870e+01  5.1782582e+01  7.2552099e+00
1.2858419e+00  26520842  6.0126285e+01  6.0103243e+01  6.3244468e+00
1.3618105e+00  31503438  6.6816135e+01  6.6915856e+01  5.5032823e+00
1.4422695e+00  37426927  7.0438175e+01  7.0499084e+01  4.7774602e+00
1.5275481e+00  44525830  7.1380040e+01  7.1418900e+01  4.1448151e+00
