# Power spectrum from CO𝘕CEPT job 4701047 at t = 2.7272613 Gyr, a = 0.29411765
#
# Components:
#   0: matter  (upstream grid size 1024)
#
#                           grid size 1024
# ╭────────────────────────────────────────────────────────────────╮
#                         component 0    (corrected)      (linear)
#                        σ₈ = 2.69e-01  σ₈ = 2.69e-01  σ₈ = 2.67e-01
#  k [Mpc⁻¹]    modes       P [Mpc³]       P [Mpc³]       P [Mpc³]
3.0679616e-03         3  6.1685167e+03  6.1685167e+03  6.1694774e+03
5.8212951e-03        25  8.9338631e+03  8.9814787e+03  8.9791418e+03
1.0440195e-02       124  1.0263161e+04  1.0381339e+04  1.0419340e+04
1.6729547e-02       418  9.1817978e+03  9.2651839e+03  9.2548922e+03
2.3240110e-02       730  7.0324866e+03  7.0341273e+03  7.0764814e+03
2.9075630e-02      1012  5.5156359e+03  5.5021055e+03  5.4993279e+03
3.4544381e-02      1408  4.5802571e+03  4.5689543e+03  4.5602372e+03
3.9898901e-02      1841  3.9893047e+03  3.9853255e+03  4.0086363e+03
4.5580519e-02      2698  3.5797773e+03  3.5823814e+03  3.5941670e+03
5.1612543e-02      3532  3.1253120e+03  3.1302469e+03  3.1537508e+03
5.7899473e-02      4702  2.6188818e+03  2.6200490e+03  2.6408232e+03
6.4462744e-02      6019  2.1396638e+03  2.1352322e+03  2.1383598e+03
7.1309305e-02      7766  1.7677819e+03  1.7610186e+03  1.7651269e+03
7.8556104e-02     10012  1.5595292e+03  1.5553539e+03  1.5576512e+03
8.6194331e-02     12589  1.4510550e+03  1.4522418e+03  1.4512077e+03
9.4153926e-02     15650  1.3200630e+03  1.3238910e+03  1.3268138e+03
1.0254095e-01     19757  1.1213561e+03  1.1224171e+03  1.1260165e+03
1.1136076e-01     24241  9.1793354e+02  9.1504310e+02  9.0955774e+02
1.2060245e-01     29993  7.7087561e+02  7.6784212e+02  7.5980247e+02
1.3029316e-01     36494  6.8267880e+02  6.8247619e+02  6.7688841e+02
1.4046583e-01     44825  6.1067417e+02  6.1168135e+02  6.0405799e+02
1.5111985e-01     53906  5.2858480e+02  5.2774271e+02  5.1854352e+02
1.6229170e-01     65729  4.6152657e+02  4.6007417e+02  4.5230935e+02
1.7401323e-01     78746  4.2017001e+02  4.2062279e+02  4.1482318e+02
1.8625264e-01     94374  3.7517796e+02  3.7605736e+02  3.7085313e+02
1.9902230e-01    112166  3.1803487e+02  3.1755195e+02  3.1003792e+02
2.1238854e-01    134373  2.7231208e+02  2.7139201e+02  2.6004284e+02
2.2637810e-01    159077  2.4266042e+02  2.4229971e+02  2.3089762e+02
2.4096993e-01    188172  2.1839027e+02  2.1841038e+02  2.1060559e+02
2.5621802e-01    222492  1.9721433e+02  1.9735420e+02  1.9088296e+02
2.7214102e-01    261771  1.7442527e+02  1.7466612e+02  1.6794836e+02
2.8873063e-01    306759  1.5106174e+02  1.5073356e+02  1.4146543e+02
3.0605468e-01    360898  1.3306633e+02  1.3255970e+02  1.2197090e+02
3.2421519e-01    425046  1.2085620e+02  1.2089339e+02  1.1278342e+02
3.4337900e-01    505555  1.0851419e+02  1.0885083e+02  1.0327217e+02
3.6368055e-01    600292  9.5357235e+01  9.5262033e+01  8.7806968e+01
3.8517334e-01    712930  8.3949771e+01  8.3546832e+01  7.4389041e+01
4.0793004e-01    846715  7.5312360e+01  7.5361563e+01  6.8494892e+01
4.3202621e-01   1005596  6.7354686e+01  6.7602674e+01  6.1992121e+01
4.5754560e-01   1194719  5.9049822e+01  5.8771584e+01  5.1521805e+01
4.8457948e-01   1419743  5.2380794e+01  5.2270427e+01  4.5841100e+01
5.1321525e-01   1686576  4.6614824e+01  4.6817930e+01  4.1925175e+01
5.4354215e-01   2003484  4.1088198e+01  4.0819673e+01  3.4844672e+01
5.7565178e-01   2378778  3.6370789e+01  3.6436623e+01  3.1549929e+01
6.0966698e-01   2828400  3.2135593e+01  3.2149833e+01  2.7692057e+01
6.4568974e-01   3356890  2.8370847e+01  2.8248000e+01  2.3661714e+01
6.8383752e-01   3990317  2.5141365e+01  2.5286663e+01  2.1447065e+01
7.2424344e-01   4738457  2.2341156e+01  2.2203957e+01  1.8080039e+01
7.6703215e-01   5629661  2.0097786e+01  2.0196660e+01  1.6331875e+01
8.1235262e-01   6687903  1.8413929e+01  1.8320281e+01  1.3882373e+01
8.6035444e-01   7945758  1.7470964e+01  1.7503112e+01  1.2331201e+01
9.1118812e-01   9436555  1.7398382e+01  1.7425607e+01  1.0718669e+01
9.6501980e-01  11210320  1.8334789e+01  1.8248987e+01  9.2560804e+00
1.0220366e+00  13318613  2.0615091e+01  2.0675538e+01  8.1746268e+00
1.0824208e+00  15819192  2.4663946e+01  2.4657808e+01  7.0785545e+00
1.1463741e+00  18795348  3.1011943e+01  3.0880546e+01  6.1251788e+00
1.2141088e+00  22326034  3.9781909e+01  3.9708839e+01  5.3468236e+00
1.2858419e+00  26520842  5.0654898e+01  5.0635486e+01  4.6608857e+00
1.3618105e+00  31503438  6.1633522e+01  6.1725508e+01  4.0557179e+00
1.4422695e+00  37426927  6.9112701e+01  6.9172464e+01  3.5208138e+00
1.5275481e+00  44525830  7.1132975e+01  7.1171700e+01  3.0545778e+00
