# Power spectrum from CO𝘕CEPT job 4701047 at t = 2.6130693 Gyr, a = 0.28571429
#
# Components:
#   0: matter  (upstream grid size 1024)
#
#                           grid size 1024
# ╭────────────────────────────────────────────────────────────────╮
#                         component 0    (corrected)      (linear)
#                        σ₈ = 2.61e-01  σ₈ = 2.61e-01  σ₈ = 2.60e-01
#  k [Mpc⁻¹]    modes       P [Mpc³]       P [Mpc³]       P [Mpc³]
3.0679616e-03         3  5.8312276e+03  5.8312276e+03  5.8320453e+03
5.8212951e-03        25  8.4455528e+03  8.4905659e+03  8.4882900e+03
1.0440195e-02       124  9.7035728e+03  9.8153066e+03  9.8500567e+03
1.6729547e-02       418  8.6802263e+03  8.7590573e+03  8.7493946e+03
2.3240110e-02       730  6.6497343e+03  6.6512857e+03  6.6900338e+03
2.9075630e-02      1012  5.2144687e+03  5.2016770e+03  5.1990350e+03
3.4544381e-02      1408  4.3299302e+03  4.3192451e+03  4.3112366e+03
3.9898901e-02      1841  3.7720860e+03  3.7683235e+03  3.7897619e+03
4.5580519e-02      2698  3.3845467e+03  3.3870087e+03  3.3979280e+03
5.1612543e-02      3532  2.9551651e+03  2.9598313e+03  2.9815616e+03
5.7899473e-02      4702  2.4762337e+03  2.4773374e+03  2.4966410e+03
6.4462744e-02      6019  2.0225008e+03  2.0183118e+03  2.0216122e+03
7.1309305e-02      7766  1.6708291e+03  1.6644368e+03  1.6687575e+03
7.8556104e-02     10012  1.4738540e+03  1.4699081e+03  1.4726098e+03
8.6194331e-02     12589  1.3712539e+03  1.3723753e+03  1.3719781e+03
9.4153926e-02     15650  1.2475031e+03  1.2511206e+03  1.2543760e+03
1.0254095e-01     19757  1.0595349e+03  1.0605374e+03  1.0645414e+03
1.1136076e-01     24241  8.6682219e+02  8.6409270e+02  8.5990045e+02
1.2060245e-01     29993  7.2764197e+02  7.2477861e+02  7.1832118e+02
1.3029316e-01     36494  6.4434164e+02  6.4415041e+02  6.3993388e+02
1.4046583e-01     44825  5.7623900e+02  5.7718938e+02  5.7107967e+02
1.5111985e-01     53906  4.9852890e+02  4.9773470e+02  4.9023388e+02
1.6229170e-01     65729  4.3514765e+02  4.3377826e+02  4.2761577e+02
1.7401323e-01     78746  3.9614346e+02  3.9657036e+02  3.9217616e+02
1.8625264e-01     94374  3.5364623e+02  3.5447515e+02  3.5060664e+02
1.9902230e-01    112166  2.9950685e+02  2.9905206e+02  2.9311161e+02
2.1238854e-01    134373  2.5615551e+02  2.5529003e+02  2.4584599e+02
2.2637810e-01    159077  2.2814653e+02  2.2780740e+02  2.1829194e+02
2.4096993e-01    188172  2.0532000e+02  2.0533891e+02  1.9910774e+02
2.5621802e-01    222492  1.8535330e+02  1.8548476e+02  1.8046186e+02
2.7214102e-01    261771  1.6382950e+02  1.6405573e+02  1.5877936e+02
2.8873063e-01    306759  1.4166359e+02  1.4135583e+02  1.3374224e+02
3.0605468e-01    360898  1.2465104e+02  1.2417645e+02  1.1531200e+02
3.2421519e-01    425046  1.1319241e+02  1.1322724e+02  1.0662611e+02
3.4337900e-01    505555  1.0161835e+02  1.0193359e+02  9.7634119e+01
3.6368055e-01    600292  8.9149008e+01  8.9060004e+01  8.3013227e+01
3.8517334e-01    712930  7.8344843e+01  7.7968807e+01  7.0327840e+01
4.0793004e-01    846715  7.0261308e+01  7.0307211e+01  6.4755478e+01
4.3202621e-01   1005596  6.2796328e+01  6.3027533e+01  5.8607720e+01
4.5754560e-01   1194719  5.4931459e+01  5.4672627e+01  4.8709021e+01
4.8457948e-01   1419743  4.8670827e+01  4.8568277e+01  4.3338449e+01
5.1321525e-01   1686576  4.3269866e+01  4.3458398e+01  3.9636311e+01
5.4354215e-01   2003484  3.8060447e+01  3.7811709e+01  3.2942361e+01
5.7565178e-01   2378778  3.3634353e+01  3.3695234e+01  2.9827492e+01
6.0966698e-01   2828400  2.9667108e+01  2.9680254e+01  2.6180237e+01
6.4568974e-01   3356890  2.6133229e+01  2.6020071e+01  2.2369926e+01
6.8383752e-01   3990317  2.3107461e+01  2.3241005e+01  2.0276184e+01
7.2424344e-01   4738457  2.0480051e+01  2.0354281e+01  1.7092977e+01
7.6703215e-01   5629661  1.8375080e+01  1.8465478e+01  1.5440253e+01
8.1235262e-01   6687903  1.6795384e+01  1.6709967e+01  1.3124479e+01
8.6035444e-01   7945758  1.5919646e+01  1.5948940e+01  1.1657992e+01
9.1118812e-01   9436555  1.5869582e+01  1.5894415e+01  1.0133495e+01
9.6501980e-01  11210320  1.6777501e+01  1.6698987e+01  8.7507544e+00
1.0220366e+00  13318613  1.8974850e+01  1.9030488e+01  7.7283417e+00
1.0824208e+00  15819192  2.2894241e+01  2.2888544e+01  6.6921084e+00
1.1463741e+00  18795348  2.9112150e+01  2.8988803e+01  5.7907813e+00
1.2141088e+00  22326034  3.7882769e+01  3.7813187e+01  5.0549196e+00
1.2858419e+00  26520842  4.9092449e+01  4.9073636e+01  4.4064298e+00
1.3618105e+00  31503438  6.0880536e+01  6.0971399e+01  3.8343005e+00
1.4422695e+00  37426927  6.9329658e+01  6.9389608e+01  3.3285990e+00
1.5275481e+00  44525830  7.1728179e+01  7.1767228e+01  2.8878166e+00
