# Power spectrum from CO𝘕CEPT job 4701047 at t = 3.2777 Gyr, a = 0.33333333
#
# Components:
#   0: matter  (upstream grid size 1024)
#
#                           grid size 1024
# ╭────────────────────────────────────────────────────────────────╮
#                         component 0    (corrected)      (linear)
#                        σ₈ = 3.05e-01  σ₈ = 3.05e-01  σ₈ = 3.01e-01
#  k [Mpc⁻¹]    modes       P [Mpc³]       P [Mpc³]       P [Mpc³]
3.0679616e-03         3  7.8499661e+03  7.8499661e+03  7.8514760e+03
5.8212951e-03        25  1.1368060e+04  1.1428649e+04  1.1425727e+04
1.0440195e-02       124  1.3051043e+04  1.3201322e+04  1.3256624e+04
1.6729547e-02       418  1.1681737e+04  1.1787826e+04  1.1774120e+04
2.3240110e-02       730  8.9384487e+03  8.9405340e+03  9.0023372e+03
2.9075630e-02      1012  7.0165204e+03  6.9993081e+03  6.9958057e+03
3.4544381e-02      1408  5.8280776e+03  5.8136955e+03  5.8010917e+03
3.9898901e-02      1841  5.0710935e+03  5.0660353e+03  5.0993527e+03
4.5580519e-02      2698  4.5524523e+03  4.5557639e+03  4.5720790e+03
5.1612543e-02      3532  3.9726401e+03  3.9789130e+03  4.0118125e+03
5.7899473e-02      4702  3.3294148e+03  3.3308987e+03  3.3593162e+03
6.4462744e-02      6019  2.7241856e+03  2.7185433e+03  2.7201386e+03
7.1309305e-02      7766  2.2518111e+03  2.2431960e+03  2.2453557e+03
7.8556104e-02     10012  1.9874915e+03  1.9821704e+03  1.9814294e+03
8.6194331e-02     12589  1.8497157e+03  1.8512284e+03  1.8460238e+03
9.4153926e-02     15650  1.6824958e+03  1.6873747e+03  1.6877853e+03
1.0254095e-01     19757  1.4305326e+03  1.4318862e+03  1.4323577e+03
1.1136076e-01     24241  1.1743905e+03  1.1706925e+03  1.1570088e+03
1.2060245e-01     29993  9.8832995e+02  9.8444075e+02  9.6651098e+02
1.3029316e-01     36494  8.7562860e+02  8.7536872e+02  8.6103920e+02
1.4046583e-01     44825  7.8413694e+02  7.8543020e+02  7.6839454e+02
1.5111985e-01     53906  6.8043778e+02  6.7935378e+02  6.5961522e+02
1.6229170e-01     65729  5.9505196e+02  5.9317936e+02  5.7536159e+02
1.7401323e-01     78746  5.4181560e+02  5.4239948e+02  5.2767703e+02
1.8625264e-01     94374  4.8433589e+02  4.8547115e+02  4.7174468e+02
1.9902230e-01    112166  4.1240265e+02  4.1177642e+02  3.9438444e+02
2.1238854e-01    134373  3.5502692e+02  3.5382738e+02  3.3078803e+02
2.2637810e-01    159077  3.1715498e+02  3.1668354e+02  2.9371375e+02
2.4096993e-01    188172  2.8554686e+02  2.8557316e+02  2.6790119e+02
2.5621802e-01    222492  2.5827095e+02  2.5845412e+02  2.4281296e+02
2.7214102e-01    261771  2.2915369e+02  2.2947012e+02  2.1363894e+02
2.8873063e-01    306759  1.9989719e+02  1.9946292e+02  1.7995128e+02
3.0605468e-01    360898  1.7697756e+02  1.7630375e+02  1.5515322e+02
3.2421519e-01    425046  1.6093105e+02  1.6098057e+02  1.4346628e+02
3.4337900e-01    505555  1.4466038e+02  1.4510915e+02  1.3136747e+02
3.6368055e-01    600292  1.2808206e+02  1.2795418e+02  1.1169493e+02
3.8517334e-01    712930  1.1366418e+02  1.1311862e+02  9.4626642e+01
4.0793004e-01    846715  1.0217394e+02  1.0224069e+02  8.7128981e+01
4.3202621e-01   1005596  9.1690560e+01  9.2028148e+01  7.8857122e+01
4.5754560e-01   1194719  8.1173587e+01  8.0791103e+01  6.5538346e+01
4.8457948e-01   1419743  7.2415853e+01  7.2263272e+01  5.8312199e+01
5.1321525e-01   1686576  6.4778446e+01  6.5060693e+01  5.3330942e+01
5.4354215e-01   2003484  5.7615356e+01  5.7238820e+01  4.4324183e+01
5.7565178e-01   2378778  5.1406515e+01  5.1499566e+01  4.0133102e+01
6.0966698e-01   2828400  4.5788999e+01  4.5809289e+01  3.5225694e+01
6.4568974e-01   3356890  4.0823343e+01  4.0646575e+01  3.0098893e+01
6.8383752e-01   3990317  3.6548967e+01  3.6760192e+01  2.7281747e+01
7.2424344e-01   4738457  3.2849353e+01  3.2647621e+01  2.2998719e+01
7.6703215e-01   5629661  2.9883876e+01  3.0030893e+01  2.0774966e+01
8.1235262e-01   6687903  2.7654477e+01  2.7513835e+01  1.7659075e+01
8.6035444e-01   7945758  2.6344769e+01  2.6393246e+01  1.5685907e+01
9.1118812e-01   9436555  2.6122450e+01  2.6163326e+01  1.3634685e+01
9.6501980e-01  11210320  2.7143175e+01  2.7016152e+01  1.1774198e+01
1.0220366e+00  13318613  2.9720927e+01  2.9808074e+01  1.0398534e+01
1.0824208e+00  15819192  3.4187081e+01  3.4178573e+01  9.0042752e+00
1.1463741e+00  18795348  4.0777504e+01  4.0604731e+01  7.7915333e+00
1.2141088e+00  22326034  4.9017146e+01  4.8927113e+01  6.8014262e+00
1.2858419e+00  26520842  5.7913482e+01  5.7891288e+01  5.9288786e+00
1.3618105e+00  31503438  6.5463426e+01  6.5561128e+01  5.1590748e+00
1.4422695e+00  37426927  6.9724362e+01  6.9784653e+01  4.4786498e+00
1.5275481e+00  44525830  7.0810060e+01  7.0848610e+01  3.8855742e+00
