# Power spectrum from CO𝘕CEPT job 4701047 at t = 11.277625 Gyr, a = 0.83333333
#
# Components:
#   0: matter  (upstream grid size 1024)
#
#                           grid size 1024
# ╭────────────────────────────────────────────────────────────────╮
#                         component 0    (corrected)      (linear)
#                        σ₈ = 6.99e-01  σ₈ = 6.98e-01  σ₈ = 6.47e-01
#  k [Mpc⁻¹]    modes       P [Mpc³]       P [Mpc³]       P [Mpc³]
3.0679616e-03         3  3.6279200e+04  3.6279200e+04  3.6272668e+04
5.8212951e-03        25  5.2506093e+04  5.2785940e+04  5.2747257e+04
1.0440195e-02       124  5.9880952e+04  6.0570464e+04  6.1151285e+04
1.6729547e-02       418  5.3828145e+04  5.4316995e+04  5.4280337e+04
2.3240110e-02       730  4.0762486e+04  4.0771995e+04  4.1487835e+04
2.9075630e-02      1012  3.2262718e+04  3.2183574e+04  3.2234681e+04
3.4544381e-02      1408  2.6864829e+04  2.6798534e+04  2.6726722e+04
3.9898901e-02      1841  2.3140983e+04  2.3117901e+04  2.3491828e+04
4.5580519e-02      2698  2.0860078e+04  2.0875252e+04  2.1061495e+04
5.1612543e-02      3532  1.8107916e+04  1.8136509e+04  1.8479731e+04
5.7899473e-02      4702  1.5215193e+04  1.5221974e+04  1.5473554e+04
6.4462744e-02      6019  1.2683351e+04  1.2657081e+04  1.2529041e+04
7.1309305e-02      7766  1.0588340e+04  1.0547831e+04  1.0341942e+04
7.8556104e-02     10012  9.4081472e+03  9.3829591e+03  9.1261489e+03
8.6194331e-02     12589  8.7444548e+03  8.7516064e+03  8.5023650e+03
9.4153926e-02     15650  7.9257108e+03  7.9486940e+03  7.7734595e+03
1.0254095e-01     19757  6.8501351e+03  6.8566167e+03  6.5969660e+03
1.1136076e-01     24241  5.8526560e+03  5.8342268e+03  5.3287550e+03
1.2060245e-01     29993  5.0646508e+03  5.0447208e+03  4.4513613e+03
1.3029316e-01     36494  4.5295713e+03  4.5282269e+03  3.9655776e+03
1.4046583e-01     44825  4.0780068e+03  4.0847326e+03  3.5388785e+03
1.5111985e-01     53906  3.6666664e+03  3.6608251e+03  3.0378772e+03
1.6229170e-01     65729  3.2771778e+03  3.2668646e+03  2.6498352e+03
1.7401323e-01     78746  2.9991295e+03  3.0023614e+03  2.4302160e+03
1.8625264e-01     94374  2.7212095e+03  2.7275879e+03  2.1726140e+03
1.9902230e-01    112166  2.4374672e+03  2.4337660e+03  1.8163283e+03
2.1238854e-01    134373  2.1958055e+03  2.1883864e+03  1.5234336e+03
2.2637810e-01    159077  2.0199950e+03  2.0169923e+03  1.3526869e+03
2.4096993e-01    188172  1.8521804e+03  1.8523510e+03  1.2338064e+03
2.5621802e-01    222492  1.7071154e+03  1.7083262e+03  1.1182624e+03
2.7214102e-01    261771  1.5770310e+03  1.5792086e+03  9.8390184e+02
2.8873063e-01    306759  1.4495925e+03  1.4464433e+03  8.2875444e+02
3.0605468e-01    360898  1.3425041e+03  1.3373927e+03  7.1454793e+02
3.2421519e-01    425046  1.2449826e+03  1.2453657e+03  6.6072397e+02
3.4337900e-01    505555  1.1575859e+03  1.1611770e+03  6.0500333e+02
3.6368055e-01    600292  1.0766193e+03  1.0755444e+03  5.1440260e+02
3.8517334e-01    712930  1.0031982e+03  9.9838310e+02  4.3579563e+02
4.0793004e-01    846715  9.3751898e+02  9.3813147e+02  4.0126554e+02
4.3202621e-01   1005596  8.7390673e+02  8.7712430e+02  3.6316999e+02
4.5754560e-01   1194719  8.1714181e+02  8.1329150e+02  3.0183134e+02
4.8457948e-01   1419743  7.6362243e+02  7.6201347e+02  2.6855183e+02
5.1321525e-01   1686576  7.1645540e+02  7.1957708e+02  2.4561099e+02
5.4354215e-01   2003484  6.6987654e+02  6.6549868e+02  2.0413109e+02
5.7565178e-01   2378778  6.2990390e+02  6.3104409e+02  1.8482938e+02
6.0966698e-01   2828400  5.9162838e+02  5.9189054e+02  1.6222871e+02
6.4568974e-01   3356890  5.5714228e+02  5.5472983e+02  1.3861766e+02
6.8383752e-01   3990317  5.2539854e+02  5.2843494e+02  1.2564353e+02
7.2424344e-01   4738457  4.9657430e+02  4.9352478e+02  1.0591842e+02
7.6703215e-01   5629661  4.7009505e+02  4.7240774e+02  9.5677112e+01
8.1235262e-01   6687903  4.4641869e+02  4.4414833e+02  8.1327157e+01
8.6035444e-01   7945758  4.2455447e+02  4.2533570e+02  7.2239903e+01
9.1118812e-01   9436555  4.0446007e+02  4.0509297e+02  6.2793189e+01
9.6501980e-01  11210320  3.8502467e+02  3.8322286e+02  5.4224887e+01
1.0220366e+00  13318613  3.6629616e+02  3.6737022e+02  4.7889395e+01
1.0824208e+00  15819192  3.4779868e+02  3.4771212e+02  4.1468264e+01
1.1463741e+00  18795348  3.2983870e+02  3.2844119e+02  3.5883096e+01
1.2141088e+00  22326034  3.1202883e+02  3.1145571e+02  3.1323251e+01
1.2858419e+00  26520842  2.9446157e+02  2.9434873e+02  2.7304816e+01
1.3618105e+00  31503438  2.7730925e+02  2.7772313e+02  2.3759558e+01
1.4422695e+00  37426927  2.6055640e+02  2.6078171e+02  2.0625927e+01
1.5275481e+00  44525830  2.4442618e+02  2.4455924e+02  1.7894575e+01
