# Power spectrum from CO𝘕CEPT job 4701047 at t = 5.8530988 Gyr, a = 0.5
#
# Components:
#   0: matter  (upstream grid size 1024)
#
#                           grid size 1024
# ╭────────────────────────────────────────────────────────────────╮
#                         component 0    (corrected)      (linear)
#                        σ₈ = 4.53e-01  σ₈ = 4.53e-01  σ₈ = 4.38e-01
#  k [Mpc⁻¹]    modes       P [Mpc³]       P [Mpc³]       P [Mpc³]
3.0679616e-03         3  1.6590337e+04  1.6590337e+04  1.6578687e+04
5.8212951e-03        25  2.4018925e+04  2.4146941e+04  2.4116957e+04
1.0440195e-02       124  2.7503695e+04  2.7820392e+04  2.7970556e+04
1.6729547e-02       418  2.4663990e+04  2.4887981e+04  2.4835717e+04
2.3240110e-02       730  1.8796796e+04  1.8801181e+04  1.8986142e+04
2.9075630e-02      1012  1.4804919e+04  1.4768601e+04  1.4753130e+04
3.4544381e-02      1408  1.2309721e+04  1.2279344e+04  1.2233051e+04
3.9898901e-02      1841  1.0668306e+04  1.0657665e+04  1.0752900e+04
4.5580519e-02      2698  9.5933891e+03  9.6003676e+03  9.6408050e+03
5.1612543e-02      3532  8.3552269e+03  8.3684200e+03  8.4592474e+03
5.7899473e-02      4702  7.0081985e+03  7.0113220e+03  7.0832976e+03
6.4462744e-02      6019  5.7727907e+03  5.7608342e+03  5.7354907e+03
7.1309305e-02      7766  4.7856925e+03  4.7673831e+03  4.7343538e+03
7.8556104e-02     10012  4.2336021e+03  4.2222676e+03  4.1778319e+03
8.6194331e-02     12589  3.9414035e+03  3.9446270e+03  3.8923068e+03
9.4153926e-02     15650  3.5820886e+03  3.5924760e+03  3.5586465e+03
1.0254095e-01     19757  3.0613425e+03  3.0642392e+03  3.0200728e+03
1.1136076e-01     24241  2.5484580e+03  2.5404332e+03  2.4395017e+03
1.2060245e-01     29993  2.1664271e+03  2.1579020e+03  2.0378399e+03
1.3029316e-01     36494  1.9246410e+03  1.9240698e+03  1.8154538e+03
1.4046583e-01     44825  1.7292952e+03  1.7321473e+03  1.6201145e+03
1.5111985e-01     53906  1.5197719e+03  1.5173508e+03  1.3907575e+03
1.6229170e-01     65729  1.3394476e+03  1.3352324e+03  1.2131123e+03
1.7401323e-01     78746  1.2209079e+03  1.2222236e+03  1.1125712e+03
1.8625264e-01     94374  1.0974462e+03  1.1000186e+03  9.9464063e+02
1.9902230e-01    112166  9.5299199e+02  9.5154490e+02  8.3153126e+02
2.1238854e-01    134373  8.3808328e+02  8.3525162e+02  6.9744227e+02
2.2637810e-01    159077  7.5724473e+02  7.5611913e+02  6.1927347e+02
2.4096993e-01    188172  6.8489835e+02  6.8496143e+02  5.6484930e+02
2.5621802e-01    222492  6.2419475e+02  6.2463745e+02  5.1195243e+02
2.7214102e-01    261771  5.6247059e+02  5.6324728e+02  4.5044106e+02
2.8873063e-01    306759  5.0327664e+02  5.0218329e+02  3.7941310e+02
3.0605468e-01    360898  4.5418605e+02  4.5245680e+02  3.2712825e+02
3.2421519e-01    425046  4.1641346e+02  4.1654159e+02  3.0248716e+02
3.4337900e-01    505555  3.7836825e+02  3.7954204e+02  2.7697771e+02
3.6368055e-01    600292  3.4344759e+02  3.4310470e+02  2.3549971e+02
3.8517334e-01    712930  3.1280611e+02  3.1130471e+02  1.9951256e+02
4.0793004e-01    846715  2.8508082e+02  2.8526707e+02  1.8370431e+02
4.3202621e-01   1005596  2.6016498e+02  2.6112287e+02  1.6626375e+02
4.5754560e-01   1194719  2.3708262e+02  2.3596551e+02  1.3818218e+02
4.8457948e-01   1419743  2.1637474e+02  2.1591884e+02  1.2294643e+02
5.1321525e-01   1686576  1.9793445e+02  1.9879687e+02  1.1244385e+02
5.4354215e-01   2003484  1.8116194e+02  1.7997799e+02  9.3453836e+01
5.7565178e-01   2378778  1.6596302e+02  1.6626343e+02  8.4617283e+01
6.0966698e-01   2828400  1.5240810e+02  1.5247563e+02  7.4270414e+01
6.4568974e-01   3356890  1.4017016e+02  1.3956322e+02  6.3460978e+01
6.8383752e-01   3990317  1.2952806e+02  1.3027663e+02  5.7521257e+01
7.2424344e-01   4738457  1.2027846e+02  1.1953982e+02  4.8490850e+01
7.6703215e-01   5629661  1.1263890e+02  1.1319304e+02  4.3802251e+01
8.1235262e-01   6687903  1.0662308e+02  1.0608082e+02  3.7232656e+01
8.6035444e-01   7945758  1.0229812e+02  1.0248636e+02  3.3072394e+01
9.1118812e-01   9436555  9.9768304e+01  9.9924420e+01  2.8747565e+01
9.6501980e-01  11210320  9.8949911e+01  9.8486853e+01  2.4824885e+01
1.0220366e+00  13318613  9.9484017e+01  9.9775723e+01  2.1924414e+01
1.0824208e+00  15819192  1.0101035e+02  1.0098521e+02  1.8984736e+01
1.1463741e+00  18795348  1.0279860e+02  1.0236305e+02  1.6427772e+01
1.2141088e+00  22326034  1.0409204e+02  1.0390085e+02  1.4340215e+01
1.2858419e+00  26520842  1.0436533e+02  1.0432533e+02  1.2500522e+01
1.3618105e+00  31503438  1.0373811e+02  1.0389293e+02  1.0877456e+01
1.4422695e+00  37426927  1.0234993e+02  1.0243844e+02  9.4428377e+00
1.5275481e+00  44525830  1.0056481e+02  1.0061956e+02  8.1923882e+00
