# Power spectrum from CO𝘕CEPT job 4701047 at t = 6.2816297 Gyr, a = 0.52631579
#
# Components:
#   0: matter  (upstream grid size 1024)
#
#                           grid size 1024
# ╭────────────────────────────────────────────────────────────────╮
#                         component 0    (corrected)      (linear)
#                        σ₈ = 4.75e-01  σ₈ = 4.75e-01  σ₈ = 4.57e-01
#  k [Mpc⁻¹]    modes       P [Mpc³]       P [Mpc³]       P [Mpc³]
3.0679616e-03         3  1.8131288e+04  1.8131288e+04  1.8118015e+04
5.8212951e-03        25  2.6248969e+04  2.6388871e+04  2.6355113e+04
1.0440195e-02       124  3.0045940e+04  3.0391910e+04  3.0564942e+04
1.6729547e-02       418  2.6950555e+04  2.7195311e+04  2.7138389e+04
2.3240110e-02       730  2.0527255e+04  2.0532044e+04  2.0746049e+04
2.9075630e-02      1012  1.6175602e+04  1.6135921e+04  1.6120488e+04
3.4544381e-02      1408  1.3451328e+04  1.3418134e+04  1.3366753e+04
3.9898901e-02      1841  1.1650910e+04  1.1639289e+04  1.1749375e+04
4.5580519e-02      2698  1.0479489e+04  1.0487112e+04  1.0534185e+04
5.1612543e-02      3532  9.1242383e+03  9.1386456e+03  9.2431112e+03
5.7899473e-02      4702  7.6543239e+03  7.6577354e+03  7.7396447e+03
6.4462744e-02      6019  6.3117039e+03  6.2986312e+03  6.2669380e+03
7.1309305e-02      7766  5.2352778e+03  5.2152484e+03  5.1730296e+03
7.8556104e-02     10012  4.6330444e+03  4.6206405e+03  4.5649367e+03
8.6194331e-02     12589  4.3130581e+03  4.3165855e+03  4.2529521e+03
9.4153926e-02     15650  3.9191671e+03  3.9305320e+03  3.8883734e+03
1.0254095e-01     19757  3.3524802e+03  3.3556524e+03  3.2998962e+03
1.1136076e-01     24241  2.7972051e+03  2.7883971e+03  2.6655313e+03
1.2060245e-01     29993  2.3817306e+03  2.3723582e+03  2.2266530e+03
1.3029316e-01     36494  2.1170134e+03  2.1163851e+03  1.9836614e+03
1.4046583e-01     44825  1.9027340e+03  1.9058722e+03  1.7702228e+03
1.5111985e-01     53906  1.6757138e+03  1.6730442e+03  1.5196148e+03
1.6229170e-01     65729  1.4787503e+03  1.4740967e+03  1.3255100e+03
1.7401323e-01     78746  1.3481900e+03  1.3496429e+03  1.2156534e+03
1.8625264e-01     94374  1.2129503e+03  1.2157934e+03  1.0867961e+03
1.9902230e-01    112166  1.0564046e+03  1.0548004e+03  9.0857421e+02
2.1238854e-01    134373  9.3163402e+02  9.2848627e+02  7.6206153e+02
2.2637810e-01    159077  8.4326652e+02  8.4201304e+02  6.7665020e+02
2.4096993e-01    188172  7.6347238e+02  7.6354270e+02  6.1718349e+02
2.5621802e-01    222492  6.9659377e+02  6.9708782e+02  5.5938559e+02
2.7214102e-01    261771  6.2929121e+02  6.3016017e+02  4.9217507e+02
2.8873063e-01    306759  5.6478129e+02  5.6355432e+02  4.1456625e+02
3.0605468e-01    360898  5.1102659e+02  5.0908093e+02  3.5743711e+02
3.2421519e-01    425046  4.6913613e+02  4.6928048e+02  3.3051298e+02
3.4337900e-01    505555  4.2718464e+02  4.2850986e+02  3.0264004e+02
3.6368055e-01    600292  3.8886743e+02  3.8847920e+02  2.5731904e+02
3.8517334e-01    712930  3.5521920e+02  3.5351423e+02  2.1799763e+02
4.0793004e-01    846715  3.2454093e+02  3.2475295e+02  2.0072473e+02
4.3202621e-01   1005596  2.9690908e+02  2.9800225e+02  1.8166827e+02
4.5754560e-01   1194719  2.7138816e+02  2.7010940e+02  1.5098491e+02
4.8457948e-01   1419743  2.4840481e+02  2.4788142e+02  1.3433755e+02
5.1321525e-01   1686576  2.2787407e+02  2.2886695e+02  1.2286189e+02
5.4354215e-01   2003484  2.0924872e+02  2.0788121e+02  1.0211243e+02
5.7565178e-01   2378778  1.9226196e+02  1.9260998e+02  9.2457158e+01
6.0966698e-01   2828400  1.7719004e+02  1.7726856e+02  8.1151641e+01
6.4568974e-01   3356890  1.6351765e+02  1.6280961e+02  6.9340699e+01
6.8383752e-01   3990317  1.5157341e+02  1.5244939e+02  6.2850656e+01
7.2424344e-01   4738457  1.4120117e+02  1.4033404e+02  5.2983573e+01
7.6703215e-01   5629661  1.3255373e+02  1.3320584e+02  4.7860570e+01
8.1235262e-01   6687903  1.2563240e+02  1.2499347e+02  4.0682295e+01
8.6035444e-01   7945758  1.2050823e+02  1.2072998e+02  3.6136581e+01
9.1118812e-01   9436555  1.1722469e+02  1.1740812e+02  3.1411053e+01
9.6501980e-01  11210320  1.1560741e+02  1.1506640e+02  2.7124932e+01
1.0220366e+00  13318613  1.1521746e+02  1.1555530e+02  2.3955729e+01
1.0824208e+00  15819192  1.1563050e+02  1.1560173e+02  2.0743687e+01
1.1463741e+00  18795348  1.1615453e+02  1.1566238e+02  1.7949818e+01
1.2141088e+00  22326034  1.1614465e+02  1.1593132e+02  1.5668847e+01
1.2858419e+00  26520842  1.1521391e+02  1.1516976e+02  1.3658705e+01
1.3618105e+00  31503438  1.1356042e+02  1.1372991e+02  1.1885260e+01
1.4422695e+00  37426927  1.1132700e+02  1.1142327e+02  1.0317723e+01
1.5275481e+00  44525830  1.0871902e+02  1.0877821e+02  8.9514187e+00
