# Power spectrum from CO𝘕CEPT job 4701047 at t = 2.3137237 Gyr, a = 0.26315789
#
# Components:
#   0: matter  (upstream grid size 1024)
#
#                           grid size 1024
# ╭────────────────────────────────────────────────────────────────╮
#                         component 0    (corrected)      (linear)
#                        σ₈ = 2.41e-01  σ₈ = 2.41e-01  σ₈ = 2.40e-01
#  k [Mpc⁻¹]    modes       P [Mpc³]       P [Mpc³]       P [Mpc³]
3.0679616e-03         3  4.9680534e+03  4.9680534e+03  4.9685260e+03
5.8212951e-03        25  7.1958506e+03  7.2342030e+03  7.2320906e+03
1.0440195e-02       124  8.2709135e+03  8.3661506e+03  8.3930528e+03
1.6729547e-02       418  7.3964735e+03  7.4636458e+03  7.4555873e+03
2.3240110e-02       730  5.6695176e+03  5.6708403e+03  5.7009089e+03
2.9075630e-02      1012  4.4435836e+03  4.4326830e+03  4.4304163e+03
3.4544381e-02      1408  3.6892784e+03  3.6801743e+03  3.6738988e+03
3.9898901e-02      1841  3.2158387e+03  3.2126310e+03  3.2295321e+03
4.5580519e-02      2698  2.8847358e+03  2.8868342e+03  2.8956336e+03
5.1612543e-02      3532  2.5194498e+03  2.5234280e+03  2.5408238e+03
5.7899473e-02      4702  2.1109834e+03  2.1119242e+03  2.1275897e+03
6.4462744e-02      6019  1.7228005e+03  1.7192323e+03  1.7227823e+03
7.1309305e-02      7766  1.4229260e+03  1.4174821e+03  1.4220877e+03
7.8556104e-02     10012  1.2548609e+03  1.2515013e+03  1.2549353e+03
8.6194331e-02     12589  1.1672957e+03  1.1682503e+03  1.1691795e+03
9.4153926e-02     15650  1.0620382e+03  1.0651179e+03  1.0689615e+03
1.0254095e-01     19757  9.0163319e+02  9.0248631e+02  9.0718773e+02
1.1136076e-01     24241  7.3653564e+02  7.3421639e+02  7.3279585e+02
1.2060245e-01     29993  6.1759924e+02  6.1516891e+02  6.1214410e+02
1.3029316e-01     36494  5.4679781e+02  5.4663553e+02  5.4534363e+02
1.4046583e-01     44825  4.8867800e+02  4.8948397e+02  4.8666708e+02
1.5111985e-01     53906  4.2223933e+02  4.2156666e+02  4.1777139e+02
1.6229170e-01     65729  3.6826822e+02  3.6710930e+02  3.6440906e+02
1.7401323e-01     78746  3.3523610e+02  3.3559736e+02  3.3420791e+02
1.8625264e-01     94374  2.9910682e+02  2.9980791e+02  2.9878290e+02
1.9902230e-01    112166  2.5271287e+02  2.5232913e+02  2.4978633e+02
2.1238854e-01    134373  2.1548724e+02  2.1475917e+02  2.0950714e+02
2.2637810e-01    159077  1.9167036e+02  1.9138545e+02  1.8602591e+02
2.4096993e-01    188172  1.7249056e+02  1.7250645e+02  1.6967737e+02
2.5621802e-01    222492  1.5559525e+02  1.5570560e+02  1.5378757e+02
2.7214102e-01    261771  1.3730048e+02  1.3749007e+02  1.3530999e+02
2.8873063e-01    306759  1.1822890e+02  1.1797206e+02  1.1397365e+02
3.0605468e-01    360898  1.0372517e+02  1.0333025e+02  9.8267611e+01
3.2421519e-01    425046  9.4157926e+01  9.4186900e+01  9.0865596e+01
3.4337900e-01    505555  8.4512730e+01  8.4774908e+01  8.3202721e+01
3.6368055e-01    600292  7.3808982e+01  7.3735293e+01  7.0742960e+01
3.8517334e-01    712930  6.4550201e+01  6.4240376e+01  5.9932615e+01
4.0793004e-01    846715  5.7852175e+01  5.7889971e+01  5.5183910e+01
4.3202621e-01   1005596  5.1623865e+01  5.1813935e+01  4.9944859e+01
4.5754560e-01   1194719  4.4882057e+01  4.4670577e+01  4.1509297e+01
4.8457948e-01   1419743  3.9648117e+01  3.9564578e+01  3.6932555e+01
5.1321525e-01   1686576  3.5163338e+01  3.5316549e+01  3.3777634e+01
5.4354215e-01   2003484  3.0748915e+01  3.0547960e+01  2.8073123e+01
5.7565178e-01   2378778  2.7056293e+01  2.7105268e+01  2.5418666e+01
6.0966698e-01   2828400  2.3758317e+01  2.3768845e+01  2.2310515e+01
6.4568974e-01   3356890  2.0799450e+01  2.0709387e+01  1.9063410e+01
6.8383752e-01   3990317  1.8285364e+01  1.8391039e+01  1.7279146e+01
7.2424344e-01   4738457  1.6088243e+01  1.5989443e+01  1.4566452e+01
7.6703215e-01   5629661  1.4328151e+01  1.4398640e+01  1.3158018e+01
8.1235262e-01   6687903  1.3006498e+01  1.2940350e+01  1.1184540e+01
8.6035444e-01   7945758  1.2293807e+01  1.2316429e+01  9.9348159e+00
9.1118812e-01   9436555  1.2291229e+01  1.2310462e+01  8.6356562e+00
9.6501980e-01  11210320  1.3111305e+01  1.3049948e+01  7.4572997e+00
1.0220366e+00  13318613  1.5065099e+01  1.5109273e+01  6.5860107e+00
1.0824208e+00  15819192  1.8585632e+01  1.8581007e+01  5.7029438e+00
1.1463741e+00  18795348  2.4335854e+01  2.4232743e+01  4.9348426e+00
1.2141088e+00  22326034  3.2895449e+01  3.2835028e+01  4.3077492e+00
1.2858419e+00  26520842  4.4763867e+01  4.4746713e+01  3.7551131e+00
1.3618105e+00  31503438  5.8746340e+01  5.8834017e+01  3.2675507e+00
1.4422695e+00  37426927  7.0419103e+01  7.0479996e+01  2.8365973e+00
1.5275481e+00  44525830  7.4445511e+01  7.4486040e+01  2.4609673e+00
