# Power spectrum from CO𝘕CEPT job 4701047 at t = 2.8498813 Gyr, a = 0.3030303
#
# Components:
#   0: matter  (upstream grid size 1024)
#
#                           grid size 1024
# ╭────────────────────────────────────────────────────────────────╮
#                         component 0    (corrected)      (linear)
#                        σ₈ = 2.77e-01  σ₈ = 2.77e-01  σ₈ = 2.75e-01
#  k [Mpc⁻¹]    modes       P [Mpc³]       P [Mpc³]       P [Mpc³]
3.0679616e-03         3  6.5353203e+03  6.5353203e+03  6.5364371e+03
5.8212951e-03        25  9.4648931e+03  9.5153390e+03  9.5129350e+03
1.0440195e-02       124  1.0871577e+04  1.0996760e+04  1.1038406e+04
1.6729547e-02       418  9.7272217e+03  9.8155612e+03  9.8045826e+03
2.3240110e-02       730  7.4485650e+03  7.4503028e+03  7.4967084e+03
2.9075630e-02      1012  5.8431194e+03  5.8287856e+03  5.8258673e+03
3.4544381e-02      1408  4.8524816e+03  4.8405070e+03  4.8310002e+03
3.9898901e-02      1841  4.2254465e+03  4.2212318e+03  4.2466392e+03
4.5580519e-02      2698  3.7920465e+03  3.7948049e+03  3.8075560e+03
5.1612543e-02      3532  3.3102789e+03  3.3155059e+03  3.3409879e+03
5.7899473e-02      4702  2.7739660e+03  2.7752023e+03  2.7976055e+03
6.4462744e-02      6019  2.2671133e+03  2.2624177e+03  2.2653099e+03
7.1309305e-02      7766  1.8732719e+03  1.8661051e+03  1.8699179e+03
7.8556104e-02     10012  1.6527668e+03  1.6483419e+03  1.6501242e+03
8.6194331e-02     12589  1.5379040e+03  1.5391618e+03  1.5373609e+03
9.4153926e-02     15650  1.3990274e+03  1.4030844e+03  1.4055818e+03
1.0254095e-01     19757  1.1886628e+03  1.1897875e+03  1.1928636e+03
1.1136076e-01     24241  9.7364457e+02  9.7057871e+02  9.6355437e+02
1.2060245e-01     29993  8.1804024e+02  8.1482116e+02  8.0490864e+02
1.3029316e-01     36494  7.2451096e+02  7.2429593e+02  7.1707224e+02
1.4046583e-01     44825  6.4826106e+02  6.4933023e+02  6.3991813e+02
1.5111985e-01     53906  5.6142570e+02  5.6053130e+02  5.4932701e+02
1.6229170e-01     65729  4.9036888e+02  4.8882571e+02  4.7916079e+02
1.7401323e-01     78746  4.4644234e+02  4.4692344e+02  4.3944922e+02
1.8625264e-01     94374  3.9873320e+02  3.9966780e+02  3.9286885e+02
1.9902230e-01    112166  3.3833780e+02  3.3782404e+02  3.2844332e+02
2.1238854e-01    134373  2.9004947e+02  2.8906947e+02  2.7548028e+02
2.2637810e-01    159077  2.5860873e+02  2.5822432e+02  2.4460484e+02
2.4096993e-01    188172  2.3275740e+02  2.3277884e+02  2.2310817e+02
2.5621802e-01    222492  2.1026083e+02  2.1040995e+02  2.0221470e+02
2.7214102e-01    261771  1.8609394e+02  1.8635091e+02  1.7791858e+02
2.8873063e-01    306759  1.6143451e+02  1.6108379e+02  1.4986350e+02
3.0605468e-01    360898  1.4236842e+02  1.4182638e+02  1.2921168e+02
3.2421519e-01    425046  1.2933373e+02  1.2937352e+02  1.1947879e+02
3.4337900e-01    505555  1.1614834e+02  1.1650866e+02  1.0940290e+02
3.6368055e-01    600292  1.0224451e+02  1.0214243e+02  9.3019607e+01
3.8517334e-01    712930  9.0180962e+01  8.9748115e+01  7.8805127e+01
4.0793004e-01    846715  8.0933808e+01  8.0986683e+01  7.2561073e+01
4.3202621e-01   1005596  7.2434773e+01  7.2701465e+01  6.5672266e+01
4.5754560e-01   1194719  6.3650274e+01  6.3350359e+01  5.4580381e+01
4.8457948e-01   1419743  5.6532849e+01  5.6413733e+01  4.8562443e+01
5.1321525e-01   1686576  5.0365762e+01  5.0585211e+01  4.4414050e+01
5.4354215e-01   2003484  4.4489897e+01  4.4199141e+01  3.6913214e+01
5.7565178e-01   2378778  3.9452727e+01  3.9524141e+01  3.3422880e+01
6.0966698e-01   2828400  3.4922336e+01  3.4937811e+01  2.9335987e+01
6.4568974e-01   3356890  3.0902653e+01  3.0768843e+01  2.5066384e+01
6.8383752e-01   3990317  2.7449353e+01  2.7607989e+01  2.2720262e+01
7.2424344e-01   4738457  2.4458279e+01  2.4308078e+01  1.9153354e+01
7.6703215e-01   5629661  2.2061973e+01  2.2170510e+01  1.7301411e+01
8.1235262e-01   6687903  2.0262824e+01  2.0159773e+01  1.4706494e+01
8.6035444e-01   7945758  1.9244420e+01  1.9279831e+01  1.3063238e+01
9.1118812e-01   9436555  1.9144644e+01  1.9174601e+01  1.1354979e+01
9.6501980e-01  11210320  2.0107975e+01  2.0013875e+01  9.8055638e+00
1.0220366e+00  13318613  2.2470096e+01  2.2535983e+01  8.6599101e+00
1.0824208e+00  15819192  2.6642475e+01  2.6635845e+01  7.4987698e+00
1.1463741e+00  18795348  3.3099470e+01  3.2959228e+01  6.4887974e+00
1.2141088e+00  22326034  4.1822827e+01  4.1746008e+01  5.6642354e+00
1.2858419e+00  26520842  5.2296586e+01  5.2276545e+01  4.9375770e+00
1.3618105e+00  31503438  6.2438129e+01  6.2531316e+01  4.2964836e+00
1.4422695e+00  37426927  6.9010831e+01  6.9070506e+01  3.7298252e+00
1.5275481e+00  44525830  7.0720759e+01  7.0759260e+01  3.2359112e+00
