# Power spectrum from CO𝘕CEPT job 4701047 at t = 2.9818075 Gyr, a = 0.3125
#
# Components:
#   0: matter  (upstream grid size 1024)
#
#                           grid size 1024
# ╭────────────────────────────────────────────────────────────────╮
#                         component 0    (corrected)      (linear)
#                        σ₈ = 2.86e-01  σ₈ = 2.86e-01  σ₈ = 2.83e-01
#  k [Mpc⁻¹]    modes       P [Mpc³]       P [Mpc³]       P [Mpc³]
3.0679616e-03         3  6.9350942e+03  6.9350942e+03  6.9363683e+03
5.8212951e-03        25  1.0043644e+04  1.0097175e+04  1.0094673e+04
1.0440195e-02       124  1.1534521e+04  1.1667337e+04  1.1713056e+04
1.6729547e-02       418  1.0321627e+04  1.0415365e+04  1.0403614e+04
2.3240110e-02       730  7.9018502e+03  7.9036937e+03  7.9546499e+03
2.9075630e-02      1012  6.1999945e+03  6.1847853e+03  6.1817103e+03
3.4544381e-02      1408  5.1491657e+03  5.1364590e+03  5.1260602e+03
3.9898901e-02      1841  4.4827157e+03  4.4782444e+03  4.5059987e+03
4.5580519e-02      2698  4.0233426e+03  4.0262693e+03  4.0400923e+03
5.1612543e-02      3532  3.5117915e+03  3.5173366e+03  3.5450254e+03
5.7899473e-02      4702  2.9429364e+03  2.9442480e+03  2.9684552e+03
6.4462744e-02      6019  2.4060586e+03  2.4010752e+03  2.4036506e+03
7.1309305e-02      7766  1.9883074e+03  1.9807004e+03  1.9841111e+03
7.8556104e-02     10012  1.7544624e+03  1.7497653e+03  1.7508941e+03
8.6194331e-02     12589  1.6326353e+03  1.6339705e+03  1.6312440e+03
9.4153926e-02     15650  1.4851537e+03  1.4894604e+03  1.4914171e+03
1.0254095e-01     19757  1.2621087e+03  1.2633029e+03  1.2657084e+03
1.1136076e-01     24241  1.0345131e+03  1.0312556e+03  1.0223957e+03
1.2060245e-01     29993  8.6961853e+02  8.6619648e+02  8.5406179e+02
1.3029316e-01     36494  7.7026887e+02  7.7004026e+02  7.6086141e+02
1.4046583e-01     44825  6.8938909e+02  6.9052609e+02  6.7899568e+02
1.5111985e-01     53906  5.9740108e+02  5.9644937e+02  5.8287242e+02
1.6229170e-01     65729  5.2198649e+02  5.2034383e+02  5.0842136e+02
1.7401323e-01     78746  4.7524516e+02  4.7575730e+02  4.6628471e+02
1.8625264e-01     94374  4.2457017e+02  4.2556534e+02  4.1685984e+02
1.9902230e-01    112166  3.6064672e+02  3.6009909e+02  3.4850007e+02
2.1238854e-01    134373  3.0957760e+02  3.0853162e+02  2.9230277e+02
2.2637810e-01    159077  2.7618413e+02  2.7577359e+02  2.5954188e+02
2.4096993e-01    188172  2.4859666e+02  2.4861955e+02  2.3673248e+02
2.5621802e-01    222492  2.2465425e+02  2.2481359e+02  2.1456313e+02
2.7214102e-01    261771  1.9898376e+02  1.9925853e+02  1.8878334e+02
2.8873063e-01    306759  1.7291905e+02  1.7254338e+02  1.5901504e+02
3.0605468e-01    360898  1.5268382e+02  1.5210250e+02  1.3710210e+02
3.2421519e-01    425046  1.3874225e+02  1.3878495e+02  1.2677486e+02
3.4337900e-01    505555  1.2462852e+02  1.2501515e+02  1.1608368e+02
3.6368055e-01    600292  1.0991135e+02  1.0980162e+02  9.8699924e+01
3.8517334e-01    712930  9.7132521e+01  9.6666308e+01  8.3617425e+01
4.0793004e-01    846715  8.7212487e+01  8.7269464e+01  7.6992071e+01
4.3202621e-01   1005596  7.8117102e+01  7.8404716e+01  6.9682593e+01
4.5754560e-01   1194719  6.8808214e+01  6.8483995e+01  5.7913374e+01
4.8457948e-01   1419743  6.1197290e+01  6.1068347e+01  5.1527945e+01
5.1321525e-01   1686576  5.4588315e+01  5.4826163e+01  4.7126226e+01
5.4354215e-01   2003484  4.8326846e+01  4.8011014e+01  3.9167347e+01
5.7565178e-01   2378778  4.2937640e+01  4.3015362e+01  3.5463872e+01
6.0966698e-01   2828400  3.8081264e+01  3.8098139e+01  3.1127410e+01
6.4568974e-01   3356890  3.3779187e+01  3.3632922e+01  2.6597080e+01
6.8383752e-01   3990317  3.0079309e+01  3.0253144e+01  2.4107691e+01
7.2424344e-01   4738457  2.6876788e+01  2.6711734e+01  2.0322966e+01
7.6703215e-01   5629661  2.4310875e+01  2.4430475e+01  1.8357933e+01
8.1235262e-01   6687903  2.2383705e+01  2.2269868e+01  1.5604556e+01
8.6035444e-01   7945758  2.1280262e+01  2.1319420e+01  1.3860953e+01
9.1118812e-01   9436555  2.1147514e+01  2.1180605e+01  1.2048378e+01
9.6501980e-01  11210320  2.2135055e+01  2.2031469e+01  1.0404347e+01
1.0220366e+00  13318613  2.4575906e+01  2.4647968e+01  9.1887330e+00
1.0824208e+00  15819192  2.8862302e+01  2.8855119e+01  7.9566869e+00
1.1463741e+00  18795348  3.5400997e+01  3.5251004e+01  6.8850397e+00
1.2141088e+00  22326034  4.4024940e+01  4.3944076e+01  6.0101253e+00
1.2858419e+00  26520842  5.4035887e+01  5.4015179e+01  5.2390930e+00
1.3618105e+00  31503438  6.3320893e+01  6.3415398e+01  4.5588508e+00
1.4422695e+00  37426927  6.9054630e+01  6.9114343e+01  3.9575890e+00
1.5275481e+00  44525830  7.0512399e+01  7.0550786e+01  3.4335138e+00
