# Power spectrum from CO𝘕CEPT job 4701047 at t = 2.1441956 Gyr, a = 0.25
#
# Components:
#   0: matter  (upstream grid size 1024)
#
#                           grid size 1024
# ╭────────────────────────────────────────────────────────────────╮
#                         component 0    (corrected)      (linear)
#                        σ₈ = 2.29e-01  σ₈ = 2.28e-01  σ₈ = 2.28e-01
#  k [Mpc⁻¹]    modes       P [Mpc³]       P [Mpc³]       P [Mpc³]
3.0679616e-03         3  4.4937088e+03  4.4937088e+03  4.4940034e+03
5.8212951e-03        25  6.5090667e+03  6.5437587e+03  6.5417347e+03
1.0440195e-02       124  7.4832356e+03  7.5694028e+03  7.5922917e+03
1.6729547e-02       418  6.6909075e+03  6.7516721e+03  6.7444794e+03
2.3240110e-02       730  5.1304079e+03  5.1316048e+03  5.1572371e+03
2.9075630e-02      1012  4.0198599e+03  4.0099988e+03  4.0079467e+03
3.4544381e-02      1408  3.3372033e+03  3.3289680e+03  3.3235792e+03
3.9898901e-02      1841  2.9099370e+03  2.9070344e+03  2.9216012e+03
4.5580519e-02      2698  2.6099547e+03  2.6118533e+03  2.6195494e+03
5.1612543e-02      3532  2.2798293e+03  2.2834292e+03  2.2985681e+03
5.7899473e-02      4702  1.9101425e+03  1.9109938e+03  1.9247233e+03
6.4462744e-02      6019  1.5581897e+03  1.5549624e+03  1.5585374e+03
7.1309305e-02      7766  1.2868243e+03  1.2819011e+03  1.2865217e+03
7.8556104e-02     10012  1.1346774e+03  1.1316395e+03  1.1353133e+03
8.6194331e-02     12589  1.0553795e+03  1.0562427e+03  1.0577220e+03
9.4153926e-02     15650  9.6026143e+02  9.6304602e+02  9.6707233e+02
1.0254095e-01     19757  8.1505150e+02  8.1582271e+02  8.2077669e+02
1.1136076e-01     24241  6.6525707e+02  6.6316227e+02  6.6299437e+02
1.2060245e-01     29993  5.5749705e+02  5.5530324e+02  5.5379893e+02
1.3029316e-01     36494  4.9354348e+02  4.9339700e+02  4.9335381e+02
1.4046583e-01     44825  4.4091097e+02  4.4163816e+02  4.4028099e+02
1.5111985e-01     53906  3.8070435e+02  3.8009786e+02  3.7798564e+02
1.6229170e-01     65729  3.3190392e+02  3.3085943e+02  3.2964815e+02
1.7401323e-01     78746  3.0212397e+02  3.0244955e+02  3.0222654e+02
1.8625264e-01     94374  2.6948337e+02  2.7011502e+02  2.7047127e+02
1.9902230e-01    112166  2.2738248e+02  2.2703720e+02  2.2582484e+02
2.1238854e-01    134373  1.9355986e+02  1.9290587e+02  1.8962493e+02
2.2637810e-01    159077  1.7203886e+02  1.7178314e+02  1.6820170e+02
2.4096993e-01    188172  1.5483182e+02  1.5484608e+02  1.5356803e+02
2.5621802e-01    222492  1.3960950e+02  1.3970852e+02  1.3905503e+02
2.7214102e-01    261771  1.2308295e+02  1.2325290e+02  1.2248256e+02
2.8873063e-01    306759  1.0573192e+02  1.0550222e+02  1.0304582e+02
3.0605468e-01    360898  9.2603519e+01  9.2250944e+01  8.8942237e+01
3.2421519e-01    425046  8.4054173e+01  8.4080037e+01  8.2205582e+01
3.4337900e-01    505555  7.5444433e+01  7.5678480e+01  7.5231384e+01
3.6368055e-01    600292  6.5716069e+01  6.5650460e+01  6.4008024e+01
3.8517334e-01    712930  5.7308545e+01  5.7033478e+01  5.4235001e+01
4.0793004e-01    846715  5.1350617e+01  5.1384165e+01  4.9923400e+01
4.3202621e-01   1005596  4.5785865e+01  4.5954441e+01  4.5179869e+01
4.5754560e-01   1194719  3.9660585e+01  3.9473708e+01  3.7551178e+01
4.8457948e-01   1419743  3.4978736e+01  3.4905035e+01  3.3411249e+01
5.1321525e-01   1686576  3.0985348e+01  3.1120355e+01  3.0556813e+01
5.4354215e-01   2003484  2.6998033e+01  2.6821592e+01  2.5396660e+01
5.7565178e-01   2378778  2.3700799e+01  2.3743700e+01  2.2995572e+01
6.0966698e-01   2828400  2.0759733e+01  2.0768932e+01  2.0183397e+01
6.4568974e-01   3356890  1.8107176e+01  1.8028771e+01  1.7245600e+01
6.8383752e-01   3990317  1.5867773e+01  1.5959476e+01  1.5631639e+01
7.2424344e-01   4738457  1.3899678e+01  1.3814318e+01  1.3177870e+01
7.6703215e-01   5629661  1.2323719e+01  1.2384348e+01  1.1903773e+01
8.1235262e-01   6687903  1.1138373e+01  1.1081726e+01  1.0118272e+01
8.6035444e-01   7945758  1.0510059e+01  1.0529398e+01  8.9875280e+00
9.1118812e-01   9436555  1.0527603e+01  1.0544076e+01  7.8121830e+00
9.6501980e-01  11210320  1.1291132e+01  1.1238293e+01  6.7462214e+00
1.0220366e+00  13318613  1.3093443e+01  1.3131835e+01  5.9580691e+00
1.0824208e+00  15819192  1.6355292e+01  1.6351222e+01  5.1592371e+00
1.1463741e+00  18795348  2.1764828e+01  2.1672611e+01  4.4643693e+00
1.2141088e+00  22326034  3.0059590e+01  3.0004377e+01  3.8970474e+00
1.2858419e+00  26520842  4.2109384e+01  4.2093247e+01  3.3970843e+00
1.3618105e+00  31503438  5.7311136e+01  5.7396672e+01  2.9560015e+00
1.4422695e+00  37426927  7.1309069e+01  7.1370731e+01  2.5661417e+00
1.5275481e+00  44525830  7.6900402e+01  7.6942267e+01  2.2263299e+00
