# Power spectrum from CO𝘕CEPT job 4701047 at t = 10.261261 Gyr, a = 0.76923077
#
# Components:
#   0: matter  (upstream grid size 1024)
#
#                           grid size 1024
# ╭────────────────────────────────────────────────────────────────╮
#                         component 0    (corrected)      (linear)
#                        σ₈ = 6.58e-01  σ₈ = 6.58e-01  σ₈ = 6.14e-01
#  k [Mpc⁻¹]    modes       P [Mpc³]       P [Mpc³]       P [Mpc³]
3.0679616e-03         3  3.2660563e+04  3.2660563e+04  3.2650265e+04
5.8212951e-03        25  4.7271375e+04  4.7523322e+04  4.7481780e+04
1.0440195e-02       124  5.3946156e+04  5.4567330e+04  5.5049780e+04
1.6729547e-02       418  4.8476468e+04  4.8916716e+04  4.8866567e+04
2.3240110e-02       730  3.6747410e+04  3.6755983e+04  3.7350958e+04
2.9075630e-02      1012  2.9063121e+04  2.8991826e+04  2.9020900e+04
3.4544381e-02      1408  2.4195033e+04  2.4135326e+04  2.4062314e+04
3.9898901e-02      1841  2.0861121e+04  2.0840313e+04  2.1150053e+04
4.5580519e-02      2698  1.8797836e+04  1.8811510e+04  1.8962088e+04
5.1612543e-02      3532  1.6326586e+04  1.6352366e+04  1.6637744e+04
5.7899473e-02      4702  1.3714131e+04  1.3720244e+04  1.3931257e+04
6.4462744e-02      6019  1.1409518e+04  1.1385886e+04  1.1280262e+04
7.1309305e-02      7766  9.5126160e+03  9.4762222e+03  9.3111723e+03
7.8556104e-02     10012  8.4458806e+03  8.4232687e+03  8.2165704e+03
8.6194331e-02     12589  7.8531660e+03  7.8595886e+03  7.6549681e+03
9.4153926e-02     15650  7.1218388e+03  7.1424909e+03  6.9987179e+03
1.0254095e-01     19757  6.1430971e+03  6.1489097e+03  5.9394853e+03
1.1136076e-01     24241  5.2260837e+03  5.2096275e+03  4.7976733e+03
1.2060245e-01     29993  4.5094765e+03  4.4917312e+03  4.0077264e+03
1.3029316e-01     36494  4.0281575e+03  4.0269620e+03  3.5703592e+03
1.4046583e-01     44825  3.6256678e+03  3.6316475e+03  3.1861874e+03
1.5111985e-01     53906  3.2483797e+03  3.2432047e+03  2.7351180e+03
1.6229170e-01     65729  2.8967283e+03  2.8876124e+03  2.3857497e+03
1.7401323e-01     78746  2.6486182e+03  2.6514725e+03  2.1880186e+03
1.8625264e-01     94374  2.3998314e+03  2.4054564e+03  1.9560899e+03
1.9902230e-01    112166  2.1392479e+03  2.1359995e+03  1.6353123e+03
2.1238854e-01    134373  1.9211058e+03  1.9146149e+03  1.3716078e+03
2.2637810e-01    159077  1.7627275e+03  1.7601073e+03  1.2178780e+03
2.4096993e-01    188172  1.6122512e+03  1.6123997e+03  1.1108453e+03
2.5621802e-01    222492  1.4834768e+03  1.4845289e+03  1.0068165e+03
2.7214102e-01    261771  1.3658222e+03  1.3677082e+03  8.8584642e+02
2.8873063e-01    306759  1.2507349e+03  1.2480177e+03  7.4616104e+02
3.0605468e-01    360898  1.1539201e+03  1.1495268e+03  6.4333638e+02
3.2421519e-01    425046  1.0683521e+03  1.0686808e+03  5.9487653e+02
3.4337900e-01    505555  9.8998822e+02  9.9305940e+02  5.4470902e+02
3.6368055e-01    600292  9.1768375e+02  9.1676756e+02  4.6313753e+02
3.8517334e-01    712930  8.5276586e+02  8.4867279e+02  3.9236451e+02
4.0793004e-01    846715  7.9421803e+02  7.9473691e+02  3.6127569e+02
4.3202621e-01   1005596  7.3829696e+02  7.4101524e+02  3.2697673e+02
4.5754560e-01   1194719  6.8805138e+02  6.8480934e+02  2.7175105e+02
4.8457948e-01   1419743  6.4122019e+02  6.3986913e+02  2.4178816e+02
5.1321525e-01   1686576  5.9956146e+02  6.0217382e+02  2.2113360e+02
5.4354215e-01   2003484  5.5925772e+02  5.5560278e+02  1.8378755e+02
5.7565178e-01   2378778  5.2435292e+02  5.2530205e+02  1.6640945e+02
6.0966698e-01   2828400  4.9134625e+02  4.9156398e+02  1.4606114e+02
6.4568974e-01   3356890  4.6174745e+02  4.5974806e+02  1.2480315e+02
6.8383752e-01   3990317  4.3473658e+02  4.3724902e+02  1.1312201e+02
7.2424344e-01   4738457  4.1036364e+02  4.0784355e+02  9.5362688e+01
7.6703215e-01   5629661  3.8833064e+02  3.9024108e+02  8.6142023e+01
8.1235262e-01   6687903  3.6907500e+02  3.6719800e+02  7.3222172e+01
8.6035444e-01   7945758  3.5158300e+02  3.5222995e+02  6.5040546e+01
9.1118812e-01   9436555  3.3596937e+02  3.3649509e+02  5.6535284e+01
9.6501980e-01  11210320  3.2099231e+02  3.1949015e+02  4.8820891e+01
1.0220366e+00  13318613  3.0678667e+02  3.0768623e+02  4.3116787e+01
1.0824208e+00  15819192  2.9280974e+02  2.9273687e+02  3.7335581e+01
1.1463741e+00  18795348  2.7901650e+02  2.7783432e+02  3.2307025e+01
1.2141088e+00  22326034  2.6534833e+02  2.6486095e+02  2.8201610e+01
1.2858419e+00  26520842  2.5162585e+02  2.5152942e+02  2.4583648e+01
1.3618105e+00  31503438  2.3808155e+02  2.3843688e+02  2.1391707e+01
1.4422695e+00  37426927  2.2475375e+02  2.2494810e+02  1.8570371e+01
1.5275481e+00  44525830  2.1194846e+02  2.1206385e+02  1.6111223e+01
