# Power spectrum from CO𝘕CEPT job 4701047 at t = 12.444573 Gyr, a = 0.90909091
#
# Components:
#   0: matter  (upstream grid size 1024)
#
#                           grid size 1024
# ╭────────────────────────────────────────────────────────────────╮
#                         component 0    (corrected)      (linear)
#                        σ₈ = 7.42e-01  σ₈ = 7.42e-01  σ₈ = 6.82e-01
#  k [Mpc⁻¹]    modes       P [Mpc³]       P [Mpc³]       P [Mpc³]
3.0679616e-03         3  4.0321334e+04  4.0321334e+04  4.0316746e+04
5.8212951e-03        25  5.8352964e+04  5.8663974e+04  5.8626141e+04
1.0440195e-02       124  6.6502729e+04  6.7268488e+04  6.7963260e+04
1.6729547e-02       418  5.9801770e+04  6.0344870e+04  6.0324201e+04
2.3240110e-02       730  4.5236927e+04  4.5247480e+04  4.6106045e+04
2.9075630e-02      1012  3.5832279e+04  3.5744379e+04  3.5822322e+04
3.4544381e-02      1408  2.9844389e+04  2.9770741e+04  2.9701044e+04
3.9898901e-02      1841  2.5681918e+04  2.5656301e+04  2.6105965e+04
4.5580519e-02      2698  2.3159827e+04  2.3176674e+04  2.3405058e+04
5.1612543e-02      3532  2.0092739e+04  2.0124466e+04  2.0535925e+04
5.7899473e-02      4702  1.6888840e+04  1.6896367e+04  1.7195199e+04
6.4462744e-02      6019  1.4108364e+04  1.4079143e+04  1.3923029e+04
7.1309305e-02      7766  1.1794924e+04  1.1749798e+04  1.1492567e+04
7.8556104e-02     10012  1.0489151e+04  1.0461069e+04  1.0141489e+04
8.6194331e-02     12589  9.7446766e+03  9.7526462e+03  9.4482908e+03
9.4153926e-02     15650  8.8267251e+03  8.8523211e+03  8.6382806e+03
1.0254095e-01     19757  7.6455790e+03  7.6528133e+03  7.3308911e+03
1.1136076e-01     24241  6.5623027e+03  6.5416390e+03  5.9215841e+03
1.2060245e-01     29993  5.6960603e+03  5.6736457e+03  4.9465760e+03
1.3029316e-01     36494  5.1010986e+03  5.0995846e+03  4.4067460e+03
1.4046583e-01     44825  4.5940334e+03  4.6016103e+03  3.9325748e+03
1.5111985e-01     53906  4.1458461e+03  4.1392414e+03  3.3758363e+03
1.6229170e-01     65729  3.7144362e+03  3.7027471e+03  2.9446241e+03
1.7401323e-01     78746  3.4027722e+03  3.4064391e+03  2.7005718e+03
1.8625264e-01     94374  3.0919205e+03  3.0991677e+03  2.4143115e+03
1.9902230e-01    112166  2.7834499e+03  2.7792233e+03  2.0183896e+03
2.1238854e-01    134373  2.5155029e+03  2.5070037e+03  1.6929108e+03
2.2637810e-01    159077  2.3201049e+03  2.3166562e+03  1.5031688e+03
2.4096993e-01    188172  2.1330595e+03  2.1332559e+03  1.3710631e+03
2.5621802e-01    222492  1.9694959e+03  1.9708927e+03  1.2426649e+03
2.7214102e-01    261771  1.8253183e+03  1.8278388e+03  1.0933572e+03
2.8873063e-01    306759  1.6841325e+03  1.6804738e+03  9.2095012e+02
3.0605468e-01    360898  1.5657734e+03  1.5598120e+03  7.9403852e+02
3.2421519e-01    425046  1.4547260e+03  1.4551736e+03  7.3422679e+02
3.4337900e-01    505555  1.3571469e+03  1.3613571e+03  6.7230741e+02
3.6368055e-01    600292  1.2665913e+03  1.2653268e+03  5.7162769e+02
3.8517334e-01    712930  1.1833585e+03  1.1776787e+03  4.8427601e+02
4.0793004e-01    846715  1.1095069e+03  1.1102317e+03  4.4590457e+02
4.3202621e-01   1005596  1.0372163e+03  1.0410352e+03  4.0357104e+02
4.5754560e-01   1194719  9.7305326e+02  9.6846831e+02  3.3540872e+02
4.8457948e-01   1419743  9.1168584e+02  9.0976490e+02  2.9842700e+02
5.1321525e-01   1686576  8.5805830e+02  8.6179696e+02  2.7293410e+02
5.4354215e-01   2003484  8.0449000e+02  7.9923240e+02  2.2683973e+02
5.7565178e-01   2378778  7.5849065e+02  7.5986360e+02  2.0539080e+02
6.0966698e-01   2828400  7.1419478e+02  7.1451125e+02  1.8027590e+02
6.4568974e-01   3356890  6.7378749e+02  6.7086995e+02  1.5403823e+02
6.8383752e-01   3990317  6.3615332e+02  6.3982980e+02  1.3962078e+02
7.2424344e-01   4738457  6.0183219e+02  5.9813627e+02  1.1770134e+02
7.6703215e-01   5629661  5.7001868e+02  5.7282296e+02  1.0632074e+02
8.1235262e-01   6687903  5.4074346e+02  5.3799339e+02  9.0374415e+01
8.6035444e-01   7945758  5.1341606e+02  5.1436080e+02  8.0276246e+01
9.1118812e-01   9436555  4.8771510e+02  4.8847827e+02  6.9778629e+01
9.6501980e-01  11210320  4.6282982e+02  4.6066391e+02  6.0257144e+01
1.0220366e+00  13318613  4.3873689e+02  4.4002335e+02  5.3216857e+01
1.0824208e+00  15819192  4.1485480e+02  4.1475156e+02  4.6081406e+01
1.1463741e+00  18795348  3.9173055e+02  3.9007080e+02  3.9874914e+01
1.2141088e+00  22326034  3.6896515e+02  3.6828744e+02  3.4807809e+01
1.2858419e+00  26520842  3.4674132e+02  3.4660844e+02  3.0342342e+01
1.3618105e+00  31503438  3.2521310e+02  3.2569848e+02  2.6402691e+01
1.4422695e+00  37426927  3.0432321e+02  3.0458636e+02  2.2920459e+01
1.5275481e+00  44525830  2.8427703e+02  2.8443179e+02  1.9885257e+01
