# Power spectrum from CO𝘕CEPT job 4701056 at t = 3.8214654 Gyr, a = 0.37037037
#
# Components:
#   0: matter  (upstream grid size 1024)
#
#                           grid size 1024
# ╭────────────────────────────────────────────────────────────────╮
#                         component 0    (corrected)      (linear)
#                        σ₈ = 3.51e-01  σ₈ = 3.51e-01  σ₈ = 3.45e-01
#  k [Mpc⁻¹]    modes       P [Mpc³]       P [Mpc³]       P [Mpc³]
3.0679616e-03         3  9.6460103e+03  9.6460103e+03  9.6472794e+03
5.8212951e-03        25  1.4050390e+04  1.4120708e+04  1.4115900e+04
1.0440195e-02       124  1.6238722e+04  1.6425157e+04  1.6501733e+04
1.6729547e-02       418  1.4640551e+04  1.4774337e+04  1.4755645e+04
2.3240110e-02       730  1.1267347e+04  1.1269565e+04  1.1358175e+04
2.9075630e-02      1012  8.9291414e+03  8.9075075e+03  8.9042210e+03
3.4544381e-02      1408  7.4881782e+03  7.4707503e+03  7.4545564e+03
3.9898901e-02      1841  6.5551539e+03  6.5499604e+03  6.6005162e+03
4.5580519e-02      2698  5.9029870e+03  5.9084400e+03  5.9337530e+03
5.1612543e-02      3532  5.1391394e+03  5.1472224e+03  5.1961056e+03
5.7899473e-02      4702  4.2968430e+03  4.2976588e+03  4.3381789e+03
6.4462744e-02      6019  3.5276982e+03  3.5193193e+03  3.5186708e+03
7.1309305e-02      7766  2.9410521e+03  2.9298233e+03  2.9297975e+03
7.8556104e-02     10012  2.6194580e+03  2.6136163e+03  2.6098413e+03
8.6194331e-02     12589  2.4378148e+03  2.4409765e+03  2.4304685e+03
9.4153926e-02     15650  2.1963109e+03  2.2024299e+03  2.1976835e+03
1.0254095e-01     19757  1.8548924e+03  1.8553826e+03  1.8470288e+03
1.1136076e-01     24241  1.5356968e+03  1.5302717e+03  1.5003909e+03
1.2060245e-01     29993  1.3152126e+03  1.3108031e+03  1.2768392e+03
1.3029316e-01     36494  1.1751445e+03  1.1757538e+03  1.1483535e+03
1.4046583e-01     44825  1.0483723e+03  1.0497568e+03  1.0166091e+03
1.5111985e-01     53906  9.0943964e+02  9.0724017e+02  8.6760195e+02
1.6229170e-01     65729  8.0038047e+02  7.9814372e+02  7.6185968e+02
1.7401323e-01     78746  7.2969786e+02  7.3109676e+02  6.9950578e+02
1.8625264e-01     94374  6.4922708e+02  6.5044355e+02  6.1849588e+02
1.9902230e-01    112166  5.5648103e+02  5.5535547e+02  5.1676503e+02
2.1238854e-01    134373  4.8657697e+02  4.8517245e+02  4.4138188e+02
2.2637810e-01    159077  4.3774562e+02  4.3728993e+02  3.9394917e+02
2.4096993e-01    188172  3.9347309e+02  3.9328096e+02  3.5673381e+02
2.5621802e-01    222492  3.5596711e+02  3.5630897e+02  3.2129888e+02
2.7214102e-01    261771  3.1691666e+02  3.1723951e+02  2.8164849e+02
2.8873063e-01    306759  2.7960952e+02  2.7897896e+02  2.3869261e+02
3.0605468e-01    360898  2.5008575e+02  2.4919991e+02  2.0862577e+02
3.2421519e-01    425046  2.2799665e+02  2.2811335e+02  1.9247293e+02
3.4337900e-01    505555  2.0506970e+02  2.0559401e+02  1.7373947e+02
3.6368055e-01    600292  1.8327108e+02  1.8303111e+02  1.4783045e+02
3.8517334e-01    712930  1.6460466e+02  1.6380543e+02  1.2731912e+02
4.0793004e-01    846715  1.4862750e+02  1.4875295e+02  1.1717678e+02
4.3202621e-01   1005596  1.3398708e+02  1.3443510e+02  1.0433025e+02
4.5754560e-01   1194719  1.2005755e+02  1.1941016e+02  8.7524911e+01
4.8457948e-01   1419743  1.0806895e+02  1.0793456e+02  7.8839238e+01
5.1321525e-01   1686576  9.7408532e+01  9.7830946e+01  7.0781618e+01
5.4354215e-01   2003484  8.7613801e+01  8.6968942e+01  5.9398834e+01
5.7565178e-01   2378778  7.9010709e+01  7.9221160e+01  5.4149270e+01
6.0966698e-01   2828400  7.1164993e+01  7.1143228e+01  4.6784607e+01
6.4568974e-01   3356890  6.4231238e+01  6.4013875e+01  4.0752429e+01
6.8383752e-01   3990317  5.8264375e+01  5.8519406e+01  3.6284529e+01
7.2424344e-01   4738457  5.3070850e+01  5.2782266e+01  3.1115276e+01
7.6703215e-01   5629661  4.8901533e+01  4.9091804e+01  2.7713460e+01
8.1235262e-01   6687903  4.5744650e+01  4.5554021e+01  2.3901792e+01
8.6035444e-01   7945758  4.3762000e+01  4.3795521e+01  2.0953169e+01
9.1118812e-01   9436555  4.3163815e+01  4.3268888e+01  1.8418831e+01
9.6501980e-01  11210320  4.4073930e+01  4.3866176e+01  1.5841904e+01
1.0220366e+00  13318613  4.6669630e+01  4.6766789e+01  1.3933536e+01
1.0824208e+00  15819192  5.1035126e+01  5.1058010e+01  1.2158833e+01
1.1463741e+00  18795348  5.6925988e+01  5.6715864e+01  1.0525895e+01
1.2141088e+00  22326034  6.3360532e+01  6.3219323e+01  9.1537910e+00
1.2858419e+00  26520842  6.9191085e+01  6.9118804e+01  7.9736370e+00
1.3618105e+00  31503438  7.3274163e+01  7.3355847e+01  6.9482994e+00
1.4422695e+00  37426927  7.5199443e+01  7.5245122e+01  6.0343713e+00
1.5275481e+00  44525830  7.5664392e+01  7.5701235e+01  5.2419892e+00
