# Power spectrum from CO𝘕CEPT job 4701056 at t = 5.469032 Gyr, a = 0.47619048
#
# Components:
#   0: matter  (upstream grid size 1024)
#
#                           grid size 1024
# ╭────────────────────────────────────────────────────────────────╮
#                         component 0    (corrected)      (linear)
#                        σ₈ = 4.49e-01  σ₈ = 4.49e-01  σ₈ = 4.34e-01
#  k [Mpc⁻¹]    modes       P [Mpc³]       P [Mpc³]       P [Mpc³]
3.0679616e-03         3  1.5311586e+04  1.5311586e+04  1.5302489e+04
5.8212951e-03        25  2.2298945e+04  2.2410545e+04  2.2385533e+04
1.0440195e-02       124  2.5729211e+04  2.6024606e+04  2.6162757e+04
1.6729547e-02       418  2.3223984e+04  2.3436204e+04  2.3390389e+04
2.3240110e-02       730  1.7826788e+04  1.7830297e+04  1.8003048e+04
2.9075630e-02      1012  1.4157026e+04  1.4122726e+04  1.4112743e+04
3.4544381e-02      1408  1.1879128e+04  1.1851480e+04  1.1814733e+04
3.9898901e-02      1841  1.0371757e+04  1.0363540e+04  1.0460944e+04
4.5580519e-02      2698  9.3496812e+03  9.3583182e+03  9.4040628e+03
5.1612543e-02      3532  8.1295241e+03  8.1423105e+03  8.2349068e+03
5.7899473e-02      4702  6.8012554e+03  6.8025467e+03  6.8751802e+03
6.4462744e-02      6019  5.6082056e+03  5.5948853e+03  5.5763762e+03
7.1309305e-02      7766  4.6835895e+03  4.6657077e+03  4.6431052e+03
7.8556104e-02     10012  4.1764078e+03  4.1670940e+03  4.1360235e+03
8.6194331e-02     12589  3.8875476e+03  3.8925894e+03  3.8517425e+03
9.4153926e-02     15650  3.5023281e+03  3.5120857e+03  3.4828204e+03
1.0254095e-01     19757  2.9701079e+03  2.9708929e+03  2.9271063e+03
1.1136076e-01     24241  2.4812380e+03  2.4724727e+03  2.3777617e+03
1.2060245e-01     29993  2.1361351e+03  2.1289732e+03  2.0234821e+03
1.3029316e-01     36494  1.9107562e+03  1.9117469e+03  1.8198606e+03
1.4046583e-01     44825  1.7096587e+03  1.7119165e+03  1.6110759e+03
1.5111985e-01     53906  1.4968704e+03  1.4932503e+03  1.3749347e+03
1.6229170e-01     65729  1.3232698e+03  1.3195718e+03  1.2073582e+03
1.7401323e-01     78746  1.2072463e+03  1.2095607e+03  1.1085420e+03
1.8625264e-01     94374  1.0799668e+03  1.0819904e+03  9.8016089e+02
1.9902230e-01    112166  9.3774174e+02  9.3584505e+02  8.1894254e+02
2.1238854e-01    134373  8.2927531e+02  8.2688157e+02  6.9947889e+02
2.2637810e-01    159077  7.5098511e+02  7.5020333e+02  6.2430975e+02
2.4096993e-01    188172  6.7814635e+02  6.7781522e+02  5.6533262e+02
2.5621802e-01    222492  6.1725093e+02  6.1784372e+02  5.0917709e+02
2.7214102e-01    261771  5.5568689e+02  5.5625298e+02  4.4634118e+02
2.8873063e-01    306759  4.9766502e+02  4.9654270e+02  3.7826696e+02
3.0605468e-01    360898  4.4985940e+02  4.4826593e+02  3.3061860e+02
3.2421519e-01    425046  4.1255545e+02  4.1276661e+02  3.0502041e+02
3.4337900e-01    505555  3.7453204e+02  3.7548963e+02  2.7533263e+02
3.6368055e-01    600292  3.3993077e+02  3.3948567e+02  2.3427342e+02
3.8517334e-01    712930  3.0980011e+02  3.0829589e+02  2.0176818e+02
4.0793004e-01    846715  2.8239653e+02  2.8263490e+02  1.8569515e+02
4.3202621e-01   1005596  2.5766731e+02  2.5852889e+02  1.6533668e+02
4.5754560e-01   1194719  2.3481851e+02  2.3355230e+02  1.3870451e+02
4.8457948e-01   1419743  2.1436452e+02  2.1409796e+02  1.2493994e+02
5.1321525e-01   1686576  1.9608964e+02  1.9693999e+02  1.1217067e+02
5.4354215e-01   2003484  1.7947348e+02  1.7815252e+02  9.4131876e+01
5.7565178e-01   2378778  1.6444116e+02  1.6487916e+02  8.5812661e+01
6.0966698e-01   2828400  1.5099444e+02  1.5094826e+02  7.4141559e+01
6.4568974e-01   3356890  1.3887049e+02  1.3840054e+02  6.4582106e+01
6.8383752e-01   3990317  1.2833868e+02  1.2890043e+02  5.7501631e+01
7.2424344e-01   4738457  1.1916934e+02  1.1852133e+02  4.9309694e+01
7.6703215e-01   5629661  1.1161487e+02  1.1204915e+02  4.3918689e+01
8.1235262e-01   6687903  1.0567794e+02  1.0523755e+02  3.7878175e+01
8.6035444e-01   7945758  1.0141904e+02  1.0149673e+02  3.3205366e+01
9.1118812e-01   9436555  9.8938188e+01  9.9179032e+01  2.9189092e+01
9.6501980e-01  11210320  9.8166145e+01  9.7703412e+01  2.5105327e+01
1.0220366e+00  13318613  9.8745480e+01  9.8951053e+01  2.2081054e+01
1.0824208e+00  15819192  1.0031617e+02  1.0036115e+02  1.9268607e+01
1.1463741e+00  18795348  1.0215190e+02  1.0177484e+02  1.6680821e+01
1.2141088e+00  22326034  1.0349865e+02  1.0326799e+02  1.4506389e+01
1.2858419e+00  26520842  1.0382780e+02  1.0371933e+02  1.2636150e+01
1.3618105e+00  31503438  1.0324498e+02  1.0336007e+02  1.1011254e+01
1.4422695e+00  37426927  1.0187873e+02  1.0194062e+02  9.5629134e+00
1.5275481e+00  44525830  1.0012994e+02  1.0017869e+02  8.3071920e+00
