# Power spectrum from CO𝘕CEPT job 4701056 at t = 4.5276054 Gyr, a = 0.41666667
#
# Components:
#   0: matter  (upstream grid size 1024)
#
#                           grid size 1024
# ╭────────────────────────────────────────────────────────────────╮
#                         component 0    (corrected)      (linear)
#                        σ₈ = 3.94e-01  σ₈ = 3.94e-01  σ₈ = 3.85e-01
#  k [Mpc⁻¹]    modes       P [Mpc³]       P [Mpc³]       P [Mpc³]
3.0679616e-03         3  1.2017546e+04  1.2017546e+04  1.2015847e+04
5.8212951e-03        25  1.7503314e+04  1.7590913e+04  1.7579667e+04
1.0440195e-02       124  2.0214438e+04  2.0446519e+04  2.0548562e+04
1.6729547e-02       418  1.8234673e+04  1.8401301e+04  1.8372793e+04
2.3240110e-02       730  1.4017206e+04  1.4019966e+04  1.4141848e+04
2.9075630e-02      1012  1.1118864e+04  1.1091925e+04  1.1086219e+04
3.4544381e-02      1408  9.3269207e+03  9.3052134e+03  9.2811798e+03
3.9898901e-02      1841  8.1552550e+03  8.1487938e+03  8.2177917e+03
4.5580519e-02      2698  7.3473746e+03  7.3541619e+03  7.3876029e+03
5.1612543e-02      3532  6.3930573e+03  6.4031125e+03  6.4691859e+03
5.7899473e-02      4702  5.3466200e+03  5.3476351e+03  5.4010384e+03
6.4462744e-02      6019  4.3978813e+03  4.3874356e+03  4.3807352e+03
7.1309305e-02      7766  3.6690885e+03  3.6550801e+03  3.6475801e+03
7.8556104e-02     10012  3.2695660e+03  3.2622746e+03  3.2492298e+03
8.6194331e-02     12589  3.0432871e+03  3.0472340e+03  3.0259070e+03
9.4153926e-02     15650  2.7418281e+03  2.7494670e+03  2.7360885e+03
1.0254095e-01     19757  2.3196064e+03  2.3202195e+03  2.2995252e+03
1.1136076e-01     24241  1.9278657e+03  1.9210553e+03  1.8679640e+03
1.2060245e-01     29993  1.6548085e+03  1.6492605e+03  1.5896443e+03
1.3029316e-01     36494  1.4792105e+03  1.4799775e+03  1.4296807e+03
1.4046583e-01     44825  1.3215130e+03  1.3232582e+03  1.2656605e+03
1.5111985e-01     53906  1.1509340e+03  1.1481505e+03  1.0801487e+03
1.6229170e-01     65729  1.0148554e+03  1.0120193e+03  9.4850113e+02
1.7401323e-01     78746  9.2548252e+02  9.2725675e+02  8.7087139e+02
1.8625264e-01     94374  8.2537834e+02  8.2692486e+02  7.7001538e+02
1.9902230e-01    112166  7.1153103e+02  7.1009187e+02  6.4336229e+02
2.1238854e-01    134373  6.2538136e+02  6.2357617e+02  5.4951164e+02
2.2637810e-01    159077  5.6422827e+02  5.6364091e+02  4.9045876e+02
2.4096993e-01    188172  5.0812188e+02  5.0787377e+02  4.4412632e+02
2.5621802e-01    222492  4.6094360e+02  4.6138628e+02  4.0001050e+02
2.7214102e-01    261771  4.1236715e+02  4.1278723e+02  3.5064654e+02
2.8873063e-01    306759  3.6640455e+02  3.6557825e+02  2.9716733e+02
3.0605468e-01    360898  3.2928194e+02  3.2811557e+02  2.5973471e+02
3.2421519e-01    425046  3.0096774e+02  3.0112179e+02  2.3962474e+02
3.4337900e-01    505555  2.7176168e+02  2.7245652e+02  2.1630197e+02
3.6368055e-01    600292  2.4468588e+02  2.4436550e+02  1.8404577e+02
3.8517334e-01    712930  2.2129096e+02  2.2021649e+02  1.5850959e+02
4.0793004e-01    846715  2.0059820e+02  2.0076752e+02  1.4588258e+02
4.3202621e-01   1005596  1.8183551e+02  1.8244352e+02  1.2988893e+02
4.5754560e-01   1194719  1.6429632e+02  1.6341039e+02  1.0896663e+02
4.8457948e-01   1419743  1.4885419e+02  1.4866908e+02  9.8153153e+01
5.1321525e-01   1686576  1.3510709e+02  1.3569298e+02  8.8121587e+01
5.4354215e-01   2003484  1.2253179e+02  1.2162993e+02  7.3950263e+01
5.7565178e-01   2378778  1.1135974e+02  1.1165635e+02  6.7414667e+01
6.0966698e-01   2828400  1.0122068e+02  1.0118972e+02  5.8245819e+01
6.4568974e-01   3356890  9.2193928e+01  9.1881938e+01  5.0735887e+01
6.8383752e-01   3990317  8.4423667e+01  8.4793202e+01  4.5173448e+01
7.2424344e-01   4738457  7.7631533e+01  7.7209395e+01  3.8737840e+01
7.6703215e-01   5629661  7.2151687e+01  7.2432422e+01  3.4502652e+01
8.1235262e-01   6687903  6.7954552e+01  6.7671368e+01  2.9757207e+01
8.6035444e-01   7945758  6.5154260e+01  6.5204168e+01  2.6086236e+01
9.1118812e-01   9436555  6.3959120e+01  6.4114816e+01  2.2931039e+01
9.6501980e-01  11210320  6.4432460e+01  6.4128741e+01  1.9722822e+01
1.0220366e+00  13318613  6.6523836e+01  6.6662329e+01  1.7346945e+01
1.0824208e+00  15819192  7.0081795e+01  7.0113219e+01  1.5137478e+01
1.1463741e+00  18795348  7.4535392e+01  7.4260269e+01  1.3104506e+01
1.2141088e+00  22326034  7.8851063e+01  7.8675331e+01  1.1396266e+01
1.2858419e+00  26520842  8.2131020e+01  8.2045221e+01  9.9270001e+00
1.3618105e+00  31503438  8.3966426e+01  8.4060031e+01  8.6504772e+00
1.4422695e+00  37426927  8.4469245e+01  8.4520554e+01  7.5126568e+00
1.5275481e+00  44525830  8.4213436e+01  8.4254442e+01  6.5261583e+00
