# Power spectrum from CO𝘕CEPT job 4701056 at t = 2.5067588 Gyr, a = 0.27777778
#
# Components:
#   0: matter  (upstream grid size 1024)
#
#                           grid size 1024
# ╭────────────────────────────────────────────────────────────────╮
#                         component 0    (corrected)      (linear)
#                        σ₈ = 2.63e-01  σ₈ = 2.63e-01  σ₈ = 2.62e-01
#  k [Mpc⁻¹]    modes       P [Mpc³]       P [Mpc³]       P [Mpc³]
3.0679616e-03         3  5.5527588e+03  5.5527588e+03  5.5535109e+03
5.8212951e-03        25  8.0898855e+03  8.1303729e+03  8.1281994e+03
1.0440195e-02       124  9.3643923e+03  9.4719041e+03  9.5048135e+03
1.6729547e-02       418  8.4330236e+03  8.5100845e+03  8.5006985e+03
2.3240110e-02       730  6.5053795e+03  6.5066603e+03  6.5440918e+03
2.9075630e-02      1012  5.1450918e+03  5.1326261e+03  5.1304973e+03
3.4544381e-02      1408  4.3124581e+03  4.3024213e+03  4.2953535e+03
3.9898901e-02      1841  3.7842301e+03  3.7812319e+03  3.8033307e+03
4.5580519e-02      2698  3.4043544e+03  3.4074992e+03  3.4191841e+03
5.1612543e-02      3532  2.9671706e+03  2.9718375e+03  2.9941682e+03
5.7899473e-02      4702  2.4797825e+03  2.4802533e+03  2.4998252e+03
6.4462744e-02      6019  2.0286232e+03  2.0238049e+03  2.0276075e+03
7.1309305e-02      7766  1.6894557e+03  1.6830054e+03  1.6882830e+03
7.8556104e-02     10012  1.5032825e+03  1.4999301e+03  1.5039164e+03
8.6194331e-02     12589  1.3982202e+03  1.4000336e+03  1.4005581e+03
9.4153926e-02     15650  1.2596249e+03  1.2631343e+03  1.2664193e+03
1.0254095e-01     19757  1.0607788e+03  1.0610591e+03  1.0643565e+03
1.1136076e-01     24241  8.7213858e+02  8.6905762e+02  8.6460692e+02
1.2060245e-01     29993  7.4386233e+02  7.4136837e+02  7.3578546e+02
1.3029316e-01     36494  6.6428558e+02  6.6463000e+02  6.6174574e+02
1.4046583e-01     44825  5.9065270e+02  5.9143272e+02  5.8582791e+02
1.5111985e-01     53906  5.0879263e+02  5.0756212e+02  4.9996201e+02
1.6229170e-01     65729  4.4627872e+02  4.4503155e+02  4.3902761e+02
1.7401323e-01     78746  4.0670613e+02  4.0748582e+02  4.0309596e+02
1.8625264e-01     94374  3.6026161e+02  3.6093664e+02  3.5641354e+02
1.9902230e-01    112166  3.0538675e+02  3.0476906e+02  2.9779043e+02
2.1238854e-01    134373  2.6417811e+02  2.6341555e+02  2.5435033e+02
2.2637810e-01    159077  2.3641515e+02  2.3616904e+02  2.2701688e+02
2.4096993e-01    188172  2.1191375e+02  2.1181027e+02  2.0557125e+02
2.5621802e-01    222492  1.9071307e+02  1.9089623e+02  1.8515159e+02
2.7214102e-01    261771  1.6827412e+02  1.6844554e+02  1.6230271e+02
2.8873063e-01    306759  1.4611616e+02  1.4578664e+02  1.3754900e+02
3.0605468e-01    360898  1.2939736e+02  1.2893902e+02  1.2022270e+02
3.2421519e-01    425046  1.1751257e+02  1.1757271e+02  1.1091448e+02
3.4337900e-01    505555  1.0505214e+02  1.0532073e+02  1.0011915e+02
3.6368055e-01    600292  9.2228915e+01  9.2108152e+01  8.5188827e+01
3.8517334e-01    712930  8.1515803e+01  8.1120007e+01  7.3368968e+01
4.0793004e-01    846715  7.3186323e+01  7.3248098e+01  6.7524346e+01
4.3202621e-01   1005596  6.5247793e+01  6.5465965e+01  6.0121408e+01
4.5754560e-01   1194719  5.7233162e+01  5.6924544e+01  5.0437158e+01
4.8457948e-01   1419743  5.0866113e+01  5.0802861e+01  4.5431951e+01
5.1321525e-01   1686576  4.5184763e+01  4.5380708e+01  4.0788665e+01
5.4354215e-01   2003484  3.9834614e+01  3.9541421e+01  3.4229217e+01
5.7565178e-01   2378778  3.5271864e+01  3.5365813e+01  3.1204102e+01
6.0966698e-01   2828400  3.1136570e+01  3.1127047e+01  2.6960137e+01
6.4568974e-01   3356890  2.7491217e+01  2.7398185e+01  2.3484031e+01
6.8383752e-01   3990317  2.4344270e+01  2.4450828e+01  2.0909356e+01
7.2424344e-01   4738457  2.1619632e+01  2.1502070e+01  1.7930519e+01
7.6703215e-01   5629661  1.9430743e+01  1.9506346e+01  1.5970187e+01
8.1235262e-01   6687903  1.7785205e+01  1.7711089e+01  1.3773672e+01
8.6035444e-01   7945758  1.6866116e+01  1.6879036e+01  1.2074496e+01
9.1118812e-01   9436555  1.6798415e+01  1.6839308e+01  1.0614057e+01
9.6501980e-01  11210320  1.7714864e+01  1.7631361e+01  9.1290748e+00
1.0220366e+00  13318613  1.9948795e+01  1.9990325e+01  8.0293569e+00
1.0824208e+00  15819192  2.3919962e+01  2.3930687e+01  7.0066649e+00
1.1463741e+00  18795348  3.0176783e+01  3.0065395e+01  6.0656669e+00
1.2141088e+00  22326034  3.8899452e+01  3.8812758e+01  5.2749768e+00
1.2858419e+00  26520842  4.9887923e+01  4.9835807e+01  4.5949002e+00
1.3618105e+00  31503438  6.1245256e+01  6.1313531e+01  4.0040382e+00
1.4422695e+00  37426927  6.9228377e+01  6.9270429e+01  3.4773771e+00
1.5275481e+00  44525830  7.1457738e+01  7.1492533e+01  3.0207581e+00
