# Power spectrum from CO𝘕CEPT job 4701056 at t = 2.1444136 Gyr, a = 0.25
#
# Components:
#   0: matter  (upstream grid size 1024)
#
#                           grid size 1024
# ╭────────────────────────────────────────────────────────────────╮
#                         component 0    (corrected)      (linear)
#                        σ₈ = 2.37e-01  σ₈ = 2.37e-01  σ₈ = 2.36e-01
#  k [Mpc⁻¹]    modes       P [Mpc³]       P [Mpc³]       P [Mpc³]
3.0679616e-03         3  4.5199885e+03  4.5199885e+03  4.5203221e+03
5.8212951e-03        25  6.5857840e+03  6.6187438e+03  6.6167400e+03
1.0440195e-02       124  7.6270358e+03  7.7146011e+03  7.7382313e+03
1.6729547e-02       418  6.8659443e+03  6.9286852e+03  6.9211996e+03
2.3240110e-02       730  5.3003175e+03  5.3013611e+03  5.3283306e+03
2.9075630e-02      1012  4.1894134e+03  4.1792631e+03  4.1774261e+03
3.4544381e-02      1408  3.5108585e+03  3.5026873e+03  3.4974591e+03
3.9898901e-02      1841  3.0830901e+03  3.0806475e+03  3.0968542e+03
4.5580519e-02      2698  2.7727538e+03  2.7753152e+03  2.7840775e+03
5.1612543e-02      3532  2.4175094e+03  2.4213118e+03  2.4380168e+03
5.7899473e-02      4702  2.0202091e+03  2.0205927e+03  2.0355014e+03
6.4462744e-02      6019  1.6510341e+03  1.6471127e+03  1.6509982e+03
7.1309305e-02      7766  1.3746975e+03  1.3694489e+03  1.3747025e+03
7.8556104e-02     10012  1.2229005e+03  1.2201733e+03  1.2245817e+03
8.6194331e-02     12589  1.1371544e+03  1.1386292e+03  1.1404222e+03
9.4153926e-02     15650  1.0244283e+03  1.0272824e+03  1.0311990e+03
1.0254095e-01     19757  8.6214947e+02  8.6237733e+02  8.6666720e+02
1.1136076e-01     24241  7.0754852e+02  7.0504900e+02  7.0401877e+02
1.2060245e-01     29993  6.0284567e+02  6.0082450e+02  5.9912432e+02
1.3029316e-01     36494  5.3832178e+02  5.3860089e+02  5.3883659e+02
1.4046583e-01     44825  4.7814483e+02  4.7877627e+02  4.7701950e+02
1.5111985e-01     53906  4.1115077e+02  4.1015641e+02  4.0710198e+02
1.6229170e-01     65729  3.6034485e+02  3.5933783e+02  3.5748527e+02
1.7401323e-01     78746  3.2836636e+02  3.2899587e+02  3.2822741e+02
1.8625264e-01     94374  2.9053391e+02  2.9107829e+02  2.9021556e+02
1.9902230e-01    112166  2.4553523e+02  2.4503861e+02  2.4248076e+02
2.1238854e-01    134373  2.1175289e+02  2.1114166e+02  2.0710898e+02
2.2637810e-01    159077  1.8923260e+02  1.8903560e+02  1.8485228e+02
2.4096993e-01    188172  1.6954226e+02  1.6945948e+02  1.6738984e+02
2.5621802e-01    222492  1.5237498e+02  1.5252132e+02  1.5076280e+02
2.7214102e-01    261771  1.3412552e+02  1.3426216e+02  1.3215773e+02
2.8873063e-01    306759  1.1589512e+02  1.1563376e+02  1.1200160e+02
3.0605468e-01    360898  1.0233012e+02  1.0196765e+02  9.7893378e+01
3.2421519e-01    425046  9.2877827e+01  9.2925365e+01  9.0314009e+01
3.4337900e-01    505555  8.2930660e+01  8.3142694e+01  8.1523732e+01
3.6368055e-01    600292  7.2386548e+01  7.2291766e+01  6.9366462e+01
3.8517334e-01    712930  6.3652147e+01  6.3343086e+01  5.9741941e+01
4.0793004e-01    846715  5.7100612e+01  5.7148809e+01  5.4982860e+01
4.3202621e-01   1005596  5.0750125e+01  5.0919820e+01  4.8954891e+01
4.5754560e-01   1194719  4.4192585e+01  4.3954286e+01  4.1069326e+01
4.8457948e-01   1419743  3.9152880e+01  3.9104194e+01  3.6993751e+01
5.1321525e-01   1686576  3.4642226e+01  3.4792453e+01  3.3212876e+01
5.4354215e-01   2003484  3.0323502e+01  3.0100314e+01  2.7871732e+01
5.7565178e-01   2378778  2.6711752e+01  2.6782900e+01  2.5408481e+01
6.0966698e-01   2828400  2.3434522e+01  2.3427355e+01  2.1952759e+01
6.4568974e-01   3356890  2.0537924e+01  2.0468423e+01  1.9122280e+01
6.8383752e-01   3990317  1.8049372e+01  1.8128376e+01  1.7025807e+01
7.2424344e-01   4738457  1.5883915e+01  1.5797543e+01  1.4600238e+01
7.6703215e-01   5629661  1.4140160e+01  1.4195178e+01  1.3004003e+01
8.1235262e-01   6687903  1.2829366e+01  1.2775903e+01  1.1215453e+01
8.6035444e-01   7945758  1.2121122e+01  1.2130407e+01  9.8318697e+00
9.1118812e-01   9436555  1.2115648e+01  1.2145141e+01  8.6426814e+00
9.6501980e-01  11210320  1.2921188e+01  1.2860281e+01  7.4335092e+00
1.0220366e+00  13318613  1.4845898e+01  1.4876805e+01  6.5380449e+00
1.0824208e+00  15819192  1.8313050e+01  1.8321261e+01  5.7053002e+00
1.1463741e+00  18795348  2.3984197e+01  2.3895667e+01  4.9390762e+00
1.2141088e+00  22326034  3.2455048e+01  3.2382717e+01  4.2952430e+00
1.2858419e+00  26520842  4.4295795e+01  4.4249521e+01  3.7414788e+00
1.3618105e+00  31503438  5.8444932e+01  5.8510085e+01  3.2603592e+00
1.4422695e+00  37426927  7.0544670e+01  7.0587521e+01  2.8315162e+00
1.5275481e+00  44525830  7.4885453e+01  7.4921917e+01  2.4597062e+00
