# Power spectrum from CO𝘕CEPT job 4701056 at t = 5.8533978 Gyr, a = 0.5
#
# Components:
#   0: matter  (upstream grid size 1024)
#
#                           grid size 1024
# ╭────────────────────────────────────────────────────────────────╮
#                         component 0    (corrected)      (linear)
#                        σ₈ = 4.70e-01  σ₈ = 4.70e-01  σ₈ = 4.53e-01
#  k [Mpc⁻¹]    modes       P [Mpc³]       P [Mpc³]       P [Mpc³]
3.0679616e-03         3  1.6687798e+04  1.6687798e+04  1.6676455e+04
5.8212951e-03        25  2.4302351e+04  2.4423976e+04  2.4394478e+04
1.0440195e-02       124  2.8030829e+04  2.8352649e+04  2.8509413e+04
1.6729547e-02       418  2.5307433e+04  2.5538692e+04  2.5487529e+04
2.3240110e-02       730  1.9415133e+04  1.9418956e+04  1.9616796e+04
2.9075630e-02      1012  1.5425141e+04  1.5387769e+04  1.5377618e+04
3.4544381e-02      1408  1.2944711e+04  1.2914584e+04  1.2873564e+04
3.9898901e-02      1841  1.1295768e+04  1.1286819e+04  1.1398401e+04
4.5580519e-02      2698  1.0184850e+04  1.0194258e+04  1.0246773e+04
5.1612543e-02      3532  8.8532273e+03  8.8671521e+03  8.9728248e+03
5.7899473e-02      4702  7.4077888e+03  7.4091952e+03  7.4912404e+03
6.4462744e-02      6019  6.1143432e+03  6.0998206e+03  6.0760459e+03
7.1309305e-02      7766  5.1084901e+03  5.0889860e+03  5.0591432e+03
7.8556104e-02     10012  4.5565231e+03  4.5463616e+03  4.5066209e+03
8.6194331e-02     12589  4.2412800e+03  4.2467806e+03  4.1968642e+03
9.4153926e-02     15650  3.8208834e+03  3.8315286e+03  3.7948837e+03
1.0254095e-01     19757  3.2434793e+03  3.2443365e+03  3.1893755e+03
1.1136076e-01     24241  2.7152444e+03  2.7056524e+03  2.5908084e+03
1.2060245e-01     29993  2.3403743e+03  2.3325277e+03  2.2047846e+03
1.3029316e-01     36494  2.0940778e+03  2.0951636e+03  1.9829182e+03
1.4046583e-01     44825  1.8746568e+03  1.8771325e+03  1.7554261e+03
1.5111985e-01     53906  1.6448293e+03  1.6408513e+03  1.4981266e+03
1.6229170e-01     65729  1.4555681e+03  1.4515004e+03  1.3155354e+03
1.7401323e-01     78746  1.3282052e+03  1.3307515e+03  1.2078652e+03
1.8625264e-01     94374  1.1895990e+03  1.1918279e+03  1.0679812e+03
1.9902230e-01    112166  1.0358304e+03  1.0337353e+03  8.9231796e+02
2.1238854e-01    134373  9.1807701e+02  9.1542694e+02  7.6215056e+02
2.2637810e-01    159077  8.3264738e+02  8.3178059e+02  6.8024638e+02
2.4096993e-01    188172  7.5275342e+02  7.5238586e+02  6.1598500e+02
2.5621802e-01    222492  6.8602428e+02  6.8668313e+02  5.5479803e+02
2.7214102e-01    261771  6.1914170e+02  6.1977243e+02  4.8633216e+02
2.8873063e-01    306759  5.5604452e+02  5.5479054e+02  4.1215865e+02
3.0605468e-01    360898  5.0375901e+02  5.0197462e+02  3.6024111e+02
3.2421519e-01    425046  4.6257374e+02  4.6281050e+02  3.3234939e+02
3.4337900e-01    505555  4.2085905e+02  4.2193509e+02  3.0000164e+02
3.6368055e-01    600292  3.8304182e+02  3.8254027e+02  2.5526364e+02
3.8517334e-01    712930  3.5003102e+02  3.4833146e+02  2.1984602e+02
4.0793004e-01    846715  3.1980613e+02  3.2007607e+02  2.0233288e+02
4.3202621e-01   1005596  2.9251014e+02  2.9348822e+02  1.8015035e+02
4.5754560e-01   1194719  2.6734521e+02  2.6590360e+02  1.5113202e+02
4.8457948e-01   1419743  2.4472787e+02  2.4442355e+02  1.3613418e+02
5.1321525e-01   1686576  2.2447266e+02  2.2544609e+02  1.2222082e+02
5.4354215e-01   2003484  2.0609859e+02  2.0458166e+02  1.0256580e+02
5.7565178e-01   2378778  1.8936902e+02  1.8987342e+02  9.3501212e+01
6.0966698e-01   2828400  1.7448660e+02  1.7443324e+02  8.0784414e+01
6.4568974e-01   3356890  1.6100006e+02  1.6045522e+02  7.0368462e+01
6.8383752e-01   3990317  1.4923244e+02  1.4988565e+02  6.2653598e+01
7.2424344e-01   4738457  1.3900371e+02  1.3824785e+02  5.3727688e+01
7.6703215e-01   5629661  1.3049438e+02  1.3100212e+02  4.7853666e+01
8.1235262e-01   6687903  1.2370545e+02  1.2318994e+02  4.1271940e+01
8.6035444e-01   7945758  1.1869858e+02  1.1878950e+02  3.6180462e+01
9.1118812e-01   9436555  1.1551100e+02  1.1579219e+02  3.1804342e+01
9.6501980e-01  11210320  1.1399120e+02  1.1345388e+02  2.7354684e+01
1.0220366e+00  13318613  1.1369930e+02  1.1393601e+02  2.4059446e+01
1.0824208e+00  15819192  1.1421982e+02  1.1427104e+02  2.0995011e+01
1.1463741e+00  18795348  1.1485367e+02  1.1442972e+02  1.8175369e+01
1.2141088e+00  22326034  1.1496119e+02  1.1470498e+02  1.5806115e+01
1.2858419e+00  26520842  1.1413523e+02  1.1401600e+02  1.3768307e+01
1.3618105e+00  31503438  1.1258608e+02  1.1271159e+02  1.1997826e+01
1.4422695e+00  37426927  1.1041069e+02  1.1047775e+02  1.0419718e+01
1.5275481e+00  44525830  1.0788021e+02  1.0793274e+02  9.0514884e+00
