# Power spectrum from CO𝘕CEPT job 4701056 at t = 2.9820513 Gyr, a = 0.3125
#
# Components:
#   0: matter  (upstream grid size 1024)
#
#                           grid size 1024
# ╭────────────────────────────────────────────────────────────────╮
#                         component 0    (corrected)      (linear)
#                        σ₈ = 2.96e-01  σ₈ = 2.96e-01  σ₈ = 2.93e-01
#  k [Mpc⁻¹]    modes       P [Mpc³]       P [Mpc³]       P [Mpc³]
3.0679616e-03         3  6.9757496e+03  6.9757496e+03  6.9771111e+03
5.8212951e-03        25  1.0162145e+04  1.0213003e+04  1.0210593e+04
1.0440195e-02       124  1.1756147e+04  1.1891119e+04  1.1938421e+04
1.6729547e-02       418  1.0591626e+04  1.0688413e+04  1.0676400e+04
2.3240110e-02       730  8.1632759e+03  8.1648831e+03  8.2186784e+03
2.9075630e-02      1012  6.4612476e+03  6.4455930e+03  6.4432226e+03
3.4544381e-02      1408  5.4167334e+03  5.4041265e+03  5.3943272e+03
3.9898901e-02      1841  4.7489071e+03  4.7451447e+03  4.7763808e+03
4.5580519e-02      2698  4.2738092e+03  4.2777572e+03  4.2939273e+03
5.1612543e-02      3532  3.7233892e+03  3.7292455e+03  3.7601605e+03
5.7899473e-02      4702  3.1122400e+03  3.1128309e+03  3.1393397e+03
6.4462744e-02      6019  2.5493191e+03  2.5432641e+03  2.5463106e+03
7.1309305e-02      7766  2.1238269e+03  2.1157182e+03  2.1201756e+03
7.8556104e-02     10012  1.8904330e+03  1.8862171e+03  1.8886415e+03
8.6194331e-02     12589  1.7587779e+03  1.7610589e+03  1.7588401e+03
9.4153926e-02     15650  1.5844800e+03  1.5888945e+03  1.5903851e+03
1.0254095e-01     19757  1.3356337e+03  1.3359867e+03  1.3366308e+03
1.1136076e-01     24241  1.1008257e+03  1.0969369e+03  1.0857823e+03
1.2060245e-01     29993  9.4027536e+02  9.3712289e+02  9.2400639e+02
1.3029316e-01     36494  8.3980948e+02  8.4024491e+02  8.3102619e+02
1.4046583e-01     44825  7.4769546e+02  7.4868287e+02  7.3568758e+02
1.5111985e-01     53906  6.4565094e+02  6.4408944e+02  6.2785622e+02
1.6229170e-01     65729  5.6697750e+02  5.6539302e+02  5.5133415e+02
1.7401323e-01     78746  5.1676745e+02  5.1775814e+02  5.0621079e+02
1.8625264e-01     94374  4.5847442e+02  4.5933347e+02  4.4758658e+02
1.9902230e-01    112166  3.9021178e+02  3.8942253e+02  3.7396719e+02
2.1238854e-01    134373  3.3890680e+02  3.3792853e+02  3.1941478e+02
2.2637810e-01    159077  3.0386368e+02  3.0354735e+02  2.8508922e+02
2.4096993e-01    188172  2.7260378e+02  2.7247067e+02  2.5815763e+02
2.5621802e-01    222492  2.4579094e+02  2.4602699e+02  2.3251447e+02
2.7214102e-01    261771  2.1757008e+02  2.1779172e+02  2.0382069e+02
2.8873063e-01    306759  1.9008748e+02  1.8965881e+02  1.7273482e+02
3.0605468e-01    360898  1.6896970e+02  1.6837119e+02  1.5097634e+02
3.2421519e-01    425046  1.5362755e+02  1.5370618e+02  1.3928702e+02
3.4337900e-01    505555  1.3760558e+02  1.3795741e+02  1.2573018e+02
3.6368055e-01    600292  1.2166395e+02  1.2150464e+02  1.0698059e+02
3.8517334e-01    712930  1.0821000e+02  1.0768460e+02  9.2137142e+01
4.0793004e-01    846715  9.7316340e+01  9.7398482e+01  8.4797431e+01
4.3202621e-01   1005596  8.7116656e+01  8.7407951e+01  7.5500778e+01
4.5754560e-01   1194719  7.7078645e+01  7.6663014e+01  6.3339245e+01
4.8457948e-01   1419743  6.8813848e+01  6.8728277e+01  5.7053678e+01
5.1321525e-01   1686576  6.1458074e+01  6.1724589e+01  5.1222614e+01
5.4354215e-01   2003484  5.4624932e+01  5.4222880e+01  4.2985223e+01
5.7565178e-01   2378778  4.8707602e+01  4.8837338e+01  3.9186267e+01
6.0966698e-01   2828400  4.3330588e+01  4.3317336e+01  3.3856674e+01
6.4568974e-01   3356890  3.8597140e+01  3.8466524e+01  2.9491362e+01
6.8383752e-01   3990317  3.4507127e+01  3.4658170e+01  2.6258072e+01
7.2424344e-01   4738457  3.0969174e+01  3.0800773e+01  2.2517233e+01
7.6703215e-01   5629661  2.8130863e+01  2.8240317e+01  2.0055438e+01
8.1235262e-01   6687903  2.5993600e+01  2.5885278e+01  1.7297043e+01
8.6035444e-01   7945758  2.4749005e+01  2.4767962e+01  1.5163210e+01
9.1118812e-01   9436555  2.4554034e+01  2.4613805e+01  1.3329182e+01
9.6501980e-01  11210320  2.5560214e+01  2.5439729e+01  1.1464335e+01
1.0220366e+00  13318613  2.8088593e+01  2.8147069e+01  1.0083304e+01
1.0824208e+00  15819192  3.2485269e+01  3.2499835e+01  8.7990018e+00
1.1463741e+00  18795348  3.9044201e+01  3.8900082e+01  7.6172918e+00
1.2141088e+00  22326034  4.7389009e+01  4.7283395e+01  6.6243393e+00
1.2858419e+00  26520842  5.6631962e+01  5.6572800e+01  5.7702957e+00
1.3618105e+00  31503438  6.4737530e+01  6.4809698e+01  5.0282883e+00
1.4422695e+00  37426927  6.9457761e+01  6.9499952e+01  4.3669048e+00
1.5275481e+00  44525830  7.0651949e+01  7.0686352e+01  3.7934805e+00
