# Power spectrum from CO𝘕CEPT job 4701056 at t = 3.2779515 Gyr, a = 0.33333333
#
# Components:
#   0: matter  (upstream grid size 1024)
#
#                           grid size 1024
# ╭────────────────────────────────────────────────────────────────╮
#                         component 0    (corrected)      (linear)
#                        σ₈ = 3.16e-01  σ₈ = 3.16e-01  σ₈ = 3.12e-01
#  k [Mpc⁻¹]    modes       P [Mpc³]       P [Mpc³]       P [Mpc³]
3.0679616e-03         3  7.8960099e+03  7.8960099e+03  7.8976273e+03
5.8212951e-03        25  1.1502213e+04  1.1559778e+04  1.1556980e+04
1.0440195e-02       124  1.3301770e+04  1.3454487e+04  1.3511747e+04
1.6729547e-02       418  1.1987270e+04  1.2096810e+04  1.2082893e+04
2.3240110e-02       730  9.2340300e+03  9.2358481e+03  9.3011808e+03
2.9075630e-02      1012  7.3120431e+03  7.2943272e+03  7.2917895e+03
3.4544381e-02      1408  6.1307386e+03  6.1164700e+03  6.1047125e+03
3.9898901e-02      1841  5.3719692e+03  5.3677132e+03  5.4053625e+03
4.5580519e-02      2698  4.8356221e+03  4.8400891e+03  4.8593595e+03
5.1612543e-02      3532  4.2117799e+03  4.2184043e+03  4.2552938e+03
5.7899473e-02      4702  3.5208120e+03  3.5214805e+03  3.5527168e+03
6.4462744e-02      6019  2.8863182e+03  2.8794628e+03  2.8815951e+03
7.1309305e-02      7766  2.4051604e+03  2.3959775e+03  2.3993459e+03
7.8556104e-02     10012  2.1413118e+03  2.1365365e+03  2.1373229e+03
8.6194331e-02     12589  1.9924501e+03  1.9950342e+03  1.9904287e+03
9.4153926e-02     15650  1.7950239e+03  1.8000249e+03  1.7997918e+03
1.0254095e-01     19757  1.5140864e+03  1.5144866e+03  1.5126248e+03
1.1136076e-01     24241  1.2498676e+03  1.2454523e+03  1.2287465e+03
1.2060245e-01     29993  1.0685709e+03  1.0649883e+03  1.0456693e+03
1.3029316e-01     36494  9.5451181e+02  9.5500672e+02  9.4044623e+02
1.4046583e-01     44825  8.5046017e+02  8.5158330e+02  8.3255432e+02
1.5111985e-01     53906  7.3555435e+02  7.3377542e+02  7.1052483e+02
1.6229170e-01     65729  6.4641640e+02  6.4460992e+02  6.2392713e+02
1.7401323e-01     78746  5.8922359e+02  5.9035318e+02  5.7286238e+02
1.8625264e-01     94374  5.2327885e+02  5.2425932e+02  5.0651919e+02
1.9902230e-01    112166  4.4648768e+02  4.4558460e+02  4.2320647e+02
2.1238854e-01    134373  3.8872722e+02  3.8760514e+02  3.6147125e+02
2.2637810e-01    159077  3.4894767e+02  3.4858442e+02  3.2262611e+02
2.4096993e-01    188172  3.1324703e+02  3.1309408e+02  2.9214849e+02
2.5621802e-01    222492  2.8277239e+02  2.8304395e+02  2.6312895e+02
2.7214102e-01    261771  2.5081291e+02  2.5106842e+02  2.3065714e+02
2.8873063e-01    306759  2.1992614e+02  2.1943017e+02  1.9547827e+02
3.0605468e-01    360898  1.9593235e+02  1.9523832e+02  1.7085492e+02
3.2421519e-01    425046  1.7829979e+02  1.7839105e+02  1.5762650e+02
3.4337900e-01    505555  1.5992519e+02  1.6033408e+02  1.4228467e+02
3.6368055e-01    600292  1.4196997e+02  1.4178408e+02  1.2106637e+02
3.8517334e-01    712930  1.2673136e+02  1.2611602e+02  1.0426853e+02
4.0793004e-01    846715  1.1412043e+02  1.1421675e+02  9.5962426e+01
4.3202621e-01   1005596  1.0241744e+02  1.0275990e+02  8.5441712e+01
4.5754560e-01   1194719  9.1055079e+01  9.0564083e+01  7.1678908e+01
4.8457948e-01   1419743  8.1528430e+01  8.1427049e+01  6.4565741e+01
5.1321525e-01   1686576  7.3056015e+01  7.3372824e+01  5.7966919e+01
5.4354215e-01   2003484  6.5226814e+01  6.4746729e+01  4.8644939e+01
5.7565178e-01   2378778  5.8406068e+01  5.8561637e+01  4.4345787e+01
6.0966698e-01   2828400  5.2195863e+01  5.2179900e+01  3.8314464e+01
6.4568974e-01   3356890  4.6725667e+01  4.6567544e+01  3.3374386e+01
6.8383752e-01   3990317  4.2005203e+01  4.2189066e+01  2.9715380e+01
7.2424344e-01   4738457  3.7915782e+01  3.7709607e+01  2.5481998e+01
7.6703215e-01   5629661  3.4634949e+01  3.4769710e+01  2.2696065e+01
8.1235262e-01   6687903  3.2161419e+01  3.2027394e+01  1.9574483e+01
8.6035444e-01   7945758  3.0682508e+01  3.0706010e+01  1.7159695e+01
9.1118812e-01   9436555  3.0375156e+01  3.0449098e+01  1.5084187e+01
9.6501980e-01  11210320  3.1391408e+01  3.1243437e+01  1.2973802e+01
1.0220366e+00  13318613  3.4018467e+01  3.4089288e+01  1.1410935e+01
1.0824208e+00  15819192  3.8522911e+01  3.8540185e+01  9.9575338e+00
1.1463741e+00  18795348  4.5007476e+01  4.4841346e+01  8.6202322e+00
1.2141088e+00  22326034  5.2809931e+01  5.2692236e+01  7.4965412e+00
1.2858419e+00  26520842  6.0836900e+01  6.0773346e+01  6.5300487e+00
1.3618105e+00  31503438  6.7288165e+01  6.7363177e+01  5.6903438e+00
1.4422695e+00  37426927  7.0747088e+01  7.0790062e+01  4.9418782e+00
1.5275481e+00  44525830  7.1644510e+01  7.1679396e+01  4.2929532e+00
