# Power spectrum from CO𝘕CEPT job 4701056 at t = 2.6133026 Gyr, a = 0.28571429
#
# Components:
#   0: matter  (upstream grid size 1024)
#
#                           grid size 1024
# ╭────────────────────────────────────────────────────────────────╮
#                         component 0    (corrected)      (linear)
#                        σ₈ = 2.71e-01  σ₈ = 2.71e-01  σ₈ = 2.69e-01
#  k [Mpc⁻¹]    modes       P [Mpc³]       P [Mpc³]       P [Mpc³]
3.0679616e-03         3  5.8653818e+03  5.8653818e+03  5.8662638e+03
5.8212951e-03        25  8.5451631e+03  8.5879289e+03  8.5857067e+03
1.0440195e-02       124  9.8900416e+03  1.0003588e+04  1.0039509e+04
1.6729547e-02       418  8.9073128e+03  8.9887077e+03  8.9787462e+03
2.3240110e-02       730  6.8698485e+03  6.8712011e+03  6.9120414e+03
2.9075630e-02      1012  5.4343042e+03  5.4211378e+03  5.4189398e+03
3.4544381e-02      1408  4.5550821e+03  4.5444806e+03  4.5368304e+03
3.9898901e-02      1841  3.9962976e+03  3.9931315e+03  4.0171394e+03
4.5580519e-02      2698  3.5954458e+03  3.5987672e+03  3.6113924e+03
5.1612543e-02      3532  3.1334170e+03  3.1383453e+03  3.1624810e+03
5.7899473e-02      4702  2.6188035e+03  2.6193007e+03  2.6403471e+03
6.4462744e-02      6019  2.1429741e+03  2.1378842e+03  2.1415834e+03
7.1309305e-02      7766  1.7848165e+03  1.7780021e+03  1.7831840e+03
7.8556104e-02     10012  1.5882552e+03  1.5847133e+03  1.5884532e+03
8.6194331e-02     12589  1.4773502e+03  1.4792662e+03  1.4792845e+03
9.4153926e-02     15650  1.3309172e+03  1.3346252e+03  1.3376054e+03
1.0254095e-01     19757  1.1210475e+03  1.1213438e+03  1.1241842e+03
1.1136076e-01     24241  9.2219208e+02  9.1893430e+02  9.1320655e+02
1.2060245e-01     29993  7.8680509e+02  7.8416716e+02  7.7714391e+02
1.3029316e-01     36494  7.0265334e+02  7.0301766e+02  6.9894235e+02
1.4046583e-01     44825  6.2495595e+02  6.2578127e+02  6.1875713e+02
1.5111985e-01     53906  5.3863125e+02  5.3732857e+02  5.2806468e+02
1.6229170e-01     65729  4.7256974e+02  4.7124909e+02  4.6370515e+02
1.7401323e-01     78746  4.3067722e+02  4.3150286e+02  4.2575377e+02
1.8625264e-01     94374  3.8162786e+02  3.8234292e+02  3.7644735e+02
1.9902230e-01    112166  3.2379034e+02  3.2313543e+02  3.1452904e+02
2.1238854e-01    134373  2.8035078e+02  2.7954153e+02  2.6864720e+02
2.2637810e-01    159077  2.5099357e+02  2.5073228e+02  2.3977734e+02
2.4096993e-01    188172  2.2501954e+02  2.2490967e+02  2.1712626e+02
2.5621802e-01    222492  2.0259125e+02  2.0278581e+02  1.9555882e+02
2.7214102e-01    261771  1.7888256e+02  1.7906479e+02  1.7142562e+02
2.8873063e-01    306759  1.5554710e+02  1.5519631e+02  1.4528052e+02
3.0605468e-01    360898  1.3786719e+02  1.3737884e+02  1.2698032e+02
3.2421519e-01    425046  1.2523254e+02  1.2529664e+02  1.1714889e+02
3.4337900e-01    505555  1.1199869e+02  1.1228504e+02  1.0574677e+02
3.6368055e-01    600292  9.8488942e+01  9.8359982e+01  8.9977218e+01
3.8517334e-01    712930  8.7175291e+01  8.6752015e+01  7.7492974e+01
4.0793004e-01    846715  7.8293082e+01  7.8359167e+01  7.1319830e+01
4.3202621e-01   1005596  6.9864764e+01  7.0098373e+01  6.3500778e+01
4.5754560e-01   1194719  6.1407556e+01  6.1076428e+01  5.3272185e+01
4.8457948e-01   1419743  5.4629842e+01  5.4561910e+01  4.7985640e+01
5.1321525e-01   1686576  4.8586465e+01  4.8797161e+01  4.3081359e+01
5.4354215e-01   2003484  4.2916637e+01  4.2600760e+01  3.6153209e+01
5.7565178e-01   2378778  3.8060619e+01  3.8161996e+01  3.2958055e+01
6.0966698e-01   2828400  3.3658023e+01  3.3647729e+01  2.8475541e+01
6.4568974e-01   3356890  2.9779158e+01  2.9678384e+01  2.4804046e+01
6.8383752e-01   3990317  2.6428396e+01  2.6544077e+01  2.2084651e+01
7.2424344e-01   4738457  2.3529273e+01  2.3401328e+01  1.8938377e+01
7.6703215e-01   5629661  2.1201434e+01  2.1283927e+01  1.6867855e+01
8.1235262e-01   6687903  1.9450780e+01  1.9369723e+01  1.4547876e+01
8.6035444e-01   7945758  1.8463767e+01  1.8477910e+01  1.2753192e+01
9.1118812e-01   9436555  1.8372513e+01  1.8417237e+01  1.1210662e+01
9.6501980e-01  11210320  1.9315462e+01  1.9224413e+01  9.6422110e+00
1.0220366e+00  13318613  2.1627922e+01  2.1672948e+01  8.4806790e+00
1.0824208e+00  15819192  2.5719648e+01  2.5731181e+01  7.4005024e+00
1.1463741e+00  18795348  3.2090888e+01  3.1972435e+01  6.4066117e+00
1.2141088e+00  22326034  4.0792513e+01  4.0701601e+01  5.5714777e+00
1.2858419e+00  26520842  5.1432226e+01  5.1378496e+01  4.8531746e+00
1.3618105e+00  31503438  6.2003493e+01  6.2072613e+01  4.2291008e+00
1.4422695e+00  37426927  6.9078459e+01  6.9120419e+01  3.6728367e+00
1.5275481e+00  44525830  7.0968877e+01  7.1003433e+01  3.1905516e+00
