# Power spectrum from CO𝘕CEPT job 4701056 at t = 4.0358434 Gyr, a = 0.38461538
#
# Components:
#   0: matter  (upstream grid size 1024)
#
#                           grid size 1024
# ╭────────────────────────────────────────────────────────────────╮
#                         component 0    (corrected)      (linear)
#                        σ₈ = 3.64e-01  σ₈ = 3.64e-01  σ₈ = 3.57e-01
#  k [Mpc⁻¹]    modes       P [Mpc³]       P [Mpc³]       P [Mpc³]
3.0679616e-03         3  1.0355240e+04  1.0355240e+04  1.0355954e+04
5.8212951e-03        25  1.5083051e+04  1.5158536e+04  1.5152294e+04
1.0440195e-02       124  1.7428200e+04  1.7628291e+04  1.7712633e+04
1.6729547e-02       418  1.5715589e+04  1.5859198e+04  1.5838010e+04
2.3240110e-02       730  1.2090376e+04  1.2092757e+04  1.2191155e+04
2.9075630e-02      1012  9.5842064e+03  9.5609854e+03  9.5571635e+03
3.4544381e-02      1408  8.0381742e+03  8.0194662e+03  8.0011600e+03
3.9898901e-02      1841  7.0340704e+03  7.0284976e+03  7.0844763e+03
4.5580519e-02      2698  6.3351927e+03  6.3410449e+03  6.3688104e+03
5.1612543e-02      3532  5.5144697e+03  5.5231431e+03  5.5770696e+03
5.7899473e-02      4702  4.6110116e+03  4.6118871e+03  4.6562360e+03
6.4462744e-02      6019  3.7878189e+03  3.7788222e+03  3.7766410e+03
7.1309305e-02      7766  3.1585631e+03  3.1465038e+03  3.1445921e+03
7.8556104e-02     10012  2.8136255e+03  2.8073509e+03  2.8011769e+03
8.6194331e-02     12589  2.6186639e+03  2.6220601e+03  2.6086523e+03
9.4153926e-02     15650  2.3592578e+03  2.3658308e+03  2.3588003e+03
1.0254095e-01     19757  1.9935341e+03  1.9940609e+03  1.9824377e+03
1.1136076e-01     24241  1.6524089e+03  1.6465715e+03  1.6103866e+03
1.2060245e-01     29993  1.4161392e+03  1.4113913e+03  1.3704458e+03
1.3029316e-01     36494  1.2654772e+03  1.2661334e+03  1.2325403e+03
1.4046583e-01     44825  1.1294774e+03  1.1309690e+03  1.0911375e+03
1.5111985e-01     53906  9.8097019e+02  9.7859773e+02  9.3120635e+02
1.6229170e-01     65729  8.6383208e+02  8.6141801e+02  8.1771195e+02
1.7401323e-01     78746  7.8760730e+02  7.8911721e+02  7.5078678e+02
1.8625264e-01     94374  7.0125903e+02  7.0257298e+02  6.6383796e+02
1.9902230e-01    112166  6.0214126e+02  6.0092336e+02  5.5464915e+02
2.1238854e-01    134373  5.2735675e+02  5.2583451e+02  4.7373962e+02
2.2637810e-01    159077  4.7484502e+02  4.7435071e+02  4.2282959e+02
2.4096993e-01    188172  4.2705728e+02  4.2684876e+02  3.8288595e+02
2.5621802e-01    222492  3.8667623e+02  3.8704758e+02  3.4485327e+02
2.7214102e-01    261771  3.4476479e+02  3.4511601e+02  3.0229611e+02
2.8873063e-01    306759  3.0486687e+02  3.0417934e+02  2.5619113e+02
3.0605468e-01    360898  2.7308176e+02  2.7211446e+02  2.2392008e+02
3.2421519e-01    425046  2.4915279e+02  2.4928031e+02  2.0658308e+02
3.4337900e-01    505555  2.2435825e+02  2.2493188e+02  1.8647627e+02
3.6368055e-01    600292  2.0099162e+02  2.0072845e+02  1.5866786e+02
3.8517334e-01    712930  1.8092175e+02  1.8004329e+02  1.3665285e+02
4.0793004e-01    846715  1.6354967e+02  1.6368771e+02  1.2576697e+02
4.3202621e-01   1005596  1.4769266e+02  1.4818651e+02  1.1197867e+02
4.5754560e-01   1194719  1.3270069e+02  1.3198513e+02  9.3941333e+01
4.8457948e-01   1419743  1.1969313e+02  1.1954429e+02  8.4618915e+01
5.1321525e-01   1686576  1.0812385e+02  1.0859273e+02  7.5970593e+01
5.4354215e-01   2003484  9.7509855e+01  9.6792159e+01  6.3753340e+01
5.7565178e-01   2378778  8.8157937e+01  8.8392751e+01  5.8118932e+01
6.0966698e-01   2828400  7.9634170e+01  7.9609815e+01  5.0214368e+01
6.4568974e-01   3356890  7.2086863e+01  7.1842916e+01  4.3739973e+01
6.8383752e-01   3990317  6.5595480e+01  6.5882601e+01  3.8944533e+01
7.2424344e-01   4738457  5.9934895e+01  5.9608987e+01  3.3396324e+01
7.6703215e-01   5629661  5.5387461e+01  5.5602968e+01  2.9745122e+01
8.1235262e-01   6687903  5.1934658e+01  5.1718234e+01  2.5654022e+01
8.6035444e-01   7945758  4.9724590e+01  4.9762678e+01  2.2489236e+01
9.1118812e-01   9436555  4.8975169e+01  4.9094389e+01  1.9769107e+01
9.6501980e-01  11210320  4.9791609e+01  4.9556903e+01  1.7003267e+01
1.0220366e+00  13318613  5.2291205e+01  5.2400067e+01  1.4954997e+01
1.0824208e+00  15819192  5.6482599e+01  5.6507926e+01  1.3050191e+01
1.1463741e+00  18795348  6.2003517e+01  6.1774651e+01  1.1297543e+01
1.2141088e+00  22326034  6.7819750e+01  6.7668604e+01  9.8248505e+00
1.2858419e+00  26520842  7.2835207e+01  7.2759118e+01  8.5581799e+00
1.3618105e+00  31503438  7.6164459e+01  7.6249365e+01  7.4576752e+00
1.4422695e+00  37426927  7.7627997e+01  7.7675151e+01  6.4767475e+00
1.5275481e+00  44525830  7.7901964e+01  7.7939896e+01  5.6262761e+00
