# Power spectrum from CO𝘕CEPT job 4701056 at t = 2.4071778 Gyr, a = 0.27027027
#
# Components:
#   0: matter  (upstream grid size 1024)
#
#                           grid size 1024
# ╭────────────────────────────────────────────────────────────────╮
#                         component 0    (corrected)      (linear)
#                        σ₈ = 2.56e-01  σ₈ = 2.56e-01  σ₈ = 2.55e-01
#  k [Mpc⁻¹]    modes       P [Mpc³]       P [Mpc³]       P [Mpc³]
3.0679616e-03         3  5.2641229e+03  5.2641229e+03  5.2647514e+03
5.8212951e-03        25  7.6695330e+03  7.7079166e+03  7.7057889e+03
1.0440195e-02       124  8.8789728e+03  8.9809116e+03  9.0111225e+03
1.6729547e-02       418  7.9950969e+03  8.0681560e+03  8.0593023e+03
2.3240110e-02       730  6.1687513e+03  6.1699658e+03  6.2043486e+03
2.9075630e-02      1012  4.8780395e+03  4.8662207e+03  4.8641648e+03
3.4544381e-02      1408  4.0884404e+03  4.0789250e+03  4.0723857e+03
3.9898901e-02      1841  3.5883651e+03  3.5855221e+03  3.6059099e+03
4.5580519e-02      2698  3.2278857e+03  3.2308676e+03  3.2417076e+03
5.1612543e-02      3532  2.8136238e+03  2.8180492e+03  2.8387555e+03
5.7899473e-02      4702  2.3513904e+03  2.3518369e+03  2.3700733e+03
6.4462744e-02      6019  1.9230681e+03  1.9185005e+03  1.9223669e+03
7.1309305e-02      7766  1.6014458e+03  1.5953316e+03  1.6006554e+03
7.8556104e-02     10012  1.4248709e+03  1.4216933e+03  1.4258585e+03
8.6194331e-02     12589  1.3252043e+03  1.3269230e+03  1.3278652e+03
9.4153926e-02     15650  1.1938424e+03  1.1971685e+03  1.2006890e+03
1.0254095e-01     19757  1.0051930e+03  1.0054586e+03  1.0091139e+03
1.1136076e-01     24241  8.2602060e+02  8.2310256e+02  8.1973194e+02
1.2060245e-01     29993  7.0431976e+02  7.0195838e+02  6.9759669e+02
1.3029316e-01     36494  6.2895955e+02  6.2928566e+02  6.2739985e+02
1.4046583e-01     44825  5.5908244e+02  5.5982077e+02  5.5542236e+02
1.5111985e-01     53906  4.8135918e+02  4.8019502e+02  4.7401309e+02
1.6229170e-01     65729  4.2211929e+02  4.2093963e+02  4.1624132e+02
1.7401323e-01     78746  3.8467994e+02  3.8541741e+02  3.8217461e+02
1.8625264e-01     94374  3.4064128e+02  3.4127955e+02  3.3791511e+02
1.9902230e-01    112166  2.8851274e+02  2.8792919e+02  2.8233463e+02
2.1238854e-01    134373  2.4937068e+02  2.4865086e+02  2.4114916e+02
2.2637810e-01    159077  2.2307673e+02  2.2284451e+02  2.1523436e+02
2.4096993e-01    188172  1.9992846e+02  1.9983084e+02  1.9490180e+02
2.5621802e-01    222492  1.7985850e+02  1.8003123e+02  1.7554195e+02
2.7214102e-01    261771  1.5859133e+02  1.5875289e+02  1.5387897e+02
2.8873063e-01    306759  1.3752494e+02  1.3721480e+02  1.3041001e+02
3.0605468e-01    360898  1.2169084e+02  1.2125979e+02  1.1398297e+02
3.2421519e-01    425046  1.1049302e+02  1.1054957e+02  1.0515787e+02
3.4337900e-01    505555  9.8741676e+01  9.8994136e+01  9.4922831e+01
3.6368055e-01    600292  8.6553490e+01  8.6440158e+01  8.0767410e+01
3.8517334e-01    712930  7.6394128e+01  7.6023199e+01  6.9561019e+01
4.0793004e-01    846715  6.8569201e+01  6.8627078e+01  6.4019742e+01
4.3202621e-01   1005596  6.1079237e+01  6.1283470e+01  5.7001026e+01
4.5754560e-01   1194719  5.3472482e+01  5.3184143e+01  4.7819402e+01
4.8457948e-01   1419743  4.7481086e+01  4.7422043e+01  4.3073973e+01
5.1321525e-01   1686576  4.2130913e+01  4.2313615e+01  3.8671680e+01
5.4354215e-01   2003484  3.7072797e+01  3.6799932e+01  3.2452676e+01
5.7565178e-01   2378778  3.2778626e+01  3.2865934e+01  2.9584568e+01
6.0966698e-01   2828400  2.8887111e+01  2.8878276e+01  2.5560871e+01
6.4568974e-01   3356890  2.5454550e+01  2.5368410e+01  2.2265179e+01
6.8383752e-01   3990317  2.2493981e+01  2.2592441e+01  1.9824134e+01
7.2424344e-01   4738457  1.9928288e+01  1.9819924e+01  1.6999902e+01
7.6703215e-01   5629661  1.7865909e+01  1.7935423e+01  1.5141314e+01
8.1235262e-01   6687903  1.6315903e+01  1.6247910e+01  1.3058801e+01
8.6035444e-01   7945758  1.5457801e+01  1.5469642e+01  1.1447815e+01
9.1118812e-01   9436555  1.5409833e+01  1.5447345e+01  1.0063174e+01
9.6501980e-01  11210320  1.6298772e+01  1.6221943e+01  8.6552645e+00
1.0220366e+00  13318613  1.8453757e+01  1.8492175e+01  7.6126234e+00
1.0824208e+00  15819192  2.2300213e+01  2.2310213e+01  6.6430104e+00
1.1463741e+00  18795348  2.8425831e+01  2.8320907e+01  5.7508514e+00
1.2141088e+00  22326034  3.7130659e+01  3.7047908e+01  5.0011992e+00
1.2858419e+00  26520842  4.8411084e+01  4.8360511e+01  4.3564194e+00
1.3618105e+00  31503438  6.0524782e+01  6.0592254e+01  3.7962239e+00
1.4422695e+00  37426927  6.9471163e+01  6.9513362e+01  3.2968972e+00
1.5275481e+00  44525830  7.2107709e+01  7.2142821e+01  2.8639773e+00
