# Power spectrum from CO𝘕CEPT job 4701056 at t = 4.270349 Gyr, a = 0.4
#
# Components:
#   0: matter  (upstream grid size 1024)
#
#                           grid size 1024
# ╭────────────────────────────────────────────────────────────────╮
#                         component 0    (corrected)      (linear)
#                        σ₈ = 3.79e-01  σ₈ = 3.79e-01  σ₈ = 3.70e-01
#  k [Mpc⁻¹]    modes       P [Mpc³]       P [Mpc³]       P [Mpc³]
3.0679616e-03         3  1.1142094e+04  1.1142094e+04  1.1141867e+04
5.8212951e-03        25  1.6228700e+04  1.6309920e+04  1.6301607e+04
1.0440195e-02       124  1.8747354e+04  1.8962591e+04  1.9055416e+04
1.6729547e-02       418  1.6908104e+04  1.7062610e+04  1.7038223e+04
2.3240110e-02       730  1.3002820e+04  1.3005380e+04  1.3114812e+04
2.9075630e-02      1012  1.0310759e+04  1.0285778e+04  1.0281178e+04
3.4544381e-02      1408  8.6482645e+03  8.6281366e+03  8.6072572e+03
3.9898901e-02      1841  7.5650098e+03  7.5590163e+03  7.6211093e+03
4.5580519e-02      2698  6.8144541e+03  6.8207490e+03  6.8512169e+03
5.1612543e-02      3532  5.9305436e+03  5.9398714e+03  5.9994945e+03
5.7899473e-02      4702  4.9593416e+03  4.9602832e+03  5.0089068e+03
6.4462744e-02      6019  4.0765263e+03  4.0668439e+03  4.0626854e+03
7.1309305e-02      7766  3.4000962e+03  3.3871147e+03  3.3827619e+03
7.8556104e-02     10012  3.0292989e+03  3.0225432e+03  3.0133346e+03
8.6194331e-02     12589  2.8195319e+03  2.8231887e+03  2.8062268e+03
9.4153926e-02     15650  2.5402374e+03  2.5473146e+03  2.5374503e+03
1.0254095e-01     19757  2.1476881e+03  2.1482557e+03  2.1325820e+03
1.1136076e-01     24241  1.7824678e+03  1.7761709e+03  1.7323524e+03
1.2060245e-01     29993  1.5287483e+03  1.5236229e+03  1.4742387e+03
1.3029316e-01     36494  1.3663005e+03  1.3670089e+03  1.3258885e+03
1.4046583e-01     44825  1.2200437e+03  1.2216549e+03  1.1737761e+03
1.5111985e-01     53906  1.0610244e+03  1.0584583e+03  1.0017322e+03
1.6229170e-01     65729  9.3492131e+02  9.3230858e+02  8.7964210e+02
1.7401323e-01     78746  8.5249961e+02  8.5413393e+02  8.0764821e+02
1.8625264e-01     94374  7.5963659e+02  7.6105993e+02  7.1411418e+02
1.9902230e-01    112166  6.5351153e+02  6.5218973e+02  5.9665583e+02
2.1238854e-01    134373  5.7333546e+02  5.7168050e+02  5.0961854e+02
2.2637810e-01    159077  5.1673544e+02  5.1619751e+02  4.5485278e+02
2.4096993e-01    188172  4.6502304e+02  4.6479598e+02  4.1188397e+02
2.5621802e-01    222492  4.2143490e+02  4.2183964e+02  3.7097085e+02
2.7214102e-01    261771  3.7636095e+02  3.7674436e+02  3.2519059e+02
2.8873063e-01    306759  3.3359187e+02  3.3283956e+02  2.7559384e+02
3.0605468e-01    360898  2.9928638e+02  2.9822626e+02  2.4087872e+02
3.2421519e-01    425046  2.7329430e+02  2.7343418e+02  2.2222869e+02
3.4337900e-01    505555  2.4641649e+02  2.4704652e+02  2.0059908e+02
3.6368055e-01    600292  2.2130070e+02  2.2101094e+02  1.7068460e+02
3.8517334e-01    712930  1.9966317e+02  1.9869371e+02  1.4700227e+02
4.0793004e-01    846715  1.8072717e+02  1.8087971e+02  1.3529195e+02
4.3202621e-01   1005596  1.6350409e+02  1.6405080e+02  1.2045938e+02
4.5754560e-01   1194719  1.4731683e+02  1.4652245e+02  1.0105599e+02
4.8457948e-01   1419743  1.3316500e+02  1.3299941e+02  9.1027534e+01
5.1321525e-01   1686576  1.2057319e+02  1.2109605e+02  8.1724230e+01
5.4354215e-01   2003484  1.0903746e+02  1.0823492e+02  6.8581702e+01
5.7565178e-01   2378778  9.8835328e+01  9.9098582e+01  6.2520571e+01
6.0966698e-01   2828400  8.9551427e+01  8.9524038e+01  5.4017353e+01
6.4568974e-01   3356890  8.1310762e+01  8.1035600e+01  4.7052620e+01
6.8383752e-01   3990317  7.4223269e+01  7.4548155e+01  4.1893996e+01
7.2424344e-01   4738457  6.8032714e+01  6.7662772e+01  3.5925594e+01
7.6703215e-01   5629661  6.3052623e+01  6.3297954e+01  3.1997868e+01
8.1235262e-01   6687903  5.9256851e+01  5.9009913e+01  2.7596928e+01
8.6035444e-01   7945758  5.6777815e+01  5.6821306e+01  2.4192457e+01
9.1118812e-01   9436555  5.5833860e+01  5.5969776e+01  2.1266319e+01
9.6501980e-01  11210320  5.6510581e+01  5.6244203e+01  1.8291008e+01
1.0220366e+00  13318613  5.8848181e+01  5.8970694e+01  1.6087612e+01
1.0824208e+00  15819192  6.2776698e+01  6.2804847e+01  1.4038545e+01
1.1463741e+00  18795348  6.7822367e+01  6.7572023e+01  1.2153161e+01
1.2141088e+00  22326034  7.2933252e+01  7.2770710e+01  1.0568934e+01
1.2858419e+00  26520842  7.7098256e+01  7.7017714e+01  9.2063322e+00
1.3618105e+00  31503438  7.9682086e+01  7.9770914e+01  8.0224809e+00
1.4422695e+00  37426927  8.0679250e+01  8.0728257e+01  6.9672626e+00
1.5275481e+00  44525830  8.0718688e+01  8.0757993e+01  6.0523808e+00
