# Power spectrum from CO𝘕CEPT job 4701056 at t = 4.8106637 Gyr, a = 0.43478261
#
# Components:
#   0: matter  (upstream grid size 1024)
#
#                           grid size 1024
# ╭────────────────────────────────────────────────────────────────╮
#                         component 0    (corrected)      (linear)
#                        σ₈ = 4.11e-01  σ₈ = 4.11e-01  σ₈ = 4.00e-01
#  k [Mpc⁻¹]    modes       P [Mpc³]       P [Mpc³]       P [Mpc³]
3.0679616e-03         3  1.2994372e+04  1.2994372e+04  1.2990475e+04
5.8212951e-03        25  1.8925483e+04  1.9020199e+04  1.9004863e+04
1.0440195e-02       124  2.1850681e+04  2.2101546e+04  2.2213542e+04
1.6729547e-02       418  1.9714577e+04  1.9894729e+04  1.9860897e+04
2.3240110e-02       730  1.5148088e+04  1.5151070e+04  1.5287018e+04
2.9075630e-02      1012  1.2020225e+04  1.1991102e+04  1.1983848e+04
3.4544381e-02      1408  1.0083994e+04  1.0060525e+04  1.0032606e+04
3.9898901e-02      1841  8.8132662e+03  8.8062837e+03  8.8830916e+03
4.5580519e-02      2698  7.9416271e+03  7.9489633e+03  7.9856702e+03
5.1612543e-02      3532  6.9086246e+03  6.9194908e+03  6.9928875e+03
5.7899473e-02      4702  5.7784066e+03  5.7795037e+03  5.8382607e+03
6.4462744e-02      6019  4.7566127e+03  4.7453150e+03  4.7353564e+03
7.1309305e-02      7766  3.9695498e+03  3.9543942e+03  3.9428484e+03
7.8556104e-02     10012  3.5380327e+03  3.5301425e+03  3.5122493e+03
8.6194331e-02     12589  3.2932736e+03  3.2975447e+03  3.2708467e+03
9.4153926e-02     15650  2.9670371e+03  2.9753035e+03  2.9575666e+03
1.0254095e-01     19757  2.5119237e+03  2.5125875e+03  2.4856637e+03
1.1136076e-01     24241  2.0909452e+03  2.0835586e+03  2.0191685e+03
1.2060245e-01     29993  1.7964060e+03  1.7903832e+03  1.7183194e+03
1.3029316e-01     36494  1.6060919e+03  1.6069247e+03  1.5454070e+03
1.4046583e-01     44825  1.4355867e+03  1.4374825e+03  1.3681098e+03
1.5111985e-01     53906  1.2522784e+03  1.2492498e+03  1.1675815e+03
1.6229170e-01     65729  1.1050699e+03  1.1019817e+03  1.0252775e+03
1.7401323e-01     78746  1.0078730e+03  1.0098052e+03  9.4136391e+02
1.8625264e-01     94374  8.9969833e+02  9.0138411e+02  8.3234404e+02
1.9902230e-01    112166  7.7732474e+02  7.7575250e+02  6.9543898e+02
2.1238854e-01    134373  6.8453542e+02  6.8255948e+02  5.9399158e+02
2.2637810e-01    159077  6.1829855e+02  6.1765490e+02  5.3015866e+02
2.4096993e-01    188172  5.5725963e+02  5.5698753e+02  4.8007584e+02
2.5621802e-01    222492  5.0604834e+02  5.0653434e+02  4.3238907e+02
2.7214102e-01    261771  4.5358641e+02  4.5404849e+02  3.7902936e+02
2.8873063e-01    306759  4.0405764e+02  4.0314642e+02  3.2122131e+02
3.0605468e-01    360898  3.6377773e+02  3.6248918e+02  2.8075872e+02
3.2421519e-01    425046  3.3283960e+02  3.3300996e+02  2.5902096e+02
3.4337900e-01    505555  3.0102564e+02  3.0179529e+02  2.3381034e+02
3.6368055e-01    600292  2.7174384e+02  2.7138802e+02  1.9894319e+02
3.8517334e-01    712930  2.4637204e+02  2.4517579e+02  1.7134000e+02
4.0793004e-01    846715  2.2370242e+02  2.2389124e+02  1.5769091e+02
4.3202621e-01   1005596  2.0319776e+02  2.0387721e+02  1.4040266e+02
4.5754560e-01   1194719  1.8412108e+02  1.8312825e+02  1.1778683e+02
4.8457948e-01   1419743  1.6721805e+02  1.6701011e+02  1.0609806e+02
5.1321525e-01   1686576  1.5215889e+02  1.5281873e+02  9.5254496e+01
5.4354215e-01   2003484  1.3840716e+02  1.3738845e+02  7.9936088e+01
5.7565178e-01   2378778  1.2612404e+02  1.2645998e+02  7.2871475e+01
6.0966698e-01   2828400  1.1501958e+02  1.1498440e+02  6.2960463e+01
6.4568974e-01   3356890  1.0509763e+02  1.0474197e+02  5.4842648e+01
6.8383752e-01   3990317  9.6539734e+01  9.6962302e+01  4.8829962e+01
7.2424344e-01   4738457  8.9062558e+01  8.8578262e+01  4.1873430e+01
7.6703215e-01   5629661  8.3000269e+01  8.3323214e+01  3.7295430e+01
8.1235262e-01   6687903  7.8328090e+01  7.8001678e+01  3.2165870e+01
8.6035444e-01   7945758  7.5139543e+01  7.5197099e+01  2.8197755e+01
9.1118812e-01   9436555  7.3619960e+01  7.3799173e+01  2.4787165e+01
9.6501980e-01  11210320  7.3803638e+01  7.3455745e+01  2.1319262e+01
1.0220366e+00  13318613  7.5540287e+01  7.5697550e+01  1.8751072e+01
1.0824208e+00  15819192  7.8598452e+01  7.8633695e+01  1.6362762e+01
1.1463741e+00  18795348  8.2330255e+01  8.2026360e+01  1.4165234e+01
1.2141088e+00  22326034  8.5758626e+01  8.5567500e+01  1.2318723e+01
1.2858419e+00  26520842  8.8114905e+01  8.8022855e+01  1.0730529e+01
1.3618105e+00  31503438  8.9185604e+01  8.9285026e+01  9.3506789e+00
1.4422695e+00  37426927  8.9142793e+01  8.9196941e+01  8.1207589e+00
1.5275481e+00  44525830  8.8509795e+01  8.8552893e+01  7.0544094e+00
