# Power spectrum from CO𝘕CEPT job 4701056 at t = 3.6249528 Gyr, a = 0.35714286
#
# Components:
#   0: matter  (upstream grid size 1024)
#
#                           grid size 1024
# ╭────────────────────────────────────────────────────────────────╮
#                         component 0    (corrected)      (linear)
#                        σ₈ = 3.38e-01  σ₈ = 3.38e-01  σ₈ = 3.33e-01
#  k [Mpc⁻¹]    modes       P [Mpc³]       P [Mpc³]       P [Mpc³]
3.0679616e-03         3  9.0049631e+03  9.0049631e+03  9.0065149e+03
5.8212951e-03        25  1.3116982e+04  1.3182628e+04  1.3178790e+04
1.0440195e-02       124  1.5163210e+04  1.5337297e+04  1.5406796e+04
1.6729547e-02       418  1.3668731e+04  1.3793635e+04  1.3776905e+04
2.3240110e-02       730  1.0522941e+04  1.0525012e+04  1.0604932e+04
2.9075630e-02      1012  8.3369007e+03  8.3167017e+03  8.3137753e+03
3.4544381e-02      1408  6.9909854e+03  6.9747147e+03  6.9602684e+03
3.9898901e-02      1841  6.1219848e+03  6.1171345e+03  6.1628744e+03
4.5580519e-02      2698  5.5121487e+03  5.5172406e+03  5.5403323e+03
5.1612543e-02      3532  4.7996431e+03  4.8071921e+03  4.8516005e+03
5.7899473e-02      4702  4.0127111e+03  4.0134730e+03  4.0505600e+03
6.4462744e-02      6019  3.2926748e+03  3.2848542e+03  3.2853880e+03
7.1309305e-02      7766  2.7446133e+03  2.7341345e+03  2.7355582e+03
7.8556104e-02     10012  2.4441473e+03  2.4386966e+03  2.4368160e+03
8.6194331e-02     12589  2.2745241e+03  2.2774740e+03  2.2693362e+03
9.4153926e-02     15650  2.0491817e+03  2.0548908e+03  2.0519850e+03
1.0254095e-01     19757  1.7298345e+03  1.7302917e+03  1.7245780e+03
1.1136076e-01     24241  1.4306341e+03  1.4255801e+03  1.4009212e+03
1.2060245e-01     29993  1.2244650e+03  1.2203598e+03  1.1921903e+03
1.3029316e-01     36494  1.0939470e+03  1.0945142e+03  1.0722229e+03
1.4046583e-01     44825  9.7550376e+02  9.7679202e+02  9.4921269e+02
1.5111985e-01     53906  8.4530628e+02  8.4326192e+02  8.1008410e+02
1.6229170e-01     65729  7.4354718e+02  7.4146926e+02  7.1135213e+02
1.7401323e-01     78746  6.7783723e+02  6.7913671e+02  6.5313204e+02
1.8625264e-01     94374  6.0268362e+02  6.0381288e+02  5.7749274e+02
1.9902230e-01    112166  5.1574302e+02  5.1469986e+02  4.8250616e+02
2.1238854e-01    134373  4.5026927e+02  4.4896955e+02  4.1212056e+02
2.2637810e-01    159077  4.0475933e+02  4.0433797e+02  3.6783240e+02
2.4096993e-01    188172  3.6364451e+02  3.6346695e+02  3.3308424e+02
2.5621802e-01    222492  3.2872457e+02  3.2904027e+02  2.9999847e+02
2.7214102e-01    261771  2.9226740e+02  2.9256514e+02  2.6297670e+02
2.8873063e-01    306759  2.5730613e+02  2.5672587e+02  2.2286858e+02
3.0605468e-01    360898  2.2981689e+02  2.2900284e+02  1.9479501e+02
3.2421519e-01    425046  2.0937449e+02  2.0948166e+02  1.7971302e+02
3.4337900e-01    505555  1.8812533e+02  1.8860632e+02  1.6222149e+02
3.6368055e-01    600292  1.6773810e+02  1.6751846e+02  1.3803010e+02
3.8517334e-01    712930  1.5033304e+02  1.4960311e+02  1.1887856e+02
4.0793004e-01    846715  1.3560247e+02  1.3571693e+02  1.0940860e+02
4.3202621e-01   1005596  1.2204918e+02  1.2245728e+02  9.7413732e+01
4.5754560e-01   1194719  1.0906858e+02  1.0848045e+02  8.1722494e+01
4.8457948e-01   1419743  9.7990694e+01  9.7868842e+01  7.3612634e+01
5.1321525e-01   1686576  8.8141049e+01  8.8523274e+01  6.6089190e+01
5.4354215e-01   2003484  7.9076227e+01  7.8494207e+01  5.5461022e+01
5.7565178e-01   2378778  7.1136351e+01  7.1325827e+01  5.0559475e+01
6.0966698e-01   2828400  6.3896713e+01  6.3877171e+01  4.3683049e+01
6.4568974e-01   3356890  5.7507803e+01  5.7313193e+01  3.8050771e+01
6.8383752e-01   3990317  5.2005174e+01  5.2232808e+01  3.3879068e+01
7.2424344e-01   4738457  4.7224337e+01  4.6967544e+01  2.9052508e+01
7.6703215e-01   5629661  4.3387800e+01  4.3556618e+01  2.5876214e+01
8.1235262e-01   6687903  4.0488539e+01  4.0319813e+01  2.2317238e+01
8.6035444e-01   7945758  3.8699741e+01  3.8729385e+01  1.9564092e+01
9.1118812e-01   9436555  3.8220720e+01  3.8313761e+01  1.7197766e+01
9.6501980e-01  11210320  3.9190018e+01  3.9005286e+01  1.4791676e+01
1.0220366e+00  13318613  4.1831261e+01  4.1918347e+01  1.3009822e+01
1.0824208e+00  15819192  4.6297884e+01  4.6318644e+01  1.1352771e+01
1.1463741e+00  18795348  5.2465110e+01  5.2271452e+01  9.8280884e+00
1.2141088e+00  22326034  5.9434658e+01  5.9302199e+01  8.5469469e+00
1.2858419e+00  26520842  6.6041706e+01  6.5972714e+01  7.4450305e+00
1.3618105e+00  31503438  7.0895138e+01  7.0974170e+01  6.4876671e+00
1.4422695e+00  37426927  7.3297045e+01  7.3341568e+01  5.6343273e+00
1.5275481e+00  44525830  7.3921770e+01  7.3957764e+01  4.8944756e+00
