# Power spectrum from CO𝘕CEPT job 4701056 at t = 7.9068012 Gyr, a = 0.625
#
# Components:
#   0: matter  (upstream grid size 1024)
#
#                           grid size 1024
# ╭────────────────────────────────────────────────────────────────╮
#                         component 0    (corrected)      (linear)
#                        σ₈ = 5.76e-01  σ₈ = 5.76e-01  σ₈ = 5.45e-01
#  k [Mpc⁻¹]    modes       P [Mpc³]       P [Mpc³]       P [Mpc³]
3.0679616e-03         3  2.4202215e+04  2.4202215e+04  2.4192244e+04
5.8212951e-03        25  3.5240021e+04  3.5416386e+04  3.5382601e+04
1.0440195e-02       124  4.0575830e+04  4.1041677e+04  4.1343163e+04
1.6729547e-02       418  3.6672836e+04  3.7007952e+04  3.6955471e+04
2.3240110e-02       730  2.8056557e+04  2.8062081e+04  2.8440792e+04
2.9075630e-02      1012  2.2336861e+04  2.2282742e+04  2.2293716e+04
3.4544381e-02      1408  1.8755180e+04  1.8711529e+04  1.8662918e+04
3.9898901e-02      1841  1.6321246e+04  1.6308315e+04  1.6524029e+04
4.5580519e-02      2698  1.4731131e+04  1.4744740e+04  1.4854308e+04
5.1612543e-02      3532  1.2787192e+04  1.2807304e+04  1.3007362e+04
5.7899473e-02      4702  1.0707674e+04  1.0709707e+04  1.0859497e+04
6.4462744e-02      6019  8.8820895e+03  8.8609931e+03  8.8079297e+03
7.1309305e-02      7766  7.4387935e+03  7.4103924e+03  7.3337691e+03
7.8556104e-02     10012  6.6442781e+03  6.6294607e+03  6.5327980e+03
8.6194331e-02     12589  6.1820223e+03  6.1900399e+03  6.0837512e+03
9.4153926e-02     15650  5.5674258e+03  5.5829369e+03  5.5010252e+03
1.0254095e-01     19757  4.7512042e+03  4.7524599e+03  4.6232746e+03
1.1136076e-01     24241  4.0200219e+03  4.0058206e+03  3.7555918e+03
1.2060245e-01     29993  3.4858622e+03  3.4741752e+03  3.1960126e+03
1.3029316e-01     36494  3.1245537e+03  3.1261737e+03  2.8743950e+03
1.4046583e-01     44825  2.8027814e+03  2.8064827e+03  2.5446242e+03
1.5111985e-01     53906  2.4855768e+03  2.4795654e+03  2.1716466e+03
1.6229170e-01     65729  2.2112035e+03  2.2050241e+03  1.9069652e+03
1.7401323e-01     78746  2.0203907e+03  2.0242640e+03  1.7508879e+03
1.8625264e-01     94374  1.8199149e+03  1.8233249e+03  1.5481150e+03
1.9902230e-01    112166  1.6063326e+03  1.6030836e+03  1.2934778e+03
2.1238854e-01    134373  1.4376265e+03  1.4334767e+03  1.1047904e+03
2.2637810e-01    159077  1.3135784e+03  1.3122110e+03  9.8606419e+02
2.4096993e-01    188172  1.1949619e+03  1.1943784e+03  8.9291254e+02
2.5621802e-01    222492  1.0953135e+03  1.0963654e+03  8.0421757e+02
2.7214102e-01    261771  1.0004277e+03  1.0014469e+03  7.0497141e+02
2.8873063e-01    306759  9.0930761e+02  9.0725697e+02  5.9745174e+02
3.0605468e-01    360898  8.3277881e+02  8.2982898e+02  5.2219365e+02
3.2421519e-01    425046  7.6889602e+02  7.6928957e+02  4.8176263e+02
3.4337900e-01    505555  7.0716221e+02  7.0897026e+02  4.3487235e+02
3.6368055e-01    600292  6.5106993e+02  6.5021743e+02  3.7002158e+02
3.8517334e-01    712930  6.0148167e+02  5.9856120e+02  3.1868134e+02
4.0793004e-01    846715  5.5595647e+02  5.5642573e+02  2.9329485e+02
4.3202621e-01   1005596  5.1382925e+02  5.1554736e+02  2.6113978e+02
4.5754560e-01   1194719  4.7541663e+02  4.7285304e+02  2.1907578e+02
4.8457948e-01   1419743  4.4026691e+02  4.3971943e+02  1.9733541e+02
5.1321525e-01   1686576  4.0856098e+02  4.1033271e+02  1.7716707e+02
5.4354215e-01   2003484  3.7936529e+02  3.7657307e+02  1.4867582e+02
5.7565178e-01   2378778  3.5303434e+02  3.5397467e+02  1.3553610e+02
6.0966698e-01   2828400  3.2922890e+02  3.2912821e+02  1.1710226e+02
6.4568974e-01   3356890  3.0760189e+02  3.0656094e+02  1.0200365e+02
6.8383752e-01   3990317  2.8828780e+02  2.8954968e+02  9.0820453e+01
7.2424344e-01   4738457  2.7119430e+02  2.6971962e+02  7.7881763e+01
7.6703215e-01   5629661  2.5644295e+02  2.5744074e+02  6.9366983e+01
8.1235262e-01   6687903  2.4377852e+02  2.4276264e+02  5.9826342e+01
8.6035444e-01   7945758  2.3312369e+02  2.3330226e+02  5.2445913e+01
9.1118812e-01   9436555  2.2437225e+02  2.2491844e+02  4.6102442e+01
9.6501980e-01  11210320  2.1661801e+02  2.1559693e+02  3.9652374e+01
1.0220366e+00  13318613  2.0976215e+02  2.1019884e+02  3.4875712e+01
1.0824208e+00  15819192  2.0307151e+02  2.0316257e+02  3.0433616e+01
1.1463741e+00  18795348  1.9641090e+02  1.9568592e+02  2.6346361e+01
1.2141088e+00  22326034  1.8944697e+02  1.8902476e+02  2.2911974e+01
1.2858419e+00  26520842  1.8208486e+02  1.8189464e+02  1.9958040e+01
1.3618105e+00  31503438  1.7449001e+02  1.7468453e+02  1.7391613e+01
1.4422695e+00  37426927  1.6687609e+02  1.6697746e+02  1.5104044e+01
1.5275481e+00  44525830  1.5928860e+02  1.5936616e+02  1.3120707e+01
