# Power spectrum from CO𝘕CEPT job 4701056 at t = 5.1230837 Gyr, a = 0.45454545
#
# Components:
#   0: matter  (upstream grid size 1024)
#
#                           grid size 1024
# ╭────────────────────────────────────────────────────────────────╮
#                         component 0    (corrected)      (linear)
#                        σ₈ = 4.29e-01  σ₈ = 4.29e-01  σ₈ = 4.16e-01
#  k [Mpc⁻¹]    modes       P [Mpc³]       P [Mpc³]       P [Mpc³]
3.0679616e-03         3  1.4086908e+04  1.4086908e+04  1.4080368e+04
5.8212951e-03        25  2.0516058e+04  2.0618735e+04  2.0598556e+04
1.0440195e-02       124  2.3679862e+04  2.3951728e+04  2.4075295e+04
1.6729547e-02       418  2.1369430e+04  2.1564703e+04  2.1524814e+04
2.3240110e-02       730  1.6411744e+04  1.6414976e+04  1.6567457e+04
2.9075630e-02      1012  1.3027946e+04  1.2996382e+04  1.2987496e+04
3.4544381e-02      1408  1.0930519e+04  1.0905080e+04  1.0872776e+04
3.9898901e-02      1841  9.5484979e+03  9.5409329e+03  9.6269607e+03
4.5580519e-02      2698  8.6057924e+03  8.6137422e+03  8.6543643e+03
5.1612543e-02      3532  7.4846340e+03  7.4964061e+03  7.5784323e+03
5.7899473e-02      4702  6.2609167e+03  6.2621054e+03  6.3271127e+03
6.4462744e-02      6019  5.1580254e+03  5.1457743e+03  5.1318526e+03
7.1309305e-02      7766  4.3059885e+03  4.2895484e+03  4.2729825e+03
7.8556104e-02     10012  3.8387566e+03  3.8301958e+03  3.8063261e+03
8.6194331e-02     12589  3.5732521e+03  3.5778863e+03  3.5447088e+03
9.4153926e-02     15650  3.2192429e+03  3.2282118e+03  3.2051965e+03
1.0254095e-01     19757  2.7276136e+03  2.7283345e+03  2.6937811e+03
1.1136076e-01     24241  2.2743703e+03  2.2663357e+03  2.1882267e+03
1.2060245e-01     29993  1.9559221e+03  1.9493644e+03  1.8621879e+03
1.3029316e-01     36494  1.7491009e+03  1.7500078e+03  1.6747978e+03
1.4046583e-01     44825  1.5642104e+03  1.5662761e+03  1.4826559e+03
1.5111985e-01     53906  1.3668779e+03  1.3635721e+03  1.2653379e+03
1.6229170e-01     65729  1.2072230e+03  1.2038493e+03  1.1111193e+03
1.7401323e-01     78746  1.1011944e+03  1.1033054e+03  1.0201798e+03
1.8625264e-01     94374  9.8400539e+02  9.8584913e+02  9.0203214e+02
1.9902230e-01    112166  8.5220684e+02  8.5048315e+02  7.5366461e+02
2.1238854e-01    134373  7.5201620e+02  7.4984547e+02  6.4372347e+02
2.2637810e-01    159077  6.8009316e+02  6.7938517e+02  5.7454611e+02
2.4096993e-01    188172  6.1350576e+02  6.1320620e+02  5.2027007e+02
2.5621802e-01    222492  5.5774956e+02  5.5828521e+02  4.6859071e+02
2.7214102e-01    261771  5.0097443e+02  5.0148478e+02  4.1076346e+02
2.8873063e-01    306759  4.4744844e+02  4.4643937e+02  3.4811543e+02
3.0605468e-01    360898  4.0362461e+02  4.0219491e+02  3.0426512e+02
3.2421519e-01    425046  3.6971056e+02  3.6989979e+02  2.8070737e+02
3.4337900e-01    505555  3.3497112e+02  3.3582757e+02  2.5338599e+02
3.6368055e-01    600292  3.0319663e+02  3.0279963e+02  2.1559960e+02
3.8517334e-01    712930  2.7559371e+02  2.7425558e+02  1.8568534e+02
4.0793004e-01    846715  2.5069759e+02  2.5090920e+02  1.7089348e+02
4.3202621e-01   1005596  2.2821638e+02  2.2897948e+02  1.5215778e+02
4.5754560e-01   1194719  2.0738275e+02  2.0626448e+02  1.2764845e+02
4.8457948e-01   1419743  1.8882030e+02  1.8858550e+02  1.1498105e+02
5.1321525e-01   1686576  1.7226345e+02  1.7301048e+02  1.0322961e+02
5.4354215e-01   2003484  1.5717469e+02  1.5601785e+02  8.6628682e+01
5.7565178e-01   2378778  1.4361413e+02  1.4399666e+02  7.8972587e+01
6.0966698e-01   2828400  1.3141512e+02  1.3137493e+02  6.8231783e+01
6.4568974e-01   3356890  1.2046909e+02  1.2006141e+02  5.9434308e+01
6.8383752e-01   3990317  1.1099821e+02  1.1148407e+02  5.2918214e+01
7.2424344e-01   4738457  1.0273598e+02  1.0217733e+02  4.5379251e+01
7.6703215e-01   5629661  9.5989345e+01  9.6362830e+01  4.0417961e+01
8.1235262e-01   6687903  9.0746544e+01  9.0368381e+01  3.4858932e+01
8.6035444e-01   7945758  8.7081464e+01  8.7148167e+01  3.0558590e+01
9.1118812e-01   9436555  8.5142906e+01  8.5350168e+01  2.6862450e+01
9.6501980e-01  11210320  8.4922982e+01  8.4522675e+01  2.3104200e+01
1.0220366e+00  13318613  8.6166194e+01  8.6345579e+01  2.0320990e+01
1.0824208e+00  15819192  8.8571146e+01  8.8610861e+01  1.7732721e+01
1.1463741e+00  18795348  9.1435093e+01  9.1097590e+01  1.5351206e+01
1.2141088e+00  22326034  9.3878982e+01  9.3669758e+01  1.3350097e+01
1.2858419e+00  26520842  9.5259173e+01  9.5159659e+01  1.1628932e+01
1.3618105e+00  31503438  9.5532724e+01  9.5639222e+01  1.0133556e+01
1.4422695e+00  37426927  9.4871096e+01  9.4928723e+01  8.8006616e+00
1.5275481e+00  44525830  9.3750914e+01  9.3796564e+01  7.6450329e+00
