# Power spectrum from CO𝘕CEPT job 4701056 at t = 2.727498 Gyr, a = 0.29411765
#
# Components:
#   0: matter  (upstream grid size 1024)
#
#                           grid size 1024
# ╭────────────────────────────────────────────────────────────────╮
#                         component 0    (corrected)      (linear)
#                        σ₈ = 2.79e-01  σ₈ = 2.79e-01  σ₈ = 2.77e-01
#  k [Mpc⁻¹]    modes       P [Mpc³]       P [Mpc³]       P [Mpc³]
3.0679616e-03         3  6.2046572e+03  6.2046572e+03  6.2056891e+03
5.8212951e-03        25  9.0392456e+03  9.0844842e+03  9.0822115e+03
1.0440195e-02       124  1.0460378e+04  1.0580473e+04  1.0619766e+04
1.6729547e-02       418  9.4220008e+03  9.5080989e+03  9.4975159e+03
2.3240110e-02       730  7.2652354e+03  7.2666658e+03  7.3113295e+03
2.9075630e-02      1012  5.7481344e+03  5.7342076e+03  5.7319471e+03
3.4544381e-02      1408  4.8183777e+03  4.8071635e+03  4.7988712e+03
3.9898901e-02      1841  4.2263586e+03  4.2230102e+03  4.2491553e+03
4.5580519e-02      2698  3.8027790e+03  3.8062919e+03  3.8199681e+03
5.1612543e-02      3532  3.3137660e+03  3.3189780e+03  3.3451260e+03
5.7899473e-02      4702  2.7696289e+03  2.7701548e+03  2.7928346e+03
6.4462744e-02      6019  2.2671015e+03  2.2617168e+03  2.2652644e+03
7.1309305e-02      7766  1.8883505e+03  1.8811408e+03  1.8861657e+03
7.8556104e-02     10012  1.6805246e+03  1.6767768e+03  1.6801881e+03
8.6194331e-02     12589  1.5632795e+03  1.5653069e+03  1.5647144e+03
9.4153926e-02     15650  1.4083370e+03  1.4122607e+03  1.4148528e+03
1.0254095e-01     19757  1.1865284e+03  1.1868420e+03  1.1891062e+03
1.1136076e-01     24241  9.7663316e+02  9.7318305e+02  9.6594430e+02
1.2060245e-01     29993  8.3354217e+02  8.3074754e+02  8.2202392e+02
1.3029316e-01     36494  7.4441611e+02  7.4480208e+02  7.3930613e+02
1.4046583e-01     44825  6.6231096e+02  6.6318561e+02  6.5449016e+02
1.5111985e-01     53906  5.7116008e+02  5.6977873e+02  5.5856020e+02
1.6229170e-01     65729  5.0124683e+02  4.9984604e+02  4.9048389e+02
1.7401323e-01     78746  4.5682565e+02  4.5770142e+02  4.5034082e+02
1.8625264e-01     94374  4.0495052e+02  4.0570928e+02  3.9818695e+02
1.9902230e-01    112166  3.4391154e+02  3.4321594e+02  3.3269288e+02
2.1238854e-01    134373  2.9805924e+02  2.9719888e+02  2.8416138e+02
2.2637810e-01    159077  2.6696846e+02  2.6669054e+02  2.5362431e+02
2.4096993e-01    188172  2.3938825e+02  2.3927137e+02  2.2966514e+02
2.5621802e-01    222492  2.1562425e+02  2.1583133e+02  2.0685219e+02
2.7214102e-01    261771  1.9053711e+02  1.9073121e+02  1.8132531e+02
2.8873063e-01    306759  1.6592901e+02  1.6555481e+02  1.5367034e+02
3.0605468e-01    360898  1.4720262e+02  1.4668121e+02  1.3431332e+02
3.2421519e-01    425046  1.3374774e+02  1.3381619e+02  1.2391414e+02
3.4337900e-01    505555  1.1966852e+02  1.1997449e+02  1.1185355e+02
3.6368055e-01    600292  1.0541488e+02  1.0527685e+02  9.5173320e+01
3.8517334e-01    712930  9.3448529e+01  9.2994794e+01  8.1968121e+01
4.0793004e-01    846715  8.3959457e+01  8.4030325e+01  7.5438484e+01
4.3202621e-01   1005596  7.4995059e+01  7.5245823e+01  6.7167888e+01
4.5754560e-01   1194719  6.6056445e+01  6.5700249e+01  5.6348603e+01
4.8457948e-01   1419743  5.8828866e+01  5.8755712e+01  5.0756764e+01
5.1321525e-01   1686576  5.2388779e+01  5.2615964e+01  4.5569265e+01
5.4354215e-01   2003484  4.6368068e+01  4.6026788e+01  3.8241022e+01
5.7565178e-01   2378778  4.1191017e+01  4.1300732e+01  3.4861350e+01
6.0966698e-01   2828400  3.6494691e+01  3.6483530e+01  3.0119975e+01
6.4568974e-01   3356890  3.2358837e+01  3.2249333e+01  2.6236455e+01
6.8383752e-01   3990317  2.8784690e+01  2.8910685e+01  2.3360017e+01
7.2424344e-01   4738457  2.5693498e+01  2.5553784e+01  2.0032048e+01
7.6703215e-01   5629661  2.3212505e+01  2.3302823e+01  1.7841957e+01
8.1235262e-01   6687903  2.1345907e+01  2.1256953e+01  1.5388001e+01
8.6035444e-01   7945758  2.0282947e+01  2.0298484e+01  1.3489675e+01
9.1118812e-01   9436555  2.0163419e+01  2.0212503e+01  1.1858066e+01
9.6501980e-01  11210320  2.1131008e+01  2.1031401e+01  1.0199038e+01
1.0220366e+00  13318613  2.3520108e+01  2.3569073e+01  8.9704291e+00
1.0824208e+00  15819192  2.7725463e+01  2.7737895e+01  7.8278734e+00
1.1463741e+00  18795348  3.4189269e+01  3.4063070e+01  6.7765865e+00
1.2141088e+00  22326034  4.2824995e+01  4.2729553e+01  5.8932244e+00
1.2858419e+00  26520842  5.3057690e+01  5.3002263e+01  5.1334400e+00
1.3618105e+00  31503438  6.2819927e+01  6.2889957e+01  4.4733266e+00
1.4422695e+00  37426927  6.9046781e+01  6.9088722e+01  3.8849387e+00
1.5275481e+00  44525830  7.0657847e+01  7.0692252e+01  3.3748022e+00
