# Power spectrum from CO𝘕CEPT job 4701056 at t = 12.444912 Gyr, a = 0.90909091
#
# Components:
#   0: matter  (upstream grid size 1024)
#
#                           grid size 1024
# ╭────────────────────────────────────────────────────────────────╮
#                         component 0    (corrected)      (linear)
#                        σ₈ = 7.70e-01  σ₈ = 7.70e-01  σ₈ = 7.06e-01
#  k [Mpc⁻¹]    modes       P [Mpc³]       P [Mpc³]       P [Mpc³]
3.0679616e-03         3  4.0557713e+04  4.0557713e+04  4.0554896e+04
5.8212951e-03        25  5.9039237e+04  5.9334710e+04  5.9301365e+04
1.0440195e-02       124  6.7767645e+04  6.8545679e+04  6.9273286e+04
1.6729547e-02       418  6.1348037e+04  6.1908634e+04  6.1908033e+04
2.3240110e-02       730  4.6703631e+04  4.6712826e+04  4.7638008e+04
2.9075630e-02      1012  3.7309868e+04  3.7219472e+04  3.7339028e+04
3.4544381e-02      1408  3.1354913e+04  3.1281938e+04  3.1256482e+04
3.9898901e-02      1841  2.7157226e+04  2.7135710e+04  2.7673393e+04
4.5580519e-02      2698  2.4553461e+04  2.4576143e+04  2.4876422e+04
5.1612543e-02      3532  2.1259208e+04  2.1292645e+04  2.1782920e+04
5.7899473e-02      4702  1.7830406e+04  1.7833791e+04  1.8185691e+04
6.4462744e-02      6019  1.4928015e+04  1.4892559e+04  1.4749883e+04
7.1309305e-02      7766  1.2569622e+04  1.2521632e+04  1.2281111e+04
7.8556104e-02     10012  1.1258274e+04  1.1233167e+04  1.0939718e+04
8.6194331e-02     12589  1.0457713e+04  1.0471276e+04  1.0187684e+04
9.4153926e-02     15650  9.4057463e+03  9.4319512e+03  9.2118166e+03
1.0254095e-01     19757  8.1134998e+03  8.1156441e+03  7.7419323e+03
1.1136076e-01     24241  7.0020581e+03  6.9773223e+03  6.2889251e+03
1.2060245e-01     29993  6.1382625e+03  6.1176826e+03  5.3518650e+03
1.3029316e-01     36494  5.5250909e+03  5.5279556e+03  4.8132892e+03
1.4046583e-01     44825  4.9695501e+03  4.9761129e+03  4.2610653e+03
1.5111985e-01     53906  4.4875919e+03  4.4767387e+03  3.6364938e+03
1.6229170e-01     65729  4.0317050e+03  4.0204379e+03  3.1932708e+03
1.7401323e-01     78746  3.6983005e+03  3.7053905e+03  2.9319107e+03
1.8625264e-01     94374  3.3601625e+03  3.3664585e+03  2.5923587e+03
1.9902230e-01    112166  3.0345780e+03  3.0284402e+03  2.1659599e+03
2.1238854e-01    134373  2.7526606e+03  2.7447150e+03  1.8499966e+03
2.2637810e-01    159077  2.5448004e+03  2.5421512e+03  1.6511856e+03
2.4096993e-01    188172  2.3435255e+03  2.3423812e+03  1.4952001e+03
2.5621802e-01    222492  2.1667146e+03  2.1687954e+03  1.3466778e+03
2.7214102e-01    261771  2.0122319e+03  2.0142818e+03  1.1804876e+03
2.8873063e-01    306759  1.8612050e+03  1.8570077e+03  1.0004435e+03
3.0605468e-01    360898  1.7348632e+03  1.7287181e+03  8.7442215e+02
3.2421519e-01    425046  1.6144398e+03  1.6152662e+03  8.0671944e+02
3.4337900e-01    505555  1.5093356e+03  1.5131946e+03  7.2820066e+02
3.6368055e-01    600292  1.4118554e+03  1.4100067e+03  6.1960685e+02
3.8517334e-01    712930  1.3213799e+03  1.3149640e+03  5.3363669e+02
4.0793004e-01    846715  1.2414836e+03  1.2425315e+03  4.9112653e+02
4.3202621e-01   1005596  1.1627034e+03  1.1665912e+03  4.3728230e+02
4.5754560e-01   1194719  1.0930818e+03  1.0871876e+03  3.6684546e+02
4.8457948e-01   1419743  1.0258580e+03  1.0245823e+03  3.3044084e+02
5.1321525e-01   1686576  9.6702353e+02  9.7121705e+02  2.9666864e+02
5.4354215e-01   2003484  9.0819411e+02  9.0150958e+02  2.4895963e+02
5.7565178e-01   2378778  8.5757171e+02  8.5985591e+02  2.2695696e+02
6.0966698e-01   2828400  8.0872854e+02  8.0848120e+02  1.9608924e+02
6.4568974e-01   3356890  7.6376593e+02  7.6118130e+02  1.7080641e+02
6.8383752e-01   3990317  7.2150801e+02  7.2466616e+02  1.5207998e+02
7.2424344e-01   4738457  6.8274396e+02  6.7903139e+02  1.3041397e+02
7.6703215e-01   5629661  6.4662951e+02  6.4914548e+02  1.1615586e+02
8.1235262e-01   6687903  6.1281968e+02  6.1026591e+02  1.0017993e+02
8.6035444e-01   7945758  5.8104233e+02  5.8148740e+02  8.7821304e+01
9.1118812e-01   9436555  5.5088561e+02  5.5222662e+02  7.7199080e+01
9.6501980e-01  11210320  5.2144380e+02  5.1898583e+02  6.6398361e+01
1.0220366e+00  13318613  4.9304028e+02  4.9406671e+02  5.8399780e+01
1.0824208e+00  15819192  4.6496621e+02  4.6517470e+02  5.0961434e+01
1.1463741e+00  18795348  4.3768388e+02  4.3606831e+02  4.4117275e+01
1.2141088e+00  22326034  4.1097977e+02  4.1006384e+02  3.8366352e+01
1.2858419e+00  26520842  3.8508295e+02  3.8468067e+02  3.3419954e+01
1.3618105e+00  31503438  3.6012552e+02  3.6052698e+02  2.9122440e+01
1.4422695e+00  37426927  3.3599514e+02  3.3619924e+02  2.5291880e+01
1.5275481e+00  44525830  3.1298417e+02  3.1313657e+02  2.1970757e+01
