# Power spectrum from CO𝘕CEPT job 4701056 at t = 7.2998856 Gyr, a = 0.58823529
#
# Components:
#   0: matter  (upstream grid size 1024)
#
#                           grid size 1024
# ╭────────────────────────────────────────────────────────────────╮
#                         component 0    (corrected)      (linear)
#                        σ₈ = 5.46e-01  σ₈ = 5.46e-01  σ₈ = 5.20e-01
#  k [Mpc⁻¹]    modes       P [Mpc³]       P [Mpc³]       P [Mpc³]
3.0679616e-03         3  2.1963833e+04  2.1963833e+04  2.1951923e+04
5.8212951e-03        25  3.1982153e+04  3.2142213e+04  3.2107407e+04
1.0440195e-02       124  3.6842701e+04  3.7265689e+04  3.7518082e+04
1.6729547e-02       418  3.3289210e+04  3.3593406e+04  3.3537662e+04
2.3240110e-02       730  2.5487780e+04  2.5492798e+04  2.5811054e+04
2.9075630e-02      1012  2.0280195e+04  2.0231060e+04  2.0232614e+04
3.4544381e-02      1408  1.7025774e+04  1.6986148e+04  1.6937625e+04
3.9898901e-02      1841  1.4827642e+04  1.4815895e+04  1.4996548e+04
4.5580519e-02      2698  1.3379287e+04  1.3391647e+04  1.3481233e+04
5.1612543e-02      3532  1.1618359e+04  1.1636633e+04  1.1805051e+04
5.7899473e-02      4702  9.7267406e+03  9.7285873e+03  9.8557455e+03
6.4462744e-02      6019  8.0569436e+03  8.0378070e+03  7.9938223e+03
7.1309305e-02      7766  6.7428521e+03  6.7171081e+03  6.6559275e+03
7.8556104e-02     10012  6.0202505e+03  6.0068248e+03  5.9289959e+03
8.6194331e-02     12589  5.6023295e+03  5.6095953e+03  5.5214588e+03
9.4153926e-02     15650  5.0459740e+03  5.0600323e+03  4.9925957e+03
1.0254095e-01     19757  4.2995150e+03  4.3006513e+03  4.1959738e+03
1.1136076e-01     24241  3.6267339e+03  3.6139219e+03  3.4084877e+03
1.2060245e-01     29993  3.1394719e+03  3.1289462e+03  2.9006281e+03
1.3029316e-01     36494  2.8125312e+03  2.8139894e+03  2.6087364e+03
1.4046583e-01     44825  2.5216589e+03  2.5249890e+03  2.3094447e+03
1.5111985e-01     53906  2.2295392e+03  2.2241471e+03  1.9709390e+03
1.6229170e-01     65729  1.9804333e+03  1.9748988e+03  1.7307204e+03
1.7401323e-01     78746  1.8087489e+03  1.8122164e+03  1.5890684e+03
1.8625264e-01     94374  1.6267231e+03  1.6297711e+03  1.4050363e+03
1.9902230e-01    112166  1.4303976e+03  1.4275045e+03  1.1739332e+03
2.1238854e-01    134373  1.2769496e+03  1.2732636e+03  1.0026846e+03
2.2637810e-01    159077  1.1643480e+03  1.1631359e+03  8.9493130e+02
2.4096993e-01    188172  1.0572671e+03  1.0567509e+03  8.1038888e+02
2.5621802e-01    222492  9.6760992e+02  9.6853919e+02  7.2989124e+02
2.7214102e-01    261771  8.8091443e+02  8.8181183e+02  6.3981753e+02
2.8873063e-01    306759  7.9817415e+02  7.9637414e+02  5.4223492e+02
3.0605468e-01    360898  7.2880380e+02  7.2622226e+02  4.7393226e+02
3.2421519e-01    425046  6.7195918e+02  6.7230311e+02  4.3723792e+02
3.4337900e-01    505555  6.1615594e+02  6.1773131e+02  3.9468128e+02
3.6368055e-01    600292  5.6562528e+02  5.6488466e+02  3.3582406e+02
3.8517334e-01    712930  5.2113805e+02  5.1860769e+02  2.8922871e+02
4.0793004e-01    846715  4.8015672e+02  4.8056201e+02  2.6618846e+02
4.3202621e-01   1005596  4.4260102e+02  4.4408096e+02  2.3700518e+02
4.5754560e-01   1194719  4.0821252e+02  4.0601131e+02  1.9882875e+02
4.8457948e-01   1419743  3.7692975e+02  3.7646104e+02  1.7909763e+02
5.1321525e-01   1686576  3.4870507e+02  3.5021724e+02  1.6079326e+02
5.4354215e-01   2003484  3.2299281e+02  3.2061551e+02  1.3493518e+02
5.7565178e-01   2378778  2.9954913e+02  3.0034700e+02  1.2300983e+02
6.0966698e-01   2828400  2.7862994e+02  2.7854473e+02  1.0627966e+02
6.4568974e-01   3356890  2.5955042e+02  2.5867209e+02  9.2576466e+01
6.8383752e-01   3990317  2.4264595e+02  2.4370804e+02  8.2426818e+01
7.2424344e-01   4738457  2.2780957e+02  2.2657081e+02  7.0683924e+01
7.6703215e-01   5629661  2.1515078e+02  2.1598791e+02  6.2956082e+01
8.1235262e-01   6687903  2.0445394e+02  2.0360193e+02  5.4297189e+01
8.6035444e-01   7945758  1.9576480e+02  1.9591476e+02  4.7598860e+01
9.1118812e-01   9436555  1.8896021e+02  1.8942020e+02  4.1841653e+01
9.6501980e-01  11210320  1.8339325e+02  1.8252878e+02  3.5987702e+01
1.0220366e+00  13318613  1.7877955e+02  1.7915174e+02  3.1652499e+01
1.0824208e+00  15819192  1.7443365e+02  1.7451187e+02  2.7620942e+01
1.1463741e+00  18795348  1.7010093e+02  1.6947305e+02  2.3911431e+01
1.2141088e+00  22326034  1.6529010e+02  1.6492173e+02  2.0794450e+01
1.2858419e+00  26520842  1.5998217e+02  1.5981504e+02  1.8113519e+01
1.3618105e+00  31503438  1.5430752e+02  1.5447954e+02  1.5784281e+01
1.4422695e+00  37426927  1.4847819e+02  1.4856838e+02  1.3708130e+01
1.5275481e+00  44525830  1.4251936e+02  1.4258876e+02  1.1908093e+01
