# Power spectrum from CO𝘕CEPT job 4701056 at t = 2.2265221 Gyr, a = 0.25641026
#
# Components:
#   0: matter  (upstream grid size 1024)
#
#                           grid size 1024
# ╭────────────────────────────────────────────────────────────────╮
#                         component 0    (corrected)      (linear)
#                        σ₈ = 2.43e-01  σ₈ = 2.43e-01  σ₈ = 2.42e-01
#  k [Mpc⁻¹]    modes       P [Mpc³]       P [Mpc³]       P [Mpc³]
3.0679616e-03         3  4.7496928e+03  4.7496928e+03  4.7501155e+03
5.8212951e-03        25  6.9203286e+03  6.9549626e+03  6.9529202e+03
1.0440195e-02       124  8.0135670e+03  8.1055701e+03  8.1311728e+03
1.6729547e-02       418  7.2145191e+03  7.2804453e+03  7.2725390e+03
2.3240110e-02       730  5.5684812e+03  5.5695775e+03  5.5987658e+03
2.9075630e-02      1012  4.4020043e+03  4.3913389e+03  4.3894302e+03
3.4544381e-02      1408  3.6891564e+03  3.6805703e+03  3.6749462e+03
3.9898901e-02      1841  3.2391109e+03  3.2365447e+03  3.2540064e+03
4.5580519e-02      2698  2.9132745e+03  2.9159657e+03  2.9253543e+03
5.1612543e-02      3532  2.5398244e+03  2.5438192e+03  2.5617305e+03
5.7899473e-02      4702  2.1224675e+03  2.1228705e+03  2.1387886e+03
6.4462744e-02      6019  1.7349922e+03  1.7308713e+03  1.7347738e+03
7.1309305e-02      7766  1.4446687e+03  1.4391530e+03  1.4444576e+03
7.8556104e-02     10012  1.2852179e+03  1.2823517e+03  1.2867189e+03
8.6194331e-02     12589  1.1951728e+03  1.1967229e+03  1.1982887e+03
9.4153926e-02     15650  1.0766960e+03  1.0796957e+03  1.0835232e+03
1.0254095e-01     19757  9.0626444e+02  9.0650395e+02  9.1064271e+02
1.1136076e-01     24241  7.4405358e+02  7.4142510e+02  7.3974123e+02
1.2060245e-01     29993  6.3409659e+02  6.3197065e+02  6.2952428e+02
1.3029316e-01     36494  5.6623307e+02  5.6652665e+02  5.6617746e+02
1.4046583e-01     44825  5.0305879e+02  5.0372313e+02  5.0122370e+02
1.5111985e-01     53906  4.3274303e+02  4.3169644e+02  4.2775850e+02
1.6229170e-01     65729  3.7933477e+02  3.7827468e+02  3.7562419e+02
1.7401323e-01     78746  3.4567660e+02  3.4633930e+02  3.4488177e+02
1.8625264e-01     94374  3.0592784e+02  3.0650106e+02  3.0494117e+02
1.9902230e-01    112166  2.5872056e+02  2.5819726e+02  2.5478429e+02
2.1238854e-01    134373  2.2327869e+02  2.2263419e+02  2.1761772e+02
2.2637810e-01    159077  1.9959568e+02  1.9938790e+02  1.9423172e+02
2.4096993e-01    188172  1.7884282e+02  1.7875549e+02  1.7588322e+02
2.5621802e-01    222492  1.6078146e+02  1.6093587e+02  1.5841252e+02
2.7214102e-01    261771  1.4160104e+02  1.4174529e+02  1.3886342e+02
2.8873063e-01    306759  1.2249168e+02  1.2221544e+02  1.1768457e+02
3.0605468e-01    360898  1.0822803e+02  1.0784466e+02  1.0286049e+02
3.2421519e-01    425046  9.8241035e+01  9.8291318e+01  9.4896545e+01
3.4337900e-01    505555  8.7740786e+01  8.7965119e+01  8.5660248e+01
3.6368055e-01    600292  7.6687942e+01  7.6587528e+01  7.2886117e+01
3.8517334e-01    712930  6.7514042e+01  6.7186230e+01  6.2773248e+01
4.0793004e-01    846715  6.0573828e+01  6.0624957e+01  5.7772690e+01
4.3202621e-01   1005596  5.3874272e+01  5.4054414e+01  5.1438862e+01
4.5754560e-01   1194719  4.6993107e+01  4.6739706e+01  4.3153182e+01
4.8457948e-01   1419743  4.1662335e+01  4.1610528e+01  3.8870813e+01
5.1321525e-01   1686576  3.6894818e+01  3.7054813e+01  3.4898096e+01
5.4354215e-01   2003484  3.2349876e+01  3.2111773e+01  2.9285943e+01
5.7565178e-01   2378778  2.8529059e+01  2.8605048e+01  2.6697706e+01
6.0966698e-01   2828400  2.5064460e+01  2.5056794e+01  2.3066641e+01
6.4568974e-01   3356890  2.2004371e+01  2.1929907e+01  2.0092543e+01
6.8383752e-01   3990317  1.9371475e+01  1.9456267e+01  1.7889695e+01
7.2424344e-01   4738457  1.7083957e+01  1.6991059e+01  1.5341053e+01
7.6703215e-01   5629661  1.5242967e+01  1.5302276e+01  1.3663825e+01
8.1235262e-01   6687903  1.3859453e+01  1.3801697e+01  1.1784524e+01
8.6035444e-01   7945758  1.3106047e+01  1.3116086e+01  1.0330738e+01
9.1118812e-01   9436555  1.3088724e+01  1.3120586e+01  9.0812101e+00
9.6501980e-01  11210320  1.3921841e+01  1.3856217e+01  7.8106847e+00
1.0220366e+00  13318613  1.5921574e+01  1.5954720e+01  6.8697845e+00
1.0824208e+00  15819192  1.9514509e+01  1.9523259e+01  5.9947864e+00
1.1463741e+00  18795348  2.5343982e+01  2.5250433e+01  5.1896842e+00
1.2141088e+00  22326034  3.3918060e+01  3.3842469e+01  4.5131830e+00
1.2858419e+00  26520842  4.5621544e+01  4.5573884e+01  3.9313208e+00
1.3618105e+00  31503438  5.9135667e+01  5.9201590e+01  3.4257892e+00
1.4422695e+00  37426927  7.0147980e+01  7.0190590e+01  2.9751868e+00
1.5275481e+00  44525830  7.3833767e+01  7.3869719e+01  2.5845112e+00
