# Power spectrum from CO𝘕CEPT job 4700975 at t = 8.5936563 Gyr, a = 0.66666667
#
# Components:
#   0: matter  (upstream grid size 1024)
#
#                           grid size 1024
# ╭────────────────────────────────────────────────────────────────╮
#                         component 0    (corrected)      (linear)
#                        σ₈ = 6.21e-01  σ₈ = 6.21e-01  σ₈ = 5.84e-01
#  k [Mpc⁻¹]    modes       P [Mpc³]       P [Mpc³]       P [Mpc³]
3.0679616e-03         3  2.6857920e+04  2.6857920e+04  2.6849759e+04
5.8212951e-03        25  3.9281029e+04  3.9467715e+04  3.9435351e+04
1.0440195e-02       124  4.5451337e+04  4.5971477e+04  4.6342949e+04
1.6729547e-02       418  4.1285972e+04  4.1664065e+04  4.1621151e+04
2.3240110e-02       730  3.1683662e+04  3.1688322e+04  3.2161246e+04
2.9075630e-02      1012  2.5361876e+04  2.5301076e+04  2.5333698e+04
3.4544381e-02      1408  2.1397151e+04  2.1350171e+04  2.1311461e+04
3.9898901e-02      1841  1.8647989e+04  1.8636412e+04  1.8918528e+04
4.5580519e-02      2698  1.6818560e+04  1.6836744e+04  1.6986680e+04
5.1612543e-02      3532  1.4528232e+04  1.4550863e+04  1.4804692e+04
5.7899473e-02      4702  1.2117537e+04  1.2117359e+04  1.2299460e+04
6.4462744e-02      6019  1.0068473e+04  1.0042328e+04  9.9716848e+03
7.1309305e-02      7766  8.4852688e+03  8.4532180e+03  8.3558146e+03
7.8556104e-02     10012  7.6333399e+03  7.6189322e+03  7.5050732e+03
8.6194331e-02     12589  7.1123624e+03  7.1235212e+03  7.0029649e+03
9.4153926e-02     15650  6.3825555e+03  6.3991182e+03  6.3006046e+03
1.0254095e-01     19757  5.4489550e+03  5.4473181e+03  5.2776257e+03
1.1136076e-01     24241  4.6506689e+03  4.6337614e+03  4.3171428e+03
1.2060245e-01     29993  4.0663092e+03  4.0553840e+03  3.7141695e+03
1.3029316e-01     36494  3.6450145e+03  3.6493260e+03  3.3344453e+03
1.4046583e-01     44825  3.2513041e+03  3.2540767e+03  2.9087034e+03
1.5111985e-01     53906  2.8884089e+03  2.8794681e+03  2.4656301e+03
1.6229170e-01     65729  2.5837862e+03  2.5771631e+03  2.1865860e+03
1.7401323e-01     78746  2.3702363e+03  2.3754132e+03  2.0252355e+03
1.8625264e-01     94374  2.1413949e+03  2.1442156e+03  1.7901012e+03
1.9902230e-01    112166  1.9023778e+03  1.8988757e+03  1.5045518e+03
2.1238854e-01    134373  1.7085963e+03  1.7048314e+03  1.2843040e+03
2.2637810e-01    159077  1.5633219e+03  1.5617877e+03  1.1331180e+03
2.4096993e-01    188172  1.4253951e+03  1.4233295e+03  1.0159159e+03
2.5621802e-01    222492  1.3112848e+03  1.3127400e+03  9.2896714e+02
2.7214102e-01    261771  1.2044006e+03  1.2062131e+03  8.2456216e+02
2.8873063e-01    306759  1.0997453e+03  1.0979756e+03  6.9971630e+02
3.0605468e-01    360898  1.0112326e+03  1.0078147e+03  6.0117602e+02
3.2421519e-01    425046  9.3558193e+02  9.3496906e+02  5.4828242e+02
3.4337900e-01    505555  8.6454838e+02  8.6668728e+02  5.0448440e+02
3.6368055e-01    600292  7.9947710e+02  7.9961248e+02  4.3679136e+02
3.8517334e-01    712930  7.4132165e+02  7.3827080e+02  3.6897197e+02
4.0793004e-01    846715  6.8839578e+02  6.8777792e+02  3.3380679e+02
4.3202621e-01   1005596  6.3863405e+02  6.4075133e+02  3.0551670e+02
4.5754560e-01   1194719  5.9355053e+02  5.9183339e+02  2.5792336e+02
4.8457948e-01   1419743  5.5195096e+02  5.5008384e+02  2.2465516e+02
5.1321525e-01   1686576  5.1453972e+02  5.1727376e+02  2.0699925e+02
5.4354215e-01   2003484  4.7923595e+02  4.7728491e+02  1.7478566e+02
5.7565178e-01   2378778  4.4809748e+02  4.4725891e+02  1.5436260e+02
6.0966698e-01   2828400  4.1926772e+02  4.2079591e+02  1.3872708e+02
6.4568974e-01   3356890  3.9325109e+02  3.9110116e+02  1.1707456e+02
6.8383752e-01   3990317  3.6972492e+02  3.7158218e+02  1.0640760e+02
7.2424344e-01   4738457  3.4862000e+02  3.4630430e+02  9.0028086e+01
7.6703215e-01   5629661  3.2995214e+02  3.3133076e+02  8.1156859e+01
8.1235262e-01   6687903  3.1368711e+02  3.1149647e+02  6.8954090e+01
8.6035444e-01   7945758  2.9927948e+02  3.0032740e+02  6.1693239e+01
9.1118812e-01   9436555  2.8678397e+02  2.8583112e+02  5.3016706e+01
9.6501980e-01  11210320  2.7497765e+02  2.7471000e+02  4.6498840e+01
1.0220366e+00  13318613  2.6397645e+02  2.6506240e+02  4.0830286e+01
1.0824208e+00  15819192  2.5315448e+02  2.5235049e+02  3.5208535e+01
1.1463741e+00  18795348  2.4238265e+02  2.4136381e+02  3.0644424e+01
1.2141088e+00  22326034  2.3163585e+02  2.3188770e+02  2.6856232e+01
1.2858419e+00  26520842  2.2065725e+02  2.2108913e+02  2.3378688e+01
1.3618105e+00  31503438  2.0965877e+02  2.0962884e+02  2.0279563e+01
1.4422695e+00  37426927  1.9882023e+02  1.9886201e+02  1.7624808e+01
1.5275481e+00  44525830  1.8833355e+02  1.8809702e+02  1.5290237e+01
