# Power spectrum from CO𝘕CEPT job 4700975 at t = 3.8216638 Gyr, a = 0.37037037
#
# Components:
#   0: matter  (upstream grid size 1024)
#
#                           grid size 1024
# ╭────────────────────────────────────────────────────────────────╮
#                         component 0    (corrected)      (linear)
#                        σ₈ = 3.58e-01  σ₈ = 3.58e-01  σ₈ = 3.51e-01
#  k [Mpc⁻¹]    modes       P [Mpc³]       P [Mpc³]       P [Mpc³]
3.0679616e-03         3  9.6890851e+03  9.6890851e+03  9.6904257e+03
5.8212951e-03        25  1.4176825e+04  1.4244202e+04  1.4239583e+04
1.0440195e-02       124  1.6475106e+04  1.6663645e+04  1.6742651e+04
1.6729547e-02       418  1.4924200e+04  1.5060874e+04  1.5042708e+04
2.3240110e-02       730  1.1532255e+04  1.1533952e+04  1.1626332e+04
2.9075630e-02      1012  9.1837268e+03  9.1617109e+03  9.1592683e+03
3.4544381e-02      1408  7.7381869e+03  7.7211967e+03  7.7056245e+03
3.9898901e-02      1841  6.7907269e+03  6.7865111e+03  6.8407577e+03
4.5580519e-02      2698  6.1084538e+03  6.1150582e+03  6.1424613e+03
5.1612543e-02      3532  5.2940567e+03  5.3023034e+03  5.3536073e+03
5.7899473e-02      4702  4.4064585e+03  4.4063938e+03  4.4477811e+03
6.4462744e-02      6019  3.6171929e+03  3.6077999e+03  3.6060677e+03
7.1309305e-02      7766  3.0333158e+03  3.0218582e+03  3.0217634e+03
7.8556104e-02     10012  2.7220258e+03  2.7168881e+03  2.7141367e+03
8.6194331e-02     12589  2.5381009e+03  2.5420830e+03  2.5325784e+03
9.4153926e-02     15650  2.2774027e+03  2.2833126e+03  2.2785920e+03
1.0254095e-01     19757  1.9190531e+03  1.9184766e+03  1.9086476e+03
1.1136076e-01     24241  1.5985646e+03  1.5927531e+03  1.5612983e+03
1.2060245e-01     29993  1.3808855e+03  1.3771754e+03  1.3432385e+03
1.3029316e-01     36494  1.2323321e+03  1.2337897e+03  1.2059148e+03
1.4046583e-01     44825  1.0884168e+03  1.0893449e+03  1.0519470e+03
1.5111985e-01     53906  9.4038611e+02  9.3747524e+02  8.9170969e+02
1.6229170e-01     65729  8.3282278e+02  8.3068799e+02  7.9079352e+02
1.7401323e-01     78746  7.6388134e+02  7.6554975e+02  7.3244144e+02
1.8625264e-01     94374  6.8060216e+02  6.8149867e+02  6.4740445e+02
1.9902230e-01    112166  5.8530703e+02  5.8422953e+02  5.4413398e+02
2.1238854e-01    134373  5.1227635e+02  5.1114755e+02  4.6448008e+02
2.2637810e-01    159077  4.5841406e+02  4.5796419e+02  4.0980272e+02
2.4096993e-01    188172  4.1091403e+02  4.1031856e+02  3.6741584e+02
2.5621802e-01    222492  3.7385421e+02  3.7426907e+02  3.3597023e+02
2.7214102e-01    261771  3.3482364e+02  3.3532751e+02  2.9821134e+02
2.8873063e-01    306759  2.9581460e+02  2.9533856e+02  2.5305971e+02
3.0605468e-01    360898  2.6371858e+02  2.6282720e+02  2.1742171e+02
3.2421519e-01    425046  2.4004310e+02  2.3988586e+02  1.9829227e+02
3.4337900e-01    505555  2.1682313e+02  2.1735956e+02  1.8245232e+02
3.6368055e-01    600292  1.9458070e+02  1.9461365e+02  1.5797045e+02
3.8517334e-01    712930  1.7464054e+02  1.7392182e+02  1.3344286e+02
4.0793004e-01    846715  1.5760805e+02  1.5746659e+02  1.2072502e+02
4.3202621e-01   1005596  1.4253727e+02  1.4300983e+02  1.1049362e+02
4.5754560e-01   1194719  1.2798981e+02  1.2761953e+02  9.3280963e+01
4.8457948e-01   1419743  1.1524972e+02  1.1485986e+02  8.1249153e+01
5.1321525e-01   1686576  1.0410494e+02  1.0465810e+02  7.4863704e+01
5.4354215e-01   2003484  9.3825626e+01  9.3443647e+01  6.3213295e+01
5.7565178e-01   2378778  8.4742053e+01  8.4583466e+01  5.5827064e+01
6.0966698e-01   2828400  7.6495969e+01  7.6774789e+01  5.0172303e+01
6.4568974e-01   3356890  6.9178649e+01  6.8800446e+01  4.2341417e+01
6.8383752e-01   3990317  6.2890995e+01  6.3206919e+01  3.8483590e+01
7.2424344e-01   4738457  5.7407853e+01  5.7026522e+01  3.2559746e+01
7.6703215e-01   5629661  5.3003698e+01  5.3225161e+01  2.9351364e+01
8.1235262e-01   6687903  4.9664045e+01  4.9317214e+01  2.4938088e+01
8.6035444e-01   7945758  4.7540062e+01  4.7706521e+01  2.2312116e+01
9.1118812e-01   9436555  4.6849816e+01  4.6694156e+01  1.9174145e+01
9.6501980e-01  11210320  4.7701455e+01  4.7655024e+01  1.6816881e+01
1.0220366e+00  13318613  5.0235770e+01  5.0442432e+01  1.4766781e+01
1.0824208e+00  15819192  5.4488299e+01  5.4315251e+01  1.2733607e+01
1.1463741e+00  18795348  6.0138130e+01  5.9885345e+01  1.1082941e+01
1.2141088e+00  22326034  6.6171188e+01  6.6243133e+01  9.7128959e+00
1.2858419e+00  26520842  7.1477916e+01  7.1617814e+01  8.4552002e+00
1.3618105e+00  31503438  7.5076500e+01  7.5065784e+01  7.3343640e+00
1.4422695e+00  37426927  7.6703430e+01  7.6719549e+01  6.3742393e+00
1.5275481e+00  44525830  7.7042014e+01  7.6945254e+01  5.5299134e+00
