# Power spectrum from CO𝘕CEPT job 4700975 at t = 13.790394 Gyr, a = 1
#
# Components:
#   0: matter  (upstream grid size 1024)
#
#                           grid size 1024
# ╭────────────────────────────────────────────────────────────────╮
#                         component 0    (corrected)      (linear)
#                        σ₈ = 8.35e-01  σ₈ = 8.35e-01  σ₈ = 7.58e-01
#  k [Mpc⁻¹]    modes       P [Mpc³]       P [Mpc³]       P [Mpc³]
3.0679616e-03         3  4.5251844e+04  4.5251844e+04  4.5256708e+04
5.8212951e-03        25  6.6163511e+04  6.6477958e+04  6.6455776e+04
1.0440195e-02       124  7.6298577e+04  7.7171729e+04  7.8075924e+04
1.6729547e-02       418  6.9418424e+04  7.0054152e+04  7.0105449e+04
2.3240110e-02       730  5.2988272e+04  5.2996066e+04  5.4164229e+04
2.9075630e-02      1012  4.2565739e+04  4.2463697e+04  4.2662451e+04
3.4544381e-02      1408  3.5940642e+04  3.5861730e+04  3.5887204e+04
3.9898901e-02      1841  3.1163055e+04  3.1143708e+04  3.1856572e+04
4.5580519e-02      2698  2.8157955e+04  2.8188399e+04  2.8602811e+04
5.1612543e-02      3532  2.4260443e+04  2.4298234e+04  2.4928174e+04
5.7899473e-02      4702  2.0277036e+04  2.0276738e+04  2.0709520e+04
6.4462744e-02      6019  1.7020598e+04  1.6976400e+04  1.6789851e+04
7.1309305e-02      7766  1.4425465e+04  1.4370976e+04  1.4068977e+04
7.8556104e-02     10012  1.3007251e+04  1.2982700e+04  1.2636446e+04
8.6194331e-02     12589  1.2092792e+04  1.2111765e+04  1.1790952e+04
9.4153926e-02     15650  1.0840713e+04  1.0868845e+04  1.0608321e+04
1.0254095e-01     19757  9.3715849e+03  9.3687696e+03  8.8858893e+03
1.1136076e-01     24241  8.1640800e+03  8.1343996e+03  7.2687038e+03
1.2060245e-01     29993  7.2107433e+03  7.1913697e+03  6.2534663e+03
1.3029316e-01     36494  6.4968117e+03  6.5044964e+03  5.6141169e+03
1.4046583e-01     44825  5.8277366e+03  5.8327061e+03  4.8972948e+03
1.5111985e-01     53906  5.2820645e+03  5.2657144e+03  4.1512973e+03
1.6229170e-01     65729  4.7689796e+03  4.7567552e+03  3.6814738e+03
1.7401323e-01     78746  4.3895102e+03  4.3990974e+03  3.4098088e+03
1.8625264e-01     94374  3.9996491e+03  4.0049176e+03  3.0139186e+03
1.9902230e-01    112166  3.6377750e+03  3.6310782e+03  2.5331482e+03
2.1238854e-01    134373  3.3130355e+03  3.3057352e+03  2.1623246e+03
2.2637810e-01    159077  3.0717036e+03  3.0686891e+03  1.9077779e+03
2.4096993e-01    188172  2.8391858e+03  2.8350715e+03  1.7104490e+03
2.5621802e-01    222492  2.6331332e+03  2.6360551e+03  1.5640565e+03
2.7214102e-01    261771  2.4553125e+03  2.4590074e+03  1.3882742e+03
2.8873063e-01    306759  2.2816970e+03  2.2780252e+03  1.1780769e+03
3.0605468e-01    360898  2.1366520e+03  2.1294301e+03  1.0121692e+03
3.2421519e-01    425046  1.9942719e+03  1.9929656e+03  9.2311459e+02
3.4337900e-01    505555  1.8721127e+03  1.8767444e+03  8.4937386e+02
3.6368055e-01    600292  1.7591664e+03  1.7594643e+03  7.3540242e+02
3.8517334e-01    712930  1.6516714e+03  1.6448740e+03  6.2121835e+02
4.0793004e-01    846715  1.5572863e+03  1.5558886e+03  5.6201248e+02
4.3202621e-01   1005596  1.4639792e+03  1.4688328e+03  5.1438188e+02
4.5754560e-01   1194719  1.3814720e+03  1.3774754e+03  4.3425147e+02
4.8457948e-01   1419743  1.3007797e+03  1.2963795e+03  3.7823955e+02
5.1321525e-01   1686576  1.2290149e+03  1.2355453e+03  3.4851321e+02
5.4354215e-01   2003484  1.1588707e+03  1.1541528e+03  2.9427692e+02
5.7565178e-01   2378778  1.0964300e+03  1.0943781e+03  2.5989171e+02
6.0966698e-01   2828400  1.0368942e+03  1.0406736e+03  2.3356703e+02
6.4568974e-01   3356890  9.8144295e+02  9.7607735e+02  1.9711187e+02
6.8383752e-01   3990317  9.2832661e+02  9.3298992e+02  1.7915249e+02
7.2424344e-01   4738457  8.7868457e+02  8.7284791e+02  1.5157521e+02
7.6703215e-01   5629661  8.3225316e+02  8.3573053e+02  1.3663921e+02
8.1235262e-01   6687903  7.8776422e+02  7.8226283e+02  1.1609409e+02
8.6035444e-01   7945758  7.4546900e+02  7.4807922e+02  1.0386940e+02
9.1118812e-01   9436555  7.0470536e+02  7.0236396e+02  8.9261204e+01
9.6501980e-01  11210320  6.6425640e+02  6.6360984e+02  7.8287438e+01
1.0220366e+00  13318613  6.2586683e+02  6.2844154e+02  6.8743612e+01
1.0824208e+00  15819192  5.8808776e+02  5.8622007e+02  5.9278586e+01
1.1463741e+00  18795348  5.5114103e+02  5.4882436e+02  5.1594250e+01
1.2141088e+00  22326034  5.1538695e+02  5.1594731e+02  4.5216285e+01
1.2858419e+00  26520842  4.8108915e+02  4.8203075e+02  3.9361342e+01
1.3618105e+00  31503438  4.4803355e+02  4.4796960e+02  3.4143521e+01
1.4422695e+00  37426927  4.1656688e+02  4.1665442e+02  2.9673860e+01
1.5275481e+00  44525830  3.8644698e+02  3.8596162e+02  2.5743277e+01
