# Power spectrum from CO𝘕CEPT job 4700975 at t = 6.2821628 Gyr, a = 0.52631579
#
# Components:
#   0: matter  (upstream grid size 1024)
#
#                           grid size 1024
# ╭────────────────────────────────────────────────────────────────╮
#                         component 0    (corrected)      (linear)
#                        σ₈ = 5.03e-01  σ₈ = 5.03e-01  σ₈ = 4.83e-01
#  k [Mpc⁻¹]    modes       P [Mpc³]       P [Mpc³]       P [Mpc³]
3.0679616e-03         3  1.8319392e+04  1.8319392e+04  1.8306596e+04
5.8212951e-03        25  2.6797671e+04  2.6925029e+04  2.6892312e+04
1.0440195e-02       124  3.1066425e+04  3.1421946e+04  3.1609019e+04
1.6729547e-02       418  2.8188021e+04  2.8446164e+04  2.8392819e+04
2.3240110e-02       730  2.1698282e+04  2.1701473e+04  2.1941509e+04
2.9075630e-02      1012  1.7330977e+04  1.7289429e+04  1.7284369e+04
3.4544381e-02      1408  1.4614056e+04  1.4581969e+04  1.4540574e+04
3.9898901e-02      1841  1.2775112e+04  1.2767181e+04  1.2908178e+04
4.5580519e-02      2698  1.1509059e+04  1.1521503e+04  1.1590263e+04
5.1612543e-02      3532  9.9565614e+03  9.9720710e+03  1.0101590e+04
5.7899473e-02      4702  8.2961346e+03  8.2960126e+03  8.3922957e+03
6.4462744e-02      6019  6.8549766e+03  6.8371758e+03  6.8040371e+03
7.1309305e-02      7766  5.7623831e+03  5.7406173e+03  5.7015068e+03
7.8556104e-02     10012  5.1779133e+03  5.1681401e+03  5.1210380e+03
8.6194331e-02     12589  4.8279629e+03  4.8355376e+03  4.7784475e+03
9.4153926e-02     15650  4.3331381e+03  4.3443826e+03  4.2992091e+03
1.0254095e-01     19757  3.6759364e+03  3.6748321e+03  3.6011909e+03
1.1136076e-01     24241  3.1020210e+03  3.0907437e+03  2.9458118e+03
1.2060245e-01     29993  2.6971746e+03  2.6899279e+03  2.5343766e+03
1.3029316e-01     36494  2.4121045e+03  2.4149576e+03  2.2752741e+03
1.4046583e-01     44825  2.1436635e+03  2.1454915e+03  1.9847699e+03
1.5111985e-01     53906  1.8805146e+03  1.8746936e+03  1.6824384e+03
1.6229170e-01     65729  1.6741280e+03  1.6698367e+03  1.4920323e+03
1.7401323e-01     78746  1.5348745e+03  1.5382269e+03  1.3819348e+03
1.8625264e-01     94374  1.3784214e+03  1.3802371e+03  1.2214901e+03
1.9902230e-01    112166  1.2071919e+03  1.2049696e+03  1.0266437e+03
2.1238854e-01    134373  1.0735344e+03  1.0711688e+03  8.7635629e+02
2.2637810e-01    159077  9.7296622e+02  9.7201138e+02  7.7319350e+02
2.4096993e-01    188172  8.8009397e+02  8.7881859e+02  6.9321988e+02
2.5621802e-01    222492  8.0570304e+02  8.0659713e+02  6.3388977e+02
2.7214102e-01    261771  7.3158634e+02  7.3268728e+02  5.6264818e+02
2.8873063e-01    306759  6.5978774e+02  6.5872598e+02  4.7745850e+02
3.0605468e-01    360898  5.9909902e+02  5.9707405e+02  4.1021865e+02
3.2421519e-01    425046  5.5099063e+02  5.5062969e+02  3.7412623e+02
3.4337900e-01    505555  5.0358783e+02  5.0483372e+02  3.4424026e+02
3.6368055e-01    600292  4.6053798e+02  4.6061596e+02  2.9804924e+02
3.8517334e-01    712930  4.2239985e+02  4.2066150e+02  2.5177200e+02
4.0793004e-01    846715  3.8738458e+02  3.8703689e+02  2.2777669e+02
4.3202621e-01   1005596  3.5577196e+02  3.5695146e+02  2.0847267e+02
4.5754560e-01   1194719  3.2662126e+02  3.2567634e+02  1.7599685e+02
4.8457948e-01   1419743  3.0025787e+02  2.9924217e+02  1.5329594e+02
5.1321525e-01   1686576  2.7658826e+02  2.7805793e+02  1.4124825e+02
5.4354215e-01   2003484  2.5511811e+02  2.5407948e+02  1.1926696e+02
5.7565178e-01   2378778  2.3546551e+02  2.3502486e+02  1.0533106e+02
6.0966698e-01   2828400  2.1805995e+02  2.1885475e+02  9.4661996e+01
6.4568974e-01   3356890  2.0217600e+02  2.0107070e+02  7.9887158e+01
6.8383752e-01   3990317  1.8823640e+02  1.8918198e+02  7.2608441e+01
7.2424344e-01   4738457  1.7609360e+02  1.7492390e+02  6.1431697e+01
7.6703215e-01   5629661  1.6586199e+02  1.6655500e+02  5.5378317e+01
8.1235262e-01   6687903  1.5748439e+02  1.5638459e+02  4.7051620e+01
8.6035444e-01   7945758  1.5100810e+02  1.5153685e+02  4.2097096e+01
9.1118812e-01   9436555  1.4638008e+02  1.4589373e+02  3.6176566e+01
9.6501980e-01  11210320  1.4328694e+02  1.4314748e+02  3.1729026e+01
1.0220366e+00  13318613  1.4124218e+02  1.4182323e+02  2.7861024e+01
1.0824208e+00  15819192  1.3972273e+02  1.3927899e+02  2.4024958e+01
1.1463741e+00  18795348  1.3821442e+02  1.3763345e+02  2.0910584e+01
1.2141088e+00  22326034  1.3614932e+02  1.3629735e+02  1.8325668e+01
1.2858419e+00  26520842  1.3334910e+02  1.3361009e+02  1.5952726e+01
1.3618105e+00  31503438  1.3004177e+02  1.3002321e+02  1.3838003e+01
1.4422695e+00  37426927  1.2635931e+02  1.2638586e+02  1.2026500e+01
1.5275481e+00  44525830  1.2237086e+02  1.2221717e+02  1.0433478e+01
