# Power spectrum from CO𝘕CEPT job 4700975 at t = 2.2266881 Gyr, a = 0.25641026
#
# Components:
#   0: matter  (upstream grid size 1024)
#
#                           grid size 1024
# ╭────────────────────────────────────────────────────────────────╮
#                         component 0    (corrected)      (linear)
#                        σ₈ = 2.48e-01  σ₈ = 2.48e-01  σ₈ = 2.47e-01
#  k [Mpc⁻¹]    modes       P [Mpc³]       P [Mpc³]       P [Mpc³]
3.0679616e-03         3  4.7708236e+03  4.7708236e+03  4.7712688e+03
5.8212951e-03        25  6.9825097e+03  7.0156946e+03  7.0137041e+03
1.0440195e-02       124  8.1302626e+03  8.2233044e+03  8.2497199e+03
1.6729547e-02       418  7.3543228e+03  7.4216730e+03  7.4138745e+03
2.3240110e-02       730  5.6996423e+03  5.7004807e+03  5.7308342e+03
2.9075630e-02      1012  4.5277298e+03  4.5168755e+03  4.5150687e+03
3.4544381e-02      1408  3.8126218e+03  3.8042507e+03  3.7986423e+03
3.9898901e-02      1841  3.3559432e+03  3.3538598e+03  3.3723767e+03
4.5580519e-02      2698  3.0150047e+03  3.0182645e+03  3.0281878e+03
5.1612543e-02      3532  2.6166237e+03  2.6206997e+03  2.6393280e+03
5.7899473e-02      4702  2.1766014e+03  2.1765694e+03  2.1927806e+03
6.4462744e-02      6019  1.7788192e+03  1.7742000e+03  1.7778269e+03
7.1309305e-02      7766  1.4900262e+03  1.4843981e+03  1.4897693e+03
7.8556104e-02     10012  1.3358983e+03  1.3333768e+03  1.3381126e+03
8.6194331e-02     12589  1.2447570e+03  1.2467099e+03  1.2486070e+03
9.4153926e-02     15650  1.1165581e+03  1.1194555e+03  1.1233911e+03
1.0254095e-01     19757  9.3740082e+02  9.3711922e+02  9.4100397e+02
1.1136076e-01     24241  7.7451512e+02  7.7169938e+02  7.6975528e+02
1.2060245e-01     29993  6.6626610e+02  6.6447599e+02  6.6224820e+02
1.3029316e-01     36494  5.9409473e+02  5.9479744e+02  5.9454534e+02
1.4046583e-01     44825  5.2171099e+02  5.2215587e+02  5.1863619e+02
1.5111985e-01     53906  4.4647636e+02  4.4509434e+02  4.3963574e+02
1.6229170e-01     65729  3.9424951e+02  3.9323893e+02  3.8988187e+02
1.7401323e-01     78746  3.6188148e+02  3.6267187e+02  3.6111307e+02
1.8625264e-01     94374  3.2069791e+02  3.2112034e+02  3.1918781e+02
1.9902230e-01    112166  2.7222255e+02  2.7172142e+02  2.6827287e+02
2.1238854e-01    134373  2.3511877e+02  2.3460069e+02  2.2900145e+02
2.2637810e-01    159077  2.0846202e+02  2.0825744e+02  2.0204410e+02
2.4096993e-01    188172  1.8590006e+02  1.8563066e+02  1.8114627e+02
2.5621802e-01    222492  1.6851159e+02  1.6869858e+02  1.6564277e+02
2.7214102e-01    261771  1.4972828e+02  1.4995360e+02  1.4702661e+02
2.8873063e-01    306759  1.2967988e+02  1.2947119e+02  1.2476562e+02
3.0605468e-01    360898  1.1371226e+02  1.1332791e+02  1.0719510e+02
3.2421519e-01    425046  1.0275772e+02  1.0269040e+02  9.7763762e+01
3.4337900e-01    505555  9.2507119e+01  9.2735983e+01  8.9954232e+01
3.6368055e-01    600292  8.1492608e+01  8.1506408e+01  7.7883980e+01
3.8517334e-01    712930  7.1396371e+01  7.1102545e+01  6.5791183e+01
4.0793004e-01    846715  6.3777685e+01  6.3720443e+01  5.9520927e+01
4.3202621e-01   1005596  5.7165252e+01  5.7354773e+01  5.4476558e+01
4.5754560e-01   1194719  5.0014813e+01  4.9870120e+01  4.5990226e+01
4.8457948e-01   1419743  4.4134641e+01  4.3985344e+01  4.0058199e+01
5.1321525e-01   1686576  3.9259747e+01  3.9468356e+01  3.6909991e+01
5.4354215e-01   2003484  3.4520770e+01  3.4380230e+01  3.1166002e+01
5.7565178e-01   2378778  3.0410576e+01  3.0353665e+01  2.7524377e+01
6.0966698e-01   2828400  2.6824411e+01  2.6922184e+01  2.4736417e+01
6.4568974e-01   3356890  2.3567262e+01  2.3438419e+01  2.0875562e+01
6.8383752e-01   3990317  2.0799229e+01  2.0903711e+01  1.8973542e+01
7.2424344e-01   4738457  1.8384700e+01  1.8262580e+01  1.6052914e+01
7.6703215e-01   5629661  1.6443354e+01  1.6512059e+01  1.4471089e+01
8.1235262e-01   6687903  1.4981571e+01  1.4876946e+01  1.2295215e+01
8.6035444e-01   7945758  1.4177724e+01  1.4227367e+01  1.1000534e+01
9.1118812e-01   9436555  1.4143673e+01  1.4096680e+01  9.4534221e+00
9.6501980e-01  11210320  1.4998564e+01  1.4983966e+01  8.2912221e+00
1.0220366e+00  13318613  1.7063701e+01  1.7133899e+01  7.2804627e+00
1.0824208e+00  15819192  2.0762419e+01  2.0696480e+01  6.2780482e+00
1.1463741e+00  18795348  2.6712492e+01  2.6600209e+01  5.4642215e+00
1.2141088e+00  22326034  3.5330373e+01  3.5368786e+01  4.7887489e+00
1.2858419e+00  26520842  4.6835492e+01  4.6927160e+01  4.1686679e+00
1.3618105e+00  31503438  5.9726872e+01  5.9718346e+01  3.6160627e+00
1.4422695e+00  37426927  6.9824662e+01  6.9839335e+01  3.1426929e+00
1.5275481e+00  44525830  7.3032419e+01  7.2940695e+01  2.7264153e+00
