# Power spectrum from CO𝘕CEPT job 4700975 at t = 4.2705543 Gyr, a = 0.4
#
# Components:
#   0: matter  (upstream grid size 1024)
#
#                           grid size 1024
# ╭────────────────────────────────────────────────────────────────╮
#                         component 0    (corrected)      (linear)
#                        σ₈ = 3.86e-01  σ₈ = 3.86e-01  σ₈ = 3.78e-01
#  k [Mpc⁻¹]    modes       P [Mpc³]       P [Mpc³]       P [Mpc³]
3.0679616e-03         3  1.1191878e+04  1.1191878e+04  1.1191730e+04
5.8212951e-03        25  1.6374754e+04  1.6452576e+04  1.6444491e+04
1.0440195e-02       124  1.9020177e+04  1.9237841e+04  1.9333675e+04
1.6729547e-02       418  1.7235599e+04  1.7393441e+04  1.7369745e+04
2.3240110e-02       730  1.3308322e+04  1.3310280e+04  1.3424483e+04
2.9075630e-02      1012  1.0604532e+04  1.0579110e+04  1.0575698e+04
3.4544381e-02      1408  8.9367519e+03  8.9171301e+03  8.8971752e+03
3.9898901e-02      1841  7.8365356e+03  7.8316705e+03  7.8985217e+03
4.5580519e-02      2698  7.0513743e+03  7.0589981e+03  7.0922168e+03
5.1612543e-02      3532  6.1091168e+03  6.1186331e+03  6.1813669e+03
5.7899473e-02      4702  5.0858332e+03  5.0857584e+03  5.1354703e+03
6.4462744e-02      6019  4.1800373e+03  4.1691827e+03  4.1636073e+03
7.1309305e-02      7766  3.5067006e+03  3.4934550e+03  3.4889570e+03
7.8556104e-02     10012  3.1476256e+03  3.1416845e+03  3.1337641e+03
8.6194331e-02     12589  2.9351833e+03  2.9397884e+03  2.9241322e+03
9.4153926e-02     15650  2.6339001e+03  2.6407351e+03  2.6308754e+03
1.0254095e-01     19757  2.2220728e+03  2.2214052e+03  2.2037338e+03
1.1136076e-01     24241  1.8553877e+03  1.8486425e+03  1.8026816e+03
1.2060245e-01     29993  1.6046853e+03  1.6003739e+03  1.5509081e+03
1.3029316e-01     36494  1.4325314e+03  1.4342259e+03  1.3923530e+03
1.4046583e-01     44825  1.2669667e+03  1.2680471e+03  1.2145808e+03
1.5111985e-01     53906  1.0977398e+03  1.0943419e+03  1.0295701e+03
1.6229170e-01     65729  9.7308176e+02  9.7058744e+02  9.1305185e+02
1.7401323e-01     78746  8.9239461e+02  8.9434371e+02  8.4567823e+02
1.8625264e-01     94374  7.9631819e+02  7.9736712e+02  7.4749423e+02
1.9902230e-01    112166  6.8725809e+02  6.8599292e+02  6.2825788e+02
2.1238854e-01    134373  6.0353980e+02  6.0220989e+02  5.3628930e+02
2.2637810e-01    159077  5.4143066e+02  5.4089932e+02  4.7315869e+02
2.4096993e-01    188172  4.8612577e+02  4.8542131e+02  4.2421871e+02
2.5621802e-01    222492  4.4280054e+02  4.4329192e+02  3.8791155e+02
2.7214102e-01    261771  3.9754677e+02  3.9814502e+02  3.4431506e+02
2.8873063e-01    306759  3.5285469e+02  3.5228686e+02  2.9218294e+02
3.0605468e-01    360898  3.1579876e+02  3.1473135e+02  2.5103526e+02
3.2421519e-01    425046  2.8806657e+02  2.8787787e+02  2.2894838e+02
3.4337900e-01    505555  2.6068149e+02  2.6132642e+02  2.1065955e+02
3.6368055e-01    600292  2.3493554e+02  2.3497533e+02  1.8239276e+02
3.8517334e-01    712930  2.1193752e+02  2.1106531e+02  1.5407319e+02
4.0793004e-01    846715  1.9184498e+02  1.9167280e+02  1.3938916e+02
4.3202621e-01   1005596  1.7402068e+02  1.7459761e+02  1.2757597e+02
4.5754560e-01   1194719  1.5709869e+02  1.5664420e+02  1.0770223e+02
4.8457948e-01   1419743  1.4212453e+02  1.4164375e+02  9.3810300e+01
5.1321525e-01   1686576  1.2893646e+02  1.2962157e+02  8.6437656e+01
5.4354215e-01   2003484  1.1682588e+02  1.1635027e+02  7.2986088e+01
5.7565178e-01   2378778  1.0606521e+02  1.0586672e+02  6.4457943e+01
6.0966698e-01   2828400  9.6305471e+01  9.6656496e+01  5.7928953e+01
6.4568974e-01   3356890  8.7614710e+01  8.7135716e+01  4.8887409e+01
6.8383752e-01   3990317  8.0144297e+01  8.0546890e+01  4.4433160e+01
7.2424344e-01   4738457  7.3610483e+01  7.3121526e+01  3.7593488e+01
7.6703215e-01   5629661  6.8346001e+01  6.8631568e+01  3.3889089e+01
8.1235262e-01   6687903  6.4324894e+01  6.3875678e+01  2.8793520e+01
8.6035444e-01   7945758  6.1662914e+01  6.1878824e+01  2.5761572e+01
9.1118812e-01   9436555  6.0580003e+01  6.0378724e+01  2.2138469e+01
9.6501980e-01  11210320  6.1142152e+01  6.1082639e+01  1.9416772e+01
1.0220366e+00  13318613  6.3339185e+01  6.3599752e+01  1.7049726e+01
1.0824208e+00  15819192  6.7051768e+01  6.6838820e+01  1.4702222e+01
1.1463741e+00  18795348  7.1745309e+01  7.1443734e+01  1.2796363e+01
1.2141088e+00  22326034  7.6379477e+01  7.6462521e+01  1.1214509e+01
1.2858419e+00  26520842  8.0013420e+01  8.0170024e+01  9.7623730e+00
1.3618105e+00  31503438  8.2148475e+01  8.2136749e+01  8.4682554e+00
1.4422695e+00  37426927  8.2852293e+01  8.2869704e+01  7.3596954e+00
1.5275481e+00  44525830  8.2713302e+01  8.2609419e+01  6.3848365e+00
