# Power spectrum from CO𝘕CEPT job 4700975 at t = 5.4692525 Gyr, a = 0.47619048
#
# Components:
#   0: matter  (upstream grid size 1024)
#
#                           grid size 1024
# ╭────────────────────────────────────────────────────────────────╮
#                         component 0    (corrected)      (linear)
#                        σ₈ = 4.58e-01  σ₈ = 4.58e-01  σ₈ = 4.42e-01
#  k [Mpc⁻¹]    modes       P [Mpc³]       P [Mpc³]       P [Mpc³]
3.0679616e-03         3  1.5380065e+04  1.5380065e+04  1.5371058e+04
5.8212951e-03        25  2.2499638e+04  2.2606569e+04  2.2581869e+04
1.0440195e-02       124  2.6103296e+04  2.6402019e+04  2.6544954e+04
1.6729547e-02       418  2.3673406e+04  2.3890205e+04  2.3845644e+04
2.3240110e-02       730  1.8244790e+04  1.8247473e+04  1.8428245e+04
2.9075630e-02      1012  1.4559543e+04  1.4524640e+04  1.4517107e+04
3.4544381e-02      1408  1.2274364e+04  1.2247414e+04  1.2212757e+04
3.9898901e-02      1841  1.0742691e+04  1.0736022e+04  1.0841789e+04
4.5580519e-02      2698  9.6736486e+03  9.6841076e+03  9.7349171e+03
5.1612543e-02      3532  8.3735135e+03  8.3865572e+03  8.4845928e+03
5.7899473e-02      4702  6.9745861e+03  6.9744836e+03  7.0489398e+03
6.4462744e-02      6019  5.7508989e+03  5.7359652e+03  5.7149322e+03
7.1309305e-02      7766  4.8301609e+03  4.8119163e+03  4.7888932e+03
7.8556104e-02     10012  4.3383992e+03  4.3302106e+03  4.3013461e+03
8.6194331e-02     12589  4.0456721e+03  4.0520195e+03  4.0135985e+03
9.4153926e-02     15650  3.6309020e+03  3.6403242e+03  3.6110730e+03
1.0254095e-01     19757  3.0732427e+03  3.0723194e+03  3.0247838e+03
1.1136076e-01     24241  2.5824684e+03  2.5730799e+03  2.4743070e+03
1.2060245e-01     29993  2.2406927e+03  2.2346724e+03  2.1287275e+03
1.3029316e-01     36494  2.0023433e+03  2.0047118e+03  1.9110979e+03
1.4046583e-01     44825  1.7764465e+03  1.7779614e+03  1.6670922e+03
1.5111985e-01     53906  1.5507347e+03  1.5459346e+03  1.4131517e+03
1.6229170e-01     65729  1.3781424e+03  1.3746097e+03  1.2532221e+03
1.7401323e-01     78746  1.2635458e+03  1.2663056e+03  1.1607469e+03
1.8625264e-01     94374  1.1319459e+03  1.1334369e+03  1.0259826e+03
1.9902230e-01    112166  9.8573902e+02  9.8392437e+02  8.6232294e+02
2.1238854e-01    134373  8.7260478e+02  8.7068199e+02  7.3609010e+02
2.2637810e-01    159077  7.8774896e+02  7.8697590e+02  6.4943927e+02
2.4096993e-01    188172  7.1043356e+02  7.0940404e+02  5.8226599e+02
2.5621802e-01    222492  6.4911051e+02  6.4983083e+02  5.3243209e+02
2.7214102e-01    261771  5.8671629e+02  5.8759922e+02  4.7259318e+02
2.8873063e-01    306759  5.2615944e+02  5.2531273e+02  4.0103863e+02
3.0605468e-01    360898  4.7521508e+02  4.7360884e+02  3.4456092e+02
3.2421519e-01    425046  4.3576056e+02  4.3547511e+02  3.1424531e+02
3.4337900e-01    505555  3.9661404e+02  3.9759527e+02  2.8914277e+02
3.6368055e-01    600292  3.6083908e+02  3.6090019e+02  2.5034490e+02
3.8517334e-01    712930  3.2909158e+02  3.2773723e+02  2.1147458e+02
4.0793004e-01    846715  3.0025611e+02  2.9998662e+02  1.9131986e+02
4.3202621e-01   1005596  2.7446501e+02  2.7537495e+02  1.7510555e+02
4.5754560e-01   1194719  2.5053561e+02  2.4981081e+02  1.4782766e+02
4.8457948e-01   1419743  2.2901729e+02  2.2824258e+02  1.2876015e+02
5.1321525e-01   1686576  2.0983821e+02  2.1095320e+02  1.1864076e+02
5.4354215e-01   2003484  1.9238463e+02  1.9160141e+02  1.0017769e+02
5.7565178e-01   2378778  1.7655000e+02  1.7621960e+02  8.8472302e+01
6.0966698e-01   2828400  1.6242278e+02  1.6301480e+02  7.9510877e+01
6.4568974e-01   3356890  1.4964322e+02  1.4882512e+02  6.7100826e+01
6.8383752e-01   3990317  1.3852993e+02  1.3922581e+02  6.0987105e+01
7.2424344e-01   4738457  1.2885520e+02  1.2799928e+02  5.1599255e+01
7.6703215e-01   5629661  1.2084811e+02  1.2135304e+02  4.6514749e+01
8.1235262e-01   6687903  1.1451839e+02  1.1371865e+02  3.9520781e+01
8.6035444e-01   7945758  1.0990978e+02  1.1029463e+02  3.5359254e+01
9.1118812e-01   9436555  1.0709561e+02  1.0673978e+02  3.0386334e+01
9.6501980e-01  11210320  1.0597308e+02  1.0586993e+02  2.6650645e+01
1.0220366e+00  13318613  1.0613317e+02  1.0656978e+02  2.3401736e+01
1.0824208e+00  15819192  1.0718955e+02  1.0684913e+02  2.0179650e+01
1.1463741e+00  18795348  1.0842535e+02  1.0796959e+02  1.7563748e+01
1.2141088e+00  22326034  1.0915013e+02  1.0926881e+02  1.5392560e+01
1.2858419e+00  26520842  1.0889167e+02  1.0910479e+02  1.3399419e+01
1.3618105e+00  31503438  1.0782837e+02  1.0781298e+02  1.1623167e+01
1.4422695e+00  37426927  1.0605015e+02  1.0607244e+02  1.0101604e+01
1.5275481e+00  44525830  1.0391831e+02  1.0378779e+02  8.7635533e+00
