# Power spectrum from CO𝘕CEPT job 4700975 at t = 5.8536224 Gyr, a = 0.5
#
# Components:
#   0: matter  (upstream grid size 1024)
#
#                           grid size 1024
# ╭────────────────────────────────────────────────────────────────╮
#                         component 0    (corrected)      (linear)
#                        σ₈ = 4.79e-01  σ₈ = 4.79e-01  σ₈ = 4.62e-01
#  k [Mpc⁻¹]    modes       P [Mpc³]       P [Mpc³]       P [Mpc³]
3.0679616e-03         3  1.6762442e+04  1.6762442e+04  1.6751200e+04
5.8212951e-03        25  2.4521068e+04  2.4637606e+04  2.4608466e+04
1.0440195e-02       124  2.8438246e+04  2.8763690e+04  2.8925928e+04
1.6729547e-02       418  2.5797013e+04  2.6033259e+04  2.5983635e+04
2.3240110e-02       730  1.9870069e+04  1.9872991e+04  2.0080132e+04
2.9075630e-02      1012  1.5863400e+04  1.5825371e+04  1.5818244e+04
3.4544381e-02      1408  1.3375019e+04  1.3345652e+04  1.3307277e+04
3.9898901e-02      1841  1.1699264e+04  1.1692001e+04  1.1813391e+04
4.5580519e-02      2698  1.0537354e+04  1.0548747e+04  1.0607290e+04
5.1612543e-02      3532  9.1186462e+03  9.1328505e+03  9.2448968e+03
5.7899473e-02      4702  7.5965206e+03  7.5964089e+03  7.6805798e+03
6.4462744e-02      6019  6.2700011e+03  6.2537193e+03  6.2270252e+03
7.1309305e-02      7766  5.2682545e+03  5.2483551e+03  5.2180011e+03
7.8556104e-02     10012  4.7328477e+03  4.7239146e+03  4.6867628e+03
8.6194331e-02     12589  4.4133084e+03  4.4202326e+03  4.3732285e+03
9.4153926e-02     15650  3.9609344e+03  3.9712130e+03  3.9346329e+03
1.0254095e-01     19757  3.3561735e+03  3.3551653e+03  3.2958091e+03
1.1136076e-01     24241  2.8259010e+03  2.8156275e+03  2.6960075e+03
1.2060245e-01     29993  2.4543777e+03  2.4477834e+03  2.3194629e+03
1.3029316e-01     36494  2.1940756e+03  2.1966708e+03  2.0823329e+03
1.4046583e-01     44825  1.9482011e+03  1.9498624e+03  1.8164637e+03
1.5111985e-01     53906  1.7046650e+03  1.6993883e+03  1.5397699e+03
1.6229170e-01     65729  1.5161889e+03  1.5123025e+03  1.3655103e+03
1.7401323e-01     78746  1.3900708e+03  1.3931069e+03  1.2647491e+03
1.8625264e-01     94374  1.2467800e+03  1.2484223e+03  1.1179099e+03
1.9902230e-01    112166  1.0886977e+03  1.0866935e+03  9.3958635e+02
2.1238854e-01    134373  9.6591110e+02  9.6378271e+02  8.0204308e+02
2.2637810e-01    159077  8.7363864e+02  8.7278128e+02  7.0762835e+02
2.4096993e-01    188172  7.8901120e+02  7.8786781e+02  6.3443637e+02
2.5621802e-01    222492  7.2158522e+02  7.2238596e+02  5.8013736e+02
2.7214102e-01    261771  6.5364245e+02  6.5462610e+02  5.1493693e+02
2.8873063e-01    306759  5.8781051e+02  5.8686458e+02  4.3697116e+02
3.0605468e-01    360898  5.3227839e+02  5.3047928e+02  3.7543310e+02
3.2421519e-01    425046  4.8880265e+02  4.8848245e+02  3.4240125e+02
3.4337900e-01    505555  4.4576832e+02  4.4687116e+02  3.1504955e+02
3.6368055e-01    600292  4.0659475e+02  4.0666360e+02  2.7277543e+02
3.8517334e-01    712930  3.7187067e+02  3.7034027e+02  2.3042238e+02
4.0793004e-01    846715  3.4012641e+02  3.3982114e+02  2.0846182e+02
4.3202621e-01   1005596  3.1162232e+02  3.1265544e+02  1.9079473e+02
4.5754560e-01   1194719  2.8526159e+02  2.8443632e+02  1.6107278e+02
4.8457948e-01   1419743  2.6148885e+02  2.6060429e+02  1.4029686e+02
5.1321525e-01   1686576  2.4022608e+02  2.4150253e+02  1.2927078e+02
5.4354215e-01   2003484  2.2091887e+02  2.2001948e+02  1.0915344e+02
5.7565178e-01   2378778  2.0330520e+02  2.0292473e+02  9.6399272e+01
6.0966698e-01   2828400  1.8766750e+02  1.8835153e+02  8.6634917e+01
6.4568974e-01   3356890  1.7345192e+02  1.7250365e+02  7.3112945e+01
6.8383752e-01   3990317  1.6103425e+02  1.6184318e+02  6.6451445e+01
7.2424344e-01   4738457  1.5023318e+02  1.4923525e+02  5.6222459e+01
7.6703215e-01   5629661  1.4120999e+02  1.4180000e+02  5.0682389e+01
8.1235262e-01   6687903  1.3395943e+02  1.3302392e+02  4.3061773e+01
8.6035444e-01   7945758  1.2852775e+02  1.2897778e+02  3.8527380e+01
9.1118812e-01   9436555  1.2492230e+02  1.2450724e+02  3.3108895e+01
9.6501980e-01  11210320  1.2295378e+02  1.2283410e+02  2.9038494e+01
1.0220366e+00  13318613  1.2214141e+02  1.2264388e+02  2.5498488e+01
1.0824208e+00  15819192  1.2204593e+02  1.2165833e+02  2.1987710e+01
1.1463741e+00  18795348  1.2201224e+02  1.2149938e+02  1.9137427e+01
1.2141088e+00  22326034  1.2143956e+02  1.2157160e+02  1.6771704e+01
1.2858419e+00  26520842  1.1998432e+02  1.2021915e+02  1.4599981e+01
1.3618105e+00  31503438  1.1789854e+02  1.1788172e+02  1.2664580e+01
1.4422695e+00  37426927  1.1525886e+02  1.1528308e+02  1.1006688e+01
1.5275481e+00  44525830  1.1228310e+02  1.1214207e+02  9.5487504e+00
