# Power spectrum from CO𝘕CEPT job 4700975 at t = 2.8503019 Gyr, a = 0.3030303
#
# Components:
#   0: matter  (upstream grid size 1024)
#
#                           grid size 1024
# ╭────────────────────────────────────────────────────────────────╮
#                         component 0    (corrected)      (linear)
#                        σ₈ = 2.93e-01  σ₈ = 2.93e-01  σ₈ = 2.90e-01
#  k [Mpc⁻¹]    modes       P [Mpc³]       P [Mpc³]       P [Mpc³]
3.0679616e-03         3  6.6029248e+03  6.6029248e+03  6.6041602e+03
5.8212951e-03        25  9.6626750e+03  9.7085976e+03  9.7063694e+03
1.0440195e-02       124  1.1241838e+04  1.1370488e+04  1.1414910e+04
1.6729547e-02       418  1.0175130e+04  1.0268313e+04  1.0257283e+04
2.3240110e-02       730  7.8761913e+03  7.8773499e+03  7.9283084e+03
2.9075630e-02      1012  6.2632151e+03  6.2482004e+03  6.2461837e+03
3.4544381e-02      1408  5.2754084e+03  5.2638255e+03  5.2549854e+03
3.9898901e-02      1841  4.6377108e+03  4.6348316e+03  4.6652442e+03
4.5580519e-02      2698  4.1687127e+03  4.1732199e+03  4.1890689e+03
5.1612543e-02      3532  3.6158401e+03  3.6214725e+03  3.6511134e+03
5.7899473e-02      4702  3.0084433e+03  3.0083991e+03  3.0333677e+03
6.4462744e-02      6019  2.4629214e+03  2.4565258e+03  2.4593353e+03
7.1309305e-02      7766  2.0638179e+03  2.0560224e+03  2.0608484e+03
7.8556104e-02     10012  1.8509916e+03  1.8474979e+03  1.8510524e+03
8.6194331e-02     12589  1.7253289e+03  1.7280358e+03  1.7272333e+03
9.4153926e-02     15650  1.5478162e+03  1.5518328e+03  1.5540163e+03
1.0254095e-01     19757  1.3011766e+03  1.3007858e+03  1.3017138e+03
1.1136076e-01     24241  1.0784151e+03  1.0744945e+03  1.0648202e+03
1.2060245e-01     29993  9.2915190e+02  9.2665548e+02  9.1610240e+02
1.3029316e-01     36494  8.2870882e+02  8.2968904e+02  8.2244701e+02
1.4046583e-01     44825  7.2948699e+02  7.3010906e+02  7.1743986e+02
1.5111985e-01     53906  6.2653177e+02  6.2459240e+02  6.0815664e+02
1.6229170e-01     65729  5.5381977e+02  5.5240016e+02  5.3933092e+02
1.7401323e-01     78746  5.0818610e+02  5.0929604e+02  4.9953433e+02
1.8625264e-01     94374  4.5128284e+02  4.5187728e+02  4.4153822e+02
1.9902230e-01    112166  3.8503034e+02  3.8432153e+02  3.7110656e+02
2.1238854e-01    134373  3.3433369e+02  3.3359698e+02  3.1678165e+02
2.2637810e-01    159077  2.9751448e+02  2.9722251e+02  2.7949103e+02
2.4096993e-01    188172  2.6579612e+02  2.6541095e+02  2.5058266e+02
2.5621802e-01    222492  2.4124324e+02  2.4151095e+02  2.2913637e+02
2.7214102e-01    261771  2.1497792e+02  2.1530143e+02  2.0338432e+02
2.8873063e-01    306759  1.8775634e+02  1.8745419e+02  1.7259030e+02
3.0605468e-01    360898  1.6579313e+02  1.6523274e+02  1.4828470e+02
3.2421519e-01    425046  1.5021132e+02  1.5011292e+02  1.3523817e+02
3.4337900e-01    505555  1.3530015e+02  1.3563489e+02  1.2443511e+02
3.6368055e-01    600292  1.2013117e+02  1.2015151e+02  1.0773813e+02
3.8517334e-01    712930  1.0637482e+02  1.0593704e+02  9.1009971e+01
4.0793004e-01    846715  9.5384326e+01  9.5298716e+01  8.2336223e+01
4.3202621e-01   1005596  8.5745837e+01  8.6030111e+01  7.5358265e+01
4.5754560e-01   1194719  7.5889932e+01  7.5670382e+01  6.3618988e+01
4.8457948e-01   1419743  6.7541685e+01  6.7313207e+01  5.5413121e+01
5.1321525e-01   1686576  6.0418979e+01  6.0740019e+01  5.1058153e+01
5.4354215e-01   2003484  5.3713475e+01  5.3494800e+01  4.3112404e+01
5.7565178e-01   2378778  4.7833545e+01  4.7744029e+01  3.8074888e+01
6.0966698e-01   2828400  4.2581944e+01  4.2737151e+01  3.4218258e+01
6.4568974e-01   3356890  3.7904306e+01  3.7697081e+01  2.8877479e+01
6.8383752e-01   3990317  3.3881002e+01  3.4051198e+01  2.6246384e+01
7.2424344e-01   4738457  3.0394805e+01  3.0192908e+01  2.2206236e+01
7.6703215e-01   5629661  2.7597177e+01  2.7712485e+01  2.0018072e+01
8.1235262e-01   6687903  2.5488789e+01  2.5310787e+01  1.7008152e+01
8.6035444e-01   7945758  2.4263183e+01  2.4348139e+01  1.5217201e+01
9.1118812e-01   9436555  2.4075060e+01  2.3995070e+01  1.3077057e+01
9.6501980e-01  11210320  2.5073559e+01  2.5049154e+01  1.1469368e+01
1.0220366e+00  13318613  2.7581423e+01  2.7694889e+01  1.0071170e+01
1.0824208e+00  15819192  3.1947076e+01  3.1845616e+01  8.6845146e+00
1.1463741e+00  18795348  3.8483226e+01  3.8321466e+01  7.5587359e+00
1.2141088e+00  22326034  4.6848591e+01  4.6899528e+01  6.6243446e+00
1.2858419e+00  26520842  5.6198987e+01  5.6308981e+01  5.7665773e+00
1.3618105e+00  31503438  6.4500965e+01  6.4491758e+01  5.0021501e+00
1.4422695e+00  37426927  6.9395305e+01  6.9409888e+01  4.3473307e+00
1.5275481e+00  44525830  7.0633816e+01  7.0545104e+01  3.7714877e+00
