# Power spectrum from CO𝘕CEPT job 4700975 at t = 6.7616577 Gyr, a = 0.55555556
#
# Components:
#   0: matter  (upstream grid size 1024)
#
#                           grid size 1024
# ╭────────────────────────────────────────────────────────────────╮
#                         component 0    (corrected)      (linear)
#                        σ₈ = 5.29e-01  σ₈ = 5.29e-01  σ₈ = 5.05e-01
#  k [Mpc⁻¹]    modes       P [Mpc³]       P [Mpc³]       P [Mpc³]
3.0679616e-03         3  2.0076390e+04  2.0076390e+04  2.0063215e+04
5.8212951e-03        25  2.9366656e+04  2.9506223e+04  2.9471517e+04
1.0440195e-02       124  3.4030288e+04  3.4419727e+04  3.4638966e+04
1.6729547e-02       418  3.0885247e+04  3.1168092e+04  3.1113340e+04
2.3240110e-02       730  2.3758536e+04  2.3762030e+04  2.4043379e+04
2.9075630e-02      1012  1.8985925e+04  1.8940410e+04  1.8939897e+04
3.4544381e-02      1408  1.6011491e+04  1.5976336e+04  1.5933185e+04
3.9898901e-02      1841  1.3987288e+04  1.3978604e+04  1.4144379e+04
4.5580519e-02      2698  1.2604263e+04  1.2617890e+04  1.2700201e+04
5.1612543e-02      3532  1.0900489e+04  1.0917469e+04  1.1068934e+04
5.7899473e-02      4702  9.0845592e+03  9.0844257e+03  9.1959337e+03
6.4462744e-02      6019  7.5154948e+03  7.4959788e+03  7.4555719e+03
7.1309305e-02      7766  6.3208804e+03  6.2970050e+03  6.2474577e+03
7.8556104e-02     10012  5.6811635e+03  5.6704404e+03  5.6113994e+03
8.6194331e-02     12589  5.2966120e+03  5.3049220e+03  5.2359995e+03
9.4153926e-02     15650  4.7537507e+03  4.7660866e+03  4.7108689e+03
1.0254095e-01     19757  4.0381373e+03  4.0369243e+03  3.9460113e+03
1.1136076e-01     24241  3.4160186e+03  3.4035997e+03  3.2278768e+03
1.2060245e-01     29993  2.9737930e+03  2.9658031e+03  2.7770450e+03
1.3029316e-01     36494  2.6607337e+03  2.6638808e+03  2.4931324e+03
1.4046583e-01     44825  2.3667292e+03  2.3687474e+03  2.1748117e+03
1.5111985e-01     53906  2.0820128e+03  2.0755682e+03  1.8435314e+03
1.6229170e-01     65729  1.8554014e+03  1.8506454e+03  1.6348936e+03
1.7401323e-01     78746  1.7011437e+03  1.7048592e+03  1.5142541e+03
1.8625264e-01     94374  1.5298381e+03  1.5318533e+03  1.3384466e+03
1.9902230e-01    112166  1.3440599e+03  1.3415857e+03  1.1249438e+03
2.1238854e-01    134373  1.1981154e+03  1.1954753e+03  9.6026636e+02
2.2637810e-01    159077  1.0882563e+03  1.0871883e+03  8.4722577e+02
2.4096993e-01    188172  9.8607881e+02  9.8464985e+02  7.5959471e+02
2.5621802e-01    222492  9.0371757e+02  9.0472042e+02  6.9458377e+02
2.7214102e-01    261771  8.2272484e+02  8.2396292e+02  6.1652087e+02
2.8873063e-01    306759  7.4416816e+02  7.4297061e+02  5.2317438e+02
3.0605468e-01    360898  6.7768578e+02  6.7539518e+02  4.4949639e+02
3.2421519e-01    425046  6.2420880e+02  6.2379990e+02  4.0994816e+02
3.4337900e-01    505555  5.7189892e+02  5.7331381e+02  3.7720065e+02
3.6368055e-01    600292  5.2441573e+02  5.2450454e+02  3.2658692e+02
3.8517334e-01    712930  4.8234225e+02  4.8035721e+02  2.7587870e+02
4.0793004e-01    846715  4.4364516e+02  4.4324698e+02  2.4958588e+02
4.3202621e-01   1005596  4.0845599e+02  4.0981015e+02  2.2843353e+02
4.5754560e-01   1194719  3.7610828e+02  3.7502019e+02  1.9284821e+02
4.8457948e-01   1419743  3.4675606e+02  3.4558307e+02  1.6797373e+02
5.1321525e-01   1686576  3.2031445e+02  3.2201646e+02  1.5477249e+02
5.4354215e-01   2003484  2.9628763e+02  2.9508140e+02  1.3068653e+02
5.7565178e-01   2378778  2.7430945e+02  2.7379611e+02  1.1541630e+02
6.0966698e-01   2828400  2.5480424e+02  2.5573298e+02  1.0372569e+02
6.4568974e-01   3356890  2.3697475e+02  2.3567920e+02  8.7536187e+01
6.8383752e-01   3990317  2.2124775e+02  2.2235916e+02  7.9560548e+01
7.2424344e-01   4738457  2.0748675e+02  2.0610853e+02  6.7313652e+01
7.6703215e-01   5629661  1.9580330e+02  1.9662141e+02  6.0680673e+01
8.1235262e-01   6687903  1.8604098e+02  1.8474175e+02  5.1556712e+01
8.6035444e-01   7945758  1.7824835e+02  1.7887248e+02  4.6127803e+01
9.1118812e-01   9436555  1.7231339e+02  1.7174088e+02  3.9640394e+01
9.6501980e-01  11210320  1.6774791e+02  1.6758463e+02  3.4767011e+01
1.0220366e+00  13318613  1.6415758e+02  1.6483289e+02  3.0528656e+01
1.0824208e+00  15819192  1.6090490e+02  1.6039389e+02  2.6325294e+01
1.1463741e+00  18795348  1.5766694e+02  1.5700421e+02  2.2912726e+01
1.2141088e+00  22326034  1.5389321e+02  1.5406054e+02  2.0080310e+01
1.2858419e+00  26520842  1.4954335e+02  1.4983604e+02  1.7480164e+01
1.3618105e+00  31503438  1.4478173e+02  1.4476107e+02  1.5162960e+01
1.4422695e+00  37426927  1.3979895e+02  1.3982833e+02  1.3178009e+01
1.5275481e+00  44525830  1.3460755e+02  1.3443849e+02  1.1432459e+01
