# Power spectrum from CO𝘕CEPT job 4700975 at t = 2.6134779 Gyr, a = 0.28571429
#
# Components:
#   0: matter  (upstream grid size 1024)
#
#                           grid size 1024
# ╭────────────────────────────────────────────────────────────────╮
#                         component 0    (corrected)      (linear)
#                        σ₈ = 2.76e-01  σ₈ = 2.76e-01  σ₈ = 2.74e-01
#  k [Mpc⁻¹]    modes       P [Mpc³]       P [Mpc³]       P [Mpc³]
3.0679616e-03         3  5.8915117e+03  5.8915117e+03  5.8924259e+03
5.8212951e-03        25  8.6219895e+03  8.6629662e+03  8.6608228e+03
1.0440195e-02       124  1.0034070e+04  1.0148899e+04  1.0185948e+04
1.6729547e-02       418  9.0799365e+03  9.1630898e+03  9.1533029e+03
2.3240110e-02       730  7.0316113e+03  7.0326456e+03  7.0751366e+03
2.9075630e-02      1012  5.5894720e+03  5.5760724e+03  5.5740840e+03
3.4544381e-02      1408  4.7074619e+03  4.6971261e+03  4.6895688e+03
3.9898901e-02      1841  4.1403339e+03  4.1377635e+03  4.1632984e+03
4.5580519e-02      2698  3.7209206e+03  3.7249436e+03  3.7383674e+03
5.1612543e-02      3532  3.2281118e+03  3.2331403e+03  3.2582980e+03
5.7899473e-02      4702  2.6856130e+03  2.6855736e+03  2.7070190e+03
6.4462744e-02      6019  2.1971757e+03  2.1914702e+03  2.1947476e+03
7.1309305e-02      7766  1.8408555e+03  1.8339021e+03  1.8391339e+03
7.8556104e-02     10012  1.6507980e+03  1.6476821e+03  1.6519099e+03
8.6194331e-02     12589  1.5385376e+03  1.5409514e+03  1.5414128e+03
9.4153926e-02     15650  1.3801779e+03  1.3837595e+03  1.3868317e+03
1.0254095e-01     19757  1.1596416e+03  1.1592932e+03  1.1616730e+03
1.1136076e-01     24241  9.5996308e+02  9.5647314e+02  9.5026521e+02
1.2060245e-01     29993  8.2658989e+02  8.2436902e+02  8.1754696e+02
1.3029316e-01     36494  7.3715396e+02  7.3802589e+02  7.3396732e+02
1.4046583e-01     44825  6.4831626e+02  6.4886911e+02  6.4025709e+02
1.5111985e-01     53906  5.5604244e+02  5.5432127e+02  5.4273075e+02
1.6229170e-01     65729  4.9130545e+02  4.9004608e+02  4.8130942e+02
1.7401323e-01     78746  4.5087605e+02  4.5186082e+02  4.4579423e+02
1.8625264e-01     94374  4.0007112e+02  4.0059810e+02  3.9403740e+02
1.9902230e-01    112166  3.4067139e+02  3.4004425e+02  3.3118284e+02
2.1238854e-01    134373  2.9521879e+02  2.9456827e+02  2.8270223e+02
2.2637810e-01    159077  2.6234294e+02  2.6208549e+02  2.4942336e+02
2.4096993e-01    188172  2.3420212e+02  2.3386273e+02  2.2362497e+02
2.5621802e-01    222492  2.1245677e+02  2.1269253e+02  2.0448589e+02
2.7214102e-01    261771  1.8910990e+02  1.8939448e+02  1.8150425e+02
2.8873063e-01    306759  1.6465188e+02  1.6438691e+02  1.5402306e+02
3.0605468e-01    360898  1.4501723e+02  1.4452707e+02  1.3233226e+02
3.2421519e-01    425046  1.3125043e+02  1.3116445e+02  1.2068927e+02
3.4337900e-01    505555  1.1818046e+02  1.1847284e+02  1.1104841e+02
3.6368055e-01    600292  1.0462648e+02  1.0464420e+02  9.6147688e+01
3.8517334e-01    712930  9.2288624e+01  9.1908818e+01  8.1219140e+01
4.0793004e-01    846715  8.2629942e+01  8.2555780e+01  7.3478514e+01
4.3202621e-01   1005596  7.4188016e+01  7.4433972e+01  6.7251244e+01
4.5754560e-01   1194719  6.5387342e+01  6.5198176e+01  5.6774876e+01
4.8457948e-01   1419743  5.8011111e+01  5.7814872e+01  4.9451794e+01
5.1321525e-01   1686576  5.1775944e+01  5.2051059e+01  4.5565333e+01
5.4354215e-01   2003484  4.5849073e+01  4.5662415e+01  3.8474387e+01
5.7565178e-01   2378778  4.0667181e+01  4.0591076e+01  3.3978805e+01
6.0966698e-01   2828400  3.6075065e+01  3.6206556e+01  3.0537071e+01
6.4568974e-01   3356890  3.1963293e+01  3.1788548e+01  2.5770851e+01
6.8383752e-01   3990317  2.8435224e+01  2.8578064e+01  2.3422809e+01
7.2424344e-01   4738457  2.5375490e+01  2.5206934e+01  1.9817298e+01
7.6703215e-01   5629661  2.2919140e+01  2.3014902e+01  1.7864536e+01
8.1235262e-01   6687903  2.1068948e+01  2.0921812e+01  1.5178423e+01
8.6035444e-01   7945758  2.0015794e+01  2.0085879e+01  1.3580141e+01
9.1118812e-01   9436555  1.9898133e+01  1.9832021e+01  1.1670234e+01
9.6501980e-01  11210320  2.0857234e+01  2.0836933e+01  1.0235499e+01
1.0220366e+00  13318613  2.3227083e+01  2.3322635e+01  8.9877183e+00
1.0824208e+00  15819192  2.7400747e+01  2.7313726e+01  7.7502390e+00
1.1463741e+00  18795348  3.3829934e+01  3.3687733e+01  6.7455712e+00
1.2141088e+00  22326034  4.2454343e+01  4.2500502e+01  5.9117013e+00
1.2858419e+00  26520842  5.2744182e+01  5.2847414e+01  5.1462122e+00
1.3618105e+00  31503438  6.2659888e+01  6.2650944e+01  4.4640219e+00
1.4422695e+00  37426927  6.9062673e+01  6.9077186e+01  3.8796477e+00
1.5275481e+00  44525830  7.0733399e+01  7.0644562e+01  3.3657536e+00
