# Power spectrum from CO𝘕CEPT job 4700975 at t = 4.0360452 Gyr, a = 0.38461538
#
# Components:
#   0: matter  (upstream grid size 1024)
#
#                           grid size 1024
# ╭────────────────────────────────────────────────────────────────╮
#                         component 0    (corrected)      (linear)
#                        σ₈ = 3.71e-01  σ₈ = 3.71e-01  σ₈ = 3.64e-01
#  k [Mpc⁻¹]    modes       P [Mpc³]       P [Mpc³]       P [Mpc³]
3.0679616e-03         3  1.0401496e+04  1.0401496e+04  1.0402285e+04
5.8212951e-03        25  1.5218787e+04  1.5291115e+04  1.5285082e+04
1.0440195e-02       124  1.7681865e+04  1.7884214e+04  1.7971257e+04
1.6729547e-02       418  1.6020030e+04  1.6166740e+04  1.6146155e+04
2.3240110e-02       730  1.2374544e+04  1.2376364e+04  1.2478997e+04
2.9075630e-02      1012  9.8573797e+03  9.8337488e+03  9.8309284e+03
3.4544381e-02      1408  8.3064354e+03  8.2881976e+03  8.2706504e+03
3.9898901e-02      1841  7.2867064e+03  7.2821827e+03  7.3423439e+03
4.5580519e-02      2698  6.5555847e+03  6.5626725e+03  6.5928312e+03
5.1612543e-02      3532  5.6806140e+03  5.6894628e+03  5.7461278e+03
5.7899473e-02      4702  4.7286320e+03  4.7285625e+03  4.7738810e+03
6.4462744e-02      6019  3.8839547e+03  3.8738689e+03  3.8704514e+03
7.1309305e-02      7766  3.2576250e+03  3.2453202e+03  3.2433054e+03
7.8556104e-02     10012  2.9236700e+03  2.9181517e+03  2.9131230e+03
8.6194331e-02     12589  2.7262419e+03  2.7305192e+03  2.7182524e+03
9.4153926e-02     15650  2.4463115e+03  2.4526597e+03  2.4456441e+03
1.0254095e-01     19757  2.0625349e+03  2.0619153e+03  2.0485769e+03
1.1136076e-01     24241  1.7200342e+03  1.7137810e+03  1.6757619e+03
1.2060245e-01     29993  1.4866770e+03  1.4826827e+03  1.4417151e+03
1.3029316e-01     36494  1.3269479e+03  1.3285174e+03  1.2943235e+03
1.4046583e-01     44825  1.1727647e+03  1.1737648e+03  1.1290677e+03
1.5111985e-01     53906  1.0146243e+03  1.0114836e+03  9.5708291e+02
1.6229170e-01     65729  8.9896574e+02  8.9666141e+02  8.4876824e+02
1.7401323e-01     78746  8.2448635e+02  8.2628712e+02  7.8613817e+02
1.8625264e-01     94374  7.3513699e+02  7.3610534e+02  6.9486689e+02
1.9902230e-01    112166  6.3328698e+02  6.3212116e+02  5.8402543e+02
2.1238854e-01    134373  5.5517731e+02  5.5395397e+02  4.9853192e+02
2.2637810e-01    159077  4.9740048e+02  4.9691235e+02  4.3984604e+02
2.4096993e-01    188172  4.4620873e+02  4.4556211e+02  3.9435169e+02
2.5621802e-01    222492  4.0619225e+02  4.0664300e+02  3.6060074e+02
2.7214102e-01    261771  3.6420943e+02  3.6475751e+02  3.2007367e+02
2.8873063e-01    306759  3.2250455e+02  3.2198557e+02  2.7161190e+02
3.0605468e-01    360898  2.8805945e+02  2.8708581e+02  2.3336122e+02
3.2421519e-01    425046  2.6247004e+02  2.6229811e+02  2.1282936e+02
3.4337900e-01    505555  2.3728194e+02  2.3786898e+02  1.9582816e+02
3.6368055e-01    600292  2.1338433e+02  2.1342047e+02  1.6955148e+02
3.8517334e-01    712930  1.9199954e+02  1.9120938e+02  1.4322574e+02
4.0793004e-01    846715  1.7352387e+02  1.7336813e+02  1.2957553e+02
4.3202621e-01   1005596  1.5715537e+02  1.5767639e+02  1.1859405e+02
4.5754560e-01   1194719  1.4149071e+02  1.4108138e+02  1.0011951e+02
4.8457948e-01   1419743  1.2769915e+02  1.2726717e+02  8.7205635e+01
5.1321525e-01   1686576  1.1559210e+02  1.1620630e+02  8.0352059e+01
5.4354215e-01   2003484  1.0445066e+02  1.0402542e+02  6.7847543e+01
5.7565178e-01   2378778  9.4582149e+01  9.4405146e+01  5.9919817e+01
6.0966698e-01   2828400  8.5622200e+01  8.5934285e+01  5.3850498e+01
6.4568974e-01   3356890  7.7660075e+01  7.7235504e+01  4.5445519e+01
6.8383752e-01   3990317  7.0819181e+01  7.1174931e+01  4.1304869e+01
7.2424344e-01   4738457  6.4843254e+01  6.4412533e+01  3.4946741e+01
7.6703215e-01   5629661  6.0038402e+01  6.0289258e+01  3.1503149e+01
8.1235262e-01   6687903  5.6383439e+01  5.5989683e+01  2.6766330e+01
8.6035444e-01   7945758  5.4013327e+01  5.4202452e+01  2.3947844e+01
9.1118812e-01   9436555  5.3151250e+01  5.2974653e+01  2.0579824e+01
9.6501980e-01  11210320  5.3884789e+01  5.3832340e+01  1.8049746e+01
1.0220366e+00  13318613  5.6287021e+01  5.6518577e+01  1.5849351e+01
1.0824208e+00  15819192  6.0317517e+01  6.0125957e+01  1.3667122e+01
1.1463741e+00  18795348  6.5543021e+01  6.5267517e+01  1.1895444e+01
1.2141088e+00  22326034  7.0919255e+01  7.0996362e+01  1.0424959e+01
1.2858419e+00  26520842  7.5406512e+01  7.5554099e+01  9.0750602e+00
1.3618105e+00  31503438  7.8272224e+01  7.8261051e+01  7.8720540e+00
1.4422695e+00  37426927  7.9446295e+01  7.9462990e+01  6.8415415e+00
1.5275481e+00  44525830  7.9571289e+01  7.9471353e+01  5.9353171e+00
