# Power spectrum from CO𝘕CEPT job 4700975 at t = 2.4073483 Gyr, a = 0.27027027
#
# Components:
#   0: matter  (upstream grid size 1024)
#
#                           grid size 1024
# ╭────────────────────────────────────────────────────────────────╮
#                         component 0    (corrected)      (linear)
#                        σ₈ = 2.61e-01  σ₈ = 2.61e-01  σ₈ = 2.60e-01
#  k [Mpc⁻¹]    modes       P [Mpc³]       P [Mpc³]       P [Mpc³]
3.0679616e-03         3  5.2875584e+03  5.2875584e+03  5.2882135e+03
5.8212951e-03        25  7.7384672e+03  7.7752448e+03  7.7731809e+03
1.0440195e-02       124  9.0082759e+03  9.1113656e+03  9.1425300e+03
1.6729547e-02       418  8.1500364e+03  8.2246738e+03  8.2159561e+03
2.3240110e-02       730  6.3140320e+03  6.3149608e+03  6.3507237e+03
2.9075630e-02      1012  5.0173459e+03  5.0053179e+03  5.0034087e+03
3.4544381e-02      1408  4.2252435e+03  4.2159664e+03  4.2094737e+03
3.9898901e-02      1841  3.7177517e+03  3.7154436e+03  3.7370941e+03
4.5580519e-02      2698  3.3405720e+03  3.3441837e+03  3.3556732e+03
5.1612543e-02      3532  2.8986815e+03  2.9031969e+03  2.9247544e+03
5.7899473e-02      4702  2.4113713e+03  2.4113359e+03  2.4299122e+03
6.4462744e-02      6019  1.9716760e+03  1.9665560e+03  1.9700824e+03
7.1309305e-02      7766  1.6517278e+03  1.6454888e+03  1.6508727e+03
7.8556104e-02     10012  1.4810234e+03  1.4782280e+03  1.4828148e+03
8.6194331e-02     12589  1.3801418e+03  1.3823072e+03  1.3836294e+03
9.4153926e-02     15650  1.2380377e+03  1.2412504e+03  1.2448723e+03
1.0254095e-01     19757  1.0397623e+03  1.0394499e+03  1.0427618e+03
1.1136076e-01     24241  8.5984626e+02  8.5672029e+02  8.5299443e+02
1.2060245e-01     29993  7.3999859e+02  7.3801038e+02  7.3386165e+02
1.3029316e-01     36494  6.5987869e+02  6.6065921e+02  6.5883749e+02
1.4046583e-01     44825  5.7989200e+02  5.8038650e+02  5.7471967e+02
1.5111985e-01     53906  4.9676905e+02  4.9523135e+02  4.8717632e+02
1.6229170e-01     65729  4.3878222e+02  4.3765749e+02  4.3204219e+02
1.7401323e-01     78746  4.0271830e+02  4.0359788e+02  4.0016241e+02
1.8625264e-01     94374  3.5709627e+02  3.5756665e+02  3.5370349e+02
1.9902230e-01    112166  3.0356379e+02  3.0300496e+02  2.9728278e+02
2.1238854e-01    134373  2.6259643e+02  2.6201780e+02  2.5376470e+02
2.2637810e-01    159077  2.3307131e+02  2.3284258e+02  2.2389228e+02
2.4096993e-01    188172  2.0794618e+02  2.0764484e+02  2.0073464e+02
2.5621802e-01    222492  1.8855916e+02  1.8876840e+02  1.8355465e+02
2.7214102e-01    261771  1.6767746e+02  1.6792979e+02  1.6292542e+02
2.8873063e-01    306759  1.4558634e+02  1.4535206e+02  1.3825722e+02
3.0605468e-01    360898  1.2792772e+02  1.2749533e+02  1.1878670e+02
3.2421519e-01    425046  1.1568420e+02  1.1560841e+02  1.0833549e+02
3.4337900e-01    505555  1.0414707e+02  1.0440473e+02  9.9681472e+01
3.6368055e-01    600292  9.1961954e+01  9.1977527e+01  8.6305996e+01
3.8517334e-01    712930  8.0830527e+01  8.0497876e+01  7.2905539e+01
4.0793004e-01    846715  7.2280474e+01  7.2215600e+01  6.5957245e+01
4.3202621e-01   1005596  6.4833567e+01  6.5048511e+01  6.0367400e+01
4.5754560e-01   1194719  5.6923752e+01  5.6759071e+01  5.0963395e+01
4.8457948e-01   1419743  5.0359366e+01  5.0189011e+01  4.4389905e+01
5.1321525e-01   1686576  4.4863424e+01  4.5101808e+01  4.0901263e+01
5.4354215e-01   2003484  3.9582708e+01  3.9421560e+01  3.4536147e+01
5.7565178e-01   2378778  3.4982565e+01  3.4917098e+01  3.0500733e+01
6.0966698e-01   2828400  3.0938029e+01  3.1050796e+01  2.7411296e+01
6.4568974e-01   3356890  2.7292466e+01  2.7143257e+01  2.3132946e+01
6.8383752e-01   3990317  2.4177214e+01  2.4298665e+01  2.1025250e+01
7.2424344e-01   4738457  2.1469324e+01  2.1326714e+01  1.7788800e+01
7.6703215e-01   5629661  1.9293826e+01  1.9374441e+01  1.6035923e+01
8.1235262e-01   6687903  1.7655836e+01  1.7532535e+01  1.3624760e+01
8.6035444e-01   7945758  1.6740301e+01  1.6798916e+01  1.2190078e+01
9.1118812e-01   9436555  1.6671559e+01  1.6616167e+01  1.0475669e+01
9.6501980e-01  11210320  1.7580415e+01  1.7563304e+01  9.1877945e+00
1.0220366e+00  13318613  1.9798560e+01  1.9880008e+01  8.0677364e+00
1.0824208e+00  15819192  2.3742250e+01  2.3666848e+01  6.9569255e+00
1.1463741e+00  18795348  2.9962784e+01  2.9836838e+01  6.0550955e+00
1.2141088e+00  22326034  3.8656420e+01  3.8698450e+01  5.3065805e+00
1.2858419e+00  26520842  4.9661629e+01  4.9758827e+01  4.6194469e+00
1.3618105e+00  31503438  6.1124374e+01  6.1115649e+01  4.0070856e+00
1.4422695e+00  37426927  6.9272464e+01  6.9287022e+01  3.4825279e+00
1.5275481e+00  44525830  7.1577558e+01  7.1487662e+01  3.0212360e+00
