# Power spectrum from CO𝘕CEPT job 4700975 at t = 12.445167 Gyr, a = 0.90909091
#
# Components:
#   0: matter  (upstream grid size 1024)
#
#                           grid size 1024
# ╭────────────────────────────────────────────────────────────────╮
#                         component 0    (corrected)      (linear)
#                        σ₈ = 7.86e-01  σ₈ = 7.86e-01  σ₈ = 7.19e-01
#  k [Mpc⁻¹]    modes       P [Mpc³]       P [Mpc³]       P [Mpc³]
3.0679616e-03         3  4.0739092e+04  4.0739092e+04  4.0736964e+04
5.8212951e-03        25  5.9569344e+04  5.9852451e+04  5.9822007e+04
1.0440195e-02       124  6.8746786e+04  6.9533516e+04  7.0285888e+04
1.6729547e-02       418  6.2526916e+04  6.3099531e+04  6.3113527e+04
2.3240110e-02       730  4.7785358e+04  4.7792387e+04  4.8763553e+04
2.9075630e-02      1012  3.8356699e+04  3.8264748e+04  3.8409218e+04
3.4544381e-02      1408  3.2381180e+04  3.2310083e+04  3.2309760e+04
3.9898901e-02      1841  2.8108170e+04  2.8090720e+04  2.8681134e+04
4.5580519e-02      2698  2.5387240e+04  2.5414688e+04  2.5751853e+04
5.1612543e-02      3532  2.1885673e+04  2.1919765e+04  2.2443585e+04
5.7899473e-02      4702  1.8282875e+04  1.8282607e+04  1.8645470e+04
6.4462744e-02      6019  1.5311178e+04  1.5271419e+04  1.5116505e+04
7.1309305e-02      7766  1.2958660e+04  1.2909712e+04  1.2666835e+04
7.8556104e-02     10012  1.1677975e+04  1.1655933e+04  1.1377094e+04
8.6194331e-02     12589  1.0863220e+04  1.0880264e+04  1.0615879e+04
9.4153926e-02     15650  9.7414794e+03  9.7667584e+03  9.5511200e+03
1.0254095e-01     19757  8.3965897e+03  8.3940673e+03  8.0003508e+03
1.1136076e-01     24241  7.2812291e+03  7.2547583e+03  6.5443346e+03
1.2060245e-01     29993  6.4161008e+03  6.3988622e+03  5.6302759e+03
1.3029316e-01     36494  5.7737680e+03  5.7805974e+03  5.0546442e+03
1.4046583e-01     44825  5.1722907e+03  5.1767014e+03  4.4092592e+03
1.5111985e-01     53906  4.6686048e+03  4.6541535e+03  3.7376052e+03
1.6229170e-01     65729  4.2060669e+03  4.1952855e+03  3.3146026e+03
1.7401323e-01     78746  3.8675648e+03  3.8760121e+03  3.0700110e+03
1.8625264e-01     94374  3.5179642e+03  3.5225982e+03  2.7135733e+03
1.9902230e-01    112166  3.1837257e+03  3.1778648e+03  2.2807135e+03
2.1238854e-01    134373  2.8908479e+03  2.8844779e+03  1.9468439e+03
2.2637810e-01    159077  2.6732387e+03  2.6706153e+03  1.7176637e+03
2.4096993e-01    188172  2.4638682e+03  2.4602977e+03  1.5399993e+03
2.5621802e-01    222492  2.2808639e+03  2.2833949e+03  1.4081953e+03
2.7214102e-01    261771  2.1210224e+03  2.1242143e+03  1.2499302e+03
2.8873063e-01    306759  1.9643379e+03  1.9611768e+03  1.0606795e+03
3.0605468e-01    360898  1.8330296e+03  1.8268339e+03  9.1130491e+02
3.2421519e-01    425046  1.7072959e+03  1.7061775e+03  8.3112482e+02
3.4337900e-01    505555  1.5979961e+03  1.6019495e+03  7.6473252e+02
3.6368055e-01    600292  1.4966337e+03  1.4968872e+03  6.6211855e+02
3.8517334e-01    712930  1.4019098e+03  1.3961403e+03  5.5931312e+02
4.0793004e-01    846715  1.3184368e+03  1.3172534e+03  5.0600722e+02
4.3202621e-01   1005596  1.2360296e+03  1.2401274e+03  4.6312309e+02
4.5754560e-01   1194719  1.1631188e+03  1.1597539e+03  3.9097779e+02
4.8457948e-01   1419743  1.0925960e+03  1.0889000e+03  3.4054754e+02
5.1321525e-01   1686576  1.0306198e+03  1.0360960e+03  3.1378347e+02
5.4354215e-01   2003484  9.6888996e+02  9.6494546e+02  2.6495191e+02
5.7565178e-01   2378778  9.1542205e+02  9.1370892e+02  2.3399322e+02
6.0966698e-01   2828400  8.6389174e+02  8.6704055e+02  2.1029183e+02
6.4568974e-01   3356890  8.1633852e+02  8.1187556e+02  1.7746947e+02
6.8383752e-01   3990317  7.7133386e+02  7.7520855e+02  1.6129976e+02
7.2424344e-01   4738457  7.2993321e+02  7.2508463e+02  1.3647059e+02
7.6703215e-01   5629661  6.9124825e+02  6.9413646e+02  1.2302298e+02
8.1235262e-01   6687903  6.5476345e+02  6.5019089e+02  1.0452520e+02
8.6035444e-01   7945758  6.2036232e+02  6.2253448e+02  9.3518714e+01
9.1118812e-01   9436555  5.8751265e+02  5.8556063e+02  8.0366244e+01
9.6501980e-01  11210320  5.5532341e+02  5.5478288e+02  7.0486025e+01
1.0220366e+00  13318613  5.2445249e+02  5.2661000e+02  6.1893251e+01
1.0824208e+00  15819192  4.9392687e+02  4.9235822e+02  5.3371424e+01
1.1463741e+00  18795348  4.6422724e+02  4.6227591e+02  4.6452839e+01
1.2141088e+00  22326034  4.3530945e+02  4.3578274e+02  4.0710445e+01
1.2858419e+00  26520842  4.0734578e+02  4.0814304e+02  3.5438952e+01
1.3618105e+00  31503438  3.8034609e+02  3.8029180e+02  3.0741092e+01
1.4422695e+00  37426927  3.5439366e+02  3.5446814e+02  2.6716837e+01
1.5275481e+00  44525830  3.2964106e+02  3.2922705e+02  2.3177940e+01
