# Power spectrum from CO𝘕CEPT job 4700975 at t = 11.278216 Gyr, a = 0.83333333
#
# Components:
#   0: matter  (upstream grid size 1024)
#
#                           grid size 1024
# ╭────────────────────────────────────────────────────────────────╮
#                         component 0    (corrected)      (linear)
#                        σ₈ = 7.40e-01  σ₈ = 7.40e-01  σ₈ = 6.82e-01
#  k [Mpc⁻¹]    modes       P [Mpc³]       P [Mpc³]       P [Mpc³]
3.0679616e-03         3  3.6655204e+04  3.6655204e+04  3.6650704e+04
5.8212951e-03        25  5.3601205e+04  5.3855949e+04  5.3823156e+04
1.0440195e-02       124  6.1903901e+04  6.2612322e+04  6.3241058e+04
1.6729547e-02       418  5.6284490e+04  5.6799939e+04  5.6790151e+04
2.3240110e-02       730  4.3063914e+04  4.3070249e+04  4.3879116e+04
2.9075630e-02      1012  3.4541211e+04  3.4458406e+04  3.4562466e+04
3.4544381e-02      1408  2.9155192e+04  2.9091178e+04  2.9074171e+04
3.9898901e-02      1841  2.5335247e+04  2.5319519e+04  2.5809108e+04
4.5580519e-02      2698  2.2873791e+04  2.2898522e+04  2.3173283e+04
5.1612543e-02      3532  1.9729739e+04  1.9760472e+04  2.0196366e+04
5.7899473e-02      4702  1.6474293e+04  1.6474051e+04  1.6778605e+04
6.4462744e-02      6019  1.3766408e+04  1.3730660e+04  1.3603013e+04
7.1309305e-02      7766  1.1636626e+04  1.1592672e+04  1.1398633e+04
7.8556104e-02     10012  1.0481181e+04  1.0461398e+04  1.0238040e+04
8.6194331e-02     12589  9.7549127e+03  9.7702175e+03  9.5530508e+03
9.4153926e-02     15650  8.7498483e+03  8.7725541e+03  8.5949024e+03
1.0254095e-01     19757  7.5213249e+03  7.5190655e+03  7.1993971e+03
1.1136076e-01     24241  6.4936813e+03  6.4700736e+03  5.8891548e+03
1.2060245e-01     29993  5.7097178e+03  5.6943771e+03  5.0666098e+03
1.3029316e-01     36494  5.1322651e+03  5.1383357e+03  4.5486093e+03
1.4046583e-01     44825  4.5921773e+03  4.5960933e+03  3.9678377e+03
1.5111985e-01     53906  4.1278142e+03  4.1150369e+03  3.3634260e+03
1.6229170e-01     65729  3.7113716e+03  3.7018582e+03  2.9827722e+03
1.7401323e-01     78746  3.4099151e+03  3.4173627e+03  2.7626680e+03
1.8625264e-01     94374  3.0963282e+03  3.1004068e+03  2.4419144e+03
1.9902230e-01    112166  2.7884034e+03  2.7832703e+03  2.0523892e+03
2.1238854e-01    134373  2.5246269e+03  2.5190639e+03  1.7519439e+03
2.2637810e-01    159077  2.3284115e+03  2.3261265e+03  1.5457074e+03
2.4096993e-01    188172  2.1399041e+03  2.1368030e+03  1.3858293e+03
2.5621802e-01    222492  1.9775878e+03  1.9797823e+03  1.2672205e+03
2.7214102e-01    261771  1.8336028e+03  1.8363621e+03  1.1247994e+03
2.8873063e-01    306759  1.6921754e+03  1.6894522e+03  9.5449481e+02
3.0605468e-01    360898  1.5732049e+03  1.5678874e+03  8.2007416e+02
3.2421519e-01    425046  1.4624771e+03  1.4615190e+03  7.4792096e+02
3.4337900e-01    505555  1.3645509e+03  1.3679268e+03  6.8817524e+02
3.6368055e-01    600292  1.2737672e+03  1.2739829e+03  5.9583398e+02
3.8517334e-01    712930  1.1902941e+03  1.1853955e+03  5.0332041e+02
4.0793004e-01    846715  1.1161458e+03  1.1151440e+03  4.5535098e+02
4.3202621e-01   1005596  1.0435041e+03  1.0469636e+03  4.1675998e+02
4.5754560e-01   1194719  9.7901466e+02  9.7618237e+02  3.5183714e+02
4.8457948e-01   1419743  9.1752831e+02  9.1442452e+02  3.0645546e+02
5.1321525e-01   1686576  8.6344858e+02  8.6803657e+02  2.8237074e+02
5.4354215e-01   2003484  8.0946294e+02  8.0616749e+02  2.3842769e+02
5.7565178e-01   2378778  7.6320953e+02  7.6178125e+02  2.1056827e+02
6.0966698e-01   2828400  7.1858382e+02  7.2120299e+02  1.8923962e+02
6.4568974e-01   3356890  6.7795092e+02  6.7424453e+02  1.5970309e+02
6.8383752e-01   3990317  6.4008859e+02  6.4330398e+02  1.4515213e+02
7.2424344e-01   4738457  6.0550019e+02  6.0147816e+02  1.2280860e+02
7.6703215e-01   5629661  5.7333924e+02  5.7573480e+02  1.1070722e+02
8.1235262e-01   6687903  5.4374289e+02  5.3994564e+02  9.4061247e+01
8.6035444e-01   7945758  5.1602325e+02  5.1783008e+02  8.4156613e+01
9.1118812e-01   9436555  4.8999345e+02  4.8836544e+02  7.2320830e+01
9.6501980e-01  11210320  4.6460708e+02  4.6415486e+02  6.3429714e+01
1.0220366e+00  13318613  4.4005475e+02  4.4186506e+02  5.5697159e+01
1.0824208e+00  15819192  4.1572428e+02  4.1440399e+02  4.8028447e+01
1.1463741e+00  18795348  3.9220918e+02  3.9056056e+02  4.1802478e+01
1.2141088e+00  22326034  3.6910915e+02  3.6951047e+02  3.6634951e+01
1.2858419e+00  26520842  3.4652364e+02  3.4720186e+02  3.1891185e+01
1.3618105e+00  31503438  3.2472809e+02  3.2468174e+02  2.7663624e+01
1.4422695e+00  37426927  3.0357508e+02  3.0363888e+02  2.4042235e+01
1.5275481e+00  44525830  2.8337222e+02  2.8301633e+02  2.0857615e+01
