# Power spectrum from CO𝘕CEPT job 4700975 at t = 10.261846 Gyr, a = 0.76923077
#
# Components:
#   0: matter  (upstream grid size 1024)
#
#                           grid size 1024
# ╭────────────────────────────────────────────────────────────────╮
#                         component 0    (corrected)      (linear)
#                        σ₈ = 6.97e-01  σ₈ = 6.97e-01  σ₈ = 6.48e-01
#  k [Mpc⁻¹]    modes       P [Mpc³]       P [Mpc³]       P [Mpc³]
3.0679616e-03         3  3.2999163e+04  3.2999163e+04  3.2990510e+04
5.8212951e-03        25  4.8257804e+04  4.8487153e+04  4.8450220e+04
1.0440195e-02       124  5.5770538e+04  5.6408770e+04  5.6930972e+04
1.6729547e-02       418  5.0691376e+04  5.1155603e+04  5.1125998e+04
2.3240110e-02       730  3.8826316e+04  3.8832027e+04  3.9503750e+04
2.9075630e-02      1012  3.1120225e+04  3.1045621e+04  3.1116570e+04
3.4544381e-02      1408  2.6263375e+04  2.6205711e+04  2.6175713e+04
3.9898901e-02      1841  2.2845871e+04  2.2831688e+04  2.3236308e+04
4.5580519e-02      2698  2.0618630e+04  2.0640922e+04  2.0863349e+04
5.1612543e-02      3532  1.7793924e+04  1.7821642e+04  1.8183250e+04
5.7899473e-02      4702  1.4851783e+04  1.4851565e+04  1.5106212e+04
6.4462744e-02      6019  1.2385294e+04  1.2353132e+04  1.2247176e+04
7.1309305e-02      7766  1.0457441e+04  1.0417941e+04  1.0262533e+04
7.8556104e-02     10012  9.4147756e+03  9.3970054e+03  9.2176311e+03
8.6194331e-02     12589  8.7662645e+03  8.7800182e+03  8.6009262e+03
9.4153926e-02     15650  7.8646692e+03  7.8850780e+03  7.7382826e+03
1.0254095e-01     19757  6.7435451e+03  6.7415193e+03  6.4818681e+03
1.1136076e-01     24241  5.7982143e+03  5.7771350e+03  5.3022155e+03
1.2060245e-01     29993  5.0879709e+03  5.0743006e+03  4.5616521e+03
1.3029316e-01     36494  4.5686929e+03  4.5740969e+03  4.0952799e+03
1.4046583e-01     44825  4.0834563e+03  4.0869385e+03  3.5723916e+03
1.5111985e-01     53906  3.6556345e+03  3.6443188e+03  3.0282186e+03
1.6229170e-01     65729  3.2807308e+03  3.2723213e+03  2.6855026e+03
1.7401323e-01     78746  3.0122813e+03  3.0188605e+03  2.4873352e+03
1.8625264e-01     94374  2.7305780e+03  2.7341748e+03  2.1985491e+03
1.9902230e-01    112166  2.4473406e+03  2.4428353e+03  1.8478451e+03
2.1238854e-01    134373  2.2097160e+03  2.2048469e+03  1.5773429e+03
2.2637810e-01    159077  2.0325455e+03  2.0305508e+03  1.3916604e+03
2.4096993e-01    188172  1.8627706e+03  1.8600712e+03  1.2477162e+03
2.5621802e-01    222492  1.7187007e+03  1.7206079e+03  1.1409281e+03
2.7214102e-01    261771  1.5886636e+03  1.5910543e+03  1.0127010e+03
2.8873063e-01    306759  1.4608476e+03  1.4584967e+03  8.5936916e+02
3.0605468e-01    360898  1.3530234e+03  1.3484501e+03  7.3834504e+02
3.2421519e-01    425046  1.2556260e+03  1.2548035e+03  6.7338272e+02
3.4337900e-01    505555  1.1677547e+03  1.1706437e+03  6.1959134e+02
3.6368055e-01    600292  1.0865109e+03  1.0866949e+03  5.3645288e+02
3.8517334e-01    712930  1.0127563e+03  1.0085884e+03  4.5315929e+02
4.0793004e-01    846715  9.4665662e+02  9.4580697e+02  4.0997053e+02
4.3202621e-01   1005596  8.8268346e+02  8.8560983e+02  3.7522554e+02
4.5754560e-01   1194719  8.2554353e+02  8.2315523e+02  3.1677295e+02
4.8457948e-01   1419743  7.7181516e+02  7.6920429e+02  2.7591403e+02
5.1321525e-01   1686576  7.2415371e+02  7.2800155e+02  2.5422960e+02
5.4354215e-01   2003484  6.7722042e+02  6.7446335e+02  2.1466593e+02
5.7565178e-01   2378778  6.3693554e+02  6.3574357e+02  1.8958300e+02
6.0966698e-01   2828400  5.9840165e+02  6.0058277e+02  1.7037997e+02
6.4568974e-01   3356890  5.6364981e+02  5.6056831e+02  1.4378706e+02
6.8383752e-01   3990317  5.3165310e+02  5.3432378e+02  1.3068625e+02
7.2424344e-01   4738457  5.0254537e+02  4.9920721e+02  1.1056948e+02
7.6703215e-01   5629661  4.7575262e+02  4.7774043e+02  9.9674130e+01
8.1235262e-01   6687903  4.5174795e+02  4.4859315e+02  8.4687096e+01
8.6035444e-01   7945758  4.2947867e+02  4.3098247e+02  7.5769560e+01
9.1118812e-01   9436555  4.0900417e+02  4.0764524e+02  6.5113332e+01
9.6501980e-01  11210320  3.8909532e+02  3.8871659e+02  5.7108307e+01
1.0220366e+00  13318613  3.6988022e+02  3.7140185e+02  5.0146379e+01
1.0824208e+00  15819192  3.5093714e+02  3.4982261e+02  4.3241932e+01
1.1463741e+00  18795348  3.3250302e+02  3.3110538e+02  3.7636444e+01
1.2141088e+00  22326034  3.1433080e+02  3.1467256e+02  3.2983913e+01
1.2858419e+00  26520842  2.9638364e+02  2.9696372e+02  2.8712911e+01
1.3618105e+00  31503438  2.7889546e+02  2.7885565e+02  2.4906670e+01
1.4422695e+00  37426927  2.6186092e+02  2.6191595e+02  2.1646188e+01
1.5275481e+00  44525830  2.4550628e+02  2.4519793e+02  1.8778947e+01
