# Power spectrum from CO𝘕CEPT job 4700975 at t = 5.1233003 Gyr, a = 0.45454545
#
# Components:
#   0: matter  (upstream grid size 1024)
#
#                           grid size 1024
# ╭────────────────────────────────────────────────────────────────╮
#                         component 0    (corrected)      (linear)
#                        σ₈ = 4.38e-01  σ₈ = 4.38e-01  σ₈ = 4.24e-01
#  k [Mpc⁻¹]    modes       P [Mpc³]       P [Mpc³]       P [Mpc³]
3.0679616e-03         3  1.4149899e+04  1.4149899e+04  1.4143441e+04
5.8212951e-03        25  2.0700706e+04  2.0799088e+04  2.0779191e+04
1.0440195e-02       124  2.4024247e+04  2.4299177e+04  2.4426965e+04
1.6729547e-02       418  2.1783081e+04  2.1982568e+04  2.1943730e+04
2.3240110e-02       730  1.6796798e+04  1.6799268e+04  1.6958725e+04
2.9075630e-02      1012  1.3398595e+04  1.3366475e+04  1.3359601e+04
3.4544381e-02      1408  1.1294478e+04  1.1269680e+04  1.1239052e+04
3.9898901e-02      1841  9.8903517e+03  9.8842115e+03  9.9774300e+03
4.5580519e-02      2698  8.9042848e+03  8.9139119e+03  8.9588306e+03
5.1612543e-02      3532  7.7094861e+03  7.7214954e+03  7.8082032e+03
5.7899473e-02      4702  6.4205188e+03  6.4204245e+03  6.4870120e+03
6.4462744e-02      6019  5.2891936e+03  5.2754588e+03  5.2593565e+03
7.1309305e-02      7766  4.4408205e+03  4.4240465e+03  4.4071433e+03
7.8556104e-02     10012  3.9879605e+03  3.9804333e+03  3.9584650e+03
8.6194331e-02     12589  3.7189548e+03  3.7247896e+03  3.6936579e+03
9.4153926e-02     15650  3.3375834e+03  3.3462444e+03  3.3232213e+03
1.0254095e-01     19757  2.8222683e+03  2.8214204e+03  2.7836687e+03
1.1136076e-01     24241  2.3672449e+03  2.3586388e+03  2.2770731e+03
1.2060245e-01     29993  2.0520734e+03  2.0465600e+03  1.9590414e+03
1.3029316e-01     36494  1.8332201e+03  1.8353885e+03  1.7587601e+03
1.4046583e-01     44825  1.6250655e+03  1.6264513e+03  1.5342050e+03
1.5111985e-01     53906  1.4155521e+03  1.4111704e+03  1.3005069e+03
1.6229170e-01     65729  1.2570735e+03  1.2538512e+03  1.1533257e+03
1.7401323e-01     78746  1.1526028e+03  1.1551203e+03  1.0682220e+03
1.8625264e-01     94374  1.0314173e+03  1.0327759e+03  9.4420016e+02
1.9902230e-01    112166  8.9593818e+02  8.9428884e+02  7.9358609e+02
2.1238854e-01    134373  7.9140787e+02  7.8966400e+02  6.7741550e+02
2.2637810e-01    159077  7.1319177e+02  7.1249187e+02  5.9767175e+02
2.4096993e-01    188172  6.4236962e+02  6.4143874e+02  5.3585297e+02
2.5621802e-01    222492  5.8641160e+02  5.8706234e+02  4.8999141e+02
2.7214102e-01    261771  5.2900567e+02  5.2980175e+02  4.3492234e+02
2.8873063e-01    306759  4.7312407e+02  4.7236270e+02  3.6907149e+02
3.0605468e-01    360898  4.2626315e+02  4.2482237e+02  3.1709568e+02
3.2421519e-01    425046  3.9032000e+02  3.9006431e+02  2.8919656e+02
3.4337900e-01    505555  3.5463699e+02  3.5551436e+02  2.6609498e+02
3.6368055e-01    600292  3.2185008e+02  3.2190458e+02  2.3038972e+02
3.8517334e-01    712930  2.9271076e+02  2.9150613e+02  1.9461779e+02
4.0793004e-01    846715  2.6646191e+02  2.6622275e+02  1.7606962e+02
4.3202621e-01   1005596  2.4305096e+02  2.4385675e+02  1.6114777e+02
4.5754560e-01   1194719  2.2123991e+02  2.2059986e+02  1.3604422e+02
4.8457948e-01   1419743  2.0168976e+02  2.0100748e+02  1.1849660e+02
5.1321525e-01   1686576  1.8431987e+02  1.8529927e+02  1.0918383e+02
5.4354215e-01   2003484  1.6847373e+02  1.6778785e+02  9.2192461e+01
5.7565178e-01   2378778  1.5418487e+02  1.5389633e+02  8.1420121e+01
6.0966698e-01   2828400  1.4136688e+02  1.4188215e+02  7.3173017e+01
6.4568974e-01   3356890  1.2982861e+02  1.2911883e+02  6.1752180e+01
6.8383752e-01   3990317  1.1983651e+02  1.2043849e+02  5.6125788e+01
7.2424344e-01   4738457  1.1112122e+02  1.1038310e+02  4.7486249e+01
7.6703215e-01   5629661  1.0397429e+02  1.0440872e+02  4.2807033e+01
8.1235262e-01   6687903  9.8396140e+01  9.7708986e+01  3.6370558e+01
8.6035444e-01   7945758  9.4439425e+01  9.4770100e+01  3.2540749e+01
9.1118812e-01   9436555  9.2234801e+01  9.1928349e+01  2.7964224e+01
9.6501980e-01  11210320  9.1743466e+01  9.1654168e+01  2.4526308e+01
1.0220366e+00  13318613  9.2655837e+01  9.3037007e+01  2.1536372e+01
1.0824208e+00  15819192  9.4633915e+01  9.4333371e+01  1.8571121e+01
1.1463741e+00  18795348  9.6962252e+01  9.6554680e+01  1.6163733e+01
1.2141088e+00  22326034  9.8827831e+01  9.8935283e+01  1.4165612e+01
1.2858419e+00  26520842  9.9648051e+01  9.9843085e+01  1.2331345e+01
1.3618105e+00  31503438  9.9469758e+01  9.9455560e+01  1.0696680e+01
1.4422695e+00  37426927  9.8435560e+01  9.8456246e+01  9.2964010e+00
1.5275481e+00  44525830  9.6995785e+01  9.6873964e+01  8.0650073e+00
