# Power spectrum from CO𝘕CEPT job 4700975 at t = 3.2781404 Gyr, a = 0.33333333
#
# Components:
#   0: matter  (upstream grid size 1024)
#
#                           grid size 1024
# ╭────────────────────────────────────────────────────────────────╮
#                         component 0    (corrected)      (linear)
#                        σ₈ = 3.22e-01  σ₈ = 3.22e-01  σ₈ = 3.18e-01
#  k [Mpc⁻¹]    modes       P [Mpc³]       P [Mpc³]       P [Mpc³]
3.0679616e-03         3  7.9312386e+03  7.9312386e+03  7.9329120e+03
5.8212951e-03        25  1.1605690e+04  1.1660847e+04  1.1658188e+04
1.0440195e-02       124  1.3495455e+04  1.3649895e+04  1.3708947e+04
1.6729547e-02       418  1.2219565e+04  1.2331471e+04  1.2317900e+04
2.3240110e-02       730  9.4512963e+03  9.4526866e+03  9.5207286e+03
2.9075630e-02      1012  7.5206788e+03  7.5026496e+03  7.5006154e+03
3.4544381e-02      1408  6.3356252e+03  6.3217146e+03  6.3102880e+03
3.9898901e-02      1841  5.5652929e+03  5.5618379e+03  5.6020767e+03
4.5580519e-02      2698  5.0041529e+03  5.0095633e+03  5.0302541e+03
5.1612543e-02      3532  4.3389005e+03  4.3456593e+03  4.3842573e+03
5.7899473e-02      4702  3.6106415e+03  3.6105884e+03  3.6424573e+03
6.4462744e-02      6019  2.9594527e+03  2.9517677e+03  2.9531543e+03
7.1309305e-02      7766  2.4806518e+03  2.4712818e+03  2.4746493e+03
7.8556104e-02     10012  2.2253875e+03  2.2211872e+03  2.2227247e+03
8.6194331e-02     12589  2.0746830e+03  2.0779380e+03  2.0740416e+03
9.4153926e-02     15650  1.8613895e+03  1.8662198e+03  1.8660429e+03
1.0254095e-01     19757  1.5663609e+03  1.5658903e+03  1.5630800e+03
1.1136076e-01     24241  1.3010602e+03  1.2963303e+03  1.2786206e+03
1.2060245e-01     29993  1.1222491e+03  1.1192339e+03  1.1000419e+03
1.3029316e-01     36494  1.0011651e+03  1.0023493e+03  9.8758147e+02
1.4046583e-01     44825  8.8265042e+02  8.8340309e+02  8.6149021e+02
1.5111985e-01     53906  7.6004035e+02  7.5768772e+02  7.3026445e+02
1.6229170e-01     65729  6.7237509e+02  6.7065158e+02  6.4761949e+02
1.7401323e-01     78746  6.1685067e+02  6.1819794e+02  5.9983228e+02
1.8625264e-01     94374  5.4857916e+02  5.4930176e+02  5.3019144e+02
1.9902230e-01    112166  4.6969404e+02  4.6882937e+02  4.4561825e+02
2.1238854e-01    134373  4.0930959e+02  4.0840768e+02  3.8038579e+02
2.2637810e-01    159077  3.6514032e+02  3.6478198e+02  3.3560784e+02
2.4096993e-01    188172  3.2667661e+02  3.2620321e+02  3.0089515e+02
2.5621802e-01    222492  2.9680268e+02  2.9713204e+02  2.7514281e+02
2.7214102e-01    261771  2.6505663e+02  2.6545550e+02  2.4422019e+02
2.8873063e-01    306759  2.3273038e+02  2.3235587e+02  2.0724328e+02
3.0605468e-01    360898  2.0641390e+02  2.0571622e+02  1.7805755e+02
3.2421519e-01    425046  1.8738967e+02  1.8726692e+02  1.6239150e+02
3.4337900e-01    505555  1.6895586e+02  1.6937386e+02  1.4941938e+02
3.6368055e-01    600292  1.5075871e+02  1.5078424e+02  1.2936995e+02
3.8517334e-01    712930  1.3435166e+02  1.3379875e+02  1.0928308e+02
4.0793004e-01    846715  1.2080808e+02  1.2069965e+02  9.8867800e+01
4.3202621e-01   1005596  1.0887428e+02  1.0923524e+02  9.0488795e+01
4.5754560e-01   1194719  9.7025270e+01  9.6744576e+01  7.6392488e+01
4.8457948e-01   1419743  8.6820163e+01  8.6526470e+01  6.6539035e+01
5.1321525e-01   1686576  7.7997572e+01  7.8412017e+01  6.1309670e+01
5.4354215e-01   2003484  6.9790289e+01  6.9506162e+01  5.1768563e+01
5.7565178e-01   2378778  6.2567983e+01  6.2450892e+01  4.5719606e+01
6.0966698e-01   2828400  5.6050641e+01  5.6254940e+01  4.1088638e+01
6.4568974e-01   3356890  5.0270838e+01  4.9996005e+01  3.4675530e+01
6.8383752e-01   3990317  4.5297215e+01  4.5524759e+01  3.1516161e+01
7.2424344e-01   4738457  4.0980535e+01  4.0708322e+01  2.6664826e+01
7.6703215e-01   5629661  3.7516404e+01  3.7673156e+01  2.4037320e+01
8.1235262e-01   6687903  3.4901705e+01  3.4657968e+01  2.0423065e+01
8.6035444e-01   7945758  3.3321357e+01  3.3438031e+01  1.8272524e+01
9.1118812e-01   9436555  3.2959533e+01  3.2850024e+01  1.5702681e+01
9.6501980e-01  11210320  3.3963713e+01  3.3930654e+01  1.3772198e+01
1.0220366e+00  13318613  3.6601540e+01  3.6752112e+01  1.2093267e+01
1.0824208e+00  15819192  4.1100344e+01  4.0969815e+01  1.0428198e+01
1.1463741e+00  18795348  4.7486575e+01  4.7286970e+01  9.0763844e+00
1.2141088e+00  22326034  5.5010745e+01  5.5070556e+01  7.9543850e+00
1.2858419e+00  26520842  6.2547743e+01  6.2670163e+01  6.9243942e+00
1.3618105e+00  31503438  6.8432354e+01  6.8422586e+01  6.0064847e+00
1.4422695e+00  37426927  7.1501823e+01  7.1516849e+01  5.2201900e+00
1.5275481e+00  44525830  7.2301603e+01  7.2210796e+01  4.5287287e+00
