# Power spectrum from CO𝘕CEPT job 4700975 at t = 3.1244696 Gyr, a = 0.32258065
#
# Components:
#   0: matter  (upstream grid size 1024)
#
#                           grid size 1024
# ╭────────────────────────────────────────────────────────────────╮
#                         component 0    (corrected)      (linear)
#                        σ₈ = 3.12e-01  σ₈ = 3.12e-01  σ₈ = 3.08e-01
#  k [Mpc⁻¹]    modes       P [Mpc³]       P [Mpc³]       P [Mpc³]
3.0679616e-03         3  7.4480965e+03  7.4480965e+03  7.4496573e+03
5.8212951e-03        25  1.0898979e+04  1.0950778e+04  1.0948349e+04
1.0440195e-02       124  1.2675969e+04  1.2821031e+04  1.2874675e+04
1.6729547e-02       418  1.1476019e+04  1.1581115e+04  1.1568533e+04
2.3240110e-02       730  8.8786612e+03  8.8799672e+03  8.9416344e+03
2.9075630e-02      1012  7.0633844e+03  7.0464515e+03  7.0444362e+03
3.4544381e-02      1408  5.9500321e+03  5.9369681e+03  5.9265246e+03
3.9898901e-02      1841  5.2280690e+03  5.2248233e+03  5.2613963e+03
4.5580519e-02      2698  4.7003796e+03  4.7054616e+03  4.7243566e+03
5.1612543e-02      3532  4.0760362e+03  4.0823855e+03  4.1176495e+03
5.7899473e-02      4702  3.3916917e+03  3.3916419e+03  3.4209622e+03
6.4462744e-02      6019  2.7788007e+03  2.7715848e+03  2.7735775e+03
7.1309305e-02      7766  2.3289591e+03  2.3201621e+03  2.3241711e+03
7.8556104e-02     10012  2.0891199e+03  2.0851767e+03  2.0875666e+03
8.6194331e-02     12589  1.9475278e+03  1.9505834e+03  1.9479254e+03
9.4153926e-02     15650  1.7472523e+03  1.7517864e+03  1.7525750e+03
1.0254095e-01     19757  1.4697708e+03  1.4693293e+03  1.4680347e+03
1.1136076e-01     24241  1.2198587e+03  1.2154239e+03  1.2008725e+03
1.2060245e-01     29993  1.0517768e+03  1.0489510e+03  1.0331527e+03
1.3029316e-01     36494  9.3821304e+02  9.3932279e+02  9.2753070e+02
1.4046583e-01     44825  8.2670337e+02  8.2740834e+02  8.0910664e+02
1.5111985e-01     53906  7.1119830e+02  7.0899686e+02  6.8586024e+02
1.6229170e-01     65729  6.2898078e+02  6.2736851e+02  6.0824062e+02
1.7401323e-01     78746  5.7707943e+02  5.7833984e+02  5.6335918e+02
1.8625264e-01     94374  5.1294009e+02  5.1361575e+02  4.9795292e+02
1.9902230e-01    112166  4.3862597e+02  4.3781851e+02  4.1852226e+02
2.1238854e-01    134373  3.8175066e+02  3.8090947e+02  3.5725631e+02
2.2637810e-01    159077  3.4025261e+02  3.3991870e+02  3.1520111e+02
2.4096993e-01    188172  3.0425160e+02  3.0381070e+02  2.8259915e+02
2.5621802e-01    222492  2.7632435e+02  2.7663099e+02  2.5841269e+02
2.7214102e-01    261771  2.4657553e+02  2.4694659e+02  2.2937033e+02
2.8873063e-01    306759  2.1609894e+02  2.1575119e+02  1.9464182e+02
3.0605468e-01    360898  1.9136696e+02  1.9072013e+02  1.6723073e+02
3.2421519e-01    425046  1.7360250e+02  1.7348878e+02  1.5251726e+02
3.4337900e-01    505555  1.5646119e+02  1.5684828e+02  1.4033392e+02
3.6368055e-01    600292  1.3936782e+02  1.3939142e+02  1.2150360e+02
3.8517334e-01    712930  1.2392595e+02  1.2341595e+02  1.0263811e+02
4.0793004e-01    846715  1.1132022e+02  1.1122031e+02  9.2856137e+01
4.3202621e-01   1005596  1.0022976e+02  1.0056206e+02  8.4986619e+01
4.5754560e-01   1194719  8.9109549e+01  8.8851755e+01  7.1747439e+01
4.8457948e-01   1419743  7.9585940e+01  7.9316719e+01  6.2493126e+01
5.1321525e-01   1686576  7.1387571e+01  7.1766893e+01  5.7581733e+01
5.4354215e-01   2003484  6.3733479e+01  6.3474010e+01  4.8620774e+01
5.7565178e-01   2378778  5.7005504e+01  5.6898823e+01  4.2939625e+01
6.0966698e-01   2828400  5.0953174e+01  5.1138893e+01  3.8590243e+01
6.4568974e-01   3356890  4.5580799e+01  4.5331607e+01  3.2567084e+01
6.8383752e-01   3990317  4.0956725e+01  4.1162465e+01  2.9599821e+01
7.2424344e-01   4738457  3.6947347e+01  3.6701925e+01  2.5043472e+01
7.6703215e-01   5629661  3.3729948e+01  3.3870880e+01  2.2575731e+01
8.1235262e-01   6687903  3.1303107e+01  3.1084501e+01  1.9181242e+01
8.6035444e-01   7945758  2.9857026e+01  2.9961569e+01  1.7161464e+01
9.1118812e-01   9436555  2.9565168e+01  2.9466937e+01  1.4747880e+01
9.6501980e-01  11210320  3.0578351e+01  3.0548588e+01  1.2934780e+01
1.0220366e+00  13318613  3.3188993e+01  3.3325527e+01  1.1357937e+01
1.0824208e+00  15819192  3.7672658e+01  3.7553015e+01  9.7941125e+00
1.1463741e+00  18795348  4.4161106e+01  4.3975479e+01  8.5244957e+00
1.2141088e+00  22326034  5.2032663e+01  5.2089236e+01  7.4707195e+00
1.2858419e+00  26520842  6.0225125e+01  6.0342999e+01  6.5033573e+00
1.3618105e+00  31503438  6.6905643e+01  6.6896093e+01  5.6412612e+00
1.4422695e+00  37426927  7.0529706e+01  7.0544527e+01  4.9027771e+00
1.5275481e+00  44525830  7.1462147e+01  7.1372395e+01  4.2533601e+00
