# Power spectrum from CO𝘕CEPT job 4700975 at t = 4.8108764 Gyr, a = 0.43478261
#
# Components:
#   0: matter  (upstream grid size 1024)
#
#                           grid size 1024
# ╭────────────────────────────────────────────────────────────────╮
#                         component 0    (corrected)      (linear)
#                        σ₈ = 4.19e-01  σ₈ = 4.19e-01  σ₈ = 4.08e-01
#  k [Mpc⁻¹]    modes       P [Mpc³]       P [Mpc³]       P [Mpc³]
3.0679616e-03         3  1.3052464e+04  1.3052464e+04  1.3048649e+04
5.8212951e-03        25  1.9095813e+04  1.9186567e+04  1.9171496e+04
1.0440195e-02       124  2.2168540e+04  2.2422234e+04  2.2537985e+04
1.6729547e-02       418  2.0096288e+04  2.0280328e+04  2.0247401e+04
2.3240110e-02       730  1.5503681e+04  1.5505962e+04  1.5648025e+04
2.9075630e-02      1012  1.2362394e+04  1.2332758e+04  1.2327180e+04
3.4544381e-02      1408  1.0419995e+04  1.0397117e+04  1.0370564e+04
3.9898901e-02      1841  9.1290950e+03  9.1234275e+03  9.2064676e+03
4.5580519e-02      2698  8.2173287e+03  8.2262131e+03  8.2665999e+03
5.1612543e-02      3532  7.1163503e+03  7.1274356e+03  7.2048953e+03
5.7899473e-02      4702  5.9257407e+03  5.9256536e+03  5.9857974e+03
6.4462744e-02      6019  4.8775107e+03  4.8648449e+03  4.8530024e+03
7.1309305e-02      7766  4.0939095e+03  4.0784459e+03  4.0666381e+03
7.8556104e-02     10012  3.6758028e+03  3.6688648e+03  3.6526287e+03
8.6194331e-02     12589  3.4278569e+03  3.4332349e+03  3.4082834e+03
9.4153926e-02     15650  3.0762331e+03  3.0842159e+03  3.0664687e+03
1.0254095e-01     19757  2.5990373e+03  2.5982565e+03  2.5686032e+03
1.1136076e-01     24241  2.1763928e+03  2.1684806e+03  2.1011479e+03
1.2060245e-01     29993  1.8850577e+03  1.8799930e+03  1.8076877e+03
1.3029316e-01     36494  1.6835624e+03  1.6855538e+03  1.6228803e+03
1.4046583e-01     44825  1.4912157e+03  1.4924873e+03  1.4156744e+03
1.5111985e-01     53906  1.2964271e+03  1.2924142e+03  1.2000318e+03
1.6229170e-01     65729  1.1505185e+03  1.1475694e+03  1.0642217e+03
1.7401323e-01     78746  1.0549691e+03  1.0572733e+03  9.8569312e+02
1.8625264e-01     94374  9.4308684e+02  9.4432910e+02  8.7125308e+02
1.9902230e-01    112166  8.1730605e+02  8.1580147e+02  7.3227524e+02
2.1238854e-01    134373  7.2047149e+02  7.1888393e+02  6.2507980e+02
2.2637810e-01    159077  6.4821012e+02  6.4757400e+02  5.5149693e+02
2.4096993e-01    188172  5.8316409e+02  5.8231900e+02  4.9445417e+02
2.5621802e-01    222492  5.3193741e+02  5.3252770e+02  4.5213579e+02
2.7214102e-01    261771  4.7901809e+02  4.7973894e+02  4.0132126e+02
2.8873063e-01    306759  4.2729397e+02  4.2660635e+02  3.4055790e+02
3.0605468e-01    360898  3.8407472e+02  3.8277654e+02  2.9259763e+02
3.2421519e-01    425046  3.5121474e+02  3.5098467e+02  2.6685394e+02
3.4337900e-01    505555  3.1861905e+02  3.1940732e+02  2.4553714e+02
3.6368055e-01    600292  2.8846860e+02  2.8851745e+02  2.1259038e+02
3.8517334e-01    712930  2.6162725e+02  2.6055054e+02  1.7958211e+02
4.0793004e-01    846715  2.3767720e+02  2.3746388e+02  1.6246692e+02
4.3202621e-01   1005596  2.1636292e+02  2.1708024e+02  1.4869790e+02
4.5754560e-01   1194719  1.9640034e+02  1.9583215e+02  1.2553379e+02
4.8457948e-01   1419743  1.7857505e+02  1.7797097e+02  1.0934186e+02
5.1321525e-01   1686576  1.6278307e+02  1.6364802e+02  1.0074857e+02
5.4354215e-01   2003484  1.4834321e+02  1.4773928e+02  8.5069913e+01
5.7565178e-01   2378778  1.3539692e+02  1.3514354e+02  7.5129817e+01
6.0966698e-01   2828400  1.2372606e+02  1.2417703e+02  6.7519864e+01
6.4568974e-01   3356890  1.1326679e+02  1.1264755e+02  5.6981370e+01
6.8383752e-01   3990317  1.0424035e+02  1.0476399e+02  5.1789660e+01
7.2424344e-01   4738457  9.6352791e+01  9.5712768e+01  4.3817589e+01
7.6703215e-01   5629661  8.9935475e+01  9.0311248e+01  3.9499877e+01
8.1235262e-01   6687903  8.4973852e+01  8.4380433e+01  3.3560667e+01
8.6035444e-01   7945758  8.1539210e+01  8.1824716e+01  3.0026739e+01
9.1118812e-01   9436555  7.9805769e+01  7.9540612e+01  2.5803784e+01
9.6501980e-01  11210320  7.9782187e+01  7.9704531e+01  2.2631473e+01
1.0220366e+00  13318613  8.1262381e+01  8.1596681e+01  1.9872531e+01
1.0824208e+00  15819192  8.3972119e+01  8.3705435e+01  1.7136367e+01
1.1463741e+00  18795348  8.7232325e+01  8.6865652e+01  1.4914968e+01
1.2141088e+00  22326034  9.0117617e+01  9.0215599e+01  1.3071216e+01
1.2858419e+00  26520842  9.1930850e+01  9.2110779e+01  1.1378660e+01
1.3618105e+00  31503438  9.2559868e+01  9.2546656e+01  9.8702843e+00
1.4422695e+00  37426927  9.2179686e+01  9.2199058e+01  8.5781875e+00
1.5275481e+00  44525830  9.1285460e+01  9.1170812e+01  7.4419279e+00
