# Power spectrum from CO𝘕CEPT job 4701030 at t = 5.853323 Gyr, a = 0.5
#
# Components:
#   0: matter  (upstream grid size 1024)
#
#                           grid size 1024
# ╭────────────────────────────────────────────────────────────────╮
#                         component 0    (corrected)      (linear)
#                        σ₈ = 4.64e-01  σ₈ = 4.64e-01  σ₈ = 4.47e-01
#  k [Mpc⁻¹]    modes       P [Mpc³]       P [Mpc³]       P [Mpc³]
3.0679616e-03         3  1.6663258e+04  1.6663258e+04  1.6651772e+04
5.8212951e-03        25  2.4230267e+04  2.4353583e+04  2.4323935e+04
1.0440195e-02       124  2.7894310e+04  2.8214774e+04  2.8369868e+04
1.6729547e-02       418  2.5132569e+04  2.5361855e+04  2.5310582e+04
2.3240110e-02       730  1.9234046e+04  1.9238041e+04  1.9431852e+04
2.9075630e-02      1012  1.5230494e+04  1.5193501e+04  1.5181158e+04
3.4544381e-02      1408  1.2735086e+04  1.2704969e+04  1.2661533e+04
3.9898901e-02      1841  1.1079719e+04  1.1070351e+04  1.1175662e+04
4.5580519e-02      2698  9.9715156e+03  9.9802668e+03  1.0027649e+04
5.1612543e-02      3532  8.6629804e+03  8.6766347e+03  8.7757746e+03
5.7899473e-02      4702  7.2466594e+03  7.2485192e+03  7.3253828e+03
6.4462744e-02      6019  5.9750636e+03  5.9612826e+03  5.9354570e+03
7.1309305e-02      7766  4.9833039e+03  4.9642251e+03  4.9323148e+03
7.8556104e-02     10012  4.4404219e+03  4.4300097e+03  4.3887441e+03
8.6194331e-02     12589  4.1394944e+03  4.1444015e+03  4.0947839e+03
9.4153926e-02     15650  3.7414292e+03  3.7519746e+03  3.7176364e+03
1.0254095e-01     19757  3.1812968e+03  3.1827644e+03  3.1322838e+03
1.1136076e-01     24241  2.6562296e+03  2.6470744e+03  2.5371862e+03
1.2060245e-01     29993  2.2776056e+03  2.2695533e+03  2.1442712e+03
1.3029316e-01     36494  2.0312417e+03  2.0319141e+03  1.9201158e+03
1.4046583e-01     44825  1.8184599e+03  1.8210598e+03  1.7010804e+03
1.5111985e-01     53906  1.5961270e+03  1.5926278e+03  1.4540277e+03
1.6229170e-01     65729  1.4126840e+03  1.4086020e+03  1.2778240e+03
1.7401323e-01     78746  1.2907097e+03  1.2929594e+03  1.1768260e+03
1.8625264e-01     94374  1.1574072e+03  1.1596741e+03  1.0437928e+03
1.9902230e-01    112166  1.0057570e+03  1.0037929e+03  8.7073948e+02
2.1238854e-01    134373  8.8823322e+02  8.8548479e+02  7.3654244e+02
2.2637810e-01    159077  8.0429643e+02  8.0344817e+02  6.5629123e+02
2.4096993e-01    188172  7.2755901e+02  7.2734370e+02  5.9619085e+02
2.5621802e-01    222492  6.6360627e+02  6.6422203e+02  5.4074675e+02
2.7214102e-01    261771  5.9863076e+02  5.9926553e+02  4.7448532e+02
2.8873063e-01    306759  5.3661948e+02  5.3538781e+02  4.0000625e+02
3.0605468e-01    360898  4.8534167e+02  4.8351682e+02  3.4669097e+02
3.2421519e-01    425046  4.4551748e+02  4.4577147e+02  3.2099313e+02
3.4337900e-01    505555  4.0525314e+02  4.0633439e+02  2.9256690e+02
3.6368055e-01    600292  3.6845779e+02  3.6794835e+02  2.4840269e+02
3.8517334e-01    712930  3.3625774e+02  3.3450415e+02  2.1151489e+02
4.0793004e-01    846715  3.0696870e+02  3.0727783e+02  1.9530612e+02
4.3202621e-01   1005596  2.8055876e+02  2.8157074e+02  1.7574101e+02
4.5754560e-01   1194719  2.5614858e+02  2.5478547e+02  1.4621535e+02
4.8457948e-01   1419743  2.3422328e+02  2.3394068e+02  1.3097031e+02
5.1321525e-01   1686576  2.1464193e+02  2.1553756e+02  1.1901029e+02
5.4354215e-01   2003484  1.9685129e+02  1.9541743e+02  9.9048007e+01
5.7565178e-01   2378778  1.8068120e+02  1.8118867e+02  9.0174839e+01
6.0966698e-01   2828400  1.6628769e+02  1.6620571e+02  7.8578570e+01
6.4568974e-01   3356890  1.5325752e+02  1.5274876e+02  6.7654451e+01
6.8383752e-01   3990317  1.4190129e+02  1.4253077e+02  6.0926461e+01
7.2424344e-01   4738457  1.3203600e+02  1.3133064e+02  5.1674886e+01
7.6703215e-01   5629661  1.2384817e+02  1.2433309e+02  4.6473514e+01
8.1235262e-01   6687903  1.1734870e+02  1.1688308e+02  3.9701269e+01
8.6035444e-01   7945758  1.1259686e+02  1.1266746e+02  3.5092691e+01
9.1118812e-01   9436555  1.0965641e+02  1.0995115e+02  3.0667886e+01
9.6501980e-01  11210320  1.0840573e+02  1.0787313e+02  2.6412306e+01
1.0220366e+00  13318613  1.0843075e+02  1.0863352e+02  2.3309135e+01
1.0824208e+00  15819192  1.0932893e+02  1.0940044e+02  2.0251558e+01
1.1463741e+00  18795348  1.1038876e+02  1.0999838e+02  1.7515375e+01
1.2141088e+00  22326034  1.1092522e+02  1.1065510e+02  1.5270313e+01
1.2858419e+00  26520842  1.1050074e+02  1.1036542e+02  1.3310732e+01
1.3618105e+00  31503438  1.0928830e+02  1.0941172e+02  1.1592519e+01
1.4422695e+00  37426927  1.0740309e+02  1.0745927e+02  1.0066621e+01
1.5275481e+00  44525830  1.0514662e+02  1.0520476e+02  8.7383446e+00
