# Power spectrum from CO𝘕CEPT job 4701030 at t = 4.8105928 Gyr, a = 0.43478261
#
# Components:
#   0: matter  (upstream grid size 1024)
#
#                           grid size 1024
# ╭────────────────────────────────────────────────────────────────╮
#                         component 0    (corrected)      (linear)
#                        σ₈ = 4.06e-01  σ₈ = 4.05e-01  σ₈ = 3.95e-01
#  k [Mpc⁻¹]    modes       P [Mpc³]       P [Mpc³]       P [Mpc³]
3.0679616e-03         3  1.2975265e+04  1.2975265e+04  1.2971265e+04
5.8212951e-03        25  1.8869313e+04  1.8965346e+04  1.8949930e+04
1.0440195e-02       124  2.1744098e+04  2.1993906e+04  2.2104844e+04
1.6729547e-02       418  1.9578121e+04  1.9756733e+04  1.9723039e+04
2.3240110e-02       730  1.5006399e+04  1.5009516e+04  1.5142915e+04
2.9075630e-02      1012  1.1868107e+04  1.1839280e+04  1.1830762e+04
3.4544381e-02      1408  9.9201254e+03  9.8966654e+03  9.8673793e+03
3.9898901e-02      1841  8.6439977e+03  8.6366892e+03  8.7095165e+03
4.5580519e-02      2698  7.7745598e+03  7.7813829e+03  7.8149096e+03
5.1612543e-02      3532  6.7594355e+03  6.7700894e+03  6.8393274e+03
5.7899473e-02      4702  5.6521237e+03  5.6535743e+03  5.7090081e+03
6.4462744e-02      6019  4.6477815e+03  4.6370619e+03  4.6257948e+03
7.1309305e-02      7766  3.8717763e+03  3.8569531e+03  3.8440097e+03
7.8556104e-02     10012  3.4473935e+03  3.4393098e+03  3.4203862e+03
8.6194331e-02     12589  3.2139427e+03  3.2177526e+03  3.1912942e+03
9.4153926e-02     15650  2.9054192e+03  2.9136083e+03  2.8973673e+03
1.0254095e-01     19757  2.4641971e+03  2.4653339e+03  2.4411721e+03
1.1136076e-01     24241  2.0457880e+03  2.0387368e+03  1.9773802e+03
1.2060245e-01     29993  1.7479517e+03  1.7417719e+03  1.6711599e+03
1.3029316e-01     36494  1.5573316e+03  1.5578470e+03  1.4964633e+03
1.4046583e-01     44825  1.3921377e+03  1.3941281e+03  1.3257567e+03
1.5111985e-01     53906  1.2150664e+03  1.2124026e+03  1.1332140e+03
1.6229170e-01     65729  1.0724930e+03  1.0693940e+03  9.9588801e+02
1.7401323e-01     78746  9.7966431e+02  9.8137189e+02  9.1717438e+02
1.8625264e-01     94374  8.7590180e+02  8.7761731e+02  8.1349358e+02
1.9902230e-01    112166  7.5511673e+02  7.5364207e+02  6.7862243e+02
2.1238854e-01    134373  6.6216500e+02  6.6011608e+02  5.7403434e+02
2.2637810e-01    159077  5.9700924e+02  5.9637960e+02  5.1148959e+02
2.4096993e-01    188172  5.3863190e+02  5.3847250e+02  4.6464964e+02
2.5621802e-01    222492  4.8979104e+02  4.9024552e+02  4.2143858e+02
2.7214102e-01    261771  4.3892363e+02  4.3938905e+02  3.6979687e+02
2.8873063e-01    306759  3.9008717e+02  3.8919183e+02  3.1175059e+02
3.0605468e-01    360898  3.5045479e+02  3.4913711e+02  2.7019860e+02
3.2421519e-01    425046  3.2061361e+02  3.2079639e+02  2.5017064e+02
3.4337900e-01    505555  2.9006127e+02  2.9083518e+02  2.2801627e+02
3.6368055e-01    600292  2.6155230e+02  2.6119066e+02  1.9359627e+02
3.8517334e-01    712930  2.3672476e+02  2.3549024e+02  1.6484724e+02
4.0793004e-01    846715  2.1479420e+02  2.1501050e+02  1.5221471e+02
4.3202621e-01   1005596  1.9500323e+02  1.9570661e+02  1.3696636e+02
4.5754560e-01   1194719  1.7647288e+02  1.7553377e+02  1.1395510e+02
4.8457948e-01   1419743  1.6008476e+02  1.5989162e+02  1.0207366e+02
5.1321525e-01   1686576  1.4553580e+02  1.4614308e+02  9.2752448e+01
5.4354215e-01   2003484  1.3221703e+02  1.3125396e+02  7.7194547e+01
5.7565178e-01   2378778  1.2034689e+02  1.2068490e+02  7.0279114e+01
6.0966698e-01   2828400  1.0961263e+02  1.0955859e+02  6.1241390e+01
6.4568974e-01   3356890  1.0002668e+02  9.9694628e+01  5.2727516e+01
6.8383752e-01   3990317  9.1766422e+01  9.2173499e+01  4.7483957e+01
7.2424344e-01   4738457  8.4551881e+01  8.4100187e+01  4.0273604e+01
7.6703215e-01   5629661  7.8711405e+01  7.9019599e+01  3.6219838e+01
8.1235262e-01   6687903  7.4220302e+01  7.3925811e+01  3.0941787e+01
8.6035444e-01   7945758  7.1178465e+01  7.1223098e+01  2.7350023e+01
9.1118812e-01   9436555  6.9787849e+01  6.9975429e+01  2.3901485e+01
9.6501980e-01  11210320  7.0089913e+01  6.9745556e+01  2.0584834e+01
1.0220366e+00  13318613  7.1974046e+01  7.2108640e+01  1.8166331e+01
1.0824208e+00  15819192  7.5243885e+01  7.5293100e+01  1.5783362e+01
1.1463741e+00  18795348  7.9266202e+01  7.8985884e+01  1.3650877e+01
1.2141088e+00  22326034  8.3042939e+01  8.2840717e+01  1.1901154e+01
1.2858419e+00  26520842  8.5751416e+01  8.5646408e+01  1.0373925e+01
1.3618105e+00  31503438  8.7113324e+01  8.7211699e+01  9.0348096e+00
1.4422695e+00  37426927  8.7282769e+01  8.7328425e+01  7.8455779e+00
1.5275481e+00  44525830  8.6807389e+01  8.6855388e+01  6.8103653e+00
