# Power spectrum from CO𝘕CEPT job 4701030 at t = 3.8213994 Gyr, a = 0.37037037
#
# Components:
#   0: matter  (upstream grid size 1024)
#
#                           grid size 1024
# ╭────────────────────────────────────────────────────────────────╮
#                         component 0    (corrected)      (linear)
#                        σ₈ = 3.46e-01  σ₈ = 3.46e-01  σ₈ = 3.41e-01
#  k [Mpc⁻¹]    modes       P [Mpc³]       P [Mpc³]       P [Mpc³]
3.0679616e-03         3  9.6318283e+03  9.6318283e+03  9.6330315e+03
5.8212951e-03        25  1.4008683e+04  1.4079978e+04  1.4075127e+04
1.0440195e-02       124  1.6159412e+04  1.6345060e+04  1.6421017e+04
1.6729547e-02       418  1.4539072e+04  1.4671713e+04  1.4653253e+04
2.3240110e-02       730  1.1161691e+04  1.1164010e+04  1.1251130e+04
2.9075630e-02      1012  8.8158573e+03  8.7944446e+03  8.7904923e+03
3.4544381e-02      1408  7.3661216e+03  7.3487015e+03  7.3318023e+03
3.9898901e-02      1841  6.4287870e+03  6.4233514e+03  6.4715554e+03
4.5580519e-02      2698  5.7783308e+03  5.7834020e+03  5.8068809e+03
5.1612543e-02      3532  5.0276753e+03  5.0355997e+03  5.0820119e+03
5.7899473e-02      4702  4.2025455e+03  4.2036241e+03  4.2421449e+03
6.4462744e-02      6019  3.4466755e+03  3.4387260e+03  3.4372664e+03
7.1309305e-02      7766  2.8682890e+03  2.8573076e+03  2.8563594e+03
7.8556104e-02     10012  2.5520354e+03  2.5460512e+03  2.5415859e+03
8.6194331e-02     12589  2.3789098e+03  2.3817298e+03  2.3713601e+03
9.4153926e-02     15650  2.1507858e+03  2.1568480e+03  2.1529554e+03
1.0254095e-01     19757  1.8199807e+03  1.8208203e+03  1.8139719e+03
1.1136076e-01     24241  1.5027642e+03  1.4975846e+03  1.4693421e+03
1.2060245e-01     29993  1.2795680e+03  1.2750442e+03  1.2417987e+03
1.3029316e-01     36494  1.1390884e+03  1.1394655e+03  1.1119869e+03
1.4046583e-01     44825  1.0163805e+03  1.0178337e+03  9.8513951e+02
1.5111985e-01     53906  8.8235916e+02  8.8042474e+02  8.4206600e+02
1.6229170e-01     65729  7.7681250e+02  7.7456787e+02  7.4002251e+02
1.7401323e-01     78746  7.0949782e+02  7.1073449e+02  6.8153246e+02
1.8625264e-01     94374  6.3251649e+02  6.3375532e+02  6.0448973e+02
1.9902230e-01    112166  5.4089380e+02  5.3983749e+02  5.0427003e+02
2.1238854e-01    134373  4.7060434e+02  4.6914816e+02  4.2655295e+02
2.2637810e-01    159077  4.2250350e+02  4.2205790e+02  3.8007735e+02
2.4096993e-01    188172  3.8036986e+02  3.8025730e+02  3.4527162e+02
2.5621802e-01    222492  3.4480368e+02  3.4512362e+02  3.1316243e+02
2.7214102e-01    261771  3.0702040e+02  3.0734596e+02  2.7478857e+02
2.8873063e-01    306759  2.7008892e+02  2.6946900e+02  2.3165559e+02
3.0605468e-01    360898  2.4090785e+02  2.4000206e+02  2.0077917e+02
3.2421519e-01    425046  2.1968002e+02  2.1980526e+02  1.8589682e+02
3.4337900e-01    505555  1.9781880e+02  1.9834659e+02  1.6943436e+02
3.6368055e-01    600292  1.7657203e+02  1.7632789e+02  1.4385756e+02
3.8517334e-01    712930  1.5821304e+02  1.5738796e+02  1.2249473e+02
4.0793004e-01    846715  1.4278922e+02  1.4293302e+02  1.1310775e+02
4.3202621e-01   1005596  1.2872038e+02  1.2918467e+02  1.0177701e+02
4.5754560e-01   1194719  1.1515473e+02  1.1454193e+02  8.4677805e+01
4.8457948e-01   1419743  1.0352097e+02  1.0339606e+02  7.5848946e+01
5.1321525e-01   1686576  9.3245290e+01  9.3634373e+01  6.8922536e+01
5.4354215e-01   2003484  8.3755131e+01  8.3145061e+01  5.7361766e+01
5.7565178e-01   2378778  7.5437376e+01  7.5649255e+01  5.2223045e+01
6.0966698e-01   2828400  6.7862955e+01  6.7829502e+01  4.5507289e+01
6.4568974e-01   3356890  6.1164313e+01  6.0961269e+01  3.9180797e+01
6.8383752e-01   3990317  5.5403288e+01  5.5649058e+01  3.5284411e+01
7.2424344e-01   4738457  5.0392934e+01  5.0123724e+01  2.9926538e+01
7.6703215e-01   5629661  4.6371621e+01  4.6553188e+01  2.6914264e+01
8.1235262e-01   6687903  4.3330514e+01  4.3158587e+01  2.2992247e+01
8.6035444e-01   7945758  4.1434201e+01  4.1460183e+01  2.0323277e+01
9.1118812e-01   9436555  4.0891057e+01  4.1000967e+01  1.7760735e+01
9.6501980e-01  11210320  4.1832249e+01  4.1626724e+01  1.5296197e+01
1.0220366e+00  13318613  4.4457008e+01  4.4540145e+01  1.3499054e+01
1.0824208e+00  15819192  4.8883524e+01  4.8915498e+01  1.1728316e+01
1.1463741e+00  18795348  5.4913838e+01  5.4719640e+01  1.0143707e+01
1.2141088e+00  22326034  6.1599184e+01  6.1449180e+01  8.8435220e+00
1.2858419e+00  26520842  6.7773246e+01  6.7690254e+01  7.7086675e+00
1.3618105e+00  31503438  7.2184868e+01  7.2266385e+01  6.7135967e+00
1.4422695e+00  37426927  7.4309702e+01  7.4348572e+01  5.8299015e+00
1.5275481e+00  44525830  7.4852324e+01  7.4893712e+01  5.0606550e+00
