# Power spectrum from CO𝘕CEPT job 4701030 at t = 13.790054 Gyr, a = 1
#
# Components:
#   0: matter  (upstream grid size 1024)
#
#                           grid size 1024
# ╭────────────────────────────────────────────────────────────────╮
#                         component 0    (corrected)      (linear)
#                        σ₈ = 8.08e-01  σ₈ = 8.07e-01  σ₈ = 7.35e-01
#  k [Mpc⁻¹]    modes       P [Mpc³]       P [Mpc³]       P [Mpc³]
3.0679616e-03         3  4.4984675e+04  4.4984675e+04  4.4987630e+04
5.8212951e-03        25  6.5381786e+04  6.5714538e+04  6.5686709e+04
1.0440195e-02       124  7.4851044e+04  7.5710971e+04  7.6574218e+04
1.6729547e-02       418  6.7647229e+04  6.8264379e+04  6.8288798e+04
2.3240110e-02       730  5.1318072e+04  5.1328731e+04  5.2415013e+04
2.9075630e-02      1012  4.0895557e+04  4.0796226e+04  4.0943780e+04
3.4544381e-02      1408  3.4255505e+04  3.4174495e+04  3.4145403e+04
3.9898901e-02      1841  2.9553732e+04  2.9528744e+04  3.0136529e+04
4.5580519e-02      2698  2.6683630e+04  2.6707048e+04  2.7039516e+04
5.1612543e-02      3532  2.3079188e+04  2.3115565e+04  2.3662976e+04
5.7899473e-02      4702  1.9359960e+04  1.9364928e+04  1.9751580e+04
6.4462744e-02      6019  1.6228420e+04  1.6190991e+04  1.6003533e+04
7.1309305e-02      7766  1.3662709e+04  1.3610401e+04  1.3298561e+04
7.8556104e-02     10012  1.2235555e+04  1.2206864e+04  1.1832805e+04
8.6194331e-02     12589  1.1373120e+04  1.1386603e+04  1.1040105e+04
9.4153926e-02     15650  1.0250581e+04  1.0279473e+04  1.0023164e+04
1.0254095e-01     19757  8.8737263e+03  8.8778200e+03  8.4449181e+03
1.1136076e-01     24241  7.6767593e+03  7.6503000e+03  6.8404348e+03
1.2060245e-01     29993  6.7240195e+03  6.7002471e+03  5.7810748e+03
1.3029316e-01     36494  6.0464860e+03  6.0484875e+03  5.1767143e+03
1.4046583e-01     44825  5.4409306e+03  5.4487098e+03  4.5861670e+03
1.5111985e-01     53906  4.9308447e+03  4.9200347e+03  3.9200915e+03
1.6229170e-01     65729  4.4393992e+03  4.4265714e+03  3.4450320e+03
1.7401323e-01     78746  4.0775284e+03  4.0846356e+03  3.1727320e+03
1.8625264e-01     94374  3.7107680e+03  3.7180358e+03  2.8140674e+03
1.9902230e-01    112166  3.3636780e+03  3.3571091e+03  2.3475110e+03
2.1238854e-01    134373  3.0560278e+03  3.0465717e+03  1.9857130e+03
2.2637810e-01    159077  2.8299172e+03  2.8269326e+03  1.7693538e+03
2.4096993e-01    188172  2.6119843e+03  2.6112113e+03  1.6073219e+03
2.5621802e-01    222492  2.4186120e+03  2.4208562e+03  1.4578439e+03
2.7214102e-01    261771  2.2511502e+03  2.2535373e+03  1.2792031e+03
2.8873063e-01    306759  2.0876832e+03  2.0828915e+03  1.0784081e+03
3.0605468e-01    360898  1.9512172e+03  1.9438808e+03  9.3467058e+02
3.2421519e-01    425046  1.8185657e+03  1.8196024e+03  8.6538927e+02
3.4337900e-01    505555  1.7041668e+03  1.7087137e+03  7.8875244e+02
3.6368055e-01    600292  1.5983192e+03  1.5961093e+03  6.6968660e+02
3.8517334e-01    712930  1.4985779e+03  1.4907628e+03  5.7023788e+02
4.0793004e-01    846715  1.4108911e+03  1.4123119e+03  5.2653929e+02
4.3202621e-01   1005596  1.3243687e+03  1.3291457e+03  4.7379218e+02
4.5754560e-01   1194719  1.2479033e+03  1.2412625e+03  3.9419180e+02
4.8457948e-01   1419743  1.1733395e+03  1.1719239e+03  3.5309158e+02
5.1321525e-01   1686576  1.1078021e+03  1.1124246e+03  3.2084768e+02
5.4354215e-01   2003484  1.0430428e+03  1.0354453e+03  2.6702997e+02
5.7565178e-01   2378778  9.8613191e+02  9.8890164e+02  2.4310817e+02
6.0966698e-01   2828400  9.3174067e+02  9.3128136e+02  2.1184499e+02
6.4568974e-01   3356890  8.8123245e+02  8.7830706e+02  1.8239392e+02
6.8383752e-01   3990317  8.3320714e+02  8.3690325e+02  1.6425548e+02
7.2424344e-01   4738457  7.8876993e+02  7.8455616e+02  1.3931355e+02
7.6703215e-01   5629661  7.4729883e+02  7.5022488e+02  1.2529083e+02
8.1235262e-01   6687903  7.0790004e+02  7.0509124e+02  1.0703309e+02
8.6035444e-01   7945758  6.7060624e+02  6.7102676e+02  9.4608529e+01
9.1118812e-01   9436555  6.3485350e+02  6.3655990e+02  8.2679415e+01
9.6501980e-01  11210320  5.9964188e+02  5.9669579e+02  7.1206527e+01
1.0220366e+00  13318613  5.6605866e+02  5.6711721e+02  6.2840491e+01
1.0824208e+00  15819192  5.3294478e+02  5.3329337e+02  5.4597375e+01
1.1463741e+00  18795348  5.0053866e+02  4.9876855e+02  4.7220730e+01
1.2141088e+00  22326034  4.6902793e+02  4.6788578e+02  4.1168129e+01
1.2858419e+00  26520842  4.3868607e+02  4.3814888e+02  3.5885173e+01
1.3618105e+00  31503438  4.0941395e+02  4.0987629e+02  3.1252936e+01
1.4422695e+00  37426927  3.8139452e+02  3.8159402e+02  2.7139174e+01
1.5275481e+00  44525830  3.5451384e+02  3.5470986e+02  2.3558192e+01
