# Power spectrum from CO𝘕CEPT job 4701030 at t = 2.4071211 Gyr, a = 0.27027027
#
# Components:
#   0: matter  (upstream grid size 1024)
#
#                           grid size 1024
# ╭────────────────────────────────────────────────────────────────╮
#                         component 0    (corrected)      (linear)
#                        σ₈ = 2.53e-01  σ₈ = 2.53e-01  σ₈ = 2.52e-01
#  k [Mpc⁻¹]    modes       P [Mpc³]       P [Mpc³]       P [Mpc³]
3.0679616e-03         3  5.2563966e+03  5.2563966e+03  5.2570037e+03
5.8212951e-03        25  7.6467817e+03  7.6856989e+03  7.6835725e+03
1.0440195e-02       124  8.8355570e+03  8.9370644e+03  8.9670951e+03
1.6729547e-02       418  7.9396138e+03  8.0120474e+03  8.0034209e+03
2.3240110e-02       730  6.1107369e+03  6.1120061e+03  6.1459094e+03
2.9075630e-02      1012  4.8159745e+03  4.8042770e+03  4.8020637e+03
3.4544381e-02      1408  4.0215607e+03  4.0120502e+03  4.0053477e+03
3.9898901e-02      1841  3.5188761e+03  3.5159009e+03  3.5354770e+03
4.5580519e-02      2698  3.1594059e+03  3.1621787e+03  3.1724126e+03
5.1612543e-02      3532  2.7522721e+03  2.7566101e+03  2.7764386e+03
5.7899473e-02      4702  2.2995306e+03  2.3001208e+03  2.3176198e+03
6.4462744e-02      6019  1.8787086e+03  1.8743755e+03  1.8779033e+03
7.1309305e-02      7766  1.5616175e+03  1.5556388e+03  1.5605421e+03
7.8556104e-02     10012  1.3879972e+03  1.3847425e+03  1.3885755e+03
8.6194331e-02     12589  1.2930913e+03  1.2946242e+03  1.2955790e+03
9.4153926e-02     15650  1.1692062e+03  1.1725017e+03  1.1762585e+03
1.0254095e-01     19757  9.8656607e+02  9.8702121e+02  9.9105884e+02
1.1136076e-01     24241  8.0852294e+02  8.0573622e+02  8.0277294e+02
1.2060245e-01     29993  6.8514447e+02  6.8272217e+02  6.7845612e+02
1.3029316e-01     36494  6.0941308e+02  6.0961480e+02  6.0753437e+02
1.4046583e-01     44825  5.4187172e+02  5.4264646e+02  5.3823194e+02
1.5111985e-01     53906  4.6703754e+02  4.6601364e+02  4.6006408e+02
1.6229170e-01     65729  4.0976636e+02  4.0858233e+02  4.0431282e+02
1.7401323e-01     78746  3.7426116e+02  3.7491350e+02  3.7235693e+02
1.8625264e-01     94374  3.3229662e+02  3.3294745e+02  3.3026466e+02
1.9902230e-01    112166  2.8073124e+02  2.8018300e+02  2.7550950e+02
2.1238854e-01    134373  2.4116011e+02  2.4041390e+02  2.3304864e+02
2.2637810e-01    159077  2.1519815e+02  2.1497119e+02  2.0765662e+02
2.4096993e-01    188172  1.9335770e+02  1.9330048e+02  1.8864046e+02
2.5621802e-01    222492  1.7451530e+02  1.7467723e+02  1.7109753e+02
2.7214102e-01    261771  1.5400240e+02  1.5416570e+02  1.5013187e+02
2.8873063e-01    306759  1.3301014e+02  1.3270485e+02  1.2656601e+02
3.0605468e-01    360898  1.1721436e+02  1.1677364e+02  1.0969657e+02
3.2421519e-01    425046  1.0654260e+02  1.0660334e+02  1.0156555e+02
3.4337900e-01    505555  9.5512975e+01  9.5767812e+01  9.2571235e+01
3.6368055e-01    600292  8.3607526e+01  8.3491926e+01  7.8597244e+01
3.8517334e-01    712930  7.3488688e+01  7.3105444e+01  6.6925573e+01
4.0793004e-01    846715  6.5971496e+01  6.6037932e+01  6.1796961e+01
4.3202621e-01   1005596  5.8869514e+01  5.9081857e+01  5.5606364e+01
4.5754560e-01   1194719  5.1404339e+01  5.1130789e+01  4.6264134e+01
4.8457948e-01   1419743  4.5564363e+01  4.5509389e+01  4.1440448e+01
5.1321525e-01   1686576  4.0459475e+01  4.0628299e+01  3.7656173e+01
5.4354215e-01   2003484  3.5532573e+01  3.5273755e+01  3.1339891e+01
5.7565178e-01   2378778  3.1378652e+01  3.1466784e+01  2.8532327e+01
6.0966698e-01   2828400  2.7635843e+01  2.7622220e+01  2.4863142e+01
6.4568974e-01   3356890  2.4308346e+01  2.4227651e+01  2.1406632e+01
6.8383752e-01   3990317  2.1457399e+01  2.1552584e+01  1.9277823e+01
7.2424344e-01   4738457  1.8977878e+01  1.8876494e+01  1.6350522e+01
7.6703215e-01   5629661  1.6988897e+01  1.7055417e+01  1.4704751e+01
8.1235262e-01   6687903  1.5493976e+01  1.5432499e+01  1.2561937e+01
8.6035444e-01   7945758  1.4671638e+01  1.4680838e+01  1.1103732e+01
9.1118812e-01   9436555  1.4635834e+01  1.4675173e+01  9.7036747e+00
9.6501980e-01  11210320  1.5511056e+01  1.5434848e+01  8.3571613e+00
1.0220366e+00  13318613  1.7623005e+01  1.7655961e+01  7.3752833e+00
1.0824208e+00  15819192  2.1402108e+01  2.1416107e+01  6.4078313e+00
1.1463741e+00  18795348  2.7456854e+01  2.7359755e+01  5.5420722e+00
1.2141088e+00  22326034  3.6155137e+01  3.6067094e+01  4.8317093e+00
1.2858419e+00  26520842  4.7599666e+01  4.7541378e+01  4.2116756e+00
1.3618105e+00  31503438  6.0139144e+01  6.0207057e+01  3.6680134e+00
1.4422695e+00  37426927  6.9639538e+01  6.9675965e+01  3.1852019e+00
1.5275481e+00  44525830  7.2522440e+01  7.2562540e+01  2.7649200e+00
