# Power spectrum from CO𝘕CEPT job 4701030 at t = 2.3138916 Gyr, a = 0.26315789
#
# Components:
#   0: matter  (upstream grid size 1024)
#
#                           grid size 1024
# ╭────────────────────────────────────────────────────────────────╮
#                         component 0    (corrected)      (linear)
#                        σ₈ = 2.46e-01  σ₈ = 2.46e-01  σ₈ = 2.45e-01
#  k [Mpc⁻¹]    modes       P [Mpc³]       P [Mpc³]       P [Mpc³]
3.0679616e-03         3  4.9897928e+03  4.9897928e+03  4.9902936e+03
5.8212951e-03        25  7.2590918e+03  7.2960359e+03  7.2939553e+03
1.0440195e-02       124  8.3886335e+03  8.4850064e+03  8.5126326e+03
1.6729547e-02       418  7.5373028e+03  7.6060661e+03  7.5979259e+03
2.3240110e-02       730  5.8021581e+03  5.8033633e+03  5.8345769e+03
2.9075630e-02      1012  4.5720514e+03  4.5609465e+03  4.5588264e+03
3.4544381e-02      1408  3.8177073e+03  3.8086789e+03  3.8024760e+03
3.9898901e-02      1841  3.3411281e+03  3.3383032e+03  3.3564102e+03
4.5580519e-02      2698  2.9995806e+03  3.0022131e+03  3.0117383e+03
5.1612543e-02      3532  2.6132689e+03  2.6173879e+03  2.6358220e+03
5.7899473e-02      4702  2.1833381e+03  2.1838984e+03  2.2002423e+03
6.4462744e-02      6019  1.7833284e+03  1.7792153e+03  1.7827965e+03
7.1309305e-02      7766  1.4822485e+03  1.4765737e+03  1.4815088e+03
7.8556104e-02     10012  1.3173658e+03  1.3142767e+03  1.3182519e+03
8.6194331e-02     12589  1.2272192e+03  1.2286740e+03  1.2299655e+03
9.4153926e-02     15650  1.1096540e+03  1.1127816e+03  1.1166881e+03
1.0254095e-01     19757  9.3616969e+02  9.3660158e+02  9.4086789e+02
1.1136076e-01     24241  7.6686138e+02  7.6421825e+02  7.6211762e+02
1.2060245e-01     29993  6.4964737e+02  6.4735057e+02  6.4409673e+02
1.3029316e-01     36494  5.7781958e+02  5.7801084e+02  5.7676677e+02
1.4046583e-01     44825  5.1364538e+02  5.1437977e+02  5.1097410e+02
1.5111985e-01     53906  4.4251606e+02  4.4154592e+02  4.3676495e+02
1.6229170e-01     65729  3.8817525e+02  3.8705361e+02  3.8383714e+02
1.7401323e-01     78746  3.5454372e+02  3.5516170e+02  3.5349961e+02
1.8625264e-01     94374  3.1471067e+02  3.1532705e+02  3.1353904e+02
1.9902230e-01    112166  2.6566339e+02  2.6514458e+02  2.6155686e+02
2.1238854e-01    134373  2.2801776e+02  2.2731222e+02  2.2124636e+02
2.2637810e-01    159077  2.0339084e+02  2.0317634e+02  1.9714027e+02
2.4096993e-01    188172  1.8273899e+02  1.8268491e+02  1.7908715e+02
2.5621802e-01    222492  1.6488932e+02  1.6504233e+02  1.6243265e+02
2.7214102e-01    261771  1.4542531e+02  1.4557951e+02  1.4252875e+02
2.8873063e-01    306759  1.2543410e+02  1.2514620e+02  1.2015635e+02
3.0605468e-01    360898  1.1044176e+02  1.1002651e+02  1.0414122e+02
3.2421519e-01    425046  1.0037812e+02  1.0043534e+02  9.6421983e+01
3.4337900e-01    505555  8.9973779e+01  9.0213836e+01  8.7883164e+01
3.6368055e-01    600292  7.8641299e+01  7.8532565e+01  7.4616856e+01
3.8517334e-01    712930  6.9021717e+01  6.8661768e+01  6.3536272e+01
4.0793004e-01    846715  6.1951175e+01  6.2013562e+01  5.8667389e+01
4.3202621e-01   1005596  5.5248293e+01  5.5447574e+01  5.2790301e+01
4.5754560e-01   1194719  4.8147577e+01  4.7891358e+01  4.3921188e+01
4.8457948e-01   1419743  4.2640224e+01  4.2588778e+01  3.9341787e+01
5.1321525e-01   1686576  3.7830792e+01  3.7988647e+01  3.5749159e+01
5.4354215e-01   2003484  3.3161298e+01  3.2919752e+01  2.9752751e+01
5.7565178e-01   2378778  2.9245638e+01  2.9327780e+01  2.7087370e+01
6.0966698e-01   2828400  2.5718770e+01  2.5706091e+01  2.3604003e+01
6.4568974e-01   3356890  2.2577914e+01  2.2502963e+01  2.0322540e+01
6.8383752e-01   3990317  1.9892556e+01  1.9980799e+01  1.8301540e+01
7.2424344e-01   4738457  1.7552654e+01  1.7458884e+01  1.5522487e+01
7.6703215e-01   5629661  1.5675356e+01  1.5736732e+01  1.3960062e+01
8.1235262e-01   6687903  1.4264077e+01  1.4207480e+01  1.1925766e+01
8.6035444e-01   7945758  1.3494420e+01  1.3502881e+01  1.0541409e+01
9.1118812e-01   9436555  1.3473916e+01  1.3510132e+01  9.2122540e+00
9.6501980e-01  11210320  1.4320646e+01  1.4250287e+01  7.9339319e+00
1.0220366e+00  13318613  1.6353649e+01  1.6384231e+01  7.0017789e+00
1.0824208e+00  15819192  2.0003499e+01  2.0016583e+01  6.0833214e+00
1.1463741e+00  18795348  2.5906392e+01  2.5814776e+01  5.2614067e+00
1.2141088e+00  22326034  3.4535295e+01  3.4451197e+01  4.5870186e+00
1.2858419e+00  26520842  4.6191305e+01  4.6134741e+01  3.9983851e+00
1.3618105e+00  31503438  5.9441202e+01  5.9508327e+01  3.4822555e+00
1.4422695e+00  37426927  6.9992774e+01  7.0029385e+01  3.0238948e+00
1.5275481e+00  44525830  7.3408823e+01  7.3449413e+01  2.6248971e+00
