# Power spectrum from CO𝘕CEPT job 4701030 at t = 3.2778886 Gyr, a = 0.33333333
#
# Components:
#   0: matter  (upstream grid size 1024)
#
#                           grid size 1024
# ╭────────────────────────────────────────────────────────────────╮
#                         component 0    (corrected)      (linear)
#                        σ₈ = 3.12e-01  σ₈ = 3.12e-01  σ₈ = 3.08e-01
#  k [Mpc⁻¹]    modes       P [Mpc³]       P [Mpc³]       P [Mpc³]
3.0679616e-03         3  7.8844048e+03  7.8844048e+03  7.8859755e+03
5.8212951e-03        25  1.1468072e+04  1.1526437e+04  1.1523617e+04
1.0440195e-02       124  1.3236767e+04  1.3388838e+04  1.3445678e+04
1.6729547e-02       418  1.1904131e+04  1.2012733e+04  1.1999066e+04
2.3240110e-02       730  9.1473332e+03  9.1492332e+03  9.2135364e+03
2.9075630e-02      1012  7.2191617e+03  7.2016271e+03  7.1986668e+03
3.4544381e-02      1408  6.0306576e+03  6.0163958e+03  6.0041957e+03
3.9898901e-02      1841  5.2682167e+03  5.2637624e+03  5.2997609e+03
4.5580519e-02      2698  4.7333093e+03  4.7374634e+03  4.7554670e+03
5.1612543e-02      3532  4.1202270e+03  4.1267211e+03  4.1618647e+03
5.7899473e-02      4702  3.4433830e+03  3.4442668e+03  3.4740760e+03
6.4462744e-02      6019  2.8199033e+03  2.8133994e+03  2.8149339e+03
7.1309305e-02      7766  2.3455235e+03  2.3365436e+03  2.3392079e+03
7.8556104e-02     10012  2.0860688e+03  2.0811772e+03  2.0814285e+03
8.6194331e-02     12589  1.9442401e+03  1.9465448e+03  1.9420250e+03
9.4153926e-02     15650  1.7578694e+03  1.7628241e+03  1.7631646e+03
1.0254095e-01     19757  1.4857504e+03  1.4864358e+03  1.4855552e+03
1.1136076e-01     24241  1.2231814e+03  1.2189654e+03  1.2033209e+03
1.2060245e-01     29993  1.0395491e+03  1.0358738e+03  1.0169744e+03
1.3029316e-01     36494  9.2506850e+02  9.2537470e+02  9.1066516e+02
1.4046583e-01     44825  8.2440642e+02  8.2558512e+02  8.0678348e+02
1.5111985e-01     53906  7.1364490e+02  7.1208036e+02  6.8961319e+02
1.6229170e-01     65729  6.2741320e+02  6.2560027e+02  6.0604448e+02
1.7401323e-01     78746  5.7303340e+02  5.7403221e+02  5.5814396e+02
1.8625264e-01     94374  5.1004329e+02  5.1104225e+02  4.9504960e+02
1.9902230e-01    112166  4.3414382e+02  4.3329599e+02  4.1297431e+02
2.1238854e-01    134373  3.7594333e+02  3.7478006e+02  3.4932760e+02
2.2637810e-01    159077  3.3672521e+02  3.3637008e+02  3.1126623e+02
2.4096993e-01    188172  3.0285464e+02  3.0276502e+02  2.8276194e+02
2.5621802e-01    222492  2.7405979e+02  2.7431409e+02  2.5646599e+02
2.7214102e-01    261771  2.4317458e+02  2.4343243e+02  2.2503954e+02
2.8873063e-01    306759  2.1252421e+02  2.1203642e+02  1.8971558e+02
3.0605468e-01    360898  1.8873345e+02  1.8802383e+02  1.6442918e+02
3.2421519e-01    425046  1.7183456e+02  1.7193253e+02  1.5224121e+02
3.4337900e-01    505555  1.5440450e+02  1.5481646e+02  1.3875920e+02
3.6368055e-01    600292  1.3689114e+02  1.3670187e+02  1.1781294e+02
3.8517334e-01    712930  1.2184271e+02  1.2120730e+02  1.0031774e+02
4.0793004e-01    846715  1.0968698e+02  1.0979744e+02  9.2630228e+01
4.3202621e-01   1005596  9.8484779e+01  9.8840014e+01  8.3350858e+01
4.5754560e-01   1194719  8.7394165e+01  8.6929094e+01  6.9347368e+01
4.8457948e-01   1419743  7.8139842e+01  7.8045565e+01  6.2116926e+01
5.1321525e-01   1686576  6.9994226e+01  7.0286289e+01  5.6444505e+01
5.4354215e-01   2003484  6.2399841e+01  6.1945322e+01  4.6976748e+01
5.7565178e-01   2378778  5.5804154e+01  5.5960890e+01  4.2768364e+01
6.0966698e-01   2828400  4.9814224e+01  4.9789667e+01  3.7268458e+01
6.4568974e-01   3356890  4.4527331e+01  4.4379515e+01  3.2087341e+01
6.8383752e-01   3990317  3.9971555e+01  4.0148869e+01  2.8896374e+01
7.2424344e-01   4738457  3.6025208e+01  3.5832754e+01  2.4508514e+01
7.6703215e-01   5629661  3.2860323e+01  3.2988987e+01  2.2041595e+01
8.1235262e-01   6687903  3.0476531e+01  3.0355606e+01  1.8829636e+01
8.6035444e-01   7945758  2.9060642e+01  2.9078865e+01  1.6643868e+01
9.1118812e-01   9436555  2.8785460e+01  2.8862831e+01  1.4545260e+01
9.6501980e-01  11210320  2.9805753e+01  2.9659315e+01  1.2526912e+01
1.0220366e+00  13318613  3.2419022e+01  3.2479647e+01  1.1055131e+01
1.0824208e+00  15819192  3.6916840e+01  3.6940987e+01  9.6049750e+00
1.1463741e+00  18795348  4.3449396e+01  4.3295741e+01  8.3072505e+00
1.2141088e+00  22326034  5.1419958e+01  5.1294742e+01  7.2424564e+00
1.2858419e+00  26520842  5.9762783e+01  5.9689600e+01  6.3130607e+00
1.3618105e+00  31503438  6.6598768e+01  6.6673976e+01  5.4981416e+00
1.4422695e+00  37426927  7.0328794e+01  7.0365581e+01  4.7744342e+00
1.5275481e+00  44525830  7.1291313e+01  7.1330732e+01  4.1444552e+00
