# Power spectrum from CO𝘕CEPT job 4701030 at t = 3.6248878 Gyr, a = 0.35714286
#
# Components:
#   0: matter  (upstream grid size 1024)
#
#                           grid size 1024
# ╭────────────────────────────────────────────────────────────────╮
#                         component 0    (corrected)      (linear)
#                        σ₈ = 3.34e-01  σ₈ = 3.34e-01  σ₈ = 3.29e-01
#  k [Mpc⁻¹]    modes       P [Mpc³]       P [Mpc³]       P [Mpc³]
3.0679616e-03         3  8.9917245e+03  8.9917245e+03  8.9932178e+03
5.8212951e-03        25  1.3078045e+04  1.3144604e+04  1.3140730e+04
1.0440195e-02       124  1.5089136e+04  1.5262488e+04  1.5331444e+04
1.6729547e-02       418  1.3573965e+04  1.3697801e+04  1.3681311e+04
2.3240110e-02       730  1.0424220e+04  1.0426385e+04  1.0504991e+04
2.9075630e-02      1012  8.2310821e+03  8.2110897e+03  8.2075923e+03
3.4544381e-02      1408  6.8769692e+03  6.8607060e+03  6.8456573e+03
3.9898901e-02      1841  6.0038859e+03  5.9988096e+03  6.0424674e+03
4.5580519e-02      2698  5.3956630e+03  5.4003984e+03  5.4218749e+03
5.1612543e-02      3532  4.6954570e+03  4.7028578e+03  4.7450738e+03
5.7899473e-02      4702  3.9245807e+03  3.9255879e+03  3.9608950e+03
6.4462744e-02      6019  3.2169974e+03  3.2095777e+03  3.2093822e+03
7.1309305e-02      7766  2.6766543e+03  2.6664066e+03  2.6669904e+03
7.8556104e-02     10012  2.3811826e+03  2.3755990e+03  2.3730869e+03
8.6194331e-02     12589  2.2195356e+03  2.2221667e+03  2.2141476e+03
9.4153926e-02     15650  2.0067267e+03  2.0123828e+03  2.0102232e+03
1.0254095e-01     19757  1.6973420e+03  1.6981250e+03  1.6937135e+03
1.1136076e-01     24241  1.4000016e+03  1.3951762e+03  1.3719315e+03
1.2060245e-01     29993  1.1912529e+03  1.1870413e+03  1.1594734e+03
1.3029316e-01     36494  1.0603159e+03  1.0606669e+03  1.0382677e+03
1.4046583e-01     44825  9.4569182e+02  9.4704393e+02  9.1982984e+02
1.5111985e-01     53906  8.2013072e+02  8.1833273e+02  7.8624147e+02
1.6229170e-01     65729  7.2166354e+02  7.1957827e+02  6.9096301e+02
1.7401323e-01     78746  6.5912103e+02  6.6026989e+02  6.3635059e+02
1.8625264e-01     94374  5.8726548e+02  5.8841568e+02  5.6441543e+02
1.9902230e-01    112166  5.0136230e+02  5.0038319e+02  4.7083977e+02
2.1238854e-01    134373  4.3547752e+02  4.3413003e+02  3.9827492e+02
2.2637810e-01    159077  3.9063495e+02  3.9022296e+02  3.5488040e+02
2.4096993e-01    188172  3.5154922e+02  3.5144519e+02  3.2238211e+02
2.5621802e-01    222492  3.1847695e+02  3.1877247e+02  2.9240158e+02
2.7214102e-01    261771  2.8321822e+02  2.8351854e+02  2.5657170e+02
2.8873063e-01    306759  2.4857908e+02  2.4800853e+02  2.1629819e+02
3.0605468e-01    360898  2.2137914e+02  2.2054677e+02  1.8746869e+02
3.2421519e-01    425046  2.0175204e+02  2.0186705e+02  1.7357296e+02
3.4337900e-01    505555  1.8152610e+02  1.8201043e+02  1.5820187e+02
3.6368055e-01    600292  1.6164999e+02  1.6142648e+02  1.3432066e+02
3.8517334e-01    712930  1.4450839e+02  1.4375478e+02  1.1437406e+02
4.0793004e-01    846715  1.3029526e+02  1.3042647e+02  1.0560939e+02
4.3202621e-01   1005596  1.1728767e+02  1.1771072e+02  9.5029808e+01
4.5754560e-01   1194719  1.0463676e+02  1.0407994e+02  7.9064176e+01
4.8457948e-01   1419743  9.3883399e+01  9.3770126e+01  7.0820618e+01
5.1321525e-01   1686576  8.4396850e+01  8.4749011e+01  6.4353388e+01
5.4354215e-01   2003484  7.5611167e+01  7.5060418e+01  5.3559028e+01
5.7565178e-01   2378778  6.7934146e+01  6.8124952e+01  4.8760973e+01
6.0966698e-01   2828400  6.0946764e+01  6.0916720e+01  4.2490432e+01
6.4568974e-01   3356890  5.4774066e+01  5.4592236e+01  3.6583348e+01
6.8383752e-01   3990317  4.9461778e+01  4.9681190e+01  3.2945269e+01
7.2424344e-01   4738457  4.4849127e+01  4.4609533e+01  2.7942591e+01
7.6703215e-01   5629661  4.1148427e+01  4.1309543e+01  2.5130012e+01
8.1235262e-01   6687903  3.8354926e+01  3.8202742e+01  2.1468001e+01
8.6035444e-01   7945758  3.6643474e+01  3.6666452e+01  1.8975968e+01
9.1118812e-01   9436555  3.6210096e+01  3.6307424e+01  1.6583307e+01
9.6501980e-01  11210320  3.7199118e+01  3.7016356e+01  1.4282153e+01
1.0220366e+00  13318613  3.9851926e+01  3.9926451e+01  1.2604150e+01
1.0824208e+00  15819192  4.4352861e+01  4.4381871e+01  1.0950801e+01
1.1463741e+00  18795348  5.0626560e+01  5.0447524e+01  9.4712420e+00
1.2141088e+00  22326034  5.7820005e+01  5.7679204e+01  8.2572513e+00
1.2858419e+00  26520842  6.4764470e+01  6.4685162e+01  7.1976308e+00
1.3618105e+00  31503438  6.9964628e+01  7.0043638e+01  6.2685270e+00
1.4422695e+00  37426927  7.2583792e+01  7.2621759e+01  5.4434155e+00
1.5275481e+00  44525830  7.3276698e+01  7.3317215e+01  4.7251653e+00
