# Power spectrum from CO𝘕CEPT job 4701030 at t = 4.0357762 Gyr, a = 0.38461538
#
# Components:
#   0: matter  (upstream grid size 1024)
#
#                           grid size 1024
# ╭────────────────────────────────────────────────────────────────╮
#                         component 0    (corrected)      (linear)
#                        σ₈ = 3.60e-01  σ₈ = 3.59e-01  σ₈ = 3.53e-01
#  k [Mpc⁻¹]    modes       P [Mpc³]       P [Mpc³]       P [Mpc³]
3.0679616e-03         3  1.0340014e+04  1.0340014e+04  1.0340654e+04
5.8212951e-03        25  1.5038278e+04  1.5114813e+04  1.5108520e+04
1.0440195e-02       124  1.7343102e+04  1.7542348e+04  1.7625985e+04
1.6729547e-02       418  1.5606689e+04  1.5749069e+04  1.5728099e+04
2.3240110e-02       730  1.1977062e+04  1.1979549e+04  1.2076253e+04
2.9075630e-02      1012  9.4626741e+03  9.4396903e+03  9.4350903e+03
3.4544381e-02      1408  7.9072355e+03  7.8885358e+03  7.8694009e+03
3.9898901e-02      1841  6.8985768e+03  6.8927441e+03  6.9460563e+03
4.5580519e-02      2698  6.2015162e+03  6.2069588e+03  6.2326330e+03
5.1612543e-02      3532  5.3949744e+03  5.4034778e+03  5.4546082e+03
5.7899473e-02      4702  4.5099076e+03  4.5110651e+03  4.5531588e+03
6.4462744e-02      6019  3.7008904e+03  3.6923546e+03  3.6892666e+03
7.1309305e-02      7766  3.0804906e+03  3.0686968e+03  3.0657685e+03
7.8556104e-02     10012  2.7412759e+03  2.7348479e+03  2.7279160e+03
8.6194331e-02     12589  2.5554279e+03  2.5584572e+03  2.5452092e+03
9.4153926e-02     15650  2.3103319e+03  2.3168437e+03  2.3107919e+03
1.0254095e-01     19757  1.9559327e+03  1.9568350e+03  1.9469563e+03
1.1136076e-01     24241  1.6169157e+03  1.6113427e+03  1.5770608e+03
1.2060245e-01     29993  1.3777955e+03  1.3729244e+03  1.3328357e+03
1.3029316e-01     36494  1.2267352e+03  1.2271412e+03  1.1935070e+03
1.4046583e-01     44825  1.0950684e+03  1.0966341e+03  1.0573603e+03
1.5111985e-01     53906  9.5176853e+02  9.4968195e+02  9.0379787e+02
1.6229170e-01     65729  8.3838484e+02  8.3596230e+02  7.9427348e+02
1.7401323e-01     78746  7.6574633e+02  7.6708104e+02  7.3149545e+02
1.8625264e-01     94374  6.8309335e+02  6.8443123e+02  6.4880469e+02
1.9902230e-01    112166  5.8519540e+02  5.8405257e+02  5.4123787e+02
2.1238854e-01    134373  5.1006094e+02  5.0848267e+02  4.5782335e+02
2.2637810e-01    159077  4.5835118e+02  4.5786778e+02  4.0794062e+02
2.4096993e-01    188172  4.1281968e+02  4.1269751e+02  3.7058329e+02
2.5621802e-01    222492  3.7447643e+02  3.7482391e+02  3.3612017e+02
2.7214102e-01    261771  3.3390550e+02  3.3425956e+02  2.9493314e+02
2.8873063e-01    306759  2.9444595e+02  2.9377012e+02  2.4863810e+02
3.0605468e-01    360898  2.6306455e+02  2.6207544e+02  2.1549814e+02
3.2421519e-01    425046  2.4004706e+02  2.4018391e+02  1.9952477e+02
3.4337900e-01    505555  2.1636327e+02  2.1694055e+02  1.8185546e+02
3.6368055e-01    600292  1.9359418e+02  1.9332650e+02  1.5440364e+02
3.8517334e-01    712930  1.7388113e+02  1.7297434e+02  1.3147472e+02
4.0793004e-01    846715  1.5710220e+02  1.5726040e+02  1.2139959e+02
4.3202621e-01   1005596  1.4184562e+02  1.4235725e+02  1.0923820e+02
4.5754560e-01   1194719  1.2725551e+02  1.2657832e+02  9.0885460e+01
4.8457948e-01   1419743  1.1463658e+02  1.1449827e+02  8.1409364e+01
5.1321525e-01   1686576  1.0347680e+02  1.0390858e+02  7.3975184e+01
5.4354215e-01   2003484  9.3195156e+01  9.2516325e+01  6.1566904e+01
5.7565178e-01   2378778  8.4154284e+01  8.4390647e+01  5.6051467e+01
6.0966698e-01   2828400  7.5922894e+01  7.5885467e+01  4.8843386e+01
6.4568974e-01   3356890  6.8631670e+01  6.8403836e+01  4.2053103e+01
6.8383752e-01   3990317  6.2363869e+01  6.2640516e+01  3.7871077e+01
7.2424344e-01   4738457  5.6903419e+01  5.6599429e+01  3.2120424e+01
7.6703215e-01   5629661  5.2517856e+01  5.2723489e+01  2.8887322e+01
8.1235262e-01   6687903  4.9192800e+01  4.8997613e+01  2.4677785e+01
8.6035444e-01   7945758  4.7079609e+01  4.7109131e+01  2.1813156e+01
9.1118812e-01   9436555  4.6397724e+01  4.6522434e+01  1.9062757e+01
9.6501980e-01  11210320  4.7259548e+01  4.7027358e+01  1.6417545e+01
1.0220366e+00  13318613  4.9809762e+01  4.9902908e+01  1.4488655e+01
1.0824208e+00  15819192  5.4093208e+01  5.4128589e+01  1.2588106e+01
1.1463741e+00  18795348  5.9788793e+01  5.9577356e+01  1.0887331e+01
1.2141088e+00  22326034  6.5881866e+01  6.5721434e+01  9.4918310e+00
1.2858419e+00  26520842  7.1244183e+01  7.1156941e+01  8.2737814e+00
1.3618105e+00  31503438  7.4886123e+01  7.4970690e+01  7.2057629e+00
1.4422695e+00  37426927  7.6539241e+01  7.6579277e+01  6.2572849e+00
1.5275481e+00  44525830  7.6904209e+01  7.6946732e+01  5.4316456e+00
