# Power spectrum from CO𝘕CEPT job 4701030 at t = 2.2264668 Gyr, a = 0.25641026
#
# Components:
#   0: matter  (upstream grid size 1024)
#
#                           grid size 1024
# ╭────────────────────────────────────────────────────────────────╮
#                         component 0    (corrected)      (linear)
#                        σ₈ = 2.40e-01  σ₈ = 2.40e-01  σ₈ = 2.39e-01
#  k [Mpc⁻¹]    modes       P [Mpc³]       P [Mpc³]       P [Mpc³]
3.0679616e-03         3  4.7427250e+03  4.7427250e+03  4.7431303e+03
5.8212951e-03        25  6.8998045e+03  6.9349201e+03  6.9328821e+03
1.0440195e-02       124  7.9743805e+03  8.0659944e+03  8.0914541e+03
1.6729547e-02       418  7.1644508e+03  7.2298125e+03  7.2221211e+03
2.3240110e-02       730  5.5160976e+03  5.5172434e+03  5.5460370e+03
2.9075630e-02      1012  4.3459810e+03  4.3354251e+03  4.3333951e+03
3.4544381e-02      1408  3.6287865e+03  3.6202049e+03  3.6144548e+03
3.9898901e-02      1841  3.1763553e+03  3.1736697e+03  3.1904508e+03
4.5580519e-02      2698  2.8514399e+03  2.8539424e+03  2.8628250e+03
5.1612543e-02      3532  2.4844119e+03  2.4883277e+03  2.5054979e+03
5.7899473e-02      4702  2.0756331e+03  2.0761658e+03  2.0914562e+03
6.4462744e-02      6019  1.6949545e+03  1.6910452e+03  1.6946511e+03
7.1309305e-02      7766  1.4087209e+03  1.4033276e+03  1.4082603e+03
7.8556104e-02     10012  1.2519408e+03  1.2490052e+03  1.2530755e+03
8.6194331e-02     12589  1.1662059e+03  1.1675884e+03  1.1691544e+03
9.4153926e-02     15650  1.0544945e+03  1.0574667e+03  1.0614779e+03
1.0254095e-01     19757  8.8950751e+02  8.8991787e+02  8.9435054e+02
1.1136076e-01     24241  7.2832058e+02  7.2581029e+02  7.2443795e+02
1.2060245e-01     29993  6.1682803e+02  6.1464726e+02  6.1225218e+02
1.3029316e-01     36494  5.4861283e+02  5.4879443e+02  5.4825110e+02
1.4046583e-01     44825  4.8756149e+02  4.8825858e+02  4.8571130e+02
1.5111985e-01     53906  4.1987494e+02  4.1895443e+02  4.1517111e+02
1.6229170e-01     65729  3.6824829e+02  3.6718422e+02  3.6486010e+02
1.7401323e-01     78746  3.3634620e+02  3.3693246e+02  3.3602249e+02
1.8625264e-01     94374  2.9848811e+02  2.9907272e+02  2.9803759e+02
1.9902230e-01    112166  2.5178292e+02  2.5129121e+02  2.4862544e+02
2.1238854e-01    134373  2.1592823e+02  2.1526009e+02  2.1030790e+02
2.2637810e-01    159077  1.9253660e+02  1.9233354e+02  1.8739363e+02
2.4096993e-01    188172  1.7298033e+02  1.7292914e+02  1.7023306e+02
2.5621802e-01    222492  1.5604767e+02  1.5619246e+02  1.5440197e+02
2.7214102e-01    261771  1.3755478e+02  1.3770064e+02  1.3548212e+02
2.8873063e-01    306759  1.1849563e+02  1.1822365e+02  1.1421581e+02
3.0605468e-01    360898  1.0424673e+02  1.0385477e+02  9.8992474e+01
3.2421519e-01    425046  9.4742030e+01  9.4796042e+01  9.1654876e+01
3.4337900e-01    505555  8.4912405e+01  8.5138959e+01  8.3538217e+01
3.6368055e-01    600292  7.4112208e+01  7.4009737e+01  7.0927797e+01
3.8517334e-01    712930  6.4955467e+01  6.4616724e+01  6.0395038e+01
4.0793004e-01    846715  5.8294237e+01  5.8352941e+01  5.5766872e+01
4.3202621e-01   1005596  5.1958050e+01  5.2145462e+01  5.0180348e+01
4.5754560e-01   1194719  4.5194970e+01  4.4954464e+01  4.1749725e+01
4.8457948e-01   1419743  3.9993207e+01  3.9944954e+01  3.7396730e+01
5.1321525e-01   1686576  3.5455094e+01  3.5603037e+01  3.3981721e+01
5.4354215e-01   2003484  3.1022069e+01  3.0796105e+01  2.8281776e+01
5.7565178e-01   2378778  2.7325578e+01  2.7402327e+01  2.5748172e+01
6.0966698e-01   2828400  2.3996516e+01  2.3984687e+01  2.2437022e+01
6.4568974e-01   3356890  2.1026581e+01  2.0956780e+01  1.9317795e+01
6.8383752e-01   3990317  1.8493315e+01  1.8575351e+01  1.7396713e+01
7.2424344e-01   4738457  1.6281236e+01  1.6194259e+01  1.4755056e+01
7.6703215e-01   5629661  1.4506281e+01  1.4563081e+01  1.3269877e+01
8.1235262e-01   6687903  1.3171343e+01  1.3119082e+01  1.1336157e+01
8.6035444e-01   7945758  1.2449380e+01  1.2457186e+01  1.0020242e+01
9.1118812e-01   9436555  1.2441744e+01  1.2475186e+01  8.7568010e+00
9.6501980e-01  11210320  1.3260208e+01  1.3195059e+01  7.5416790e+00
1.0220366e+00  13318613  1.5216059e+01  1.5244513e+01  6.6556116e+00
1.0824208e+00  15819192  1.8737277e+01  1.8749533e+01  5.7825626e+00
1.1463741e+00  18795348  2.4481054e+01  2.4394479e+01  5.0012834e+00
1.2141088e+00  22326034  3.3014131e+01  3.2933736e+01  4.3602370e+00
1.2858419e+00  26520842  4.4830201e+01  4.4775304e+01  3.8007055e+00
1.3618105e+00  31503438  5.8746176e+01  5.8812517e+01  3.3100933e+00
1.4422695e+00  37426927  7.0387579e+01  7.0424397e+01  2.8743940e+00
1.5275481e+00  44525830  7.4425296e+01  7.4466448e+01  2.4951227e+00
