# Power spectrum from CO𝘕CEPT job 4701030 at t = 7.2998067 Gyr, a = 0.58823529
#
# Components:
#   0: matter  (upstream grid size 1024)
#
#                           grid size 1024
# ╭────────────────────────────────────────────────────────────────╮
#                         component 0    (corrected)      (linear)
#                        σ₈ = 5.39e-01  σ₈ = 5.39e-01  σ₈ = 5.13e-01
#  k [Mpc⁻¹]    modes       P [Mpc³]       P [Mpc³]       P [Mpc³]
3.0679616e-03         3  2.1931554e+04  2.1931554e+04  2.1919408e+04
5.8212951e-03        25  3.1887400e+04  3.2049687e+04  3.2014523e+04
1.0440195e-02       124  3.6663666e+04  3.7084877e+04  3.7334400e+04
1.6729547e-02       418  3.3059803e+04  3.3361410e+04  3.3304788e+04
2.3240110e-02       730  2.5251011e+04  2.5256256e+04  2.5567683e+04
2.9075630e-02      1012  2.0025360e+04  1.9976721e+04  1.9974105e+04
3.4544381e-02      1408  1.6751428e+04  1.6711813e+04  1.6658639e+04
3.9898901e-02      1841  1.4545724e+04  1.4533426e+04  1.4703480e+04
4.5580519e-02      2698  1.3100771e+04  1.3112269e+04  1.3192926e+04
5.1612543e-02      3532  1.1370427e+04  1.1388349e+04  1.1545790e+04
5.7899473e-02      4702  9.5166096e+03  9.5190521e+03  9.6375263e+03
6.4462744e-02      6019  7.8745913e+03  7.8564293e+03  7.8088504e+03
7.1309305e-02      7766  6.5788349e+03  6.5536476e+03  6.4890617e+03
7.8556104e-02     10012  5.8680577e+03  5.8542979e+03  5.7739084e+03
8.6194331e-02     12589  5.4686268e+03  5.4751094e+03  5.3871542e+03
9.4153926e-02     15650  4.9409386e+03  4.9548649e+03  4.8909626e+03
1.0254095e-01     19757  4.2161692e+03  4.2181142e+03  4.1208587e+03
1.1136076e-01     24241  3.5473212e+03  3.5350947e+03  3.3379381e+03
1.2060245e-01     29993  3.0559637e+03  3.0451594e+03  2.8210130e+03
1.3029316e-01     36494  2.7295004e+03  2.7304039e+03  2.5261103e+03
1.4046583e-01     44825  2.4470889e+03  2.4505877e+03  2.2379447e+03
1.5111985e-01     53906  2.1639582e+03  2.1592141e+03  1.9129202e+03
1.6229170e-01     65729  1.9222647e+03  1.9167103e+03  1.6811053e+03
1.7401323e-01     78746  1.7572688e+03  1.7603317e+03  1.5482315e+03
1.8625264e-01     94374  1.5816577e+03  1.5847555e+03  1.3732124e+03
1.9902230e-01    112166  1.3881972e+03  1.3854862e+03  1.1455432e+03
2.1238854e-01    134373  1.2357540e+03  1.2319303e+03  9.6899352e+02
2.2637810e-01    159077  1.1252525e+03  1.1240657e+03  8.6341494e+02
2.4096993e-01    188172  1.0219254e+03  1.0216230e+03  7.8434684e+02
2.5621802e-01    222492  9.3556731e+02  9.3643542e+02  7.1140458e+02
2.7214102e-01    261771  8.5115581e+02  8.5205835e+02  6.2423115e+02
2.8873063e-01    306759  7.7009317e+02  7.6832562e+02  5.2624666e+02
3.0605468e-01    360898  7.0221857e+02  6.9957828e+02  4.5610521e+02
3.2421519e-01    425046  6.4715807e+02  6.4752702e+02  4.2229718e+02
3.4337900e-01    505555  5.9305772e+02  5.9464004e+02  3.8489971e+02
3.6368055e-01    600292  5.4391073e+02  5.4315869e+02  3.2679744e+02
3.8517334e-01    712930  5.0063099e+02  4.9802020e+02  2.7826799e+02
4.0793004e-01    846715  4.6084070e+02  4.6130478e+02  2.5694378e+02
4.3202621e-01   1005596  4.2445743e+02  4.2598845e+02  2.3120400e+02
4.5754560e-01   1194719  3.9109565e+02  3.8901442e+02  1.9236017e+02
4.8457948e-01   1419743  3.6078016e+02  3.6034487e+02  1.7230387e+02
5.1321525e-01   1686576  3.3346579e+02  3.3485724e+02  1.5656932e+02
5.4354215e-01   2003484  3.0861413e+02  3.0636619e+02  1.3030703e+02
5.7565178e-01   2378778  2.8591762e+02  2.8672067e+02  1.1863353e+02
6.0966698e-01   2828400  2.6571255e+02  2.6558156e+02  1.0337754e+02
6.4568974e-01   3356890  2.4728918e+02  2.4646827e+02  8.9005823e+01
6.8383752e-01   3990317  2.3098145e+02  2.3200608e+02  8.0154512e+01
7.2424344e-01   4738457  2.1670470e+02  2.1554702e+02  6.7983189e+01
7.6703215e-01   5629661  2.0454497e+02  2.0534587e+02  6.1140291e+01
8.1235262e-01   6687903  1.9432977e+02  1.9355871e+02  5.2230761e+01
8.6035444e-01   7945758  1.8611288e+02  1.8622959e+02  4.6167741e+01
9.1118812e-01   9436555  1.7976893e+02  1.8025212e+02  4.0346492e+01
9.6501980e-01  11210320  1.7475041e+02  1.7389185e+02  3.4747874e+01
1.0220366e+00  13318613  1.7070931e+02  1.7102854e+02  3.0665359e+01
1.0824208e+00  15819192  1.6696961e+02  1.6707883e+02  2.6642827e+01
1.1463741e+00  18795348  1.6324389e+02  1.6266660e+02  2.3043120e+01
1.2141088e+00  22326034  1.5901189e+02  1.5862467e+02  2.0089530e+01
1.2858419e+00  26520842  1.5424650e+02  1.5405761e+02  1.7511516e+01
1.3618105e+00  31503438  1.4906344e+02  1.4923177e+02  1.5251045e+01
1.4422695e+00  37426927  1.4371413e+02  1.4378930e+02  1.3243582e+01
1.5275481e+00  44525830  1.3818016e+02  1.3825657e+02  1.1496109e+01
