# Power spectrum from CO𝘕CEPT job 4701030 at t = 5.1230116 Gyr, a = 0.45454545
#
# Components:
#   0: matter  (upstream grid size 1024)
#
#                           grid size 1024
# ╭────────────────────────────────────────────────────────────────╮
#                         component 0    (corrected)      (linear)
#                        σ₈ = 4.23e-01  σ₈ = 4.23e-01  σ₈ = 4.11e-01
#  k [Mpc⁻¹]    modes       P [Mpc³]       P [Mpc³]       P [Mpc³]
3.0679616e-03         3  1.4066196e+04  1.4066196e+04  1.4059540e+04
5.8212951e-03        25  2.0455178e+04  2.0559282e+04  2.0539008e+04
1.0440195e-02       124  2.3564408e+04  2.3835128e+04  2.3957475e+04
1.6729547e-02       418  2.1221592e+04  2.1415198e+04  2.1375397e+04
2.3240110e-02       730  1.6258364e+04  1.6261741e+04  1.6411277e+04
2.9075630e-02      1012  1.2863214e+04  1.2831971e+04  1.2821583e+04
3.4544381e-02      1408  1.0753076e+04  1.0727646e+04  1.0693708e+04
3.9898901e-02      1841  9.3653330e+03  9.3574146e+03  9.4388461e+03
4.5580519e-02      2698  8.4249823e+03  8.4323763e+03  8.4693008e+03
5.1612543e-02      3532  7.3232393e+03  7.3347819e+03  7.4120105e+03
5.7899473e-02      4702  6.1242794e+03  6.1258511e+03  6.1870345e+03
6.4462744e-02      6019  5.0401629e+03  5.0285382e+03  5.0131150e+03
7.1309305e-02      7766  4.2000862e+03  4.1840060e+03  4.1658662e+03
7.8556104e-02     10012  3.7405681e+03  3.7317969e+03  3.7067698e+03
8.6194331e-02     12589  3.4872703e+03  3.4914042e+03  3.4584939e+03
9.4153926e-02     15650  3.1523560e+03  3.1612411e+03  3.1399554e+03
1.0254095e-01     19757  2.6756443e+03  2.6768786e+03  2.6455631e+03
1.1136076e-01     24241  2.2251530e+03  2.2174836e+03  2.1429386e+03
1.2060245e-01     29993  1.9032528e+03  1.8965239e+03  1.8110791e+03
1.3029316e-01     36494  1.6961826e+03  1.6967440e+03  1.6217555e+03
1.4046583e-01     44825  1.5170011e+03  1.5191701e+03  1.4367560e+03
1.5111985e-01     53906  1.3262989e+03  1.3233912e+03  1.2280924e+03
1.6229170e-01     65729  1.1716349e+03  1.1682494e+03  1.0792686e+03
1.7401323e-01     78746  1.0702854e+03  1.0721509e+03  9.9396457e+02
1.8625264e-01     94374  9.5778444e+02  9.5966032e+02  8.8160301e+02
1.9902230e-01    112166  8.2773072e+02  8.2611425e+02  7.3543976e+02
2.1238854e-01    134373  7.2747825e+02  7.2522723e+02  6.2209503e+02
2.2637810e-01    159077  6.5675684e+02  6.5606419e+02  5.5431372e+02
2.4096993e-01    188172  5.9298554e+02  5.9281005e+02  5.0355209e+02
2.5621802e-01    222492  5.3972488e+02  5.4022570e+02  4.5672319e+02
2.7214102e-01    261771  4.8464195e+02  4.8515585e+02  4.0075779e+02
2.8873063e-01    306759  4.3192105e+02  4.3092969e+02  3.3785163e+02
3.0605468e-01    360898  3.8885057e+02  3.8738853e+02  2.9282072e+02
3.2421519e-01    425046  3.5611044e+02  3.5631345e+02  2.7111593e+02
3.4337900e-01    505555  3.2269007e+02  3.2355104e+02  2.4710670e+02
3.6368055e-01    600292  2.9176275e+02  2.9135935e+02  2.0980492e+02
3.8517334e-01    712930  2.6478159e+02  2.6340076e+02  1.7864890e+02
4.0793004e-01    846715  2.4068455e+02  2.4092693e+02  1.6495871e+02
4.3202621e-01   1005596  2.1896611e+02  2.1975592e+02  1.4843371e+02
4.5754560e-01   1194719  1.9874059e+02  1.9768299e+02  1.2349586e+02
4.8457948e-01   1419743  1.8074510e+02  1.8052703e+02  1.1061966e+02
5.1321525e-01   1686576  1.6474478e+02  1.6543221e+02  1.0051804e+02
5.4354215e-01   2003484  1.5013097e+02  1.4903742e+02  8.3657568e+01
5.7565178e-01   2378778  1.3702666e+02  1.3741152e+02  7.6163148e+01
6.0966698e-01   2828400  1.2523147e+02  1.2516974e+02  6.6368750e+01
6.4568974e-01   3356890  1.1465540e+02  1.1427479e+02  5.7142062e+01
6.8383752e-01   3990317  1.0551530e+02  1.0598337e+02  5.1459492e+01
7.2424344e-01   4738457  9.7543506e+01  9.7022408e+01  4.3645461e+01
7.6703215e-01   5629661  9.1047010e+01  9.1403504e+01  3.9252297e+01
8.1235262e-01   6687903  8.6012975e+01  8.5671693e+01  3.3532348e+01
8.6035444e-01   7945758  8.2522402e+01  8.2574149e+01  2.9639868e+01
9.1118812e-01   9436555  8.0743163e+01  8.0960190e+01  2.5902605e+01
9.6501980e-01  11210320  8.0680838e+01  8.0284446e+01  2.2308272e+01
1.0220366e+00  13318613  8.2119073e+01  8.2272639e+01  1.9687283e+01
1.0824208e+00  15819192  8.4784584e+01  8.4840040e+01  1.7104803e+01
1.1463741e+00  18795348  8.7981893e+01  8.7670753e+01  1.4793778e+01
1.2141088e+00  22326034  9.0796023e+01  9.0574921e+01  1.2897562e+01
1.2858419e+00  26520842  9.2537092e+01  9.2423776e+01  1.1242467e+01
1.3618105e+00  31503438  9.3104727e+01  9.3209868e+01  9.7912361e+00
1.4422695e+00  37426927  9.2676479e+01  9.2724956e+01  8.5024375e+00
1.5275481e+00  44525830  9.1749082e+01  9.1799812e+01  7.3805530e+00
