# Power spectrum from CO𝘕CEPT job 4701030 at t = 2.9819903 Gyr, a = 0.3125
#
# Components:
#   0: matter  (upstream grid size 1024)
#
#                           grid size 1024
# ╭────────────────────────────────────────────────────────────────╮
#                         component 0    (corrected)      (linear)
#                        σ₈ = 2.92e-01  σ₈ = 2.92e-01  σ₈ = 2.90e-01
#  k [Mpc⁻¹]    modes       P [Mpc³]       P [Mpc³]       P [Mpc³]
3.0679616e-03         3  6.9655008e+03  6.9655008e+03  6.9668247e+03
5.8212951e-03        25  1.0131985e+04  1.0183551e+04  1.0181127e+04
1.0440195e-02       124  1.1698683e+04  1.1833083e+04  1.1880058e+04
1.6729547e-02       418  1.0518149e+04  1.0614106e+04  1.0602342e+04
2.3240110e-02       730  8.0865843e+03  8.0882640e+03  8.1412432e+03
2.9075630e-02      1012  6.3791234e+03  6.3636293e+03  6.3609439e+03
3.4544381e-02      1408  5.3282410e+03  5.3156403e+03  5.3055131e+03
3.9898901e-02      1841  4.6571003e+03  4.6531628e+03  4.6830724e+03
4.5580519e-02      2698  4.1832948e+03  4.1869661e+03  4.2021282e+03
5.1612543e-02      3532  3.6423615e+03  3.6481025e+03  3.6776065e+03
5.7899473e-02      4702  3.0437246e+03  3.0445058e+03  3.0698525e+03
6.4462744e-02      6019  2.4906046e+03  2.4848602e+03  2.4874084e+03
7.1309305e-02      7766  2.0711072e+03  2.0631779e+03  2.0670370e+03
7.8556104e-02     10012  1.8416064e+03  1.8372881e+03  1.8392525e+03
8.6194331e-02     12589  1.7161954e+03  1.7182299e+03  1.7160702e+03
9.4153926e-02     15650  1.5517135e+03  1.5560871e+03  1.5580211e+03
1.0254095e-01     19757  1.3107182e+03  1.3113229e+03  1.3127122e+03
1.1136076e-01     24241  1.0773815e+03  1.0736681e+03  1.0633161e+03
1.2060245e-01     29993  9.1471306e+02  9.1147914e+02  8.9865110e+02
1.3029316e-01     36494  8.1383374e+02  8.1410313e+02  8.0471099e+02
1.4046583e-01     44825  7.2474698e+02  7.2578319e+02  7.1291593e+02
1.5111985e-01     53906  6.2642189e+02  6.2504857e+02  6.0937829e+02
1.6229170e-01     65729  5.5033057e+02  5.4874037e+02  5.3553271e+02
1.7401323e-01     78746  5.0263234e+02  5.0350844e+02  4.9320537e+02
1.8625264e-01     94374  4.4699672e+02  4.4787219e+02  4.3745193e+02
1.9902230e-01    112166  3.7950802e+02  3.7876688e+02  3.6492592e+02
2.1238854e-01    134373  3.2775368e+02  3.2673952e+02  3.0868436e+02
2.2637810e-01    159077  2.9318797e+02  2.9287876e+02  2.7505133e+02
2.4096993e-01    188172  2.6358388e+02  2.6350587e+02  2.4986346e+02
2.5621802e-01    222492  2.3830201e+02  2.3852313e+02  2.2662697e+02
2.7214102e-01    261771  2.1104766e+02  2.1127145e+02  1.9885690e+02
2.8873063e-01    306759  1.8373766e+02  1.8331594e+02  1.6764278e+02
3.0605468e-01    360898  1.6275813e+02  1.6214617e+02  1.4529838e+02
3.2421519e-01    425046  1.4807977e+02  1.4816419e+02  1.3452844e+02
3.4337900e-01    505555  1.3293074e+02  1.3328541e+02  1.2261503e+02
3.6368055e-01    600292  1.1737441e+02  1.1721212e+02  1.0410580e+02
3.8517334e-01    712930  1.0405356e+02  1.0351092e+02  8.8646110e+01
4.0793004e-01    846715  9.3563587e+01  9.3657809e+01  8.1853015e+01
4.3202621e-01   1005596  8.3826819e+01  8.4129182e+01  7.3653270e+01
4.5754560e-01   1194719  7.4013639e+01  7.3619773e+01  6.1279040e+01
4.8457948e-01   1419743  6.5978208e+01  6.5898603e+01  5.4889836e+01
5.1321525e-01   1686576  5.8920197e+01  5.9166052e+01  4.9877383e+01
5.4354215e-01   2003484  5.2285113e+01  5.1904270e+01  4.1511167e+01
5.7565178e-01   2378778  4.6562443e+01  4.6693222e+01  3.7792415e+01
6.0966698e-01   2828400  4.1379981e+01  4.1359583e+01  3.2932404e+01
6.4568974e-01   3356890  3.6802295e+01  3.6680125e+01  2.8354093e+01
6.8383752e-01   3990317  3.2856930e+01  3.3002684e+01  2.5534384e+01
7.2424344e-01   4738457  2.9441864e+01  2.9284579e+01  2.1657036e+01
7.6703215e-01   5629661  2.6703832e+01  2.6808390e+01  1.9477134e+01
8.1235262e-01   6687903  2.4643794e+01  2.4546013e+01  1.6638876e+01
8.6035444e-01   7945758  2.3451652e+01  2.3466357e+01  1.4707414e+01
9.1118812e-01   9436555  2.3280099e+01  2.3342673e+01  1.2852972e+01
9.6501980e-01  11210320  2.4281135e+01  2.4161840e+01  1.1069451e+01
1.0220366e+00  13318613  2.6780723e+01  2.6830804e+01  9.7689073e+00
1.0824208e+00  15819192  3.1142910e+01  3.1163279e+01  8.4874715e+00
1.1463741e+00  18795348  3.7703040e+01  3.7569706e+01  7.3407327e+00
1.2141088e+00  22326034  4.6159667e+01  4.6047261e+01  6.3998236e+00
1.2858419e+00  26520842  5.5684987e+01  5.5616798e+01  5.5785598e+00
1.3618105e+00  31503438  6.4206328e+01  6.4278834e+01  4.8584536e+00
1.4422695e+00  37426927  6.9270036e+01  6.9306269e+01  4.2189470e+00
1.5275481e+00  44525830  7.0550319e+01  7.0589329e+01  3.6622638e+00
