# Power spectrum from CO𝘕CEPT job 4701030 at t = 12.444827 Gyr, a = 0.90909091
#
# Components:
#   0: matter  (upstream grid size 1024)
#
#                           grid size 1024
# ╭────────────────────────────────────────────────────────────────╮
#                         component 0    (corrected)      (linear)
#                        σ₈ = 7.60e-01  σ₈ = 7.60e-01  σ₈ = 6.97e-01
#  k [Mpc⁻¹]    modes       P [Mpc³]       P [Mpc³]       P [Mpc³]
3.0679616e-03         3  4.0498454e+04  4.0498454e+04  4.0494772e+04
5.8212951e-03        25  5.8865090e+04  5.9164675e+04  5.9129731e+04
1.0440195e-02       124  6.7440913e+04  6.8215709e+04  6.8934039e+04
1.6729547e-02       418  6.0929160e+04  6.1485020e+04  6.1478079e+04
2.3240110e-02       730  4.6275679e+04  4.6285291e+04  4.7188766e+04
2.9075630e-02      1012  3.6847849e+04  3.6758350e+04  3.6861902e+04
3.4544381e-02      1408  3.0858230e+04  3.0785254e+04  3.0741602e+04
3.9898901e-02      1841  2.6651138e+04  2.6628604e+04  2.7132552e+04
4.5580519e-02      2698  2.4052966e+04  2.4074075e+04  2.4344387e+04
5.1612543e-02      3532  2.0816081e+04  2.0848890e+04  2.1304496e+04
5.7899473e-02      4702  1.7453987e+04  1.7458466e+04  1.7783011e+04
6.4462744e-02      6019  1.4597552e+04  1.4563884e+04  1.4408560e+04
7.1309305e-02      7766  1.2271296e+04  1.2224315e+04  1.1973204e+04
7.8556104e-02     10012  1.0981117e+04  1.0955368e+04  1.0653548e+04
8.6194331e-02     12589  1.0212903e+04  1.0225009e+04  9.9398640e+03
9.4153926e-02     15650  9.2097966e+03  9.2357549e+03  9.0242814e+03
1.0254095e-01     19757  7.9515706e+03  7.9552390e+03  7.6033280e+03
1.1136076e-01     24241  6.8460558e+03  6.8224596e+03  6.1587472e+03
1.2060245e-01     29993  5.9792856e+03  5.9581461e+03  5.2049624e+03
1.3029316e-01     36494  5.3698680e+03  5.3716455e+03  4.6608324e+03
1.4046583e-01     44825  4.8285676e+03  4.8354713e+03  4.1291379e+03
1.5111985e-01     53906  4.3590320e+03  4.3494756e+03  3.5294410e+03
1.6229170e-01     65729  3.9153700e+03  3.9040564e+03  3.1017241e+03
1.7401323e-01     78746  3.5922777e+03  3.5985391e+03  2.8565606e+03
1.8625264e-01     94374  3.2636987e+03  3.2700909e+03  2.5336386e+03
1.9902230e-01    112166  2.9432312e+03  2.9374834e+03  2.1135762e+03
2.1238854e-01    134373  2.6657140e+03  2.6574655e+03  1.7878326e+03
2.2637810e-01    159077  2.4622983e+03  2.4597014e+03  1.5930344e+03
2.4096993e-01    188172  2.2663955e+03  2.2657248e+03  1.4471495e+03
2.5621802e-01    222492  2.0946820e+03  2.0966257e+03  1.3125674e+03
2.7214102e-01    261771  1.9439005e+03  1.9459618e+03  1.1517286e+03
2.8873063e-01    306759  1.7963765e+03  1.7922534e+03  9.7094323e+02
3.0605468e-01    360898  1.6728576e+03  1.6665678e+03  8.4152945e+02
3.2421519e-01    425046  1.5558718e+03  1.5567588e+03  7.7915218e+02
3.4337900e-01    505555  1.4535114e+03  1.4573895e+03  7.1015236e+02
3.6368055e-01    600292  1.3585691e+03  1.3566907e+03  6.0295161e+02
3.8517334e-01    712930  1.2706947e+03  1.2640680e+03  5.1341309e+02
4.0793004e-01    846715  1.1929945e+03  1.1941959e+03  4.7406914e+02
4.3202621e-01   1005596  1.1165998e+03  1.1206274e+03  4.2657835e+02
4.5754560e-01   1194719  1.0489585e+03  1.0433764e+03  3.5491024e+02
4.8457948e-01   1419743  9.8389769e+02  9.8271059e+02  3.1790570e+02
5.1321525e-01   1686576  9.2700847e+02  9.3087658e+02  2.8887494e+02
5.4354215e-01   2003484  8.7012514e+02  8.6378717e+02  2.4042022e+02
5.7565178e-01   2378778  8.2114813e+02  8.2345448e+02  2.1888225e+02
6.0966698e-01   2828400  7.7393937e+02  7.7355785e+02  1.9073448e+02
6.4568974e-01   3356890  7.3067569e+02  7.2825010e+02  1.6421824e+02
6.8383752e-01   3990317  6.9014094e+02  6.9320240e+02  1.4788731e+02
7.2424344e-01   4738457  6.5300693e+02  6.4951843e+02  1.2543086e+02
7.6703215e-01   5629661  6.1851041e+02  6.2093218e+02  1.1280551e+02
8.1235262e-01   6687903  5.8639983e+02  5.8407311e+02  9.6367178e+01
8.6035444e-01   7945758  5.5628746e+02  5.5663629e+02  8.5180731e+01
9.1118812e-01   9436555  5.2777255e+02  5.2919113e+02  7.4440361e+01
9.6501980e-01  11210320  4.9999955e+02  4.9754301e+02  6.4110754e+01
1.0220366e+00  13318613  4.7322447e+02  4.7410942e+02  5.6578400e+01
1.0824208e+00  15819192  4.4667451e+02  4.4696667e+02  4.9156717e+01
1.1463741e+00  18795348  4.2091706e+02  4.1942853e+02  4.2515159e+01
1.2141088e+00  22326034  3.9564664e+02  3.9468319e+02  3.7065703e+01
1.2858419e+00  26520842  3.7110911e+02  3.7065467e+02  3.2309197e+01
1.3618105e+00  31503438  3.4741475e+02  3.4780708e+02  2.8138566e+01
1.4422695e+00  37426927  3.2449321e+02  3.2466295e+02  2.4434743e+01
1.5275481e+00  44525830  3.0252558e+02  3.0269286e+02  2.1210608e+01
