# Power spectrum from CO𝘕CEPT job 4701030 at t = 2.7274388 Gyr, a = 0.29411765
#
# Components:
#   0: matter  (upstream grid size 1024)
#
#                           grid size 1024
# ╭────────────────────────────────────────────────────────────────╮
#                         component 0    (corrected)      (linear)
#                        σ₈ = 2.75e-01  σ₈ = 2.75e-01  σ₈ = 2.73e-01
#  k [Mpc⁻¹]    modes       P [Mpc³]       P [Mpc³]       P [Mpc³]
3.0679616e-03         3  6.1955447e+03  6.1955447e+03  6.1965466e+03
5.8212951e-03        25  9.0124229e+03  9.0582904e+03  9.0560117e+03
1.0440195e-02       124  1.0409238e+04  1.0528825e+04  1.0567861e+04
1.6729547e-02       418  9.3566256e+03  9.4419866e+03  9.4316464e+03
2.3240110e-02       730  7.1969467e+03  7.1984415e+03  7.2424513e+03
2.9075630e-02      1012  5.6750389e+03  5.6612549e+03  5.6587575e+03
3.4544381e-02      1408  4.7396126e+03  4.7284040e+03  4.7198661e+03
3.9898901e-02      1841  4.1445898e+03  4.1410856e+03  4.1661511e+03
4.5580519e-02      2698  3.7221768e+03  3.7254434e+03  3.7383059e+03
5.1612543e-02      3532  3.2415861e+03  3.2466954e+03  3.2716877e+03
5.7899473e-02      4702  2.7086045e+03  2.7092997e+03  2.7310201e+03
6.4462744e-02      6019  2.2148489e+03  2.2097406e+03  2.2128659e+03
7.1309305e-02      7766  1.8414342e+03  1.8343842e+03  1.8388942e+03
7.8556104e-02     10012  1.6370801e+03  1.6332414e+03  1.6362522e+03
8.6194331e-02     12589  1.5254133e+03  1.5272216e+03  1.5266667e+03
9.4153926e-02     15650  1.3792385e+03  1.3831259e+03  1.3860624e+03
1.0254095e-01     19757  1.1644583e+03  1.1649955e+03  1.1678288e+03
1.1136076e-01     24241  9.5588182e+02  9.5258720e+02  9.4595880e+02
1.2060245e-01     29993  8.1086514e+02  8.0799836e+02  7.9946798e+02
1.3029316e-01     36494  7.2134035e+02  7.2157912e+02  7.1589613e+02
1.4046583e-01     44825  6.4195393e+02  6.4287177e+02  6.3423251e+02
1.5111985e-01     53906  5.5415494e+02  5.5294005e+02  5.4212226e+02
1.6229170e-01     65729  4.8654911e+02  4.8514321e+02  4.7642697e+02
1.7401323e-01     78746  4.4438225e+02  4.4515682e+02  4.3877128e+02
1.8625264e-01     94374  3.9490681e+02  3.9568026e+02  3.8917128e+02
1.9902230e-01    112166  3.3454549e+02  3.3389216e+02  3.2464985e+02
2.1238854e-01    134373  2.8824681e+02  2.8735489e+02  2.7461557e+02
2.2637810e-01    159077  2.5756604e+02  2.5729440e+02  2.4469456e+02
2.4096993e-01    188172  2.3148886e+02  2.3142036e+02  2.2228663e+02
2.5621802e-01    222492  2.0912374e+02  2.0931779e+02  2.0161471e+02
2.7214102e-01    261771  1.8490936e+02  1.8510544e+02  1.7690956e+02
2.8873063e-01    306759  1.6042612e+02  1.6005791e+02  1.4914047e+02
3.0605468e-01    360898  1.4178921e+02  1.4125609e+02  1.2926217e+02
3.2421519e-01    425046  1.2893753e+02  1.2901104e+02  1.1968089e+02
3.4337900e-01    505555  1.1566629e+02  1.1597490e+02  1.0908233e+02
3.6368055e-01    600292  1.0175129e+02  1.0161060e+02  9.2615920e+01
3.8517334e-01    712930  8.9873889e+01  8.9405196e+01  7.8862476e+01
4.0793004e-01    846715  8.0745206e+01  8.0826519e+01  7.2819119e+01
4.3202621e-01   1005596  7.2210938e+01  7.2471403e+01  6.5524359e+01
4.5754560e-01   1194719  6.3458908e+01  6.3121209e+01  5.4515840e+01
4.8457948e-01   1419743  5.6425139e+01  5.6357061e+01  4.8831796e+01
5.1321525e-01   1686576  5.0259015e+01  5.0468730e+01  4.4372554e+01
5.4354215e-01   2003484  4.4405963e+01  4.4082511e+01  3.6929695e+01
5.7565178e-01   2378778  3.9398754e+01  3.9509412e+01  3.3621372e+01
6.0966698e-01   2828400  3.4875976e+01  3.4858784e+01  2.9297748e+01
6.4568974e-01   3356890  3.0872875e+01  3.0770387e+01  2.5224731e+01
6.8383752e-01   3990317  2.7427304e+01  2.7548972e+01  2.2716226e+01
7.2424344e-01   4738457  2.4442282e+01  2.4311706e+01  1.9266810e+01
7.6703215e-01   5629661  2.2048985e+01  2.2135317e+01  1.7327499e+01
8.1235262e-01   6687903  2.0249515e+01  2.0169169e+01  1.4802491e+01
8.6035444e-01   7945758  1.9231063e+01  1.9243122e+01  1.3084199e+01
9.1118812e-01   9436555  1.9129155e+01  1.9180572e+01  1.1434427e+01
9.6501980e-01  11210320  2.0086582e+01  1.9987895e+01  9.8477482e+00
1.0220366e+00  13318613  2.2438327e+01  2.2480287e+01  8.6907417e+00
1.0824208e+00  15819192  2.6591075e+01  2.6608467e+01  7.5507344e+00
1.1463741e+00  18795348  3.3020225e+01  3.2903452e+01  6.5305579e+00
1.2141088e+00  22326034  4.1715310e+01  4.1613727e+01  5.6934943e+00
1.2858419e+00  26520842  5.2187336e+01  5.2123430e+01  4.9628710e+00
1.3618105e+00  31503438  6.2381812e+01  6.2452258e+01  4.3222410e+00
1.4422695e+00  37426927  6.9035603e+01  6.9071714e+01  3.7533149e+00
1.5275481e+00  44525830  7.0778518e+01  7.0817653e+01  3.2580712e+00
