# Power spectrum from CO𝘕CEPT job 4701030 at t = 4.2702806 Gyr, a = 0.4
#
# Components:
#   0: matter  (upstream grid size 1024)
#
#                           grid size 1024
# ╭────────────────────────────────────────────────────────────────╮
#                         component 0    (corrected)      (linear)
#                        σ₈ = 3.74e-01  σ₈ = 3.74e-01  σ₈ = 3.66e-01
#  k [Mpc⁻¹]    modes       P [Mpc³]       P [Mpc³]       P [Mpc³]
3.0679616e-03         3  1.1125709e+04  1.1125709e+04  1.1125401e+04
5.8212951e-03        25  1.6180529e+04  1.6262877e+04  1.6254504e+04
1.0440195e-02       124  1.8655842e+04  1.8870170e+04  1.8962189e+04
1.6729547e-02       418  1.6790978e+04  1.6944163e+04  1.6919974e+04
2.3240110e-02       730  1.2881025e+04  1.2883701e+04  1.2991198e+04
2.9075630e-02      1012  1.0180090e+04  1.0155363e+04  1.0149852e+04
3.4544381e-02      1408  8.5074876e+03  8.4873684e+03  8.4655129e+03
3.9898901e-02      1841  7.4194157e+03  7.4131426e+03  7.4722006e+03
4.5580519e-02      2698  6.6707932e+03  6.6766476e+03  6.7047213e+03
5.1612543e-02      3532  5.8021639e+03  5.8113090e+03  5.8677544e+03
5.7899473e-02      4702  4.8507058e+03  4.8519507e+03  4.8980200e+03
6.4462744e-02      6019  3.9830555e+03  3.9738689e+03  3.9686913e+03
7.1309305e-02      7766  3.3161407e+03  3.3034447e+03  3.2979666e+03
7.8556104e-02     10012  2.9514888e+03  2.9445679e+03  2.9345235e+03
8.6194331e-02     12589  2.7514939e+03  2.7547556e+03  2.7379773e+03
9.4153926e-02     15650  2.4875331e+03  2.4945443e+03  2.4858046e+03
1.0254095e-01     19757  2.1070867e+03  2.1080587e+03  2.0944124e+03
1.1136076e-01     24241  1.7441152e+03  1.7381038e+03  1.6965016e+03
1.2060245e-01     29993  1.4874010e+03  1.4821424e+03  1.4337794e+03
1.3029316e-01     36494  1.3245752e+03  1.3250137e+03  1.2838983e+03
1.4046583e-01     44825  1.1829465e+03  1.1846379e+03  1.1374401e+03
1.5111985e-01     53906  1.0294532e+03  1.0271963e+03  9.7224746e+02
1.6229170e-01     65729  9.0737043e+02  9.0474856e+02  8.5442807e+02
1.7401323e-01     78746  8.2877310e+02  8.3021767e+02  7.8689544e+02
1.8625264e-01     94374  7.3982691e+02  7.4127591e+02  6.9794200e+02
1.9902230e-01    112166  6.3502994e+02  6.3378979e+02  5.8222854e+02
2.1238854e-01    134373  5.5455121e+02  5.5283527e+02  4.9249659e+02
2.2637810e-01    159077  4.9883416e+02  4.9830807e+02  4.3883596e+02
2.4096993e-01    188172  4.4950400e+02  4.4937098e+02  3.9864936e+02
2.5621802e-01    222492  4.0805777e+02  4.0843641e+02  3.6157617e+02
2.7214102e-01    261771  3.6440315e+02  3.6478955e+02  3.1726983e+02
2.8873063e-01    306759  3.2214492e+02  3.2140551e+02  2.6746864e+02
3.0605468e-01    360898  2.8831324e+02  2.8722921e+02  2.3181882e+02
3.2421519e-01    425046  2.6328805e+02  2.6343815e+02  2.1463571e+02
3.4337900e-01    505555  2.3756839e+02  2.3820224e+02  1.9562822e+02
3.6368055e-01    600292  2.1310164e+02  2.1280700e+02  1.6609734e+02
3.8517334e-01    712930  1.9187658e+02  1.9087594e+02  1.4143190e+02
4.0793004e-01    846715  1.7357745e+02  1.7375225e+02  1.3059373e+02
4.3202621e-01   1005596  1.5698753e+02  1.5755378e+02  1.1751130e+02
4.5754560e-01   1194719  1.4124463e+02  1.4049299e+02  9.7768627e+01
4.8457948e-01   1419743  1.2751904e+02  1.2736519e+02  8.7574863e+01
5.1321525e-01   1686576  1.1536519e+02  1.1584657e+02  7.9577658e+01
5.4354215e-01   2003484  1.0419215e+02  1.0343321e+02  6.6229642e+01
5.7565178e-01   2378778  9.4330699e+01  9.4595644e+01  6.0296496e+01
6.0966698e-01   2828400  8.5362402e+01  8.5320322e+01  5.2542513e+01
6.4568974e-01   3356890  7.7401353e+01  7.7144407e+01  4.5237972e+01
6.8383752e-01   3990317  7.0557959e+01  7.0870954e+01  4.0739222e+01
7.2424344e-01   4738457  6.4586378e+01  6.4241344e+01  3.4553046e+01
7.6703215e-01   5629661  5.9784388e+01  6.0018474e+01  3.1075086e+01
8.1235262e-01   6687903  5.6130781e+01  5.5908066e+01  2.6546743e+01
8.6035444e-01   7945758  5.3761397e+01  5.3795109e+01  2.3465162e+01
9.1118812e-01   9436555  5.2901385e+01  5.3043577e+01  2.0506463e+01
9.6501980e-01  11210320  5.3641558e+01  5.3378013e+01  1.7660917e+01
1.0220366e+00  13318613  5.6056214e+01  5.6161041e+01  1.5585944e+01
1.0824208e+00  15819192  6.0111971e+01  6.0151289e+01  1.3541458e+01
1.1463741e+00  18795348  6.5369426e+01  6.5138253e+01  1.1711876e+01
1.2141088e+00  22326034  7.0782286e+01  7.0609921e+01  1.0210688e+01
1.2858419e+00  26520842  7.5295204e+01  7.5203001e+01  8.9003904e+00
1.3618105e+00  31503438  7.8179970e+01  7.8268256e+01  7.7514861e+00
1.4422695e+00  37426927  7.9365624e+01  7.9407138e+01  6.7311757e+00
1.5275481e+00  44525830  7.9512731e+01  7.9556696e+01  5.8430071e+00
