# Power spectrum from CO𝘕CEPT job 4701030 at t = 3.444284 Gyr, a = 0.34482759
#
# Components:
#   0: matter  (upstream grid size 1024)
#
#                           grid size 1024
# ╭────────────────────────────────────────────────────────────────╮
#                         component 0    (corrected)      (linear)
#                        σ₈ = 3.23e-01  σ₈ = 3.23e-01  σ₈ = 3.18e-01
#  k [Mpc⁻¹]    modes       P [Mpc³]       P [Mpc³]       P [Mpc³]
3.0679616e-03         3  8.4115849e+03  8.4115849e+03  8.4131796e+03
5.8212951e-03        25  1.2234568e+04  1.2296834e+04  1.2293604e+04
1.0440195e-02       124  1.4118800e+04  1.4281004e+04  1.4343600e+04
1.6729547e-02       418  1.2699163e+04  1.2815018e+04  1.2800092e+04
2.3240110e-02       730  9.7554234e+03  9.7574497e+03  9.8284863e+03
2.9075630e-02      1012  7.7009730e+03  7.6822682e+03  7.6790873e+03
3.4544381e-02      1408  6.4335941e+03  6.4183794e+03  6.4048759e+03
3.9898901e-02      1841  5.6185600e+03  5.6138095e+03  5.6534174e+03
4.5580519e-02      2698  5.0487065e+03  5.0531374e+03  5.0727927e+03
5.1612543e-02      3532  4.3941698e+03  4.4010957e+03  4.4395736e+03
5.7899473e-02      4702  3.6725298e+03  3.6734723e+03  3.7058867e+03
6.4462744e-02      6019  3.0089179e+03  3.0019781e+03  3.0027602e+03
7.1309305e-02      7766  2.5031101e+03  2.4935268e+03  2.4952897e+03
7.8556104e-02     10012  2.2264976e+03  2.2212767e+03  2.2203090e+03
8.6194331e-02     12589  2.0752390e+03  2.0776991e+03  2.0716031e+03
9.4153926e-02     15650  1.8762902e+03  1.8815786e+03  1.8808078e+03
1.0254095e-01     19757  1.5863964e+03  1.5871282e+03  1.5846751e+03
1.1136076e-01     24241  1.3072115e+03  1.3027060e+03  1.2836092e+03
1.2060245e-01     29993  1.1116020e+03  1.1076720e+03  1.0848290e+03
1.3029316e-01     36494  9.8929535e+02  9.8962282e+02  9.7142639e+02
1.4046583e-01     44825  8.8198892e+02  8.8324995e+02  8.6061342e+02
1.5111985e-01     53906  7.6415570e+02  7.6248043e+02  7.3562524e+02
1.6229170e-01     65729  6.7210077e+02  6.7015871e+02  6.4648063e+02
1.7401323e-01     78746  6.1384973e+02  6.1491969e+02  5.9538407e+02
1.8625264e-01     94374  5.4663917e+02  5.4770980e+02  5.2807994e+02
1.9902230e-01    112166  4.6595954e+02  4.6504957e+02  4.4052845e+02
2.1238854e-01    134373  4.0408996e+02  4.0283959e+02  3.7263513e+02
2.2637810e-01    159077  3.6219626e+02  3.6181427e+02  3.3203425e+02
2.4096993e-01    188172  3.2585228e+02  3.2575585e+02  3.0162812e+02
2.5621802e-01    222492  2.9502691e+02  2.9530066e+02  2.7357766e+02
2.7214102e-01    261771  2.6205887e+02  2.6233675e+02  2.4005440e+02
2.8873063e-01    306759  2.2950532e+02  2.2897854e+02  2.0237358e+02
3.0605468e-01    360898  2.0409435e+02  2.0332698e+02  1.7540004e+02
3.2421519e-01    425046  1.8590334e+02  1.8600933e+02  1.6239888e+02
3.4337900e-01    505555  1.6714795e+02  1.6759391e+02  1.4801733e+02
3.6368055e-01    600292  1.4851072e+02  1.4830538e+02  1.2567352e+02
3.8517334e-01    712930  1.3246758e+02  1.3177676e+02  1.0701102e+02
4.0793004e-01    846715  1.1933866e+02  1.1945883e+02  9.8810593e+01
4.3202621e-01   1005596  1.0728197e+02  1.0766893e+02  8.8912094e+01
4.5754560e-01   1194719  9.5451704e+01  9.4943754e+01  7.3974279e+01
4.8457948e-01   1419743  8.5487655e+01  8.5384512e+01  6.6261416e+01
5.1321525e-01   1686576  7.6707571e+01  7.7027647e+01  6.0210526e+01
5.4354215e-01   2003484  6.8550618e+01  6.8051297e+01  5.0111072e+01
5.7565178e-01   2378778  6.1444239e+01  6.1616816e+01  4.5621901e+01
6.0966698e-01   2828400  5.4982490e+01  5.4955385e+01  3.9755038e+01
6.4568974e-01   3356890  4.9277894e+01  4.9114308e+01  3.4228232e+01
6.8383752e-01   3990317  4.4364965e+01  4.4561768e+01  3.0824361e+01
7.2424344e-01   4738457  4.0104888e+01  3.9890639e+01  2.6143740e+01
7.6703215e-01   5629661  3.6687842e+01  3.6831493e+01  2.3512225e+01
8.1235262e-01   6687903  3.4111800e+01  3.3976451e+01  2.0085963e+01
8.6035444e-01   7945758  3.2558904e+01  3.2579320e+01  1.7754358e+01
9.1118812e-01   9436555  3.2213217e+01  3.2299801e+01  1.5515729e+01
9.6501980e-01  11210320  3.3226465e+01  3.3063221e+01  1.3362716e+01
1.0220366e+00  13318613  3.5872302e+01  3.5939385e+01  1.1792737e+01
1.0824208e+00  15819192  4.0392946e+01  4.0419366e+01  1.0245825e+01
1.1463741e+00  18795348  4.6830200e+01  4.6664589e+01  8.8615155e+00
1.2141088e+00  22326034  5.4450870e+01  5.4318274e+01  7.7256775e+00
1.2858419e+00  26520842  6.2119696e+01  6.2043627e+01  6.7342718e+00
1.3618105e+00  31503438  6.8128712e+01  6.8205648e+01  5.8649807e+00
1.4422695e+00  37426927  7.1279162e+01  7.1316446e+01  5.0929871e+00
1.5275481e+00  44525830  7.2107597e+01  7.2147467e+01  4.4209755e+00
