# Power spectrum from CO𝘕CEPT job 4701030 at t = 2.1443591 Gyr, a = 0.25
#
# Components:
#   0: matter  (upstream grid size 1024)
#
#                           grid size 1024
# ╭────────────────────────────────────────────────────────────────╮
#                         component 0    (corrected)      (linear)
#                        σ₈ = 2.34e-01  σ₈ = 2.34e-01  σ₈ = 2.33e-01
#  k [Mpc⁻¹]    modes       P [Mpc³]       P [Mpc³]       P [Mpc³]
3.0679616e-03         3  4.5133595e+03  4.5133595e+03  4.5136773e+03
5.8212951e-03        25  6.5662545e+03  6.5996726e+03  6.5976715e+03
1.0440195e-02       124  7.5897390e+03  7.6769339e+03  7.7004362e+03
1.6729547e-02       418  6.8182948e+03  6.8804985e+03  6.8732185e+03
2.3240110e-02       730  5.2504509e+03  5.2515414e+03  5.2781394e+03
2.9075630e-02      1012  4.1360898e+03  4.1260437e+03  4.1240980e+03
3.4544381e-02      1408  3.4533975e+03  3.4452306e+03  3.4398837e+03
3.9898901e-02      1841  3.0233450e+03  3.0207887e+03  3.0363714e+03
4.5580519e-02      2698  2.7138897e+03  2.7162715e+03  2.7245746e+03
5.1612543e-02      3532  2.3647527e+03  2.3684799e+03  2.3845007e+03
5.7899473e-02      4702  1.9756217e+03  1.9761287e+03  1.9904404e+03
6.4462744e-02      6019  1.6129272e+03  1.6092072e+03  1.6128235e+03
7.1309305e-02      7766  1.3404834e+03  1.3353513e+03  1.3402758e+03
7.8556104e-02     10012  1.1912300e+03  1.1884367e+03  1.1925928e+03
8.6194331e-02     12589  1.1095921e+03  1.1109074e+03  1.1127125e+03
9.4153926e-02     15650  1.0033125e+03  1.0061404e+03  1.0102528e+03
1.0254095e-01     19757  8.4622440e+02  8.4661480e+02  8.5124868e+02
1.1136076e-01     24241  6.9259995e+02  6.9021278e+02  6.8951605e+02
1.2060245e-01     29993  5.8642644e+02  5.8435316e+02  5.8270050e+02
1.3029316e-01     36494  5.2156060e+02  5.2173325e+02  5.2178052e+02
1.4046583e-01     44825  4.6341076e+02  4.6407332e+02  4.6228856e+02
1.5111985e-01     53906  3.9892831e+02  3.9805373e+02  3.9517347e+02
1.6229170e-01     65729  3.4982002e+02  3.4880920e+02  3.4719367e+02
1.7401323e-01     78746  3.1951743e+02  3.2007436e+02  3.1971148e+02
1.8625264e-01     94374  2.8349248e+02  2.8404772e+02  2.8382772e+02
1.9902230e-01    112166  2.3896900e+02  2.3850232e+02  2.3645823e+02
2.1238854e-01    134373  2.0478269e+02  2.0414903e+02  2.0027162e+02
2.2637810e-01    159077  1.8253614e+02  1.8234363e+02  1.7821446e+02
2.4096993e-01    188172  1.6399170e+02  1.6394317e+02  1.6211441e+02
2.5621802e-01    222492  1.4790769e+02  1.4804493e+02  1.4684804e+02
2.7214102e-01    261771  1.3031556e+02  1.3045374e+02  1.2902169e+02
2.8873063e-01    306759  1.1212561e+02  1.1186825e+02  1.0864070e+02
3.0605468e-01    360898  9.8565929e+01  9.8195329e+01  9.4233614e+01
3.2421519e-01    425046  8.9575965e+01  8.9627032e+01  8.7247794e+01
3.4337900e-01    505555  8.0275622e+01  8.0489804e+01  7.9463015e+01
3.6368055e-01    600292  6.9970836e+01  6.9874090e+01  6.7500797e+01
3.8517334e-01    712930  6.1244012e+01  6.0924624e+01  5.7495761e+01
4.0793004e-01    846715  5.4958634e+01  5.5013979e+01  5.3079446e+01
4.3202621e-01   1005596  4.8960070e+01  4.9136669e+01  4.7756042e+01
4.5754560e-01   1194719  4.2510441e+01  4.2284220e+01  3.9733567e+01
4.8457948e-01   1419743  3.7589985e+01  3.7544631e+01  3.5591811e+01
5.1321525e-01   1686576  3.3301524e+01  3.3440480e+01  3.2341537e+01
5.4354215e-01   2003484  2.9086291e+01  2.8874427e+01  2.6916088e+01
5.7565178e-01   2378778  2.5591817e+01  2.5663696e+01  2.4504394e+01
6.0966698e-01   2828400  2.2444333e+01  2.2433269e+01  2.1353316e+01
6.4568974e-01   3356890  1.9631313e+01  1.9566144e+01  1.8384988e+01
6.8383752e-01   3990317  1.7238002e+01  1.7314470e+01  1.6556670e+01
7.2424344e-01   4738457  1.5143226e+01  1.5062328e+01  1.4042450e+01
7.6703215e-01   5629661  1.3462308e+01  1.3515020e+01  1.2628964e+01
8.1235262e-01   6687903  1.2197223e+01  1.2148826e+01  1.0788726e+01
8.6035444e-01   7945758  1.1518600e+01  1.1525823e+01  9.5364547e+00
9.1118812e-01   9436555  1.1521791e+01  1.1552760e+01  8.3340443e+00
9.6501980e-01  11210320  1.2312489e+01  1.2251997e+01  7.1775536e+00
1.0220366e+00  13318613  1.4193399e+01  1.4219941e+01  6.3342194e+00
1.0824208e+00  15819192  1.7587772e+01  1.7599276e+01  5.5032977e+00
1.1463741e+00  18795348  2.3167974e+01  2.3086043e+01  4.7597485e+00
1.2141088e+00  22326034  3.1583340e+01  3.1506429e+01  4.1496749e+00
1.2858419e+00  26520842  4.3511697e+01  4.3458415e+01  3.6171771e+00
1.3618105e+00  31503438  5.8045823e+01  5.8111373e+01  3.1502583e+00
1.4422695e+00  37426927  7.0807158e+01  7.0844196e+01  2.7355884e+00
1.5275481e+00  44525830  7.5560664e+01  7.5602443e+01  2.3746242e+00
