# Power spectrum from CO𝘕CEPT job 4701030 at t = 11.277878 Gyr, a = 0.83333333
#
# Components:
#   0: matter  (upstream grid size 1024)
#
#                           grid size 1024
# ╭────────────────────────────────────────────────────────────────╮
#                         component 0    (corrected)      (linear)
#                        σ₈ = 7.16e-01  σ₈ = 7.15e-01  σ₈ = 6.61e-01
#  k [Mpc⁻¹]    modes       P [Mpc³]       P [Mpc³]       P [Mpc³]
3.0679616e-03         3  3.6438598e+04  3.6438598e+04  3.6432823e+04
5.8212951e-03        25  5.2967146e+04  5.3236715e+04  5.3200327e+04
1.0440195e-02       124  6.0726658e+04  6.1424317e+04  6.2024738e+04
1.6729547e-02       418  5.4844283e+04  5.5344631e+04  5.5318588e+04
2.3240110e-02       730  4.1700492e+04  4.1709153e+04  4.2462090e+04
2.9075630e-02      1012  3.3179273e+04  3.3098684e+04  3.3170134e+04
3.4544381e-02      1408  2.7780049e+04  2.7714353e+04  2.7663066e+04
3.9898901e-02      1841  2.4017393e+04  2.3997086e+04  2.4415608e+04
4.5580519e-02      2698  2.1667402e+04  2.1686418e+04  2.1906760e+04
5.1612543e-02      3532  1.8762160e+04  1.8791732e+04  1.9171341e+04
5.7899473e-02      4702  1.5725639e+04  1.5729674e+04  1.6002507e+04
6.4462744e-02      6019  1.3123864e+04  1.3093595e+04  1.2965955e+04
7.1309305e-02      7766  1.1017508e+04  1.0975327e+04  1.0774454e+04
7.8556104e-02     10012  9.8522923e+03  9.8291899e+03  9.5869387e+03
8.6194331e-02     12589  9.1676495e+03  9.1785171e+03  8.9447204e+03
9.4153926e-02     15650  8.2710984e+03  8.2944109e+03  8.1208127e+03
1.0254095e-01     19757  7.1235695e+03  7.1268559e+03  6.8421255e+03
1.1136076e-01     24241  6.1051259e+03  6.0840834e+03  5.5421729e+03
1.2060245e-01     29993  5.3177427e+03  5.2989420e+03  4.6838782e+03
1.3029316e-01     36494  4.7700504e+03  4.7716293e+03  4.1942253e+03
1.4046583e-01     44825  4.2866414e+03  4.2927702e+03  3.7157619e+03
1.5111985e-01     53906  3.8549786e+03  3.8465272e+03  3.1761032e+03
1.6229170e-01     65729  3.4549049e+03  3.4449219e+03  2.7912067e+03
1.7401323e-01     78746  3.1668481e+03  3.1723680e+03  2.5705877e+03
1.8625264e-01     94374  2.8724026e+03  2.8780284e+03  2.2799944e+03
1.9902230e-01    112166  2.5772217e+03  2.5721887e+03  1.9019851e+03
2.1238854e-01    134373  2.3271662e+03  2.3199653e+03  1.6088522e+03
2.2637810e-01    159077  2.1441899e+03  2.1419285e+03  1.4335556e+03
2.4096993e-01    188172  1.9682380e+03  1.9676555e+03  1.3022754e+03
2.5621802e-01    222492  1.8158595e+03  1.8175444e+03  1.1811665e+03
2.7214102e-01    261771  1.6798382e+03  1.6816194e+03  1.0364293e+03
2.8873063e-01    306759  1.5466527e+03  1.5431028e+03  8.7374244e+02
3.0605468e-01    360898  1.4348639e+03  1.4294689e+03  7.5728430e+02
3.2421519e-01    425046  1.3320312e+03  1.3327906e+03  7.0115165e+02
3.4337900e-01    505555  1.2403121e+03  1.2436214e+03  6.3905941e+02
3.6368055e-01    600292  1.1553391e+03  1.1537416e+03  5.4259050e+02
3.8517334e-01    712930  1.0778801e+03  1.0722590e+03  4.6201565e+02
4.0793004e-01    846715  1.0087889e+03  1.0098048e+03  4.2661042e+02
4.3202621e-01   1005596  9.4153309e+02  9.4492921e+02  3.8387392e+02
4.5754560e-01   1194719  8.8166825e+02  8.7697642e+02  3.1938046e+02
4.8457948e-01   1419743  8.2495252e+02  8.2395719e+02  2.8608043e+02
5.1321525e-01   1686576  7.7505206e+02  7.7828610e+02  2.5995592e+02
5.4354215e-01   2003484  7.2547128e+02  7.2018697e+02  2.1635197e+02
5.7565178e-01   2378778  6.8296755e+02  6.8488579e+02  1.9697015e+02
6.0966698e-01   2828400  6.4214797e+02  6.4183142e+02  1.7164023e+02
6.4568974e-01   3356890  6.0522469e+02  6.0321555e+02  1.4777851e+02
6.8383752e-01   3990317  5.7109661e+02  5.7363000e+02  1.3308245e+02
7.2424344e-01   4738457  5.3997661e+02  5.3709194e+02  1.1287411e+02
7.6703215e-01   5629661  5.1128324e+02  5.1328517e+02  1.0151267e+02
8.1235262e-01   6687903  4.8529644e+02  4.8337088e+02  8.6719960e+01
8.6035444e-01   7945758  4.6113199e+02  4.6142115e+02  7.6653378e+01
9.1118812e-01   9436555  4.3869509e+02  4.3987424e+02  6.6988217e+01
9.6501980e-01  11210320  4.1689849e+02  4.1485024e+02  5.7692697e+01
1.0220366e+00  13318613  3.9586268e+02  3.9660296e+02  5.0914399e+01
1.0824208e+00  15819192  3.7504932e+02  3.7529463e+02  4.4235693e+01
1.1463741e+00  18795348  3.5486305e+02  3.5360811e+02  3.8259015e+01
1.2141088e+00  22326034  3.3491848e+02  3.3410290e+02  3.3355099e+01
1.2858419e+00  26520842  3.1537659e+02  3.1499040e+02  2.9074762e+01
1.3618105e+00  31503438  2.9637866e+02  2.9671335e+02  2.5321648e+01
1.4422695e+00  37426927  2.7787329e+02  2.7801864e+02  2.1988610e+01
1.5275481e+00  44525830  2.6007682e+02  2.6022062e+02  1.9087240e+01
