# Power spectrum from CO𝘕CEPT job 4701030 at t = 7.9067209 Gyr, a = 0.625
#
# Components:
#   0: matter  (upstream grid size 1024)
#
#                           grid size 1024
# ╭────────────────────────────────────────────────────────────────╮
#                         component 0    (corrected)      (linear)
#                        σ₈ = 5.68e-01  σ₈ = 5.68e-01  σ₈ = 5.39e-01
#  k [Mpc⁻¹]    modes       P [Mpc³]       P [Mpc³]       P [Mpc³]
3.0679616e-03         3  2.4166669e+04  2.4166669e+04  2.4156402e+04
5.8212951e-03        25  3.5135670e+04  3.5314488e+04  3.5280231e+04
1.0440195e-02       124  4.0378842e+04  4.0842735e+04  4.1140740e+04
1.6729547e-02       418  3.6420397e+04  3.6752662e+04  3.6698853e+04
2.3240110e-02       730  2.7796376e+04  2.7802150e+04  2.8172616e+04
2.9075630e-02      1012  2.2056681e+04  2.2003108e+04  2.2008865e+04
3.4544381e-02      1408  1.8453599e+04  1.8409959e+04  1.8355508e+04
3.9898901e-02      1841  1.6011707e+04  1.5998169e+04  1.6201105e+04
4.5580519e-02      2698  1.4425274e+04  1.4437934e+04  1.4536632e+04
5.1612543e-02      3532  1.2515121e+04  1.2534847e+04  1.2721692e+04
5.7899473e-02      4702  1.0477022e+04  1.0479710e+04  1.0619050e+04
6.4462744e-02      6019  8.6816166e+03  8.6615932e+03  8.6041172e+03
7.1309305e-02      7766  7.2584025e+03  7.2306135e+03  7.1499073e+03
7.8556104e-02     10012  6.4768737e+03  6.4616863e+03  6.3619145e+03
8.6194331e-02     12589  6.0348429e+03  6.0419968e+03  5.9357675e+03
9.4153926e-02     15650  5.4515071e+03  5.4668725e+03  5.3890403e+03
1.0254095e-01     19757  4.6587152e+03  4.6608644e+03  4.5405085e+03
1.1136076e-01     24241  3.9317593e+03  3.9182078e+03  3.6778566e+03
1.2060245e-01     29993  3.3934645e+03  3.3814670e+03  3.1082889e+03
1.3029316e-01     36494  3.0329285e+03  3.0339324e+03  2.7833539e+03
1.4046583e-01     44825  2.7203686e+03  2.7242581e+03  2.4658424e+03
1.5111985e-01     53906  2.4126919e+03  2.4074025e+03  2.1077189e+03
1.6229170e-01     65729  2.1463768e+03  2.1401748e+03  1.8522970e+03
1.7401323e-01     78746  1.9627560e+03  1.9661771e+03  1.7058919e+03
1.8625264e-01     94374  1.7691203e+03  1.7725852e+03  1.5130499e+03
1.9902230e-01    112166  1.5587117e+03  1.5556677e+03  1.2621964e+03
2.1238854e-01    134373  1.3913860e+03  1.3870806e+03  1.0676681e+03
2.2637810e-01    159077  1.2697051e+03  1.2683660e+03  9.5133814e+02
2.4096993e-01    188172  1.1550709e+03  1.1547290e+03  8.6421830e+02
2.5621802e-01    222492  1.0589307e+03  1.0599133e+03  7.8384812e+02
2.7214102e-01    261771  9.6648368e+02  9.6750851e+02  6.8779762e+02
2.8873063e-01    306759  8.7728162e+02  8.7526804e+02  5.7983517e+02
3.0605468e-01    360898  8.0244751e+02  7.9943037e+02  5.0255108e+02
3.2421519e-01    425046  7.4054524e+02  7.4096742e+02  4.6530030e+02
3.4337900e-01    505555  6.8062608e+02  6.8244205e+02  4.2409457e+02
3.6368055e-01    600292  6.2606377e+02  6.2519815e+02  3.6007565e+02
3.8517334e-01    712930  5.7785676e+02  5.7484324e+02  3.0660437e+02
4.0793004e-01    846715  5.3363212e+02  5.3416951e+02  2.8310868e+02
4.3202621e-01   1005596  4.9281231e+02  4.9458988e+02  2.5474778e+02
4.5754560e-01   1194719  4.5553657e+02  4.5311242e+02  2.1194843e+02
4.8457948e-01   1419743  4.2148382e+02  4.2097529e+02  1.8984977e+02
5.1321525e-01   1686576  3.9078241e+02  3.9241302e+02  1.7251294e+02
5.4354215e-01   2003484  3.6258490e+02  3.5994385e+02  1.4357634e+02
5.7565178e-01   2378778  3.3708195e+02  3.3802871e+02  1.3071411e+02
6.0966698e-01   2828400  3.1410362e+02  3.1394878e+02  1.1390458e+02
6.4568974e-01   3356890  2.9322605e+02  2.9225264e+02  9.8069376e+01
6.8383752e-01   3990317  2.7460819e+02  2.7582635e+02  8.8316726e+01
7.2424344e-01   4738457  2.5817160e+02  2.5679239e+02  7.4905984e+01
7.6703215e-01   5629661  2.4403541e+02  2.4499093e+02  6.7366266e+01
8.1235262e-01   6687903  2.3195116e+02  2.3103083e+02  5.7549469e+01
8.6035444e-01   7945758  2.2188604e+02  2.2202518e+02  5.0869045e+01
9.1118812e-01   9436555  2.1371385e+02  2.1428828e+02  4.4455012e+01
9.6501980e-01  11210320  2.0662128e+02  2.0560613e+02  3.8286281e+01
1.0220366e+00  13318613  2.0045895e+02  2.0083382e+02  3.3788039e+01
1.0824208e+00  15819192  1.9447268e+02  1.9459988e+02  2.9355889e+01
1.1463741e+00  18795348  1.8850845e+02  1.8784181e+02  2.5389621e+01
1.2141088e+00  22326034  1.8219653e+02  1.8175285e+02  2.2135263e+01
1.2858419e+00  26520842  1.7545406e+02  1.7523921e+02  1.9294728e+01
1.3618105e+00  31503438  1.6842364e+02  1.6861384e+02  1.6804071e+01
1.4422695e+00  37426927  1.6136451e+02  1.6144892e+02  1.4592186e+01
1.5275481e+00  44525830  1.5427136e+02  1.5435666e+02  1.2666766e+01
