# Power spectrum from CO𝘕CEPT job 4701030 at t = 10.261512 Gyr, a = 0.76923077
#
# Components:
#   0: matter  (upstream grid size 1024)
#
#                           grid size 1024
# ╭────────────────────────────────────────────────────────────────╮
#                         component 0    (corrected)      (linear)
#                        σ₈ = 6.74e-01  σ₈ = 6.74e-01  σ₈ = 6.28e-01
#  k [Mpc⁻¹]    modes       P [Mpc³]       P [Mpc³]       P [Mpc³]
3.0679616e-03         3  3.2804088e+04  3.2804088e+04  3.2794410e+04
5.8212951e-03        25  4.7686653e+04  4.7929347e+04  4.7889598e+04
1.0440195e-02       124  5.4708820e+04  5.5337344e+04  5.5836054e+04
1.6729547e-02       418  4.9392698e+04  4.9843311e+04  4.9801240e+04
2.3240110e-02       730  3.7594664e+04  3.7602473e+04  3.8228047e+04
2.9075630e-02      1012  2.9890556e+04  2.9817955e+04  2.9863074e+04
3.4544381e-02      1408  2.5021423e+04  2.4962251e+04  2.4905301e+04
3.9898901e-02      1841  2.1653731e+04  2.1635423e+04  2.1981735e+04
4.5580519e-02      2698  1.9527709e+04  1.9544847e+04  1.9723087e+04
5.1612543e-02      3532  1.6918445e+04  1.6945111e+04  1.7260408e+04
5.7899473e-02      4702  1.4175331e+04  1.4178969e+04  1.4407480e+04
6.4462744e-02      6019  1.1806417e+04  1.1779187e+04  1.1673623e+04
7.1309305e-02      7766  9.8994551e+03  9.8615547e+03  9.7005716e+03
7.8556104e-02     10012  8.8469954e+03  8.8262503e+03  8.6314302e+03
8.6194331e-02     12589  8.2357523e+03  8.2455152e+03  8.0532317e+03
9.4153926e-02     15650  7.4333586e+03  7.4543099e+03  7.3114485e+03
1.0254095e-01     19757  6.3876652e+03  6.3906120e+03  6.1602081e+03
1.1136076e-01     24241  5.4509522e+03  5.4321645e+03  4.9898187e+03
1.2060245e-01     29993  4.7358789e+03  4.7191354e+03  4.2170679e+03
1.3029316e-01     36494  4.2435479e+03  4.2449526e+03  3.7762175e+03
1.4046583e-01     44825  3.8115022e+03  3.8169517e+03  3.3454407e+03
1.5111985e-01     53906  3.4149144e+03  3.4074278e+03  2.8595668e+03
1.6229170e-01     65729  3.0541579e+03  3.0453328e+03  2.5130307e+03
1.7401323e-01     78746  2.7973025e+03  2.8021782e+03  2.3143995e+03
1.8625264e-01     94374  2.5330813e+03  2.5380425e+03  2.0527677e+03
1.9902230e-01    112166  2.2616107e+03  2.2571941e+03  1.7124316e+03
2.1238854e-01    134373  2.0361683e+03  2.0298678e+03  1.4485129e+03
2.2637810e-01    159077  1.8713968e+03  1.8694231e+03  1.2906866e+03
2.4096993e-01    188172  1.7134078e+03  1.7129007e+03  1.1724901e+03
2.5621802e-01    222492  1.5780656e+03  1.5795299e+03  1.0634511e+03
2.7214102e-01    261771  1.4550262e+03  1.4565691e+03  9.3313856e+02
2.8873063e-01    306759  1.3346906e+03  1.3316271e+03  7.8666516e+02
3.0605468e-01    360898  1.2335679e+03  1.2289298e+03  6.8181331e+02
3.2421519e-01    425046  1.1432814e+03  1.1439332e+03  6.3127489e+02
3.4337900e-01    505555  1.0609841e+03  1.0638149e+03  5.7537080e+02
3.6368055e-01    600292  9.8502246e+02  9.8366052e+02  4.8851600e+02
3.8517334e-01    712930  9.1656632e+02  9.1178642e+02  4.1597126e+02
4.0793004e-01    846715  8.5497052e+02  8.5583151e+02  3.8409452e+02
4.3202621e-01   1005596  7.9580951e+02  7.9867999e+02  3.4561715e+02
4.5754560e-01   1194719  7.4278162e+02  7.3882889e+02  2.8755110e+02
4.8457948e-01   1419743  6.9319145e+02  6.9235510e+02  2.5756975e+02
5.1321525e-01   1686576  6.4912627e+02  6.5183486e+02  2.3404881e+02
5.4354215e-01   2003484  6.0616074e+02  6.0174548e+02  1.9479042e+02
5.7565178e-01   2378778  5.6909355e+02  5.7069195e+02  1.7734019e+02
6.0966698e-01   2828400  5.3387808e+02  5.3361490e+02  1.5453464e+02
6.4568974e-01   3356890  5.0223681e+02  5.0056956e+02  1.3305097e+02
6.8383752e-01   3990317  4.7327052e+02  4.7536995e+02  1.1981952e+02
7.2424344e-01   4738457  4.4701681e+02  4.4462876e+02  1.0162513e+02
7.6703215e-01   5629661  4.2311203e+02  4.2476872e+02  9.1395969e+01
8.1235262e-01   6687903  4.0200469e+02  4.0040962e+02  7.8077495e+01
8.6035444e-01   7945758  3.8263531e+02  3.8287524e+02  6.9014144e+01
9.1118812e-01   9436555  3.6511391e+02  3.6609529e+02  6.0312208e+01
9.6501980e-01  11210320  3.4819188e+02  3.4648118e+02  5.1943076e+01
1.0220366e+00  13318613  3.3200271e+02  3.3262357e+02  4.5840300e+01
1.0824208e+00  15819192  3.1607222e+02  3.1627896e+02  3.9827191e+01
1.1463741e+00  18795348  3.0041620e+02  2.9935381e+02  3.4446145e+01
1.2141088e+00  22326034  2.8494055e+02  2.8424667e+02  3.0030951e+01
1.2858419e+00  26520842  2.6955149e+02  2.6922141e+02  2.6177190e+01
1.3618105e+00  31503438  2.5444069e+02  2.5472802e+02  2.2798109e+01
1.4422695e+00  37426927  2.3963387e+02  2.3975922e+02  1.9797241e+01
1.5275481e+00  44525830  2.2540766e+02  2.2553229e+02  1.7185019e+01
