# Power spectrum from CO𝘕CEPT job 4701030 at t = 6.281858 Gyr, a = 0.52631579
#
# Components:
#   0: matter  (upstream grid size 1024)
#
#                           grid size 1024
# ╭────────────────────────────────────────────────────────────────╮
#                         component 0    (corrected)      (linear)
#                        σ₈ = 4.87e-01  σ₈ = 4.87e-01  σ₈ = 4.68e-01
#  k [Mpc⁻¹]    modes       P [Mpc³]       P [Mpc³]       P [Mpc³]
3.0679616e-03         3  1.8210987e+04  1.8210987e+04  1.8197907e+04
5.8212951e-03        25  2.6479909e+04  2.6614675e+04  2.6581331e+04
1.0440195e-02       124  3.0472480e+04  3.0822563e+04  3.1001329e+04
1.6729547e-02       418  2.7462341e+04  2.7712882e+04  2.7657315e+04
2.3240110e-02       730  2.1004347e+04  2.1008710e+04  2.1233101e+04
2.9075630e-02      1012  1.6640158e+04  1.6599741e+04  1.6588207e+04
3.4544381e-02      1408  1.3915627e+04  1.3882718e+04  1.3834962e+04
3.9898901e-02      1841  1.2099568e+04  1.2089338e+04  1.2211329e+04
4.5580519e-02      2698  1.0891934e+04  1.0901493e+04  1.0956890e+04
5.1612543e-02      3532  9.4597890e+03  9.4746991e+03  9.5889805e+03
5.7899473e-02      4702  7.9144715e+03  7.9165027e+03  8.0041716e+03
6.4462744e-02      6019  6.5327130e+03  6.5176459e+03  6.4854409e+03
7.1309305e-02      7766  5.4511297e+03  5.4302599e+03  5.3893398e+03
7.8556104e-02     10012  4.8587539e+03  4.8473607e+03  4.7953972e+03
8.6194331e-02     12589  4.5291620e+03  4.5345310e+03  4.4741953e+03
9.4153926e-02     15650  4.0932322e+03  4.1047692e+03  4.0620994e+03
1.0254095e-01     19757  3.4840968e+03  3.4857042e+03  3.4225082e+03
1.1136076e-01     24241  2.9157662e+03  2.9057165e+03  2.7722700e+03
1.2060245e-01     29993  2.5037072e+03  2.4948555e+03  2.3429484e+03
1.3029316e-01     36494  2.2338529e+03  2.2345923e+03  2.0980232e+03
1.4046583e-01     44825  2.0008262e+03  2.0036869e+03  1.8586927e+03
1.5111985e-01     53906  1.7601787e+03  1.7563198e+03  1.5887491e+03
1.6229170e-01     65729  1.5595981e+03  1.5550916e+03  1.3962191e+03
1.7401323e-01     78746  1.4251304e+03  1.4276144e+03  1.2858631e+03
1.8625264e-01     94374  1.2794205e+03  1.2819263e+03  1.1405037e+03
1.9902230e-01    112166  1.1152110e+03  1.1130332e+03  9.5141631e+02
2.1238854e-01    134373  9.8743338e+02  9.8437799e+02  8.0478539e+02
2.2637810e-01    159077  8.9565503e+02  8.9471043e+02  7.1709858e+02
2.4096993e-01    188172  8.1113167e+02  8.1089164e+02  6.5142968e+02
2.5621802e-01    222492  7.4069427e+02  7.4138156e+02  5.9084847e+02
2.7214102e-01    261771  6.6992422e+02  6.7063458e+02  5.1844770e+02
2.8873063e-01    306759  6.0234268e+02  6.0096016e+02  4.3706792e+02
3.0605468e-01    360898  5.4616954e+02  5.4411599e+02  3.7881281e+02
3.2421519e-01    425046  5.0199461e+02  5.0228079e+02  3.5073398e+02
3.4337900e-01    505555  4.5765391e+02  4.5887497e+02  3.1967398e+02
3.6368055e-01    600292  4.1729012e+02  4.1671316e+02  2.7141783e+02
3.8517334e-01    712930  3.8190746e+02  3.7991582e+02  2.3111227e+02
4.0793004e-01    846715  3.4952321e+02  3.4987519e+02  2.1340171e+02
4.3202621e-01   1005596  3.2024837e+02  3.2140351e+02  1.9202384e+02
4.5754560e-01   1194719  2.9325946e+02  2.9169887e+02  1.5976255e+02
4.8457948e-01   1419743  2.6892699e+02  2.6860253e+02  1.4310503e+02
5.1321525e-01   1686576  2.4712835e+02  2.4815953e+02  1.3003688e+02
5.4354215e-01   2003484  2.2736500e+02  2.2570888e+02  1.0822504e+02
5.7565178e-01   2378778  2.0930258e+02  2.0989044e+02  9.8529748e+01
6.0966698e-01   2828400  1.9329260e+02  1.9319731e+02  8.5859056e+01
6.4568974e-01   3356890  1.7873516e+02  1.7814182e+02  7.3922792e+01
6.8383752e-01   3990317  1.6598650e+02  1.6672282e+02  6.6571437e+01
7.2424344e-01   4738457  1.5491466e+02  1.5408708e+02  5.6462682e+01
7.6703215e-01   5629661  1.4563857e+02  1.4620882e+02  5.0779390e+01
8.1235262e-01   6687903  1.3814629e+02  1.3759816e+02  4.3379681e+01
8.6035444e-01   7945758  1.3250133e+02  1.3258442e+02  3.8344107e+01
9.1118812e-01   9436555  1.2870092e+02  1.2904685e+02  3.3509334e+01
9.6501980e-01  11210320  1.2652521e+02  1.2590358e+02  2.8859464e+01
1.0220366e+00  13318613  1.2550153e+02  1.2573623e+02  2.5468777e+01
1.0824208e+00  15819192  1.2516074e+02  1.2524261e+02  2.2127908e+01
1.1463741e+00  18795348  1.2487285e+02  1.2443124e+02  1.9138212e+01
1.2141088e+00  22326034  1.2403179e+02  1.2372975e+02  1.6685140e+01
1.2858419e+00  26520842  1.2235266e+02  1.2220283e+02  1.4544000e+01
1.3618105e+00  31503438  1.2004248e+02  1.2017804e+02  1.2666590e+01
1.4422695e+00  37426927  1.1724055e+02  1.1730188e+02  1.0999314e+01
1.5275481e+00  44525830  1.1408315e+02  1.1414623e+02  9.5479699e+00
