# Power spectrum from CO𝘕CEPT job 4701030 at t = 5.4689585 Gyr, a = 0.47619048
#
# Components:
#   0: matter  (upstream grid size 1024)
#
#                           grid size 1024
# ╭────────────────────────────────────────────────────────────────╮
#                         component 0    (corrected)      (linear)
#                        σ₈ = 4.43e-01  σ₈ = 4.43e-01  σ₈ = 4.29e-01
#  k [Mpc⁻¹]    modes       P [Mpc³]       P [Mpc³]       P [Mpc³]
3.0679616e-03         3  1.5289072e+04  1.5289072e+04  1.5279846e+04
5.8212951e-03        25  2.2232787e+04  2.2345938e+04  2.2320809e+04
1.0440195e-02       124  2.5603829e+04  2.5897980e+04  2.6034710e+04
1.6729547e-02       418  2.3063409e+04  2.3273818e+04  2.3228011e+04
2.3240110e-02       730  1.7660340e+04  1.7664008e+04  1.7833326e+04
2.9075630e-02      1012  1.3978187e+04  1.3944236e+04  1.3932449e+04
3.4544381e-02      1408  1.1686507e+04  1.1658870e+04  1.1620146e+04
3.9898901e-02      1841  1.0173074e+04  1.0164472e+04  1.0256529e+04
4.5580519e-02      2698  9.1535232e+03  9.1615566e+03  9.2029639e+03
5.1612543e-02      3532  7.9545084e+03  7.9670459e+03  8.0540652e+03
5.7899473e-02      4702  6.6530574e+03  6.6547648e+03  6.7229652e+03
6.4462744e-02      6019  5.4802441e+03  5.4676044e+03  5.4473511e+03
7.1309305e-02      7766  4.5685946e+03  4.5511036e+03  4.5267084e+03
7.8556104e-02     10012  4.0697748e+03  4.0602317e+03  4.0278419e+03
8.6194331e-02     12589  3.7941192e+03  3.7986169e+03  3.7580582e+03
9.4153926e-02     15650  3.4295272e+03  3.4391935e+03  3.4119267e+03
1.0254095e-01     19757  2.9133486e+03  2.9146927e+03  2.8747106e+03
1.1136076e-01     24241  2.4274293e+03  2.4190627e+03  2.3285500e+03
1.2060245e-01     29993  2.0787214e+03  2.0713722e+03  1.9679456e+03
1.3029316e-01     36494  1.8531709e+03  1.8537843e+03  1.7622232e+03
1.4046583e-01     44825  1.6582233e+03  1.6605942e+03  1.5611997e+03
1.5111985e-01     53906  1.4524842e+03  1.4492999e+03  1.3344626e+03
1.6229170e-01     65729  1.2842673e+03  1.2805563e+03  1.1727484e+03
1.7401323e-01     78746  1.1732631e+03  1.1753082e+03  1.0800556e+03
1.8625264e-01     94374  1.0509680e+03  1.0530264e+03  9.5796188e+02
1.9902230e-01    112166  9.1066381e+02  9.0888538e+02  7.9913880e+02
2.1238854e-01    134373  8.0226364e+02  7.9978121e+02  6.7597682e+02
2.2637810e-01    159077  7.2531181e+02  7.2454686e+02  6.0232469e+02
2.4096993e-01    188172  6.5545395e+02  6.5525998e+02  5.4716638e+02
2.5621802e-01    222492  5.9718857e+02  5.9774270e+02  4.9628145e+02
2.7214102e-01    261771  5.3742155e+02  5.3799142e+02  4.3546869e+02
2.8873063e-01    306759  4.8033480e+02  4.7923232e+02  3.6711401e+02
3.0605468e-01    360898  4.3340236e+02  4.3177280e+02  3.1818282e+02
3.2421519e-01    425046  3.9735946e+02  3.9758599e+02  2.9459810e+02
3.4337900e-01    505555  3.6071729e+02  3.6167971e+02  2.6850935e+02
3.6368055e-01    600292  3.2704650e+02  3.2659431e+02  2.2797674e+02
3.8517334e-01    712930  2.9762530e+02  2.9607318e+02  1.9412220e+02
4.0793004e-01    846715  2.7108672e+02  2.7135972e+02  1.7924627e+02
4.3202621e-01   1005596  2.4717675e+02  2.4806832e+02  1.6128998e+02
4.5754560e-01   1194719  2.2500560e+02  2.2380822e+02  1.3419219e+02
4.8457948e-01   1419743  2.0517745e+02  2.0492990e+02  1.2020074e+02
5.1321525e-01   1686576  1.8751344e+02  1.8829587e+02  1.0922419e+02
5.4354215e-01   2003484  1.7142133e+02  1.7017270e+02  9.0903384e+01
5.7565178e-01   2378778  1.5689387e+02  1.5733454e+02  8.2759849e+01
6.0966698e-01   2828400  1.4389013e+02  1.4381920e+02  7.2117131e+01
6.4568974e-01   3356890  1.3217526e+02  1.3173649e+02  6.2091293e+01
6.8383752e-01   3990317  1.2201198e+02  1.2255323e+02  5.5916539e+01
7.2424344e-01   4738457  1.1316648e+02  1.1256192e+02  4.7425713e+01
7.6703215e-01   5629661  1.0589512e+02  1.0630975e+02  4.2652045e+01
8.1235262e-01   6687903  1.0020281e+02  9.9805227e+01  3.6436675e+01
8.6035444e-01   7945758  9.6154163e+01  9.6214458e+01  3.2207056e+01
9.1118812e-01   9436555  9.3871337e+01  9.4123651e+01  2.8146099e+01
9.6501980e-01  11210320  9.3305973e+01  9.2847553e+01  2.4240451e+01
1.0220366e+00  13318613  9.4137321e+01  9.4313361e+01  2.1392450e+01
1.0824208e+00  15819192  9.6022876e+01  9.6085682e+01  1.8586294e+01
1.1463741e+00  18795348  9.8236800e+01  9.7889394e+01  1.6075105e+01
1.2141088e+00  22326034  9.9979094e+01  9.9735630e+01  1.4014653e+01
1.2858419e+00  26520842  1.0068481e+02  1.0056152e+02  1.2216206e+01
1.3618105e+00  31503438  1.0040936e+02  1.0052275e+02  1.0639280e+01
1.4422695e+00  37426927  9.9299785e+01  9.9351727e+01  9.2388550e+00
1.5275481e+00  44525830  9.7784433e+01  9.7838501e+01  8.0198011e+00
