# Power spectrum from CO𝘕CEPT job 4701030 at t = 6.7613474 Gyr, a = 0.55555556
#
# Components:
#   0: matter  (upstream grid size 1024)
#
#                           grid size 1024
# ╭────────────────────────────────────────────────────────────────╮
#                         component 0    (corrected)      (linear)
#                        σ₈ = 5.12e-01  σ₈ = 5.12e-01  σ₈ = 4.90e-01
#  k [Mpc⁻¹]    modes       P [Mpc³]       P [Mpc³]       P [Mpc³]
3.0679616e-03         3  1.9957584e+04  1.9957584e+04  1.9944066e+04
5.8212951e-03        25  2.9018491e+04  2.9166176e+04  2.9130666e+04
1.0440195e-02       124  3.3380000e+04  3.3763487e+04  3.3972973e+04
1.6729547e-02       418  3.0090574e+04  3.0365092e+04  3.0307317e+04
2.3240110e-02       730  2.2999462e+04  2.3004239e+04  2.3267074e+04
2.9075630e-02      1012  1.8229934e+04  1.8185655e+04  1.8177029e+04
3.4544381e-02      1408  1.5247251e+04  1.5211193e+04  1.5159970e+04
3.9898901e-02      1841  1.3248845e+04  1.3237644e+04  1.3380773e+04
4.5580519e-02      2698  1.1929515e+04  1.1939984e+04  1.2006155e+04
5.1612543e-02      3532  1.0357563e+04  1.0373888e+04  1.0507219e+04
5.7899473e-02      4702  8.6671449e+03  8.6693693e+03  8.7706297e+03
6.4462744e-02      6019  7.1624227e+03  7.1459032e+03  7.1064569e+03
7.1309305e-02      7766  5.9799884e+03  5.9570938e+03  5.9053899e+03
7.8556104e-02     10012  5.3319287e+03  5.3194260e+03  5.2545690e+03
8.6194331e-02     12589  4.9697188e+03  4.9756100e+03  4.9026067e+03
9.4153926e-02     15650  4.4908454e+03  4.5035030e+03  4.4510486e+03
1.0254095e-01     19757  3.8270481e+03  3.8288137e+03  3.7502136e+03
1.1136076e-01     24241  3.2109281e+03  3.1998611e+03  3.0377135e+03
1.2060245e-01     29993  2.7614561e+03  2.7516931e+03  2.5672835e+03
1.3029316e-01     36494  2.4650473e+03  2.4658633e+03  2.2989060e+03
1.4046583e-01     44825  2.2089643e+03  2.2121225e+03  2.0366594e+03
1.5111985e-01     53906  1.9481094e+03  1.9438386e+03  1.7408688e+03
1.6229170e-01     65729  1.7282117e+03  1.7232180e+03  1.5299040e+03
1.7401323e-01     78746  1.5794937e+03  1.5822468e+03  1.4089814e+03
1.8625264e-01     94374  1.4197598e+03  1.4225405e+03  1.2497040e+03
1.9902230e-01    112166  1.2416557e+03  1.2392308e+03  1.0425118e+03
2.1238854e-01    134373  1.1023092e+03  1.0988983e+03  8.8184129e+02
2.2637810e-01    159077  1.0017201e+03  1.0006637e+03  7.8575864e+02
2.4096993e-01    188172  9.0837783e+02  9.0810902e+02  7.1380207e+02
2.5621802e-01    222492  8.3052448e+02  8.3129513e+02  6.4742034e+02
2.7214102e-01    261771  7.5330385e+02  7.5410263e+02  5.6808739e+02
2.8873063e-01    306759  6.7940757e+02  6.7784816e+02  4.7891573e+02
3.0605468e-01    360898  6.1772549e+02  6.1540289e+02  4.1508286e+02
3.2421519e-01    425046  5.6851774e+02  5.6884185e+02  3.8431556e+02
3.4337900e-01    505555  5.1958591e+02  5.2097221e+02  3.5028165e+02
3.6368055e-01    600292  4.7513616e+02  4.7447921e+02  2.9740514e+02
3.8517334e-01    712930  4.3608997e+02  4.3381576e+02  2.5324046e+02
4.0793004e-01    846715  4.0022371e+02  4.0062675e+02  2.3383417e+02
4.3202621e-01   1005596  3.6765236e+02  3.6897849e+02  2.1040944e+02
4.5754560e-01   1194719  3.3769634e+02  3.3589928e+02  1.7505924e+02
4.8457948e-01   1419743  3.1059147e+02  3.1021673e+02  1.5680681e+02
5.1321525e-01   1686576  2.8622864e+02  2.8742298e+02  1.4248743e+02
5.4354215e-01   2003484  2.6414517e+02  2.6222114e+02  1.1858719e+02
5.7565178e-01   2378778  2.4391508e+02  2.4460016e+02  1.0796361e+02
6.0966698e-01   2828400  2.2599823e+02  2.2588682e+02  9.4079740e+01
6.4568974e-01   3356890  2.0966039e+02  2.0896439e+02  8.1000622e+01
6.8383752e-01   3990317  1.9528074e+02  1.9614701e+02  7.2945401e+01
7.2424344e-01   4738457  1.8276259e+02  1.8178624e+02  6.1868770e+01
7.6703215e-01   5629661  1.7218481e+02  1.7285900e+02  5.5641324e+01
8.1235262e-01   6687903  1.6347330e+02  1.6282467e+02  4.7533120e+01
8.6035444e-01   7945758  1.5669538e+02  1.5679364e+02  4.2015408e+01
9.1118812e-01   9436555  1.5177960e+02  1.5218757e+02  3.6717724e+01
9.6501980e-01  11210320  1.4837400e+02  1.4764503e+02  3.1622647e+01
1.0220366e+00  13318613  1.4601651e+02  1.4628957e+02  2.7907314e+01
1.0824208e+00  15819192  1.4414201e+02  1.4423629e+02  2.4246569e+01
1.1463741e+00  18795348  1.4227871e+02  1.4177556e+02  2.0970621e+01
1.2141088e+00  22326034  1.3985284e+02  1.3951228e+02  1.8282677e+01
1.2858419e+00  26520842  1.3675368e+02  1.3658622e+02  1.5936530e+01
1.3618105e+00  31503438  1.3313207e+02  1.3328242e+02  1.3879366e+01
1.4422695e+00  37426927  1.2919977e+02  1.2926735e+02  1.2052455e+01
1.5275481e+00  44525830  1.2496231e+02  1.2503141e+02  1.0462150e+01
