# Power spectrum from CO𝘕CEPT job 4559670 at t = 4.0358434 Gyr, a = 0.38461538
#
# Components:
#   0: matter  (upstream grid size 1024)
#
#                           grid size 1024
# ╭────────────────────────────────────────────────────────────────╮
#                         component 0    (corrected)      (linear)
#                        σ₈ = 3.64e-01  σ₈ = 3.64e-01  σ₈ = 3.55e-01
#  k [Mpc⁻¹]    modes       P [Mpc³]       P [Mpc³]       P [Mpc³]
2.4543693e-02         3  1.1356279e+04  1.1356279e+04  1.1476546e+04
4.6570361e-02        25  6.0218805e+03  6.1122746e+03  6.1433646e+03
8.3521561e-02       124  2.6507152e+03  2.5913719e+03  2.6258001e+03
1.3383638e-01       418  1.2390919e+03  1.2249201e+03  1.1547734e+03
1.8592088e-01       730  6.7637026e+02  6.9159793e+02  6.5852950e+02
2.3260504e-01      1012  4.7165664e+02  4.6833867e+02  3.9138896e+02
2.7635505e-01      1408  3.5669813e+02  3.5714640e+02  2.8643387e+02
3.1919121e-01      1841  2.7510514e+02  2.7357753e+02  2.0297887e+02
3.6464415e-01      2698  2.1707161e+02  2.1569273e+02  1.5539790e+02
4.1290034e-01      3532  1.7675198e+02  1.7820686e+02  1.1999681e+02
4.6319578e-01      4702  1.4494056e+02  1.4218394e+02  8.8502073e+01
5.1570195e-01      6019  1.2287985e+02  1.2425751e+02  7.4051507e+01
5.7047444e-01      7766  1.0386244e+02  1.0375541e+02  5.6635029e+01
6.2844883e-01     10012  9.1728383e+01  9.0279221e+01  4.4785591e+01
6.8955465e-01     12589  8.0088945e+01  8.0325918e+01  3.7376461e+01
7.5323141e-01     15650  7.0776587e+01  7.1380273e+01  3.0372225e+01
8.2032763e-01     19757  6.1523444e+01  6.1329545e+01  2.4331593e+01
8.9088605e-01     24241  5.5889128e+01  5.5322630e+01  1.9908992e+01
9.6481958e-01     29993  4.9518973e+01  4.9115734e+01  1.6591256e+01
1.0423453e+00     36494  4.4930973e+01  4.4684198e+01  1.3838518e+01
1.1237267e+00     44825  4.0887089e+01  4.0712093e+01  1.1575514e+01
1.2089588e+00     53906  3.7540077e+01  3.7436445e+01  9.7057114e+00
1.2983336e+00     65729  3.4226591e+01  3.4129890e+01  8.1526045e+00
1.3921058e+00     78746  3.1489830e+01  3.1390447e+01  6.8672061e+00
1.4900211e+00     94374  2.8844323e+01  2.8754854e+01  5.8053571e+00
1.5921784e+00    112166  2.6860962e+01  2.6838518e+01  4.9358726e+00
1.6991083e+00    134373  2.4551256e+01  2.4554396e+01  4.2123768e+00
1.8110248e+00    159077  2.2753502e+01  2.2723066e+01  3.5906946e+00
1.9277595e+00    188172  2.1033021e+01  2.1007037e+01  3.0738485e+00
2.0497441e+00    222492  1.9467892e+01  1.9459627e+01  2.6387810e+00
2.1771282e+00    261771  1.8148542e+01  1.8132845e+01  2.2676470e+00
2.3098450e+00    306759  1.6827625e+01  1.6814633e+01  1.9544277e+00
2.4484375e+00    360898  1.5597333e+01  1.5584142e+01  1.6874933e+00
2.5937215e+00    425046  1.4492448e+01  1.4480367e+01  1.4589176e+00
2.7470320e+00    505555  1.3451135e+01  1.3439233e+01  1.2613840e+00
2.9094444e+00    600292  1.2395835e+01  1.2384705e+01  1.0901085e+00
3.0813867e+00    712930  1.1443735e+01  1.1433603e+01  9.4190521e-01
3.2634403e+00    846715  1.0547201e+01  1.0537820e+01  8.1353593e-01
3.4562097e+00   1005596  9.7067697e+00  9.6982326e+00  7.0247783e-01
3.6603648e+00   1194719  8.8893703e+00  8.8814934e+00  6.0638166e-01
3.8766358e+00   1419743  8.1532107e+00  8.1458832e+00  5.2319292e-01
4.1057220e+00   1686576  7.4352676e+00  7.4285935e+00  4.5130556e-01
4.3483372e+00   2003484  6.7501205e+00  6.7440367e+00  3.8914299e-01
4.6052142e+00   2378778  6.1317045e+00  6.1261453e+00  3.3545126e-01
4.8773359e+00   2828400  5.5484029e+00  5.5433416e+00  2.8907776e-01
5.1655179e+00   3356890  5.0049389e+00  5.0003707e+00  2.4904441e-01
5.4707002e+00   3990317  4.5080180e+00  4.5039040e+00  2.1450408e-01
5.7939476e+00   4738457  4.0600681e+00  4.0562934e+00  1.8469030e-01
6.1362572e+00   5629661  3.6526673e+00  3.6493459e+00  1.5897686e-01
6.4988210e+00   6687903  3.2824788e+00  3.2794135e+00  1.3679972e-01
6.8828355e+00   7945758  2.9463315e+00  2.9436006e+00  1.1768997e-01
7.2895050e+00   9436555  2.6440251e+00  2.6415774e+00  1.0122097e-01
7.7201584e+00  11210320  2.3726023e+00  2.3703458e+00  8.7039986e-02
8.1762927e+00  13318613  2.1220128e+00  2.1200026e+00  7.4818507e-02
8.6593661e+00  15819192  1.8977163e+00  1.8959436e+00  6.4303183e-02
9.1709925e+00  18795348  1.6955855e+00  1.6939658e+00  5.5248416e-02
9.7128705e+00  22326034  1.5141426e+00  1.5126981e+00  4.7460285e-02
1.0286736e+01  26520842  1.3508098e+00  1.3494877e+00  4.0757211e-02
1.0894484e+01  31503438  1.2062734e+00  1.2051216e+00  3.5005197e-02
1.1538156e+01  37426927  1.0764129e+00  1.0753816e+00  3.0057677e-02
1.2220385e+01  44525830  9.6066402e-01  9.5973806e-01  2.5800395e-02
