# Power spectrum from CO𝘕CEPT job 4559670 at t = 5.8533978 Gyr, a = 0.5
#
# Components:
#   0: matter  (upstream grid size 1024)
#
#                           grid size 1024
# ╭────────────────────────────────────────────────────────────────╮
#                         component 0    (corrected)      (linear)
#                        σ₈ = 4.69e-01  σ₈ = 4.68e-01  σ₈ = 4.50e-01
#  k [Mpc⁻¹]    modes       P [Mpc³]       P [Mpc³]       P [Mpc³]
2.4543693e-02         3  1.8198587e+04  1.8198587e+04  1.8466656e+04
4.6570361e-02        25  9.6559003e+03  9.8008444e+03  9.8840297e+03
8.3521561e-02       124  4.2909349e+03  4.1948709e+03  4.2244576e+03
1.3383638e-01       418  2.0381561e+03  2.0148453e+03  1.8578054e+03
1.8592088e-01       730  1.1362363e+03  1.1618173e+03  1.0594410e+03
2.3260504e-01      1012  8.1319701e+02  8.0747641e+02  6.2966472e+02
2.7635505e-01      1408  6.2856769e+02  6.2935762e+02  4.6081306e+02
3.1919121e-01      1841  5.0365406e+02  5.0085737e+02  3.2655098e+02
3.6464415e-01      2698  3.9930034e+02  3.9676390e+02  2.5000294e+02
4.1290034e-01      3532  3.4087811e+02  3.4368393e+02  1.9304988e+02
4.6319578e-01      4702  2.8551423e+02  2.8008406e+02  1.4238138e+02
5.1570195e-01      6019  2.4425525e+02  2.4699369e+02  1.1913341e+02
5.7047444e-01      7766  2.0911374e+02  2.0889825e+02  9.1113923e+01
6.2844883e-01     10012  1.8736175e+02  1.8440173e+02  7.2050645e+01
6.8955465e-01     12589  1.6767747e+02  1.6817360e+02  6.0130897e+01
7.5323141e-01     15650  1.5109836e+02  1.5238715e+02  4.8862544e+01
8.2032763e-01     19757  1.3337738e+02  1.3295702e+02  3.9144429e+01
8.9088605e-01     24241  1.2324476e+02  1.2199554e+02  3.2029389e+01
9.6481958e-01     29993  1.1108201e+02  1.1017746e+02  2.6691846e+01
1.0423453e+00     36494  1.0242881e+02  1.0186624e+02  2.2263265e+01
1.1237267e+00     44825  9.3555478e+01  9.3155062e+01  1.8622565e+01
1.2089588e+00     53906  8.6529640e+01  8.6290769e+01  1.5614445e+01
1.2983336e+00     65729  7.9900559e+01  7.9674814e+01  1.3115821e+01
1.3921058e+00     78746  7.3126150e+01  7.2895362e+01  1.1047885e+01
1.4900211e+00     94374  6.7840947e+01  6.7630520e+01  9.3395924e+00
1.5921784e+00    112166  6.2563497e+01  6.2511221e+01  7.9407743e+00
1.6991083e+00    134373  5.8016427e+01  5.8023847e+01  6.7768214e+00
1.8110248e+00    159077  5.3741427e+01  5.3669541e+01  5.7766652e+00
1.9277595e+00    188172  4.9536345e+01  4.9475149e+01  4.9451685e+00
2.0497441e+00    222492  4.5855563e+01  4.5836095e+01  4.2452362e+00
2.1771282e+00    261771  4.2316352e+01  4.2279753e+01  3.6481596e+00
2.3098450e+00    306759  3.8870395e+01  3.8840386e+01  3.1442558e+00
2.4484375e+00    360898  3.5855821e+01  3.5825496e+01  2.7148144e+00
2.5937215e+00    425046  3.2905760e+01  3.2878330e+01  2.3470843e+00
2.7470320e+00    505555  3.0159582e+01  3.0132895e+01  2.0292943e+00
2.9094444e+00    600292  2.7565485e+01  2.7540733e+01  1.7537482e+00
3.0813867e+00    712930  2.5153814e+01  2.5131541e+01  1.5153204e+00
3.2634403e+00    846715  2.2799332e+01  2.2779052e+01  1.3088014e+00
3.4562097e+00   1005596  2.0735848e+01  2.0717611e+01  1.1301324e+00
3.6603648e+00   1194719  1.8761913e+01  1.8745288e+01  9.7553403e-01
3.8766358e+00   1419743  1.6927130e+01  1.6911918e+01  8.4170100e-01
4.1057220e+00   1686576  1.5288691e+01  1.5274967e+01  7.2604952e-01
4.3483372e+00   2003484  1.3803171e+01  1.3790731e+01  6.2604320e-01
4.6052142e+00   2378778  1.2395647e+01  1.2384408e+01  5.3966466e-01
4.8773359e+00   2828400  1.1095542e+01  1.1085420e+01  4.6505963e-01
5.1655179e+00   3356890  9.9660413e+00  9.9569449e+00  4.0065455e-01
5.4707002e+00   3990317  8.9128828e+00  8.9047489e+00  3.4508660e-01
5.7939476e+00   4738457  7.9568295e+00  7.9494321e+00  2.9712266e-01
6.1362572e+00   5629661  7.1126377e+00  7.1061701e+00  2.5575531e-01
6.4988210e+00   6687903  6.3452238e+00  6.3392983e+00  2.2007711e-01
6.8828355e+00   7945758  5.6562957e+00  5.6510530e+00  1.8933371e-01
7.2895050e+00   9436555  5.0369060e+00  5.0322430e+00  1.6283871e-01
7.7201584e+00  11210320  4.4749778e+00  4.4707220e+00  1.4002464e-01
8.1762927e+00  13318613  3.9769108e+00  3.9731434e+00  1.2036300e-01
8.6593661e+00  15819192  3.5364379e+00  3.5331344e+00  1.0344620e-01
9.1709925e+00  18795348  3.1380721e+00  3.1350746e+00  8.8879132e-02
9.7128705e+00  22326034  2.7820514e+00  2.7793973e+00  7.6349809e-02
1.0286736e+01  26520842  2.4666340e+00  2.4642198e+00  6.5566108e-02
1.0894484e+01  31503438  2.1864950e+00  2.1844072e+00  5.6312458e-02
1.1538156e+01  37426927  1.9356044e+00  1.9337497e+00  4.8353067e-02
1.2220385e+01  44525830  1.7132409e+00  1.7115895e+00  4.1504121e-02
