# Power spectrum from CO𝘕CEPT job 4559670 at t = 2.2265221 Gyr, a = 0.25641026
#
# Components:
#   0: matter  (upstream grid size 1024)
#
#                           grid size 1024
# ╭────────────────────────────────────────────────────────────────╮
#                         component 0    (corrected)      (linear)
#                        σ₈ = 2.44e-01  σ₈ = 2.43e-01  σ₈ = 2.41e-01
#  k [Mpc⁻¹]    modes       P [Mpc³]       P [Mpc³]       P [Mpc³]
2.4543693e-02         3  5.2375197e+03  5.2375197e+03  5.2706872e+03
4.6570361e-02        25  2.7739456e+03  2.8155851e+03  2.8218102e+03
8.3521561e-02       124  1.2158326e+03  1.1886129e+03  1.2061637e+03
1.3383638e-01       418  5.5561999e+02  5.4926525e+02  5.3045492e+02
1.8592088e-01       730  2.9847603e+02  3.0519587e+02  3.0250266e+02
2.3260504e-01      1012  2.0035091e+02  1.9894150e+02  1.7978913e+02
2.7635505e-01      1408  1.4859811e+02  1.4878485e+02  1.3157692e+02
3.1919121e-01      1841  1.0916185e+02  1.0855569e+02  9.3240901e+01
3.6464415e-01      2698  8.5418397e+01  8.4875802e+01  7.1384016e+01
4.1290034e-01      3532  6.6636836e+01  6.7185334e+01  5.5122091e+01
4.6319578e-01      4702  5.2716085e+01  5.1713483e+01  4.0654588e+01
5.1570195e-01      6019  4.4362938e+01  4.4860309e+01  3.4016539e+01
5.7047444e-01      7766  3.6296554e+01  3.6259151e+01  2.6016054e+01
6.2844883e-01     10012  3.1053252e+01  3.0562660e+01  2.0572861e+01
6.8955465e-01     12589  2.5879265e+01  2.5955838e+01  1.7169381e+01
7.5323141e-01     15650  2.2156774e+01  2.2345760e+01  1.3951893e+01
8.2032763e-01     19757  1.8968028e+01  1.8908247e+01  1.1177048e+01
8.9088605e-01     24241  1.6519001e+01  1.6351563e+01  9.1454680e+00
9.6481958e-01     29993  1.4371705e+01  1.4254675e+01  7.6214220e+00
1.0423453e+00     36494  1.2507389e+01  1.2438695e+01  6.3569148e+00
1.1237267e+00     44825  1.1078277e+01  1.1030862e+01  5.3173735e+00
1.2089588e+00     53906  9.8382196e+00  9.8110605e+00  4.4584548e+00
1.2983336e+00     65729  8.7441270e+00  8.7194221e+00  3.7450142e+00
1.3921058e+00     78746  7.8246859e+00  7.7999910e+00  3.1545491e+00
1.4900211e+00     94374  7.0087444e+00  6.9870049e+00  2.6667744e+00
1.5921784e+00    112166  6.3168112e+00  6.3115331e+00  2.2673649e+00
1.6991083e+00    134373  5.6982701e+00  5.6989989e+00  1.9350172e+00
1.8110248e+00    159077  5.1891638e+00  5.1822226e+00  1.6494390e+00
1.9277595e+00    188172  4.7329171e+00  4.7270701e+00  1.4120187e+00
2.0497441e+00    222492  4.3267193e+00  4.3248825e+00  1.2121644e+00
2.1771282e+00    261771  3.9627593e+00  3.9593320e+00  1.0416789e+00
2.3098450e+00    306759  3.6350438e+00  3.6322374e+00  8.9779728e-01
2.4484375e+00    360898  3.3592035e+00  3.3563624e+00  7.7517722e-01
2.5937215e+00    425046  3.1029407e+00  3.1003541e+00  6.7017779e-01
2.7470320e+00    505555  2.8634408e+00  2.8609071e+00  5.7943792e-01
2.9094444e+00    600292  2.6383949e+00  2.6360258e+00  5.0076009e-01
3.0813867e+00    712930  2.4373300e+00  2.4351719e+00  4.3268080e-01
3.2634403e+00    846715  2.2582420e+00  2.2562333e+00  3.7371253e-01
3.4562097e+00   1005596  2.0949758e+00  2.0931332e+00  3.2269637e-01
3.6603648e+00   1194719  1.9426402e+00  1.9409188e+00  2.7855319e-01
3.8766358e+00   1419743  1.7942475e+00  1.7926350e+00  2.4033920e-01
4.1057220e+00   1686576  1.6582049e+00  1.6567164e+00  2.0731666e-01
4.3483372e+00   2003484  1.5293489e+00  1.5279705e+00  1.7876135e-01
4.6052142e+00   2378778  1.4128743e+00  1.4115934e+00  1.5409722e-01
4.8773359e+00   2828400  1.3007149e+00  1.2995283e+00  1.3279482e-01
5.1655179e+00   3356890  1.1999968e+00  1.1989015e+00  1.1440486e-01
5.4707002e+00   3990317  1.1059665e+00  1.1049572e+00  9.8538197e-02
5.7939476e+00   4738457  1.0197198e+00  1.0187717e+00  8.4842736e-02
6.1362572e+00   5629661  9.4152516e-01  9.4066902e-01  7.3030826e-02
6.4988210e+00   6687903  8.7049103e-01  8.6967811e-01  6.2843365e-02
6.8828355e+00   7945758  8.0625936e-01  8.0551206e-01  5.4064957e-02
7.2895050e+00   9436555  7.4839014e-01  7.4769730e-01  4.6499612e-02
7.7201584e+00  11210320  6.9533376e-01  6.9467247e-01  3.9985300e-02
8.1762927e+00  13318613  6.4691808e-01  6.4630524e-01  3.4371116e-02
8.6593661e+00  15819192  6.0258902e-01  6.0202612e-01  2.9540681e-02
9.1709925e+00  18795348  5.6032026e-01  5.5978504e-01  2.5381173e-02
9.7128705e+00  22326034  5.1994797e-01  5.1945193e-01  2.1803514e-02
1.0286736e+01  26520842  4.8225757e-01  4.8178556e-01  1.8724294e-02
1.0894484e+01  31503438  4.4695931e-01  4.4653252e-01  1.6081959e-02
1.1538156e+01  37426927  4.1355154e-01  4.1315528e-01  1.3809181e-02
1.2220385e+01  44525830  3.8236946e-01  3.8200091e-01  1.1853474e-02
