# Power spectrum from CO𝘕CEPT job 4559670 at t = 13.790139 Gyr, a = 1
#
# Components:
#   0: matter  (upstream grid size 1024)
#
#                           grid size 1024
# ╭────────────────────────────────────────────────────────────────╮
#                         component 0    (corrected)      (linear)
#                        σ₈ = 8.13e-01  σ₈ = 8.12e-01  σ₈ = 7.39e-01
#  k [Mpc⁻¹]    modes       P [Mpc³]       P [Mpc³]       P [Mpc³]
2.4543693e-02         3  4.8338926e+04  4.8338926e+04  4.9809889e+04
4.6570361e-02        25  2.5611654e+04  2.5996109e+04  2.6652135e+04
8.3521561e-02       124  1.2156537e+04  1.1884380e+04  1.1389797e+04
1.3383638e-01       418  6.0431619e+03  5.9740451e+03  5.0087284e+03
1.8592088e-01       730  3.6227866e+03  3.7043494e+03  2.8562626e+03
2.3260504e-01      1012  2.7295684e+03  2.7103666e+03  1.6975726e+03
2.7635505e-01      1408  2.2453261e+03  2.2481478e+03  1.2423459e+03
3.1919121e-01      1841  2.0022322e+03  1.9911142e+03  8.8037552e+02
3.6464415e-01      2698  1.6520880e+03  1.6415936e+03  6.7400256e+02
4.1290034e-01      3532  1.4911263e+03  1.5034000e+03  5.2045785e+02
4.6319578e-01      4702  1.2794500e+03  1.2551162e+03  3.8385653e+02
5.1570195e-01      6019  1.1541545e+03  1.1670942e+03  3.2118043e+02
5.7047444e-01      7766  1.0699324e+03  1.0688299e+03  2.4564055e+02
6.2844883e-01     10012  9.6568624e+02  9.5042993e+02  1.9424642e+02
6.8955465e-01     12589  8.7118252e+02  8.7376024e+02  1.6211108e+02
7.5323141e-01     15650  8.0110041e+02  8.0793336e+02  1.3173191e+02
8.2032763e-01     19757  7.3701977e+02  7.3469696e+02  1.0553215e+02
8.9088605e-01     24241  6.8423219e+02  6.7729675e+02  8.6350202e+01
9.6481958e-01     29993  6.1909776e+02  6.1405637e+02  7.1960341e+01
1.0423453e+00     36494  5.7270279e+02  5.6955733e+02  6.0021020e+01
1.1237267e+00     44825  5.2024301e+02  5.1801638e+02  5.0205802e+01
1.2089588e+00     53906  4.7724603e+02  4.7592856e+02  4.2096003e+01
1.2983336e+00     65729  4.3824101e+02  4.3700284e+02  3.5359791e+01
1.3921058e+00     78746  3.9862738e+02  3.9736930e+02  2.9784699e+01
1.4900211e+00     94374  3.6449812e+02  3.6336753e+02  2.5179198e+01
1.5921784e+00    112166  3.3274783e+02  3.3246980e+02  2.1408029e+01
1.6991083e+00    134373  3.0177733e+02  3.0181593e+02  1.8270049e+01
1.8110248e+00    159077  2.7464798e+02  2.7428060e+02  1.5573661e+01
1.9277595e+00    188172  2.5034797e+02  2.5003869e+02  1.3331973e+01
2.0497441e+00    222492  2.2789773e+02  2.2780098e+02  1.1444979e+01
2.1771282e+00    261771  2.0690261e+02  2.0672367e+02  9.8352808e+00
2.3098450e+00    306759  1.8733907e+02  1.8719444e+02  8.4767732e+00
2.4484375e+00    360898  1.7017748e+02  1.7003355e+02  7.3190141e+00
2.5937215e+00    425046  1.5492891e+02  1.5479976e+02  6.3276266e+00
2.7470320e+00    505555  1.4010532e+02  1.3998134e+02  5.4708760e+00
2.9094444e+00    600292  1.2728094e+02  1.2716665e+02  4.7280135e+00
3.0813867e+00    712930  1.1468272e+02  1.1458117e+02  4.0852209e+00
3.2634403e+00    846715  1.0334019e+02  1.0324827e+02  3.5284533e+00
3.4562097e+00   1005596  9.2993054e+01  9.2911266e+01  3.0467684e+00
3.6603648e+00   1194719  8.3829651e+01  8.3755368e+01  2.6299772e+00
3.8766358e+00   1419743  7.5324750e+01  7.5257054e+01  2.2691687e+00
4.1057220e+00   1686576  6.7910389e+01  6.7849431e+01  1.9573769e+00
4.3483372e+00   2003484  6.0930983e+01  6.0876067e+01  1.6877641e+00
4.6052142e+00   2378778  5.4727850e+01  5.4678231e+01  1.4548912e+00
4.8773359e+00   2828400  4.9191897e+01  4.9147024e+01  1.2537594e+00
5.1655179e+00   3356890  4.3893770e+01  4.3853707e+01  1.0801262e+00
5.4707002e+00   3990317  3.9161229e+01  3.9125490e+01  9.3031768e-01
5.7939476e+00   4738457  3.4846283e+01  3.4813886e+01  8.0100928e-01
6.1362572e+00   5629661  3.1014863e+01  3.0986661e+01  6.8948506e-01
6.4988210e+00   6687903  2.7627640e+01  2.7601840e+01  5.9329859e-01
6.8828355e+00   7945758  2.4575081e+01  2.4552303e+01  5.1041615e-01
7.2895050e+00   9436555  2.1883319e+01  2.1863060e+01  4.3898723e-01
7.7201584e+00  11210320  1.9483605e+01  1.9465075e+01  3.7748196e-01
8.1762927e+00  13318613  1.7276337e+01  1.7259971e+01  3.2447552e-01
8.6593661e+00  15819192  1.5320885e+01  1.5306573e+01  2.7886908e-01
9.1709925e+00  18795348  1.3587914e+01  1.3574935e+01  2.3959740e-01
9.7128705e+00  22326034  1.2043691e+01  1.2032201e+01  2.0581941e-01
1.0286736e+01  26520842  1.0666884e+01  1.0656443e+01  1.7674753e-01
1.0894484e+01  31503438  9.4284154e+00  9.4194126e+00  1.5180059e-01
1.1538156e+01  37426927  8.3188464e+00  8.3108755e+00  1.3034291e-01
1.2220385e+01  44525830  7.3416462e+00  7.3345698e+00  1.1187896e-01
