# Power spectrum from CO𝘕CEPT job 4559670 at t = 3.6249528 Gyr, a = 0.35714286
#
# Components:
#   0: matter  (upstream grid size 1024)
#
#                           grid size 1024
# ╭────────────────────────────────────────────────────────────────╮
#                         component 0    (corrected)      (linear)
#                        σ₈ = 3.39e-01  σ₈ = 3.38e-01  σ₈ = 3.31e-01
#  k [Mpc⁻¹]    modes       P [Mpc³]       P [Mpc³]       P [Mpc³]
2.4543693e-02         3  9.8880610e+03  9.8880610e+03  9.9833411e+03
4.6570361e-02        25  5.2422070e+03  5.3208975e+03  5.3442167e+03
8.3521561e-02       124  2.3040754e+03  2.2524926e+03  2.2842528e+03
1.3383638e-01       418  1.0723014e+03  1.0600372e+03  1.0045713e+03
1.8592088e-01       730  5.8274602e+02  5.9586585e+02  5.7287475e+02
2.3260504e-01      1012  4.0343061e+02  4.0059259e+02  3.4048125e+02
2.7635505e-01      1408  3.0373332e+02  3.0411502e+02  2.4917766e+02
3.1919121e-01      1841  2.3187087e+02  2.3058334e+02  1.7657761e+02
3.6464415e-01      2698  1.8271757e+02  1.8155691e+02  1.3518546e+02
4.1290034e-01      3532  1.4713812e+02  1.4834924e+02  1.0438896e+02
4.6319578e-01      4702  1.1996146e+02  1.1767992e+02  7.6990712e+01
5.1570195e-01      6019  1.0159488e+02  1.0273391e+02  6.4419718e+01
5.7047444e-01      7766  8.5350026e+01  8.5262073e+01  4.9268581e+01
6.2844883e-01     10012  7.4945816e+01  7.3761791e+01  3.8960387e+01
6.8955465e-01     12589  6.4935316e+01  6.5127452e+01  3.2514953e+01
7.5323141e-01     15650  5.6958519e+01  5.7444344e+01  2.6421750e+01
8.2032763e-01     19757  4.9350613e+01  4.9195079e+01  2.1166816e+01
8.9088605e-01     24241  4.4520488e+01  4.4069224e+01  1.7319457e+01
9.6481958e-01     29993  3.9350656e+01  3.9030219e+01  1.4433255e+01
1.0423453e+00     36494  3.5420787e+01  3.5226245e+01  1.2038562e+01
1.1237267e+00     44825  3.2222368e+01  3.2084456e+01  1.0069903e+01
1.2089588e+00     53906  2.9370977e+01  2.9289896e+01  8.4433041e+00
1.2983336e+00     65729  2.6697707e+01  2.6622277e+01  7.0922077e+00
1.3921058e+00     78746  2.4481136e+01  2.4403873e+01  5.9739994e+00
1.4900211e+00     94374  2.2379946e+01  2.2310528e+01  5.0502637e+00
1.5921784e+00    112166  2.0688548e+01  2.0671262e+01  4.2938719e+00
1.6991083e+00    134373  1.8943442e+01  1.8945865e+01  3.6644802e+00
1.8110248e+00    159077  1.7534989e+01  1.7511534e+01  3.1236593e+00
1.9277595e+00    188172  1.6233645e+01  1.6213590e+01  2.6740387e+00
2.0497441e+00    222492  1.5079409e+01  1.5073008e+01  2.2955598e+00
2.1771282e+00    261771  1.4065209e+01  1.4053044e+01  1.9726987e+00
2.3098450e+00    306759  1.3032196e+01  1.3022135e+01  1.7002194e+00
2.4484375e+00    360898  1.2147731e+01  1.2137457e+01  1.4680047e+00
2.5937215e+00    425046  1.1295008e+01  1.1285592e+01  1.2691595e+00
2.7470320e+00    505555  1.0481969e+01  1.0472694e+01  1.0973188e+00
2.9094444e+00    600292  9.6979327e+00  9.6892246e+00  9.4832084e-01
3.0813867e+00    712930  8.9968335e+00  8.9888674e+00  8.1939413e-01
3.2634403e+00    846715  8.3281277e+00  8.3207200e+00  7.0772164e-01
3.4562097e+00   1005596  7.6724015e+00  7.6656536e+00  6.1110868e-01
3.6603648e+00   1194719  7.0547100e+00  7.0484588e+00  5.2751157e-01
3.8766358e+00   1419743  6.4737880e+00  6.4679698e+00  4.5514304e-01
4.1057220e+00   1686576  5.9278600e+00  5.9225390e+00  3.9260594e-01
4.3483372e+00   2003484  5.3944830e+00  5.3896210e+00  3.3852874e-01
4.6052142e+00   2378778  4.9260761e+00  4.9216099e+00  2.9182059e-01
4.8773359e+00   2828400  4.4706398e+00  4.4665617e+00  2.5147880e-01
5.1655179e+00   3356890  4.0594455e+00  4.0557403e+00  2.1665249e-01
5.4707002e+00   3990317  3.6749105e+00  3.6715568e+00  1.8660475e-01
5.7939476e+00   4738457  3.3199008e+00  3.3168143e+00  1.6066878e-01
6.1362572e+00   5629661  2.9955518e+00  2.9928279e+00  1.3829982e-01
6.4988210e+00   6687903  2.6996943e+00  2.6971732e+00  1.1900720e-01
6.8828355e+00   7945758  2.4351982e+00  2.4329411e+00  1.0238300e-01
7.2895050e+00   9436555  2.1907260e+00  2.1886979e+00  8.8056076e-02
7.7201584e+00  11210320  1.9692168e+00  1.9673440e+00  7.5719563e-02
8.1762927e+00  13318613  1.7694019e+00  1.7677257e+00  6.5087689e-02
8.6593661e+00  15819192  1.5888026e+00  1.5873184e+00  5.5940053e-02
9.1709925e+00  18795348  1.4233124e+00  1.4219528e+00  4.8063002e-02
9.7128705e+00  22326034  1.2754533e+00  1.2742365e+00  4.1287839e-02
1.0286736e+01  26520842  1.1419091e+00  1.1407914e+00  3.5456601e-02
1.0894484e+01  31503438  1.0210265e+00  1.0200516e+00  3.0452721e-02
1.1538156e+01  37426927  9.1436427e-01  9.1348815e-01  2.6148696e-02
1.2220385e+01  44525830  8.1870643e-01  8.1791730e-01  2.2445131e-02
