# Power spectrum from CO𝘕CEPT job 4559670 at t = 9.3730558 Gyr, a = 0.71428571
#
# Components:
#   0: matter  (upstream grid size 1024)
#
#                           grid size 1024
# ╭────────────────────────────────────────────────────────────────╮
#                         component 0    (corrected)      (linear)
#                        σ₈ = 6.41e-01  σ₈ = 6.40e-01  σ₈ = 6.00e-01
#  k [Mpc⁻¹]    modes       P [Mpc³]       P [Mpc³]       P [Mpc³]
2.4543693e-02         3  3.2036298e+04  3.2036298e+04  3.2748323e+04
4.6570361e-02        25  1.6996737e+04  1.7251874e+04  1.7525277e+04
8.3521561e-02       124  7.7617375e+03  7.5879704e+03  7.4898653e+03
1.3383638e-01       418  3.7692467e+03  3.7261371e+03  3.2937766e+03
1.8592088e-01       730  2.1793117e+03  2.2283763e+03  1.8783118e+03
2.3260504e-01      1012  1.6103582e+03  1.5990298e+03  1.1163467e+03
2.7635505e-01      1408  1.2977530e+03  1.2993839e+03  8.1698459e+02
3.1919121e-01      1841  1.1003539e+03  1.0942439e+03  5.7894817e+02
3.6464415e-01      2698  8.8255399e+02  8.7694783e+02  4.4323449e+02
4.1290034e-01      3532  7.8227102e+02  7.8871002e+02  3.4226127e+02
4.6319578e-01      4702  6.8155011e+02  6.6858777e+02  2.5243018e+02
5.1570195e-01      6019  6.1099329e+02  6.1784338e+02  2.1121343e+02
5.7047444e-01      7766  5.4686186e+02  5.4629832e+02  1.6153722e+02
6.2844883e-01     10012  4.8583261e+02  4.7815723e+02  1.2773963e+02
6.8955465e-01     12589  4.4162424e+02  4.4293095e+02  1.0660692e+02
7.5323141e-01     15650  4.0870475e+02  4.1219078e+02  8.6629083e+01
8.2032763e-01     19757  3.7440989e+02  3.7322989e+02  6.9399693e+01
8.9088605e-01     24241  3.3989702e+02  3.3645179e+02  5.6785334e+01
9.6481958e-01     29993  3.1093827e+02  3.0840626e+02  4.7322326e+01
1.0423453e+00     36494  2.8587428e+02  2.8430417e+02  3.9470832e+01
1.1237267e+00     44825  2.5918781e+02  2.5807849e+02  3.3016183e+01
1.2089588e+00     53906  2.4096033e+02  2.4029515e+02  2.7683045e+01
1.2983336e+00     65729  2.2225022e+02  2.2162229e+02  2.3253200e+01
1.3921058e+00     78746  2.0309115e+02  2.0245019e+02  1.9586927e+01
1.4900211e+00     94374  1.8527765e+02  1.8470296e+02  1.6558272e+01
1.5921784e+00    112166  1.6931551e+02  1.6917404e+02  1.4078289e+01
1.6991083e+00    134373  1.5473909e+02  1.5475888e+02  1.2014701e+01
1.8110248e+00    159077  1.4175280e+02  1.4156318e+02  1.0241511e+01
1.9277595e+00    188172  1.2895721e+02  1.2879789e+02  8.7673390e+00
2.0497441e+00    222492  1.1736933e+02  1.1731950e+02  7.5264199e+00
2.1771282e+00    261771  1.0606635e+02  1.0597461e+02  6.4678552e+00
2.3098450e+00    306759  9.6819186e+01  9.6744440e+01  5.5744776e+00
2.4484375e+00    360898  8.7586595e+01  8.7512518e+01  4.8131157e+00
2.5937215e+00    425046  7.9141034e+01  7.9075061e+01  4.1611624e+00
2.7470320e+00    505555  7.1815477e+01  7.1751931e+01  3.5977486e+00
2.9094444e+00    600292  6.4767385e+01  6.4709228e+01  3.1092295e+00
3.0813867e+00    712930  5.8409992e+01  5.8358273e+01  2.6865181e+00
3.2634403e+00    846715  5.2734758e+01  5.2687852e+01  2.3203782e+00
3.4562097e+00   1005596  4.7522802e+01  4.7481006e+01  2.0036139e+00
3.6603648e+00   1194719  4.2616716e+01  4.2578952e+01  1.7295248e+00
3.8766358e+00   1419743  3.8137268e+01  3.8102994e+01  1.4922508e+00
4.1057220e+00   1686576  3.4140324e+01  3.4109679e+01  1.2872111e+00
4.3483372e+00   2003484  3.0511876e+01  3.0484376e+01  1.1099089e+00
4.6052142e+00   2378778  2.7413874e+01  2.7389020e+01  9.5676760e-01
4.8773359e+00   2828400  2.4517043e+01  2.4494678e+01  8.2449971e-01
5.1655179e+00   3356890  2.1828702e+01  2.1808779e+01  7.1031542e-01
5.4707002e+00   3990317  1.9509897e+01  1.9492093e+01  6.1179861e-01
5.7939476e+00   4738457  1.7395987e+01  1.7379814e+01  5.2676303e-01
6.1362572e+00   5629661  1.5514373e+01  1.5500266e+01  4.5342263e-01
6.4988210e+00   6687903  1.3811106e+01  1.3798208e+01  3.9016860e-01
6.8828355e+00   7945758  1.2284100e+01  1.2272714e+01  3.3566353e-01
7.2895050e+00   9436555  1.0918055e+01  1.0907948e+01  2.8869049e-01
7.7201584e+00  11210320  9.6955064e+00  9.6862856e+00  2.4824341e-01
8.1762927e+00  13318613  8.6147574e+00  8.6065965e+00  2.1338531e-01
8.6593661e+00  15819192  7.6280091e+00  7.6208836e+00  1.8339358e-01
9.1709925e+00  18795348  6.7574275e+00  6.7509727e+00  1.5756770e-01
9.7128705e+00  22326034  5.9785960e+00  5.9728923e+00  1.3535456e-01
1.0286736e+01  26520842  5.2887420e+00  5.2835657e+00  1.1623625e-01
1.0894484e+01  31503438  4.6685467e+00  4.6640889e+00  9.9830573e-02
1.1538156e+01  37426927  4.1184862e+00  4.1145400e+00  8.5719502e-02
1.2220385e+01  44525830  3.6272811e+00  3.6237849e+00  7.3577152e-02
