# Power spectrum from CO𝘕CEPT job 4559670 at t = 12.444912 Gyr, a = 0.90909091
#
# Components:
#   0: matter  (upstream grid size 1024)
#
#                           grid size 1024
# ╭────────────────────────────────────────────────────────────────╮
#                         component 0    (corrected)      (linear)
#                        σ₈ = 7.65e-01  σ₈ = 7.64e-01  σ₈ = 7.02e-01
#  k [Mpc⁻¹]    modes       P [Mpc³]       P [Mpc³]       P [Mpc³]
2.4543693e-02         3  4.3617730e+04  4.3617730e+04  4.4843577e+04
4.6570361e-02        25  2.3121206e+04  2.3468277e+04  2.3995636e+04
8.3521561e-02       124  1.0847017e+04  1.0604177e+04  1.0254700e+04
1.3383638e-01       418  5.3539175e+03  5.2926838e+03  4.5095876e+03
1.8592088e-01       730  3.1754827e+03  3.2469750e+03  2.5716287e+03
2.3260504e-01      1012  2.3799789e+03  2.3632364e+03  1.5284063e+03
2.7635505e-01      1408  1.9526418e+03  1.9550957e+03  1.1185442e+03
3.1919121e-01      1841  1.7188057e+03  1.7092615e+03  7.9264495e+02
3.6464415e-01      2698  1.4028834e+03  1.3939720e+03  6.0683743e+02
4.1290034e-01      3532  1.2554502e+03  1.2657840e+03  4.6859368e+02
4.6319578e-01      4702  1.0818482e+03  1.0612726e+03  3.4560486e+02
5.1570195e-01      6019  9.8037306e+02  9.9136441e+02  2.8917452e+02
5.7047444e-01      7766  9.0448479e+02  9.0355272e+02  2.2116226e+02
6.2844883e-01     10012  8.0832774e+02  7.9555745e+02  1.7488961e+02
6.8955465e-01     12589  7.3287919e+02  7.3504768e+02  1.4595659e+02
7.5323141e-01     15650  6.7472797e+02  6.8048304e+02  1.1860473e+02
8.2032763e-01     19757  6.2234595e+02  6.2038455e+02  9.5015792e+01
8.9088605e-01     24241  5.7967952e+02  5.7380383e+02  7.7745345e+01
9.6481958e-01     29993  5.2150866e+02  5.1726195e+02  6.4789445e+01
1.0423453e+00     36494  4.8167593e+02  4.7903042e+02  5.4039887e+01
1.1237267e+00     44825  4.3561387e+02  4.3374944e+02  4.5202763e+01
1.2089588e+00     53906  4.0025780e+02  3.9915286e+02  3.7901111e+01
1.2983336e+00     65729  3.6624171e+02  3.6520696e+02  3.1836168e+01
1.3921058e+00     78746  3.3298251e+02  3.3193161e+02  2.6816638e+01
1.4900211e+00     94374  3.0576522e+02  3.0481680e+02  2.2670077e+01
1.5921784e+00    112166  2.7809873e+02  2.7786636e+02  1.9274708e+01
1.6991083e+00    134373  2.5355724e+02  2.5358967e+02  1.6449430e+01
1.8110248e+00    159077  2.2851776e+02  2.2821208e+02  1.4021739e+01
1.9277595e+00    188172  2.0899198e+02  2.0873380e+02  1.2003437e+01
2.0497441e+00    222492  1.9014969e+02  1.9006896e+02  1.0304483e+01
2.1771282e+00    261771  1.7183211e+02  1.7168349e+02  8.8551917e+00
2.3098450e+00    306759  1.5583475e+02  1.5571444e+02  7.6320602e+00
2.4484375e+00    360898  1.4105214e+02  1.4093284e+02  6.5896726e+00
2.5937215e+00    425046  1.2772133e+02  1.2761486e+02  5.6970774e+00
2.7470320e+00    505555  1.1552537e+02  1.1542314e+02  4.9257025e+00
2.9094444e+00    600292  1.0393601e+02  1.0384269e+02  4.2568666e+00
3.0813867e+00    712930  9.4099220e+01  9.4015901e+01  3.6781287e+00
3.2634403e+00    846715  8.4869910e+01  8.4794420e+01  3.1768432e+00
3.4562097e+00   1005596  7.6386019e+01  7.6318838e+01  2.7431585e+00
3.6603648e+00   1194719  6.8736691e+01  6.8675782e+01  2.3679007e+00
3.8766358e+00   1419743  6.1728450e+01  6.1672973e+01  2.0430469e+00
4.1057220e+00   1686576  5.5508751e+01  5.5458925e+01  1.7623254e+00
4.3483372e+00   2003484  4.9732820e+01  4.9687996e+01  1.5195795e+00
4.6052142e+00   2378778  4.4495267e+01  4.4454926e+01  1.3099125e+00
4.8773359e+00   2828400  3.9956617e+01  3.9920168e+01  1.1288235e+00
5.1655179e+00   3356890  3.5738601e+01  3.5705981e+01  9.7249295e-01
5.4707002e+00   3990317  3.1974752e+01  3.1945572e+01  8.3761287e-01
5.7939476e+00   4738457  2.8533601e+01  2.8507073e+01  7.2119007e-01
6.1362572e+00   5629661  2.5407415e+01  2.5384312e+01  6.2077924e-01
6.4988210e+00   6687903  2.2621387e+01  2.2600262e+01  5.3417775e-01
6.8828355e+00   7945758  2.0180704e+01  2.0161999e+01  4.5955454e-01
7.2895050e+00   9436555  1.7973727e+01  1.7957088e+01  3.9524350e-01
7.7201584e+00  11210320  1.5963856e+01  1.5948674e+01  3.3986721e-01
8.1762927e+00  13318613  1.4178993e+01  1.4165561e+01  2.9214285e-01
8.6593661e+00  15819192  1.2588724e+01  1.2576965e+01  2.5108106e-01
9.1709925e+00  18795348  1.1154337e+01  1.1143682e+01  2.1572278e-01
9.7128705e+00  22326034  9.8632566e+00  9.8538469e+00  1.8531073e-01
1.0286736e+01  26520842  8.7148556e+00  8.7063260e+00  1.5913583e-01
1.0894484e+01  31503438  7.6970299e+00  7.6896803e+00  1.3667483e-01
1.1538156e+01  37426927  6.7941269e+00  6.7876169e+00  1.1735538e-01
1.2220385e+01  44525830  5.9905416e+00  5.9847675e+00  1.0073132e-01
