# Power spectrum from CO𝘕CEPT job 4559670 at t = 2.9820513 Gyr, a = 0.3125
#
# Components:
#   0: matter  (upstream grid size 1024)
#
#                           grid size 1024
# ╭────────────────────────────────────────────────────────────────╮
#                         component 0    (corrected)      (linear)
#                        σ₈ = 2.97e-01  σ₈ = 2.96e-01  σ₈ = 2.92e-01
#  k [Mpc⁻¹]    modes       P [Mpc³]       P [Mpc³]       P [Mpc³]
2.4543693e-02         3  7.6746361e+03  7.6746361e+03  7.7370058e+03
4.6570361e-02        25  4.0671222e+03  4.1281735e+03  4.1419361e+03
8.3521561e-02       124  1.7844529e+03  1.7445032e+03  1.7704002e+03
1.3383638e-01       418  8.2408699e+02  8.1466175e+02  7.7859301e+02
1.8592088e-01       730  4.4509930e+02  4.5512018e+02  4.4400740e+02
2.3260504e-01      1012  3.0420155e+02  3.0206158e+02  2.6389067e+02
2.7635505e-01      1408  2.2744652e+02  2.2773236e+02  1.9312572e+02
3.1919121e-01      1841  1.7066668e+02  1.6971900e+02  1.3685691e+02
3.6464415e-01      2698  1.3413507e+02  1.3328302e+02  1.0477584e+02
4.1290034e-01      3532  1.0629737e+02  1.0717232e+02  8.0906941e+01
4.6319578e-01      4702  8.5645768e+01  8.4016878e+01  5.9671865e+01
5.1570195e-01      6019  7.2373167e+01  7.3184571e+01  4.9928684e+01
5.7047444e-01      7766  6.0084869e+01  6.0022952e+01  3.8185756e+01
6.2844883e-01     10012  5.2245677e+01  5.1420278e+01  3.0196362e+01
6.8955465e-01     12589  4.4523989e+01  4.4655730e+01  2.5200811e+01
7.5323141e-01     15650  3.8589399e+01  3.8918546e+01  2.0478257e+01
8.2032763e-01     19757  3.3263715e+01  3.3158880e+01  1.6405405e+01
8.9088605e-01     24241  2.9578730e+01  2.9278917e+01  1.3423499e+01
9.6481958e-01     29993  2.6020767e+01  2.5808876e+01  1.1186540e+01
1.0423453e+00     36494  2.3074686e+01  2.2947953e+01  9.3305256e+00
1.1237267e+00     44825  2.0827134e+01  2.0737994e+01  7.8047112e+00
1.2089588e+00     53906  1.8734466e+01  1.8682748e+01  6.5440105e+00
1.2983336e+00     65729  1.6915189e+01  1.6867398e+01  5.4968393e+00
1.3921058e+00     78746  1.5355428e+01  1.5306966e+01  4.6301686e+00
1.4900211e+00     94374  1.3907273e+01  1.3864136e+01  3.9142245e+00
1.5921784e+00    112166  1.2729006e+01  1.2718370e+01  3.3279807e+00
1.6991083e+00    134373  1.1635179e+01  1.1636667e+01  2.8401688e+00
1.8110248e+00    159077  1.0709058e+01  1.0694733e+01  2.4210039e+00
1.9277595e+00    188172  9.8541165e+00  9.8419429e+00  2.0725240e+00
2.0497441e+00    222492  9.1474732e+00  9.1435898e+00  1.7791827e+00
2.1771282e+00    261771  8.4557556e+00  8.4484424e+00  1.5289482e+00
2.3098450e+00    306759  7.8223471e+00  7.8163080e+00  1.3177623e+00
2.4484375e+00    360898  7.2559004e+00  7.2497636e+00  1.1377835e+00
2.5937215e+00    425046  6.7502928e+00  6.7446656e+00  9.8366795e-01
2.7470320e+00    505555  6.2726795e+00  6.2671291e+00  8.5048221e-01
2.9094444e+00    600292  5.8337182e+00  5.8284799e+00  7.3500083e-01
3.0813867e+00    712930  5.4120449e+00  5.4072529e+00  6.3507575e-01
3.2634403e+00    846715  5.0158964e+00  5.0114349e+00  5.4852359e-01
3.4562097e+00   1005596  4.6485208e+00  4.6444325e+00  4.7364337e-01
3.6603648e+00   1194719  4.2999234e+00  4.2961132e+00  4.0885113e-01
3.8766358e+00   1419743  3.9680398e+00  3.9644736e+00  3.5276163e-01
4.1057220e+00   1686576  3.6542872e+00  3.6510071e+00  3.0429201e-01
4.3483372e+00   2003484  3.3599912e+00  3.3569629e+00  2.6237927e-01
4.6052142e+00   2378778  3.0888353e+00  3.0860349e+00  2.2617792e-01
4.8773359e+00   2828400  2.8312880e+00  2.8287053e+00  1.9491085e-01
5.1655179e+00   3356890  2.5926450e+00  2.5902786e+00  1.6791857e-01
5.4707002e+00   3990317  2.3636561e+00  2.3614991e+00  1.4462993e-01
5.7939476e+00   4738457  2.1581330e+00  2.1561266e+00  1.2452813e-01
6.1362572e+00   5629661  1.9666280e+00  1.9648398e+00  1.0719096e-01
6.4988210e+00   6687903  1.7922065e+00  1.7905328e+00  9.2238109e-02
6.8828355e+00   7945758  1.6309656e+00  1.6294540e+00  7.9353436e-02
7.2895050e+00   9436555  1.4801983e+00  1.4788279e+00  6.8249266e-02
7.7201584e+00  11210320  1.3433056e+00  1.3420281e+00  5.8687774e-02
8.1762927e+00  13318613  1.2206745e+00  1.2195181e+00  5.0447469e-02
8.6593661e+00  15819192  1.1075526e+00  1.1065180e+00  4.3357529e-02
9.1709925e+00  18795348  1.0024416e+00  1.0014840e+00  3.7252359e-02
9.7128705e+00  22326034  9.0732630e-01  9.0646070e-01  3.2001212e-02
1.0286736e+01  26520842  8.2044615e-01  8.1964315e-01  2.7481659e-02
1.0894484e+01  31503438  7.4094002e-01  7.4023252e-01  2.3603354e-02
1.1538156e+01  37426927  6.6961491e-01  6.6897331e-01  2.0267474e-02
1.2220385e+01  44525830  6.0537849e-01  6.0479498e-01  1.7396983e-02
