# Power spectrum from CO𝘕CEPT job 4559670 at t = 6.2819341 Gyr, a = 0.52631579
#
# Components:
#   0: matter  (upstream grid size 1024)
#
#                           grid size 1024
# ╭────────────────────────────────────────────────────────────────╮
#                         component 0    (corrected)      (linear)
#                        σ₈ = 4.91e-01  σ₈ = 4.91e-01  σ₈ = 4.71e-01
#  k [Mpc⁻¹]    modes       P [Mpc³]       P [Mpc³]       P [Mpc³]
2.4543693e-02         3  1.9866833e+04  1.9866833e+04  2.0178385e+04
4.6570361e-02        25  1.0541775e+04  1.0700017e+04  1.0799960e+04
8.3521561e-02       124  4.6978116e+03  4.5926386e+03  4.6158874e+03
1.3383638e-01       418  2.2384646e+03  2.2128629e+03  2.0299401e+03
1.8592088e-01       730  1.2540423e+03  1.2822756e+03  1.1576023e+03
2.3260504e-01      1012  9.0204435e+02  8.9569873e+02  6.8800531e+02
2.7635505e-01      1408  7.0110773e+02  7.0198883e+02  5.0350886e+02
3.1919121e-01      1841  5.6614561e+02  5.6300192e+02  3.5680693e+02
3.6464415e-01      2698  4.4936671e+02  4.4651224e+02  2.7316646e+02
4.1290034e-01      3532  3.8703757e+02  3.9022334e+02  2.1093651e+02
4.6319578e-01      4702  3.2615354e+02  3.1995046e+02  1.5557342e+02
5.1570195e-01      6019  2.8022841e+02  2.8337016e+02  1.3017146e+02
5.7047444e-01      7766  2.4058452e+02  2.4033660e+02  9.9555881e+01
6.2844883e-01     10012  2.1506035e+02  2.1166274e+02  7.8726336e+01
6.8955465e-01     12589  1.9382093e+02  1.9439442e+02  6.5702189e+01
7.5323141e-01     15650  1.7492802e+02  1.7642006e+02  5.3389791e+01
8.2032763e-01     19757  1.5463559e+02  1.5414823e+02  4.2771265e+01
8.9088605e-01     24241  1.4318424e+02  1.4173291e+02  3.4996997e+01
9.6481958e-01     29993  1.2966363e+02  1.2860776e+02  2.9164916e+01
1.0423453e+00     36494  1.1956934e+02  1.1891263e+02  2.4326015e+01
1.1237267e+00     44825  1.0979946e+02  1.0932952e+02  2.0347994e+01
1.2089588e+00     53906  1.0165903e+02  1.0137839e+02  1.7061163e+01
1.2983336e+00     65729  9.4088511e+01  9.3822680e+01  1.4331036e+01
1.3921058e+00     78746  8.6209623e+01  8.5937543e+01  1.2071499e+01
1.4900211e+00     94374  7.9590584e+01  7.9343712e+01  1.0204929e+01
1.5921784e+00    112166  7.3156531e+01  7.3095404e+01  8.6765065e+00
1.6991083e+00    134373  6.7658674e+01  6.7667327e+01  7.4047102e+00
1.8110248e+00    159077  6.2620412e+01  6.2536648e+01  6.3118870e+00
1.9277595e+00    188172  5.7667714e+01  5.7596473e+01  5.4033498e+00
2.0497441e+00    222492  5.3098868e+01  5.3076326e+01  4.6385670e+00
2.1771282e+00    261771  4.9038571e+01  4.8996159e+01  3.9861697e+00
2.3098450e+00    306759  4.4916030e+01  4.4881354e+01  3.4355778e+00
2.4484375e+00    360898  4.1312952e+01  4.1278011e+01  2.9663476e+00
2.5937215e+00    425046  3.7898839e+01  3.7867246e+01  2.5645464e+00
2.7470320e+00    505555  3.4637968e+01  3.4607318e+01  2.2173124e+00
2.9094444e+00    600292  3.1637463e+01  3.1609055e+01  1.9162362e+00
3.0813867e+00    712930  2.8778935e+01  2.8753453e+01  1.6557175e+00
3.2634403e+00    846715  2.6093489e+01  2.6070280e+01  1.4300639e+00
3.4562097e+00   1005596  2.3684961e+01  2.3664130e+01  1.2348408e+00
3.6603648e+00   1194719  2.1396677e+01  2.1377717e+01  1.0659186e+00
3.8766358e+00   1419743  1.9292656e+01  1.9275317e+01  9.1968559e-01
4.1057220e+00   1686576  1.7358786e+01  1.7343205e+01  7.9331873e-01
4.3483372e+00   2003484  1.5644612e+01  1.5630511e+01  6.8404659e-01
4.6052142e+00   2378778  1.4050381e+01  1.4037643e+01  5.8966488e-01
4.8773359e+00   2828400  1.2552557e+01  1.2541106e+01  5.0814754e-01
5.1655179e+00   3356890  1.1242724e+01  1.1232463e+01  4.3777519e-01
5.4707002e+00   3990317  1.0064314e+01  1.0055129e+01  3.7705876e-01
5.7939476e+00   4738457  8.9932386e+00  8.9848776e+00  3.2465087e-01
6.1362572e+00   5629661  8.0269060e+00  8.0196070e+00  2.7945075e-01
6.4988210e+00   6687903  7.1401589e+00  7.1334911e+00  2.4046691e-01
6.8828355e+00   7945758  6.3616617e+00  6.3557653e+00  2.0687509e-01
7.2895050e+00   9436555  5.6559709e+00  5.6507347e+00  1.7792528e-01
7.7201584e+00  11210320  5.0272042e+00  5.0224231e+00  1.5299746e-01
8.1762927e+00  13318613  4.4649683e+00  4.4607386e+00  1.3151414e-01
8.6593661e+00  15819192  3.9635602e+00  3.9598577e+00  1.1302999e-01
9.1709925e+00  18795348  3.5150335e+00  3.5116759e+00  9.7113269e-02
9.7128705e+00  22326034  3.1142367e+00  3.1112657e+00  8.3423097e-02
1.0286736e+01  26520842  2.7625043e+00  2.7598005e+00  7.1640285e-02
1.0894484e+01  31503438  2.4432556e+00  2.4409226e+00  6.1529284e-02
1.1538156e+01  37426927  2.1607188e+00  2.1586484e+00  5.2832459e-02
1.2220385e+01  44525830  1.9130603e+00  1.9112164e+00  4.5348965e-02
