# Power spectrum from CO𝘕CEPT job 4559670 at t = 3.2779515 Gyr, a = 0.33333333
#
# Components:
#   0: matter  (upstream grid size 1024)
#
#                           grid size 1024
# ╭────────────────────────────────────────────────────────────────╮
#                         component 0    (corrected)      (linear)
#                        σ₈ = 3.16e-01  σ₈ = 3.16e-01  σ₈ = 3.10e-01
#  k [Mpc⁻¹]    modes       P [Mpc³]       P [Mpc³]       P [Mpc³]
2.4543693e-02         3  8.6794419e+03  8.6794419e+03  8.7560380e+03
4.6570361e-02        25  4.6005056e+03  4.6695635e+03  4.6873514e+03
8.3521561e-02       124  2.0199270e+03  1.9747056e+03  2.0035114e+03
1.3383638e-01       418  9.3627311e+02  9.2556477e+02  8.8110917e+02
1.8592088e-01       730  5.0706046e+02  5.1847632e+02  5.0246875e+02
2.3260504e-01      1012  3.4869191e+02  3.4623896e+02  2.9863640e+02
2.7635505e-01      1408  2.6154078e+02  2.6186947e+02  2.1855399e+02
3.1919121e-01      1841  1.9784359e+02  1.9674501e+02  1.5487642e+02
3.6464415e-01      2698  1.5569868e+02  1.5470965e+02  1.1857133e+02
4.1290034e-01      3532  1.2426832e+02  1.2529120e+02  9.1559688e+01
4.6319578e-01      4702  1.0071856e+02  9.8803000e+01  6.7528657e+01
5.1570195e-01      6019  8.5206418e+01  8.6161702e+01  5.6502623e+01
5.7047444e-01      7766  7.1140840e+01  7.1067529e+01  4.3213542e+01
6.2844883e-01     10012  6.2152937e+01  6.1171019e+01  3.4172211e+01
6.8955465e-01     12589  5.3403908e+01  5.3561923e+01  2.8518913e+01
7.5323141e-01     15650  4.6539674e+01  4.6936632e+01  2.3174556e+01
8.2032763e-01     19757  4.0208260e+01  4.0081539e+01  1.8565446e+01
8.9088605e-01     24241  3.6008611e+01  3.5643624e+01  1.5190922e+01
9.6481958e-01     29993  3.1754601e+01  3.1496020e+01  1.2659430e+01
1.0423453e+00     36494  2.8360228e+01  2.8204465e+01  1.0559042e+01
1.1237267e+00     44825  2.5719412e+01  2.5609333e+01  8.8323285e+00
1.2089588e+00     53906  2.3273724e+01  2.3209476e+01  7.4056358e+00
1.2983336e+00     65729  2.1085700e+01  2.1026126e+01  6.2205873e+00
1.3921058e+00     78746  1.9237877e+01  1.9177161e+01  5.2398051e+00
1.4900211e+00     94374  1.7506331e+01  1.7452030e+01  4.4295951e+00
1.5921784e+00    112166  1.6080682e+01  1.6067245e+01  3.7661628e+00
1.6991083e+00    134373  1.4735785e+01  1.4737669e+01  3.2141224e+00
1.8110248e+00    159077  1.3599061e+01  1.3580871e+01  2.7397676e+00
1.9277595e+00    188172  1.2561439e+01  1.2545921e+01  2.3454046e+00
2.0497441e+00    222492  1.1665738e+01  1.1660786e+01  2.0134402e+00
2.1771282e+00    261771  1.0834138e+01  1.0824768e+01  1.7302582e+00
2.3098450e+00    306759  1.0026806e+01  1.0019065e+01  1.4912662e+00
2.4484375e+00    360898  9.3233573e+00  9.3154719e+00  1.2875903e+00
2.5937215e+00    425046  8.6610744e+00  8.6538543e+00  1.1131829e+00
2.7470320e+00    505555  8.0370210e+00  8.0299094e+00  9.6246108e-01
2.9094444e+00    600292  7.4529610e+00  7.4462688e+00  8.3177472e-01
3.0813867e+00    712930  6.9233714e+00  6.9172412e+00  7.1869288e-01
3.2634403e+00    846715  6.4070169e+00  6.4013180e+00  6.2074474e-01
3.4562097e+00   1005596  5.9209028e+00  5.9156954e+00  5.3600534e-01
3.6603648e+00   1194719  5.4737051e+00  5.4688548e+00  4.6268217e-01
3.8766358e+00   1419743  5.0325855e+00  5.0280626e+00  3.9920759e-01
4.1057220e+00   1686576  4.6308538e+00  4.6266971e+00  3.4435617e-01
4.3483372e+00   2003484  4.2424175e+00  4.2385938e+00  2.9692496e-01
4.6052142e+00   2378778  3.8824544e+00  3.8789344e+00  2.5595713e-01
4.8773359e+00   2828400  3.5473523e+00  3.5441164e+00  2.2057326e-01
5.1655179e+00   3356890  3.2341077e+00  3.2311558e+00  1.9002703e-01
5.4707002e+00   3990317  2.9354626e+00  2.9327837e+00  1.6367209e-01
5.7939476e+00   4738457  2.6651056e+00  2.6626278e+00  1.4092358e-01
6.1362572e+00   5629661  2.4170857e+00  2.4148878e+00  1.2130371e-01
6.4988210e+00   6687903  2.1910110e+00  2.1889649e+00  1.0438210e-01
6.8828355e+00   7945758  1.9845726e+00  1.9827332e+00  8.9800967e-02
7.2895050e+00   9436555  1.7945701e+00  1.7929087e+00  7.7234773e-02
7.7201584e+00  11210320  1.6204041e+00  1.6188631e+00  6.6414376e-02
8.1762927e+00  13318613  1.4619090e+00  1.4605241e+00  5.7089120e-02
8.6593661e+00  15819192  1.3182326e+00  1.3170012e+00  4.9065694e-02
9.1709925e+00  18795348  1.1876927e+00  1.1865582e+00  4.2156699e-02
9.7128705e+00  22326034  1.0692488e+00  1.0682287e+00  3.6214172e-02
1.0286736e+01  26520842  9.6120866e-01  9.6026789e-01  3.1099565e-02
1.0894484e+01  31503438  8.6456530e-01  8.6373975e-01  2.6710635e-02
1.1538156e+01  37426927  7.7754039e-01  7.7679537e-01  2.2935550e-02
1.2220385e+01  44525830  6.9968792e-01  6.9901351e-01  1.9687129e-02
