# Power spectrum from CO𝘕CEPT job 4559670 at t = 6.7614249 Gyr, a = 0.55555556
#
# Components:
#   0: matter  (upstream grid size 1024)
#
#                           grid size 1024
# ╭────────────────────────────────────────────────────────────────╮
#                         component 0    (corrected)      (linear)
#                        σ₈ = 5.16e-01  σ₈ = 5.15e-01  σ₈ = 4.93e-01
#  k [Mpc⁻¹]    modes       P [Mpc³]       P [Mpc³]       P [Mpc³]
2.4543693e-02         3  2.1747343e+04  2.1747343e+04  2.2111267e+04
4.6570361e-02        25  1.1540148e+04  1.1713377e+04  1.1834195e+04
8.3521561e-02       124  5.1600536e+03  5.0445320e+03  5.0578694e+03
1.3383638e-01       418  2.4668969e+03  2.4386825e+03  2.2243047e+03
1.8592088e-01       730  1.3894648e+03  1.4207470e+03  1.2684402e+03
2.3260504e-01      1012  1.0046906e+03  9.9762293e+02  7.5388003e+02
2.7635505e-01      1408  7.8572930e+02  7.8671674e+02  5.5171841e+02
3.1919121e-01      1841  6.3978115e+02  6.3622857e+02  3.9097013e+02
3.6464415e-01      2698  5.0851374e+02  5.0528356e+02  2.9932131e+02
4.1290034e-01      3532  4.4159098e+02  4.4522579e+02  2.3113302e+02
4.6319578e-01      4702  3.7480863e+02  3.6768018e+02  1.7046908e+02
5.1570195e-01      6019  3.2396384e+02  3.2759592e+02  1.4263495e+02
5.7047444e-01      7766  2.7938090e+02  2.7909300e+02  1.0908803e+02
6.2844883e-01     10012  2.4868227e+02  2.4475349e+02  8.6264121e+01
6.8955465e-01     12589  2.2570711e+02  2.2637495e+02  7.1992954e+01
7.5323141e-01     15650  2.0429799e+02  2.0604054e+02  5.8501683e+01
8.2032763e-01     19757  1.8071676e+02  1.8014721e+02  4.6866469e+01
8.9088605e-01     24241  1.6736269e+02  1.6566629e+02  3.8347840e+01
9.6481958e-01     29993  1.5228832e+02  1.5104822e+02  3.1957356e+01
1.0423453e+00     36494  1.3989393e+02  1.3912559e+02  2.6655147e+01
1.1237267e+00     44825  1.2914782e+02  1.2859507e+02  2.2296244e+01
1.2089588e+00     53906  1.1979832e+02  1.1946761e+02  1.8694710e+01
1.2983336e+00     65729  1.1111263e+02  1.1079871e+02  1.5703182e+01
1.3921058e+00     78746  1.0236202e+02  1.0203896e+02  1.3227302e+01
1.4900211e+00     94374  9.4338571e+01  9.4045954e+01  1.1182014e+01
1.5921784e+00    112166  8.6792921e+01  8.6720400e+01  9.5072505e+00
1.6991083e+00    134373  7.9970377e+01  7.9980605e+01  8.1136841e+00
1.8110248e+00    159077  7.3719299e+01  7.3620689e+01  6.9162267e+00
1.9277595e+00    188172  6.7760627e+01  6.7676917e+01  5.9207003e+00
2.0497441e+00    222492  6.2146964e+01  6.2120580e+01  5.0826921e+00
2.1771282e+00    261771  5.7113811e+01  5.7064414e+01  4.3678300e+00
2.3098450e+00    306759  5.2250405e+01  5.2210067e+01  3.7645209e+00
2.4484375e+00    360898  4.7689560e+01  4.7649226e+01  3.2503636e+00
2.5937215e+00    425046  4.3702300e+01  4.3665868e+01  2.8100913e+00
2.7470320e+00    505555  3.9838773e+01  3.9803522e+01  2.4296108e+00
2.9094444e+00    600292  3.6417421e+01  3.6384721e+01  2.0997076e+00
3.0813867e+00    712930  3.3008054e+01  3.2978827e+01  1.8142452e+00
3.2634403e+00    846715  2.9978442e+01  2.9951777e+01  1.5669862e+00
3.4562097e+00   1005596  2.7030788e+01  2.7007015e+01  1.3530712e+00
3.6603648e+00   1194719  2.4331107e+01  2.4309547e+01  1.1679752e+00
3.8766358e+00   1419743  2.1915082e+01  2.1895386e+01  1.0077410e+00
4.1057220e+00   1686576  1.9746386e+01  1.9728661e+01  8.6927495e-01
4.3483372e+00   2003484  1.7739761e+01  1.7723773e+01  7.4954042e-01
4.6052142e+00   2378778  1.5947622e+01  1.5933163e+01  6.4612203e-01
4.8773359e+00   2828400  1.4240520e+01  1.4227530e+01  5.5679972e-01
5.1655179e+00   3356890  1.2743181e+01  1.2731550e+01  4.7968949e-01
5.4707002e+00   3990317  1.1381264e+01  1.1370878e+01  4.1315971e-01
5.7939476e+00   4738457  1.0148718e+01  1.0139283e+01  3.5573398e-01
6.1362572e+00   5629661  9.0622087e+00  9.0539683e+00  3.0620615e-01
6.4988210e+00   6687903  8.0771806e+00  8.0696377e+00  2.6348977e-01
6.8828355e+00   7945758  7.1940182e+00  7.1873503e+00  2.2668168e-01
7.2895050e+00   9436555  6.3867595e+00  6.3808468e+00  1.9496007e-01
7.7201584e+00  11210320  5.6761698e+00  5.6707716e+00  1.6764552e-01
8.1762927e+00  13318613  5.0390294e+00  5.0342558e+00  1.4410528e-01
8.6593661e+00  15819192  4.4722511e+00  4.4680735e+00  1.2385137e-01
9.1709925e+00  18795348  3.9628541e+00  3.9590687e+00  1.0641071e-01
9.7128705e+00  22326034  3.5129910e+00  3.5096396e+00  9.1409776e-02
1.0286736e+01  26520842  3.1118933e+00  3.1088476e+00  7.8498829e-02
1.0894484e+01  31503438  2.7519455e+00  2.7493178e+00  6.7419762e-02
1.1538156e+01  37426927  2.4309058e+00  2.4285765e+00  5.7890273e-02
1.2220385e+01  44525830  2.1471535e+00  2.1450839e+00  4.9690287e-02
