# Power spectrum from CO𝘕CEPT job 4559670 at t = 5.1230837 Gyr, a = 0.45454545
#
# Components:
#   0: matter  (upstream grid size 1024)
#
#                           grid size 1024
# ╭────────────────────────────────────────────────────────────────╮
#                         component 0    (corrected)      (linear)
#                        σ₈ = 4.28e-01  σ₈ = 4.28e-01  σ₈ = 4.14e-01
#  k [Mpc⁻¹]    modes       P [Mpc³]       P [Mpc³]       P [Mpc³]
2.4543693e-02         3  1.5394728e+04  1.5394728e+04  1.5596183e+04
4.6570361e-02        25  8.1667702e+03  8.2893611e+03  8.3480007e+03
8.3521561e-02       124  3.6134976e+03  3.5325999e+03  3.5680127e+03
1.3383638e-01       418  1.7063802e+03  1.6868640e+03  1.5691263e+03
1.8592088e-01       730  9.4319683e+02  9.6443179e+02  8.9481894e+02
2.3260504e-01      1012  6.6870248e+02  6.6399835e+02  5.3182413e+02
2.7635505e-01      1408  5.1215450e+02  5.1279813e+02  3.8920965e+02
3.1919121e-01      1841  4.0462979e+02  4.0238296e+02  2.7580994e+02
3.6464415e-01      2698  3.2019289e+02  3.1815896e+02  2.1115633e+02
4.1290034e-01      3532  2.6856153e+02  2.7077210e+02  1.6305292e+02
4.6319578e-01      4702  2.2295401e+02  2.1871367e+02  1.2025753e+02
5.1570195e-01      6019  1.8976696e+02  1.9189451e+02  1.0062194e+02
5.7047444e-01      7766  1.6190784e+02  1.6174099e+02  7.6956245e+01
6.2844883e-01     10012  1.4484110e+02  1.4255284e+02  6.0855106e+01
6.8955465e-01     12589  1.2828147e+02  1.2866104e+02  5.0787502e+01
7.5323141e-01     15650  1.1510796e+02  1.1608977e+02  4.1270075e+01
8.2032763e-01     19757  1.0105549e+02  1.0073700e+02  3.3062003e+01
8.9088605e-01     24241  9.2851648e+01  9.1910494e+01  2.7052529e+01
9.6481958e-01     29993  8.2995532e+01  8.2319689e+01  2.2544356e+01
1.0423453e+00     36494  7.6292145e+01  7.5873125e+01  1.8803908e+01
1.1237267e+00     44825  6.9368682e+01  6.9071785e+01  1.5728915e+01
1.2089588e+00     53906  6.4346966e+01  6.4169332e+01  1.3188209e+01
1.2983336e+00     65729  5.9185708e+01  5.9018489e+01  1.1077833e+01
1.3921058e+00     78746  5.4555278e+01  5.4383101e+01  9.3312207e+00
1.4900211e+00     94374  5.0442901e+01  5.0286439e+01  7.8883700e+00
1.5921784e+00    112166  4.6713245e+01  4.6674213e+01  6.7069061e+00
1.6991083e+00    134373  4.3270196e+01  4.3275730e+01  5.7238131e+00
1.8110248e+00    159077  4.0027071e+01  3.9973529e+01  4.8790654e+00
1.9277595e+00    188172  3.7142215e+01  3.7096330e+01  4.1767700e+00
2.0497441e+00    222492  3.4393688e+01  3.4379086e+01  3.5855961e+00
2.1771282e+00    261771  3.1746853e+01  3.1719395e+01  3.0812957e+00
2.3098450e+00    306759  2.9412320e+01  2.9389613e+01  2.6556906e+00
2.4484375e+00    360898  2.7114122e+01  2.7091190e+01  2.2929776e+00
2.5937215e+00    425046  2.4995365e+01  2.4974528e+01  1.9823868e+00
2.7470320e+00    505555  2.2957025e+01  2.2936712e+01  1.7139763e+00
2.9094444e+00    600292  2.1082680e+01  2.1063749e+01  1.4812456e+00
3.0813867e+00    712930  1.9322754e+01  1.9305645e+01  1.2798657e+00
3.2634403e+00    846715  1.7616345e+01  1.7600676e+01  1.1054364e+00
3.4562097e+00   1005596  1.6069329e+01  1.6055197e+01  9.5452972e-01
3.6603648e+00   1194719  1.4607553e+01  1.4594610e+01  8.2395344e-01
3.8766358e+00   1419743  1.3219598e+01  1.3207718e+01  7.1091588e-01
4.1057220e+00   1686576  1.1941591e+01  1.1930872e+01  6.1323476e-01
4.3483372e+00   2003484  1.0778323e+01  1.0768608e+01  5.2876778e-01
4.6052142e+00   2378778  9.7097807e+00  9.7009774e+00  4.5581104e-01
4.8773359e+00   2828400  8.7255103e+00  8.7175508e+00  3.9279840e-01
5.1655179e+00   3356890  7.8360747e+00  7.8289224e+00  3.3840080e-01
5.4707002e+00   3990317  7.0300870e+00  7.0236713e+00  2.9146718e-01
5.7939476e+00   4738457  6.2878476e+00  6.2820018e+00  2.5095602e-01
6.1362572e+00   5629661  5.6290282e+00  5.6239096e+00  2.1601645e-01
6.4988210e+00   6687903  5.0306666e+00  5.0259687e+00  1.8588203e-01
6.8828355e+00   7945758  4.4905980e+00  4.4864358e+00  1.5991562e-01
7.2895050e+00   9436555  4.0034410e+00  3.9997347e+00  1.3753748e-01
7.7201584e+00  11210320  3.5637388e+00  3.5603496e+00  1.1826831e-01
8.1762927e+00  13318613  3.1723650e+00  3.1693598e+00  1.0166173e-01
8.6593661e+00  15819192  2.8226451e+00  2.8200084e+00  8.7373491e-02
9.1709925e+00  18795348  2.5117423e+00  2.5093431e+00  7.5069869e-02
9.7128705e+00  22326034  2.2315537e+00  2.2294248e+00  6.4487362e-02
1.0286736e+01  26520842  1.9808961e+00  1.9789573e+00  5.5379238e-02
1.0894484e+01  31503438  1.7586683e+00  1.7569890e+00  4.7563420e-02
1.1538156e+01  37426927  1.5600258e+00  1.5585310e+00  4.0840755e-02
1.2220385e+01  44525830  1.3832965e+00  1.3819631e+00  3.5055990e-02
