# Power spectrum from CO𝘕CEPT job 4559670 at t = 2.3139476 Gyr, a = 0.26315789
#
# Components:
#   0: matter  (upstream grid size 1024)
#
#                           grid size 1024
# ╭────────────────────────────────────────────────────────────────╮
#                         component 0    (corrected)      (linear)
#                        σ₈ = 2.50e-01  σ₈ = 2.50e-01  σ₈ = 2.47e-01
#  k [Mpc⁻¹]    modes       P [Mpc³]       P [Mpc³]       P [Mpc³]
2.4543693e-02         3  5.5088737e+03  5.5088737e+03  5.5448984e+03
4.6570361e-02        25  2.9178852e+03  2.9616854e+03  2.9685913e+03
8.3521561e-02       124  1.2789874e+03  1.2503539e+03  1.2689006e+03
1.3383638e-01       418  5.8524363e+02  5.7855009e+02  5.5804527e+02
1.8592088e-01       730  3.1454389e+02  3.2162547e+02  3.1823653e+02
2.3260504e-01      1012  2.1161680e+02  2.1012814e+02  1.8914036e+02
2.7635505e-01      1408  1.5710058e+02  1.5729801e+02  1.3842052e+02
3.1919121e-01      1841  1.1569007e+02  1.1504766e+02  9.8090556e+01
3.6464415e-01      2698  9.0581284e+01  9.0005894e+01  7.5096847e+01
4.1290034e-01      3532  7.0779138e+01  7.1361732e+01  5.7989104e+01
4.6319578e-01      4702  5.6122065e+01  5.5054684e+01  4.2769116e+01
5.1570195e-01      6019  4.7257611e+01  4.7787435e+01  3.5785808e+01
5.7047444e-01      7766  3.8729479e+01  3.8689569e+01  2.7369202e+01
6.2844883e-01     10012  3.3211005e+01  3.2686324e+01  2.1642897e+01
6.8955465e-01     12589  2.7746257e+01  2.7828355e+01  1.8062394e+01
7.5323141e-01     15650  2.3785391e+01  2.3988268e+01  1.4677558e+01
8.2032763e-01     19757  2.0384867e+01  2.0320621e+01  1.1758389e+01
8.9088605e-01     24241  1.7799013e+01  1.7618601e+01  9.6211418e+00
9.6481958e-01     29993  1.5511461e+01  1.5385149e+01  8.0178270e+00
1.0423453e+00     36494  1.3528526e+01  1.3454223e+01  6.6875503e+00
1.1237267e+00     44825  1.2015663e+01  1.1964236e+01  5.5939403e+00
1.2089588e+00     53906  1.0686038e+01  1.0656538e+01  4.6903475e+00
1.2983336e+00     65729  9.5195884e+00  9.4926925e+00  3.9397995e+00
1.3921058e+00     78746  8.5342895e+00  8.5073551e+00  3.3186231e+00
1.4900211e+00     94374  7.6573943e+00  7.6336428e+00  2.8054782e+00
1.5921784e+00    112166  6.9169499e+00  6.9111703e+00  2.3852947e+00
1.6991083e+00    134373  6.2506744e+00  6.2514738e+00  2.0356610e+00
1.8110248e+00    159077  5.7005117e+00  5.6928864e+00  1.7352293e+00
1.9277595e+00    188172  5.2082717e+00  5.2018375e+00  1.4854602e+00
2.0497441e+00    222492  4.7727475e+00  4.7707213e+00  1.2752112e+00
2.1771282e+00    261771  4.3752884e+00  4.3715043e+00  1.0958583e+00
2.3098450e+00    306759  4.0191603e+00  4.0160574e+00  9.4449319e-01
2.4484375e+00    360898  3.7182667e+00  3.7151219e+00  8.1549543e-01
2.5937215e+00    425046  3.4400487e+00  3.4371810e+00  7.0503477e-01
2.7470320e+00    505555  3.1781536e+00  3.1753414e+00  6.0957535e-01
2.9094444e+00    600292  2.9310117e+00  2.9283798e+00  5.2680534e-01
3.0813867e+00    712930  2.7081832e+00  2.7057852e+00  4.5518512e-01
3.2634403e+00    846715  2.5106851e+00  2.5084519e+00  3.9314979e-01
3.4562097e+00   1005596  2.3295398e+00  2.3274910e+00  3.3948019e-01
3.6603648e+00   1194719  2.1609012e+00  2.1589864e+00  2.9304104e-01
3.8766358e+00   1419743  1.9993406e+00  1.9975438e+00  2.5283948e-01
4.1057220e+00   1686576  1.8467924e+00  1.8451347e+00  2.1809938e-01
4.3483372e+00   2003484  1.7063377e+00  1.7047998e+00  1.8805885e-01
4.6052142e+00   2378778  1.5765052e+00  1.5750759e+00  1.6211190e-01
4.8773359e+00   2828400  1.4509103e+00  1.4495868e+00  1.3970153e-01
5.1655179e+00   3356890  1.3364677e+00  1.3352479e+00  1.2035508e-01
5.4707002e+00   3990317  1.2305908e+00  1.2294677e+00  1.0366316e-01
5.7939476e+00   4738457  1.1325684e+00  1.1315155e+00  8.9255382e-02
6.1362572e+00   5629661  1.0439465e+00  1.0429973e+00  7.6829118e-02
6.4988210e+00   6687903  9.6373110e-01  9.6283111e-01  6.6111793e-02
6.8828355e+00   7945758  8.9081821e-01  8.8999254e-01  5.6876809e-02
7.2895050e+00   9436555  8.2351085e-01  8.2274847e-01  4.8917982e-02
7.7201584e+00  11210320  7.6217788e-01  7.6145302e-01  4.2064853e-02
8.1762927e+00  13318613  7.0603163e-01  7.0536279e-01  3.6158670e-02
8.6593661e+00  15819192  6.5474512e-01  6.5413350e-01  3.1077000e-02
9.1709925e+00  18795348  6.0612890e-01  6.0554992e-01  2.6701153e-02
9.7128705e+00  22326034  5.6007016e-01  5.5953585e-01  2.2937419e-02
1.0286736e+01  26520842  5.1719631e-01  5.1669011e-01  1.9698047e-02
1.0894484e+01  31503438  4.7732830e-01  4.7687252e-01  1.6918284e-02
1.1538156e+01  37426927  4.4041516e-01  4.3999316e-01  1.4527299e-02
1.2220385e+01  44525830  4.0566917e-01  4.0527816e-01  1.2469876e-02
