# Power spectrum from CO𝘕CEPT job 4559670 at t = 2.4071778 Gyr, a = 0.27027027
#
# Components:
#   0: matter  (upstream grid size 1024)
#
#                           grid size 1024
# ╭────────────────────────────────────────────────────────────────╮
#                         component 0    (corrected)      (linear)
#                        σ₈ = 2.57e-01  σ₈ = 2.56e-01  σ₈ = 2.53e-01
#  k [Mpc⁻¹]    modes       P [Mpc³]       P [Mpc³]       P [Mpc³]
2.4543693e-02         3  5.8015383e+03  5.8015383e+03  5.8407700e+03
4.6570361e-02        25  3.0731435e+03  3.1192742e+03  3.1269649e+03
8.3521561e-02       124  1.3471423e+03  1.3169830e+03  1.3365920e+03
1.3383638e-01       418  6.1727155e+02  6.1021170e+02  5.8781449e+02
1.8592088e-01       730  3.3194575e+02  3.3941912e+02  3.3521292e+02
2.3260504e-01      1012  2.2385319e+02  2.2227845e+02  1.9923007e+02
2.7635505e-01      1408  1.6634985e+02  1.6655890e+02  1.4580456e+02
3.1919121e-01      1841  1.2282263e+02  1.2214062e+02  1.0332320e+02
3.6464415e-01      2698  9.6224753e+01  9.5613515e+01  7.9102885e+01
4.1290034e-01      3532  7.5323290e+01  7.5943288e+01  6.1082529e+01
4.6319578e-01      4702  5.9869494e+01  5.8730841e+01  4.5050631e+01
5.1570195e-01      6019  5.0443307e+01  5.1008847e+01  3.7694799e+01
5.7047444e-01      7766  4.1414212e+01  4.1371535e+01  2.8829209e+01
6.2844883e-01     10012  3.5595400e+01  3.5033050e+01  2.2797435e+01
6.8955465e-01     12589  2.9819197e+01  2.9907428e+01  1.9025930e+01
7.5323141e-01     15650  2.5598003e+01  2.5816340e+01  1.5460531e+01
8.2032763e-01     19757  2.1961256e+01  2.1892042e+01  1.2385638e+01
8.9088605e-01     24241  1.9227636e+01  1.9032743e+01  1.0134380e+01
9.6481958e-01     29993  1.6784987e+01  1.6648305e+01  8.4455366e+00
1.0423453e+00     36494  1.4673104e+01  1.4592515e+01  7.0442964e+00
1.1237267e+00     44825  1.3067969e+01  1.3012038e+01  5.8923479e+00
1.2089588e+00     53906  1.1639560e+01  1.1607428e+01  4.9405531e+00
1.2983336e+00     65729  1.0393667e+01  1.0364301e+01  4.1499671e+00
1.3921058e+00     78746  9.3356058e+00  9.3061425e+00  3.4956542e+00
1.4900211e+00     94374  8.3894207e+00  8.3633987e+00  2.9551357e+00
1.5921784e+00    112166  7.5964959e+00  7.5901485e+00  2.5125375e+00
1.6991083e+00    134373  6.8770443e+00  6.8779238e+00  2.1442527e+00
1.8110248e+00    159077  6.2811135e+00  6.2727117e+00  1.8277945e+00
1.9277595e+00    188172  5.7471386e+00  5.7400387e+00  1.5647016e+00
2.0497441e+00    222492  5.2803769e+00  5.2781351e+00  1.3432368e+00
2.1771282e+00    261771  4.8446424e+00  4.8404523e+00  1.1543164e+00
2.3098450e+00    306759  4.4571811e+00  4.4537401e+00  9.9487671e-01
2.4484375e+00    360898  4.1269415e+00  4.1234511e+00  8.5899759e-01
2.5937215e+00    425046  3.8238707e+00  3.8206831e+00  7.4264443e-01
2.7470320e+00    505555  3.5370618e+00  3.5339320e+00  6.4209275e-01
2.9094444e+00    600292  3.2659251e+00  3.2629925e+00  5.5490739e-01
3.0813867e+00    712930  3.0179836e+00  3.0153113e+00  4.7946661e-01
3.2634403e+00    846715  2.7989745e+00  2.7964849e+00  4.1412202e-01
3.4562097e+00   1005596  2.5957009e+00  2.5934180e+00  3.5758944e-01
3.6603648e+00   1194719  2.4074921e+00  2.4053588e+00  3.0867301e-01
3.8766358e+00   1419743  2.2302609e+00  2.2282565e+00  2.6632690e-01
4.1057220e+00   1686576  2.0588285e+00  2.0569804e+00  2.2973361e-01
4.3483372e+00   2003484  1.9050012e+00  1.9032843e+00  1.9809058e-01
4.6052142e+00   2378778  1.7600488e+00  1.7584531e+00  1.7075950e-01
4.8773359e+00   2828400  1.6206513e+00  1.6191729e+00  1.4715366e-01
5.1655179e+00   3356890  1.4913631e+00  1.4900019e+00  1.2677518e-01
5.4707002e+00   3990317  1.3714897e+00  1.3702381e+00  1.0919285e-01
5.7939476e+00   4738457  1.2610714e+00  1.2598990e+00  9.4016490e-02
6.1362572e+00   5629661  1.1595320e+00  1.1584777e+00  8.0927355e-02
6.4988210e+00   6687903  1.0681416e+00  1.0671441e+00  6.9638323e-02
6.8828355e+00   7945758  9.8592520e-01  9.8501138e-01  5.9910707e-02
7.2895050e+00   9436555  9.0879253e-01  9.0795119e-01  5.1527324e-02
7.7201584e+00  11210320  8.3841478e-01  8.3761742e-01  4.4308622e-02
8.1762927e+00  13318613  7.7363855e-01  7.7290567e-01  3.8087381e-02
8.6593661e+00  15819192  7.1414265e-01  7.1347555e-01  3.2734635e-02
9.1709925e+00  18795348  6.5853942e-01  6.5791038e-01  2.8125366e-02
9.7128705e+00  22326034  6.0606670e-01  6.0548851e-01  2.4160861e-02
1.0286736e+01  26520842  5.5703358e-01  5.5648839e-01  2.0748691e-02
1.0894484e+01  31503438  5.1170529e-01  5.1121668e-01  1.7820647e-02
1.1538156e+01  37426927  4.7029836e-01  4.6984773e-01  1.5302121e-02
1.2220385e+01  44525830  4.3160475e-01  4.3118874e-01  1.3134950e-02
