# Power spectrum from CO𝘕CEPT job 4559670 at t = 3.1242836 Gyr, a = 0.32258065
#
# Components:
#   0: matter  (upstream grid size 1024)
#
#                           grid size 1024
# ╭────────────────────────────────────────────────────────────────╮
#                         component 0    (corrected)      (linear)
#                        σ₈ = 3.06e-01  σ₈ = 3.06e-01  σ₈ = 3.01e-01
#  k [Mpc⁻¹]    modes       P [Mpc³]       P [Mpc³]       P [Mpc³]
2.4543693e-02         3  8.1544700e+03  8.1544700e+03  8.2234825e+03
4.6570361e-02        25  4.3218206e+03  4.3866952e+03  4.4023147e+03
8.3521561e-02       124  1.8968186e+03  1.8543533e+03  1.8816867e+03
1.3383638e-01       418  8.7755557e+02  8.6751880e+02  8.2753392e+02
1.8592088e-01       730  4.7457877e+02  4.8526335e+02  4.7191669e+02
2.3260504e-01      1012  3.2532986e+02  3.2304126e+02  2.8047819e+02
2.7635505e-01      1408  2.4361488e+02  2.4392103e+02  2.0526511e+02
3.1919121e-01      1841  1.8351623e+02  1.8249720e+02  1.4545938e+02
3.6464415e-01      2698  1.4432853e+02  1.4341172e+02  1.1136177e+02
4.1290034e-01      3532  1.1476064e+02  1.1570525e+02  8.5992534e+01
4.6319578e-01      4702  9.2737133e+01  9.0973374e+01  6.3422677e+01
5.1570195e-01      6019  7.8410275e+01  7.9289364e+01  5.3067066e+01
5.7047444e-01      7766  6.5275849e+01  6.5208582e+01  4.0586008e+01
6.2844883e-01     10012  5.6892624e+01  5.5993812e+01  3.2094422e+01
6.8955465e-01     12589  4.8680654e+01  4.8824694e+01  2.6784864e+01
7.5323141e-01     15650  4.2302022e+01  4.2662835e+01  2.1765463e+01
8.2032763e-01     19757  3.6502682e+01  3.6387640e+01  1.7436603e+01
8.9088605e-01     24241  3.2572477e+01  3.2242319e+01  1.4267262e+01
9.6481958e-01     29993  2.8690338e+01  2.8456709e+01  1.1889694e+01
1.0423453e+00     36494  2.5529772e+01  2.5389555e+01  9.9170159e+00
1.1237267e+00     44825  2.3100205e+01  2.3001336e+01  8.2952931e+00
1.2089588e+00     53906  2.0836928e+01  2.0779406e+01  6.9553483e+00
1.2983336e+00     65729  1.8846309e+01  1.8793062e+01  5.8423547e+00
1.3921058e+00     78746  1.7150116e+01  1.7095990e+01  4.9212075e+00
1.4900211e+00     94374  1.5567443e+01  1.5519156e+01  4.1602611e+00
1.5921784e+00    112166  1.4271254e+01  1.4259330e+01  3.5371677e+00
1.6991083e+00    134373  1.3064659e+01  1.3066330e+01  3.0186933e+00
1.8110248e+00    159077  1.2040385e+01  1.2024280e+01  2.5731809e+00
1.9277595e+00    188172  1.1098891e+01  1.1085179e+01  2.2027965e+00
2.0497441e+00    222492  1.0305830e+01  1.0301455e+01  1.8910167e+00
2.1771282e+00    261771  9.5484526e+00  9.5401943e+00  1.6250531e+00
2.3098450e+00    306759  8.8348372e+00  8.8280165e+00  1.4005926e+00
2.4484375e+00    360898  8.2022104e+00  8.1952732e+00  1.2093009e+00
2.5937215e+00    425046  7.6252073e+00  7.6188508e+00  1.0454981e+00
2.7470320e+00    505555  7.0821057e+00  7.0758391e+00  9.0394065e-01
2.9094444e+00    600292  6.5792648e+00  6.5733571e+00  7.8120045e-01
3.0813867e+00    712930  6.1112890e+00  6.1058779e+00  6.7499436e-01
3.2634403e+00    846715  5.6588608e+00  5.6538274e+00  5.8300179e-01
3.4562097e+00   1005596  5.2416139e+00  5.2370039e+00  5.0341483e-01
3.6603648e+00   1194719  4.8493479e+00  4.8450509e+00  4.3454994e-01
3.8766358e+00   1419743  4.4664175e+00  4.4624035e+00  3.7493482e-01
4.1057220e+00   1686576  4.1140951e+00  4.1104022e+00  3.2341855e-01
4.3483372e+00   2003484  3.7765178e+00  3.7731141e+00  2.7887130e-01
4.6052142e+00   2378778  3.4635908e+00  3.4604505e+00  2.4039445e-01
4.8773359e+00   2828400  3.1698299e+00  3.1669384e+00  2.0716203e-01
5.1655179e+00   3356890  2.8948669e+00  2.8922247e+00  1.7847310e-01
5.4707002e+00   3990317  2.6338205e+00  2.6314168e+00  1.5372062e-01
5.7939476e+00   4738457  2.3980199e+00  2.3957904e+00  1.3235528e-01
6.1362572e+00   5629661  2.1798694e+00  2.1778872e+00  1.1392836e-01
6.4988210e+00   6687903  1.9815703e+00  1.9797198e+00  9.8035625e-02
6.8828355e+00   7945758  1.7991372e+00  1.7974696e+00  8.4341069e-02
7.2895050e+00   9436555  1.6295026e+00  1.6279941e+00  7.2538932e-02
7.7201584e+00  11210320  1.4730573e+00  1.4716564e+00  6.2376442e-02
8.1762927e+00  13318613  1.3334379e+00  1.3321747e+00  5.3618184e-02
8.6593661e+00  15819192  1.2071954e+00  1.2060678e+00  4.6082599e-02
9.1709925e+00  18795348  1.0897779e+00  1.0887369e+00  3.9593685e-02
9.7128705e+00  22326034  9.8320226e-01  9.8226427e-01  3.4012475e-02
1.0286736e+01  26520842  8.8708282e-01  8.8621460e-01  2.9208845e-02
1.0894484e+01  31503438  7.9952936e-01  7.9876591e-01  2.5086768e-02
1.1538156e+01  37426927  7.2103831e-01  7.2034743e-01  2.1541213e-02
1.2220385e+01  44525830  6.5036554e-01  6.4973867e-01  1.8490299e-02
