# Power spectrum from CO𝘕CEPT job 4559670 at t = 2.1444136 Gyr, a = 0.25
#
# Components:
#   0: matter  (upstream grid size 1024)
#
#                           grid size 1024
# ╭────────────────────────────────────────────────────────────────╮
#                         component 0    (corrected)      (linear)
#                        σ₈ = 2.38e-01  σ₈ = 2.37e-01  σ₈ = 2.35e-01
#  k [Mpc⁻¹]    modes       P [Mpc³]       P [Mpc³]       P [Mpc³]
2.4543693e-02         3  4.9855212e+03  4.9855212e+03  5.0161046e+03
4.6570361e-02        25  2.6402855e+03  2.6799187e+03  2.6855344e+03
8.3521561e-02       124  1.1572134e+03  1.1313061e+03  1.1479168e+03
1.3383638e-01       418  5.2817277e+02  5.2213196e+02  5.0483911e+02
1.8592088e-01       730  2.8361197e+02  2.8999716e+02  2.8789481e+02
2.3260504e-01      1012  1.8995824e+02  1.8862194e+02  1.7110713e+02
2.7635505e-01      1408  1.4076612e+02  1.4094302e+02  1.2522309e+02
3.1919121e-01      1841  1.0317325e+02  1.0260035e+02  8.8738315e+01
3.6464415e-01      2698  8.0684617e+01  8.0172093e+01  6.7936897e+01
4.1290034e-01      3532  6.2851171e+01  6.3368509e+01  5.2460258e+01
4.6319578e-01      4702  4.9612530e+01  4.8668954e+01  3.8691388e+01
5.1570195e-01      6019  4.1726058e+01  4.2193865e+01  3.2373889e+01
5.7047444e-01      7766  3.4085805e+01  3.4050680e+01  2.4759746e+01
6.2844883e-01     10012  2.9095573e+01  2.8635910e+01  1.9579403e+01
6.8955465e-01     12589  2.4193069e+01  2.4264653e+01  1.6340276e+01
7.5323141e-01     15650  2.0689012e+01  2.0865478e+01  1.3278160e+01
8.2032763e-01     19757  1.7690673e+01  1.7634919e+01  1.0637312e+01
8.9088605e-01     24241  1.5368533e+01  1.5212756e+01  8.7038362e+00
9.6481958e-01     29993  1.3348714e+01  1.3240014e+01  7.2533860e+00
1.0423453e+00     36494  1.1593525e+01  1.1529850e+01  6.0499415e+00
1.1237267e+00     44825  1.0240720e+01  1.0196889e+01  5.0605994e+00
1.2089588e+00     53906  9.0819398e+00  9.0568685e+00  4.2431576e+00
1.2983336e+00     65729  8.0541214e+00  8.0313659e+00  3.5641688e+00
1.3921058e+00     78746  7.1943328e+00  7.1716273e+00  3.0022171e+00
1.4900211e+00     94374  6.4322566e+00  6.4123052e+00  2.5379969e+00
1.5921784e+00    112166  5.7854036e+00  5.7805695e+00  2.1578748e+00
1.6991083e+00    134373  5.2096499e+00  5.2103162e+00  1.8415761e+00
1.8110248e+00    159077  4.7373661e+00  4.7310292e+00  1.5697884e+00
1.9277595e+00    188172  4.3125574e+00  4.3072298e+00  1.3438330e+00
2.0497441e+00    222492  3.9338862e+00  3.9322161e+00  1.1536296e+00
2.1771282e+00    261771  3.5992263e+00  3.5961134e+00  9.9137679e-01
2.3098450e+00    306759  3.2971969e+00  3.2946514e+00  8.5444319e-01
2.4484375e+00    360898  3.0430236e+00  3.0404499e+00  7.3774441e-01
2.5937215e+00    425046  2.8063416e+00  2.8040022e+00  6.3781536e-01
2.7470320e+00    505555  2.5868346e+00  2.5845457e+00  5.5145729e-01
2.9094444e+00    600292  2.3817225e+00  2.3795839e+00  4.7657878e-01
3.0813867e+00    712930  2.1993710e+00  2.1974236e+00  4.1178701e-01
3.2634403e+00    846715  2.0360174e+00  2.0342064e+00  3.5566629e-01
3.4562097e+00   1005596  1.8874533e+00  1.8857933e+00  3.0711368e-01
3.6603648e+00   1194719  1.7487219e+00  1.7471723e+00  2.6510216e-01
3.8766358e+00   1419743  1.6122067e+00  1.6107578e+00  2.2873351e-01
4.1057220e+00   1686576  1.4902419e+00  1.4889042e+00  1.9730561e-01
4.3483372e+00   2003484  1.3724244e+00  1.3711875e+00  1.7012921e-01
4.6052142e+00   2378778  1.2677344e+00  1.2665850e+00  1.4665610e-01
4.8773359e+00   2828400  1.1679765e+00  1.1669111e+00  1.2638239e-01
5.1655179e+00   3356890  1.0786478e+00  1.0776633e+00  1.0888046e-01
5.4707002e+00   3990317  9.9455971e-01  9.9365208e-01  9.3779992e-02
5.7939476e+00   4738457  9.1803433e-01  9.1718084e-01  8.0745875e-02
6.1362572e+00   5629661  8.4804045e-01  8.4726932e-01  6.9504353e-02
6.4988210e+00   6687903  7.8474836e-01  7.8401552e-01  5.9808836e-02
6.8828355e+00   7945758  7.2848082e-01  7.2780561e-01  5.1454330e-02
7.2895050e+00   9436555  6.7813122e-01  6.7750342e-01  4.4254308e-02
7.7201584e+00  11210320  6.3200888e-01  6.3140782e-01  3.8054564e-02
8.1762927e+00  13318613  5.9036786e-01  5.8980859e-01  3.2711483e-02
8.6593661e+00  15819192  5.5231627e-01  5.5180034e-01  2.8114303e-02
9.1709925e+00  18795348  5.1605497e-01  5.1556203e-01  2.4155651e-02
9.7128705e+00  22326034  4.8098985e-01  4.8053098e-01  2.0750752e-02
1.0286736e+01  26520842  4.4810422e-01  4.4766564e-01  1.7820222e-02
1.0894484e+01  31503438  4.1710586e-01  4.1670758e-01  1.5305481e-02
1.1538156e+01  37426927  3.8749864e-01  3.8712735e-01  1.3142450e-02
1.2220385e+01  44525830  3.5981825e-01  3.5947143e-01  1.1281179e-02
