# Power spectrum from CO𝘕CEPT job 4559670 at t = 2.8501215 Gyr, a = 0.3030303
#
# Components:
#   0: matter  (upstream grid size 1024)
#
#                           grid size 1024
# ╭────────────────────────────────────────────────────────────────╮
#                         component 0    (corrected)      (linear)
#                        σ₈ = 2.88e-01  σ₈ = 2.87e-01  σ₈ = 2.83e-01
#  k [Mpc⁻¹]    modes       P [Mpc³]       P [Mpc³]       P [Mpc³]
2.4543693e-02         3  7.2350362e+03  7.2350362e+03  7.2915887e+03
4.6570361e-02        25  3.8338025e+03  3.8913515e+03  3.9035303e+03
8.3521561e-02       124  1.6816359e+03  1.6439880e+03  1.6685043e+03
1.3383638e-01       418  7.7527274e+02  7.6640580e+02  7.3378176e+02
1.8592088e-01       730  4.1826731e+02  4.2768411e+02  4.1845310e+02
2.3260504e-01      1012  2.8503626e+02  2.8303111e+02  2.4870281e+02
2.7635505e-01      1408  2.1281669e+02  2.1308414e+02  1.8201065e+02
3.1919121e-01      1841  1.5910354e+02  1.5822007e+02  1.2898031e+02
3.6464415e-01      2698  1.2496560e+02  1.2417179e+02  9.8745626e+01
4.1290034e-01      3532  9.8733423e+01  9.9546114e+01  7.6250468e+01
4.6319578e-01      4702  7.9321320e+01  7.7812715e+01  5.6237545e+01
5.1570195e-01      6019  6.6990173e+01  6.7741227e+01  4.7055119e+01
5.7047444e-01      7766  5.5473474e+01  5.5416309e+01  3.5988036e+01
6.2844883e-01     10012  4.8123836e+01  4.7363556e+01  2.8458459e+01
6.8955465e-01     12589  4.0852906e+01  4.0973785e+01  2.3750419e+01
7.5323141e-01     15650  3.5324513e+01  3.5625813e+01  1.9299664e+01
8.2032763e-01     19757  3.0420127e+01  3.0324254e+01  1.5461219e+01
8.9088605e-01     24241  2.6959178e+01  2.6685917e+01  1.2650932e+01
9.6481958e-01     29993  2.3684227e+01  2.3491363e+01  1.0542717e+01
1.0423453e+00     36494  2.0934645e+01  2.0819665e+01  8.7935230e+00
1.1237267e+00     44825  1.8846472e+01  1.8765809e+01  7.3555244e+00
1.2089588e+00     53906  1.6911854e+01  1.6865168e+01  6.1673813e+00
1.2983336e+00     65729  1.5240411e+01  1.5197352e+01  5.1804783e+00
1.3921058e+00     78746  1.3803175e+01  1.3759612e+01  4.3636874e+00
1.4900211e+00     94374  1.2477414e+01  1.2438712e+01  3.6889482e+00
1.5921784e+00    112166  1.1401405e+01  1.1391878e+01  3.1364448e+00
1.6991083e+00    134373  1.0402432e+01  1.0403762e+01  2.6767081e+00
1.8110248e+00    159077  9.5606223e+00  9.5478337e+00  2.2816675e+00
1.9277595e+00    188172  8.7849058e+00  8.7740531e+00  1.9532438e+00
2.0497441e+00    222492  8.1476222e+00  8.1441633e+00  1.6767853e+00
2.1771282e+00    261771  7.5146256e+00  7.5081263e+00  1.4409526e+00
2.3098450e+00    306759  6.9483102e+00  6.9429459e+00  1.2419211e+00
2.4484375e+00    360898  6.4425475e+00  6.4370986e+00  1.0723007e+00
2.5937215e+00    425046  5.9935301e+00  5.9885338e+00  9.2705500e-01
2.7470320e+00    505555  5.5675731e+00  5.5626467e+00  8.0153454e-01
2.9094444e+00    600292  5.1762140e+00  5.1715662e+00  6.9269949e-01
3.0813867e+00    712930  4.7940342e+00  4.7897894e+00  5.9852542e-01
3.2634403e+00    846715  4.4471523e+00  4.4431967e+00  5.1695462e-01
3.4562097e+00   1005596  4.1184678e+00  4.1148457e+00  4.4638400e-01
3.6603648e+00   1194719  3.8090062e+00  3.8056310e+00  3.8532076e-01
3.8766358e+00   1419743  3.5204702e+00  3.5173063e+00  3.3245938e-01
4.1057220e+00   1686576  3.2417920e+00  3.2388821e+00  2.8677934e-01
4.3483372e+00   2003484  2.9878754e+00  2.9851825e+00  2.4727881e-01
4.6052142e+00   2378778  2.7516687e+00  2.7491739e+00  2.1316096e-01
4.8773359e+00   2828400  2.5265501e+00  2.5242453e+00  1.8369340e-01
5.1655179e+00   3356890  2.3195705e+00  2.3174533e+00  1.5825460e-01
5.4707002e+00   3990317  2.1179028e+00  2.1159701e+00  1.3630630e-01
5.7939476e+00   4738457  1.9393482e+00  1.9375452e+00  1.1736141e-01
6.1362572e+00   5629661  1.7718302e+00  1.7702191e+00  1.0102204e-01
6.4988210e+00   6687903  1.6188102e+00  1.6172985e+00  8.6929769e-02
6.8828355e+00   7945758  1.4761010e+00  1.4747329e+00  7.4786643e-02
7.2895050e+00   9436555  1.3441992e+00  1.3429548e+00  6.4321545e-02
7.7201584e+00  11210320  1.2248072e+00  1.2236423e+00  5.5310341e-02
8.1762927e+00  13318613  1.1150810e+00  1.1140246e+00  4.7544284e-02
8.6593661e+00  15819192  1.0143070e+00  1.0133595e+00  4.0862385e-02
9.1709925e+00  18795348  9.2083917e-01  9.1995957e-01  3.5108581e-02
9.7128705e+00  22326034  8.3538583e-01  8.3458886e-01  3.0159647e-02
1.0286736e+01  26520842  7.5682545e-01  7.5608471e-01  2.5900202e-02
1.0894484e+01  31503438  6.8583630e-01  6.8518142e-01  2.2245098e-02
1.1538156e+01  37426927  6.2148113e-01  6.2088565e-01  1.9101203e-02
1.2220385e+01  44525830  5.6329495e-01  5.6275201e-01  1.6395911e-02
