# Power spectrum from CO𝘕CEPT job 4559670 at t = 10.261595 Gyr, a = 0.76923077
#
# Components:
#   0: matter  (upstream grid size 1024)
#
#                           grid size 1024
# ╭────────────────────────────────────────────────────────────────╮
#                         component 0    (corrected)      (linear)
#                        σ₈ = 6.79e-01  σ₈ = 6.78e-01  σ₈ = 6.32e-01
#  k [Mpc⁻¹]    modes       P [Mpc³]       P [Mpc³]       P [Mpc³]
2.4543693e-02         3  3.5477035e+04  3.5477035e+04  3.6328466e+04
4.6570361e-02        25  1.8818534e+04  1.9101018e+04  1.9440564e+04
8.3521561e-02       124  8.6603392e+03  8.4664545e+03  8.3083004e+03
1.3383638e-01       418  4.2259695e+03  4.1776363e+03  3.6536788e+03
1.8592088e-01       730  2.4623433e+03  2.5177800e+03  2.0835468e+03
2.3260504e-01      1012  1.8286535e+03  1.8157895e+03  1.2383243e+03
2.7635505e-01      1408  1.4842918e+03  1.4861571e+03  9.0625212e+02
3.1919121e-01      1841  1.2737588e+03  1.2666858e+03  6.4220662e+02
3.6464415e-01      2698  1.0259649e+03  1.0194477e+03  4.9166418e+02
4.1290034e-01      3532  9.1158274e+02  9.1908613e+02  3.7965816e+02
4.6319578e-01      4702  7.9415795e+02  7.7905393e+02  2.8001173e+02
5.1570195e-01      6019  7.1757339e+02  7.2561839e+02  2.3429146e+02
5.7047444e-01      7766  6.4917305e+02  6.4850409e+02  1.7918741e+02
6.2844883e-01     10012  5.7854135e+02  5.6940132e+02  1.4169696e+02
6.8955465e-01     12589  5.2618046e+02  5.2773736e+02  1.1825520e+02
7.5323141e-01     15650  4.8566857e+02  4.8981106e+02  9.6094510e+01
8.2032763e-01     19757  4.4899904e+02  4.4758397e+02  7.6982569e+01
8.9088605e-01     24241  4.1201785e+02  4.0784160e+02  6.2989915e+01
9.6481958e-01     29993  3.7277421e+02  3.6973867e+02  5.2492941e+01
1.0423453e+00     36494  3.4541130e+02  3.4351419e+02  4.3783563e+01
1.1237267e+00     44825  3.1388907e+02  3.1254563e+02  3.6623654e+01
1.2089588e+00     53906  2.8881944e+02  2.8802214e+02  3.0707796e+01
1.2983336e+00     65729  2.6700596e+02  2.6625158e+02  2.5793930e+01
1.3921058e+00     78746  2.4477007e+02  2.4399757e+02  2.1727066e+01
1.4900211e+00     94374  2.2280503e+02  2.2211394e+02  1.8367489e+01
1.5921784e+00    112166  2.0268224e+02  2.0251288e+02  1.5616532e+01
1.6991083e+00    134373  1.8413264e+02  1.8415619e+02  1.3327469e+01
1.8110248e+00    159077  1.6822065e+02  1.6799563e+02  1.1360534e+01
1.9277595e+00    188172  1.5347260e+02  1.5328300e+02  9.7252887e+00
2.0497441e+00    222492  1.3943190e+02  1.3937270e+02  8.3487821e+00
2.1771282e+00    261771  1.2640045e+02  1.2629113e+02  7.1745546e+00
2.3098450e+00    306759  1.1488302e+02  1.1479433e+02  6.1835633e+00
2.4484375e+00    360898  1.0396006e+02  1.0387213e+02  5.3390121e+00
2.5937215e+00    425046  9.4142838e+01  9.4064359e+01  4.6158240e+00
2.7470320e+00    505555  8.5254003e+01  8.5178566e+01  3.9908496e+00
2.9094444e+00    600292  7.7023247e+01  7.6954085e+01  3.4489532e+00
3.0813867e+00    712930  6.9269286e+01  6.9207952e+01  2.9800548e+00
3.2634403e+00    846715  6.2601825e+01  6.2546142e+01  2.5739090e+00
3.4562097e+00   1005596  5.6340909e+01  5.6291357e+01  2.2225340e+00
3.6603648e+00   1194719  5.0542615e+01  5.0497829e+01  1.9184969e+00
3.8766358e+00   1419743  4.5359165e+01  4.5318399e+01  1.6552976e+00
4.1057220e+00   1686576  4.0694961e+01  4.0658433e+01  1.4278545e+00
4.3483372e+00   2003484  3.6375236e+01  3.6342452e+01  1.2311797e+00
4.6052142e+00   2378778  3.2394929e+01  3.2365559e+01  1.0613057e+00
4.8773359e+00   2828400  2.8953187e+01  2.8926775e+01  9.1458574e-01
5.1655179e+00   3356890  2.5818781e+01  2.5795215e+01  7.8792532e-01
5.4707002e+00   3990317  2.3016657e+01  2.2995652e+01  6.7864424e-01
5.7939476e+00   4738457  2.0581034e+01  2.0561900e+01  5.8431742e-01
6.1362572e+00   5629661  1.8325020e+01  1.8308357e+01  5.0296363e-01
6.4988210e+00   6687903  1.6343662e+01  1.6328400e+01  4.3279828e-01
6.8828355e+00   7945758  1.4525103e+01  1.4511640e+01  3.7233783e-01
7.2895050e+00   9436555  1.2910407e+01  1.2898455e+01  3.2023240e-01
7.7201584e+00  11210320  1.1465318e+01  1.1454414e+01  2.7536597e-01
8.1762927e+00  13318613  1.0163651e+01  1.0154023e+01  2.3669920e-01
8.6593661e+00  15819192  9.0100660e+00  9.0016495e+00  2.0343051e-01
9.1709925e+00  18795348  7.9677537e+00  7.9601428e+00  1.7478284e-01
9.7128705e+00  22326034  7.0484393e+00  7.0417150e+00  1.5014266e-01
1.0286736e+01  26520842  6.2213772e+00  6.2152880e+00  1.2893545e-01
1.0894484e+01  31503438  5.4978661e+00  5.4926163e+00  1.1073728e-01
1.1538156e+01  37426927  4.8474722e+00  4.8428275e+00  9.5084419e-02
1.2220385e+01  44525830  4.2702739e+00  4.2661579e+00  8.1615392e-02
