# Power spectrum from CO𝘕CEPT job 4559670 at t = 8.5934117 Gyr, a = 0.66666667
#
# Components:
#   0: matter  (upstream grid size 1024)
#
#                           grid size 1024
# ╭────────────────────────────────────────────────────────────────╮
#                         component 0    (corrected)      (linear)
#                        σ₈ = 6.05e-01  σ₈ = 6.04e-01  σ₈ = 5.70e-01
#  k [Mpc⁻¹]    modes       P [Mpc³]       P [Mpc³]       P [Mpc³]
2.4543693e-02         3  2.8978561e+04  2.8978561e+04  2.9576408e+04
4.6570361e-02        25  1.5376381e+04  1.5607195e+04  1.5828311e+04
8.3521561e-02       124  6.9753397e+03  6.8191782e+03  6.7647096e+03
1.3383638e-01       418  3.3725007e+03  3.3339287e+03  2.9748914e+03
1.8592088e-01       730  1.9358515e+03  1.9794349e+03  1.6964664e+03
2.3260504e-01      1012  1.4227490e+03  1.4127404e+03  1.0082701e+03
2.7635505e-01      1408  1.1376479e+03  1.1390776e+03  7.3789031e+02
3.1919121e-01      1841  9.5366417e+02  9.4836866e+02  5.2289888e+02
3.6464415e-01      2698  7.6260635e+02  7.5776212e+02  4.0032400e+02
4.1290034e-01      3532  6.7383764e+02  6.7938411e+02  3.0912625e+02
4.6319578e-01      4702  5.8478253e+02  5.7366060e+02  2.2799190e+02
5.1570195e-01      6019  5.1906742e+02  5.2488690e+02  1.9076544e+02
5.7047444e-01      7766  4.5962232e+02  4.5914868e+02  1.4589849e+02
6.2844883e-01     10012  4.0675835e+02  4.0033221e+02  1.1537291e+02
6.8955465e-01     12589  3.7040577e+02  3.7150175e+02  9.6286104e+01
7.5323141e-01     15650  3.4241592e+02  3.4533655e+02  7.8242361e+01
8.2032763e-01     19757  3.0881967e+02  3.0784639e+02  6.2680982e+01
8.9088605e-01     24241  2.8032909e+02  2.7748764e+02  5.1287843e+01
9.6481958e-01     29993  2.5900723e+02  2.5689810e+02  4.2740967e+01
1.0423453e+00     36494  2.3510351e+02  2.3381225e+02  3.5649591e+01
1.1237267e+00     44825  2.1533168e+02  2.1441007e+02  2.9819829e+01
1.2089588e+00     53906  2.0123489e+02  2.0067936e+02  2.5003002e+01
1.2983336e+00     65729  1.8401640e+02  1.8349649e+02  2.1002018e+01
1.3921058e+00     78746  1.6851537e+02  1.6798353e+02  1.7690684e+01
1.4900211e+00     94374  1.5404797e+02  1.5357015e+02  1.4955239e+01
1.5921784e+00    112166  1.4089269e+02  1.4077497e+02  1.2715347e+01
1.6991083e+00    134373  1.2915799e+02  1.2917451e+02  1.0851539e+01
1.8110248e+00    159077  1.1793464e+02  1.1777689e+02  9.2500141e+00
1.9277595e+00    188172  1.0740297e+02  1.0727028e+02  7.9185597e+00
2.0497441e+00    222492  9.7376896e+01  9.7335556e+01  6.7977761e+00
2.1771282e+00    261771  8.8856179e+01  8.8779329e+01  5.8416929e+00
2.3098450e+00    306759  8.1339305e+01  8.1276510e+01  5.0348048e+00
2.4484375e+00    360898  7.3762632e+01  7.3700246e+01  4.3471516e+00
2.5937215e+00    425046  6.7262715e+01  6.7206644e+01  3.7583150e+00
2.7470320e+00    505555  6.0876923e+01  6.0823056e+01  3.2494463e+00
2.9094444e+00    600292  5.5131917e+01  5.5082412e+01  2.8082216e+00
3.0813867e+00    712930  4.9899601e+01  4.9855418e+01  2.4264335e+00
3.2634403e+00    846715  4.4950335e+01  4.4910352e+01  2.0957402e+00
3.4562097e+00   1005596  4.0662247e+01  4.0626485e+01  1.8096424e+00
3.6603648e+00   1194719  3.6469629e+01  3.6437313e+01  1.5620882e+00
3.8766358e+00   1419743  3.2785761e+01  3.2756296e+01  1.3477851e+00
4.1057220e+00   1686576  2.9348573e+01  2.9322229e+01  1.1625956e+00
4.3483372e+00   2003484  2.6298716e+01  2.6275013e+01  1.0024583e+00
4.6052142e+00   2378778  2.3579195e+01  2.3557817e+01  8.6414286e-01
4.8773359e+00   2828400  2.1095575e+01  2.1076331e+01  7.4468000e-01
5.1655179e+00   3356890  1.8860739e+01  1.8843524e+01  6.4155005e-01
5.4707002e+00   3990317  1.6839668e+01  1.6824300e+01  5.5257078e-01
5.7939476e+00   4738457  1.5023539e+01  1.5009572e+01  4.7576760e-01
6.1362572e+00   5629661  1.3409944e+01  1.3397750e+01  4.0952736e-01
6.4988210e+00   6687903  1.1949118e+01  1.1937959e+01  3.5239702e-01
6.8828355e+00   7945758  1.0622412e+01  1.0612567e+01  3.0316863e-01
7.2895050e+00   9436555  9.4448076e+00  9.4360639e+00  2.6074309e-01
7.7201584e+00  11210320  8.3839776e+00  8.3760041e+00  2.2421172e-01
8.1762927e+00  13318613  7.4526275e+00  7.4455675e+00  1.9272826e-01
8.6593661e+00  15819192  6.6056578e+00  6.5994873e+00  1.6564004e-01
9.1709925e+00  18795348  5.8507034e+00  5.8451147e+00  1.4231437e-01
9.7128705e+00  22326034  5.1692100e+00  5.1642785e+00  1.2225168e-01
1.0286736e+01  26520842  4.5742124e+00  4.5697354e+00  1.0498421e-01
1.0894484e+01  31503438  4.0431447e+00  4.0392841e+00  9.0166763e-02
1.1538156e+01  37426927  3.5718233e+00  3.5684009e+00  7.7421775e-02
1.2220385e+01  44525830  3.1523106e+00  3.1492722e+00  6.6454912e-02
