# Power spectrum from CO𝘕CEPT job 4559670 at t = 4.270349 Gyr, a = 0.4
#
# Components:
#   0: matter  (upstream grid size 1024)
#
#                           grid size 1024
# ╭────────────────────────────────────────────────────────────────╮
#                         component 0    (corrected)      (linear)
#                        σ₈ = 3.79e-01  σ₈ = 3.78e-01  σ₈ = 3.68e-01
#  k [Mpc⁻¹]    modes       P [Mpc³]       P [Mpc³]       P [Mpc³]
2.4543693e-02         3  1.2210091e+04  1.2210091e+04  1.2346036e+04
4.6570361e-02        25  6.4753292e+03  6.5725299e+03  6.6086924e+03
8.3521561e-02       124  2.8530857e+03  2.7892118e+03  2.8246739e+03
1.3383638e-01       418  1.3368496e+03  1.3215598e+03  1.2422317e+03
1.8592088e-01       730  7.3165378e+02  7.4812609e+02  7.0840368e+02
2.3260504e-01      1012  5.1218519e+02  5.0858212e+02  4.2103097e+02
2.7635505e-01      1408  3.8836649e+02  3.8885455e+02  3.0812703e+02
3.1919121e-01      1841  3.0119739e+02  2.9952490e+02  2.1835152e+02
3.6464415e-01      2698  2.3781928e+02  2.3630861e+02  1.6716698e+02
4.1290034e-01      3532  1.9490616e+02  1.9651047e+02  1.2908478e+02
4.6319578e-01      4702  1.6028700e+02  1.5723852e+02  9.5204784e+01
5.1570195e-01      6019  1.3597800e+02  1.3750251e+02  7.9659801e+01
5.7047444e-01      7766  1.1525708e+02  1.1513831e+02  6.0924284e+01
6.2844883e-01     10012  1.0212211e+02  1.0050874e+02  4.8177428e+01
6.8955465e-01     12589  8.9480951e+01  8.9745714e+01  4.0207166e+01
7.5323141e-01     15650  7.9391870e+01  8.0069040e+01  3.2672464e+01
8.2032763e-01     19757  6.9151249e+01  6.8933310e+01  2.6174345e+01
8.9088605e-01     24241  6.3017115e+01  6.2378367e+01  2.1416798e+01
9.6481958e-01     29993  5.5924761e+01  5.5469359e+01  1.7847794e+01
1.0423453e+00     36494  5.0950831e+01  5.0670993e+01  1.4886577e+01
1.1237267e+00     44825  4.6349032e+01  4.6150659e+01  1.2452184e+01
1.2089588e+00     53906  4.2706875e+01  4.2588979e+01  1.0440772e+01
1.2983336e+00     65729  3.9006259e+01  3.8896053e+01  8.7700406e+00
1.3921058e+00     78746  3.5936731e+01  3.5823314e+01  7.3872926e+00
1.4900211e+00     94374  3.2946593e+01  3.2844400e+01  6.2450245e+00
1.5921784e+00    112166  3.0737695e+01  3.0712012e+01  5.3096897e+00
1.6991083e+00    134373  2.8164144e+01  2.8167747e+01  4.5314000e+00
1.8110248e+00    159077  2.6087157e+01  2.6052262e+01  3.8626347e+00
1.9277595e+00    188172  2.4139888e+01  2.4110066e+01  3.3066453e+00
2.0497441e+00    222492  2.2309500e+01  2.2300028e+01  2.8386280e+00
2.1771282e+00    261771  2.0744577e+01  2.0726636e+01  2.4393862e+00
2.3098450e+00    306759  1.9246447e+01  1.9231588e+01  2.1024453e+00
2.4484375e+00    360898  1.7797177e+01  1.7782125e+01  1.8152946e+00
2.5937215e+00    425046  1.6519512e+01  1.6505741e+01  1.5694078e+00
2.7470320e+00    505555  1.5300538e+01  1.5286999e+01  1.3569140e+00
2.9094444e+00    600292  1.4100005e+01  1.4087344e+01  1.1726670e+00
3.0813867e+00    712930  1.2992556e+01  1.2981052e+01  1.0132395e+00
3.2634403e+00    846715  1.1936905e+01  1.1926288e+01  8.7514825e-01
3.4562097e+00   1005596  1.0948600e+01  1.0938971e+01  7.5567919e-01
3.6603648e+00   1194719  1.0011203e+01  1.0002332e+01  6.5230521e-01
3.8766358e+00   1419743  9.1605082e+00  9.1522755e+00  5.6281619e-01
4.1057220e+00   1686576  8.3497547e+00  8.3422598e+00  4.8548447e-01
4.3483372e+00   2003484  7.5721485e+00  7.5653239e+00  4.1861405e-01
4.6052142e+00   2378778  6.8750284e+00  6.8687952e+00  3.6085599e-01
4.8773359e+00   2828400  6.2221181e+00  6.2164422e+00  3.1097043e-01
5.1655179e+00   3356890  5.6092046e+00  5.6040848e+00  2.6790517e-01
5.4707002e+00   3990317  5.0565590e+00  5.0519444e+00  2.3074895e-01
5.7939476e+00   4738457  4.5413498e+00  4.5371278e+00  1.9867724e-01
6.1362572e+00   5629661  4.0803916e+00  4.0766813e+00  1.7101642e-01
6.4988210e+00   6687903  3.6597181e+00  3.6563005e+00  1.4715971e-01
6.8828355e+00   7945758  3.2772203e+00  3.2741828e+00  1.2660271e-01
7.2895050e+00   9436555  2.9312537e+00  2.9285400e+00  1.0888644e-01
7.7201584e+00  11210320  2.6226727e+00  2.6201784e+00  9.3631478e-02
8.1762927e+00  13318613  2.3435935e+00  2.3413734e+00  8.0484422e-02
8.6593661e+00  15819192  2.0917527e+00  2.0897988e+00  6.9172738e-02
9.1709925e+00  18795348  1.8685365e+00  1.8667517e+00  5.9432224e-02
9.7128705e+00  22326034  1.6662478e+00  1.6646582e+00  5.1054276e-02
1.0286736e+01  26520842  1.4853734e+00  1.4839196e+00  4.3843560e-02
1.0894484e+01  31503438  1.3235563e+00  1.3222925e+00  3.7655931e-02
1.1538156e+01  37426927  1.1795045e+00  1.1783743e+00  3.2333725e-02
1.2220385e+01  44525830  1.0507911e+00  1.0497783e+00  2.7754031e-02
