# Power spectrum from CO𝘕CEPT job 4559670 at t = 2.6133026 Gyr, a = 0.28571429
#
# Components:
#   0: matter  (upstream grid size 1024)
#
#                           grid size 1024
# ╭────────────────────────────────────────────────────────────────╮
#                         component 0    (corrected)      (linear)
#                        σ₈ = 2.72e-01  σ₈ = 2.71e-01  σ₈ = 2.67e-01
#  k [Mpc⁻¹]    modes       P [Mpc³]       P [Mpc³]       P [Mpc³]
2.4543693e-02         3  6.4601091e+03  6.4601091e+03  6.5069748e+03
4.6570361e-02        25  3.4225652e+03  3.4739411e+03  3.4835631e+03
8.3521561e-02       124  1.5006711e+03  1.4670746e+03  1.4890067e+03
1.3383638e-01       418  6.8963146e+02  6.8174402e+02  6.5484301e+02
1.8592088e-01       730  3.7137921e+02  3.7974037e+02  3.7343704e+02
2.3260504e-01      1012  2.5170785e+02  2.4993716e+02  2.2194809e+02
2.7635505e-01      1408  1.8745952e+02  1.8769511e+02  1.6243050e+02
3.1919121e-01      1841  1.3921620e+02  1.3844316e+02  1.1510502e+02
3.6464415e-01      2698  1.0920489e+02  1.0851120e+02  8.8122889e+01
4.1290034e-01      3532  8.5840223e+01  8.6546787e+01  6.8047691e+01
4.6319578e-01      4702  6.8581172e+01  6.7276833e+01  5.0187695e+01
5.1570195e-01      6019  5.7851969e+01  5.8500571e+01  4.1993085e+01
5.7047444e-01      7766  4.7686205e+01  4.7637065e+01  3.2116563e+01
6.2844883e-01     10012  4.1176693e+01  4.0526167e+01  2.5396994e+01
6.8955465e-01     12589  3.4708002e+01  3.4810699e+01  2.1195430e+01
7.5323141e-01     15650  2.9891365e+01  3.0146322e+01  1.7223472e+01
8.2032763e-01     19757  2.5694172e+01  2.5613194e+01  1.3797954e+01
8.9088605e-01     24241  2.2627064e+01  2.2397714e+01  1.1289988e+01
9.6481958e-01     29993  1.9818421e+01  1.9657037e+01  9.4085681e+00
1.0423453e+00     36494  1.7414299e+01  1.7318654e+01  7.8475465e+00
1.1237267e+00     44825  1.5593717e+01  1.5526976e+01  6.5642429e+00
1.2089588e+00     53906  1.3936186e+01  1.3897714e+01  5.5039163e+00
1.2983336e+00     65729  1.2503988e+01  1.2468660e+01  4.6231810e+00
1.3921058e+00     78746  1.1275998e+01  1.1240410e+01  3.8942576e+00
1.4900211e+00     94374  1.0161808e+01  1.0130289e+01  3.2921046e+00
1.5921784e+00    112166  9.2468039e+00  9.2390777e+00  2.7990376e+00
1.6991083e+00    134373  8.4029453e+00  8.4040200e+00  2.3887578e+00
1.8110248e+00    159077  7.6987481e+00  7.6884500e+00  2.0362144e+00
1.9277595e+00    188172  7.0596255e+00  7.0509043e+00  1.7431214e+00
2.0497441e+00    222492  6.5216222e+00  6.5188536e+00  1.4964033e+00
2.1771282e+00    261771  5.9947153e+00  5.9895306e+00  1.2859406e+00
2.3098450e+00    306759  5.5320823e+00  5.5278115e+00  1.1083203e+00
2.4484375e+00    360898  5.1270738e+00  5.1227375e+00  9.5694707e-01
2.5937215e+00    425046  4.7624195e+00  4.7584494e+00  8.2732635e-01
2.7470320e+00    505555  4.4160601e+00  4.4121526e+00  7.1530893e-01
2.9094444e+00    600292  4.0920666e+00  4.0883922e+00  6.1818197e-01
3.0813867e+00    712930  3.7834594e+00  3.7801094e+00  5.3413880e-01
3.2634403e+00    846715  3.5110944e+00  3.5079713e+00  4.6134309e-01
3.4562097e+00   1005596  3.2503966e+00  3.2475379e+00  3.9836420e-01
3.6603648e+00   1194719  3.0102761e+00  3.0076086e+00  3.4386992e-01
3.8766358e+00   1419743  2.7888412e+00  2.7863348e+00  2.9669517e-01
4.1057220e+00   1686576  2.5717402e+00  2.5694317e+00  2.5592921e-01
4.3483372e+00   2003484  2.3789915e+00  2.3768473e+00  2.2067799e-01
4.6052142e+00   2378778  2.1957590e+00  2.1937682e+00  1.9023040e-01
4.8773359e+00   2828400  2.0213874e+00  2.0195435e+00  1.6393284e-01
5.1655179e+00   3356890  1.8607025e+00  1.8590041e+00  1.4123065e-01
5.4707002e+00   3990317  1.7055880e+00  1.7040315e+00  1.2164345e-01
5.7939476e+00   4738457  1.5674029e+00  1.5659457e+00  1.0473657e-01
6.1362572e+00   5629661  1.4365530e+00  1.4352468e+00  9.0154919e-02
6.4988210e+00   6687903  1.3169164e+00  1.3156865e+00  7.7578630e-02
6.8828355e+00   7945758  1.2080037e+00  1.2068840e+00  6.6741804e-02
7.2895050e+00   9436555  1.1082086e+00  1.1071826e+00  5.7402491e-02
7.7201584e+00  11210320  1.0143968e+00  1.0134321e+00  4.9360666e-02
8.1762927e+00  13318613  9.3001905e-01  9.2913802e-01  4.2430040e-02
8.6593661e+00  15819192  8.5148085e-01  8.5068546e-01  3.6466943e-02
9.1709925e+00  18795348  7.7902217e-01  7.7827804e-01  3.1332098e-02
9.7128705e+00  22326034  7.1154656e-01  7.1086774e-01  2.6915540e-02
1.0286736e+01  26520842  6.5013131e-01  6.4949500e-01  2.3114298e-02
1.0894484e+01  31503438  5.9354870e-01  5.9298194e-01  1.9852386e-02
1.1538156e+01  37426927  5.4099842e-01  5.4048005e-01  1.7046687e-02
1.2220385e+01  44525830  4.9338723e-01  4.9291166e-01  1.4632409e-02
