# Power spectrum from CO𝘕CEPT job 4559670 at t = 2.727498 Gyr, a = 0.29411765
#
# Components:
#   0: matter  (upstream grid size 1024)
#
#                           grid size 1024
# ╭────────────────────────────────────────────────────────────────╮
#                         component 0    (corrected)      (linear)
#                        σ₈ = 2.79e-01  σ₈ = 2.79e-01  σ₈ = 2.75e-01
#  k [Mpc⁻¹]    modes       P [Mpc³]       P [Mpc³]       P [Mpc³]
2.4543693e-02         3  6.8314423e+03  6.8314423e+03  6.8828541e+03
4.6570361e-02        25  3.6196139e+03  3.6739477e+03  3.6847552e+03
8.3521561e-02       124  1.5873431e+03  1.5518062e+03  1.5749982e+03
1.3383638e-01       418  7.3060360e+02  7.2224755e+02  6.9266004e+02
1.8592088e-01       730  3.9378163e+02  4.0264716e+02  3.9500280e+02
2.3260504e-01      1012  2.6760488e+02  2.6572236e+02  2.3476542e+02
2.7635505e-01      1408  1.9954100e+02  1.9979177e+02  1.7181073e+02
3.1919121e-01      1841  1.4866622e+02  1.4784071e+02  1.2175223e+02
3.6464415e-01      2698  1.1669232e+02  1.1595106e+02  9.3211905e+01
4.1290034e-01      3532  9.1948448e+01  9.2705290e+01  7.1977381e+01
4.6319578e-01      4702  7.3662139e+01  7.2261165e+01  5.3085986e+01
5.1570195e-01      6019  6.2174538e+01  6.2871602e+01  4.4418145e+01
5.7047444e-01      7766  5.1363022e+01  5.1310093e+01  3.3971263e+01
6.2844883e-01     10012  4.4454653e+01  4.3752340e+01  2.6863645e+01
6.8955465e-01     12589  3.7600079e+01  3.7711333e+01  2.2419444e+01
7.5323141e-01     15650  3.2443382e+01  3.2720107e+01  1.8218110e+01
8.2032763e-01     19757  2.7913400e+01  2.7825428e+01  1.4594772e+01
8.9088605e-01     24241  2.4657694e+01  2.4407761e+01  1.1941973e+01
9.6481958e-01     29993  2.1630708e+01  2.1454566e+01  9.9519029e+00
1.0423453e+00     36494  1.9061216e+01  1.8956526e+01  8.3007338e+00
1.1237267e+00     44825  1.7114301e+01  1.7041052e+01  6.9433208e+00
1.2089588e+00     53906  1.5324636e+01  1.5282332e+01  5.8217613e+00
1.2983336e+00     65729  1.3780943e+01  1.3742007e+01  4.8901644e+00
1.3921058e+00     78746  1.2453787e+01  1.2414483e+01  4.1191466e+00
1.4900211e+00     94374  1.1239300e+01  1.1204439e+01  3.4822198e+00
1.5921784e+00    112166  1.0250112e+01  1.0241547e+01  2.9606787e+00
1.6991083e+00    134373  9.3333816e+00  9.3345753e+00  2.5267056e+00
1.8110248e+00    159077  8.5647250e+00  8.5532685e+00  2.1538032e+00
1.9277595e+00    188172  7.8610790e+00  7.8513676e+00  1.8437844e+00
2.0497441e+00    222492  7.2786900e+00  7.2755999e+00  1.5828186e+00
2.1771282e+00    261771  6.7002124e+00  6.6944175e+00  1.3602020e+00
2.3098450e+00    306759  6.1901810e+00  6.1854021e+00  1.1723242e+00
2.4484375e+00    360898  5.7383116e+00  5.7334583e+00  1.0122094e+00
2.5937215e+00    425046  5.3350336e+00  5.3305862e+00  8.7510320e-01
2.7470320e+00    505555  4.9518767e+00  4.9474950e+00  7.5661690e-01
2.9094444e+00    600292  4.5972134e+00  4.5930855e+00  6.5388096e-01
3.0813867e+00    712930  4.2528391e+00  4.2490734e+00  5.6498440e-01
3.2634403e+00    846715  3.9468432e+00  3.9433326e+00  4.8798482e-01
3.4562097e+00   1005596  3.6528595e+00  3.6496468e+00  4.2136897e-01
3.6603648e+00   1194719  3.3798260e+00  3.3768311e+00  3.6372771e-01
3.8766358e+00   1419743  3.1278043e+00  3.1249933e+00  3.1382868e-01
4.1057220e+00   1686576  2.8818638e+00  2.8792770e+00  2.7070854e-01
4.3483372e+00   2003484  2.6618726e+00  2.6594735e+00  2.3342161e-01
4.6052142e+00   2378778  2.4541612e+00  2.4519361e+00  2.0121571e-01
4.8773359e+00   2828400  2.2564030e+00  2.2543447e+00  1.7339951e-01
5.1655179e+00   3356890  2.0749819e+00  2.0730880e+00  1.4938630e-01
5.4707002e+00   3990317  1.8982510e+00  1.8965186e+00  1.2866796e-01
5.7939476e+00   4738457  1.7416709e+00  1.7400516e+00  1.1078474e-01
6.1362572e+00   5629661  1.5940293e+00  1.5925798e+00  9.5361018e-02
6.4988210e+00   6687903  1.4585164e+00  1.4571544e+00  8.2058471e-02
6.8828355e+00   7945758  1.3333054e+00  1.3320696e+00  7.0595838e-02
7.2895050e+00   9436555  1.2194089e+00  1.2182800e+00  6.0717197e-02
7.7201584e+00  11210320  1.1137584e+00  1.1126992e+00  5.2210972e-02
8.1762927e+00  13318613  1.0173638e+00  1.0164000e+00  4.4880118e-02
8.6593661e+00  15819192  9.2851210e-01  9.2764475e-01  3.8572665e-02
9.1709925e+00  18795348  8.4583714e-01  8.4502919e-01  3.3141297e-02
9.7128705e+00  22326034  7.6972413e-01  7.6898980e-01  2.8469694e-02
1.0286736e+01  26520842  7.0029372e-01  6.9960832e-01  2.4448941e-02
1.0894484e+01  31503438  6.3739823e-01  6.3678960e-01  2.0998663e-02
1.1538156e+01  37426927  5.7916376e-01  5.7860882e-01  1.8030945e-02
1.2220385e+01  44525830  5.2649647e-01  5.2598900e-01  1.5477251e-02
