# Power spectrum from CO𝘕CEPT job 4559670 at t = 5.469032 Gyr, a = 0.47619048
#
# Components:
#   0: matter  (upstream grid size 1024)
#
#                           grid size 1024
# ╭────────────────────────────────────────────────────────────────╮
#                         component 0    (corrected)      (linear)
#                        σ₈ = 4.48e-01  σ₈ = 4.47e-01  σ₈ = 4.31e-01
#  k [Mpc⁻¹]    modes       P [Mpc³]       P [Mpc³]       P [Mpc³]
2.4543693e-02         3  1.6715756e+04  1.6715756e+04  1.6947568e+04
4.6570361e-02        25  8.8683906e+03  9.0015134e+03  9.0711560e+03
8.3521561e-02       124  3.9316980e+03  3.8436765e+03  3.8770658e+03
1.3383638e-01       418  1.8619385e+03  1.8406431e+03  1.7050362e+03
1.8592088e-01       730  1.0333696e+03  1.0566346e+03  9.7232293e+02
2.3260504e-01      1012  7.3601886e+02  7.3084118e+02  5.7788744e+02
2.7635505e-01      1408  5.6613795e+02  5.6684942e+02  4.2292051e+02
3.1919121e-01      1841  4.5035184e+02  4.4785112e+02  2.9969881e+02
3.6464415e-01      2698  3.5668376e+02  3.5441804e+02  2.2944531e+02
4.1290034e-01      3532  3.0178344e+02  3.0426746e+02  1.7717548e+02
4.6319578e-01      4702  2.5153304e+02  2.4674916e+02  1.3067343e+02
5.1570195e-01      6019  2.1453838e+02  2.1694366e+02  1.0933714e+02
5.7047444e-01      7766  1.8333718e+02  1.8314825e+02  8.3621677e+01
6.2844883e-01     10012  1.6428854e+02  1.6169304e+02  6.6125964e+01
6.8955465e-01     12589  1.4617209e+02  1.4660459e+02  5.5186371e+01
7.5323141e-01     15650  1.3150025e+02  1.3262188e+02  4.4844608e+01
8.2032763e-01     19757  1.1579279e+02  1.1542785e+02  3.5925608e+01
8.9088605e-01     24241  1.0669505e+02  1.0561358e+02  2.9395634e+01
9.6481958e-01     29993  9.5730134e+01  9.4950592e+01  2.4496994e+01
1.0423453e+00     36494  8.8141695e+01  8.7657593e+01  2.0432573e+01
1.1237267e+00     44825  8.0227530e+01  7.9884157e+01  1.7091245e+01
1.2089588e+00     53906  7.4314063e+01  7.4108914e+01  1.4330481e+01
1.2983336e+00     65729  6.8494990e+01  6.8301470e+01  1.2037317e+01
1.3921058e+00     78746  6.2925770e+01  6.2727175e+01  1.0139426e+01
1.4900211e+00     94374  5.8424128e+01  5.8242909e+01  8.5716053e+00
1.5921784e+00    112166  5.4006731e+01  5.3961605e+01  7.2878111e+00
1.6991083e+00    134373  5.0032455e+01  5.0038854e+01  6.2195693e+00
1.8110248e+00    159077  4.6307023e+01  4.6245081e+01  5.3016553e+00
1.9277595e+00    188172  4.2811604e+01  4.2758715e+01  4.5385319e+00
2.0497441e+00    222492  3.9668651e+01  3.9651810e+01  3.8961546e+00
2.1771282e+00    261771  3.6600185e+01  3.6568530e+01  3.3481752e+00
2.3098450e+00    306759  3.3773385e+01  3.3747311e+01  2.8857070e+00
2.4484375e+00    360898  3.1158431e+01  3.1132078e+01  2.4915783e+00
2.5937215e+00    425046  2.8657769e+01  2.8633880e+01  2.1540864e+00
2.7470320e+00    505555  2.6259754e+01  2.6236518e+01  1.8624280e+00
2.9094444e+00    600292  2.4060412e+01  2.4038808e+01  1.6095398e+00
3.0813867e+00    712930  2.2034868e+01  2.2015357e+01  1.3907178e+00
3.2634403e+00    846715  2.0025608e+01  2.0007795e+01  1.2011806e+00
3.4562097e+00   1005596  1.8235486e+01  1.8219448e+01  1.0372035e+00
3.6603648e+00   1194719  1.6509105e+01  1.6494476e+01  8.9531759e-01
3.8766358e+00   1419743  1.4957056e+01  1.4943613e+01  7.7248953e-01
4.1057220e+00   1686576  1.3521324e+01  1.3509187e+01  6.6634796e-01
4.3483372e+00   2003484  1.2187239e+01  1.2176255e+01  5.7456506e-01
4.6052142e+00   2378778  1.0958274e+01  1.0948339e+01  4.9528934e-01
4.8773359e+00   2828400  9.8217315e+00  9.8127720e+00  4.2681900e-01
5.1655179e+00   3356890  8.8119628e+00  8.8039198e+00  3.6770988e-01
5.4707002e+00   3990317  7.9014052e+00  7.8941944e+00  3.1671122e-01
5.7939476e+00   4738457  7.0680169e+00  7.0614458e+00  2.7269129e-01
6.1362572e+00   5629661  6.3273022e+00  6.3215487e+00  2.3472552e-01
6.4988210e+00   6687903  5.6404036e+00  5.6351362e+00  2.0198109e-01
6.8828355e+00   7945758  5.0341139e+00  5.0294479e+00  1.7376568e-01
7.2895050e+00   9436555  4.4829871e+00  4.4788368e+00  1.4944932e-01
7.7201584e+00  11210320  3.9920297e+00  3.9882331e+00  1.2851121e-01
8.1762927e+00  13318613  3.5498144e+00  3.5464516e+00  1.1046630e-01
8.6593661e+00  15819192  3.1515626e+00  3.1486187e+00  9.4940541e-02
9.1709925e+00  18795348  2.7969825e+00  2.7943108e+00  8.1571287e-02
9.7128705e+00  22326034  2.4852541e+00  2.4828832e+00  7.0072219e-02
1.0286736e+01  26520842  2.2054862e+00  2.2033276e+00  6.0175233e-02
1.0894484e+01  31503438  1.9565460e+00  1.9546778e+00  5.1682483e-02
1.1538156e+01  37426927  1.7354218e+00  1.7337590e+00  4.4377567e-02
1.2220385e+01  44525830  1.5372609e+00  1.5357791e+00  3.8091785e-02
