# Power spectrum from CO𝘕CEPT job 4559670 at t = 2.5067588 Gyr, a = 0.27777778
#
# Components:
#   0: matter  (upstream grid size 1024)
#
#                           grid size 1024
# ╭────────────────────────────────────────────────────────────────╮
#                         component 0    (corrected)      (linear)
#                        σ₈ = 2.64e-01  σ₈ = 2.63e-01  σ₈ = 2.60e-01
#  k [Mpc⁻¹]    modes       P [Mpc³]       P [Mpc³]       P [Mpc³]
2.4543693e-02         3  6.1177745e+03  6.1177745e+03  6.1605962e+03
4.6570361e-02        25  3.2409224e+03  3.2895717e+03  3.2981588e+03
8.3521561e-02       124  1.4208357e+03  1.3890265e+03  1.4097627e+03
1.3383638e-01       418  6.5196843e+02  6.4451174e+02  6.1999333e+02
1.8592088e-01       730  3.5083364e+02  3.5873224e+02  3.5356344e+02
2.3260504e-01      1012  2.3717392e+02  2.3550547e+02  2.1013647e+02
2.7635505e-01      1408  1.7643553e+02  1.7665726e+02  1.5378629e+02
3.1919121e-01      1841  1.3063569e+02  1.2991030e+02  1.0897938e+02
3.6464415e-01      2698  1.0240952e+02  1.0175900e+02  8.3433181e+01
4.1290034e-01      3532  8.0323012e+01  8.0984163e+01  6.4426343e+01
4.6319578e-01      4702  6.4004734e+01  6.2787433e+01  4.7516817e+01
5.1570195e-01      6019  5.3959579e+01  5.4564541e+01  3.9758307e+01
5.7047444e-01      7766  4.4386174e+01  4.4340435e+01  3.0407392e+01
6.2844883e-01     10012  3.8238332e+01  3.7634228e+01  2.4045423e+01
6.8955465e-01     12589  3.2128204e+01  3.2223268e+01  2.0067457e+01
7.5323141e-01     15650  2.7622543e+01  2.7858148e+01  1.6306878e+01
8.2032763e-01     19757  2.3721582e+01  2.3646820e+01  1.3063659e+01
8.9088605e-01     24241  2.0828021e+01  2.0616906e+01  1.0689161e+01
9.6481958e-01     29993  1.8212810e+01  1.8064501e+01  8.9078659e+00
1.0423453e+00     36494  1.5960827e+01  1.5873165e+01  7.4299183e+00
1.1237267e+00     44825  1.4253636e+01  1.4192630e+01  6.2149093e+00
1.2089588e+00     53906  1.2716239e+01  1.2681134e+01  5.2110108e+00
1.2983336e+00     65729  1.1382430e+01  1.1350271e+01  4.3771462e+00
1.3921058e+00     78746  1.0243814e+01  1.0211484e+01  3.6870146e+00
1.4900211e+00     94374  9.2188847e+00  9.1902898e+00  3.1169068e+00
1.5921784e+00    112166  8.3684236e+00  8.3614312e+00  2.6500796e+00
1.6991083e+00    134373  7.5899625e+00  7.5909333e+00  2.2616340e+00
1.8110248e+00    159077  6.9429765e+00  6.9336893e+00  1.9278521e+00
1.9277595e+00    188172  6.3603498e+00  6.3524923e+00  1.6503568e+00
2.0497441e+00    222492  5.8599532e+00  5.8574654e+00  1.4167685e+00
2.1771282e+00    261771  5.3809793e+00  5.3763254e+00  1.2175062e+00
2.3098450e+00    306759  4.9585472e+00  4.9547190e+00  1.0493384e+00
2.4484375e+00    360898  4.5938721e+00  4.5899867e+00  9.0602089e-01
2.5937215e+00    425046  4.2623373e+00  4.2587841e+00  7.8329828e-01
2.7470320e+00    505555  3.9477430e+00  3.9442498e+00  6.7724217e-01
2.9094444e+00    600292  3.6511459e+00  3.6478675e+00  5.8528407e-01
3.0813867e+00    712930  3.3747210e+00  3.3717329e+00  5.0571348e-01
3.2634403e+00    846715  3.1309178e+00  3.1281329e+00  4.3679178e-01
3.4562097e+00   1005596  2.9009433e+00  2.8983919e+00  3.7716447e-01
3.6603648e+00   1194719  2.6891763e+00  2.6867934e+00  3.2557024e-01
3.8766358e+00   1419743  2.4925071e+00  2.4902670e+00  2.8090602e-01
4.1057220e+00   1686576  2.2998995e+00  2.2978351e+00  2.4230952e-01
4.3483372e+00   2003484  2.1290303e+00  2.1271115e+00  2.0893428e-01
4.6052142e+00   2378778  1.9666624e+00  1.9648793e+00  1.8010704e-01
4.8773359e+00   2828400  1.8116967e+00  1.8100440e+00  1.5520897e-01
5.1655179e+00   3356890  1.6676238e+00  1.6661017e+00  1.3371493e-01
5.4707002e+00   3990317  1.5314444e+00  1.5300468e+00  1.1517010e-01
5.7939476e+00   4738457  1.4082465e+00  1.4069373e+00  9.9162961e-02
6.1362572e+00   5629661  1.2924362e+00  1.2912610e+00  8.5357302e-02
6.4988210e+00   6687903  1.1874996e+00  1.1863906e+00  7.3450288e-02
6.8828355e+00   7945758  1.0930879e+00  1.0920747e+00  6.3190165e-02
7.2895050e+00   9436555  1.0051887e+00  1.0042581e+00  5.4347862e-02
7.7201584e+00  11210320  9.2403496e-01  9.2315617e-01  4.6733997e-02
8.1762927e+00  13318613  8.5021215e-01  8.4940673e-01  4.0172196e-02
8.6593661e+00  15819192  7.8113133e-01  7.8040165e-01  3.4526435e-02
9.1709925e+00  18795348  7.1765003e-01  7.1696452e-01  2.9664849e-02
9.7128705e+00  22326034  6.5799793e-01  6.5737019e-01  2.5483324e-02
1.0286736e+01  26520842  6.0290754e-01  6.0231745e-01  2.1884369e-02
1.0894484e+01  31503438  5.5165327e-01  5.5112651e-01  1.8796042e-02
1.1538156e+01  37426927  5.0469583e-01  5.0421224e-01  1.6139651e-02
1.2220385e+01  44525830  4.6154631e-01  4.6110144e-01  1.3853849e-02
