# Power spectrum from CO𝘕CEPT job 4592834 at t = 3.8219381 Gyr, a = 0.37037037
#
# Components:
#   0: matter  (upstream grid size 1024)
#
#                           grid size 1024
# ╭────────────────────────────────────────────────────────────────╮
#                         component 0    (corrected)      (linear)
#                        σ₈ = 3.85e-01  σ₈ = 3.85e-01  σ₈ = 3.77e-01
#  k [Mpc⁻¹]    modes       P [Mpc³]       P [Mpc³]       P [Mpc³]
3.0679616e-03         3  9.7495621e+03  9.7495621e+03  9.7512587e+03
5.8212951e-03        25  1.4358255e+04  1.4420888e+04  1.4416985e+04
1.0440195e-02       124  1.6831411e+04  1.7021095e+04  1.7104769e+04
1.6729547e-02       418  1.5409030e+04  1.5547204e+04  1.5530914e+04
2.3240110e-02       730  1.2079621e+04  1.2079809e+04  1.2182081e+04
2.9075630e-02      1012  9.8103076e+03  9.7872987e+03  9.7898841e+03
3.4544381e-02      1408  8.4416926e+03  8.4251691e+03  8.4153836e+03
3.9898901e-02      1841  7.5387111e+03  7.5363948e+03  7.6063533e+03
4.5580519e-02      2698  6.8631805e+03  6.8727839e+03  6.9130513e+03
5.1612543e-02      3532  5.9858996e+03  5.9959013e+03  6.0646219e+03
5.7899473e-02      4702  5.0082609e+03  5.0080051e+03  5.0638803e+03
6.4462744e-02      6019  4.1418512e+03  4.1314200e+03  4.1365643e+03
7.1309305e-02      7766  3.4982020e+03  3.4864288e+03  3.4935014e+03
7.8556104e-02     10012  3.1365117e+03  3.1325039e+03  3.1344145e+03
8.6194331e-02     12589  2.8855587e+03  2.8904350e+03  2.8795097e+03
9.4153926e-02     15650  2.5446364e+03  2.5491809e+03  2.5381891e+03
1.0254095e-01     19757  2.1369947e+03  2.1337997e+03  2.1141693e+03
1.1136076e-01     24241  1.8165722e+03  1.8095934e+03  1.7694154e+03
1.2060245e-01     29993  1.6161235e+03  1.6135362e+03  1.5777953e+03
1.3029316e-01     36494  1.4652632e+03  1.4685119e+03  1.4427887e+03
1.4046583e-01     44825  1.2950347e+03  1.2960848e+03  1.2557626e+03
1.5111985e-01     53906  1.1170651e+03  1.1136018e+03  1.0589531e+03
1.6229170e-01     65729  9.8350751e+02  9.8168551e+02  9.3017413e+02
1.7401323e-01     78746  8.8981227e+02  8.9121760e+02  8.4084162e+02
1.8625264e-01     94374  7.8879825e+02  7.8835575e+02  7.3356995e+02
1.9902230e-01    112166  6.9134103e+02  6.9007211e+02  6.3481254e+02
2.1238854e-01    134373  6.1938708e+02  6.1915019e+02  5.6452965e+02
2.2637810e-01    159077  5.5785648e+02  5.5807126e+02  5.0133553e+02
2.4096993e-01    188172  4.9601725e+02  4.9516644e+02  4.3743853e+02
2.5621802e-01    222492  4.4742591e+02  4.4735071e+02  3.8823131e+02
2.7214102e-01    261771  4.0175696e+02  4.0154648e+02  3.4352891e+02
2.8873063e-01    306759  3.6058071e+02  3.6034887e+02  3.0361101e+02
3.0605468e-01    360898  3.2516091e+02  3.2497794e+02  2.6895490e+02
3.2421519e-01    425046  2.9548845e+02  2.9531674e+02  2.3834636e+02
3.4337900e-01    505555  2.6620871e+02  2.6606288e+02  2.1115167e+02
3.6368055e-01    600292  2.4069140e+02  2.4055264e+02  1.8675126e+02
3.8517334e-01    712930  2.1824226e+02  2.1810266e+02  1.6495031e+02
4.0793004e-01    846715  1.9752611e+02  1.9740463e+02  1.4565209e+02
4.3202621e-01   1005596  1.7906523e+02  1.7895561e+02  1.2851832e+02
4.5754560e-01   1194719  1.6205352e+02  1.6195111e+02  1.1328048e+02
4.8457948e-01   1419743  1.4689302e+02  1.4679857e+02  9.9758992e+01
5.1321525e-01   1686576  1.3334388e+02  1.3325704e+02  8.7778238e+01
5.4354215e-01   2003484  1.2102552e+02  1.2094553e+02  7.7173340e+01
5.7565178e-01   2378778  1.1004375e+02  1.0997004e+02  6.7797837e+01
6.0966698e-01   2828400  1.0004183e+02  9.9973766e+01  5.9513298e+01
6.4568974e-01   3356890  9.1158630e+01  9.1095890e+01  5.2202503e+01
6.8383752e-01   3990317  8.3518150e+01  8.3459881e+01  4.5757281e+01
7.2424344e-01   4738457  7.6815638e+01  7.6761450e+01  4.0079065e+01
7.6703215e-01   5629661  7.1420261e+01  7.1369281e+01  3.5081801e+01
8.1235262e-01   6687903  6.7288410e+01  6.7239828e+01  3.0686620e+01
8.6035444e-01   7945758  6.4546656e+01  6.4499530e+01  2.6824219e+01
9.1118812e-01   9436555  6.3394459e+01  6.3347704e+01  2.3433255e+01
9.6501980e-01  11210320  6.3882910e+01  6.3835300e+01  2.0458508e+01
1.0220366e+00  13318613  6.5981108e+01  6.5931430e+01  1.7850409e+01
1.0824208e+00  15819192  6.9530529e+01  6.9477689e+01  1.5565707e+01
1.1463741e+00  18795348  7.3992439e+01  7.3935669e+01  1.3565641e+01
1.2141088e+00  22326034  7.8326547e+01  7.8265923e+01  1.1815919e+01
1.2858419e+00  26520842  8.1671384e+01  8.1607627e+01  1.0286355e+01
1.3618105e+00  31503438  8.3566726e+01  8.3500944e+01  8.9500779e+00
1.4422695e+00  37426927  8.4106848e+01  8.4040081e+01  7.7833190e+00
1.5275481e+00  44525830  8.3833209e+01  8.3765944e+01  6.7645213e+00
