# Power spectrum from CO𝘕CEPT job 4592834 at t = 11.278566 Gyr, a = 0.83333333
#
# Components:
#   0: matter  (upstream grid size 1024)
#
#                           grid size 1024
# ╭────────────────────────────────────────────────────────────────╮
#                         component 0    (corrected)      (linear)
#                        σ₈ = 7.96e-01  σ₈ = 7.96e-01  σ₈ = 7.32e-01
#  k [Mpc⁻¹]    modes       P [Mpc³]       P [Mpc³]       P [Mpc³]
3.0679616e-03         3  3.6882676e+04  3.6882676e+04  3.6881630e+04
5.8212951e-03        25  5.4281940e+04  5.4518728e+04  5.4494990e+04
1.0440195e-02       124  6.3222188e+04  6.3934679e+04  6.4610409e+04
1.6729547e-02       418  5.8079335e+04  5.8600139e+04  5.8634648e+04
2.3240110e-02       730  4.5054967e+04  4.5055668e+04  4.5977663e+04
2.9075630e-02      1012  3.6834393e+04  3.6748003e+04  3.6942966e+04
3.4544381e-02      1408  3.1722927e+04  3.1660834e+04  3.1752920e+04
3.9898901e-02      1841  2.8024922e+04  2.8016311e+04  2.8698259e+04
4.5580519e-02      2698  2.5592348e+04  2.5628158e+04  2.6081057e+04
5.1612543e-02      3532  2.2195572e+04  2.2232658e+04  2.2879194e+04
5.7899473e-02      4702  1.8623470e+04  1.8622519e+04  1.9103201e+04
6.4462744e-02      6019  1.5672518e+04  1.5633047e+04  1.5604551e+04
7.1309305e-02      7766  1.3333581e+04  1.3288707e+04  1.3178425e+04
7.8556104e-02     10012  1.2005821e+04  1.1990480e+04  1.1823656e+04
8.6194331e-02     12589  1.1057789e+04  1.1076475e+04  1.0861955e+04
9.4153926e-02     15650  9.7905529e+03  9.8080379e+03  9.5743348e+03
1.0254095e-01     19757  8.4172424e+03  8.4046578e+03  7.9748111e+03
1.1136076e-01     24241  7.3861805e+03  7.3578048e+03  6.6743217e+03
1.2060245e-01     29993  6.6196102e+03  6.6090126e+03  5.9514838e+03
1.3029316e-01     36494  6.0121751e+03  6.0255049e+03  5.4422062e+03
1.4046583e-01     44825  5.3914618e+03  5.3958336e+03  4.7367215e+03
1.5111985e-01     53906  4.8580150e+03  4.8429535e+03  3.9943433e+03
1.6229170e-01     65729  4.3666164e+03  4.3585269e+03  3.5085810e+03
1.7401323e-01     78746  4.0036509e+03  4.0099741e+03  3.1716135e+03
1.8625264e-01     94374  3.6415134e+03  3.6394707e+03  2.7669834e+03
1.9902230e-01    112166  3.3088052e+03  3.3027320e+03  2.3944713e+03
2.1238854e-01    134373  3.0193671e+03  3.0182123e+03  2.1293651e+03
2.2637810e-01    159077  2.7965151e+03  2.7975917e+03  1.8909986e+03
2.4096993e-01    188172  2.5772850e+03  2.5728642e+03  1.6499819e+03
2.5621802e-01    222492  2.3870308e+03  2.3866297e+03  1.4643747e+03
2.7214102e-01    261771  2.2222970e+03  2.2211327e+03  1.2957598e+03
2.8873063e-01    306759  2.0614760e+03  2.0601505e+03  1.1451921e+03
3.0605468e-01    360898  1.9261971e+03  1.9251131e+03  1.0144717e+03
3.2421519e-01    425046  1.7961080e+03  1.7950642e+03  8.9901866e+02
3.4337900e-01    505555  1.6827397e+03  1.6818178e+03  7.9644254e+02
3.6368055e-01    600292  1.5776257e+03  1.5767162e+03  7.0440626e+02
3.8517334e-01    712930  1.4792242e+03  1.4782780e+03  6.2217506e+02
4.0793004e-01    846715  1.3925641e+03  1.3917077e+03  5.4938398e+02
4.3202621e-01   1005596  1.3064590e+03  1.3056593e+03  4.8475706e+02
4.5754560e-01   1194719  1.2304067e+03  1.2296292e+03  4.2728141e+02
4.8457948e-01   1419743  1.1569377e+03  1.1561938e+03  3.7627974e+02
5.1321525e-01   1686576  1.0918796e+03  1.0911686e+03  3.3108958e+02
5.4354215e-01   2003484  1.0268584e+03  1.0261798e+03  2.9108902e+02
5.7565178e-01   2378778  9.7076894e+02  9.7011873e+02  2.5572562e+02
6.0966698e-01   2828400  9.1643770e+02  9.1581417e+02  2.2447724e+02
6.4568974e-01   3356890  8.6619832e+02  8.6560216e+02  1.9690173e+02
6.8383752e-01   3990317  8.1845192e+02  8.1788089e+02  1.7259107e+02
7.2424344e-01   4738457  7.7442579e+02  7.7387949e+02  1.5117347e+02
7.6703215e-01   5629661  7.3292440e+02  7.3240124e+02  1.3232436e+02
8.1235262e-01   6687903  6.9367027e+02  6.9316945e+02  1.1574624e+02
8.6035444e-01   7945758  6.5644493e+02  6.5596566e+02  1.0117771e+02
9.1118812e-01   9436555  6.2077673e+02  6.2031889e+02  8.8387383e+01
9.6501980e-01  11210320  5.8566387e+02  5.8522739e+02  7.7166982e+01
1.0220366e+00  13318613  5.5208523e+02  5.5166955e+02  6.7329538e+01
1.0824208e+00  15819192  5.1895684e+02  5.1856246e+02  5.8711911e+01
1.1463741e+00  18795348  4.8673447e+02  4.8636103e+02  5.1167898e+01
1.2141088e+00  22326034  4.5540232e+02  4.5504984e+02  4.4568155e+01
1.2858419e+00  26520842  4.2524029e+02  4.2490833e+02  3.8798822e+01
1.3618105e+00  31503438  3.9630142e+02  3.9598947e+02  3.3758543e+01
1.4422695e+00  37426927  3.6847599e+02  3.6818348e+02  2.9357668e+01
1.5275481e+00  44525830  3.4203477e+02  3.4176033e+02  2.5514887e+01
