# Power spectrum from CO𝘕CEPT job 4592834 at t = 4.2708382 Gyr, a = 0.4
#
# Components:
#   0: matter  (upstream grid size 1024)
#
#                           grid size 1024
# ╭────────────────────────────────────────────────────────────────╮
#                         component 0    (corrected)      (linear)
#                        σ₈ = 4.15e-01  σ₈ = 4.15e-01  σ₈ = 4.05e-01
#  k [Mpc⁻¹]    modes       P [Mpc³]       P [Mpc³]       P [Mpc³]
3.0679616e-03         3  1.1261736e+04  1.1261736e+04  1.1262034e+04
5.8212951e-03        25  1.6584258e+04  1.6656602e+04  1.6649432e+04
1.0440195e-02       124  1.9431179e+04  1.9650161e+04  1.9751917e+04
1.6729547e-02       418  1.7794995e+04  1.7954565e+04  1.7933550e+04
2.3240110e-02       730  1.3939050e+04  1.3939267e+04  1.4066244e+04
2.9075630e-02      1012  1.1326965e+04  1.1300399e+04  1.1303883e+04
3.4544381e-02      1408  9.7477812e+03  9.7287012e+03  9.7167279e+03
3.9898901e-02      1841  8.6979024e+03  8.6952300e+03  8.7825358e+03
4.5580519e-02      2698  7.9206978e+03  7.9317810e+03  7.9819900e+03
5.1612543e-02      3532  6.9054254e+03  6.9169636e+03  7.0023461e+03
5.7899473e-02      4702  5.7786186e+03  5.7783234e+03  5.8468517e+03
6.4462744e-02      6019  4.7847634e+03  4.7727130e+03  4.7761449e+03
7.1309305e-02      7766  4.0426212e+03  4.0290157e+03  4.0336472e+03
7.8556104e-02     10012  3.6257011e+03  3.6210683e+03  3.6190354e+03
8.6194331e-02     12589  3.3365275e+03  3.3421659e+03  3.3247154e+03
9.4153926e-02     15650  2.9434273e+03  2.9486840e+03  2.9306200e+03
1.0254095e-01     19757  2.4754475e+03  2.4717465e+03  2.4410404e+03
1.1136076e-01     24241  2.1087607e+03  2.1006594e+03  2.0429830e+03
1.2060245e-01     29993  1.8769426e+03  1.8739378e+03  1.8217359e+03
1.3029316e-01     36494  1.7016336e+03  1.7054063e+03  1.6658553e+03
1.4046583e-01     44825  1.5062258e+03  1.5074471e+03  1.4499130e+03
1.5111985e-01     53906  1.3034263e+03  1.2993853e+03  1.2226749e+03
1.6229170e-01     65729  1.1492375e+03  1.1471085e+03  1.0739855e+03
1.7401323e-01     78746  1.0407132e+03  1.0423568e+03  9.7084137e+02
1.8625264e-01     94374  9.2467794e+02  9.2415923e+02  8.4698463e+02
1.9902230e-01    112166  8.1246700e+02  8.1097576e+02  7.3295856e+02
2.1238854e-01    134373  7.2910096e+02  7.2882211e+02  6.5180940e+02
2.2637810e-01    159077  6.5819681e+02  6.5845022e+02  5.7884502e+02
2.4096993e-01    188172  5.8710034e+02  5.8609329e+02  5.0506911e+02
2.5621802e-01    222492  5.3109101e+02  5.3100176e+02  4.4825412e+02
2.7214102e-01    261771  4.7827064e+02  4.7802007e+02  3.9664044e+02
2.8873063e-01    306759  4.3047100e+02  4.3019422e+02  3.5055098e+02
3.0605468e-01    360898  3.8924507e+02  3.8902603e+02  3.1053682e+02
3.2421519e-01    425046  3.5491651e+02  3.5471025e+02  2.7519601e+02
3.4337900e-01    505555  3.2089201e+02  3.2071623e+02  2.4379687e+02
3.6368055e-01    600292  2.9120157e+02  2.9103368e+02  2.1562401e+02
3.8517334e-01    712930  2.6504534e+02  2.6487581e+02  1.9045251e+02
4.0793004e-01    846715  2.4077889e+02  2.4063082e+02  1.6817068e+02
4.3202621e-01   1005596  2.1912298e+02  2.1898883e+02  1.4838793e+02
4.5754560e-01   1194719  1.9921327e+02  1.9908737e+02  1.3079423e+02
4.8457948e-01   1419743  1.8138671e+02  1.8127008e+02  1.1518225e+02
5.1321525e-01   1686576  1.6542517e+02  1.6531744e+02  1.0134921e+02
5.4354215e-01   2003484  1.5090515e+02  1.5080542e+02  8.9104735e+01
5.7565178e-01   2378778  1.3789025e+02  1.3779789e+02  7.8279729e+01
6.0966698e-01   2828400  1.2609139e+02  1.2600560e+02  6.8714357e+01
6.4568974e-01   3356890  1.1554569e+02  1.1546616e+02  6.0273274e+01
6.8383752e-01   3990317  1.0645902e+02  1.0638474e+02  5.2831588e+01
7.2424344e-01   4738457  9.8482002e+01  9.8412530e+01  4.6275489e+01
7.6703215e-01   5629661  9.2011570e+01  9.1945892e+01  4.0505622e+01
8.1235262e-01   6687903  8.7003014e+01  8.6940199e+01  3.5430924e+01
8.6035444e-01   7945758  8.3529400e+01  8.3468415e+01  3.0971376e+01
9.1118812e-01   9436555  8.1752336e+01  8.1692041e+01  2.7056152e+01
9.6501980e-01  11210320  8.1670111e+01  8.1609244e+01  2.3621493e+01
1.0220366e+00  13318613  8.3067369e+01  8.3004827e+01  2.0610169e+01
1.0824208e+00  15819192  8.5641057e+01  8.5575973e+01  1.7972240e+01
1.1463741e+00  18795348  8.8734422e+01  8.8666340e+01  1.5662954e+01
1.2141088e+00  22326034  9.1423067e+01  9.1352307e+01  1.3642717e+01
1.2858419e+00  26520842  9.3072708e+01  9.3000050e+01  1.1876674e+01
1.3618105e+00  31503438  9.3557038e+01  9.3483392e+01  1.0333802e+01
1.4422695e+00  37426927  9.3071397e+01  9.2997514e+01  8.9866561e+00
1.5275481e+00  44525830  9.2071688e+01  9.1997813e+01  7.8103473e+00
