# Power spectrum from CO𝘕CEPT job 4592834 at t = 2.1448041 Gyr, a = 0.25
#
# Components:
#   0: matter  (upstream grid size 1024)
#
#                           grid size 1024
# ╭────────────────────────────────────────────────────────────────╮
#                         component 0    (corrected)      (linear)
#                        σ₈ = 2.59e-01  σ₈ = 2.59e-01  σ₈ = 2.58e-01
#  k [Mpc⁻¹]    modes       P [Mpc³]       P [Mpc³]       P [Mpc³]
3.0679616e-03         3  4.5683641e+03  4.5683641e+03  4.5688172e+03
5.8212951e-03        25  6.7299676e+03  6.7593250e+03  6.7575262e+03
1.0440195e-02       124  7.9058367e+03  7.9949326e+03  8.0206021e+03
1.6729547e-02       418  7.2269249e+03  7.2917295e+03  7.2844659e+03
2.3240110e-02       730  5.6838656e+03  5.6839539e+03  5.7145326e+03
2.9075630e-02      1012  4.6044344e+03  4.5936353e+03  4.5926983e+03
3.4544381e-02      1408  3.9601098e+03  3.9523584e+03  3.9480378e+03
3.9898901e-02      1841  3.5485742e+03  3.5474839e+03  3.5685961e+03
4.5580519e-02      2698  3.2266452e+03  3.2311601e+03  3.2433965e+03
5.1612543e-02      3532  2.8188391e+03  2.8235491e+03  2.8453797e+03
5.7899473e-02      4702  2.3570380e+03  2.3569176e+03  2.3758612e+03
6.4462744e-02      6019  1.9402635e+03  1.9353770e+03  1.9408279e+03
7.1309305e-02      7766  1.6371210e+03  1.6316113e+03  1.6391488e+03
7.8556104e-02     10012  1.4662059e+03  1.4643324e+03  1.4706872e+03
8.6194331e-02     12589  1.3468736e+03  1.3491497e+03  1.3510812e+03
9.4153926e-02     15650  1.1860459e+03  1.1881641e+03  1.1909691e+03
1.0254095e-01     19757  9.9126592e+02  9.8978388e+02  9.9206206e+02
1.1136076e-01     24241  8.3619328e+02  8.3298086e+02  8.3025247e+02
1.2060245e-01     29993  7.4268862e+02  7.4149963e+02  7.4029514e+02
1.3029316e-01     36494  6.7373700e+02  6.7523077e+02  6.7696609e+02
1.4046583e-01     44825  5.9143982e+02  5.9191939e+02  5.8928645e+02
1.5111985e-01     53906  5.0424726e+02  5.0268393e+02  4.9693122e+02
1.6229170e-01     65729  4.4168322e+02  4.4086498e+02  4.3631114e+02
1.7401323e-01     78746  3.9819966e+02  3.9882856e+02  3.9458889e+02
1.8625264e-01     94374  3.4988780e+02  3.4969152e+02  3.4428721e+02
1.9902230e-01    112166  3.0376436e+02  3.0320681e+02  2.9772514e+02
2.1238854e-01    134373  2.7034566e+02  2.7024226e+02  2.6504488e+02
2.2637810e-01    159077  2.4126714e+02  2.4136003e+02  2.3504238e+02
2.4096993e-01    188172  2.1180703e+02  2.1144372e+02  2.0539723e+02
2.5621802e-01    222492  1.8875603e+02  1.8872430e+02  1.8206329e+02
2.7214102e-01    261771  1.6773293e+02  1.6764505e+02  1.6122094e+02
2.8873063e-01    306759  1.4875043e+02  1.4865479e+02  1.4245132e+02
3.0605468e-01    360898  1.3266378e+02  1.3258913e+02  1.2611636e+02
3.2421519e-01    425046  1.1870395e+02  1.1863497e+02  1.1188179e+02
3.4337900e-01    505555  1.0544067e+02  1.0538291e+02  9.9074204e+01
3.6368055e-01    600292  9.3812307e+01  9.3758222e+01  8.7591559e+01
3.8517334e-01    712930  8.3651763e+01  8.3598256e+01  7.7389794e+01
4.0793004e-01    846715  7.4477609e+01  7.4431808e+01  6.8345990e+01
4.3202621e-01   1005596  6.6335769e+01  6.6295160e+01  6.0304639e+01
4.5754560e-01   1194719  5.8753066e+01  5.8715935e+01  5.3153851e+01
4.8457948e-01   1419743  5.2185510e+01  5.2151956e+01  4.6808757e+01
5.1321525e-01   1686576  4.6311760e+01  4.6281599e+01  4.1186343e+01
5.4354215e-01   2003484  4.1059542e+01  4.1032407e+01  3.6209919e+01
5.7565178e-01   2378778  3.6346716e+01  3.6322372e+01  3.1810819e+01
6.0966698e-01   2828400  3.2161492e+01  3.2139610e+01  2.7923887e+01
6.4568974e-01   3356890  2.8467068e+01  2.8447475e+01  2.4493801e+01
6.8383752e-01   3990317  2.5247037e+01  2.5229423e+01  2.1469639e+01
7.2424344e-01   4738457  2.2469711e+01  2.2453860e+01  1.8805272e+01
7.6703215e-01   5629661  2.0221678e+01  2.0207244e+01  1.6460463e+01
8.1235262e-01   6687903  1.8524799e+01  1.8511424e+01  1.4398231e+01
8.6035444e-01   7945758  1.7568269e+01  1.7555443e+01  1.2586018e+01
9.1118812e-01   9436555  1.7477614e+01  1.7464724e+01  1.0995009e+01
9.6501980e-01  11210320  1.8380839e+01  1.8367141e+01  9.5992828e+00
1.0220366e+00  13318613  2.0610858e+01  2.0595340e+01  8.3755740e+00
1.0824208e+00  15819192  2.4559273e+01  2.4540609e+01  7.3035849e+00
1.1463741e+00  18795348  3.0755765e+01  3.0732167e+01  6.3651302e+00
1.2141088e+00  22326034  3.9340952e+01  3.9310503e+01  5.5441307e+00
1.2858419e+00  26520842  5.0132558e+01  5.0093422e+01  4.8264323e+00
1.3618105e+00  31503438  6.1315731e+01  6.1267465e+01  4.1994317e+00
1.4422695e+00  37426927  6.9255124e+01  6.9200147e+01  3.6519776e+00
1.5275481e+00  44525830  7.1517603e+01  7.1460219e+01  3.1739516e+00
