# Power spectrum from CO𝘕CEPT job 4592834 at t = 2.5071706 Gyr, a = 0.27777778
#
# Components:
#   0: matter  (upstream grid size 1024)
#
#                           grid size 1024
# ╭────────────────────────────────────────────────────────────────╮
#                         component 0    (corrected)      (linear)
#                        σ₈ = 2.88e-01  σ₈ = 2.88e-01  σ₈ = 2.86e-01
#  k [Mpc⁻¹]    modes       P [Mpc³]       P [Mpc³]       P [Mpc³]
3.0679616e-03         3  5.6122535e+03  5.6122535e+03  5.6131737e+03
5.8212951e-03        25  8.2670756e+03  8.3031381e+03  8.3012819e+03
1.0440195e-02       124  9.7066463e+03  9.8160365e+03  9.8518085e+03
1.6729547e-02       418  8.8763185e+03  8.9559135e+03  8.9470149e+03
2.3240110e-02       730  6.9758236e+03  6.9759320e+03  7.0185446e+03
2.9075630e-02      1012  5.6544539e+03  5.6411921e+03  5.6406070e+03
3.4544381e-02      1408  4.8637963e+03  4.8542761e+03  4.8488170e+03
3.9898901e-02      1841  4.3549073e+03  4.3535693e+03  4.3827576e+03
4.5580519e-02      2698  3.9609871e+03  3.9665296e+03  3.9833417e+03
5.1612543e-02      3532  3.4590597e+03  3.4648394e+03  3.4945135e+03
5.7899473e-02      4702  2.8927141e+03  2.8925663e+03  2.9178999e+03
6.4462744e-02      6019  2.3836193e+03  2.3776162e+03  2.3835804e+03
7.1309305e-02      7766  2.0115243e+03  2.0047545e+03  2.0130444e+03
7.8556104e-02     10012  1.8019597e+03  1.7996572e+03  1.8061374e+03
8.6194331e-02     12589  1.6559526e+03  1.6587510e+03  1.6592600e+03
9.4153926e-02     15650  1.4586540e+03  1.4612590e+03  1.4625850e+03
1.0254095e-01     19757  1.2202385e+03  1.2184141e+03  1.2182543e+03
1.1136076e-01     24241  1.0309858e+03  1.0270250e+03  1.0195977e+03
1.2060245e-01     29993  9.1600307e+02  9.1453662e+02  9.0918115e+02
1.3029316e-01     36494  8.3081743e+02  8.3265947e+02  8.3138666e+02
1.4046583e-01     44825  7.3050201e+02  7.3109435e+02  7.2361634e+02
1.5111985e-01     53906  6.2430789e+02  6.2237232e+02  6.1020812e+02
1.6229170e-01     65729  5.4741456e+02  5.4640045e+02  5.3600133e+02
1.7401323e-01     78746  4.9389796e+02  4.9467800e+02  4.8452491e+02
1.8625264e-01     94374  4.3480334e+02  4.3455942e+02  4.2271115e+02
1.9902230e-01    112166  3.7824795e+02  3.7755369e+02  3.6580353e+02
2.1238854e-01    134373  3.3712708e+02  3.3699814e+02  3.2530395e+02
2.2637810e-01    159077  3.0147579e+02  3.0159186e+02  2.8888915e+02
2.4096993e-01    188172  2.6539918e+02  2.6494394e+02  2.5206928e+02
2.5621802e-01    222492  2.3716523e+02  2.3712537e+02  2.2371421e+02
2.7214102e-01    261771  2.1120423e+02  2.1109358e+02  1.9795497e+02
2.8873063e-01    306759  1.8780945e+02  1.8768870e+02  1.7495273e+02
3.0605468e-01    360898  1.6792026e+02  1.6782577e+02  1.5498254e+02
3.2421519e-01    425046  1.5080001e+02  1.5071238e+02  1.3734470e+02
3.4337900e-01    505555  1.3436227e+02  1.3428866e+02  1.2167405e+02
3.6368055e-01    600292  1.1998906e+02  1.1991988e+02  1.0761357e+02
3.8517334e-01    712930  1.0740989e+02  1.0734118e+02  9.5051002e+01
4.0793004e-01    846715  9.6007484e+01  9.5948442e+01  8.3930603e+01
4.3202621e-01   1005596  8.5874130e+01  8.5821560e+01  7.4057444e+01
4.5754560e-01   1194719  7.6443782e+01  7.6395472e+01  6.5276787e+01
4.8457948e-01   1419743  6.8224052e+01  6.8180186e+01  5.7485167e+01
5.1321525e-01   1686576  6.0884495e+01  6.0844844e+01  5.0581376e+01
5.4354215e-01   2003484  5.4287945e+01  5.4252067e+01  4.4470408e+01
5.7565178e-01   2378778  4.8389291e+01  4.8356881e+01  3.9067866e+01
6.0966698e-01   2828400  4.3095613e+01  4.3066291e+01  3.4293981e+01
6.4568974e-01   3356890  3.8433032e+01  3.8406581e+01  3.0081206e+01
6.8383752e-01   3990317  3.4377022e+01  3.4353038e+01  2.6367209e+01
7.2424344e-01   4738457  3.0871357e+01  3.0849580e+01  2.3095191e+01
7.6703215e-01   5629661  2.8049637e+01  2.8029616e+01  2.0215565e+01
8.1235262e-01   6687903  2.5914247e+01  2.5895537e+01  1.7682884e+01
8.6035444e-01   7945758  2.4672096e+01  2.4654083e+01  1.5457212e+01
9.1118812e-01   9436555  2.4470432e+01  2.4452384e+01  1.3503201e+01
9.6501980e-01  11210320  2.5453246e+01  2.5434277e+01  1.1789031e+01
1.0220366e+00  13318613  2.7942586e+01  2.7921548e+01  1.0286138e+01
1.0824208e+00  15819192  3.2265566e+01  3.2241046e+01  8.9696003e+00
1.1463741e+00  18795348  3.8732893e+01  3.8703175e+01  7.8170810e+00
1.2141088e+00  22326034  4.6997715e+01  4.6961340e+01  6.8088200e+00
1.2858419e+00  26520842  5.6264305e+01  5.6220383e+01  5.9274230e+00
1.3618105e+00  31503438  6.4557598e+01  6.4506780e+01  5.1574055e+00
1.4422695e+00  37426927  6.9487444e+01  6.9432283e+01  4.4850714e+00
1.5275481e+00  44525830  7.0742158e+01  7.0685397e+01  3.8979987e+00
