# Power spectrum from CO𝘕CEPT job 4592834 at t = 2.8505514 Gyr, a = 0.3030303
#
# Components:
#   0: matter  (upstream grid size 1024)
#
#                           grid size 1024
# ╭────────────────────────────────────────────────────────────────╮
#                         component 0    (corrected)      (linear)
#                        σ₈ = 3.15e-01  σ₈ = 3.15e-01  σ₈ = 3.11e-01
#  k [Mpc⁻¹]    modes       P [Mpc³]       P [Mpc³]       P [Mpc³]
3.0679616e-03         3  6.6441062e+03  6.6441062e+03  6.6455328e+03
5.8212951e-03        25  9.7863555e+03  9.8290454e+03  9.8271651e+03
1.0440195e-02       124  1.1485345e+04  1.1614781e+04  1.1661641e+04
1.6729547e-02       418  1.0506242e+04  1.0600453e+04  1.0590038e+04
2.3240110e-02       730  8.2511188e+03  8.2512471e+03  8.3071773e+03
2.9075630e-02      1012  6.6917896e+03  6.6760949e+03  6.6761443e+03
3.4544381e-02      1408  5.7567058e+03  5.7454378e+03  5.7389413e+03
3.9898901e-02      1841  5.1507006e+03  5.1491181e+03  5.1872940e+03
4.5580519e-02      2698  4.6860232e+03  4.6925802e+03  4.7145369e+03
5.1612543e-02      3532  4.0908114e+03  4.0976467e+03  4.1359639e+03
5.7899473e-02      4702  3.4214400e+03  3.4212652e+03  3.4534986e+03
6.4462744e-02      6019  2.8219837e+03  2.8148765e+03  2.8210959e+03
7.1309305e-02      7766  2.3818947e+03  2.3738784e+03  2.3825428e+03
7.8556104e-02     10012  2.1342386e+03  2.1315115e+03  2.1376550e+03
8.6194331e-02     12589  1.9619653e+03  1.9652808e+03  1.9638162e+03
9.4153926e-02     15650  1.7287155e+03  1.7318028e+03  1.7310403e+03
1.0254095e-01     19757  1.4475326e+03  1.4453684e+03  1.4418620e+03
1.1136076e-01     24241  1.2249279e+03  1.2202221e+03  1.2067418e+03
1.2060245e-01     29993  1.0886805e+03  1.0869376e+03  1.0760582e+03
1.3029316e-01     36494  9.8730363e+02  9.8949262e+02  9.8398440e+02
1.4046583e-01     44825  8.6935847e+02  8.7006340e+02  8.5643299e+02
1.5111985e-01     53906  7.4473267e+02  7.4242375e+02  7.2220898e+02
1.6229170e-01     65729  6.5368415e+02  6.5247317e+02  6.3438174e+02
1.7401323e-01     78746  5.9020681e+02  5.9113896e+02  5.7345697e+02
1.8625264e-01     94374  5.2053792e+02  5.2024592e+02  5.0029752e+02
1.9902230e-01    112166  4.5371406e+02  4.5288130e+02  4.3294475e+02
2.1238854e-01    134373  4.0495230e+02  4.0479742e+02  3.8501165e+02
2.2637810e-01    159077  3.6281880e+02  3.6295849e+02  3.4191308e+02
2.4096993e-01    188172  3.2025027e+02  3.1970095e+02  2.9833512e+02
2.5621802e-01    222492  2.8691703e+02  2.8686882e+02  2.6477562e+02
2.7214102e-01    261771  2.5604752e+02  2.5591337e+02  2.3428841e+02
2.8873063e-01    306759  2.2826329e+02  2.2811652e+02  2.0706423e+02
3.0605468e-01    360898  2.0456378e+02  2.0444866e+02  1.8342862e+02
3.2421519e-01    425046  1.8432323e+02  1.8421612e+02  1.6255346e+02
3.4337900e-01    505555  1.6471398e+02  1.6462375e+02  1.4400656e+02
3.6368055e-01    600292  1.4760009e+02  1.4751500e+02  1.2736536e+02
3.8517334e-01    712930  1.3260037e+02  1.3251556e+02  1.1249701e+02
4.0793004e-01    846715  1.1894257e+02  1.1886943e+02  9.9335525e+01
4.3202621e-01   1005596  1.0679432e+02  1.0672894e+02  8.7650208e+01
4.5754560e-01   1194719  9.5512835e+01  9.5452473e+01  7.7257918e+01
4.8457948e-01   1419743  8.5615533e+01  8.5560485e+01  6.8036193e+01
5.1321525e-01   1686576  7.6784475e+01  7.6734469e+01  5.9865256e+01
5.4354215e-01   2003484  6.8813903e+01  6.8768426e+01  5.2632659e+01
5.7565178e-01   2378778  6.1707518e+01  6.1666187e+01  4.6238514e+01
6.0966698e-01   2828400  5.5279069e+01  5.5241458e+01  4.0588413e+01
6.4568974e-01   3356890  4.9616687e+01  4.9582538e+01  3.5602411e+01
6.8383752e-01   3990317  4.4708429e+01  4.4677236e+01  3.1206734e+01
7.2424344e-01   4738457  4.0451462e+01  4.0422926e+01  2.7334158e+01
7.6703215e-01   5629661  3.7032736e+01  3.7006302e+01  2.3925996e+01
8.1235262e-01   6687903  3.4441482e+01  3.4416616e+01  2.0928458e+01
8.6035444e-01   7945758  3.2884833e+01  3.2860824e+01  1.8294278e+01
9.1118812e-01   9436555  3.2530504e+01  3.2506512e+01  1.5981621e+01
9.6501980e-01  11210320  3.3522487e+01  3.3497504e+01  1.3952827e+01
1.0220366e+00  13318613  3.6132530e+01  3.6105325e+01  1.2174088e+01
1.0824208e+00  15819192  4.0582197e+01  4.0551357e+01  1.0615908e+01
1.1463741e+00  18795348  4.6929844e+01  4.6893837e+01  9.2518517e+00
1.2141088e+00  22326034  5.4454478e+01  5.4412331e+01  8.0585312e+00
1.2858419e+00  26520842  6.2088575e+01  6.2040105e+01  7.0153596e+00
1.3618105e+00  31503438  6.8156837e+01  6.8103186e+01  6.1040105e+00
1.4422695e+00  37426927  7.1355580e+01  7.1298936e+01  5.3082741e+00
1.5275481e+00  44525830  7.2174919e+01  7.2117008e+01  4.6134481e+00
