# Power spectrum from CO𝘕CEPT job 4592834 at t = 6.7619795 Gyr, a = 0.55555556
#
# Components:
#   0: matter  (upstream grid size 1024)
#
#                           grid size 1024
# ╭────────────────────────────────────────────────────────────────╮
#                         component 0    (corrected)      (linear)
#                        σ₈ = 5.69e-01  σ₈ = 5.69e-01  σ₈ = 5.42e-01
#  k [Mpc⁻¹]    modes       P [Mpc³]       P [Mpc³]       P [Mpc³]
3.0679616e-03         3  2.0201496e+04  2.0201496e+04  2.0189498e+04
5.8212951e-03        25  2.9741481e+04  2.9871219e+04  2.9839189e+04
1.0440195e-02       124  3.4761825e+04  3.5153578e+04  3.5388762e+04
1.6729547e-02       418  3.1881618e+04  3.2167504e+04  3.2123663e+04
2.3240110e-02       730  2.4874555e+04  2.4874942e+04  2.5193102e+04
2.9075630e-02      1012  2.0267577e+04  2.0220042e+04  2.0244255e+04
3.4544381e-02      1408  1.7449132e+04  1.7414978e+04  1.7401074e+04
3.9898901e-02      1841  1.5505658e+04  1.5500894e+04  1.5727640e+04
4.5580519e-02      2698  1.4137873e+04  1.4157656e+04  1.4293722e+04
5.1612543e-02      3532  1.2299857e+04  1.2320409e+04  1.2539216e+04
5.7899473e-02      4702  1.0302956e+04  1.0302429e+04  1.0469917e+04
6.4462744e-02      6019  8.5858264e+03  8.5642031e+03  8.5525232e+03
7.1309305e-02      7766  7.2706131e+03  7.2461438e+03  7.2228930e+03
7.8556104e-02     10012  6.5307419e+03  6.5223970e+03  6.4804220e+03
8.6194331e-02     12589  6.0149533e+03  6.0251179e+03  5.9533668e+03
9.4153926e-02     15650  5.3157425e+03  5.3252359e+03  5.2476615e+03
1.0254095e-01     19757  4.5074494e+03  4.5007103e+03  4.3709892e+03
1.1136076e-01     24241  3.8845768e+03  3.8696534e+03  3.6582067e+03
1.2060245e-01     29993  3.4663698e+03  3.4608204e+03  3.2620292e+03
1.3029316e-01     36494  3.1431110e+03  3.1500797e+03  2.9829009e+03
1.4046583e-01     44825  2.7998836e+03  2.8021540e+03  2.5962274e+03
1.5111985e-01     53906  2.4645923e+03  2.4569512e+03  2.1893297e+03
1.6229170e-01     65729  2.1897923e+03  2.1857356e+03  1.9230831e+03
1.7401323e-01     78746  1.9926141e+03  1.9957611e+03  1.7383909e+03
1.8625264e-01     94374  1.7901078e+03  1.7891036e+03  1.5166114e+03
1.9902230e-01    112166  1.5937680e+03  1.5908427e+03  1.3124352e+03
2.1238854e-01    134373  1.4408695e+03  1.4403184e+03  1.1671288e+03
2.2637810e-01    159077  1.3158991e+03  1.3164057e+03  1.0364783e+03
2.4096993e-01    188172  1.1914710e+03  1.1894273e+03  9.0437488e+02
2.5621802e-01    222492  1.0908093e+03  1.0906260e+03  8.0264183e+02
2.7214102e-01    261771  9.9758320e+02  9.9706055e+02  7.1022232e+02
2.8873063e-01    306759  9.0961914e+02  9.0903429e+02  6.2769456e+02
3.0605468e-01    360898  8.3398794e+02  8.3351864e+02  5.5604528e+02
3.2421519e-01    425046  7.7003365e+02  7.6958616e+02  4.9276412e+02
3.4337900e-01    505555  7.0811341e+02  7.0772550e+02  4.3654093e+02
3.6368055e-01    600292  6.5272435e+02  6.5234804e+02  3.8609471e+02
3.8517334e-01    712930  6.0354530e+02  6.0315925e+02  3.4102276e+02
4.0793004e-01    846715  5.5794525e+02  5.5760213e+02  3.0112504e+02
4.3202621e-01   1005596  5.1598110e+02  5.1566523e+02  2.6570218e+02
4.5754560e-01   1194719  4.7761628e+02  4.7731444e+02  2.3419901e+02
4.8457948e-01   1419743  4.4270584e+02  4.4242120e+02  2.0624430e+02
5.1321525e-01   1686576  4.1099822e+02  4.1073055e+02  1.8147496e+02
5.4354215e-01   2003484  3.8193206e+02  3.8167965e+02  1.5955010e+02
5.7565178e-01   2378778  3.5559971e+02  3.5536153e+02  1.4016693e+02
6.0966698e-01   2828400  3.3192765e+02  3.3170181e+02  1.2303926e+02
6.4568974e-01   3356890  3.1027756e+02  3.1006401e+02  1.0792473e+02
6.8383752e-01   3990317  2.9102385e+02  2.9082081e+02  9.4599708e+01
7.2424344e-01   4738457  2.7395504e+02  2.7376178e+02  8.2860418e+01
7.6703215e-01   5629661  2.5925073e+02  2.5906568e+02  7.2528947e+01
8.1235262e-01   6687903  2.4657296e+02  2.4639493e+02  6.3442238e+01
8.6035444e-01   7945758  2.3588914e+02  2.3571692e+02  5.5457015e+01
9.1118812e-01   9436555  2.2701713e+02  2.2684970e+02  4.8446451e+01
9.6501980e-01  11210320  2.1916538e+02  2.1900204e+02  4.2296385e+01
1.0220366e+00  13318613  2.1215836e+02  2.1199862e+02  3.6904337e+01
1.0824208e+00  15819192  2.0524615e+02  2.0509017e+02  3.2180889e+01
1.1463741e+00  18795348  1.9842583e+02  1.9827359e+02  2.8045904e+01
1.2141088e+00  22326034  1.9122316e+02  1.9107515e+02  2.4428487e+01
1.2858419e+00  26520842  1.8366931e+02  1.8352593e+02  2.1266230e+01
1.3618105e+00  31503438  1.7595767e+02  1.7581916e+02  1.8503578e+01
1.4422695e+00  37426927  1.6816965e+02  1.6803615e+02  1.6091393e+01
1.5275481e+00  44525830  1.6044505e+02  1.6031631e+02  1.3985107e+01
