# Power spectrum from CO𝘕CEPT job 4592834 at t = 3.6254177 Gyr, a = 0.35714286
#
# Components:
#   0: matter  (upstream grid size 1024)
#
#                           grid size 1024
# ╭────────────────────────────────────────────────────────────────╮
#                         component 0    (corrected)      (linear)
#                        σ₈ = 3.71e-01  σ₈ = 3.71e-01  σ₈ = 3.64e-01
#  k [Mpc⁻¹]    modes       P [Mpc³]       P [Mpc³]       P [Mpc³]
3.0679616e-03         3  9.1016165e+03  9.1016165e+03  9.1035552e+03
5.8212951e-03        25  1.3404399e+04  1.3462871e+04  1.3459838e+04
1.0440195e-02       124  1.5716785e+04  1.5893908e+04  1.5969759e+04
1.6729547e-02       418  1.4386397e+04  1.4515402e+04  1.4500696e+04
2.3240110e-02       730  1.1281944e+04  1.1282120e+04  1.1374156e+04
2.9075630e-02      1012  9.1600645e+03  9.1385807e+03  9.1406753e+03
3.4544381e-02      1408  7.8817764e+03  7.8663488e+03  7.8573569e+03
3.9898901e-02      1841  7.0412994e+03  7.0391359e+03  7.1019938e+03
4.5580519e-02      2698  6.4095242e+03  6.4184929e+03  6.4546769e+03
5.1612543e-02      3532  5.5912492e+03  5.6005915e+03  5.6625125e+03
5.7899473e-02      4702  4.6777117e+03  4.6774727e+03  4.7281301e+03
6.4462744e-02      6019  3.8664073e+03  3.8566698e+03  3.8623017e+03
7.1309305e-02      7766  3.2650905e+03  3.2541018e+03  3.2618776e+03
7.8556104e-02     10012  2.9271225e+03  2.9233823e+03  2.9266005e+03
8.6194331e-02     12589  2.6925570e+03  2.6971071e+03  2.6885974e+03
9.4153926e-02     15650  2.3740400e+03  2.3782799e+03  2.3699074e+03
1.0254095e-01     19757  1.9925012e+03  1.9895223e+03  1.9740007e+03
1.1136076e-01     24241  1.6921738e+03  1.6856730e+03  1.6521043e+03
1.2060245e-01     29993  1.5051461e+03  1.5027365e+03  1.4731889e+03
1.3029316e-01     36494  1.3646954e+03  1.3677211e+03  1.3471333e+03
1.4046583e-01     44825  1.2053006e+03  1.2062780e+03  1.1725070e+03
1.5111985e-01     53906  1.0381985e+03  1.0349797e+03  9.8874591e+02
1.6229170e-01     65729  9.1349628e+02  9.1180397e+02  8.6850491e+02
1.7401323e-01     78746  8.2613352e+02  8.2743827e+02  7.8509510e+02
1.8625264e-01     94374  7.3160295e+02  7.3119255e+02  6.8493544e+02
1.9902230e-01    112166  6.4050176e+02  6.3932615e+02  5.9272553e+02
2.1238854e-01    134373  5.7341278e+02  5.7319347e+02  5.2710231e+02
2.2637810e-01    159077  5.1591364e+02  5.1611228e+02  4.6809787e+02
2.4096993e-01    188172  4.5806508e+02  4.5727936e+02  4.0843715e+02
2.5621802e-01    222492  4.1265160e+02  4.1258225e+02  3.6249230e+02
2.7214102e-01    261771  3.7006314e+02  3.6986925e+02  3.2075359e+02
2.8873063e-01    306759  3.3170460e+02  3.3149133e+02  2.8348218e+02
3.0605468e-01    360898  2.9875624e+02  2.9858812e+02  2.5112371e+02
3.2421519e-01    425046  2.7106234e+02  2.7090482e+02  2.2254446e+02
3.4337900e-01    505555  2.4381068e+02  2.4367712e+02  1.9715274e+02
3.6368055e-01    600292  2.2006555e+02  2.1993868e+02  1.7437002e+02
3.8517334e-01    712930  1.9918998e+02  1.9906257e+02  1.5401444e+02
4.0793004e-01    846715  1.7997593e+02  1.7986525e+02  1.3599565e+02
4.3202621e-01   1005596  1.6286036e+02  1.6276066e+02  1.1999782e+02
4.5754560e-01   1194719  1.4706680e+02  1.4697386e+02  1.0577021e+02
4.8457948e-01   1419743  1.3302863e+02  1.3294309e+02  9.3145177e+01
5.1321525e-01   1686576  1.2049034e+02  1.2041187e+02  8.1958724e+01
5.4354215e-01   2003484  1.0910066e+02  1.0902856e+02  7.2056909e+01
5.7565178e-01   2378778  9.8960423e+01  9.8894141e+01  6.3302983e+01
6.0966698e-01   2828400  8.9718846e+01  8.9657803e+01  5.5567692e+01
6.4568974e-01   3356890  8.1530412e+01  8.1474299e+01  4.8741588e+01
6.8383752e-01   3990317  7.4483662e+01  7.4431695e+01  4.2723671e+01
7.2424344e-01   4738457  6.8312566e+01  6.8264376e+01  3.7421909e+01
7.6703215e-01   5629661  6.3353298e+01  6.3308076e+01  3.2755953e+01
8.1235262e-01   6687903  5.9568610e+01  5.9525602e+01  2.8652163e+01
8.6035444e-01   7945758  5.7107434e+01  5.7065740e+01  2.5045832e+01
9.1118812e-01   9436555  5.6172218e+01  5.6130789e+01  2.1879681e+01
9.6501980e-01  11210320  5.6836818e+01  5.6794459e+01  1.9102153e+01
1.0220366e+00  13318613  5.9148558e+01  5.9104024e+01  1.6666966e+01
1.0824208e+00  15819192  6.3023158e+01  6.2975263e+01  1.4533735e+01
1.1463741e+00  18795348  6.8007605e+01  6.7955426e+01  1.2666269e+01
1.2141088e+00  22326034  7.3049543e+01  7.2993004e+01  1.1032550e+01
1.2858419e+00  26520842  7.7190222e+01  7.7129964e+01  9.6043931e+00
1.3618105e+00  31503438  7.9765867e+01  7.9703077e+01  8.3567080e+00
1.4422695e+00  37426927  8.0748875e+01  8.0684774e+01  7.2673027e+00
1.5275481e+00  44525830  8.0739648e+01  8.0674865e+01  6.3160492e+00
