# Power spectrum from CO𝘕CEPT job 4592834 at t = 13.790748 Gyr, a = 1
#
# Components:
#   0: matter  (upstream grid size 1024)
#
#                           grid size 1024
# ╭────────────────────────────────────────────────────────────────╮
#                         component 0    (corrected)      (linear)
#                        σ₈ = 8.98e-01  σ₈ = 8.98e-01  σ₈ = 8.13e-01
#  k [Mpc⁻¹]    modes       P [Mpc³]       P [Mpc³]       P [Mpc³]
3.0679616e-03         3  4.5532062e+04  4.5532062e+04  4.5541896e+04
5.8212951e-03        25  6.7001676e+04  6.7293950e+04  6.7285352e+04
1.0440195e-02       124  7.7916218e+04  7.8794305e+04  7.9766564e+04
1.6729547e-02       418  7.1619477e+04  7.2261697e+04  7.2382479e+04
2.3240110e-02       730  5.5419323e+04  5.5420184e+04  5.6754716e+04
2.9075630e-02      1012  4.5368897e+04  4.5262490e+04  4.5600880e+04
3.4544381e-02      1408  3.9076115e+04  3.8999628e+04  3.9193707e+04
3.9898901e-02      1841  3.4435750e+04  3.4425169e+04  3.5422726e+04
4.5580519e-02      2698  3.1466529e+04  3.1510560e+04  3.2191907e+04
5.1612543e-02      3532  2.7253826e+04  2.7299364e+04  2.8239587e+04
5.7899473e-02      4702  2.2887677e+04  2.2886508e+04  2.3578746e+04
6.4462744e-02      6019  1.9345992e+04  1.9297270e+04  1.9260315e+04
7.1309305e-02      7766  1.6499775e+04  1.6444245e+04  1.6265733e+04
7.8556104e-02     10012  1.4875109e+04  1.4856102e+04  1.4593528e+04
8.6194331e-02     12589  1.3696800e+04  1.3719946e+04  1.3406492e+04
9.4153926e-02     15650  1.2133358e+04  1.2155027e+04  1.1817203e+04
1.0254095e-01     19757  1.0499385e+04  1.0483688e+04  9.8429562e+03
1.1136076e-01     24241  9.2864313e+03  9.2507554e+03  8.2378051e+03
1.2060245e-01     29993  8.3418431e+03  8.3284884e+03  7.3456290e+03
1.3029316e-01     36494  7.5853512e+03  7.6021690e+03  6.7170439e+03
1.4046583e-01     44825  6.8218954e+03  6.8274270e+03  5.8462930e+03
1.5111985e-01     53906  6.2008422e+03  6.1816175e+03  4.9300091e+03
1.6229170e-01     65729  5.6019025e+03  5.5915246e+03  4.3304548e+03
1.7401323e-01     78746  5.1538146e+03  5.1619543e+03  3.9145511e+03
1.8625264e-01     94374  4.7069155e+03  4.7042750e+03  3.4151361e+03
1.9902230e-01    112166  4.3140055e+03  4.3060873e+03  2.9553634e+03
2.1238854e-01    134373  3.9548335e+03  3.9533210e+03  2.6281564e+03
2.2637810e-01    159077  3.6811974e+03  3.6826147e+03  2.3339530e+03
2.4096993e-01    188172  3.4128487e+03  3.4069947e+03  2.0364790e+03
2.5621802e-01    222492  3.1741464e+03  3.1736130e+03  1.8073941e+03
2.7214102e-01    261771  2.9700366e+03  2.9684806e+03  1.5992820e+03
2.8873063e-01    306759  2.7721915e+03  2.7704091e+03  1.4134446e+03
3.0605468e-01    360898  2.6068868e+03  2.6054198e+03  1.2521037e+03
3.2421519e-01    425046  2.4406534e+03  2.4392351e+03  1.1096065e+03
3.4337900e-01    505555  2.2995790e+03  2.2983193e+03  9.8300262e+02
3.6368055e-01    600292  2.1691846e+03  2.1679340e+03  8.6940748e+02
3.8517334e-01    712930  2.0421057e+03  2.0407995e+03  7.6791422e+02
4.0793004e-01    846715  1.9312228e+03  1.9300351e+03  6.7807239e+02
4.3202621e-01   1005596  1.8208287e+03  1.8197140e+03  5.9830712e+02
4.5754560e-01   1194719  1.7230655e+03  1.7219766e+03  5.2736826e+02
4.8457948e-01   1419743  1.6267500e+03  1.6257040e+03  4.6441986e+02
5.1321525e-01   1686576  1.5391664e+03  1.5381640e+03  4.0864429e+02
5.4354215e-01   2003484  1.4551180e+03  1.4541564e+03  3.5927394e+02
5.7565178e-01   2378778  1.3778073e+03  1.3768845e+03  3.1562698e+02
6.0966698e-01   2828400  1.3044292e+03  1.3035417e+03  2.7705894e+02
6.4568974e-01   3356890  1.2357339e+03  1.2348834e+03  2.4302410e+02
6.8383752e-01   3990317  1.1693455e+03  1.1685296e+03  2.1301889e+02
7.2424344e-01   4738457  1.1058937e+03  1.1051136e+03  1.8658442e+02
7.6703215e-01   5629661  1.0462200e+03  1.0454732e+03  1.6332007e+02
8.1235262e-01   6687903  9.8828501e+02  9.8757148e+02  1.4285868e+02
8.6035444e-01   7945758  9.3294278e+02  9.3226164e+02  1.2487761e+02
9.1118812e-01   9436555  8.7942726e+02  8.7877866e+02  1.0909127e+02
9.6501980e-01  11210320  8.2567469e+02  8.2505934e+02  9.5242594e+01
1.0220366e+00  13318613  7.7509857e+02  7.7451499e+02  8.3100822e+01
1.0824208e+00  15819192  7.2555978e+02  7.2500838e+02  7.2464598e+01
1.1463741e+00  18795348  6.7720144e+02  6.7668186e+02  6.3153472e+01
1.2141088e+00  22326034  6.3078620e+02  6.3029798e+02  5.5007803e+01
1.2858419e+00  26520842  5.8632673e+02  5.8586901e+02  4.7887059e+01
1.3618105e+00  31503438  5.4375782e+02  5.4332979e+02  4.1666143e+01
1.4422695e+00  37426927  5.0357923e+02  5.0317948e+02  3.6234406e+01
1.5275481e+00  44525830  4.6534404e+02  4.6497066e+02  3.1491490e+01
