# Power spectrum from CO𝘕CEPT job 4592834 at t = 2.6137202 Gyr, a = 0.28571429
#
# Components:
#   0: matter  (upstream grid size 1024)
#
#                           grid size 1024
# ╭────────────────────────────────────────────────────────────────╮
#                         component 0    (corrected)      (linear)
#                        σ₈ = 2.97e-01  σ₈ = 2.97e-01  σ₈ = 2.94e-01
#  k [Mpc⁻¹]    modes       P [Mpc³]       P [Mpc³]       P [Mpc³]
3.0679616e-03         3  5.9282423e+03  5.9282423e+03  5.9293144e+03
5.8212951e-03        25  8.7323417e+03  8.7704338e+03  8.7685666e+03
1.0440195e-02       124  1.0251481e+04  1.0367012e+04  1.0406067e+04
1.6729547e-02       418  9.3755041e+03  9.4595753e+03  9.4502000e+03
2.3240110e-02       730  7.3665436e+03  7.3666582e+03  7.4132008e+03
2.9075630e-02      1012  5.9721825e+03  5.9581755e+03  5.9577525e+03
3.4544381e-02      1408  5.1372745e+03  5.1272190e+03  5.1214292e+03
3.9898901e-02      1841  4.5987352e+03  4.5973222e+03  4.6291581e+03
4.5580519e-02      2698  4.1831058e+03  4.1889592e+03  4.2072809e+03
5.1612543e-02      3532  3.6526368e+03  3.6587400e+03  3.6909674e+03
5.7899473e-02      4702  3.0547088e+03  3.0545527e+03  3.0819353e+03
6.4462744e-02      6019  2.5178495e+03  2.5115083e+03  2.5175765e+03
7.1309305e-02      7766  2.1249146e+03  2.1177632e+03  2.1262092e+03
7.8556104e-02     10012  1.9036737e+03  1.9012412e+03  1.9076700e+03
8.6194331e-02     12589  1.7496136e+03  1.7525703e+03  1.7525353e+03
9.4153926e-02     15650  1.5412954e+03  1.5440480e+03  1.5448039e+03
1.0254095e-01     19757  1.2897441e+03  1.2878159e+03  1.2867379e+03
1.1136076e-01     24241  1.0902322e+03  1.0860438e+03  1.0769137e+03
1.2060245e-01     29993  9.6874108e+02  9.6719020e+02  9.6029003e+02
1.3029316e-01     36494  8.7861194e+02  8.8055995e+02  8.7812229e+02
1.4046583e-01     44825  7.7288022e+02  7.7350693e+02  7.6429369e+02
1.5111985e-01     53906  6.6100431e+02  6.5895498e+02  6.4451028e+02
1.6229170e-01     65729  5.7977511e+02  5.7870104e+02  5.6613200e+02
1.7401323e-01     78746  5.2321263e+02  5.2403897e+02  5.1176186e+02
1.8625264e-01     94374  4.6087104e+02  4.6061251e+02  4.4647330e+02
1.9902230e-01    112166  4.0116652e+02  4.0043020e+02  3.8636667e+02
2.1238854e-01    134373  3.5770888e+02  3.5757207e+02  3.4359045e+02
2.2637810e-01    159077  3.2007080e+02  3.2019403e+02  3.0512864e+02
2.4096993e-01    188172  2.8200115e+02  2.8151743e+02  2.6623899e+02
2.5621802e-01    222492  2.5220323e+02  2.5216084e+02  2.3628997e+02
2.7214102e-01    261771  2.2474133e+02  2.2462358e+02  2.0908271e+02
2.8873063e-01    306759  2.0000539e+02  1.9987680e+02  1.8478743e+02
3.0605468e-01    360898  1.7895456e+02  1.7885385e+02  1.6369464e+02
3.2421519e-01    425046  1.6087865e+02  1.6078516e+02  1.4506531e+02
3.4337900e-01    505555  1.4347276e+02  1.4339416e+02  1.2851377e+02
3.6368055e-01    600292  1.2826319e+02  1.2818924e+02  1.1366289e+02
3.8517334e-01    712930  1.1494582e+02  1.1487229e+02  1.0039414e+02
4.0793004e-01    846715  1.0285806e+02  1.0279480e+02  8.8648625e+01
4.3202621e-01   1005596  9.2112494e+01  9.2056105e+01  7.8220462e+01
4.5754560e-01   1194719  8.2117773e+01  8.2065877e+01  6.8946215e+01
4.8457948e-01   1419743  7.3388658e+01  7.3341472e+01  6.0716600e+01
5.1321525e-01   1686576  6.5596778e+01  6.5554058e+01  5.3424724e+01
5.4354215e-01   2003484  5.8583994e+01  5.8545277e+01  4.6970238e+01
5.7565178e-01   2378778  5.2319300e+01  5.2284258e+01  4.1264000e+01
6.0966698e-01   2828400  4.6681807e+01  4.6650045e+01  3.6221759e+01
6.4568974e-01   3356890  4.1717400e+01  4.1688688e+01  3.1772170e+01
6.8383752e-01   3990317  3.7403073e+01  3.7376978e+01  2.7849397e+01
7.2424344e-01   4738457  3.3670649e+01  3.3646897e+01  2.4393448e+01
7.6703215e-01   5629661  3.0669217e+01  3.0647326e+01  2.1351949e+01
8.1235262e-01   6687903  2.8396648e+01  2.8376146e+01  1.8676897e+01
8.6035444e-01   7945758  2.7061765e+01  2.7042008e+01  1.6326113e+01
9.1118812e-01   9436555  2.6818237e+01  2.6798458e+01  1.4262260e+01
9.6501980e-01  11210320  2.7811909e+01  2.7791182e+01  1.2451731e+01
1.0220366e+00  13318613  3.0353054e+01  3.0330201e+01  1.0864355e+01
1.0824208e+00  15819192  3.4740102e+01  3.4713701e+01  9.4738105e+00
1.1463741e+00  18795348  4.1208081e+01  4.1176464e+01  8.2565042e+00
1.2141088e+00  22326034  4.9280919e+01  4.9242776e+01  7.1915656e+00
1.2858419e+00  26520842  5.8047921e+01  5.8002606e+01  6.2606224e+00
1.3618105e+00  31503438  6.5595659e+01  6.5544024e+01  5.4473196e+00
1.4422695e+00  37426927  6.9900036e+01  6.9844547e+01  4.7371914e+00
1.5275481e+00  44525830  7.0992869e+01  7.0935907e+01  4.1171174e+00
