# Power spectrum from CO𝘕CEPT job 4592834 at t = 3.1247268 Gyr, a = 0.32258065
#
# Components:
#   0: matter  (upstream grid size 1024)
#
#                           grid size 1024
# ╭────────────────────────────────────────────────────────────────╮
#                         component 0    (corrected)      (linear)
#                        σ₈ = 3.35e-01  σ₈ = 3.35e-01  σ₈ = 3.31e-01
#  k [Mpc⁻¹]    modes       P [Mpc³]       P [Mpc³]       P [Mpc³]
3.0679616e-03         3  7.4945651e+03  7.4945651e+03  7.4963596e+03
5.8212951e-03        25  1.1038487e+04  1.1086639e+04  1.1084651e+04
1.0440195e-02       124  1.2950432e+04  1.3096378e+04  1.3153018e+04
1.6729547e-02       418  1.1849305e+04  1.1955560e+04  1.1943880e+04
2.3240110e-02       730  9.3009830e+03  9.3011276e+03  9.3689696e+03
2.9075630e-02      1012  7.5463396e+03  7.5286406e+03  7.5293794e+03
3.4544381e-02      1408  6.4923683e+03  6.4796603e+03  6.4723551e+03
3.9898901e-02      1841  5.8057061e+03  5.8039223e+03  5.8501833e+03
4.5580519e-02      2698  5.2829864e+03  5.2903787e+03  5.3169943e+03
5.1612543e-02      3532  4.6107164e+03  4.6184204e+03  4.6644750e+03
5.7899473e-02      4702  3.8566578e+03  3.8564608e+03  3.8947939e+03
6.4462744e-02      6019  3.1833656e+03  3.1753483e+03  3.1815766e+03
7.1309305e-02      7766  2.6873652e+03  2.6783208e+03  2.6869819e+03
7.8556104e-02     10012  2.4083925e+03  2.4053151e+03  2.4108002e+03
8.6194331e-02     12589  2.2145281e+03  2.2182704e+03  2.2147470e+03
9.4153926e-02     15650  1.9517156e+03  1.9552012e+03  1.9522264e+03
1.0254095e-01     19757  1.6355620e+03  1.6331167e+03  1.6260972e+03
1.1136076e-01     24241  1.3857896e+03  1.3804658e+03  1.3609338e+03
1.2060245e-01     29993  1.2319903e+03  1.2300180e+03  1.2135515e+03
1.3029316e-01     36494  1.1171685e+03  1.1196455e+03  1.1097127e+03
1.4046583e-01     44825  9.8480399e+02  9.8560253e+02  9.6586322e+02
1.5111985e-01     53906  8.4525226e+02  8.4263169e+02  8.1448864e+02
1.6229170e-01     65729  7.4254662e+02  7.4117101e+02  7.1543922e+02
1.7401323e-01     78746  6.7082870e+02  6.7188818e+02  6.4672976e+02
1.8625264e-01     94374  5.9250535e+02  5.9217297e+02  5.6422238e+02
1.9902230e-01    112166  5.1725069e+02  5.1630130e+02  4.8826364e+02
2.1238854e-01    134373  4.6216824e+02  4.6199148e+02  4.3420592e+02
2.2637810e-01    159077  4.1470470e+02  4.1486437e+02  3.8560047e+02
2.4096993e-01    188172  3.6682038e+02  3.6619117e+02  3.3645438e+02
2.5621802e-01    222492  3.2929881e+02  3.2924347e+02  2.9860685e+02
2.7214102e-01    261771  2.9437288e+02  2.9421865e+02  2.6422418e+02
2.8873063e-01    306759  2.6294905e+02  2.6277998e+02  2.3352147e+02
3.0605468e-01    360898  2.3607440e+02  2.3594155e+02  2.0686586e+02
3.2421519e-01    425046  2.1326033e+02  2.1313640e+02  1.8332340e+02
3.4337900e-01    505555  1.9101790e+02  1.9091326e+02  1.6240671e+02
3.6368055e-01    600292  1.7162547e+02  1.7152652e+02  1.4363920e+02
3.8517334e-01    712930  1.5460945e+02  1.5451056e+02  1.2687108e+02
4.0793004e-01    846715  1.3905657e+02  1.3897106e+02  1.1202791e+02
4.3202621e-01   1005596  1.2521457e+02  1.2513792e+02  9.8849526e+01
4.5754560e-01   1194719  1.1238930e+02  1.1231827e+02  8.7129381e+01
4.8457948e-01   1419743  1.0108061e+02  1.0101562e+02  7.6729369e+01
5.1321525e-01   1686576  9.0990373e+01  9.0931116e+01  6.7514407e+01
5.4354215e-01   2003484  8.1857532e+01  8.1803434e+01  5.9357679e+01
5.7565178e-01   2378778  7.3727736e+01  7.3678355e+01  5.2146536e+01
6.0966698e-01   2828400  6.6340966e+01  6.6295828e+01  4.5774506e+01
6.4568974e-01   3356890  5.9825479e+01  5.9784305e+01  4.0151427e+01
6.8383752e-01   3990317  5.4195504e+01  5.4157693e+01  3.5194102e+01
7.2424344e-01   4738457  4.9295782e+01  4.9261007e+01  3.0826717e+01
7.6703215e-01   5629661  4.5363004e+01  4.5330624e+01  2.6983084e+01
8.1235262e-01   6687903  4.2377905e+01  4.2347309e+01  2.3602542e+01
8.6035444e-01   7945758  4.0534690e+01  4.0505095e+01  2.0631786e+01
9.1118812e-01   9436555  4.0017412e+01  3.9987898e+01  1.8023635e+01
9.6501980e-01  11210320  4.0955008e+01  4.0924486e+01  1.5735615e+01
1.0220366e+00  13318613  4.3555734e+01  4.3522941e+01  1.3729603e+01
1.0824208e+00  15819192  4.7937916e+01  4.7901485e+01  1.1972330e+01
1.1463741e+00  18795348  5.3954819e+01  5.3913422e+01  1.0433984e+01
1.2141088e+00  22326034  6.0688317e+01  6.0641345e+01  9.0881897e+00
1.2858419e+00  26520842  6.7027755e+01  6.6975430e+01  7.9117293e+00
1.3618105e+00  31503438  7.1661225e+01  7.1604815e+01  6.8839346e+00
1.4422695e+00  37426927  7.3915857e+01  7.3857181e+01  5.9865248e+00
1.5275481e+00  44525830  7.4467076e+01  7.4407326e+01  5.2029190e+00
