# Power spectrum from CO𝘕CEPT job 4592834 at t = 7.9073748 Gyr, a = 0.625
#
# Components:
#   0: matter  (upstream grid size 1024)
#
#                           grid size 1024
# ╭────────────────────────────────────────────────────────────────╮
#                         component 0    (corrected)      (linear)
#                        σ₈ = 6.32e-01  σ₈ = 6.32e-01  σ₈ = 5.96e-01
#  k [Mpc⁻¹]    modes       P [Mpc³]       P [Mpc³]       P [Mpc³]
3.0679616e-03         3  2.4461841e+04  2.4461841e+04  2.4453801e+04
5.8212951e-03        25  3.6010266e+04  3.6167349e+04  3.6138535e+04
1.0440195e-02       124  4.2047205e+04  4.2521062e+04  4.2855478e+04
1.6729547e-02       418  3.8583191e+04  3.8929171e+04  3.8898466e+04
2.3240110e-02       730  3.0054557e+04  3.0055024e+04  3.0504889e+04
2.9075630e-02      1012  2.4512754e+04  2.4455263e+04  2.4512011e+04
3.4544381e-02      1408  2.1106506e+04  2.1065193e+04  2.1069126e+04
3.9898901e-02      1841  1.8724344e+04  1.8718591e+04  1.9042738e+04
4.5580519e-02      2698  1.7080452e+04  1.7104352e+04  1.7306434e+04
5.1612543e-02      3532  1.4846796e+04  1.4871604e+04  1.5182030e+04
5.7899473e-02      4702  1.2441870e+04  1.2441234e+04  1.2676535e+04
6.4462744e-02      6019  1.0396431e+04  1.0370247e+04  1.0354994e+04
7.1309305e-02      7766  8.8140344e+03  8.7843707e+03  8.7451127e+03
7.8556104e-02     10012  7.9221932e+03  7.9120703e+03  7.8461465e+03
8.6194331e-02     12589  7.2973730e+03  7.3097048e+03  7.2080014e+03
9.4153926e-02     15650  6.4531033e+03  6.4646280e+03  6.3535625e+03
1.0254095e-01     19757  5.4921909e+03  5.4839795e+03  5.2921314e+03
1.1136076e-01     24241  4.7569901e+03  4.7387150e+03  4.4291319e+03
1.2060245e-01     29993  4.2496490e+03  4.2428457e+03  3.9494607e+03
1.3029316e-01     36494  3.8544658e+03  3.8630117e+03  3.6115067e+03
1.4046583e-01     44825  3.4406347e+03  3.4434246e+03  3.1433449e+03
1.5111985e-01     53906  3.0496577e+03  3.0402028e+03  2.6506978e+03
1.6229170e-01     65729  2.7184134e+03  2.7133774e+03  2.3283426e+03
1.7401323e-01     78746  2.4788054e+03  2.4827203e+03  2.1047286e+03
1.8625264e-01     94374  2.2357770e+03  2.2345228e+03  1.8362119e+03
1.9902230e-01    112166  2.0018451e+03  1.9981708e+03  1.5890085e+03
2.1238854e-01    134373  1.8145321e+03  1.8138382e+03  1.4130809e+03
2.2637810e-01    159077  1.6644634e+03  1.6651042e+03  1.2548978e+03
2.4096993e-01    188172  1.5153534e+03  1.5127541e+03  1.0949557e+03
2.5621802e-01    222492  1.3926127e+03  1.3923787e+03  9.7178404e+02
2.7214102e-01    261771  1.2811341e+03  1.2804629e+03  8.5988867e+02
2.8873063e-01    306759  1.1740228e+03  1.1732679e+03  7.5996959e+02
3.0605468e-01    360898  1.0824544e+03  1.0818453e+03  6.7322147e+02
3.2421519e-01    425046  1.0026863e+03  1.0021036e+03  5.9660492e+02
3.4337900e-01    505555  9.2763906e+02  9.2713090e+02  5.2853369e+02
3.6368055e-01    600292  8.5955862e+02  8.5906307e+02  4.6745685e+02
3.8517334e-01    712930  7.9856617e+02  7.9805538e+02  4.1288681e+02
4.0793004e-01    846715  7.4277545e+02  7.4231867e+02  3.6458137e+02
4.3202621e-01   1005596  6.9021249e+02  6.8978995e+02  3.2169380e+02
4.5754560e-01   1194719  6.4256938e+02  6.4216329e+02  2.8355193e+02
4.8457948e-01   1419743  5.9870788e+02  5.9832293e+02  2.4970630e+02
5.1321525e-01   1686576  5.5900057e+02  5.5863653e+02  2.1971729e+02
5.4354215e-01   2003484  5.2145974e+02  5.2111512e+02  1.9317218e+02
5.7565178e-01   2378778  4.8847152e+02  4.8814435e+02  1.6970438e+02
6.0966698e-01   2828400  4.5777382e+02  4.5746236e+02  1.4896738e+02
6.4568974e-01   3356890  4.2996405e+02  4.2966813e+02  1.3066775e+02
6.8383752e-01   3990317  4.0478127e+02  4.0449885e+02  1.1453474e+02
7.2424344e-01   4738457  3.8210900e+02  3.8183945e+02  1.0032162e+02
7.6703215e-01   5629661  3.6186076e+02  3.6160246e+02  8.7812993e+01
8.1235262e-01   6687903  3.4400415e+02  3.4375579e+02  7.6811438e+01
8.6035444e-01   7945758  3.2796530e+02  3.2772586e+02  6.7143484e+01
9.1118812e-01   9436555  3.1378649e+02  3.1355506e+02  5.8655581e+01
9.6501980e-01  11210320  3.0021399e+02  2.9999025e+02  5.1209509e+01
1.0220366e+00  13318613  2.8737934e+02  2.8716297e+02  4.4681193e+01
1.0824208e+00  15819192  2.7474046e+02  2.7453167e+02  3.8962370e+01
1.1463741e+00  18795348  2.6218598e+02  2.6198482e+02  3.3956019e+01
1.2141088e+00  22326034  2.4974842e+02  2.4955512e+02  2.9576302e+01
1.2858419e+00  26520842  2.3718660e+02  2.3700144e+02  2.5747662e+01
1.3618105e+00  31503438  2.2472924e+02  2.2455234e+02  2.2402835e+01
1.4422695e+00  37426927  2.1246836e+02  2.1229970e+02  1.9482330e+01
1.5275481e+00  44525830  2.0071183e+02  2.0055078e+02  1.6932186e+01
