# Power spectrum from CO𝘕CEPT job 4592834 at t = 3.2784016 Gyr, a = 0.33333333
#
# Components:
#   0: matter  (upstream grid size 1024)
#
#                           grid size 1024
# ╭────────────────────────────────────────────────────────────────╮
#                         component 0    (corrected)      (linear)
#                        σ₈ = 3.46e-01  σ₈ = 3.46e-01  σ₈ = 3.41e-01
#  k [Mpc⁻¹]    modes       P [Mpc³]       P [Mpc³]       P [Mpc³]
3.0679616e-03         3  7.9807287e+03  7.9807287e+03  7.9826612e+03
5.8212951e-03        25  1.1754240e+04  1.1805514e+04  1.1803353e+04
1.0440195e-02       124  1.3787590e+04  1.3942971e+04  1.4005358e+04
1.6729547e-02       418  1.2616934e+04  1.2730072e+04  1.2717590e+04
2.3240110e-02       730  9.9006527e+03  9.9008066e+03  9.9757620e+03
2.9075630e-02      1012  8.0346683e+03  8.0158240e+03  8.0169803e+03
3.4544381e-02      1408  6.9127920e+03  6.8992611e+03  6.8914784e+03
3.9898901e-02      1841  6.1797862e+03  6.1778874e+03  6.2290022e+03
4.5580519e-02      2698  5.6239918e+03  5.6318613e+03  5.6612772e+03
5.1612543e-02      3532  4.9076056e+03  4.9158056e+03  4.9664995e+03
5.7899473e-02      4702  4.1052266e+03  4.1050169e+03  4.1469772e+03
6.4462744e-02      6019  3.3899780e+03  3.3814404e+03  3.3875771e+03
7.1309305e-02      7766  2.8620702e+03  2.8524379e+03  2.8609566e+03
7.8556104e-02     10012  2.5652257e+03  2.5619479e+03  2.5668916e+03
8.6194331e-02     12589  2.3590374e+03  2.3630239e+03  2.3581437e+03
9.4153926e-02     15650  2.0793521e+03  2.0830657e+03  2.0786251e+03
1.0254095e-01     19757  1.7433215e+03  1.7407151e+03  1.7313799e+03
1.1136076e-01     24241  1.4781478e+03  1.4724692e+03  1.4490479e+03
1.2060245e-01     29993  1.3143048e+03  1.3122007e+03  1.2921231e+03
1.3029316e-01     36494  1.1917595e+03  1.1944018e+03  1.1815611e+03
1.4046583e-01     44825  1.0511906e+03  1.0520429e+03  1.0283979e+03
1.5111985e-01     53906  9.0321424e+02  9.0041397e+02  8.6722251e+02
1.6229170e-01     65729  7.9384954e+02  7.9237888e+02  7.6176009e+02
1.7401323e-01     78746  7.1740868e+02  7.1854172e+02  6.8860200e+02
1.8625264e-01     94374  6.3416244e+02  6.3380669e+02  6.0075267e+02
1.9902230e-01    112166  5.5410201e+02  5.5308498e+02  5.1987599e+02
2.1238854e-01    134373  4.9539623e+02  4.9520676e+02  4.6231831e+02
2.2637810e-01    159077  4.4489154e+02  4.4506283e+02  4.1056591e+02
2.4096993e-01    188172  3.9398207e+02  3.9330628e+02  3.5823788e+02
2.5621802e-01    222492  3.5407074e+02  3.5401124e+02  3.1793993e+02
2.7214102e-01    261771  3.1682481e+02  3.1665882e+02  2.8133117e+02
2.8873063e-01    306759  2.8331135e+02  2.8312919e+02  2.4864063e+02
3.0605468e-01    360898  2.5460856e+02  2.5446528e+02  2.2025921e+02
3.2421519e-01    425046  2.3032147e+02  2.3018762e+02  1.9519252e+02
3.4337900e-01    505555  2.0656745e+02  2.0645430e+02  1.7292159e+02
3.6368055e-01    600292  1.8586476e+02  1.8575761e+02  1.5293900e+02
3.8517334e-01    712930  1.6768779e+02  1.6758053e+02  1.3508523e+02
4.0793004e-01    846715  1.5103784e+02  1.5094496e+02  1.1928106e+02
4.3202621e-01   1005596  1.3621527e+02  1.3613188e+02  1.0524945e+02
4.5754560e-01   1194719  1.2249939e+02  1.2242198e+02  9.2770490e+01
4.8457948e-01   1419743  1.1037325e+02  1.1030229e+02  8.1697139e+01
5.1321525e-01   1686576  9.9551730e+01  9.9486897e+01  7.1885562e+01
5.4354215e-01   2003484  8.9743903e+01  8.9684593e+01  6.3200734e+01
5.7565178e-01   2378778  8.1016917e+01  8.0962653e+01  5.5522713e+01
6.0966698e-01   2828400  7.3074344e+01  7.3024625e+01  4.8738131e+01
6.4568974e-01   3356890  6.6060707e+01  6.6015240e+01  4.2750991e+01
6.8383752e-01   3990317  6.0009729e+01  5.9967861e+01  3.7472709e+01
7.2424344e-01   4738457  5.4733104e+01  5.4694493e+01  3.2822561e+01
7.6703215e-01   5629661  5.0497466e+01  5.0461421e+01  2.8730076e+01
8.1235262e-01   6687903  4.7278744e+01  4.7244609e+01  2.5130664e+01
8.6035444e-01   7945758  4.5259596e+01  4.5226552e+01  2.1967570e+01
9.1118812e-01   9436555  4.4632253e+01  4.4599335e+01  1.9190556e+01
9.6501980e-01  11210320  4.5511225e+01  4.5477307e+01  1.6754401e+01
1.0220366e+00  13318613  4.8061566e+01  4.8025380e+01  1.4618511e+01
1.0824208e+00  15819192  5.2339688e+01  5.2299912e+01  1.2747465e+01
1.1463741e+00  18795348  5.8092554e+01  5.8047983e+01  1.1109521e+01
1.2141088e+00  22326034  6.4331678e+01  6.4281886e+01  9.6765943e+00
1.2858419e+00  26520842  6.9970177e+01  6.9915555e+01  8.4239652e+00
1.3618105e+00  31503438  7.3907493e+01  7.3849315e+01  7.3296270e+00
1.4422695e+00  37426927  7.5731005e+01  7.5670888e+01  6.3741153e+00
1.5275481e+00  44525830  7.6125561e+01  7.6064481e+01  5.5397758e+00
