# Power spectrum from CO𝘕CEPT job 4592834 at t = 5.4695574 Gyr, a = 0.47619048
#
# Components:
#   0: matter  (upstream grid size 1024)
#
#                           grid size 1024
# ╭────────────────────────────────────────────────────────────────╮
#                         component 0    (corrected)      (linear)
#                        σ₈ = 4.92e-01  σ₈ = 4.92e-01  σ₈ = 4.74e-01
#  k [Mpc⁻¹]    modes       P [Mpc³]       P [Mpc³]       P [Mpc³]
3.0679616e-03         3  1.5476013e+04  1.5476013e+04  1.5467733e+04
5.8212951e-03        25  2.2787214e+04  2.2886616e+04  2.2863475e+04
1.0440195e-02       124  2.6665978e+04  2.6966494e+04  2.7119409e+04
1.6729547e-02       418  2.4439614e+04  2.4658767e+04  2.4619843e+04
2.3240110e-02       730  1.9105855e+04  1.9106152e+04  1.9309363e+04
2.9075630e-02      1012  1.5547166e+04  1.5510702e+04  1.5516796e+04
3.4544381e-02      1408  1.3382696e+04  1.3356501e+04  1.3337825e+04
3.9898901e-02      1841  1.1916553e+04  1.1912892e+04  1.2055312e+04
4.5580519e-02      2698  1.0858893e+04  1.0874088e+04  1.0956323e+04
5.1612543e-02      3532  9.4571451e+03  9.4729469e+03  9.6115502e+03
5.7899473e-02      4702  7.9177242e+03  7.9173197e+03  8.0254435e+03
6.4462744e-02      6019  6.5767556e+03  6.5601922e+03  6.5557472e+03
7.1309305e-02      7766  5.5624565e+03  5.5437361e+03  5.5365704e+03
7.8556104e-02     10012  4.9925564e+03  4.9861770e+03  4.9674592e+03
8.6194331e-02     12589  4.5968228e+03  4.6045909e+03  4.5634656e+03
9.4153926e-02     15650  4.0589942e+03  4.0662432e+03  4.0225261e+03
1.0254095e-01     19757  3.4271302e+03  3.4220063e+03  3.3505303e+03
1.1136076e-01     24241  2.9360598e+03  2.9247803e+03  2.8041593e+03
1.2060245e-01     29993  2.6165401e+03  2.6123512e+03  2.5004767e+03
1.3029316e-01     36494  2.3721051e+03  2.3773644e+03  2.2865159e+03
1.4046583e-01     44825  2.1069588e+03  2.1086673e+03  1.9901165e+03
1.5111985e-01     53906  1.8387940e+03  1.8330932e+03  1.6782136e+03
1.6229170e-01     65729  1.6274190e+03  1.6244042e+03  1.4741253e+03
1.7401323e-01     78746  1.4772422e+03  1.4795753e+03  1.3325516e+03
1.8625264e-01     94374  1.3200432e+03  1.3193027e+03  1.1625485e+03
1.9902230e-01    112166  1.1674204e+03  1.1652776e+03  1.0060390e+03
2.1238854e-01    134373  1.0517514e+03  1.0513492e+03  8.9465553e+02
2.2637810e-01    159077  9.5505288e+02  9.5542059e+02  7.9450641e+02
2.4096993e-01    188172  8.5853400e+02  8.5706136e+02  6.9324349e+02
2.5621802e-01    222492  7.8170805e+02  7.8157668e+02  6.1526072e+02
2.7214102e-01    261771  7.0940875e+02  7.0903708e+02  5.4441716e+02
2.8873063e-01    306759  6.4281790e+02  6.4240459e+02  4.8115602e+02
3.0605468e-01    360898  5.8528876e+02  5.8495941e+02  4.2623369e+02
3.2421519e-01    425046  5.3753187e+02  5.3721950e+02  3.7772589e+02
3.4337900e-01    505555  4.9029180e+02  4.9002322e+02  3.3462832e+02
3.6368055e-01    600292  4.4869305e+02  4.4843437e+02  2.9595905e+02
3.8517334e-01    712930  4.1194593e+02  4.1168243e+02  2.6140938e+02
4.0793004e-01    846715  3.7761623e+02  3.7738401e+02  2.3082599e+02
4.3202621e-01   1005596  3.4668825e+02  3.4647602e+02  2.0367278e+02
4.5754560e-01   1194719  3.1829173e+02  3.1809058e+02  1.7952418e+02
4.8457948e-01   1419743  2.9268875e+02  2.9250056e+02  1.5809564e+02
5.1321525e-01   1686576  2.6958020e+02  2.6940464e+02  1.3910882e+02
5.4354215e-01   2003484  2.4862727e+02  2.4846295e+02  1.2230243e+02
5.7565178e-01   2378778  2.2950297e+02  2.2934926e+02  1.0744435e+02
6.0966698e-01   2828400  2.1248788e+02  2.1234331e+02  9.4315209e+01
6.4568974e-01   3356890  1.9699165e+02  1.9685607e+02  8.2729235e+01
6.8383752e-01   3990317  1.8343441e+02  1.8330643e+02  7.2515002e+01
7.2424344e-01   4738457  1.7159011e+02  1.7146907e+02  6.3516302e+01
7.6703215e-01   5629661  1.6166103e+02  1.6154564e+02  5.5596759e+01
8.1235262e-01   6687903  1.5357957e+02  1.5346868e+02  4.8631383e+01
8.6035444e-01   7945758  1.4735712e+02  1.4724954e+02  4.2510345e+01
9.1118812e-01   9436555  1.4293530e+02  1.4282988e+02  3.7136428e+01
9.6501980e-01  11210320  1.4008577e+02  1.3998136e+02  3.2422121e+01
1.0220366e+00  13318613  1.3824887e+02  1.3814478e+02  2.8288870e+01
1.0824208e+00  15819192  1.3695938e+02  1.3685529e+02  2.4668131e+01
1.1463741e+00  18795348  1.3565778e+02  1.3555370e+02  2.1498477e+01
1.2141088e+00  22326034  1.3380442e+02  1.3370086e+02  1.8725561e+01
1.2858419e+00  26520842  1.3120888e+02  1.3110645e+02  1.6301546e+01
1.3618105e+00  31503438  1.2811227e+02  1.2801142e+02  1.4183847e+01
1.4422695e+00  37426927  1.2456120e+02  1.2446232e+02  1.2334797e+01
1.5275481e+00  44525830  1.2074123e+02  1.2064435e+02  1.0720232e+01
