# Power spectrum from CO𝘕CEPT job 4592834 at t = 4.8111704 Gyr, a = 0.43478261
#
# Components:
#   0: matter  (upstream grid size 1024)
#
#                           grid size 1024
# ╭────────────────────────────────────────────────────────────────╮
#                         component 0    (corrected)      (linear)
#                        σ₈ = 4.51e-01  σ₈ = 4.51e-01  σ₈ = 4.37e-01
#  k [Mpc⁻¹]    modes       P [Mpc³]       P [Mpc³]       P [Mpc³]
3.0679616e-03         3  1.3133922e+04  1.3133922e+04  1.3130668e+04
5.8212951e-03        25  1.9340033e+04  1.9424398e+04  1.9410500e+04
1.0440195e-02       124  2.2647061e+04  2.2902285e+04  2.3025638e+04
1.6729547e-02       418  2.0747739e+04  2.0933786e+04  2.0904696e+04
2.3240110e-02       730  1.6237091e+04  1.6237344e+04  1.6396149e+04
2.9075630e-02      1012  1.3202986e+04  1.3172021e+04  1.3176015e+04
3.4544381e-02      1408  1.1363527e+04  1.1341284e+04  1.1325882e+04
3.9898901e-02      1841  1.0129913e+04  1.0126800e+04  1.0236910e+04
4.5580519e-02      2698  9.2276219e+03  9.2405339e+03  9.3037459e+03
5.1612543e-02      3532  8.0409874e+03  8.0544230e+03  8.1618474e+03
5.7899473e-02      4702  6.7303216e+03  6.7299778e+03  6.8149962e+03
6.4462744e-02      6019  5.5808397e+03  5.5667844e+03  5.5669841e+03
7.1309305e-02      7766  4.7173587e+03  4.7014825e+03  4.7015337e+03
7.8556104e-02     10012  4.2323097e+03  4.2269017e+03  4.2182646e+03
8.6194331e-02     12589  3.8958243e+03  3.9024078e+03  3.8752070e+03
9.4153926e-02     15650  3.4383164e+03  3.4444569e+03  3.4158556e+03
1.0254095e-01     19757  2.8967592e+03  2.8924283e+03  2.8452118e+03
1.1136076e-01     24241  2.4739981e+03  2.4644937e+03  2.3812450e+03
1.2060245e-01     29993  2.2032617e+03  2.1997345e+03  2.1233642e+03
1.3029316e-01     36494  1.9974107e+03  2.0018392e+03  1.9416733e+03
1.4046583e-01     44825  1.7709689e+03  1.7724049e+03  1.6899764e+03
1.5111985e-01     53906  1.5384494e+03  1.5336797e+03  1.4251138e+03
1.6229170e-01     65729  1.3587930e+03  1.3562758e+03  1.2518055e+03
1.7401323e-01     78746  1.2318147e+03  1.2337602e+03  1.1315835e+03
1.8625264e-01     94374  1.0973783e+03  1.0967627e+03  9.8721956e+02
1.9902230e-01    112166  9.6707431e+02  9.6529929e+02  8.5431409e+02
2.1238854e-01    134373  8.6945364e+02  8.6912111e+02  7.5972900e+02
2.2637810e-01    159077  7.8702403e+02  7.8732705e+02  6.7468386e+02
2.4096993e-01    188172  7.0456838e+02  7.0335984e+02  5.8869287e+02
2.5621802e-01    222492  6.3934764e+02  6.3924019e+02  5.2247103e+02
2.7214102e-01    261771  5.7777997e+02  5.7747726e+02  4.6231169e+02
2.8873063e-01    306759  5.2168699e+02  5.2135157e+02  4.0859122e+02
3.0605468e-01    360898  4.7322681e+02  4.7296052e+02  3.6195195e+02
3.2421519e-01    425046  4.3302965e+02  4.3277801e+02  3.2075980e+02
3.4337900e-01    505555  3.9312549e+02  3.9291014e+02  2.8416193e+02
3.6368055e-01    600292  3.5819274e+02  3.5798624e+02  2.5132452e+02
3.8517334e-01    712930  3.2738357e+02  3.2717416e+02  2.2198541e+02
4.0793004e-01    846715  2.9865839e+02  2.9847473e+02  1.9601440e+02
4.3202621e-01   1005596  2.7294952e+02  2.7278243e+02  1.7295626e+02
4.5754560e-01   1194719  2.4933784e+02  2.4918027e+02  1.5244959e+02
4.8457948e-01   1419743  2.2811721e+02  2.2797054e+02  1.3425276e+02
5.1321525e-01   1686576  2.0905947e+02  2.0892332e+02  1.1812940e+02
5.4354215e-01   2003484  1.9174374e+02  1.9161702e+02  1.0385763e+02
5.7565178e-01   2378778  1.7608386e+02  1.7596592e+02  9.1240351e+01
6.0966698e-01   2828400  1.6201661e+02  1.6190637e+02  8.0091257e+01
6.4568974e-01   3356890  1.4933044e+02  1.4922766e+02  7.0252599e+01
6.8383752e-01   3990317  1.3833223e+02  1.3823572e+02  6.1578806e+01
7.2424344e-01   4738457  1.2870433e+02  1.2861353e+02  5.3937227e+01
7.6703215e-01   5629661  1.2078051e+02  1.2069429e+02  4.7212054e+01
8.1235262e-01   6687903  1.1452752e+02  1.1444483e+02  4.1297147e+01
8.6035444e-01   7945758  1.0997249e+02  1.0989220e+02  3.6099241e+01
9.1118812e-01   9436555  1.0718809e+02  1.0710904e+02  3.1535780e+01
9.6501980e-01  11210320  1.0609046e+02  1.0601140e+02  2.7532452e+01
1.0220366e+00  13318613  1.0625741e+02  1.0617741e+02  2.4022549e+01
1.0824208e+00  15819192  1.0728933e+02  1.0720780e+02  2.0947864e+01
1.1463741e+00  18795348  1.0849608e+02  1.0841284e+02  1.8256234e+01
1.2141088e+00  22326034  1.0918331e+02  1.0909880e+02  1.5901510e+01
1.2858419e+00  26520842  1.0891719e+02  1.0883217e+02  1.3843067e+01
1.3618105e+00  31503438  1.0782878e+02  1.0774390e+02  1.2044744e+01
1.4422695e+00  37426927  1.0602149e+02  1.0593733e+02  1.0474555e+01
1.5275481e+00  44525830  1.0388506e+02  1.0380171e+02  9.1034868e+00
