# Power spectrum from CO𝘕CEPT job 4592834 at t = 10.262193 Gyr, a = 0.76923077
#
# Components:
#   0: matter  (upstream grid size 1024)
#
#                           grid size 1024
# ╭────────────────────────────────────────────────────────────────╮
#                         component 0    (corrected)      (linear)
#                        σ₈ = 7.50e-01  σ₈ = 7.50e-01  σ₈ = 6.95e-01
#  k [Mpc⁻¹]    modes       P [Mpc³]       P [Mpc³]       P [Mpc³]
3.0679616e-03         3  3.3204138e+04  3.3204138e+04  3.3198352e+04
5.8212951e-03        25  4.8871349e+04  4.9084535e+04  4.9054953e+04
1.0440195e-02       124  5.6960585e+04  5.7602509e+04  5.8163650e+04
1.6729547e-02       418  5.2311947e+04  5.2781034e+04  5.2786492e+04
2.3240110e-02       730  4.0627551e+04  4.0628183e+04  4.1393013e+04
2.9075630e-02      1012  3.3193681e+04  3.3115829e+04  3.3259710e+04
3.4544381e-02      1408  2.8586078e+04  2.8530124e+04  2.8587393e+04
3.9898901e-02      1841  2.5282825e+04  2.5275057e+04  2.5837434e+04
4.5580519e-02      2698  2.3081562e+04  2.3113860e+04  2.3481257e+04
5.1612543e-02      3532  2.0030459e+04  2.0063928e+04  2.0598647e+04
5.7899473e-02      4702  1.6800703e+04  1.6799845e+04  1.7199094e+04
6.4462744e-02      6019  1.4110492e+04  1.4074955e+04  1.4049208e+04
7.1309305e-02      7766  1.1992154e+04  1.1951795e+04  1.1864924e+04
7.8556104e-02     10012  1.0792304e+04  1.0778514e+04  1.0645204e+04
8.6194331e-02     12589  9.9409595e+03  9.9577587e+03  9.7793689e+03
9.4153926e-02     15650  8.7991375e+03  8.8148520e+03  8.6200929e+03
1.0254095e-01     19757  7.5431232e+03  7.5318455e+03  7.1799953e+03
1.1136076e-01     24241  6.5950924e+03  6.5697559e+03  6.0091251e+03
1.2060245e-01     29993  5.9050005e+03  5.8955471e+03  5.3583324e+03
1.3029316e-01     36494  5.3607147e+03  5.3726002e+03  4.8998146e+03
1.4046583e-01     44825  4.8012941e+03  4.8051873e+03  4.2646433e+03
1.5111985e-01     53906  4.3075359e+03  4.2941811e+03  3.5962545e+03
1.6229170e-01     65729  3.8628723e+03  3.8557161e+03  3.1589060e+03
1.7401323e-01     78746  3.5363470e+03  3.5419322e+03  2.8555224e+03
1.8625264e-01     94374  3.2097528e+03  3.2079523e+03  2.4912195e+03
1.9902230e-01    112166  2.9047275e+03  2.8993960e+03  2.1558333e+03
2.1238854e-01    134373  2.6454990e+03  2.6444871e+03  1.9171485e+03
2.2637810e-01    159077  2.4442341e+03  2.4451752e+03  1.7025383e+03
2.4096993e-01    188172  2.2456610e+03  2.2418090e+03  1.4855420e+03
2.5621802e-01    222492  2.0758213e+03  2.0754725e+03  1.3184328e+03
2.7214102e-01    261771  1.9271433e+03  1.9261336e+03  1.1666225e+03
2.8873063e-01    306759  1.7820776e+03  1.7809318e+03  1.0310607e+03
3.0605468e-01    360898  1.6593905e+03  1.6584568e+03  9.1336817e+02
3.2421519e-01    425046  1.5445268e+03  1.5436293e+03  8.0942137e+02
3.4337900e-01    505555  1.4426163e+03  1.4418260e+03  7.1706816e+02
3.6368055e-01    600292  1.3483979e+03  1.3476205e+03  6.3420436e+02
3.8517334e-01    712930  1.2615957e+03  1.2607887e+03  5.6016844e+02
4.0793004e-01    846715  1.1843444e+03  1.1836160e+03  4.9463182e+02
4.3202621e-01   1005596  1.1083913e+03  1.1077128e+03  4.3644571e+02
4.5754560e-01   1194719  1.0409999e+03  1.0403420e+03  3.8469815e+02
4.8457948e-01   1419743  9.7685459e+02  9.7622651e+02  3.3877936e+02
5.1321525e-01   1686576  9.1993859e+02  9.1933948e+02  2.9809290e+02
5.4354215e-01   2003484  8.6306661e+02  8.6249623e+02  2.6207884e+02
5.7565178e-01   2378778  8.1453140e+02  8.1398584e+02  2.3023980e+02
6.0966698e-01   2828400  7.6746450e+02  7.6694233e+02  2.0210566e+02
6.4568974e-01   3356890  7.2450422e+02  7.2400558e+02  1.7727835e+02
6.8383752e-01   3990317  6.8428455e+02  6.8380713e+02  1.5539051e+02
7.2424344e-01   4738457  6.4744398e+02  6.4698725e+02  1.3610741e+02
7.6703215e-01   5629661  6.1288314e+02  6.1244566e+02  1.1913682e+02
8.1235262e-01   6687903  5.8094752e+02  5.8052808e+02  1.0421089e+02
8.6035444e-01   7945758  5.5079155e+02  5.5038942e+02  9.1094267e+01
9.1118812e-01   9436555  5.2221190e+02  5.2182676e+02  7.9578637e+01
9.6501980e-01  11210320  4.9433840e+02  4.9396998e+02  6.9476469e+01
1.0220366e+00  13318613  4.6735505e+02  4.6700318e+02  6.0619433e+01
1.0824208e+00  15819192  4.4069433e+02  4.4035942e+02  5.2860645e+01
1.1463741e+00  18795348  4.1483268e+02  4.1451440e+02  4.6068474e+01
1.2141088e+00  22326034  3.8957653e+02  3.8927501e+02  4.0126466e+01
1.2858419e+00  26520842  3.6500020e+02  3.6471526e+02  3.4932109e+01
1.3618105e+00  31503438  3.4137318e+02  3.4110446e+02  3.0394148e+01
1.4422695e+00  37426927  3.1847409e+02  3.1822127e+02  2.6431868e+01
1.5275481e+00  44525830  2.9671724e+02  2.9647916e+02  2.2972060e+01
