# Power spectrum from CO𝘕CEPT job 4592834 at t = 7.3004497 Gyr, a = 0.58823529
#
# Components:
#   0: matter  (upstream grid size 1024)
#
#                           grid size 1024
# ╭────────────────────────────────────────────────────────────────╮
#                         component 0    (corrected)      (linear)
#                        σ₈ = 6.00e-01  σ₈ = 5.99e-01  σ₈ = 5.68e-01
#  k [Mpc⁻¹]    modes       P [Mpc³]       P [Mpc³]       P [Mpc³]
3.0679616e-03         3  2.2199516e+04  2.2199516e+04  2.2189209e+04
5.8212951e-03        25  3.2681532e+04  3.2824095e+04  3.2793282e+04
1.0440195e-02       124  3.8180064e+04  3.8610339e+04  3.8890386e+04
1.6729547e-02       418  3.5025454e+04  3.5339531e+04  3.5300877e+04
2.3240110e-02       730  2.7306244e+04  2.7306668e+04  2.7684234e+04
2.9075630e-02      1012  2.2259713e+04  2.2207506e+04  2.2245772e+04
3.4544381e-02      1408  1.9165394e+04  1.9127881e+04  1.9121347e+04
3.9898901e-02      1841  1.7017108e+04  1.7011880e+04  1.7282387e+04
4.5580519e-02      2698  1.5519437e+04  1.5541152e+04  1.5706658e+04
5.1612543e-02      3532  1.3496129e+04  1.3518679e+04  1.3778676e+04
5.7899473e-02      4702  1.1307357e+04  1.1306779e+04  1.1504806e+04
6.4462744e-02      6019  9.4350339e+03  9.4112719e+03  9.3978712e+03
7.1309305e-02      7766  7.9940209e+03  7.9671170e+03  7.9368059e+03
7.8556104e-02     10012  7.1827343e+03  7.1735563e+03  7.1209401e+03
8.6194331e-02     12589  6.6159151e+03  6.6270953e+03  6.5417847e+03
9.4153926e-02     15650  5.8486449e+03  5.8590901e+03  5.7663244e+03
1.0254095e-01     19757  4.9680255e+03  4.9605979e+03  4.8030012e+03
1.1136076e-01     24241  4.2917406e+03  4.2752529e+03  4.0197678e+03
1.2060245e-01     29993  3.8317364e+03  3.8256021e+03  3.5844321e+03
1.3029316e-01     36494  3.4748319e+03  3.4825361e+03  3.2777149e+03
1.4046583e-01     44825  3.0985250e+03  3.1010374e+03  2.8528237e+03
1.5111985e-01     53906  2.7365927e+03  2.7281083e+03  2.4057098e+03
1.6229170e-01     65729  2.4352307e+03  2.4307193e+03  2.1131486e+03
1.7401323e-01     78746  2.2181495e+03  2.2216527e+03  1.9102022e+03
1.8625264e-01     94374  1.9966338e+03  1.9955137e+03  1.6665031e+03
1.9902230e-01    112166  1.7824251e+03  1.7791535e+03  1.4421473e+03
2.1238854e-01    134373  1.6134757e+03  1.6128586e+03  1.2824796e+03
2.2637810e-01    159077  1.4767062e+03  1.4772747e+03  1.1389164e+03
2.4096993e-01    188172  1.3406458e+03  1.3383462e+03  9.9375676e+02
2.5621802e-01    222492  1.2297079e+03  1.2295013e+03  8.8196907e+02
2.7214102e-01    261771  1.1278680e+03  1.1272770e+03  7.8041544e+02
2.8873063e-01    306759  1.0308843e+03  1.0302215e+03  6.8973120e+02
3.0605468e-01    360898  9.4772928e+02  9.4719597e+02  6.1100060e+02
3.2421519e-01    425046  8.7649983e+02  8.7599047e+02  5.4146519e+02
3.4337900e-01    505555  8.0841697e+02  8.0797412e+02  4.7968530e+02
3.6368055e-01    600292  7.4709613e+02  7.4666541e+02  4.2425335e+02
3.8517334e-01    712930  6.9244173e+02  6.9199882e+02  3.7472681e+02
4.0793004e-01    846715  6.4208037e+02  6.4168551e+02  3.3088590e+02
4.3202621e-01   1005596  5.9522531e+02  5.9486092e+02  2.9196211e+02
4.5754560e-01   1194719  5.5254579e+02  5.5219659e+02  2.5734540e+02
4.8457948e-01   1419743  5.1350668e+02  5.1317651e+02  2.2662787e+02
5.1321525e-01   1686576  4.7806740e+02  4.7775606e+02  1.9941052e+02
5.4354215e-01   2003484  4.4515973e+02  4.4486553e+02  1.7531877e+02
5.7565178e-01   2378778  4.1574763e+02  4.1546917e+02  1.5401992e+02
6.0966698e-01   2828400  3.8889242e+02  3.8862782e+02  1.3519948e+02
6.4568974e-01   3356890  3.6444025e+02  3.6418942e+02  1.1859115e+02
6.8383752e-01   3990317  3.4250719e+02  3.4226823e+02  1.0394919e+02
7.2424344e-01   4738457  3.2290223e+02  3.2267444e+02  9.1049680e+01
7.6703215e-01   5629661  3.0575752e+02  3.0553927e+02  7.9697127e+01
8.1235262e-01   6687903  2.9076123e+02  2.9055130e+02  6.9712360e+01
8.6035444e-01   7945758  2.7772132e+02  2.7751856e+02  6.0937940e+01
9.1118812e-01   9436555  2.6651531e+02  2.6631875e+02  5.3234508e+01
9.6501980e-01  11210320  2.5609367e+02  2.5590281e+02  4.6476618e+01
1.0220366e+00  13318613  2.4648435e+02  2.4629876e+02  4.0551664e+01
1.0824208e+00  15819192  2.3695632e+02  2.3677624e+02  3.5361387e+01
1.1463741e+00  18795348  2.2752052e+02  2.2734595e+02  3.0817734e+01
1.2141088e+00  22326034  2.1795473e+02  2.1778603e+02  2.6842800e+01
1.2858419e+00  26520842  2.0811014e+02  2.0794768e+02  2.3368011e+01
1.3618105e+00  31503438  1.9822584e+02  1.9806980e+02  2.0332321e+01
1.4422695e+00  37426927  1.8842320e+02  1.8827362e+02  1.7681735e+01
1.5275481e+00  44525830  1.7888013e+02  1.7873661e+02  1.5367280e+01
