# Power spectrum from CO𝘕CEPT job 4592834 at t = 2.7279217 Gyr, a = 0.29411765
#
# Components:
#   0: matter  (upstream grid size 1024)
#
#                           grid size 1024
# ╭────────────────────────────────────────────────────────────────╮
#                         component 0    (corrected)      (linear)
#                        σ₈ = 3.05e-01  σ₈ = 3.05e-01  σ₈ = 3.02e-01
#  k [Mpc⁻¹]    modes       P [Mpc³]       P [Mpc³]       P [Mpc³]
3.0679616e-03         3  6.2711703e+03  6.2711703e+03  6.2724108e+03
5.8212951e-03        25  9.2372630e+03  9.2775577e+03  9.2756833e+03
1.0440195e-02       124  1.0842628e+04  1.0964820e+04  1.1007553e+04
1.6729547e-02       418  9.9172000e+03  1.0006129e+04  9.9962492e+03
2.3240110e-02       730  7.7903920e+03  7.7905131e+03  7.8414708e+03
2.9075630e-02      1012  6.3169378e+03  6.3021223e+03  6.3019078e+03
3.4544381e-02      1408  5.4340293e+03  5.4233929e+03  5.4172573e+03
3.9898901e-02      1841  4.8632211e+03  4.8617269e+03  4.8965416e+03
4.5580519e-02      2698  4.4240731e+03  4.4302636e+03  4.4502899e+03
5.1612543e-02      3532  3.8626037e+03  3.8690577e+03  3.9041502e+03
5.7899473e-02      4702  3.2304332e+03  3.2302682e+03  3.2599389e+03
6.4462744e-02      6019  2.6635355e+03  2.6568275e+03  2.6629825e+03
7.1309305e-02      7766  2.2480017e+03  2.2404361e+03  2.2490102e+03
7.8556104e-02     10012  2.0141005e+03  2.0115269e+03  2.0178482e+03
8.6194331e-02     12589  1.8513106e+03  1.8544391e+03  1.8537531e+03
9.4153926e-02     15650  1.6310435e+03  1.6339564e+03  1.6340237e+03
1.0254095e-01     19757  1.3652754e+03  1.3632341e+03  1.3610528e+03
1.1136076e-01     24241  1.1546752e+03  1.1502393e+03  1.1391102e+03
1.2060245e-01     29993  1.0261173e+03  1.0244745e+03  1.0157508e+03
1.3029316e-01     36494  9.3060823e+02  9.3267152e+02  9.2883739e+02
1.4046583e-01     44825  8.1901638e+02  8.1968049e+02  8.0843464e+02
1.5111985e-01     53906  7.0101159e+02  6.9883822e+02  6.8173321e+02
1.6229170e-01     65729  6.1507783e+02  6.1393836e+02  5.9882824e+02
1.7401323e-01     78746  5.5520534e+02  5.5608220e+02  5.4131799e+02
1.8625264e-01     94374  4.8934875e+02  4.8907424e+02  4.7225875e+02
1.9902230e-01    112166  4.2623121e+02  4.2544888e+02  4.0868073e+02
2.1238854e-01    134373  3.8023451e+02  3.8008909e+02  3.6343401e+02
2.2637810e-01    159077  3.4044196e+02  3.4057303e+02  3.2275088e+02
2.4096993e-01    188172  3.0021436e+02  2.9969940e+02  2.8161521e+02
2.5621802e-01    222492  2.6872157e+02  2.6867641e+02  2.4993653e+02
2.7214102e-01    261771  2.3962839e+02  2.3950284e+02  2.2115795e+02
2.8873063e-01    306759  2.1343393e+02  2.1329670e+02  1.9545953e+02
3.0605468e-01    360898  1.9111712e+02  1.9100958e+02  1.7314855e+02
3.2421519e-01    425046  1.7200431e+02  1.7190435e+02  1.5344332e+02
3.4337900e-01    505555  1.5354455e+02  1.5346044e+02  1.3593587e+02
3.6368055e-01    600292  1.3742437e+02  1.3734515e+02  1.2022730e+02
3.8517334e-01    712930  1.2330278e+02  1.2322391e+02  1.0619223e+02
4.0793004e-01    846715  1.1046586e+02  1.1039793e+02  9.3768375e+01
4.3202621e-01   1005596  9.9051092e+01  9.8990455e+01  8.2737950e+01
4.5754560e-01   1194719  8.8441332e+01  8.8385439e+01  7.2928084e+01
4.8457948e-01   1419743  7.9154993e+01  7.9104099e+01  6.4223182e+01
5.1321525e-01   1686576  7.0867739e+01  7.0821586e+01  5.6510176e+01
5.4354215e-01   2003484  6.3398649e+01  6.3356750e+01  4.9682922e+01
5.7565178e-01   2378778  5.6732935e+01  5.6694937e+01  4.3647130e+01
6.0966698e-01   2828400  5.0718514e+01  5.0684006e+01  3.8313683e+01
6.4568974e-01   3356890  4.5422152e+01  4.5390891e+01  3.3607115e+01
6.8383752e-01   3990317  4.0824811e+01  4.0796328e+01  2.9457789e+01
7.2424344e-01   4738457  3.6843009e+01  3.6817019e+01  2.5802248e+01
7.6703215e-01   5629661  3.3643434e+01  3.3619419e+01  2.2585092e+01
8.1235262e-01   6687903  3.1219587e+01  3.1197047e+01  1.9755547e+01
8.6035444e-01   7945758  2.9780550e+01  2.9758807e+01  1.7268998e+01
9.1118812e-01   9436555  2.9486807e+01  2.9465060e+01  1.5085951e+01
9.6501980e-01  11210320  3.0484398e+01  3.0461679e+01  1.3170857e+01
1.0220366e+00  13318613  3.3067069e+01  3.3042173e+01  1.1491806e+01
1.0824208e+00  15819192  3.7498177e+01  3.7469680e+01  1.0020953e+01
1.1463741e+00  18795348  4.3928553e+01  4.3894849e+01  8.7333432e+00
1.2141088e+00  22326034  5.1755930e+01  5.1715872e+01  7.6069010e+00
1.2858419e+00  26520842  5.9978034e+01  5.9931212e+01  6.6221928e+00
1.3618105e+00  31503438  6.6782362e+01  6.6729793e+01  5.7619192e+00
1.4422695e+00  37426927  7.0510846e+01  7.0454873e+01  5.0107788e+00
1.5275481e+00  44525830  7.1461495e+01  7.1404157e+01  4.3548935e+00
