# Power spectrum from CO𝘕CEPT job 4592834 at t = 9.3736466 Gyr, a = 0.71428571
#
# Components:
#   0: matter  (upstream grid size 1024)
#
#                           grid size 1024
# ╭────────────────────────────────────────────────────────────────╮
#                         component 0    (corrected)      (linear)
#                        σ₈ = 7.08e-01  σ₈ = 7.07e-01  σ₈ = 6.59e-01
#  k [Mpc⁻¹]    modes       P [Mpc³]       P [Mpc³]       P [Mpc³]
3.0679616e-03         3  2.9927053e+04  2.9927053e+04  2.9921546e+04
5.8212951e-03        25  4.4050711e+04  4.4242869e+04  4.4215003e+04
1.0440195e-02       124  5.1375698e+04  5.1954683e+04  5.2427742e+04
1.6729547e-02       418  4.7169274e+04  4.7592246e+04  4.7582930e+04
2.3240110e-02       730  3.6672758e+04  3.6673329e+04  3.7313566e+04
2.9075630e-02      1012  2.9944284e+04  2.9874054e+04  2.9982267e+04
3.4544381e-02      1408  2.5786318e+04  2.5735844e+04  2.5770603e+04
3.9898901e-02      1841  2.2831333e+04  2.2824318e+04  2.3291756e+04
4.5580519e-02      2698  2.0837651e+04  2.0866808e+04  2.1167832e+04
5.1612543e-02      3532  1.8093745e+04  1.8123977e+04  1.8569298e+04
5.7899473e-02      4702  1.5171289e+04  1.5170514e+04  1.5504712e+04
6.4462744e-02      6019  1.2718474e+04  1.2686443e+04  1.2665171e+04
7.1309305e-02      7766  1.0799124e+04  1.0762779e+04  1.0696090e+04
7.8556104e-02     10012  9.7140488e+03  9.7016363e+03  9.5965422e+03
8.6194331e-02     12589  8.9481324e+03  8.9632537e+03  8.8160122e+03
9.4153926e-02     15650  7.9178960e+03  7.9320366e+03  7.7709439e+03
1.0254095e-01     19757  6.7697560e+03  6.7596346e+03  6.4727134e+03
1.1136076e-01     24241  5.8988228e+03  5.8761611e+03  5.4171865e+03
1.2060245e-01     29993  5.2771677e+03  5.2687194e+03  4.8305043e+03
1.3029316e-01     36494  4.7889356e+03  4.7995533e+03  4.4171556e+03
1.4046583e-01     44825  4.2841769e+03  4.2876508e+03  3.8445539e+03
1.5111985e-01     53906  3.8273673e+03  3.8155012e+03  3.2420062e+03
1.6229170e-01     65729  3.4248467e+03  3.4185020e+03  2.8477395e+03
1.7401323e-01     78746  3.1308664e+03  3.1358112e+03  2.5742413e+03
1.8625264e-01     94374  2.8357171e+03  2.8341263e+03  2.2458243e+03
1.9902230e-01    112166  2.5564094e+03  2.5517172e+03  1.9434753e+03
2.1238854e-01    134373  2.3242266e+03  2.3233377e+03  1.7283022e+03
2.2637810e-01    159077  2.1421443e+03  2.1429691e+03  1.5348322e+03
2.4096993e-01    188172  1.9619858e+03  1.9586205e+03  1.3392110e+03
2.5621802e-01    222492  1.8100569e+03  1.8097527e+03  1.1885628e+03
2.7214102e-01    261771  1.6754277e+03  1.6745499e+03  1.0517064e+03
2.8873063e-01    306759  1.5444279e+03  1.5434349e+03  9.2949794e+02
3.0605468e-01    360898  1.4331281e+03  1.4323216e+03  8.2339858e+02
3.2421519e-01    425046  1.3317023e+03  1.3309284e+03  7.2969091e+02
3.4337900e-01    505555  1.2398717e+03  1.2391925e+03  6.4643481e+02
3.6368055e-01    600292  1.1554128e+03  1.1547466e+03  5.7173337e+02
3.8517334e-01    712930  1.0785540e+03  1.0778641e+03  5.0499024e+02
4.0793004e-01    846715  1.0094449e+03  1.0088241e+03  4.4590918e+02
4.3202621e-01   1005596  9.4243070e+02  9.4185376e+02  3.9345458e+02
4.5754560e-01   1194719  8.8254950e+02  8.8199176e+02  3.4680431e+02
4.8457948e-01   1419743  8.2633919e+02  8.2580788e+02  3.0540866e+02
5.1321525e-01   1686576  7.7608398e+02  7.7557855e+02  2.6872994e+02
5.4354215e-01   2003484  7.2655773e+02  7.2607756e+02  2.3626337e+02
5.7565178e-01   2378778  6.8419257e+02  6.8373431e+02  2.0756056e+02
6.0966698e-01   2828400  6.4348850e+02  6.4305068e+02  1.8219772e+02
6.4568974e-01   3356890  6.0664754e+02  6.0623002e+02  1.5981597e+02
6.8383752e-01   3990317  5.7256084e+02  5.7216137e+02  1.4008414e+02
7.2424344e-01   4738457  5.4152147e+02  5.4113947e+02  1.2270048e+02
7.6703215e-01   5629661  5.1269041e+02  5.1232445e+02  1.0740154e+02
8.1235262e-01   6687903  4.8662117e+02  4.8626984e+02  9.3945848e+01
8.6035444e-01   7945758  4.6221477e+02  4.6187731e+02  8.2121250e+01
9.1118812e-01   9436555  4.3950242e+02  4.3917827e+02  7.1739940e+01
9.6501980e-01  11210320  4.1742430e+02  4.1711321e+02  6.2632862e+01
1.0220366e+00  13318613  3.9597875e+02  3.9568062e+02  5.4648267e+01
1.0824208e+00  15819192  3.7492548e+02  3.7464055e+02  4.7653740e+01
1.1463741e+00  18795348  3.5439508e+02  3.5412318e+02  4.1530616e+01
1.2141088e+00  22326034  3.3425262e+02  3.3399392e+02  3.6173911e+01
1.2858419e+00  26520842  3.1447127e+02  3.1422577e+02  3.1491211e+01
1.3618105e+00  31503438  2.9525253e+02  2.9502012e+02  2.7400251e+01
1.4422695e+00  37426927  2.7662752e+02  2.7640792e+02  2.3828265e+01
1.5275481e+00  44525830  2.5877789e+02  2.5857025e+02  2.0709258e+01
