# Power spectrum from CO𝘕CEPT job 4592834 at t = 2.407584 Gyr, a = 0.27027027
#
# Components:
#   0: matter  (upstream grid size 1024)
#
#                           grid size 1024
# ╭────────────────────────────────────────────────────────────────╮
#                         component 0    (corrected)      (linear)
#                        σ₈ = 2.81e-01  σ₈ = 2.80e-01  σ₈ = 2.79e-01
#  k [Mpc⁻¹]    modes       P [Mpc³]       P [Mpc³]       P [Mpc³]
3.0679616e-03         3  5.3205098e+03  5.3205098e+03  5.3212973e+03
5.8212951e-03        25  7.8374998e+03  7.8716884e+03  7.8698458e+03
1.0440195e-02       124  9.2035041e+03  9.3072242e+03  9.3400563e+03
1.6729547e-02       418  8.4153971e+03  8.4908590e+03  8.4824095e+03
2.3240110e-02       730  6.6149370e+03  6.6150398e+03  6.6541428e+03
2.9075630e-02      1012  5.3610563e+03  5.3484827e+03  5.3477722e+03
3.4544381e-02      1408  4.6112719e+03  4.6022460e+03  4.5971008e+03
3.9898901e-02      1841  4.1296852e+03  4.1284163e+03  4.1552434e+03
4.5580519e-02      2698  3.7558416e+03  3.7610971e+03  3.7765667e+03
5.1612543e-02      3532  3.2802455e+03  3.2857264e+03  3.3131170e+03
5.7899473e-02      4702  2.7430850e+03  2.7429449e+03  2.7664369e+03
6.4462744e-02      6019  2.2596982e+03  2.2540072e+03  2.2598544e+03
7.1309305e-02      7766  1.9068577e+03  1.9004402e+03  1.9085528e+03
7.8556104e-02     10012  1.7080829e+03  1.7059003e+03  1.7123864e+03
8.6194331e-02     12589  1.5695191e+03  1.5721714e+03  1.5731335e+03
9.4153926e-02     15650  1.3824028e+03  1.3848717e+03  1.3866676e+03
1.0254095e-01     19757  1.1561454e+03  1.1544169e+03  1.1550194e+03
1.1136076e-01     24241  9.7640058e+02  9.7264952e+02  9.6667447e+02
1.2060245e-01     29993  8.6742416e+02  8.6603547e+02  8.6198929e+02
1.3029316e-01     36494  7.8679074e+02  7.8853516e+02  7.8823288e+02
1.4046583e-01     44825  6.9149097e+02  6.9205167e+02  6.8605654e+02
1.5111985e-01     53906  5.9057175e+02  5.8874079e+02  5.7853489e+02
1.6229170e-01     65729  5.1768235e+02  5.1672331e+02  5.0817988e+02
1.7401323e-01     78746  4.6697431e+02  4.6771183e+02  4.5937540e+02
1.8625264e-01     94374  4.1088442e+02  4.1065393e+02  4.0077013e+02
1.9902230e-01    112166  3.5724017e+02  3.5658447e+02  3.4681635e+02
2.1238854e-01    134373  3.1827461e+02  3.1815288e+02  3.0841892e+02
2.2637810e-01    159077  2.8445885e+02  2.8456837e+02  2.7389426e+02
2.4096993e-01    188172  2.5022632e+02  2.4979710e+02  2.3898555e+02
2.5621802e-01    222492  2.2343829e+02  2.2340074e+02  2.1210226e+02
2.7214102e-01    261771  1.9886077e+02  1.9875659e+02  1.8768006e+02
2.8873063e-01    306759  1.7670192e+02  1.7658830e+02  1.6587177e+02
3.0605468e-01    360898  1.5788096e+02  1.5779211e+02  1.4693813e+02
3.2421519e-01    425046  1.4164339e+02  1.4156108e+02  1.3021579e+02
3.4337900e-01    505555  1.2609671e+02  1.2602763e+02  1.1535854e+02
3.6368055e-01    600292  1.1249346e+02  1.1242861e+02  1.0202786e+02
3.8517334e-01    712930  1.0059335e+02  1.0052901e+02  9.0117361e+01
4.0793004e-01    846715  8.9819339e+01  8.9764103e+01  7.9574169e+01
4.3202621e-01   1005596  8.0247416e+01  8.0198290e+01  7.0213479e+01
4.5754560e-01   1194719  7.1336077e+01  7.1290995e+01  6.1888585e+01
4.8457948e-01   1419743  6.3582996e+01  6.3542114e+01  5.4501390e+01
5.1321525e-01   1686576  5.6657517e+01  5.6620619e+01  4.7955942e+01
5.4354215e-01   2003484  5.0441541e+01  5.0408205e+01  4.2162165e+01
5.7565178e-01   2378778  4.4877907e+01  4.4847848e+01  3.7040043e+01
6.0966698e-01   2828400  3.9898451e+01  3.9871305e+01  3.2513947e+01
6.4568974e-01   3356890  3.5510970e+01  3.5486530e+01  2.8519837e+01
6.8383752e-01   3990317  3.1691327e+01  3.1669217e+01  2.4998616e+01
7.2424344e-01   4738457  2.8392457e+01  2.8372428e+01  2.1896432e+01
7.6703215e-01   5629661  2.5734168e+01  2.5715799e+01  1.9166274e+01
8.1235262e-01   6687903  2.3723573e+01  2.3706445e+01  1.6765052e+01
8.6035444e-01   7945758  2.2564376e+01  2.2547902e+01  1.4654904e+01
9.1118812e-01   9436555  2.2397806e+01  2.2381287e+01  1.2802316e+01
9.6501980e-01  11210320  2.3364807e+01  2.3347394e+01  1.1177120e+01
1.0220366e+00  13318613  2.5795038e+01  2.5775616e+01  9.7522356e+00
1.0824208e+00  15819192  3.0038573e+01  3.0015745e+01  8.5040326e+00
1.1463741e+00  18795348  3.6473304e+01  3.6445320e+01  7.4113350e+00
1.2141088e+00  22326034  4.4880784e+01  4.4846046e+01  6.4554080e+00
1.2858419e+00  26520842  5.4600175e+01  5.4557551e+01  5.6197599e+00
1.3618105e+00  31503438  6.3635416e+01  6.3585324e+01  4.8897103e+00
1.4422695e+00  37426927  6.9242150e+01  6.9187183e+01  4.2522738e+00
1.5275481e+00  44525830  7.0687005e+01  7.0630288e+01  3.6956731e+00
