# Power spectrum from CO𝘕CEPT job 4592834 at t = 6.2824789 Gyr, a = 0.52631579
#
# Components:
#   0: matter  (upstream grid size 1024)
#
#                           grid size 1024
# ╭────────────────────────────────────────────────────────────────╮
#                         component 0    (corrected)      (linear)
#                        σ₈ = 5.41e-01  σ₈ = 5.41e-01  σ₈ = 5.18e-01
#  k [Mpc⁻¹]    modes       P [Mpc³]       P [Mpc³]       P [Mpc³]
3.0679616e-03         3  1.8433602e+04  1.8433602e+04  1.8421795e+04
5.8212951e-03        25  2.7139889e+04  2.7258278e+04  2.7227764e+04
1.0440195e-02       124  3.1734938e+04  3.2092579e+04  3.2293177e+04
1.6729547e-02       418  2.9098496e+04  2.9359426e+04  2.9314753e+04
2.3240110e-02       730  2.2719316e+04  2.2719670e+04  2.2990687e+04
2.9075630e-02      1012  1.8503034e+04  1.8459638e+04  1.8474684e+04
3.4544381e-02      1408  1.5928996e+04  1.5897817e+04  1.5880141e+04
3.9898901e-02      1841  1.4165306e+04  1.4160953e+04  1.4353042e+04
4.5580519e-02      2698  1.2913049e+04  1.2931117e+04  1.3044497e+04
5.1612543e-02      3532  1.1238582e+04  1.1257361e+04  1.1443363e+04
5.7899473e-02      4702  9.4122134e+03  9.4117326e+03  9.5549302e+03
6.4462744e-02      6019  7.8342746e+03  7.8145441e+03  7.8051147e+03
7.1309305e-02      7766  6.6310952e+03  6.6087782e+03  6.5916907e+03
7.8556104e-02     10012  5.9546319e+03  5.9470232e+03  5.9141103e+03
8.6194331e-02     12589  5.4838543e+03  5.4931214e+03  5.4331184e+03
9.4153926e-02     15650  4.8449360e+03  4.8535886e+03  4.7890865e+03
1.0254095e-01     19757  4.1017550e+03  4.0956225e+03  3.9890260e+03
1.1136076e-01     24241  3.5272714e+03  3.5137206e+03  3.3385325e+03
1.2060245e-01     29993  3.1460180e+03  3.1409815e+03  2.9769764e+03
1.3029316e-01     36494  2.8523872e+03  2.8587114e+03  2.7222407e+03
1.4046583e-01     44825  2.5383879e+03  2.5404461e+03  2.3693574e+03
1.5111985e-01     53906  2.2274991e+03  2.2205931e+03  1.9980167e+03
1.6229170e-01     65729  1.9763329e+03  1.9726716e+03  1.7550363e+03
1.7401323e-01     78746  1.7967602e+03  1.7995979e+03  1.5864835e+03
1.8625264e-01     94374  1.6111245e+03  1.6102208e+03  1.3840842e+03
1.9902230e-01    112166  1.4309183e+03  1.4282920e+03  1.1977498e+03
2.1238854e-01    134373  1.2920738e+03  1.2915796e+03  1.0651409e+03
2.2637810e-01    159077  1.1776096e+03  1.1780630e+03  9.4590725e+02
2.4096993e-01    188172  1.0635530e+03  1.0617287e+03  8.2534758e+02
2.5621802e-01    222492  9.7188125e+02  9.7171792e+02  7.3250435e+02
2.7214102e-01    261771  8.8638164e+02  8.8591725e+02  6.4816081e+02
2.8873063e-01    306759  8.0642400e+02  8.0590550e+02  5.7284462e+02
3.0605468e-01    360898  7.3751762e+02  7.3710260e+02  5.0745631e+02
3.2421519e-01    425046  6.7978580e+02  6.7939076e+02  4.4970488e+02
3.4337900e-01    505555  6.2333421e+02  6.2299275e+02  3.9839466e+02
3.6368055e-01    600292  5.7315518e+02  5.7282474e+02  3.5235660e+02
3.8517334e-01    712930  5.2870779e+02  5.2836961e+02  3.1122318e+02
4.0793004e-01    846715  4.8731470e+02  4.8701502e+02  2.7481184e+02
4.3202621e-01   1005596  4.4956095e+02  4.4928574e+02  2.4248435e+02
4.5754560e-01   1194719  4.1496252e+02  4.1470028e+02  2.1373402e+02
4.8457948e-01   1419743  3.8360713e+02  3.8336049e+02  1.8822208e+02
5.1321525e-01   1686576  3.5516245e+02  3.5493115e+02  1.6561716e+02
5.4354215e-01   2003484  3.2928091e+02  3.2906330e+02  1.4560816e+02
5.7565178e-01   2378778  3.0565455e+02  3.0544983e+02  1.2791875e+02
6.0966698e-01   2828400  2.8460890e+02  2.8441526e+02  1.1228774e+02
6.4568974e-01   3356890  2.6533733e+02  2.6515471e+02  9.8493964e+01
6.8383752e-01   3990317  2.4831367e+02  2.4814042e+02  8.6333323e+01
7.2424344e-01   4738457  2.3332923e+02  2.3316463e+02  7.5619846e+01
7.6703215e-01   5629661  2.2055118e+02  2.2039375e+02  6.6191168e+01
8.1235262e-01   6687903  2.0974006e+02  2.0958863e+02  5.7898482e+01
8.6035444e-01   7945758  2.0089933e+02  2.0075265e+02  5.0611030e+01
9.1118812e-01   9436555  1.9385740e+02  1.9371442e+02  4.4213069e+01
9.6501980e-01  11210320  1.8807775e+02  1.8793758e+02  3.8600413e+01
1.0220366e+00  13318613  1.8316544e+02  1.8302753e+02  3.3679537e+01
1.0824208e+00  15819192  1.7846606e+02  1.7833044e+02  2.9368837e+01
1.1463741e+00  18795348  1.7381786e+02  1.7368450e+02  2.5595179e+01
1.2141088e+00  22326034  1.6863038e+02  1.6849986e+02  2.2293862e+01
1.2858419e+00  26520842  1.6300924e+02  1.6288199e+02  1.9407931e+01
1.3618105e+00  31503438  1.5709316e+02  1.5696950e+02  1.6886688e+01
1.4422695e+00  37426927  1.5098667e+02  1.5086681e+02  1.4685286e+01
1.5275481e+00  44525830  1.4479055e+02  1.4467437e+02  1.2763053e+01
