# Power spectrum from CO𝘕CEPT job 4592834 at t = 4.0363242 Gyr, a = 0.38461538
#
# Components:
#   0: matter  (upstream grid size 1024)
#
#                           grid size 1024
# ╭────────────────────────────────────────────────────────────────╮
#                         component 0    (corrected)      (linear)
#                        σ₈ = 4.00e-01  σ₈ = 3.99e-01  σ₈ = 3.90e-01
#  k [Mpc⁻¹]    modes       P [Mpc³]       P [Mpc³]       P [Mpc³]
3.0679616e-03         3  1.0466421e+04  1.0466421e+04  1.0467608e+04
5.8212951e-03        25  1.5413529e+04  1.5480766e+04  1.5475541e+04
1.0440195e-02       124  1.8064119e+04  1.8267694e+04  1.8359987e+04
1.6729547e-02       418  1.6540231e+04  1.6688550e+04  1.6670209e+04
2.3240110e-02       730  1.2961477e+04  1.2961678e+04  1.3075531e+04
2.9075630e-02      1012  1.0529446e+04  1.0504751e+04  1.0507810e+04
3.4544381e-02      1408  9.0609690e+03  9.0432334e+03  9.0324727e+03
3.9898901e-02      1841  8.0885246e+03  8.0860394e+03  8.1640927e+03
4.5580519e-02      2698  7.3647193e+03  7.3750245e+03  7.4199371e+03
5.1612543e-02      3532  6.4220705e+03  6.4328011e+03  6.5092871e+03
5.7899473e-02      4702  5.3736430e+03  5.3733685e+03  5.4351626e+03
6.4462744e-02      6019  4.4466169e+03  4.4354181e+03  4.4398515e+03
7.1309305e-02      7766  3.7562231e+03  3.7435815e+03  3.7496370e+03
7.8556104e-02     10012  3.3683275e+03  3.3640235e+03  3.3642205e+03
8.6194331e-02     12589  3.0992530e+03  3.1044904e+03  3.0906252e+03
9.4153926e-02     15650  2.7335764e+03  2.7384584e+03  2.7242790e+03
1.0254095e-01     19757  2.2972292e+03  2.2937947e+03  2.2691709e+03
1.1136076e-01     24241  1.9547650e+03  1.9472554e+03  1.8991406e+03
1.2060245e-01     29993  1.7394533e+03  1.7366686e+03  1.6934715e+03
1.3029316e-01     36494  1.5770289e+03  1.5805254e+03  1.5485665e+03
1.4046583e-01     44825  1.3948481e+03  1.3959792e+03  1.3478284e+03
1.5111985e-01     53906  1.2050149e+03  1.2012790e+03  1.1365897e+03
1.6229170e-01     65729  1.0616704e+03  1.0597036e+03  9.9836926e+02
1.7401323e-01     78746  9.6095411e+02  9.6247180e+02  9.0248731e+02
1.8625264e-01     94374  8.5280019e+02  8.5232179e+02  7.8735102e+02
1.9902230e-01    112166  7.4833441e+02  7.4696088e+02  6.8135324e+02
2.1238854e-01    134373  6.7098102e+02  6.7072439e+02  6.0591758e+02
2.2637810e-01    159077  6.0500051e+02  6.0523344e+02  5.3809042e+02
2.4096993e-01    188172  5.3876325e+02  5.3783912e+02  4.6950886e+02
2.5621802e-01    222492  4.8665624e+02  4.8657445e+02  4.1669405e+02
2.7214102e-01    261771  4.3758929e+02  4.3736002e+02  3.6871433e+02
2.8873063e-01    306759  3.9328153e+02  3.9302866e+02  3.2586988e+02
3.0605468e-01    360898  3.5511508e+02  3.5491524e+02  2.8867299e+02
3.2421519e-01    425046  3.2324295e+02  3.2305510e+02  2.5582042e+02
3.4337900e-01    505555  2.9171544e+02  2.9155564e+02  2.2663198e+02
3.6368055e-01    600292  2.6422644e+02  2.6407410e+02  2.0044268e+02
3.8517334e-01    712930  2.4002563e+02  2.3987210e+02  1.7704342e+02
4.0793004e-01    846715  2.1763351e+02  2.1749968e+02  1.5633038e+02
4.3202621e-01   1005596  1.9766752e+02  1.9754651e+02  1.3794047e+02
4.5754560e-01   1194719  1.7929184e+02  1.7917853e+02  1.2158548e+02
4.8457948e-01   1419743  1.6287571e+02  1.6277098e+02  1.0707268e+02
5.1321525e-01   1686576  1.4819244e+02  1.4809593e+02  9.4213575e+01
5.4354215e-01   2003484  1.3483617e+02  1.3474706e+02  8.2831193e+01
5.7565178e-01   2378778  1.2290258e+02  1.2282027e+02  7.2768337e+01
6.0966698e-01   2828400  1.1205256e+02  1.1197633e+02  6.3876429e+01
6.4568974e-01   3356890  1.0238841e+02  1.0231794e+02  5.6029653e+01
6.8383752e-01   3990317  9.4073360e+01  9.4007726e+01  4.9111908e+01
7.2424344e-01   4738457  8.6772601e+01  8.6711389e+01  4.3017402e+01
7.6703215e-01   5629661  8.0877982e+01  8.0820251e+01  3.7653770e+01
8.1235262e-01   6687903  7.6343114e+01  7.6287995e+01  3.2936363e+01
8.6035444e-01   7945758  7.3268551e+01  7.3215057e+01  2.8790796e+01
9.1118812e-01   9436555  7.1840939e+01  7.1787954e+01  2.5151228e+01
9.6501980e-01  11210320  7.2087085e+01  7.2033361e+01  2.1958391e+01
1.0220366e+00  13318613  7.3887645e+01  7.3832014e+01  1.9159084e+01
1.0824208e+00  15819192  7.7009669e+01  7.6951145e+01  1.6706882e+01
1.1463741e+00  18795348  8.0845307e+01  8.0783279e+01  1.4560184e+01
1.2141088e+00  22326034  8.4395837e+01  8.4330515e+01  1.2682184e+01
1.2858419e+00  26520842  8.6912689e+01  8.6844840e+01  1.1040483e+01
1.3618105e+00  31503438  8.8114449e+01  8.8045088e+01  9.6062381e+00
1.4422695e+00  37426927  8.8171239e+01  8.8101245e+01  8.3539400e+00
1.5275481e+00  44525830  8.7573471e+01  8.7503205e+01  7.2604508e+00
