# Power spectrum from CO𝘕CEPT job 4592834 at t = 4.5281033 Gyr, a = 0.41666667
#
# Components:
#   0: matter  (upstream grid size 1024)
#
#                           grid size 1024
# ╭────────────────────────────────────────────────────────────────╮
#                         component 0    (corrected)      (linear)
#                        σ₈ = 4.32e-01  σ₈ = 4.32e-01  σ₈ = 4.21e-01
#  k [Mpc⁻¹]    modes       P [Mpc³]       P [Mpc³]       P [Mpc³]
3.0679616e-03         3  1.2146598e+04  1.2146598e+04  1.2145481e+04
5.8212951e-03        25  1.7886762e+04  1.7964787e+04  1.7954824e+04
1.0440195e-02       124  2.0951499e+04  2.1187614e+04  2.1299715e+04
1.6729547e-02       418  1.9190742e+04  1.9362827e+04  1.9338317e+04
2.3240110e-02       730  1.5025737e+04  1.5025971e+04  1.5167841e+04
2.9075630e-02      1012  1.2213878e+04  1.2185231e+04  1.2189047e+04
3.4544381e-02      1408  1.0511622e+04  1.0491047e+04  1.0477555e+04
3.9898901e-02      1841  9.3751514e+03  9.3722709e+03  9.4701835e+03
4.5580519e-02      2698  8.5387221e+03  8.5506701e+03  8.6069351e+03
5.1612543e-02      3532  7.4425268e+03  7.4549624e+03  7.5505757e+03
5.7899473e-02      4702  6.2287089e+03  6.2283907e+03  6.3046055e+03
6.4462744e-02      6019  5.1610080e+03  5.1480101e+03  5.1500663e+03
7.1309305e-02      7766  4.3614321e+03  4.3467537e+03  4.3494349e+03
7.8556104e-02     10012  3.9122782e+03  3.9072791e+03  3.9023609e+03
8.6194331e-02     12589  3.6007450e+03  3.6068299e+03  3.5849971e+03
9.4153926e-02     15650  3.1771786e+03  3.1828528e+03  3.1600477e+03
1.0254095e-01     19757  2.6742689e+03  2.6702706e+03  2.6321396e+03
1.1136076e-01     24241  2.2809152e+03  2.2721525e+03  2.2029192e+03
1.2060245e-01     29993  2.0307128e+03  2.0274617e+03  1.9643510e+03
1.3029316e-01     36494  1.8410046e+03  1.8450863e+03  1.7962669e+03
1.4046583e-01     44825  1.6309137e+03  1.6322362e+03  1.5634192e+03
1.5111985e-01     53906  1.4139280e+03  1.4095444e+03  1.3183916e+03
1.6229170e-01     65729  1.2476915e+03  1.2453801e+03  1.1580619e+03
1.7401323e-01     78746  1.1304576e+03  1.1322430e+03  1.0468431e+03
1.8625264e-01     94374  1.0056999e+03  1.0051357e+03  9.1329020e+02
1.9902230e-01    112166  8.8491228e+02  8.8328807e+02  7.9033762e+02
2.1238854e-01    134373  7.9482738e+02  7.9452339e+02  7.0283572e+02
2.2637810e-01    159077  7.1846369e+02  7.1874031e+02  6.2415934e+02
2.4096993e-01    188172  6.4198481e+02  6.4088362e+02  5.4460792e+02
2.5621802e-01    222492  5.8162745e+02  5.8152970e+02  4.8334521e+02
2.7214102e-01    261771  5.2465604e+02  5.2438117e+02  4.2769099e+02
2.8873063e-01    306759  4.7294935e+02  4.7264526e+02  3.7799345e+02
3.0605468e-01    360898  4.2830873e+02  4.2806771e+02  3.3484682e+02
3.2421519e-01    425046  3.9122301e+02  3.9099566e+02  2.9673939e+02
3.4337900e-01    505555  3.5441914e+02  3.5422499e+02  2.6288220e+02
3.6368055e-01    600292  3.2226113e+02  3.2207534e+02  2.3250385e+02
3.8517334e-01    712930  2.9391525e+02  2.9372725e+02  2.0536183e+02
4.0793004e-01    846715  2.6754754e+02  2.6738301e+02  1.8133569e+02
4.3202621e-01   1005596  2.4398889e+02  2.4383952e+02  1.6000428e+02
4.5754560e-01   1194719  2.2234559e+02  2.2220507e+02  1.4103328e+02
4.8457948e-01   1419743  2.0292733e+02  2.0279685e+02  1.2419913e+02
5.1321525e-01   1686576  1.8551807e+02  1.8539725e+02  1.0928319e+02
5.4354215e-01   2003484  1.6968728e+02  1.6957514e+02  9.6080173e+01
5.7565178e-01   2378778  1.5543880e+02  1.5533469e+02  8.4407745e+01
6.0966698e-01   2828400  1.4257463e+02  1.4247762e+02  7.4093561e+01
6.4568974e-01   3356890  1.3102865e+02  1.3093847e+02  6.4991680e+01
6.8383752e-01   3990317  1.2105501e+02  1.2097055e+02  5.6967431e+01
7.2424344e-01   4738457  1.1230867e+02  1.1222944e+02  4.9898098e+01
7.6703215e-01   5629661  1.0516870e+02  1.0509363e+02  4.3676545e+01
8.1235262e-01   6687903  9.9595839e+01  9.9523932e+01  3.8204580e+01
8.6035444e-01   7945758  9.5637140e+01  9.5567316e+01  3.3395923e+01
9.1118812e-01   9436555  9.3417104e+01  9.3348206e+01  2.9174201e+01
9.6501980e-01  11210320  9.2897168e+01  9.2827935e+01  2.5470665e+01
1.0220366e+00  13318613  9.3759764e+01  9.3689171e+01  2.2223604e+01
1.0824208e+00  15819192  9.5644138e+01  9.5571453e+01  1.9379169e+01
1.1463741e+00  18795348  9.7864928e+01  9.7789842e+01  1.6889104e+01
1.2141088e+00  22326034  9.9604905e+01  9.9527813e+01  1.4710715e+01
1.2858419e+00  26520842  1.0033435e+02  1.0025602e+02  1.2806421e+01
1.3618105e+00  31503438  1.0006263e+02  9.9983859e+01  1.1142766e+01
1.4422695e+00  37426927  9.8959074e+01  9.8880517e+01  9.6901615e+00
1.5275481e+00  44525830  9.7454857e+01  9.7376663e+01  8.4217671e+00
