# Power spectrum from CO𝘕CEPT job 4592834 at t = 2.9824877 Gyr, a = 0.3125
#
# Components:
#   0: matter  (upstream grid size 1024)
#
#                           grid size 1024
# ╭────────────────────────────────────────────────────────────────╮
#                         component 0    (corrected)      (linear)
#                        σ₈ = 3.25e-01  σ₈ = 3.25e-01  σ₈ = 3.21e-01
#  k [Mpc⁻¹]    modes       P [Mpc³]       P [Mpc³]       P [Mpc³]
3.0679616e-03         3  7.0505634e+03  7.0505634e+03  7.0521809e+03
5.8212951e-03        25  1.0384790e+04  1.0430090e+04  1.0428183e+04
1.0440195e-02       124  1.2185650e+04  1.2322978e+04  1.2374458e+04
1.6729547e-02       418  1.1148165e+04  1.1248132e+04  1.1237128e+04
2.3240110e-02       730  8.7530136e+03  8.7531497e+03  8.8146810e+03
2.9075630e-02      1012  7.1002503e+03  7.0835976e+03  7.0839657e+03
3.4544381e-02      1408  6.1083308e+03  6.0963745e+03  6.0894924e+03
3.9898901e-02      1841  5.4638443e+03  5.4621656e+03  5.5041369e+03
4.5580519e-02      2698  4.9713972e+03  4.9783535e+03  5.0024954e+03
5.1612543e-02      3532  4.3393759e+03  4.3466265e+03  4.3885783e+03
5.7899473e-02      4702  3.6295047e+03  3.6293193e+03  3.6644263e+03
6.4462744e-02      6019  2.9946895e+03  2.9871474e+03  2.9933964e+03
7.1309305e-02      7766  2.5278640e+03  2.5193564e+03  2.5280569e+03
7.8556104e-02     10012  2.2652323e+03  2.2623378e+03  2.2682115e+03
8.6194331e-02     12589  2.0826344e+03  2.0861538e+03  2.0837548e+03
9.4153926e-02     15650  1.8352481e+03  1.8385257e+03  1.8367617e+03
1.0254095e-01     19757  1.5373202e+03  1.5350218e+03  1.5299218e+03
1.1136076e-01     24241  1.3016954e+03  1.2966946e+03  1.2804417e+03
1.2060245e-01     29993  1.1570623e+03  1.1552100e+03  1.1417766e+03
1.3029316e-01     36494  1.0492706e+03  1.0515969e+03  1.0440794e+03
1.4046583e-01     44825  9.2442263e+02  9.2517221e+02  9.0873793e+02
1.5111985e-01     53906  7.9263333e+02  7.9017591e+02  7.6631638e+02
1.6229170e-01     65729  6.9601236e+02  6.9472295e+02  6.7312522e+02
1.7401323e-01     78746  6.2860007e+02  6.2959285e+02  6.0847955e+02
1.8625264e-01     94374  5.5478816e+02  5.5447694e+02  5.3085203e+02
1.9902230e-01    112166  4.8393129e+02  4.8304306e+02  4.5938582e+02
2.1238854e-01    134373  4.3215131e+02  4.3198603e+02  4.0852530e+02
2.2637810e-01    159077  3.8746899e+02  3.8761817e+02  3.6279458e+02
2.4096993e-01    188172  3.4235606e+02  3.4176882e+02  3.1655519e+02
2.5621802e-01    222492  3.0701968e+02  3.0696808e+02  2.8094612e+02
2.7214102e-01    261771  2.7421219e+02  2.7406852e+02  2.4859697e+02
2.8873063e-01    306759  2.4469093e+02  2.4453360e+02  2.1971015e+02
3.0605468e-01    360898  2.1947773e+02  2.1935422e+02  1.9463104e+02
3.2421519e-01    425046  1.9800762e+02  1.9789255e+02  1.7248098e+02
3.4337900e-01    505555  1.7714182e+02  1.7704478e+02  1.5280138e+02
3.6368055e-01    600292  1.5894109e+02  1.5884946e+02  1.3514386e+02
3.8517334e-01    712930  1.4298010e+02  1.4288864e+02  1.1936746e+02
4.0793004e-01    846715  1.2842052e+02  1.2834155e+02  1.0540218e+02
4.3202621e-01   1005596  1.1546632e+02  1.1539564e+02  9.3003208e+01
4.5754560e-01   1194719  1.0344917e+02  1.0338379e+02  8.1976235e+01
4.8457948e-01   1419743  9.2880375e+01  9.2820656e+01  7.2191319e+01
5.1321525e-01   1686576  8.3450762e+01  8.3396415e+01  6.3521363e+01
5.4354215e-01   2003484  7.4927808e+01  7.4878290e+01  5.5847054e+01
5.7565178e-01   2378778  6.7335590e+01  6.7290489e+01  4.9062404e+01
6.0966698e-01   2828400  6.0451470e+01  6.0410340e+01  4.3067239e+01
6.4568974e-01   3356890  5.4384424e+01  5.4346994e+01  3.7776729e+01
6.8383752e-01   3990317  4.9133505e+01  4.9099225e+01  3.3112598e+01
7.2424344e-01   4738457  4.4571988e+01  4.4540545e+01  2.9003516e+01
7.6703215e-01   5629661  4.0910076e+01  4.0880875e+01  2.5387209e+01
8.1235262e-01   6687903  3.8132772e+01  3.8105241e+01  2.2206605e+01
8.6035444e-01   7945758  3.6442463e+01  3.6415857e+01  1.9411550e+01
9.1118812e-01   9436555  3.6014718e+01  3.5988156e+01  1.6957654e+01
9.6501980e-01  11210320  3.6988166e+01  3.6960600e+01  1.4804956e+01
1.0220366e+00  13318613  3.9606323e+01  3.9576503e+01  1.2917586e+01
1.0824208e+00  15819192  4.4042404e+01  4.4008933e+01  1.1264245e+01
1.1463741e+00  18795348  5.0254805e+01  5.0216248e+01  9.8168820e+00
1.2141088e+00  22326034  5.7415935e+01  5.7371495e+01  8.5506828e+00
1.2858419e+00  26520842  6.4421548e+01  6.4371257e+01  7.4438024e+00
1.3618105e+00  31503438  6.9765389e+01  6.9710472e+01  6.4767952e+00
1.4422695e+00  37426927  7.2475268e+01  7.2417735e+01  5.6324614e+00
1.5275481e+00  44525830  7.3164745e+01  7.3106040e+01  4.8952008e+00
