# Power spectrum from CO𝘕CEPT job 4559669 at t = 2.727498 Gyr, a = 0.29411765
#
# Components:
#   0: matter  (upstream grid size 1024)
#
#                           grid size 1024
# ╭────────────────────────────────────────────────────────────────╮
#                         component 0    (corrected)      (linear)
#                        σ₈ = 2.86e-01  σ₈ = 2.86e-01  σ₈ = 2.82e-01
#  k [Mpc⁻¹]    modes       P [Mpc³]       P [Mpc³]       P [Mpc³]
2.4543693e-02         3  6.8953438e+03  6.8953438e+03  6.9475861e+03
4.6570361e-02        25  3.7682305e+03  3.8247952e+03  3.8452076e+03
8.3521561e-02       124  1.6566858e+03  1.6195964e+03  1.6411414e+03
1.3383638e-01       418  7.7425007e+02  7.6539483e+02  7.4297460e+02
1.8592088e-01       730  4.1270100e+02  4.2199248e+02  4.0686575e+02
2.3260504e-01      1012  2.8691799e+02  2.8489960e+02  2.5473844e+02
2.7635505e-01      1408  2.1058256e+02  2.1084720e+02  1.7801169e+02
3.1919121e-01      1841  1.5977350e+02  1.5888631e+02  1.3211969e+02
3.6464415e-01      2698  1.2451449e+02  1.2372355e+02  9.7606656e+01
4.1290034e-01      3532  9.8740019e+01  9.9552763e+01  7.6455770e+01
4.6319578e-01      4702  7.9356619e+01  7.7847342e+01  5.7586628e+01
5.1570195e-01      6019  6.6901068e+01  6.7651123e+01  4.5889255e+01
5.7047444e-01      7766  5.5544502e+01  5.5487263e+01  3.6816794e+01
6.2844883e-01     10012  4.8163771e+01  4.7402860e+01  2.8975914e+01
6.8955465e-01     12589  4.0881320e+01  4.1002283e+01  2.3425415e+01
7.5323141e-01     15650  3.5371204e+01  3.5672901e+01  1.9265107e+01
8.2032763e-01     19757  3.0477913e+01  3.0381858e+01  1.5790377e+01
8.9088605e-01     24241  2.7005440e+01  2.6731710e+01  1.2949236e+01
9.6481958e-01     29993  2.3733044e+01  2.3539783e+01  1.0672306e+01
1.0423453e+00     36494  2.0980723e+01  2.0865490e+01  8.8684334e+00
1.1237267e+00     44825  1.8894996e+01  1.8814125e+01  7.3978196e+00
1.2089588e+00     53906  1.6954698e+01  1.6907893e+01  6.2021889e+00
1.2983336e+00     65729  1.5282082e+01  1.5238905e+01  5.2204039e+00
1.3921058e+00     78746  1.3841079e+01  1.3797396e+01  4.4074432e+00
1.4900211e+00     94374  1.2513402e+01  1.2474589e+01  3.7328419e+00
1.5921784e+00    112166  1.1437658e+01  1.1428101e+01  3.1692303e+00
1.6991083e+00    134373  1.0437540e+01  1.0438875e+01  2.6975700e+00
1.8110248e+00    159077  9.5965049e+00  9.5836683e+00  2.3043208e+00
1.9277595e+00    188172  8.8189635e+00  8.8080688e+00  1.9727733e+00
2.0497441e+00    222492  8.1797179e+00  8.1762453e+00  1.6923853e+00
2.1771282e+00    261771  7.5449172e+00  7.5383917e+00  1.4554493e+00
2.3098450e+00    306759  6.9797594e+00  6.9743709e+00  1.2545331e+00
2.4484375e+00    360898  6.4723116e+00  6.4668375e+00  1.0834360e+00
2.5937215e+00    425046  6.0204741e+00  6.0154553e+00  9.3675170e-01
2.7470320e+00    505555  5.5930467e+00  5.5880977e+00  8.1004168e-01
2.9094444e+00    600292  5.1998820e+00  5.1952128e+00  7.0017028e-01
3.0813867e+00    712930  4.8177886e+00  4.8135228e+00  6.0503543e-01
3.2634403e+00    846715  4.4702672e+00  4.4662910e+00  5.2265163e-01
3.4562097e+00   1005596  4.1401859e+00  4.1365446e+00  4.5133836e-01
3.6603648e+00   1194719  3.8302227e+00  3.8268287e+00  3.8963181e-01
3.8766358e+00   1419743  3.5398595e+00  3.5366781e+00  3.3623401e-01
4.1057220e+00   1686576  3.2614442e+00  3.2585166e+00  2.9005200e-01
4.3483372e+00   2003484  3.0061134e+00  3.0034041e+00  2.5013030e-01
4.6052142e+00   2378778  2.7682526e+00  2.7657428e+00  2.1564593e-01
4.8773359e+00   2828400  2.5426036e+00  2.5402843e+00  1.8585471e-01
5.1655179e+00   3356890  2.3352650e+00  2.3331335e+00  1.6013214e-01
5.4707002e+00   3990317  2.1322631e+00  2.1303172e+00  1.3793315e-01
5.7939476e+00   4738457  1.9529180e+00  1.9511024e+00  1.1877139e-01
6.1362572e+00   5629661  1.7838846e+00  1.7822625e+00  1.0224755e-01
6.4988210e+00   6687903  1.6299232e+00  1.6284011e+00  8.7994216e-02
6.8828355e+00   7945758  1.4863530e+00  1.4849753e+00  7.5708340e-02
7.2895050e+00   9436555  1.3538608e+00  1.3526074e+00  6.5121631e-02
7.7201584e+00  11210320  1.2334181e+00  1.2322451e+00  5.6000381e-02
8.1762927e+00  13318613  1.1227370e+00  1.1216734e+00  4.8144174e-02
8.6593661e+00  15819192  1.0212129e+00  1.0202590e+00  4.1378110e-02
9.1709925e+00  18795348  9.2704683e-01  9.2616130e-01  3.5556653e-02
9.7128705e+00  22326034  8.4075530e-01  8.3995321e-01  3.0545542e-02
1.0286736e+01  26520842  7.6177727e-01  7.6103169e-01  2.6233840e-02
1.0894484e+01  31503438  6.9025723e-01  6.8959813e-01  2.2531674e-02
1.1538156e+01  37426927  6.2533623e-01  6.2473705e-01  1.9347297e-02
1.2220385e+01  44525830  5.6674677e-01  5.6620050e-01  1.6607170e-02
