# Power spectrum from CO𝘕CEPT job 4559669 at t = 13.790139 Gyr, a = 1
#
# Components:
#   0: matter  (upstream grid size 1024)
#
#                           grid size 1024
# ╭────────────────────────────────────────────────────────────────╮
#                         component 0    (corrected)      (linear)
#                        σ₈ = 8.34e-01  σ₈ = 8.33e-01  σ₈ = 7.57e-01
#  k [Mpc⁻¹]    modes       P [Mpc³]       P [Mpc³]       P [Mpc³]
2.4543693e-02         3  4.8768936e+04  4.8768936e+04  5.0278342e+04
4.6570361e-02        25  2.6616375e+04  2.7015912e+04  2.7812700e+04
8.3521561e-02       124  1.2716642e+04  1.2431946e+04  1.1868120e+04
1.3383638e-01       418  6.3836561e+03  6.3106450e+03  5.3725606e+03
1.8592088e-01       730  3.8416608e+03  3.9281512e+03  2.9420435e+03
2.3260504e-01      1012  2.9135857e+03  2.8930894e+03  1.8419961e+03
2.7635505e-01      1408  2.3946234e+03  2.3976328e+03  1.2871844e+03
3.1919121e-01      1841  2.1455138e+03  2.1336002e+03  9.5534137e+02
3.6464415e-01      2698  1.7791204e+03  1.7678190e+03  7.0578041e+02
4.1290034e-01      3532  1.6133601e+03  1.6266399e+03  5.5284042e+02
4.6319578e-01      4702  1.3836585e+03  1.3573429e+03  4.1639997e+02
5.1570195e-01      6019  1.2446481e+03  1.2586024e+03  3.3181780e+02
5.7047444e-01      7766  1.1539083e+03  1.1527192e+03  2.6621611e+02
6.2844883e-01     10012  1.0469202e+03  1.0303805e+03  2.0951989e+02
6.8955465e-01     12589  9.4288694e+02  9.4567682e+02  1.6938508e+02
7.5323141e-01     15650  8.6661373e+02  8.7400548e+02  1.3930256e+02
8.2032763e-01     19757  7.9572297e+02  7.9321516e+02  1.1417735e+02
8.9088605e-01     24241  7.3655161e+02  7.2908585e+02  9.3633537e+01
9.6481958e-01     29993  6.6581789e+02  6.6039605e+02  7.7169441e+01
1.0423453e+00     36494  6.1537367e+02  6.1199385e+02  6.4125948e+01
1.1237267e+00     44825  5.5782668e+02  5.5543919e+02  5.3492195e+01
1.2089588e+00     53906  5.1216766e+02  5.1075379e+02  4.4846799e+01
1.2983336e+00     65729  4.7072974e+02  4.6939978e+02  3.7747686e+01
1.3921058e+00     78746  4.2870821e+02  4.2735520e+02  3.1869313e+01
1.4900211e+00     94374  3.9291878e+02  3.9170004e+02  2.6991393e+01
1.5921784e+00    112166  3.5874666e+02  3.5844691e+02  2.2916020e+01
1.6991083e+00    134373  3.2474180e+02  3.2478333e+02  1.9505532e+01
1.8110248e+00    159077  2.9542342e+02  2.9502825e+02  1.6662020e+01
1.9277595e+00    188172  2.6936297e+02  2.6903021e+02  1.4264662e+01
2.0497441e+00    222492  2.4516145e+02  2.4505737e+02  1.2237229e+01
2.1771282e+00    261771  2.2328499e+02  2.2309188e+02  1.0523991e+01
2.3098450e+00    306759  2.0202724e+02  2.0187128e+02  9.0712043e+00
2.4484375e+00    360898  1.8288332e+02  1.8272864e+02  7.8340348e+00
2.5937215e+00    425046  1.6600694e+02  1.6586855e+02  6.7733897e+00
2.7470320e+00    505555  1.4981461e+02  1.4968205e+02  5.8571750e+00
2.9094444e+00    600292  1.3605486e+02  1.3593269e+02  5.0627174e+00
3.0813867e+00    712930  1.2322825e+02  1.2311914e+02  4.3748171e+00
3.2634403e+00    846715  1.1094909e+02  1.1085041e+02  3.7791172e+00
3.4562097e+00   1005596  1.0016004e+02  1.0007194e+02  3.2634664e+00
3.6603648e+00   1194719  8.9916705e+01  8.9837029e+01  2.8172800e+00
3.8766358e+00   1419743  8.0928104e+01  8.0855372e+01  2.4311726e+00
4.1057220e+00   1686576  7.2572629e+01  7.2507487e+01  2.0972412e+00
4.3483372e+00   2003484  6.5105015e+01  6.5046336e+01  1.8085769e+00
4.6052142e+00   2378778  5.8383150e+01  5.8330218e+01  1.5592290e+00
4.8773359e+00   2828400  5.2230753e+01  5.2183108e+01  1.3438163e+00
5.1655179e+00   3356890  4.6707248e+01  4.6664616e+01  1.1578233e+00
5.4707002e+00   3990317  4.1777113e+01  4.1738988e+01  9.9730849e-01
5.7939476e+00   4738457  3.7321451e+01  3.7286753e+01  8.5875535e-01
6.1362572e+00   5629661  3.3256320e+01  3.3226080e+01  7.3927650e-01
6.4988210e+00   6687903  2.9626236e+01  2.9598569e+01  6.3621517e-01
6.8828355e+00   7945758  2.6387749e+01  2.6363291e+01  5.4738014e-01
7.2895050e+00   9436555  2.3488384e+01  2.3466639e+01  4.7083143e-01
7.7201584e+00  11210320  2.0836859e+01  2.0817042e+01  4.0487914e-01
8.1762927e+00  13318613  1.8488323e+01  1.8470809e+01  3.4807409e-01
8.6593661e+00  15819192  1.6405289e+01  1.6389965e+01  2.9915163e-01
9.1709925e+00  18795348  1.4538781e+01  1.4524893e+01  2.5705940e-01
9.7128705e+00  22326034  1.2883206e+01  1.2870916e+01  2.2082658e-01
1.0286736e+01  26520842  1.1410263e+01  1.1399096e+01  1.8965101e-01
1.0894484e+01  31503438  1.0095594e+01  1.0085954e+01  1.6288281e-01
1.1538156e+01  37426927  8.9205184e+00  8.9119710e+00  1.3985862e-01
1.2220385e+01  44525830  7.8725492e+00  7.8649611e+00  1.2004670e-01
