# Power spectrum from CO𝘕CEPT job 4559669 at t = 7.2998856 Gyr, a = 0.58823529
#
# Components:
#   0: matter  (upstream grid size 1024)
#
#                           grid size 1024
# ╭────────────────────────────────────────────────────────────────╮
#                         component 0    (corrected)      (linear)
#                        σ₈ = 5.57e-01  σ₈ = 5.56e-01  σ₈ = 5.29e-01
#  k [Mpc⁻¹]    modes       P [Mpc³]       P [Mpc³]       P [Mpc³]
2.4543693e-02         3  2.4089235e+04  2.4089235e+04  2.4526038e+04
4.6570361e-02        25  1.3178886e+04  1.3376713e+04  1.3570223e+04
8.3521561e-02       124  5.9409738e+03  5.8079694e+03  5.7911686e+03
1.3383638e-01       418  2.8844830e+03  2.8514926e+03  2.6216778e+03
1.8592088e-01       730  1.6311358e+03  1.6678589e+03  1.4356602e+03
2.3260504e-01      1012  1.2000434e+03  1.1916015e+03  8.9886220e+02
2.7635505e-01      1408  9.4214639e+02  9.4333040e+02  6.2812511e+02
3.1919121e-01      1841  7.8028417e+02  7.7595140e+02  4.6619174e+02
3.6464415e-01      2698  6.2243713e+02  6.1848328e+02  3.4441020e+02
4.1290034e-01      3532  5.4649700e+02  5.5099531e+02  2.6977799e+02
4.6319578e-01      4702  4.6930081e+02  4.6037522e+02  2.0319716e+02
5.1570195e-01      6019  4.1044886e+02  4.1505056e+02  1.6192235e+02
5.7047444e-01      7766  3.5768523e+02  3.5731664e+02  1.2990971e+02
6.2844883e-01     10012  3.1652442e+02  3.1152384e+02  1.0224278e+02
6.8955465e-01     12589  2.8902231e+02  2.8987749e+02  8.2657573e+01
7.5323141e-01     15650  2.6390141e+02  2.6615235e+02  6.7977731e+01
8.2032763e-01     19757  2.3392277e+02  2.3318553e+02  5.5716987e+01
8.9088605e-01     24241  2.1567156e+02  2.1348549e+02  4.5691894e+01
9.6481958e-01     29993  1.9804389e+02  1.9643120e+02  3.7657645e+01
1.0423453e+00     36494  1.7963204e+02  1.7864544e+02  3.1292601e+01
1.1237267e+00     44825  1.6637398e+02  1.6566190e+02  2.6103477e+01
1.2089588e+00     53906  1.5426198e+02  1.5383613e+02  2.1884643e+01
1.2983336e+00     65729  1.4215467e+02  1.4175303e+02  1.8420373e+01
1.3921058e+00     78746  1.3109100e+02  1.3067727e+02  1.5551808e+01
1.4900211e+00     94374  1.2050391e+02  1.2013013e+02  1.3171449e+01
1.5921784e+00    112166  1.1127569e+02  1.1118271e+02  1.1182723e+01
1.6991083e+00    134373  1.0241239e+02  1.0242549e+02  9.5184503e+00
1.8110248e+00    159077  9.4174767e+01  9.4048795e+01  8.1308550e+00
1.9277595e+00    188172  8.6225626e+01  8.6119105e+01  6.9609766e+00
2.0497441e+00    222492  7.9118095e+01  7.9084507e+01  5.9716167e+00
2.1771282e+00    261771  7.2482251e+01  7.2419563e+01  5.1355791e+00
2.3098450e+00    306759  6.6293461e+01  6.6242281e+01  4.4266388e+00
2.4484375e+00    360898  6.0181873e+01  6.0130974e+01  3.8229165e+00
2.5937215e+00    425046  5.4752659e+01  5.4707016e+01  3.3053357e+00
2.7470320e+00    505555  4.9753322e+01  4.9709297e+01  2.8582350e+00
2.9094444e+00    600292  4.5210420e+01  4.5169824e+01  2.4705501e+00
3.0813867e+00    712930  4.0822790e+01  4.0786644e+01  2.1348637e+00
3.2634403e+00    846715  3.6837108e+01  3.6804342e+01  1.8441699e+00
3.4562097e+00   1005596  3.3281222e+01  3.3251951e+01  1.5925389e+00
3.6603648e+00   1194719  2.9970272e+01  2.9943715e+01  1.3748056e+00
3.8766358e+00   1419743  2.6902191e+01  2.6878014e+01  1.1863901e+00
4.1057220e+00   1686576  2.4130381e+01  2.4108721e+01  1.0234358e+00
4.3483372e+00   2003484  2.1590321e+01  2.1570862e+01  8.8257118e-01
4.6052142e+00   2378778  1.9365025e+01  1.9347468e+01  7.6089242e-01
4.8773359e+00   2828400  1.7311083e+01  1.7295292e+01  6.5577364e-01
5.1655179e+00   3356890  1.5468151e+01  1.5454033e+01  5.6501123e-01
5.4707002e+00   3990317  1.3820856e+01  1.3808243e+01  4.8668189e-01
5.7939476e+00   4738457  1.2326262e+01  1.2314802e+01  4.1906954e-01
6.1362572e+00   5629661  1.0994992e+01  1.0984994e+01  3.6076519e-01
6.4988210e+00   6687903  9.7794626e+00  9.7703300e+00  3.1047237e-01
6.8828355e+00   7945758  8.7048453e+00  8.6967770e+00  2.6712180e-01
7.2895050e+00   9436555  7.7470031e+00  7.7398312e+00  2.2976679e-01
7.7201584e+00  11210320  6.8823261e+00  6.8757807e+00  1.9758271e-01
8.1762927e+00  13318613  6.1051236e+00  6.0993401e+00  1.6986236e-01
8.6593661e+00  15819192  5.4167521e+00  5.4116921e+00  1.4598861e-01
9.1709925e+00  18795348  4.8033253e+00  4.7987371e+00  1.2544793e-01
9.7128705e+00  22326034  4.2527134e+00  4.2486563e+00  1.0776657e-01
1.0286736e+01  26520842  3.7637419e+00  3.7600581e+00  9.2553088e-02
1.0894484e+01  31503438  3.3295550e+00  3.3263758e+00  7.9490354e-02
1.1538156e+01  37426927  2.9430869e+00  2.9402670e+00  6.8254648e-02
1.2220385e+01  44525830  2.5962911e+00  2.5937886e+00  5.8586490e-02
