# Power spectrum from CO𝘕CEPT job 4559669 at t = 4.8106637 Gyr, a = 0.43478261
#
# Components:
#   0: matter  (upstream grid size 1024)
#
#                           grid size 1024
# ╭────────────────────────────────────────────────────────────────╮
#                         component 0    (corrected)      (linear)
#                        σ₈ = 4.21e-01  σ₈ = 4.20e-01  σ₈ = 4.07e-01
#  k [Mpc⁻¹]    modes       P [Mpc³]       P [Mpc³]       P [Mpc³]
2.4543693e-02         3  1.4346749e+04  1.4346749e+04  1.4526188e+04
4.6570361e-02        25  7.8479255e+03  7.9657303e+03  8.0384073e+03
8.3521561e-02       124  3.4775498e+03  3.3996956e+03  3.4306141e+03
1.3383638e-01       418  1.6603575e+03  1.6413676e+03  1.5530744e+03
1.8592088e-01       730  9.0875516e+02  9.2921471e+02  8.5048565e+02
2.3260504e-01      1012  6.5233455e+02  6.4774557e+02  5.3248745e+02
2.7635505e-01      1408  4.9351364e+02  4.9413385e+02  3.7210278e+02
3.1919121e-01      1841  3.9201808e+02  3.8984128e+02  2.7617326e+02
3.6464415e-01      2698  3.0964975e+02  3.0768280e+02  2.0402965e+02
4.1290034e-01      3532  2.5909864e+02  2.6123132e+02  1.5981736e+02
4.6319578e-01      4702  2.1496133e+02  2.1087300e+02  1.2037470e+02
5.1570195e-01      6019  1.8277726e+02  1.8482645e+02  9.5923377e+01
5.7047444e-01      7766  1.5599592e+02  1.5583517e+02  7.6958986e+01
6.2844883e-01     10012  1.3951588e+02  1.3731175e+02  6.0569005e+01
6.8955465e-01     12589  1.2340038e+02  1.2376551e+02  4.8966663e+01
7.5323141e-01     15650  1.1063219e+02  1.1157583e+02  4.0270273e+01
8.2032763e-01     19757  9.7120576e+01  9.6814489e+01  3.3006964e+01
8.9088605e-01     24241  8.9173553e+01  8.8269681e+01  2.7068062e+01
9.6481958e-01     29993  7.9619113e+01  7.8970765e+01  2.2308544e+01
1.0423453e+00     36494  7.3172485e+01  7.2770599e+01  1.8537868e+01
1.1237267e+00     44825  6.6558926e+01  6.6274055e+01  1.5463811e+01
1.2089588e+00     53906  6.1768466e+01  6.1597950e+01  1.2964557e+01
1.2983336e+00     65729  5.6728423e+01  5.6568147e+01  1.0912310e+01
1.3921058e+00     78746  5.2352850e+01  5.2187623e+01  9.2129609e+00
1.4900211e+00     94374  4.8307577e+01  4.8157737e+01  7.8028271e+00
1.5921784e+00    112166  4.4812248e+01  4.4774804e+01  6.6246975e+00
1.6991083e+00    134373  4.1520355e+01  4.1525665e+01  5.6387760e+00
1.8110248e+00    159077  3.8408724e+01  3.8357347e+01  4.8167589e+00
1.9277595e+00    188172  3.5687927e+01  3.5643839e+01  4.1237182e+00
2.0497441e+00    222492  3.3030081e+01  3.3016058e+01  3.5376173e+00
2.1771282e+00    261771  3.0500543e+01  3.0474164e+01  3.0423451e+00
2.3098450e+00    306759  2.8284495e+01  2.8262658e+01  2.6223658e+00
2.4484375e+00    360898  2.6066949e+01  2.6044903e+01  2.2647182e+00
2.5937215e+00    425046  2.4057448e+01  2.4037393e+01  1.9581011e+00
2.7470320e+00    505555  2.2143399e+01  2.2123806e+01  1.6932366e+00
2.9094444e+00    600292  2.0352302e+01  2.0334027e+01  1.4635704e+00
3.0813867e+00    712930  1.8668816e+01  1.8652286e+01  1.2647082e+00
3.2634403e+00    846715  1.7043709e+01  1.7028549e+01  1.0924999e+00
3.4562097e+00   1005596  1.5561782e+01  1.5548095e+01  9.4343250e-01
3.6603648e+00   1194719  1.4171453e+01  1.4158896e+01  8.1444625e-01
3.8766358e+00   1419743  1.2815135e+01  1.2803618e+01  7.0282796e-01
4.1057220e+00   1686576  1.1586299e+01  1.1575899e+01  6.0629299e-01
4.3483372e+00   2003484  1.0472137e+01  1.0462698e+01  5.2284408e-01
4.6052142e+00   2378778  9.4334263e+00  9.4248735e+00  4.5076093e-01
4.8773359e+00   2828400  8.4900571e+00  8.4823124e+00  3.8848797e-01
5.1655179e+00   3356890  7.6232156e+00  7.6162576e+00  3.3471979e-01
5.4707002e+00   3990317  6.8415380e+00  6.8352944e+00  2.8831702e-01
5.7939476e+00   4738457  6.1222567e+00  6.1165648e+00  2.4826303e-01
6.1362572e+00   5629661  5.4783884e+00  5.4734068e+00  2.1372314e-01
6.4988210e+00   6687903  4.8996198e+00  4.8950443e+00  1.8392933e-01
6.8828355e+00   7945758  4.3736754e+00  4.3696216e+00  1.5824813e-01
7.2895050e+00   9436555  3.8955319e+00  3.8919255e+00  1.3611873e-01
7.7201584e+00  11210320  3.4708757e+00  3.4675747e+00  1.1705261e-01
8.1762927e+00  13318613  3.0895167e+00  3.0865900e+00  1.0063083e-01
8.6593661e+00  15819192  2.7486811e+00  2.7461135e+00  8.6487796e-02
9.1709925e+00  18795348  2.4475396e+00  2.4452017e+00  7.4319286e-02
9.7128705e+00  22326034  2.1734111e+00  2.1713376e+00  6.3844653e-02
1.0286736e+01  26520842  1.9320247e+00  1.9301338e+00  5.4832005e-02
1.0894484e+01  31503438  1.7158919e+00  1.7142534e+00  4.7093474e-02
1.1538156e+01  37426927  1.5233438e+00  1.5218842e+00  4.0437284e-02
1.2220385e+01  44525830  1.3516559e+00  1.3503530e+00  3.4709717e-02
