# Power spectrum from CO𝘕CEPT job 4559669 at t = 4.0358434 Gyr, a = 0.38461538
#
# Components:
#   0: matter  (upstream grid size 1024)
#
#                           grid size 1024
# ╭────────────────────────────────────────────────────────────────╮
#                         component 0    (corrected)      (linear)
#                        σ₈ = 3.73e-01  σ₈ = 3.73e-01  σ₈ = 3.64e-01
#  k [Mpc⁻¹]    modes       P [Mpc³]       P [Mpc³]       P [Mpc³]
2.4543693e-02         3  1.1461901e+04  1.1461901e+04  1.1584481e+04
4.6570361e-02        25  6.2682917e+03  6.3623847e+03  6.4108770e+03
8.3521561e-02       124  2.7671055e+03  2.7051565e+03  2.7360726e+03
1.3383638e-01       418  1.3121518e+03  1.2971445e+03  1.2386557e+03
1.8592088e-01       730  7.1060989e+02  7.2660842e+02  6.7830684e+02
2.3260504e-01      1012  5.0495248e+02  5.0140029e+02  4.2468695e+02
2.7635505e-01      1408  3.7771862e+02  3.7819331e+02  2.9677180e+02
3.1919121e-01      1841  2.9538720e+02  2.9374697e+02  2.2026295e+02
3.6464415e-01      2698  2.3243035e+02  2.3095390e+02  1.6272459e+02
4.1290034e-01      3532  1.9039723e+02  1.9196442e+02  1.2746293e+02
4.6319578e-01      4702  1.5654329e+02  1.5356600e+02  9.6005299e+01
5.1570195e-01      6019  1.3269390e+02  1.3418159e+02  7.6504063e+01
5.7047444e-01      7766  1.1254738e+02  1.1243140e+02  6.1378943e+01
6.2844883e-01     10012  9.9652930e+01  9.8078573e+01  4.8307051e+01
6.8955465e-01     12589  8.7250069e+01  8.7508231e+01  3.9053559e+01
7.5323141e-01     15650  7.7347835e+01  7.8007571e+01  3.2117720e+01
8.2032763e-01     19757  6.7411211e+01  6.7198756e+01  2.6324840e+01
8.9088605e-01     24241  6.1363079e+01  6.0741096e+01  2.1588246e+01
9.6481958e-01     29993  5.4442045e+01  5.3998717e+01  1.7792272e+01
1.0423453e+00     36494  4.9561286e+01  4.9289081e+01  1.4784955e+01
1.1237267e+00     44825  4.5115091e+01  4.4921999e+01  1.2333228e+01
1.2089588e+00     53906  4.1538173e+01  4.1423504e+01  1.0339939e+01
1.2983336e+00     65729  3.7904419e+01  3.7797327e+01  8.7031609e+00
1.3921058e+00     78746  3.4928127e+01  3.4817893e+01  7.3478378e+00
1.4900211e+00     94374  3.2013692e+01  3.1914393e+01  6.2231798e+00
1.5921784e+00    112166  2.9869448e+01  2.9844490e+01  5.2835578e+00
1.6991083e+00    134373  2.7338509e+01  2.7342006e+01  4.4972320e+00
1.8110248e+00    159077  2.5340920e+01  2.5307023e+01  3.8416288e+00
1.9277595e+00    188172  2.3435289e+01  2.3406338e+01  3.2888913e+00
2.0497441e+00    222492  2.1667503e+01  2.1658305e+01  2.8214441e+00
2.1771282e+00    261771  2.0169392e+01  2.0151948e+01  2.4264376e+00
2.3098450e+00    306759  1.8708801e+01  1.8694357e+01  2.0914814e+00
2.4484375e+00    360898  1.7316049e+01  1.7301404e+01  1.8062380e+00
2.5937215e+00    425046  1.6075649e+01  1.6062248e+01  1.5616942e+00
2.7470320e+00    505555  1.4905130e+01  1.4891942e+01  1.3504504e+00
2.9094444e+00    600292  1.3736302e+01  1.3723968e+01  1.1672791e+00
3.0813867e+00    712930  1.2665284e+01  1.2654070e+01  1.0086757e+00
3.2634403e+00    846715  1.1642812e+01  1.1632456e+01  8.7133014e-01
3.4562097e+00   1005596  1.0691812e+01  1.0682408e+01  7.5244077e-01
3.6603648e+00   1194719  9.7819227e+00  9.7732548e+00  6.4956718e-01
3.8766358e+00   1419743  8.9612371e+00  8.9531834e+00  5.6054549e-01
4.1057220e+00   1686576  8.1699230e+00  8.1625895e+00  4.8355356e-01
4.3483372e+00   2003484  7.4128577e+00  7.4061766e+00  4.1699848e-01
4.6052142e+00   2378778  6.7343026e+00  6.7281970e+00  3.5950820e-01
4.8773359e+00   2828400  6.0955686e+00  6.0900081e+00  3.0984209e-01
5.1655179e+00   3356890  5.4985777e+00  5.4935590e+00  2.6695899e-01
5.4707002e+00   3990317  4.9541332e+00  4.9496121e+00  2.2995021e-01
5.7939476e+00   4738457  4.4544065e+00  4.4502653e+00  1.9800493e-01
6.1362572e+00   5629661  4.0038005e+00  4.0001598e+00  1.7045744e-01
6.4988210e+00   6687903  3.5926656e+00  3.5893106e+00  1.4669520e-01
6.8828355e+00   7945758  3.2183645e+00  3.2153815e+00  1.2621300e-01
7.2895050e+00   9436555  2.8788671e+00  2.8762020e+00  1.0856356e-01
7.7201584e+00  11210320  2.5784929e+00  2.5760407e+00  9.3357242e-02
8.1762927e+00  13318613  2.3051884e+00  2.3030046e+00  8.0259931e-02
8.6593661e+00  15819192  2.0571552e+00  2.0552336e+00  6.8980046e-02
9.1709925e+00  18795348  1.8379840e+00  1.8362283e+00  5.9274951e-02
9.7128705e+00  22326034  1.6380735e+00  1.6365107e+00  5.0920818e-02
1.0286736e+01  26520842  1.4598793e+00  1.4584504e+00  4.3732698e-02
1.0894484e+01  31503438  1.3011124e+00  1.2998700e+00  3.7560757e-02
1.1538156e+01  37426927  1.1590396e+00  1.1579290e+00  3.2252043e-02
1.2220385e+01  44525830  1.0332070e+00  1.0322111e+00  2.7683956e-02
