# Power spectrum from CO𝘕CEPT job 4559669 at t = 3.6249528 Gyr, a = 0.35714286
#
# Components:
#   0: matter  (upstream grid size 1024)
#
#                           grid size 1024
# ╭────────────────────────────────────────────────────────────────╮
#                         component 0    (corrected)      (linear)
#                        σ₈ = 3.47e-01  σ₈ = 3.47e-01  σ₈ = 3.39e-01
#  k [Mpc⁻¹]    modes       P [Mpc³]       P [Mpc³]       P [Mpc³]
2.4543693e-02         3  9.9802055e+03  9.9802055e+03  1.0077233e+04
4.6570361e-02        25  5.4569804e+03  5.5388948e+03  5.5769302e+03
8.3521561e-02       124  2.4050651e+03  2.3512213e+03  2.3801817e+03
1.3383638e-01       418  1.1357980e+03  1.1228076e+03  1.0775430e+03
1.8592088e-01       730  6.1179652e+02  6.2557039e+02  5.9007965e+02
2.3260504e-01      1012  4.3209824e+02  4.2905856e+02  3.6944820e+02
2.7635505e-01      1408  3.2131685e+02  3.2172066e+02  2.5817094e+02
3.1919121e-01      1841  2.4902641e+02  2.4764362e+02  1.9161356e+02
3.6464415e-01      2698  1.9546765e+02  1.9422600e+02  1.4155917e+02
4.1290034e-01      3532  1.5835732e+02  1.5966079e+02  1.1088397e+02
4.6319578e-01      4702  1.2946568e+02  1.2700338e+02  8.3518003e+01
5.1570195e-01      6019  1.0960119e+02  1.1082997e+02  6.6553272e+01
5.7047444e-01      7766  9.2455394e+01  9.2360120e+01  5.3395460e+01
6.2844883e-01     10012  8.1366303e+01  8.0080846e+01  4.2023815e+01
6.8955465e-01     12589  7.0727487e+01  7.0936761e+01  3.3973914e+01
7.5323141e-01     15650  6.2237696e+01  6.2768550e+01  2.7940211e+01
8.2032763e-01     19757  5.4049338e+01  5.3878995e+01  2.2900804e+01
8.9088605e-01     24241  4.8877845e+01  4.8382414e+01  1.8780292e+01
9.6481958e-01     29993  4.3256302e+01  4.2904060e+01  1.5478057e+01
1.0423453e+00     36494  3.9068875e+01  3.8854297e+01  1.2861897e+01
1.1237267e+00     44825  3.5576764e+01  3.5424496e+01  1.0729063e+01
1.2089588e+00     53906  3.2527003e+01  3.2437210e+01  8.9950383e+00
1.2983336e+00     65729  2.9599531e+01  2.9515903e+01  7.5711542e+00
1.3921058e+00     78746  2.7192411e+01  2.7106591e+01  6.3921161e+00
1.4900211e+00     94374  2.4886299e+01  2.4809108e+01  5.4137409e+00
1.5921784e+00    112166  2.3077437e+01  2.3058154e+01  4.5963342e+00
1.6991083e+00    134373  2.1112668e+01  2.1115368e+01  3.9122847e+00
1.8110248e+00    159077  1.9560283e+01  1.9534118e+01  3.3419550e+00
1.9277595e+00    188172  1.8102375e+01  1.8080012e+01  2.8611113e+00
2.0497441e+00    222492  1.6804366e+01  1.6797231e+01  2.4544642e+00
2.1771282e+00    261771  1.5679363e+01  1.5665803e+01  2.1108357e+00
2.3098450e+00    306759  1.4534315e+01  1.4523094e+01  1.8194468e+00
2.4484375e+00    360898  1.3532764e+01  1.3521319e+01  1.5713045e+00
2.5937215e+00    425046  1.2582023e+01  1.2571534e+01  1.3585682e+00
2.7470320e+00    505555  1.1680690e+01  1.1670354e+01  1.1748006e+00
2.9094444e+00    600292  1.0790994e+01  1.0781305e+01  1.0154540e+00
3.0813867e+00    712930  9.9965502e+00  9.9876989e+00  8.7747994e-01
3.2634403e+00    846715  9.2450814e+00  9.2368581e+00  7.5799871e-01
3.4562097e+00   1005596  8.5194712e+00  8.5119783e+00  6.5457309e-01
3.6603648e+00   1194719  7.8230277e+00  7.8160956e+00  5.6508010e-01
3.8766358e+00   1419743  7.1708383e+00  7.1643937e+00  4.8763730e-01
4.1057220e+00   1686576  6.5514476e+00  6.5455669e+00  4.2065957e-01
4.3483372e+00   2003484  5.9529245e+00  5.9475592e+00  3.6276118e-01
4.6052142e+00   2378778  5.4232262e+00  5.4183092e+00  3.1274855e-01
4.8773359e+00   2828400  4.9122776e+00  4.9077966e+00  2.6954240e-01
5.1655179e+00   3356890  4.4496201e+00  4.4455587e+00  2.3223702e-01
5.4707002e+00   3990317  4.0216945e+00  4.0180243e+00  2.0004189e-01
5.7939476e+00   4738457  3.6282301e+00  3.6248570e+00  1.7225165e-01
6.1362572e+00   5629661  3.2745756e+00  3.2715980e+00  1.4828720e-01
6.4988210e+00   6687903  2.9465962e+00  2.9438445e+00  1.2761565e-01
6.8828355e+00   7945758  2.6510178e+00  2.6485607e+00  1.0979751e-01
7.2895050e+00   9436555  2.3841332e+00  2.3819261e+00  9.4443676e-02
7.7201584e+00  11210320  2.1400849e+00  2.1380496e+00  8.1215197e-02
8.1762927e+00  13318613  1.9182383e+00  1.9164212e+00  6.9821407e-02
8.6593661e+00  15819192  1.7205428e+00  1.7189356e+00  6.0008653e-02
9.1709925e+00  18795348  1.5399058e+00  1.5384348e+00  5.1565861e-02
9.7128705e+00  22326034  1.3779525e+00  1.3766379e+00  4.4298312e-02
1.0286736e+01  26520842  1.2328625e+00  1.2316558e+00  3.8045116e-02
1.0894484e+01  31503438  1.1017927e+00  1.1007407e+00  3.2675926e-02
1.1538156e+01  37426927  9.8480064e-01  9.8385703e-01  2.8057686e-02
1.2220385e+01  44525830  8.8060963e-01  8.7976084e-01  2.4083741e-02
