# Power spectrum from CO𝘕CEPT job 4559669 at t = 5.1230837 Gyr, a = 0.45454545
#
# Components:
#   0: matter  (upstream grid size 1024)
#
#                           grid size 1024
# ╭────────────────────────────────────────────────────────────────╮
#                         component 0    (corrected)      (linear)
#                        σ₈ = 4.39e-01  σ₈ = 4.38e-01  σ₈ = 4.24e-01
#  k [Mpc⁻¹]    modes       P [Mpc³]       P [Mpc³]       P [Mpc³]
2.4543693e-02         3  1.5537303e+04  1.5537303e+04  1.5742862e+04
4.6570361e-02        25  8.4997679e+03  8.6273574e+03  8.7115138e+03
8.3521561e-02       124  3.7730599e+03  3.6885899e+03  3.7178540e+03
1.3383638e-01       418  1.8059203e+03  1.7852656e+03  1.6831070e+03
1.8592088e-01       730  9.9268853e+02  1.0150377e+03  9.2169266e+02
2.3260504e-01      1012  7.1521267e+02  7.1018135e+02  5.7706985e+02
2.7635505e-01      1408  5.4360974e+02  5.4429291e+02  4.0325694e+02
3.1919121e-01      1841  4.3432614e+02  4.3191441e+02  2.9929574e+02
3.6464415e-01      2698  3.4353135e+02  3.4134917e+02  2.2111192e+02
4.1290034e-01      3532  2.8980853e+02  2.9219399e+02  1.7319797e+02
4.6319578e-01      4702  2.4130573e+02  2.3671636e+02  1.3045299e+02
5.1570195e-01      6019  2.0554897e+02  2.0785346e+02  1.0395450e+02
5.7047444e-01      7766  1.7567671e+02  1.7549567e+02  8.3402323e+01
6.2844883e-01     10012  1.5748889e+02  1.5500082e+02  6.5640101e+01
6.8955465e-01     12589  1.3985339e+02  1.4026720e+02  5.3066360e+01
7.5323141e-01     15650  1.2574761e+02  1.2682016e+02  4.3641871e+01
8.2032763e-01     19757  1.1069626e+02  1.1034739e+02  3.5770446e+01
8.9088605e-01     24241  1.0193529e+02  1.0090207e+02  2.9334314e+01
9.6481958e-01     29993  9.1313089e+01  9.0569516e+01  2.4176308e+01
1.0423453e+00     36494  8.4057534e+01  8.3595865e+01  2.0089935e+01
1.1237267e+00     44825  7.6482410e+01  7.6155066e+01  1.6758505e+01
1.2089588e+00     53906  7.0931480e+01  7.0735669e+01  1.4050003e+01
1.2983336e+00     65729  6.5293387e+01  6.5108912e+01  1.1825934e+01
1.3921058e+00     78746  6.0101387e+01  5.9911706e+01  9.9843074e+00
1.4900211e+00     94374  5.5700775e+01  5.5528004e+01  8.4561112e+00
1.5921784e+00    112166  5.1534264e+01  5.1491204e+01  7.1793437e+00
1.6991083e+00    134373  4.7759323e+01  4.7765431e+01  6.1108767e+00
1.8110248e+00    159077  4.4184995e+01  4.4125891e+01  5.2200369e+00
1.9277595e+00    188172  4.0941296e+01  4.0890718e+01  4.4689718e+00
2.0497441e+00    222492  3.7928769e+01  3.7912667e+01  3.8338001e+00
2.1771282e+00    261771  3.4997261e+01  3.4966992e+01  3.2970617e+00
2.3098450e+00    306759  3.2353857e+01  3.2328879e+01  2.8419200e+00
2.4484375e+00    360898  2.9809521e+01  2.9784309e+01  2.4543286e+00
2.5937215e+00    425046  2.7436028e+01  2.7413157e+01  2.1220403e+00
2.7470320e+00    505555  2.5166658e+01  2.5144389e+01  1.8350003e+00
2.9094444e+00    600292  2.3099439e+01  2.3078697e+01  1.5861055e+00
3.0813867e+00    712930  2.1149957e+01  2.1131230e+01  1.3705938e+00
3.2634403e+00    846715  1.9242513e+01  1.9225397e+01  1.1839675e+00
3.4562097e+00   1005596  1.7523499e+01  1.7508088e+01  1.0224196e+00
3.6603648e+00   1194719  1.5892000e+01  1.5877917e+01  8.8263407e-01
3.8766358e+00   1419743  1.4414500e+01  1.4401545e+01  7.6167066e-01
4.1057220e+00   1686576  1.3021629e+01  1.3009940e+01  6.5705341e-01
4.3483372e+00   2003484  1.1741618e+01  1.1731035e+01  5.6661783e-01
4.6052142e+00   2378778  1.0554939e+01  1.0545370e+01  4.8849961e-01
4.8773359e+00   2828400  9.4710198e+00  9.4623802e+00  4.2101293e-01
5.1655179e+00   3356890  8.5035704e+00  8.4958088e+00  3.6274308e-01
5.4707002e+00   3990317  7.6330417e+00  7.6260758e+00  3.1245530e-01
5.7939476e+00   4738457  6.8233168e+00  6.8169732e+00  2.6904785e-01
6.1362572e+00   5629661  6.1036915e+00  6.0981413e+00  2.3161617e-01
6.4988210e+00   6687903  5.4449359e+00  5.4398511e+00  1.9932791e-01
6.8828355e+00   7945758  4.8563194e+00  4.8518182e+00  1.7149660e-01
7.2895050e+00   9436555  4.3258391e+00  4.3218344e+00  1.4751447e-01
7.7201584e+00  11210320  3.8496844e+00  3.8460232e+00  1.2685207e-01
8.1762927e+00  13318613  3.4223945e+00  3.4191524e+00  1.0905542e-01
8.6593661e+00  15819192  3.0392172e+00  3.0363782e+00  9.3728289e-02
9.1709925e+00  18795348  2.7000928e+00  2.6975136e+00  8.0541003e-02
9.7128705e+00  22326034  2.4003382e+00  2.3980482e+00  6.9189412e-02
1.0286736e+01  26520842  2.1304886e+00  2.1284034e+00  5.9422208e-02
1.0894484e+01  31503438  1.8913507e+00  1.8895447e+00  5.1035795e-02
1.1538156e+01  37426927  1.6791263e+00  1.6775174e+00  4.3822341e-02
1.2220385e+01  44525830  1.4883362e+00  1.4869016e+00  3.7615258e-02
