# Power spectrum from CO𝘕CEPT job 4559669 at t = 2.9820513 Gyr, a = 0.3125
#
# Components:
#   0: matter  (upstream grid size 1024)
#
#                           grid size 1024
# ╭────────────────────────────────────────────────────────────────╮
#                         component 0    (corrected)      (linear)
#                        σ₈ = 3.04e-01  σ₈ = 3.04e-01  σ₈ = 2.99e-01
#  k [Mpc⁻¹]    modes       P [Mpc³]       P [Mpc³]       P [Mpc³]
2.4543693e-02         3  7.7463454e+03  7.7463454e+03  7.8097710e+03
4.6570361e-02        25  4.2340174e+03  4.2975740e+03  4.3222964e+03
8.3521561e-02       124  1.8624739e+03  1.8207774e+03  1.8447495e+03
1.3383638e-01       418  8.7320133e+02  8.6321436e+02  8.3514971e+02
1.8592088e-01       730  4.6671782e+02  4.7722542e+02  4.5734208e+02
2.3260504e-01      1012  3.2605797e+02  3.2376425e+02  2.8634156e+02
2.7635505e-01      1408  2.4021114e+02  2.4051302e+02  2.0009598e+02
3.1919121e-01      1841  1.8338306e+02  1.8236477e+02  1.4851057e+02
3.6464415e-01      2698  1.4324837e+02  1.4233843e+02  1.0971581e+02
4.1290034e-01      3532  1.1422800e+02  1.1516822e+02  8.5940922e+01
4.6319578e-01      4702  9.2320182e+01  9.0564353e+01  6.4730859e+01
5.1570195e-01      6019  7.7947423e+01  7.8821323e+01  5.1582302e+01
5.7047444e-01      7766  6.5022529e+01  6.4955523e+01  4.1384305e+01
6.2844883e-01     10012  5.6647989e+01  5.5753041e+01  3.2570681e+01
6.8955465e-01     12589  4.8453406e+01  4.8596773e+01  2.6331583e+01
7.5323141e-01     15650  4.2118657e+01  4.2477906e+01  2.1655145e+01
8.2032763e-01     19757  3.6369553e+01  3.6254930e+01  1.7749338e+01
8.9088605e-01     24241  3.2435482e+01  3.2106712e+01  1.4555724e+01
9.6481958e-01     29993  2.8578831e+01  2.8346110e+01  1.1996316e+01
1.0423453e+00     36494  2.5428291e+01  2.5288631e+01  9.9686542e+00
1.1237267e+00     44825  2.3014458e+01  2.2915957e+01  8.3155953e+00
1.2089588e+00     53906  2.0755217e+01  2.0697921e+01  6.9716340e+00
1.2983336e+00     65729  1.8774156e+01  1.8721113e+01  5.8680484e+00
1.3921058e+00     78746  1.7082534e+01  1.7028621e+01  4.9542314e+00
1.4900211e+00     94374  1.5504212e+01  1.5456121e+01  4.1959387e+00
1.5921784e+00    112166  1.4215970e+01  1.4204092e+01  3.5624052e+00
1.6991083e+00    134373  1.3016191e+01  1.3017856e+01  3.0322306e+00
1.8110248e+00    159077  1.1999065e+01  1.1983014e+01  2.5901948e+00
1.9277595e+00    188172  1.1061152e+01  1.1047487e+01  2.2175153e+00
2.0497441e+00    222492  1.0274082e+01  1.0269720e+01  1.9023423e+00
2.1771282e+00    261771  9.5150143e+00  9.5067849e+00  1.6360119e+00
2.3098450e+00    306759  8.8105064e+00  8.8037045e+00  1.4101700e+00
2.4484375e+00    360898  8.1771841e+00  8.1702682e+00  1.2178465e+00
2.5937215e+00    425046  7.6031374e+00  7.5967993e+00  1.0529645e+00
2.7470320e+00    505555  7.0635048e+00  7.0572546e+00  9.1053483e-01
2.9094444e+00    600292  6.5627988e+00  6.5569058e+00  7.8703276e-01
3.0813867e+00    712930  6.0969529e+00  6.0915544e+00  6.8009546e-01
3.2634403e+00    846715  5.6466978e+00  5.6416752e+00  5.8749112e-01
3.4562097e+00   1005596  5.2321035e+00  5.2275019e+00  5.0733072e-01
3.6603648e+00   1194719  4.8411210e+00  4.8368312e+00  4.3796885e-01
3.8766358e+00   1419743  4.4603382e+00  4.4563296e+00  3.7794652e-01
4.1057220e+00   1686576  4.1092434e+00  4.1055548e+00  3.2603518e-01
4.3483372e+00   2003484  3.7734380e+00  3.7700370e+00  2.8116080e-01
4.6052142e+00   2378778  3.4612850e+00  3.4581468e+00  2.4239831e-01
4.8773359e+00   2828400  3.1684517e+00  3.1655614e+00  2.0891121e-01
5.1655179e+00   3356890  2.8951413e+00  2.8924988e+00  1.7999751e-01
5.4707002e+00   3990317  2.6347652e+00  2.6323607e+00  1.5504452e-01
5.7939476e+00   4738457  2.3999433e+00  2.3977120e+00  1.3350556e-01
6.1362572e+00   5629661  2.1818593e+00  2.1798753e+00  1.1493179e-01
6.4988210e+00   6687903  1.9846295e+00  1.9827762e+00  9.8910204e-02
6.8828355e+00   7945758  1.8017410e+00  1.8000711e+00  8.5100158e-02
7.2895050e+00   9436555  1.6322498e+00  1.6307387e+00  7.3200077e-02
7.7201584e+00  11210320  1.4762078e+00  1.4748039e+00  6.2947261e-02
8.1762927e+00  13318613  1.3365665e+00  1.3353003e+00  5.4116429e-02
8.6593661e+00  15819192  1.2102556e+00  1.2091250e+00  4.6510984e-02
9.1709925e+00  18795348  1.0923226e+00  1.0912792e+00  3.9967332e-02
9.7128705e+00  22326034  9.8544904e-01  9.8450891e-01  3.4334558e-02
1.0286736e+01  26520842  8.8932037e-01  8.8844995e-01  2.9487962e-02
1.0894484e+01  31503438  8.0155650e-01  8.0079113e-01  2.5326521e-02
1.1538156e+01  37426927  7.2297943e-01  7.2228670e-01  2.1747105e-02
1.2220385e+01  44525830  6.5205700e-01  6.5142850e-01  1.8667052e-02
