# Power spectrum from CO𝘕CEPT job 4559669 at t = 8.5934117 Gyr, a = 0.66666667
#
# Components:
#   0: matter  (upstream grid size 1024)
#
#                           grid size 1024
# ╭────────────────────────────────────────────────────────────────╮
#                         component 0    (corrected)      (linear)
#                        σ₈ = 6.21e-01  σ₈ = 6.20e-01  σ₈ = 5.84e-01
#  k [Mpc⁻¹]    modes       P [Mpc³]       P [Mpc³]       P [Mpc³]
2.4543693e-02         3  2.9242837e+04  2.9242837e+04  2.9854569e+04
4.6570361e-02        25  1.5994357e+04  1.6234448e+04  1.6517554e+04
8.3521561e-02       124  7.2896690e+03  7.1264704e+03  7.0487986e+03
1.3383638e-01       418  3.5643084e+03  3.5235428e+03  3.1909864e+03
1.8592088e-01       730  2.0453307e+03  2.0913789e+03  1.7474157e+03
2.3260504e-01      1012  1.5187793e+03  1.5080952e+03  1.0940502e+03
2.7635505e-01      1408  1.2128336e+03  1.2143578e+03  7.6452212e+02
3.1919121e-01      1841  1.0239481e+03  1.0182623e+03  5.6742483e+02
3.6464415e-01      2698  8.2091150e+02  8.1569690e+02  4.1919846e+02
4.1290034e-01      3532  7.2759628e+02  7.3358524e+02  3.2835989e+02
4.6319578e-01      4702  6.3292873e+02  6.2089112e+02  2.4732111e+02
5.1570195e-01      6019  5.6459985e+02  5.7092981e+02  1.9708352e+02
5.7047444e-01      7766  5.0232831e+02  5.0181066e+02  1.5811937e+02
6.2844883e-01     10012  4.4535369e+02  4.3831781e+02  1.2444461e+02
6.8955465e-01     12589  4.0551723e+02  4.0671711e+02  1.0060650e+02
7.5323141e-01     15650  3.7522495e+02  3.7842542e+02  8.2738959e+01
8.2032763e-01     19757  3.4022014e+02  3.3914789e+02  6.7815816e+01
8.9088605e-01     24241  3.0876045e+02  3.0563083e+02  5.5613792e+01
9.6481958e-01     29993  2.8463920e+02  2.8232134e+02  4.5834921e+01
1.0423453e+00     36494  2.5936875e+02  2.5794422e+02  3.8087720e+01
1.1237267e+00     44825  2.3652173e+02  2.3550942e+02  3.1771788e+01
1.2089588e+00     53906  2.2085248e+02  2.2024280e+02  2.6636842e+01
1.2983336e+00     65729  2.0249310e+02  2.0192099e+02  2.2420313e+01
1.3921058e+00     78746  1.8521715e+02  1.8463260e+02  1.8928844e+01
1.4900211e+00     94374  1.6949540e+02  1.6896967e+02  1.6031596e+01
1.5921784e+00    112166  1.5493793e+02  1.5480847e+02  1.3611022e+01
1.6991083e+00    134373  1.4174457e+02  1.4176270e+02  1.1585356e+01
1.8110248e+00    159077  1.2940478e+02  1.2923168e+02  9.8964475e+00
1.9277595e+00    188172  1.1770092e+02  1.1755551e+02  8.4725326e+00
2.0497441e+00    222492  1.0671938e+02  1.0667407e+02  7.2683354e+00
2.1771282e+00    261771  9.6923670e+01  9.6839843e+01  6.2507541e+00
2.3098450e+00    306759  8.8675537e+01  8.8607078e+01  5.3878689e+00
2.4484375e+00    360898  8.0273220e+01  8.0205328e+01  4.6530497e+00
2.5937215e+00    425046  7.2933715e+01  7.2872916e+01  4.0230775e+00
2.7470320e+00    505555  6.6246786e+01  6.6188168e+01  3.4788900e+00
2.9094444e+00    600292  5.9933738e+01  5.9879921e+01  3.0070202e+00
3.0813867e+00    712930  5.4348336e+01  5.4300214e+01  2.5984403e+00
3.2634403e+00    846715  4.8953658e+01  4.8910115e+01  2.2446231e+00
3.4562097e+00   1005596  4.4138025e+01  4.4099206e+01  1.9383511e+00
3.6603648e+00   1194719  3.9563003e+01  3.9527946e+01  1.6733376e+00
3.8766358e+00   1419743  3.5596694e+01  3.5564702e+01  1.4440082e+00
4.1057220e+00   1686576  3.1792115e+01  3.1763578e+01  1.2456688e+00
4.3483372e+00   2003484  2.8500735e+01  2.8475048e+01  1.0742159e+00
4.6052142e+00   2378778  2.5554058e+01  2.5530889e+01  9.2611501e-01
4.8773359e+00   2828400  2.2780969e+01  2.2760188e+01  7.9817003e-01
5.1655179e+00   3356890  2.0349095e+01  2.0330522e+01  6.8769886e-01
5.4707002e+00   3990317  1.8165769e+01  1.8149191e+01  5.9236058e-01
5.7939476e+00   4738457  1.6225119e+01  1.6210035e+01  5.1006646e-01
6.1362572e+00   5629661  1.4472801e+01  1.4459641e+01  4.3910155e-01
6.4988210e+00   6687903  1.2880169e+01  1.2868141e+01  3.7788785e-01
6.8828355e+00   7945758  1.1455028e+01  1.1444410e+01  3.2512390e-01
7.2895050e+00   9436555  1.0200709e+01  1.0191266e+01  2.7965743e-01
7.7201584e+00  11210320  9.0522438e+00  9.0436347e+00  2.4048474e-01
8.1762927e+00  13318613  8.0221835e+00  8.0145839e+00  2.0674507e-01
8.6593661e+00  15819192  7.1081098e+00  7.1014699e+00  1.7768728e-01
9.1709925e+00  18795348  6.3004576e+00  6.2944394e+00  1.5268632e-01
9.7128705e+00  22326034  5.5732897e+00  5.5679727e+00  1.3116558e-01
1.0286736e+01  26520842  4.9238084e+00  4.9189893e+00  1.1264860e-01
1.0894484e+01  31503438  4.3454131e+00  4.3412638e+00  9.6749402e-02
1.1538156e+01  37426927  3.8346618e+00  3.8309875e+00  8.3073964e-02
1.2220385e+01  44525830  3.3785430e+00  3.3752865e+00  7.1306463e-02
