# Power spectrum from CO𝘕CEPT job 4559669 at t = 2.1444136 Gyr, a = 0.25
#
# Components:
#   0: matter  (upstream grid size 1024)
#
#                           grid size 1024
# ╭────────────────────────────────────────────────────────────────╮
#                         component 0    (corrected)      (linear)
#                        σ₈ = 2.43e-01  σ₈ = 2.43e-01  σ₈ = 2.40e-01
#  k [Mpc⁻¹]    modes       P [Mpc³]       P [Mpc³]       P [Mpc³]
2.4543693e-02         3  5.0322483e+03  5.0322483e+03  5.0632802e+03
4.6570361e-02        25  2.7487950e+03  2.7900570e+03  2.8024758e+03
8.3521561e-02       124  1.2076713e+03  1.1806343e+03  1.1961244e+03
1.3383638e-01       418  5.5987795e+02  5.5347452e+02  5.4151043e+02
1.8592088e-01       730  2.9688810e+02  3.0357218e+02  2.9654103e+02
2.3260504e-01      1012  2.0380623e+02  2.0237252e+02  1.8566432e+02
2.7635505e-01      1408  1.4827673e+02  1.4846308e+02  1.2974262e+02
3.1919121e-01      1841  1.1092850e+02  1.1031253e+02  9.6294572e+01
3.6464415e-01      2698  8.5891953e+01  8.5346351e+01  7.1139983e+01
4.1290034e-01      3532  6.7375612e+01  6.7930191e+01  5.5724303e+01
4.6319578e-01      4702  5.3367756e+01  5.2352759e+01  4.1971653e+01
5.1570195e-01      6019  4.4767294e+01  4.5269199e+01  3.3446099e+01
5.7047444e-01      7766  3.6788485e+01  3.6750575e+01  2.6833694e+01
6.2844883e-01     10012  3.1455389e+01  3.0958444e+01  2.1118918e+01
6.8955465e-01     12589  2.6220746e+01  2.6298330e+01  1.7073472e+01
7.5323141e-01     15650  2.2476642e+01  2.2668356e+01  1.4041257e+01
8.2032763e-01     19757  1.9247441e+01  1.9186780e+01  1.1508722e+01
8.9088605e-01     24241  1.6773453e+01  1.6603435e+01  9.4379741e+00
9.6481958e-01     29993  1.4601984e+01  1.4483078e+01  7.7784476e+00
1.0423453e+00     36494  1.2715106e+01  1.2645270e+01  6.4637061e+00
1.1237267e+00     44825  1.1270430e+01  1.1222193e+01  5.3918582e+00
1.2089588e+00     53906  1.0011896e+01  9.9842578e+00  4.5204300e+00
1.2983336e+00     65729  8.9038671e+00  8.8787108e+00  3.8048620e+00
1.3921058e+00     78746  7.9701551e+00  7.9450011e+00  3.2123405e+00
1.4900211e+00     94374  7.1425105e+00  7.1203560e+00  2.7206614e+00
1.5921784e+00    112166  6.4421958e+00  6.4368130e+00  2.3098765e+00
1.6991083e+00    134373  5.8139900e+00  5.8147336e+00  1.9661097e+00
1.8110248e+00    159077  5.2984121e+00  5.2913247e+00  1.6794924e+00
1.9277595e+00    188172  4.8340485e+00  4.8280766e+00  1.4378459e+00
2.0497441e+00    222492  4.4207031e+00  4.4188264e+00  1.2334868e+00
2.1771282e+00    261771  4.0509523e+00  4.0474488e+00  1.0607974e+00
2.3098450e+00    306759  3.7167082e+00  3.7138388e+00  9.1436076e-01
2.4484375e+00    360898  3.4366245e+00  3.4337179e+00  7.8965763e-01
2.5937215e+00    425046  3.1753233e+00  3.1726763e+00  6.8274761e-01
2.7470320e+00    505555  2.9308339e+00  2.9282405e+00  5.9039574e-01
2.9094444e+00    600292  2.7018075e+00  2.6993815e+00  5.1031659e-01
3.0813867e+00    712930  2.4964684e+00  2.4942579e+00  4.4097807e-01
3.2634403e+00    846715  2.3136236e+00  2.3115657e+00  3.8093309e-01
3.4562097e+00   1005596  2.1465929e+00  2.1447049e+00  3.2895680e-01
3.6603648e+00   1194719  1.9911171e+00  1.9893527e+00  2.8398230e-01
3.8766358e+00   1419743  1.8396680e+00  1.8380147e+00  2.4506359e-01
4.1057220e+00   1686576  1.7004758e+00  1.6989494e+00  2.1140407e-01
4.3483372e+00   2003484  1.5684925e+00  1.5670789e+00  1.8230734e-01
4.6052142e+00   2378778  1.4493150e+00  1.4480010e+00  1.5717357e-01
4.8773359e+00   2828400  1.3346353e+00  1.3334179e+00  1.3546038e-01
5.1655179e+00   3356890  1.2311159e+00  1.2299922e+00  1.1671259e-01
5.4707002e+00   3990317  1.1346198e+00  1.1335844e+00  1.0053295e-01
5.7939476e+00   4738457  1.0459296e+00  1.0449572e+00  8.6566977e-02
6.1362572e+00   5629661  9.6572324e-01  9.6484510e-01  7.4523638e-02
6.4988210e+00   6687903  8.9263799e-01  8.9180439e-01  6.4135141e-02
6.8828355e+00   7945758  8.2648341e-01  8.2571737e-01  5.5180617e-02
7.2895050e+00   9436555  7.6675777e-01  7.6604792e-01  4.7464521e-02
7.7201584e+00  11210320  7.1190371e-01  7.1122666e-01  4.0816518e-02
8.1762927e+00  13318613  6.6191703e-01  6.6128999e-01  3.5090534e-02
8.6593661e+00  15819192  6.1586097e-01  6.1528568e-01  3.0159096e-02
9.1709925e+00  18795348  5.7212275e-01  5.7157625e-01  2.5916129e-02
9.7128705e+00  22326034  5.3045552e-01  5.2994946e-01  2.2263779e-02
1.0286736e+01  26520842  4.9152615e-01  4.9104508e-01  1.9121190e-02
1.0894484e+01  31503438  4.5507595e-01  4.5464142e-01  1.6422860e-02
1.1538156e+01  37426927  4.2068815e-01  4.2028506e-01  1.4101917e-02
1.2220385e+01  44525830  3.8867054e-01  3.8829592e-01  1.2104764e-02
