# Power spectrum from CO𝘕CEPT job 4559669 at t = 12.444912 Gyr, a = 0.90909091
#
# Components:
#   0: matter  (upstream grid size 1024)
#
#                           grid size 1024
# ╭────────────────────────────────────────────────────────────────╮
#                         component 0    (corrected)      (linear)
#                        σ₈ = 7.85e-01  σ₈ = 7.83e-01  σ₈ = 7.19e-01
#  k [Mpc⁻¹]    modes       P [Mpc³]       P [Mpc³]       P [Mpc³]
2.4543693e-02         3  4.4008192e+04  4.4008192e+04  4.5265323e+04
4.6570361e-02        25  2.4033577e+04  2.4394344e+04  2.5040524e+04
8.3521561e-02       124  1.1344116e+04  1.1090147e+04  1.0685354e+04
1.3383638e-01       418  5.6550817e+03  5.5904035e+03  4.8371623e+03
1.8592088e-01       730  3.3637381e+03  3.4394687e+03  2.6488614e+03
2.3260504e-01      1012  2.5386138e+03  2.5207554e+03  1.6584377e+03
2.7635505e-01      1408  2.0819727e+03  2.0845892e+03  1.1589145e+03
3.1919121e-01      1841  1.8426839e+03  1.8324518e+03  8.6014035e+02
3.6464415e-01      2698  1.5103355e+03  1.5007416e+03  6.3544857e+02
4.1290034e-01      3532  1.3567233e+03  1.3678907e+03  4.9774930e+02
4.6319578e-01      4702  1.1654384e+03  1.1432730e+03  3.7490531e+02
5.1570195e-01      6019  1.0540903e+03  1.0659081e+03  2.9875186e+02
5.7047444e-01      7766  9.7618660e+02  9.7518064e+02  2.3968745e+02
6.2844883e-01     10012  8.7545534e+02  8.6162455e+02  1.8864106e+02
6.8955465e-01     12589  7.9136355e+02  7.9370510e+02  1.5250573e+02
7.5323141e-01     15650  7.2816128e+02  7.3437211e+02  1.2542095e+02
8.2032763e-01     19757  6.6978097e+02  6.6767007e+02  1.0279950e+02
8.9088605e-01     24241  6.2333728e+02  6.1701908e+02  8.4302890e+01
9.6481958e-01     29993  5.6185796e+02  5.5728269e+02  6.9479455e+01
1.0423453e+00     36494  5.1958560e+02  5.1673187e+02  5.7735756e+01
1.1237267e+00     44825  4.6972210e+02  4.6771170e+02  4.8161664e+01
1.2089588e+00     53906  4.3067148e+02  4.2948258e+02  4.0377789e+01
1.2983336e+00     65729  3.9317139e+02  3.9206055e+02  3.3986107e+01
1.3921058e+00     78746  3.5687900e+02  3.5575268e+02  2.8693518e+01
1.4900211e+00     94374  3.2706912e+02  3.2605463e+02  2.4301686e+01
1.5921784e+00    112166  2.9693002e+02  2.9668192e+02  2.0632427e+01
1.6991083e+00    134373  2.6999978e+02  2.7003431e+02  1.7561796e+01
1.8110248e+00    159077  2.4364743e+02  2.4332152e+02  1.5001642e+01
1.9277595e+00    188172  2.2185855e+02  2.2158447e+02  1.2843183e+01
2.0497441e+00    222492  2.0196424e+02  2.0187850e+02  1.1017785e+01
2.1771282e+00    261771  1.8260655e+02  1.8244862e+02  9.4752714e+00
2.3098450e+00    306759  1.6585166e+02  1.6572361e+02  8.1672561e+00
2.4484375e+00    360898  1.5048279e+02  1.5035552e+02  7.0533713e+00
2.5937215e+00    425046  1.3638600e+02  1.3627231e+02  6.0984201e+00
2.7470320e+00    505555  1.2344354e+02  1.2333431e+02  5.2735068e+00
2.9094444e+00    600292  1.1150941e+02  1.1140928e+02  4.5582173e+00
3.0813867e+00    712930  1.0068595e+02  1.0059680e+02  3.9388666e+00
3.2634403e+00    846715  9.0937781e+01  9.0856894e+01  3.4025285e+00
3.4562097e+00   1005596  8.1810133e+01  8.1738181e+01  2.9382625e+00
3.6603648e+00   1194719  7.3803117e+01  7.3737719e+01  2.5365388e+00
3.8766358e+00   1419743  6.6207977e+01  6.6148474e+01  2.1889072e+00
4.1057220e+00   1686576  5.9616466e+01  5.9562953e+01  1.8882522e+00
4.3483372e+00   2003484  5.3517642e+01  5.3469407e+01  1.6283535e+00
4.6052142e+00   2378778  4.8034101e+01  4.7990552e+01  1.4038531e+00
4.8773359e+00   2828400  4.2959697e+01  4.2920509e+01  1.2099064e+00
5.1655179e+00   3356890  3.8390867e+01  3.8355826e+01  1.0424476e+00
5.4707002e+00   3990317  3.4340096e+01  3.4308758e+01  8.9792814e-01
5.7939476e+00   4738457  3.0663300e+01  3.0634793e+01  7.7318184e-01
6.1362572e+00   5629661  2.7330222e+01  2.7305370e+01  6.6560907e-01
6.4988210e+00   6687903  2.4319928e+01  2.4297217e+01  5.7281780e-01
6.8828355e+00   7945758  2.1602773e+01  2.1582750e+01  4.9283517e-01
7.2895050e+00   9436555  1.9222792e+01  1.9204996e+01  4.2391452e-01
7.7201584e+00  11210320  1.7071097e+01  1.7054862e+01  3.6453436e-01
8.1762927e+00  13318613  1.5153468e+01  1.5139113e+01  3.1338991e-01
8.6593661e+00  15819192  1.3423804e+01  1.3411265e+01  2.6934255e-01
9.1709925e+00  18795348  1.1906467e+01  1.1895094e+01  2.3144478e-01
9.7128705e+00  22326034  1.0556398e+01  1.0546327e+01  1.9882253e-01
1.0286736e+01  26520842  9.3232797e+00  9.3141546e+00  1.7075357e-01
1.0894484e+01  31503438  8.2346608e+00  8.2267979e+00  1.4665279e-01
1.1538156e+01  37426927  7.2710413e+00  7.2640744e+00  1.2592292e-01
1.2220385e+01  44525830  6.4079315e+00  6.4017551e+00  1.0808523e-01
