# Power spectrum from CO𝘕CEPT job 4559669 at t = 7.9068012 Gyr, a = 0.625
#
# Components:
#   0: matter  (upstream grid size 1024)
#
#                           grid size 1024
# ╭────────────────────────────────────────────────────────────────╮
#                         component 0    (corrected)      (linear)
#                        σ₈ = 5.88e-01  σ₈ = 5.87e-01  σ₈ = 5.55e-01
#  k [Mpc⁻¹]    modes       P [Mpc³]       P [Mpc³]       P [Mpc³]
2.4543693e-02         3  2.6509086e+04  2.6509086e+04  2.7024764e+04
4.6570361e-02        25  1.4501377e+04  1.4719057e+04  1.4952352e+04
8.3521561e-02       124  6.5701215e+03  6.4230319e+03  6.3809299e+03
1.3383638e-01       418  3.2007205e+03  3.1641132e+03  2.8886539e+03
1.8592088e-01       730  1.8228682e+03  1.8639079e+03  1.5818575e+03
2.3260504e-01      1012  1.3472624e+03  1.3377848e+03  9.9039534e+02
2.7635505e-01      1408  1.0666095e+03  1.0679499e+03  6.9208832e+02
3.1919121e-01      1841  8.9148248e+02  8.8653225e+02  5.1366488e+02
3.6464415e-01      2698  7.1280958e+02  7.0828168e+02  3.7948207e+02
4.1290034e-01      3532  6.2921560e+02  6.3439477e+02  2.9724991e+02
4.6319578e-01      4702  5.4427898e+02  5.3392738e+02  2.2388904e+02
5.1570195e-01      6019  4.8055514e+02  4.8594283e+02  1.7841114e+02
5.7047444e-01      7766  4.2294623e+02  4.2251039e+02  1.4313860e+02
6.2844883e-01     10012  3.7392679e+02  3.6801934e+02  1.1265430e+02
6.8955465e-01     12589  3.4119911e+02  3.4220868e+02  9.1074706e+01
7.5323141e-01     15650  3.1408409e+02  3.1676306e+02  7.4899994e+01
8.2032763e-01     19757  2.8066190e+02  2.7977736e+02  6.1390720e+01
8.9088605e-01     24241  2.5639725e+02  2.5379838e+02  5.0344758e+01
9.6481958e-01     29993  2.3695873e+02  2.3502914e+02  4.1492370e+01
1.0423453e+00     36494  2.1412163e+02  2.1294561e+02  3.4479166e+01
1.1237267e+00     44825  1.9746304e+02  1.9661790e+02  2.8761626e+01
1.2089588e+00     53906  1.8382383e+02  1.8331637e+02  2.4113182e+01
1.2983336e+00     65729  1.6799095e+02  1.6751632e+02  2.0296141e+01
1.3921058e+00     78746  1.5429378e+02  1.5380682e+02  1.7135466e+01
1.4900211e+00     94374  1.4111454e+02  1.4067683e+02  1.4512712e+01
1.5921784e+00    112166  1.2959122e+02  1.2948294e+02  1.2321471e+01
1.6991083e+00    134373  1.1894398e+02  1.1895919e+02  1.0487724e+01
1.8110248e+00    159077  1.0904444e+02  1.0889858e+02  8.9588279e+00
1.9277595e+00    188172  9.9292255e+01  9.9169592e+01  7.6698193e+00
2.0497441e+00    222492  9.0509598e+01  9.0471174e+01  6.5797117e+00
2.1771282e+00    261771  8.2851755e+01  8.2780099e+01  5.6585393e+00
2.3098450e+00    306759  7.5910053e+01  7.5851449e+01  4.8774067e+00
2.4484375e+00    360898  6.8980593e+01  6.8922251e+01  4.2122067e+00
2.5937215e+00    425046  6.2720466e+01  6.2668181e+01  3.6419200e+00
2.7470320e+00    505555  5.6651310e+01  5.6601182e+01  3.1492906e+00
2.9094444e+00    600292  5.1314730e+01  5.1268652e+01  2.7221273e+00
3.0813867e+00    712930  4.6520765e+01  4.6479574e+01  2.3522575e+00
3.2634403e+00    846715  4.1975406e+01  4.1938069e+01  2.0319621e+00
3.4562097e+00   1005596  3.7816542e+01  3.7783282e+01  1.7547073e+00
3.6603648e+00   1194719  3.3938632e+01  3.3908559e+01  1.5148020e+00
3.8766358e+00   1419743  3.0499682e+01  3.0472271e+01  1.3071999e+00
4.1057220e+00   1686576  2.7370331e+01  2.7345763e+01  1.1276518e+00
4.3483372e+00   2003484  2.4559493e+01  2.4537358e+01  9.7244284e-01
4.6052142e+00   2378778  2.2016837e+01  2.1996876e+01  8.3837344e-01
4.8773359e+00   2828400  1.9695083e+01  1.9677117e+01  7.2255033e-01
5.1655179e+00   3356890  1.7569980e+01  1.7553943e+01  6.2254552e-01
5.4707002e+00   3990317  1.5720107e+01  1.5705761e+01  5.3623985e-01
5.7939476e+00   4738457  1.4035778e+01  1.4022729e+01  4.6174250e-01
6.1362572e+00   5629661  1.2510226e+01  1.2498850e+01  3.9750099e-01
6.4988210e+00   6687903  1.1128250e+01  1.1117858e+01  3.4208683e-01
6.8828355e+00   7945758  9.8969518e+00  9.8877786e+00  2.9432186e-01
7.2895050e+00   9436555  8.8094566e+00  8.8013010e+00  2.5316300e-01
7.7201584e+00  11210320  7.8179919e+00  7.8105567e+00  2.1770161e-01
8.1762927e+00  13318613  6.9454040e+00  6.9388245e+00  1.8715850e-01
8.6593661e+00  15819192  6.1676071e+00  6.1618458e+00  1.6085370e-01
9.1709925e+00  18795348  5.4673048e+00  5.4620823e+00  1.3822138e-01
9.7128705e+00  22326034  4.8410973e+00  4.8364788e+00  1.1873954e-01
1.0286736e+01  26520842  4.2839749e+00  4.2797820e+00  1.0197689e-01
1.0894484e+01  31503438  3.7889315e+00  3.7853136e+00  8.7583998e-02
1.1538156e+01  37426927  3.3471990e+00  3.3439918e+00  7.5204180e-02
1.2220385e+01  44525830  2.9536271e+00  2.9507802e+00  6.4551537e-02
