# Power spectrum from CO𝘕CEPT job 4559669 at t = 6.7614249 Gyr, a = 0.55555556
#
# Components:
#   0: matter  (upstream grid size 1024)
#
#                           grid size 1024
# ╭────────────────────────────────────────────────────────────────╮
#                         component 0    (corrected)      (linear)
#                        σ₈ = 5.29e-01  σ₈ = 5.28e-01  σ₈ = 5.05e-01
#  k [Mpc⁻¹]    modes       P [Mpc³]       P [Mpc³]       P [Mpc³]
2.4543693e-02         3  2.1947366e+04  2.1947366e+04  2.2319219e+04
4.6570361e-02        25  1.2007691e+04  1.2187938e+04  1.2349514e+04
8.3521561e-02       124  5.3901016e+03  5.2694298e+03  5.2702784e+03
1.3383638e-01       418  2.6088004e+03  2.5789630e+03  2.3858774e+03
1.8592088e-01       730  1.4654711e+03  1.4984644e+03  1.3065347e+03
2.3260504e-01      1012  1.0733872e+03  1.0658363e+03  8.1801749e+02
2.7635505e-01      1408  8.3618973e+02  8.3724059e+02  5.7163094e+02
3.1919121e-01      1841  6.8678350e+02  6.8296993e+02  4.2426207e+02
3.6464415e-01      2698  5.4672923e+02  5.4325630e+02  3.1343370e+02
4.1290034e-01      3532  4.7689557e+02  4.8082097e+02  2.4551398e+02
4.6319578e-01      4702  4.0645857e+02  3.9872817e+02  1.8492149e+02
5.1570195e-01      6019  3.5257907e+02  3.5653198e+02  1.4735896e+02
5.7047444e-01      7766  3.0490169e+02  3.0458749e+02  1.1822556e+02
6.2844883e-01     10012  2.7098287e+02  2.6670177e+02  9.3047009e+01
6.8955465e-01     12589  2.4672611e+02  2.4745615e+02  7.5223310e+01
7.5323141e-01     15650  2.2381152e+02  2.2572051e+02  6.1863782e+01
8.2032763e-01     19757  1.9797036e+02  1.9734643e+02  5.0705776e+01
8.9088605e-01     24241  1.8351625e+02  1.8165611e+02  4.1582345e+01
9.6481958e-01     29993  1.6743515e+02  1.6607171e+02  3.4270701e+01
1.0423453e+00     36494  1.5340660e+02  1.5256404e+02  2.8478132e+01
1.1237267e+00     44825  1.4195826e+02  1.4135069e+02  2.3755720e+01
1.2089588e+00     53906  1.3169692e+02  1.3133337e+02  1.9916330e+01
1.2983336e+00     65729  1.2221011e+02  1.2186483e+02  1.6763639e+01
1.3921058e+00     78746  1.1283164e+02  1.1247554e+02  1.4153073e+01
1.4900211e+00     94374  1.0403087e+02  1.0370819e+02  1.1986805e+01
1.5921784e+00    112166  9.5857201e+01  9.5777107e+01  1.0176946e+01
1.6991083e+00    134373  8.8314173e+01  8.8325468e+01  8.6623588e+00
1.8110248e+00    159077  8.1353416e+01  8.1244594e+01  7.3995644e+00
1.9277595e+00    188172  7.4742494e+01  7.4650159e+01  6.3349053e+00
2.0497441e+00    222492  6.8470849e+01  6.8441780e+01  5.4345289e+00
2.1771282e+00    261771  6.2776345e+01  6.2722051e+01  4.6736848e+00
2.3098450e+00    306759  5.7518753e+01  5.7474347e+01  4.0285068e+00
2.4484375e+00    360898  5.2369696e+01  5.2325404e+01  3.4790835e+00
2.5937215e+00    425046  4.7832050e+01  4.7792176e+01  3.0080541e+00
2.7470320e+00    505555  4.3541691e+01  4.3503163e+01  2.6011658e+00
2.9094444e+00    600292  3.9664944e+01  3.9629328e+01  2.2483494e+00
3.0813867e+00    712930  3.5947639e+01  3.5915810e+01  1.9428548e+00
3.2634403e+00    846715  3.2666857e+01  3.2637801e+01  1.6783061e+00
3.4562097e+00   1005596  2.9538564e+01  2.9512585e+01  1.4493068e+00
3.6603648e+00   1194719  2.6553309e+01  2.6529779e+01  1.2511565e+00
3.8766358e+00   1419743  2.3838765e+01  2.3817340e+01  1.0796871e+00
4.1057220e+00   1686576  2.1417890e+01  2.1398665e+01  9.3138893e-01
4.3483372e+00   2003484  1.9221574e+01  1.9204249e+01  8.0319373e-01
4.6052142e+00   2378778  1.7271609e+01  1.7255950e+01  6.9245878e-01
4.8773359e+00   2828400  1.5432416e+01  1.5418338e+01  5.9679438e-01
5.1655179e+00   3356890  1.3808019e+01  1.3795415e+01  5.1419514e-01
5.4707002e+00   3990317  1.2327335e+01  1.2316086e+01  4.4291073e-01
5.7939476e+00   4738457  1.0974827e+01  1.0964624e+01  3.8137942e-01
6.1362572e+00   5629661  9.7720617e+00  9.7631759e+00  3.2831895e-01
6.4988210e+00   6687903  8.6915458e+00  8.6834292e+00  2.8254945e-01
6.8828355e+00   7945758  7.7441645e+00  7.7369867e+00  2.4309781e-01
7.2895050e+00   9436555  6.8801222e+00  6.8737528e+00  2.0910250e-01
7.7201584e+00  11210320  6.1031853e+00  6.0973809e+00  1.7981302e-01
8.1762927e+00  13318613  5.4200093e+00  5.4148749e+00  1.5458582e-01
8.6593661e+00  15819192  4.8136386e+00  4.8091421e+00  1.3285925e-01
9.1709925e+00  18795348  4.2661961e+00  4.2621210e+00  1.1416598e-01
9.7128705e+00  22326034  3.7801285e+00  3.7765222e+00  9.8074855e-02
1.0286736e+01  26520842  3.3452575e+00  3.3419834e+00  8.4229648e-02
1.0894484e+01  31503438  2.9574090e+00  2.9545851e+00  7.2341753e-02
1.1538156e+01  37426927  2.6143138e+00  2.6118088e+00  6.2116562e-02
1.2220385e+01  44525830  2.3093453e+00  2.3071194e+00  5.3317934e-02
