# Power spectrum from CO𝘕CEPT job 4559669 at t = 2.6133026 Gyr, a = 0.28571429
#
# Components:
#   0: matter  (upstream grid size 1024)
#
#                           grid size 1024
# ╭────────────────────────────────────────────────────────────────╮
#                         component 0    (corrected)      (linear)
#                        σ₈ = 2.78e-01  σ₈ = 2.78e-01  σ₈ = 2.74e-01
#  k [Mpc⁻¹]    modes       P [Mpc³]       P [Mpc³]       P [Mpc³]
2.4543693e-02         3  6.5205495e+03  6.5205495e+03  6.5681718e+03
4.6570361e-02        25  3.5631149e+03  3.6166006e+03  3.6352546e+03
8.3521561e-02       124  1.5661987e+03  1.5311352e+03  1.5515386e+03
1.3383638e-01       418  7.3087034e+02  7.2251124e+02  7.0241056e+02
1.8592088e-01       730  3.8913236e+02  3.9789321e+02  3.8465231e+02
2.3260504e-01      1012  2.6990922e+02  2.6801049e+02  2.4083065e+02
2.7635505e-01      1408  1.9776272e+02  1.9801125e+02  1.6829291e+02
3.1919121e-01      1841  1.4962952e+02  1.4879866e+02  1.2490646e+02
3.6464415e-01      2698  1.1647635e+02  1.1573647e+02  9.2277703e+01
4.1290034e-01      3532  9.2150440e+01  9.2908945e+01  7.2281577e+01
4.6319578e-01      4702  7.3861735e+01  7.2456965e+01  5.4442619e+01
5.1570195e-01      6019  6.2219554e+01  6.2917122e+01  4.3383879e+01
5.7047444e-01      7766  5.1549554e+01  5.1496433e+01  3.4806740e+01
6.2844883e-01     10012  4.4595108e+01  4.3890576e+01  2.7393942e+01
6.8955465e-01     12589  3.7717789e+01  3.7829391e+01  2.2146478e+01
7.5323141e-01     15650  3.2569392e+01  3.2847192e+01  1.8213307e+01
8.2032763e-01     19757  2.8036064e+01  2.7947705e+01  1.4928284e+01
8.9088605e-01     24241  2.4765922e+01  2.4514893e+01  1.2242259e+01
9.6481958e-01     29993  2.1733663e+01  2.1556683e+01  1.0089640e+01
1.0423453e+00     36494  1.9156516e+01  1.9051302e+01  8.3842519e+00
1.1237267e+00     44825  1.7207440e+01  1.7133793e+01  6.9939279e+00
1.2089588e+00     53906  1.5408319e+01  1.5365783e+01  5.8635740e+00
1.2983336e+00     65729  1.3859763e+01  1.3820605e+01  4.9353907e+00
1.3921058e+00     78746  1.2525937e+01  1.2486404e+01  4.1668145e+00
1.4900211e+00     94374  1.1307155e+01  1.1272082e+01  3.5290437e+00
1.5921784e+00    112166  1.0315321e+01  1.0306702e+01  2.9962031e+00
1.6991083e+00    134373  9.3952580e+00  9.3964596e+00  2.5502937e+00
1.8110248e+00    159077  8.6253078e+00  8.6137702e+00  2.1785144e+00
1.9277595e+00    188172  7.9180709e+00  7.9082891e+00  1.8650680e+00
2.0497441e+00    222492  7.3313468e+00  7.3282343e+00  1.5999881e+00
2.1771282e+00    261771  6.7511462e+00  6.7453073e+00  1.3759879e+00
2.3098450e+00    306759  6.2391709e+00  6.2343541e+00  1.1860409e+00
2.4484375e+00    360898  5.7848877e+00  5.7799951e+00  1.0242850e+00
2.5937215e+00    425046  5.3776176e+00  5.3731347e+00  8.8560911e-01
2.7470320e+00    505555  4.9922022e+00  4.9877848e+00  7.6581696e-01
2.9094444e+00    600292  4.6348971e+00  4.6307353e+00  6.6194410e-01
3.0813867e+00    712930  4.2894525e+00  4.2856544e+00  5.7200323e-01
3.2634403e+00    846715  3.9814867e+00  3.9779453e+00  4.9411725e-01
3.4562097e+00   1005596  3.6856141e+00  3.6823726e+00  4.2669740e-01
3.6603648e+00   1194719  3.4109398e+00  3.4079173e+00  3.6835977e-01
3.8766358e+00   1419743  3.1564243e+00  3.1535875e+00  3.1787728e-01
4.1057220e+00   1686576  2.9093944e+00  2.9067829e+00  2.7421662e-01
4.3483372e+00   2003484  2.6871349e+00  2.6847130e+00  2.3647448e-01
4.6052142e+00   2378778  2.4771350e+00  2.4748891e+00  2.0387281e-01
4.8773359e+00   2828400  2.2783917e+00  2.2763134e+00  1.7570807e-01
5.1655179e+00   3356890  2.0956000e+00  2.0936873e+00  1.5138984e-01
5.4707002e+00   3990317  1.9169697e+00  1.9152202e+00  1.3040281e-01
5.7939476e+00   4738457  1.7588312e+00  1.7571960e+00  1.1228720e-01
6.1362572e+00   5629661  1.6095946e+00  1.6081310e+00  9.6665493e-02
6.4988210e+00   6687903  1.4727097e+00  1.4713344e+00  8.3190324e-02
6.8828355e+00   7945758  1.3465159e+00  1.3452678e+00  7.1575200e-02
7.2895050e+00   9436555  1.2315166e+00  1.2303765e+00  6.1566476e-02
7.7201584e+00  11210320  1.1245631e+00  1.1234936e+00  5.2943203e-02
8.1762927e+00  13318613  1.0271177e+00  1.0261447e+00  4.5515906e-02
8.6593661e+00  15819192  9.3725787e-01  9.3638235e-01  3.9119235e-02
9.1709925e+00  18795348  8.5354464e-01  8.5272933e-01  3.3615599e-02
9.7128705e+00  22326034  7.7648012e-01  7.7573934e-01  2.8878068e-02
1.0286736e+01  26520842  7.0639140e-01  7.0570002e-01  2.4801761e-02
1.0894484e+01  31503438  6.4282825e-01  6.4221444e-01  2.1301712e-02
1.1538156e+01  37426927  5.8417139e-01  5.8361166e-01  1.8291183e-02
1.2220385e+01  44525830  5.3089959e-01  5.3038787e-01  1.5700650e-02
