# Power spectrum from CO𝘕CEPT job 4559669 at t = 2.8501215 Gyr, a = 0.3030303
#
# Components:
#   0: matter  (upstream grid size 1024)
#
#                           grid size 1024
# ╭────────────────────────────────────────────────────────────────╮
#                         component 0    (corrected)      (linear)
#                        σ₈ = 2.95e-01  σ₈ = 2.94e-01  σ₈ = 2.90e-01
#  k [Mpc⁻¹]    modes       P [Mpc³]       P [Mpc³]       P [Mpc³]
2.4543693e-02         3  7.3026765e+03  7.3026765e+03  7.3601648e+03
4.6570361e-02        25  3.9911709e+03  4.0510821e+03  4.0735092e+03
8.3521561e-02       124  1.7551277e+03  1.7158345e+03  1.7385744e+03
1.3383638e-01       418  8.2153532e+02  8.1213926e+02  7.8708339e+02
1.8592088e-01       730  4.3846925e+02  4.4834087e+02  4.3102032e+02
2.3260504e-01      1012  3.0556299e+02  3.0341344e+02  2.6986157e+02
2.7635505e-01      1408  2.2467475e+02  2.2495711e+02  1.8857974e+02
3.1919121e-01      1841  1.7097502e+02  1.7002563e+02  1.3996326e+02
3.6464415e-01      2698  1.3339866e+02  1.3255129e+02  1.0340128e+02
4.1290034e-01      3532  1.0606192e+02  1.0693493e+02  8.0994726e+01
4.6319578e-01      4702  8.5477835e+01  8.3852140e+01  6.1005377e+01
5.1570195e-01      6019  7.2116671e+01  7.2925200e+01  4.8613565e+01
5.7047444e-01      7766  6.0010986e+01  5.9949145e+01  3.9002498e+01
6.2844883e-01     10012  5.2158843e+01  5.1334816e+01  3.0696128e+01
6.8955465e-01     12589  4.4438814e+01  4.4570303e+01  2.4816111e+01
7.5323141e-01     15650  3.8534272e+01  3.8862949e+01  2.0408818e+01
8.2032763e-01     19757  3.3237429e+01  3.3132677e+01  1.6727804e+01
8.9088605e-01     24241  2.9544326e+01  2.9244862e+01  1.3717993e+01
9.6481958e-01     29993  2.5999023e+01  2.5787310e+01  1.1305888e+01
1.0423453e+00     36494  2.3056019e+01  2.2929389e+01  9.3949252e+00
1.1237267e+00     44825  2.0816668e+01  2.0727573e+01  7.8370054e+00
1.2089588e+00     53906  1.8722832e+01  1.8671146e+01  6.5703936e+00
1.2983336e+00     65729  1.6907187e+01  1.6859419e+01  5.5303230e+00
1.3921058e+00     78746  1.5347327e+01  1.5298891e+01  4.6690993e+00
1.4900211e+00     94374  1.3900017e+01  1.3856903e+01  3.9544489e+00
1.5921784e+00    112166  1.2725741e+01  1.2715108e+01  3.3573774e+00
1.6991083e+00    134373  1.1633882e+01  1.1635369e+01  2.8577161e+00
1.8110248e+00    159077  1.0711250e+01  1.0696922e+01  2.4411209e+00
1.9277595e+00    188172  9.8567367e+00  9.8445599e+00  2.0898904e+00
2.0497441e+00    222492  9.1515823e+00  9.1476971e+00  1.7928566e+00
2.1771282e+00    261771  8.4577556e+00  8.4504406e+00  1.5418545e+00
2.3098450e+00    306759  7.8292395e+00  7.8231951e+00  1.3290105e+00
2.4484375e+00    360898  7.2616447e+00  7.2555031e+00  1.1477559e+00
2.5937215e+00    425046  6.7555155e+00  6.7498839e+00  9.9236336e-01
2.7470320e+00    505555  6.2780674e+00  6.2725123e+00  8.5813096e-01
2.9094444e+00    600292  5.8387055e+00  5.8334627e+00  7.4173684e-01
3.0813867e+00    712930  5.4178836e+00  5.4130864e+00  6.4095413e-01
3.2634403e+00    846715  5.0226944e+00  5.0182268e+00  5.5367946e-01
3.4562097e+00   1005596  4.6550548e+00  4.6509607e+00  4.7813255e-01
3.6603648e+00   1194719  4.3067453e+00  4.3029290e+00  4.1276268e-01
3.8766358e+00   1419743  3.9745214e+00  3.9709494e+00  3.5619482e-01
4.1057220e+00   1686576  3.6613989e+00  3.6581124e+00  3.0727114e-01
4.3483372e+00   2003484  3.3672394e+00  3.3642046e+00  2.6497942e-01
4.6052142e+00   2378778  3.0953627e+00  3.0925563e+00  2.2844783e-01
4.8773359e+00   2828400  2.8380876e+00  2.8354986e+00  1.9688801e-01
5.1655179e+00   3356890  2.6001525e+00  2.5977793e+00  1.6963838e-01
5.4707002e+00   3990317  2.3704168e+00  2.3682535e+00  1.4612151e-01
5.7939476e+00   4738457  2.1651336e+00  2.1631207e+00  1.2582218e-01
6.1362572e+00   5629661  1.9728077e+00  1.9710138e+00  1.0831739e-01
6.4988210e+00   6687903  1.7980608e+00  1.7963817e+00  9.3217882e-02
6.8828355e+00   7945758  1.6362758e+00  1.6347592e+00  8.0202640e-02
7.2895050e+00   9436555  1.4852214e+00  1.4838465e+00  6.8987439e-02
7.7201584e+00  11210320  1.3482366e+00  1.3469543e+00  5.9324698e-02
8.1762927e+00  13318613  1.2248032e+00  1.2236429e+00  5.1002100e-02
8.6593661e+00  15819192  1.1112951e+00  1.1102571e+00  4.3834365e-02
9.1709925e+00  18795348  1.0057331e+00  1.0047724e+00  3.7667314e-02
9.7128705e+00  22326034  9.1032399e-01  9.0945553e-01  3.2358716e-02
1.0286736e+01  26520842  8.2307795e-01  8.2227237e-01  2.7791050e-02
1.0894484e+01  31503438  7.4346511e-01  7.4275521e-01  2.3869105e-02
1.1538156e+01  37426927  6.7177067e-01  6.7112700e-01  2.0495689e-02
1.2220385e+01  44525830  6.0737780e-01  6.0679237e-01  1.7592897e-02
