# Power spectrum from CO𝘕CEPT job 4559669 at t = 6.2819341 Gyr, a = 0.52631579
#
# Components:
#   0: matter  (upstream grid size 1024)
#
#                           grid size 1024
# ╭────────────────────────────────────────────────────────────────╮
#                         component 0    (corrected)      (linear)
#                        σ₈ = 5.04e-01  σ₈ = 5.03e-01  σ₈ = 4.82e-01
#  k [Mpc⁻¹]    modes       P [Mpc³]       P [Mpc³]       P [Mpc³]
2.4543693e-02         3  2.0049964e+04  2.0049964e+04  2.0368159e+04
4.6570361e-02        25  1.0969733e+04  1.1134399e+04  1.1270244e+04
8.3521561e-02       124  4.9066556e+03  4.7968071e+03  4.8097350e+03
1.3383638e-01       418  2.3677283e+03  2.3406482e+03  2.1773942e+03
1.8592088e-01       730  1.3218926e+03  1.3516534e+03  1.1923680e+03
2.3260504e-01      1012  9.6401326e+02  9.5723171e+02  7.4653838e+02
2.7635505e-01      1408  7.4565543e+02  7.4659251e+02  5.2168142e+02
3.1919121e-01      1841  6.0772380e+02  6.0434923e+02  3.8718980e+02
3.6464415e-01      2698  4.8290553e+02  4.7983802e+02  2.8604570e+02
4.1290034e-01      3532  4.1800882e+02  4.2144952e+02  2.2406086e+02
4.6319578e-01      4702  3.5369431e+02  3.4696743e+02  1.6876297e+02
5.1570195e-01      6019  3.0473154e+02  3.0814801e+02  1.3448268e+02
5.7047444e-01      7766  2.6214334e+02  2.6187320e+02  1.0789497e+02
6.2844883e-01     10012  2.3413074e+02  2.3043185e+02  8.4916533e+01
6.8955465e-01     12589  2.1182853e+02  2.1245530e+02  6.8650276e+01
7.5323141e-01     15650  1.9144242e+02  1.9307532e+02  5.6458108e+01
8.2032763e-01     19757  1.6930319e+02  1.6876961e+02  4.6275093e+01
8.9088605e-01     24241  1.5709954e+02  1.5550716e+02  3.7948870e+01
9.6481958e-01     29993  1.4262177e+02  1.4146038e+02  3.1276120e+01
1.0423453e+00     36494  1.3150846e+02  1.3078618e+02  2.5989708e+01
1.1237267e+00     44825  1.2113446e+02  1.2061601e+02  2.1679942e+01
1.2089588e+00     53906  1.1227564e+02  1.1196569e+02  1.8176038e+01
1.2983336e+00     65729  1.0411471e+02  1.0382056e+02  1.5298830e+01
1.3921058e+00     78746  9.5626446e+01  9.5324647e+01  1.2916376e+01
1.4900211e+00     94374  8.8105379e+01  8.7832096e+01  1.0939397e+01
1.5921784e+00    112166  8.0932294e+01  8.0864670e+01  9.2876836e+00
1.6991083e+00    134373  7.4643908e+01  7.4653454e+01  7.9054417e+00
1.8110248e+00    159077  6.8958629e+01  6.8866387e+01  6.7529906e+00
1.9277595e+00    188172  6.3393759e+01  6.3315443e+01  5.7813617e+00
2.0497441e+00    222492  5.8169515e+01  5.8144820e+01  4.9596603e+00
2.1771282e+00    261771  5.3621372e+01  5.3574996e+01  4.2652989e+00
2.3098450e+00    306759  4.9042610e+01  4.9004748e+01  3.6764967e+00
2.4484375e+00    360898  4.4915406e+01  4.4877418e+01  3.1750821e+00
2.5937215e+00    425046  4.1226414e+01  4.1192047e+01  2.7452113e+00
2.7470320e+00    505555  3.7633823e+01  3.7600523e+01  2.3738770e+00
2.9094444e+00    600292  3.4382432e+01  3.4351559e+01  2.0518897e+00
3.0813867e+00    712930  3.1211365e+01  3.1183729e+01  1.7730892e+00
3.2634403e+00    846715  2.8293572e+01  2.8268405e+01  1.5316568e+00
3.4562097e+00   1005596  2.5581111e+01  2.5558613e+01  1.3226675e+00
3.6603648e+00   1194719  2.3105361e+01  2.3084887e+01  1.1418316e+00
3.8766358e+00   1419743  2.0842958e+01  2.0824226e+01  9.8534516e-01
4.1057220e+00   1686576  1.8763240e+01  1.8746398e+01  8.5000526e-01
4.3483372e+00   2003484  1.6867886e+01  1.6852683e+01  7.3301175e-01
4.6052142e+00   2378778  1.5181287e+01  1.5167523e+01  6.3195280e-01
4.8773359e+00   2828400  1.3549661e+01  1.3537301e+01  5.4464754e-01
5.1655179e+00   3356890  1.2103894e+01  1.2092846e+01  4.6926580e-01
5.4707002e+00   3990317  1.0829165e+01  1.0819282e+01  4.0421021e-01
5.7939476e+00   4738457  9.6701613e+00  9.6611710e+00  3.4805548e-01
6.1362572e+00   5629661  8.6193506e+00  8.6115129e+00  2.9963140e-01
6.4988210e+00   6687903  7.6731974e+00  7.6660317e+00  2.5786122e-01
6.8828355e+00   7945758  6.8399614e+00  6.8336217e+00  2.2185684e-01
7.2895050e+00   9436555  6.0826199e+00  6.0769887e+00  1.9083201e-01
7.7201584e+00  11210320  5.4059428e+00  5.4008015e+00  1.6410183e-01
8.1762927e+00  13318613  4.7983734e+00  4.7938278e+00  1.4107895e-01
8.6593661e+00  15819192  4.2558376e+00  4.2518621e+00  1.2125082e-01
9.1709925e+00  18795348  3.7718824e+00  3.7682795e+00  1.0419094e-01
9.7128705e+00  22326034  3.3396917e+00  3.3365056e+00  8.9505833e-02
1.0286736e+01  26520842  2.9573255e+00  2.9544310e+00  7.6870395e-02
1.0894484e+01  31503438  2.6204926e+00  2.6179904e+00  6.6021239e-02
1.1538156e+01  37426927  2.3170741e+00  2.3148539e+00  5.6689501e-02
1.2220385e+01  44525830  2.0495461e+00  2.0475706e+00  4.8659673e-02
