# Power spectrum from CO𝘕CEPT job 4559669 at t = 4.270349 Gyr, a = 0.4
#
# Components:
#   0: matter  (upstream grid size 1024)
#
#                           grid size 1024
# ╭────────────────────────────────────────────────────────────────╮
#                         component 0    (corrected)      (linear)
#                        σ₈ = 3.88e-01  σ₈ = 3.87e-01  σ₈ = 3.77e-01
#  k [Mpc⁻¹]    modes       P [Mpc³]       P [Mpc³]       P [Mpc³]
2.4543693e-02         3  1.2323555e+04  1.2323555e+04  1.2462148e+04
4.6570361e-02        25  6.7401092e+03  6.8412846e+03  6.8964674e+03
8.3521561e-02       124  2.9785055e+03  2.9118237e+03  2.9432982e+03
1.3383638e-01       418  1.4154863e+03  1.3992971e+03  1.3324670e+03
1.8592088e-01       730  7.6900389e+02  7.8631710e+02  7.2967887e+02
2.3260504e-01      1012  5.4821901e+02  5.4436245e+02  4.5685080e+02
2.7635505e-01      1408  4.1147616e+02  4.1199327e+02  3.1924789e+02
3.1919121e-01      1841  3.2337222e+02  3.2157660e+02  2.3694461e+02
3.6464415e-01      2698  2.5477030e+02  2.5315195e+02  1.7504856e+02
4.1290034e-01      3532  2.1005279e+02  2.1178176e+02  1.3711635e+02
4.6319578e-01      4702  1.7319970e+02  1.6990563e+02  1.0327627e+02
5.1570195e-01      6019  1.4693058e+02  1.4857788e+02  8.2298101e+01
5.7047444e-01      7766  1.2492367e+02  1.2479494e+02  6.6027478e+01
6.2844883e-01     10012  1.1098748e+02  1.0923405e+02  5.1965586e+01
6.8955465e-01     12589  9.7501442e+01  9.7789936e+01  4.2011280e+01
7.5323141e-01     15650  8.6771689e+01  8.7511805e+01  3.4550155e+01
8.2032763e-01     19757  7.5788478e+01  7.5549622e+01  2.8318550e+01
8.9088605e-01     24241  6.9198640e+01  6.8497235e+01  2.3223230e+01
9.6481958e-01     29993  6.1499785e+01  6.0998985e+01  1.9139769e+01
1.0423453e+00     36494  5.6202845e+01  5.5894162e+01  1.5904692e+01
1.1237267e+00     44825  5.1144448e+01  5.0925550e+01  1.3267284e+01
1.2089588e+00     53906  4.7249168e+01  4.7118734e+01  1.1123032e+01
1.2983336e+00     65729  4.3195186e+01  4.3073146e+01  9.3622934e+00
1.3921058e+00     78746  3.9854244e+01  3.9728463e+01  7.9043249e+00
1.4900211e+00     94374  3.6572916e+01  3.6459475e+01  6.6944909e+00
1.5921784e+00    112166  3.4132527e+01  3.4104007e+01  5.6837067e+00
1.6991083e+00    134373  3.1368827e+01  3.1372839e+01  4.8378285e+00
1.8110248e+00    159077  2.9054274e+01  2.9015409e+01  4.1325734e+00
1.9277595e+00    188172  2.6923583e+01  2.6890323e+01  3.5379743e+00
2.0497441e+00    222492  2.4879715e+01  2.4869152e+01  3.0351250e+00
2.1771282e+00    261771  2.3083964e+01  2.3063999e+01  2.6102028e+00
2.3098450e+00    306759  2.1413815e+01  2.1397283e+01  2.2498787e+00
2.4484375e+00    360898  1.9787146e+01  1.9770411e+01  1.9430324e+00
2.5937215e+00    425046  1.8348855e+01  1.8333559e+01  1.6799681e+00
2.7470320e+00    505555  1.6971436e+01  1.6956419e+01  1.4527258e+00
2.9094444e+00    600292  1.5626928e+01  1.5612896e+01  1.2556820e+00
3.0813867e+00    712930  1.4393405e+01  1.4380661e+01  1.0850668e+00
3.2634403e+00    846715  1.3204779e+01  1.3193034e+01  9.3731944e-01
3.4562097e+00   1005596  1.2078070e+01  1.2067448e+01  8.0942602e-01
3.6603648e+00   1194719  1.1028460e+01  1.1018687e+01  6.9876133e-01
3.8766358e+00   1419743  1.0050285e+01  1.0041252e+01  6.0299761e-01
4.1057220e+00   1686576  9.1685544e+00  9.1603245e+00  5.2017473e-01
4.3483372e+00   2003484  8.2877565e+00  8.2802869e+00  4.4857912e-01
4.6052142e+00   2378778  7.5143566e+00  7.5075438e+00  3.8673484e-01
4.8773359e+00   2828400  6.7945979e+00  6.7883998e+00  3.3330729e-01
5.1655179e+00   3356890  6.1139188e+00  6.1083384e+00  2.8717647e-01
5.4707002e+00   3990317  5.5177562e+00  5.5127207e+00  2.4736485e-01
5.7939476e+00   4738457  4.9510938e+00  4.9464908e+00  2.1300021e-01
6.1362572e+00   5629661  4.4442401e+00  4.4401989e+00  1.8336644e-01
6.4988210e+00   6687903  3.9860459e+00  3.9823235e+00  1.5780459e-01
6.8828355e+00   7945758  3.5660958e+00  3.5627905e+00  1.3577119e-01
7.2895050e+00   9436555  3.1873965e+00  3.1844457e+00  1.1678508e-01
7.7201584e+00  11210320  2.8506894e+00  2.8479783e+00  1.0042714e-01
8.1762927e+00  13318613  2.5418593e+00  2.5394513e+00  8.6337920e-02
8.6593661e+00  15819192  2.2675341e+00  2.2654160e+00  7.4203770e-02
9.1709925e+00  18795348  2.0203390e+00  2.0184092e+00  6.3763678e-02
9.7128705e+00  22326034  1.8009459e+00  1.7992278e+00  5.4776862e-02
1.0286736e+01  26520842  1.6037690e+00  1.6021993e+00  4.7044365e-02
1.0894484e+01  31503438  1.4273675e+00  1.4260045e+00  4.0405008e-02
1.1538156e+01  37426927  1.2705174e+00  1.2693000e+00  3.4694254e-02
1.2220385e+01  44525830  1.1307923e+00  1.1297023e+00  2.9780219e-02
