# Power spectrum from CO𝘕CEPT job 4559669 at t = 4.5276054 Gyr, a = 0.41666667
#
# Components:
#   0: matter  (upstream grid size 1024)
#
#                           grid size 1024
# ╭────────────────────────────────────────────────────────────────╮
#                         component 0    (corrected)      (linear)
#                        σ₈ = 4.04e-01  σ₈ = 4.03e-01  σ₈ = 3.92e-01
#  k [Mpc⁻¹]    modes       P [Mpc³]       P [Mpc³]       P [Mpc³]
2.4543693e-02         3  1.3280701e+04  1.3280701e+04  1.3438044e+04
4.6570361e-02        25  7.2642128e+03  7.3732555e+03  7.4363933e+03
8.3521561e-02       124  3.2141193e+03  3.1421627e+03  3.1737094e+03
1.3383638e-01       418  1.5309416e+03  1.5134320e+03  1.4367741e+03
1.8592088e-01       730  8.3466170e+02  8.5345312e+02  7.8679849e+02
2.3260504e-01      1012  5.9703995e+02  5.9283995e+02  4.9261318e+02
2.7635505e-01      1408  4.4980306e+02  4.5036834e+02  3.4423864e+02
3.1919121e-01      1841  3.5533765e+02  3.5336453e+02  2.5549263e+02
3.6464415e-01      2698  2.8031147e+02  2.7853088e+02  1.8875135e+02
4.1290034e-01      3532  2.3275706e+02  2.3467292e+02  1.4784980e+02
4.6319578e-01      4702  1.9249267e+02  1.8883167e+02  1.1136072e+02
5.1570195e-01      6019  1.6346041e+02  1.6529303e+02  8.8740380e+01
5.7047444e-01      7766  1.3926948e+02  1.3912596e+02  7.1196095e+01
6.2844883e-01     10012  1.2416247e+02  1.2220090e+02  5.6033440e+01
6.8955465e-01     12589  1.0943936e+02  1.0976318e+02  4.5299912e+01
7.5323141e-01     15650  9.7770138e+01  9.8604065e+01  3.7254731e+01
8.2032763e-01     19757  8.5602301e+01  8.5332515e+01  3.0535318e+01
8.9088605e-01     24241  7.8382446e+01  7.7587954e+01  2.5041137e+01
9.6481958e-01     29993  6.9807307e+01  6.9238857e+01  2.0638023e+01
1.0423453e+00     36494  6.4005568e+01  6.3654030e+01  1.7149706e+01
1.1237267e+00     44825  5.8232770e+01  5.7983535e+01  1.4305842e+01
1.2089588e+00     53906  5.3954955e+01  5.3806009e+01  1.1993739e+01
1.2983336e+00     65729  4.9435751e+01  4.9296079e+01  1.0095170e+01
1.3921058e+00     78746  4.5645667e+01  4.5501609e+01  8.5230719e+00
1.4900211e+00     94374  4.1976197e+01  4.1845997e+01  7.2185326e+00
1.5921784e+00    112166  3.9084596e+01  3.9051938e+01  6.1286244e+00
1.6991083e+00    134373  3.6109744e+01  3.6114363e+01  5.2165312e+00
1.8110248e+00    159077  3.3419314e+01  3.3374611e+01  4.4560688e+00
1.9277595e+00    188172  3.1042820e+01  3.1004470e+01  3.8149247e+00
2.0497441e+00    222492  2.8711823e+01  2.8699634e+01  3.2727126e+00
2.1771282e+00    261771  2.6565542e+01  2.6542566e+01  2.8145276e+00
2.3098450e+00    306759  2.4643921e+01  2.4624896e+01  2.4259974e+00
2.4484375e+00    360898  2.2740392e+01  2.2721159e+01  2.0951313e+00
2.5937215e+00    425046  2.1050549e+01  2.1033001e+01  1.8114745e+00
2.7470320e+00    505555  1.9442860e+01  1.9425656e+01  1.5664438e+00
2.9094444e+00    600292  1.7882351e+01  1.7866294e+01  1.3539755e+00
3.0813867e+00    712930  1.6449591e+01  1.6435026e+01  1.1700046e+00
3.2634403e+00    846715  1.5065598e+01  1.5052198e+01  1.0106916e+00
3.4562097e+00   1005596  1.3775196e+01  1.3763080e+01  8.7278676e-01
3.6603648e+00   1194719  1.2559524e+01  1.2548394e+01  7.5345930e-01
3.8766358e+00   1419743  1.1368534e+01  1.1358317e+01  6.5019925e-01
4.1057220e+00   1686576  1.0356827e+01  1.0347530e+01  5.6089304e-01
4.3483372e+00   2003484  9.3668783e+00  9.3584361e+00  4.8369297e-01
4.6052142e+00   2378778  8.4579630e+00  8.4502947e+00  4.1700757e-01
4.8773359e+00   2828400  7.6422495e+00  7.6352782e+00  3.5939775e-01
5.1655179e+00   3356890  6.8704885e+00  6.8642175e+00  3.0965584e-01
5.4707002e+00   3990317  6.1751475e+00  6.1695121e+00  2.6672780e-01
5.7939476e+00   4738457  5.5379487e+00  5.5328000e+00  2.2967314e-01
6.1362572e+00   5629661  4.9659319e+00  4.9614163e+00  1.9771966e-01
6.4988210e+00   6687903  4.4450680e+00  4.4409169e+00  1.7015686e-01
6.8828355e+00   7945758  3.9747825e+00  3.9710984e+00  1.4639872e-01
7.2895050e+00   9436555  3.5466759e+00  3.5433925e+00  1.2592640e-01
7.7201584e+00  11210320  3.1679052e+00  3.1648924e+00  1.0828798e-01
8.1762927e+00  13318613  2.8208779e+00  2.8182056e+00  9.3095886e-02
8.6593661e+00  15819192  2.5139945e+00  2.5116461e+00  8.0011898e-02
9.1709925e+00  18795348  2.2364751e+00  2.2343388e+00  6.8754578e-02
9.7128705e+00  22326034  1.9861282e+00  1.9842334e+00  5.9064294e-02
1.0286736e+01  26520842  1.7655909e+00  1.7638628e+00  5.0726518e-02
1.0894484e+01  31503438  1.5680575e+00  1.5665603e+00  4.3567451e-02
1.1538156e+01  37426927  1.3923169e+00  1.3909828e+00  3.7409677e-02
1.2220385e+01  44525830  1.2376737e+00  1.2364808e+00  3.2110988e-02
