# Power spectrum from CO𝘕CEPT job 4559669 at t = 11.277962 Gyr, a = 0.83333333
#
# Components:
#   0: matter  (upstream grid size 1024)
#
#                           grid size 1024
# ╭────────────────────────────────────────────────────────────────╮
#                         component 0    (corrected)      (linear)
#                        σ₈ = 7.39e-01  σ₈ = 7.38e-01  σ₈ = 6.82e-01
#  k [Mpc⁻¹]    modes       P [Mpc³]       P [Mpc³]       P [Mpc³]
2.4543693e-02         3  3.9684882e+04  3.9684882e+04  4.0731468e+04
4.6570361e-02        25  2.1684333e+04  2.2009835e+04  2.2533207e+04
8.3521561e-02       124  1.0126343e+04  9.8996384e+03  9.6155688e+03
1.3383638e-01       418  5.0185449e+03  4.9611468e+03  4.3529026e+03
1.8592088e-01       730  2.9547838e+03  3.0213072e+03  2.3836818e+03
2.3260504e-01      1012  2.2209472e+03  2.2053235e+03  1.4924112e+03
2.7635505e-01      1408  1.8131432e+03  1.8154218e+03  1.0428958e+03
3.1919121e-01      1841  1.5844354e+03  1.5756373e+03  7.7403202e+02
3.6464415e-01      2698  1.2877135e+03  1.2795337e+03  5.7183415e+02
4.1290034e-01      3532  1.1502866e+03  1.1597548e+03  4.4791993e+02
4.6319578e-01      4702  9.9503314e+02  9.7610869e+02  3.3737381e+02
5.1570195e-01      6019  9.0260713e+02  9.1272662e+02  2.6884404e+02
5.7047444e-01      7766  8.2886876e+02  8.2801461e+02  2.1569253e+02
6.2844883e-01     10012  7.4012489e+02  7.2843210e+02  1.6975636e+02
6.8955465e-01     12589  6.7270326e+02  6.7469370e+02  1.3723851e+02
7.5323141e-01     15650  6.1930186e+02  6.2458417e+02  1.1286518e+02
8.2032763e-01     19757  5.7177570e+02  5.6997367e+02  9.2508336e+01
8.9088605e-01     24241  5.3071276e+02  5.2533341e+02  7.5863409e+01
9.6481958e-01     29993  4.7635727e+02  4.7247823e+02  6.2523935e+01
1.0423453e+00     36494  4.3975316e+02  4.3733790e+02  5.1955887e+01
1.1237267e+00     44825  4.0005726e+02  3.9834502e+02  4.3340250e+01
1.2089588e+00     53906  3.6765810e+02  3.6664315e+02  3.6335610e+01
1.2983336e+00     65729  3.3617335e+02  3.3522355e+02  3.0583795e+01
1.3921058e+00     78746  3.0714308e+02  3.0617373e+02  2.5821042e+01
1.4900211e+00     94374  2.8245594e+02  2.8157983e+02  2.1868872e+01
1.5921784e+00    112166  2.5632106e+02  2.5610688e+02  1.8566939e+01
1.6991083e+00    134373  2.3332590e+02  2.3335574e+02  1.5803705e+01
1.8110248e+00    159077  2.0987020e+02  2.0958947e+02  1.3499846e+01
1.9277595e+00    188172  1.9208829e+02  1.9185099e+02  1.1557467e+01
2.0497441e+00    222492  1.7377942e+02  1.7370564e+02  9.9148086e+00
2.1771282e+00    261771  1.5684137e+02  1.5670572e+02  8.5267145e+00
2.3098450e+00    306759  1.4191346e+02  1.4180390e+02  7.3496433e+00
2.4484375e+00    360898  1.2812156e+02  1.2801320e+02  6.3472683e+00
2.5937215e+00    425046  1.1569434e+02  1.1559789e+02  5.4879162e+00
2.7470320e+00    505555  1.0432110e+02  1.0422879e+02  4.7455841e+00
2.9094444e+00    600292  9.4347041e+01  9.4262323e+01  4.1019015e+00
3.0813867e+00    712930  8.5510192e+01  8.5434478e+01  3.5445532e+00
3.2634403e+00    846715  7.6556751e+01  7.6488655e+01  3.0619074e+00
3.4562097e+00   1005596  6.8683870e+01  6.8623463e+01  2.6441186e+00
3.6603648e+00   1194719  6.1939623e+01  6.1884738e+01  2.2826109e+00
3.8766358e+00   1419743  5.5582148e+01  5.5532195e+01  1.9697803e+00
4.1057220e+00   1686576  4.9945103e+01  4.9900271e+01  1.6992235e+00
4.3483372e+00   2003484  4.4854832e+01  4.4814405e+01  1.4653429e+00
4.6052142e+00   2378778  4.0266705e+01  4.0230198e+01  1.2633170e+00
4.8773359e+00   2828400  3.6053146e+01  3.6020258e+01  1.0887860e+00
5.1655179e+00   3356890  3.2196877e+01  3.2167490e+01  9.3809124e-01
5.4707002e+00   3990317  2.8758713e+01  2.8732468e+01  8.0803942e-01
5.7939476e+00   4738457  2.5628087e+01  2.5604261e+01  6.9578129e-01
6.1362572e+00   5629661  2.2849929e+01  2.2829151e+01  5.9897746e-01
6.4988210e+00   6687903  2.0345261e+01  2.0326261e+01  5.1547536e-01
6.8828355e+00   7945758  1.8127711e+01  1.8110909e+01  4.4349965e-01
7.2895050e+00   9436555  1.6072642e+01  1.6057762e+01  3.8147853e-01
7.7201584e+00  11210320  1.4292128e+01  1.4278536e+01  3.2804280e-01
8.1762927e+00  13318613  1.2675075e+01  1.2663068e+01  2.8201831e-01
8.6593661e+00  15819192  1.1239762e+01  1.1229263e+01  2.4238043e-01
9.1709925e+00  18795348  9.9541005e+00  9.9445923e+00  2.0827651e-01
9.7128705e+00  22326034  8.8049335e+00  8.7965335e+00  1.7891999e-01
1.0286736e+01  26520842  7.7927683e+00  7.7851412e+00  1.5366094e-01
1.0894484e+01  31503438  6.8906815e+00  6.8841018e+00  1.3197282e-01
1.1538156e+01  37426927  6.0867340e+00  6.0809018e+00  1.1331815e-01
1.2220385e+01  44525830  5.3670281e+00  5.3618550e+00  9.7266116e-02
