# Power spectrum from CO𝘕CEPT job 4559669 at t = 2.5067588 Gyr, a = 0.27777778
#
# Components:
#   0: matter  (upstream grid size 1024)
#
#                           grid size 1024
# ╭────────────────────────────────────────────────────────────────╮
#                         component 0    (corrected)      (linear)
#                        σ₈ = 2.70e-01  σ₈ = 2.70e-01  σ₈ = 2.66e-01
#  k [Mpc⁻¹]    modes       P [Mpc³]       P [Mpc³]       P [Mpc³]
2.4543693e-02         3  6.1750319e+03  6.1750319e+03  6.2185356e+03
4.6570361e-02        25  3.3740372e+03  3.4246846e+03  3.4417769e+03
8.3521561e-02       124  1.4828549e+03  1.4496573e+03  1.4689667e+03
1.3383638e-01       418  6.9099061e+02  6.8308762e+02  6.6502940e+02
1.8592088e-01       730  3.6752551e+02  3.7579991e+02  3.6418186e+02
2.3260504e-01      1012  2.5435608e+02  2.5256676e+02  2.2801414e+02
2.7635505e-01      1408  1.8607058e+02  1.8630442e+02  1.5933672e+02
3.1919121e-01      1841  1.4041812e+02  1.3963840e+02  1.1825920e+02
3.6464415e-01      2698  1.0918405e+02  1.0849049e+02  8.7366885e+01
4.1290034e-01      3532  8.6200840e+01  8.6910373e+01  6.8434911e+01
4.6319578e-01      4702  6.8914340e+01  6.7603664e+01  5.1545304e+01
5.1570195e-01      6019  5.8005004e+01  5.8655321e+01  4.1075086e+01
5.7047444e-01      7766  4.7965334e+01  4.7915906e+01  3.2954403e+01
6.2844883e-01     10012  4.1397332e+01  4.0743320e+01  2.5936098e+01
6.8955465e-01     12589  3.4896166e+01  3.4999420e+01  2.0967893e+01
7.5323141e-01     15650  3.0079353e+01  3.0335914e+01  1.7244037e+01
8.2032763e-01     19757  2.5867299e+01  2.5785775e+01  1.4133835e+01
8.9088605e-01     24241  2.2783118e+01  2.2552186e+01  1.1590754e+01
9.6481958e-01     29993  1.9963192e+01  1.9800629e+01  9.5526928e+00
1.0423453e+00     36494  1.7547263e+01  1.7450888e+01  7.9380616e+00
1.1237267e+00     44825  1.5720680e+01  1.5653396e+01  6.6217274e+00
1.2089588e+00     53906  1.4050734e+01  1.4011946e+01  5.5515284e+00
1.2983336e+00     65729  1.2610848e+01  1.2575218e+01  4.6727409e+00
1.3921058e+00     78746  1.1373807e+01  1.1337911e+01  3.9450665e+00
1.4900211e+00     94374  1.0253208e+01  1.0221405e+01  3.3412365e+00
1.5921784e+00    112166  9.3335035e+00  9.3257048e+00  2.8367525e+00
1.6991083e+00    134373  8.4845313e+00  8.4856164e+00  2.4145733e+00
1.8110248e+00    159077  7.7774182e+00  7.7670148e+00  2.0625792e+00
1.9277595e+00    188172  7.1332434e+00  7.1244311e+00  1.7658138e+00
2.0497441e+00    222492  6.5894813e+00  6.5866838e+00  1.5148408e+00
2.1771282e+00    261771  6.0603663e+00  6.0551248e+00  1.3027614e+00
2.3098450e+00    306759  5.5935315e+00  5.5892132e+00  1.1229229e+00
2.4484375e+00    360898  5.1854685e+00  5.1810828e+00  9.6977531e-01
2.5937215e+00    425046  4.8162761e+00  4.8122611e+00  8.3847939e-01
2.7470320e+00    505555  4.4670537e+00  4.4631010e+00  7.2506230e-01
2.9094444e+00    600292  4.1398403e+00  4.1361231e+00  6.2671731e-01
3.0813867e+00    712930  3.8289551e+00  3.8255648e+00  5.4156287e-01
3.2634403e+00    846715  3.5538653e+00  3.5507042e+00  4.6782180e-01
3.4562097e+00   1005596  3.2906351e+00  3.2877410e+00  4.0398987e-01
3.6603648e+00   1194719  3.0479572e+00  3.0452564e+00  3.4875683e-01
3.8766358e+00   1419743  2.8238312e+00  2.8212933e+00  3.0096088e-01
4.1057220e+00   1686576  2.6044766e+00  2.6021387e+00  2.5962373e-01
4.3483372e+00   2003484  2.4092990e+00  2.4071275e+00  2.2389013e-01
4.6052142e+00   2378778  2.2233481e+00  2.2213323e+00  1.9302344e-01
4.8773359e+00   2828400  2.0476857e+00  2.0458178e+00  1.6635756e-01
5.1655179e+00   3356890  1.8848609e+00  1.8831405e+00  1.4333348e-01
5.4707002e+00   3990317  1.7277809e+00  1.7262041e+00  1.2346333e-01
5.7939476e+00   4738457  1.5875766e+00  1.5861006e+00  1.0631178e-01
6.1362572e+00   5629661  1.4551715e+00  1.4538483e+00  9.1521415e-02
6.4988210e+00   6687903  1.3340796e+00  1.3328338e+00  7.8763355e-02
6.8828355e+00   7945758  1.2240161e+00  1.2228816e+00  6.7766354e-02
7.2895050e+00   9436555  1.1226890e+00  1.1216497e+00  5.8290263e-02
7.7201584e+00  11210320  1.0276330e+00  1.0266557e+00  5.0125894e-02
8.1762927e+00  13318613  9.4204684e-01  9.4115442e-01  4.3093853e-02
8.6593661e+00  15819192  8.6216580e-01  8.6136043e-01  3.7037592e-02
9.1709925e+00  18795348  7.8847857e-01  7.8772540e-01  3.1826839e-02
9.7128705e+00  22326034  7.1994511e-01  7.1925827e-01  2.7341422e-02
1.0286736e+01  26520842  6.5755810e-01  6.5691452e-01  2.3482041e-02
1.0894484e+01  31503438  6.0022855e-01  5.9965541e-01  2.0168250e-02
1.1538156e+01  37426927  5.4690848e-01  5.4638445e-01  1.7317929e-02
1.2220385e+01  44525830  4.9836735e-01  4.9788699e-01  1.4865252e-02
