# Power spectrum from CO𝘕CEPT job 4559669 at t = 3.8214654 Gyr, a = 0.37037037
#
# Components:
#   0: matter  (upstream grid size 1024)
#
#                           grid size 1024
# ╭────────────────────────────────────────────────────────────────╮
#                         component 0    (corrected)      (linear)
#                        σ₈ = 3.60e-01  σ₈ = 3.59e-01  σ₈ = 3.51e-01
#  k [Mpc⁻¹]    modes       P [Mpc³]       P [Mpc³]       P [Mpc³]
2.4543693e-02         3  1.0684127e+04  1.0684127e+04  1.0792975e+04
4.6570361e-02        25  5.8424104e+03  5.9301105e+03  5.9729479e+03
8.3521561e-02       124  2.5768358e+03  2.5191465e+03  2.5491849e+03
1.3383638e-01       418  1.2193674e+03  1.2054213e+03  1.1540513e+03
1.8592088e-01       730  6.5848641e+02  6.7331145e+02  6.3197649e+02
2.3260504e-01      1012  4.6646384e+02  4.6318240e+02  3.9567967e+02
2.7635505e-01      1408  3.4785241e+02  3.4828956e+02  2.7650151e+02
3.1919121e-01      1841  2.7077287e+02  2.6926932e+02  2.0521843e+02
3.6464415e-01      2698  2.1279813e+02  2.1144639e+02  1.5161009e+02
4.1290034e-01      3532  1.7330079e+02  1.7472725e+02  1.1875690e+02
4.6319578e-01      4702  1.4208458e+02  1.3938229e+02  8.9447903e+01
5.1570195e-01      6019  1.2035706e+02  1.2170643e+02  7.1278650e+01
5.7047444e-01      7766  1.0181331e+02  1.0170839e+02  5.7186614e+01
6.2844883e-01     10012  8.9863515e+01  8.8443815e+01  4.5007565e+01
6.8955465e-01     12589  7.8403370e+01  7.8635355e+01  3.6386109e+01
7.5323141e-01     15650  6.9242486e+01  6.9833087e+01  2.9924005e+01
8.2032763e-01     19757  6.0232602e+01  6.0042772e+01  2.4526792e+01
8.9088605e-01     24241  5.4653005e+01  5.4099037e+01  2.0113718e+01
9.6481958e-01     29993  4.8421436e+01  4.8027134e+01  1.6577019e+01
1.0423453e+00     36494  4.3904771e+01  4.3663632e+01  1.3775109e+01
1.1237267e+00     44825  3.9979294e+01  3.9808183e+01  1.1490841e+01
1.2089588e+00     53906  3.6680613e+01  3.6579354e+01  9.6336975e+00
1.2983336e+00     65729  3.3422430e+01  3.3328001e+01  8.1087155e+00
1.3921058e+00     78746  3.0752962e+01  3.0655905e+01  6.8459642e+00
1.4900211e+00     94374  2.8166294e+01  2.8078929e+01  5.7981230e+00
1.5921784e+00    112166  2.6213756e+01  2.6191853e+01  4.9226793e+00
1.6991083e+00    134373  2.3960150e+01  2.3963215e+01  4.1900614e+00
1.8110248e+00    159077  2.2210696e+01  2.2180986e+01  3.5792375e+00
1.9277595e+00    188172  2.0533357e+01  2.0507991e+01  3.0642532e+00
2.0497441e+00    222492  1.9020093e+01  1.9012018e+01  2.6287337e+00
2.1771282e+00    261771  1.7737410e+01  1.7722069e+01  2.2607071e+00
2.3098450e+00    306759  1.6444114e+01  1.6431419e+01  1.9486292e+00
2.4484375e+00    360898  1.5262504e+01  1.5249595e+01  1.6828685e+00
2.5937215e+00    425046  1.4181631e+01  1.4169809e+01  1.4550276e+00
2.7470320e+00    505555  1.3166392e+01  1.3154741e+01  1.2582123e+00
2.9094444e+00    600292  1.2137377e+01  1.2126478e+01  1.0875519e+00
3.0813867e+00    712930  1.1214362e+01  1.1204433e+01  9.3978150e-01
3.2634403e+00    846715  1.0342686e+01  1.0333486e+01  8.1181696e-01
3.4562097e+00   1005596  9.5239218e+00  9.5155455e+00  7.0104799e-01
3.6603648e+00   1194719  8.7270623e+00  8.7193291e+00  6.0520089e-01
3.8766358e+00   1419743  8.0053546e+00  7.9981600e+00  5.2225957e-01
4.1057220e+00   1686576  7.3018210e+00  7.2952667e+00  4.5052635e-01
4.3483372e+00   2003484  6.6288922e+00  6.6229177e+00  3.8851712e-01
4.6052142e+00   2378778  6.0261020e+00  6.0206385e+00  3.3495354e-01
4.8773359e+00   2828400  5.4526037e+00  5.4476298e+00  2.8867972e-01
5.1655179e+00   3356890  4.9233110e+00  4.9188173e+00  2.4872562e-01
5.4707002e+00   3990317  4.4374361e+00  4.4333865e+00  2.1424461e-01
5.7939476e+00   4738457  3.9975709e+00  3.9938543e+00  1.8448124e-01
6.1362572e+00   5629661  3.5993363e+00  3.5960633e+00  1.5881530e-01
6.4988210e+00   6687903  3.2357392e+00  3.2327174e+00  1.3667606e-01
6.8828355e+00   7945758  2.9057918e+00  2.9030985e+00  1.1759283e-01
7.2895050e+00   9436555  2.6101840e+00  2.6077676e+00  1.0114886e-01
7.7201584e+00  11210320  2.3417834e+00  2.3395563e+00  8.6981159e-02
8.1762927e+00  13318613  2.0952367e+00  2.0932518e+00  7.4778410e-02
8.6593661e+00  15819192  1.8756488e+00  1.8738967e+00  6.4268952e-02
9.1709925e+00  18795348  1.6756853e+00  1.6740847e+00  5.5226724e-02
9.7128705e+00  22326034  1.4962115e+00  1.4947841e+00  4.7443183e-02
1.0286736e+01  26520842  1.3352613e+00  1.3339544e+00  4.0746015e-02
1.0894484e+01  31503438  1.1931760e+00  1.1920367e+00  3.4995619e-02
1.1538156e+01  37426927  1.0649052e+00  1.0638848e+00  3.0049489e-02
1.2220385e+01  44525830  9.5101543e-01  9.5009878e-01  2.5793401e-02
