# Power spectrum from CO𝘕CEPT job 4559669 at t = 5.8533978 Gyr, a = 0.5
#
# Components:
#   0: matter  (upstream grid size 1024)
#
#                           grid size 1024
# ╭────────────────────────────────────────────────────────────────╮
#                         component 0    (corrected)      (linear)
#                        σ₈ = 4.80e-01  σ₈ = 4.80e-01  σ₈ = 4.61e-01
#  k [Mpc⁻¹]    modes       P [Mpc³]       P [Mpc³]       P [Mpc³]
2.4543693e-02         3  1.8366635e+04  1.8366635e+04  1.8640331e+04
4.6570361e-02        25  1.0048566e+04  1.0199404e+04  1.0314429e+04
8.3521561e-02       124  4.4812027e+03  4.3808791e+03  4.4018669e+03
1.3383638e-01       418  2.1562775e+03  2.1316157e+03  1.9927557e+03
1.8592088e-01       730  1.1970579e+03  1.2240082e+03  1.0912588e+03
2.3260504e-01      1012  8.6929159e+02  8.6317638e+02  6.8323438e+02
2.7635505e-01      1408  6.6805589e+02  6.6889545e+02  4.7744464e+02
3.1919121e-01      1841  5.4061454e+02  5.3761261e+02  3.5435749e+02
3.6464415e-01      2698  4.2886735e+02  4.2614310e+02  2.6179007e+02
4.1290034e-01      3532  3.6810651e+02  3.7113645e+02  2.0506133e+02
4.6319578e-01      4702  3.0946704e+02  3.0358132e+02  1.5445251e+02
5.1570195e-01      6019  2.6525729e+02  2.6823120e+02  1.2307906e+02
5.7047444e-01      7766  2.2744978e+02  2.2721540e+02  9.8745888e+01
6.2844883e-01     10012  2.0383982e+02  2.0061947e+02  7.7715938e+01
6.8955465e-01     12589  1.8309306e+02  1.8363481e+02  6.2828998e+01
7.5323141e-01     15650  1.6517381e+02  1.6658265e+02  5.1670680e+01
8.2032763e-01     19757  1.4599251e+02  1.4553240e+02  4.2351145e+01
8.9088605e-01     24241  1.3524741e+02  1.3387652e+02  3.4730955e+01
9.6481958e-01     29993  1.2222306e+02  1.2122778e+02  2.8624028e+01
1.0423453e+00     36494  1.1283554e+02  1.1221581e+02  2.3785883e+01
1.1237267e+00     44825  1.0335402e+02  1.0291166e+02  1.9841569e+01
1.2089588e+00     53906  9.5616084e+01  9.5352129e+01  1.6634783e+01
1.2983336e+00     65729  8.8409286e+01  8.8159501e+01  1.4001551e+01
1.3921058e+00     78746  8.0846216e+01  8.0591064e+01  1.1821120e+01
1.4900211e+00     94374  7.4773875e+01  7.4541944e+01  1.0011781e+01
1.5921784e+00    112166  6.8810648e+01  6.8753152e+01  8.5001261e+00
1.6991083e+00    134373  6.3750746e+01  6.3758899e+01  7.2350929e+00
1.8110248e+00    159077  5.9044150e+01  5.8965170e+01  6.1803651e+00
1.9277595e+00    188172  5.4342379e+01  5.4275246e+01  5.2911265e+00
2.0497441e+00    222492  5.0164746e+01  5.0143449e+01  4.5391021e+00
2.1771282e+00    261771  4.6341083e+01  4.6301003e+01  3.9036199e+00
2.3098450e+00    306759  4.2496583e+01  4.2463775e+01  3.3647457e+00
2.4484375e+00    360898  3.9161160e+01  3.9128039e+01  2.9058491e+00
2.5937215e+00    425046  3.5907003e+01  3.5877070e+01  2.5124296e+00
2.7470320e+00    505555  3.2868341e+01  3.2839257e+01  2.1725830e+00
2.9094444e+00    600292  3.0034878e+01  3.0007909e+01  1.8778989e+00
3.0813867e+00    712930  2.7378605e+01  2.7354363e+01  1.6227396e+00
3.2634403e+00    846715  2.4825074e+01  2.4802992e+01  1.4017796e+00
3.4562097e+00   1005596  2.2541355e+01  2.2521530e+01  1.2105118e+00
3.6603648e+00   1194719  2.0379945e+01  2.0361886e+01  1.0450100e+00
3.8766358e+00   1419743  1.8372747e+01  1.8356235e+01  9.0179298e-01
4.1057220e+00   1686576  1.6562876e+01  1.6548009e+01  7.7792934e-01
4.3483372e+00   2003484  1.4958713e+01  1.4945231e+01  6.7085638e-01
4.6052142e+00   2378778  1.3430928e+01  1.3418751e+01  5.7836680e-01
4.8773359e+00   2828400  1.2022655e+01  1.2011688e+01  4.9846465e-01
5.1655179e+00   3356890  1.0788861e+01  1.0779013e+01  4.2947495e-01
5.4707002e+00   3990317  9.6584655e+00  9.6496512e+00  3.6993578e-01
5.7939476e+00   4738457  8.6225769e+00  8.6145605e+00  3.1854272e-01
6.1362572e+00   5629661  7.6917112e+00  7.6847170e+00  2.7422478e-01
6.4988210e+00   6687903  6.8471087e+00  6.8407145e+00  2.3599651e-01
6.8828355e+00   7945758  6.1036749e+00  6.0980176e+00  2.0304513e-01
7.2895050e+00   9436555  5.4277233e+00  5.4226985e+00  1.7465106e-01
7.7201584e+00  11210320  4.8288923e+00  4.8242998e+00  1.5018746e-01
8.1762927e+00  13318613  4.2880306e+00  4.2839685e+00  1.2911680e-01
8.6593661e+00  15819192  3.8046604e+00  3.8011064e+00  1.1096999e-01
9.1709925e+00  18795348  3.3765819e+00  3.3733566e+00  9.5356693e-02
9.7128705e+00  22326034  2.9934717e+00  2.9906159e+00  8.1916801e-02
1.0286736e+01  26520842  2.6545154e+00  2.6519173e+00  7.0352772e-02
1.0894484e+01  31503438  2.3496670e+00  2.3474234e+00  6.0423558e-02
1.1538156e+01  37426927  2.0832123e+00  2.0812162e+00  5.1883090e-02
1.2220385e+01  44525830  1.8442701e+00  1.8424925e+00  4.4534136e-02
