# Power spectrum from CO𝘕CEPT job 4559673 at t = 5.8533978 Gyr, a = 0.5
#
# Components:
#   0: matter  (upstream grid size 1024)
#
#                           grid size 1024
# ╭────────────────────────────────────────────────────────────────╮
#                         component 0    (corrected)      (linear)
#                        σ₈ = 4.66e-01  σ₈ = 4.66e-01  σ₈ = 4.48e-01
#  k [Mpc⁻¹]    modes       P [Mpc³]       P [Mpc³]       P [Mpc³]
2.4543693e-02         3  1.8168564e+04  1.8168564e+04  1.8435628e+04
4.6570361e-02        25  9.5825280e+03  9.7263707e+03  9.8042824e+03
8.3521561e-02       124  4.2519805e+03  4.1567886e+03  4.1863005e+03
1.3383638e-01       418  2.0156686e+03  1.9926150e+03  1.8333016e+03
1.8592088e-01       730  1.1244528e+03  1.1497685e+03  1.0534867e+03
2.3260504e-01      1012  8.0212794e+02  7.9648520e+02  6.1833245e+02
2.7635505e-01      1408  6.2106489e+02  6.2184539e+02  4.5863669e+02
3.1919121e-01      1841  4.9644158e+02  4.9368494e+02  3.2018241e+02
3.6464415e-01      2698  3.9365331e+02  3.9115275e+02  2.4874503e+02
4.1290034e-01      3532  3.3561908e+02  3.3838162e+02  1.8972394e+02
4.6319578e-01      4702  2.8094078e+02  2.7559759e+02  1.4068025e+02
5.1570195e-01      6019  2.4024367e+02  2.4293714e+02  1.1826834e+02
5.7047444e-01      7766  2.0562413e+02  2.0541223e+02  8.9252734e+01
6.2844883e-01     10012  1.8419972e+02  1.8128966e+02  7.1345082e+01
6.8955465e-01     12589  1.6473638e+02  1.6522381e+02  5.9693094e+01
7.5323141e-01     15650  1.4840261e+02  1.4966841e+02  4.8080246e+01
8.2032763e-01     19757  1.3096175e+02  1.3054900e+02  3.8428457e+01
8.9088605e-01     24241  1.2094808e+02  1.1972214e+02  3.1578017e+01
9.6481958e-01     29993  1.0895096e+02  1.0806376e+02  2.6423064e+01
1.0423453e+00     36494  1.0043603e+02  9.9884407e+01  2.2040022e+01
1.1237267e+00     44825  9.1680080e+01  9.1287691e+01  1.8449676e+01
1.2089588e+00     53906  8.4802605e+01  8.4568501e+01  1.5452885e+01
1.2983336e+00     65729  7.8287022e+01  7.8065836e+01  1.2969027e+01
1.3921058e+00     78746  7.1669958e+01  7.1443766e+01  1.0916908e+01
1.4900211e+00     94374  6.6522904e+01  6.6316565e+01  9.2197926e+00
1.5921784e+00    112166  6.1369284e+01  6.1318006e+01  7.8267342e+00
1.6991083e+00    134373  5.6902409e+01  5.6909686e+01  6.6829700e+00
1.8110248e+00    159077  5.2709409e+01  5.2638903e+01  5.7001343e+00
1.9277595e+00    188172  4.8597242e+01  4.8537206e+01  4.8793327e+00
2.0497441e+00    222492  4.4996611e+01  4.4977508e+01  4.1865299e+00
2.1771282e+00    261771  4.1509553e+01  4.1473653e+01  3.5984199e+00
2.3098450e+00    306759  3.8145391e+01  3.8115942e+01  3.1010866e+00
2.4484375e+00    360898  3.5195453e+01  3.5165686e+01  2.6776417e+00
2.5937215e+00    425046  3.2314746e+01  3.2287808e+01  2.3149315e+00
2.7470320e+00    505555  2.9624325e+01  2.9598112e+01  2.0016275e+00
2.9094444e+00    600292  2.7075163e+01  2.7050851e+01  1.7297836e+00
3.0813867e+00    712930  2.4712929e+01  2.4691047e+01  1.4945335e+00
3.2634403e+00    846715  2.2403670e+01  2.2383742e+01  1.2908323e+00
3.4562097e+00   1005596  2.0384558e+01  2.0366629e+01  1.1145730e+00
3.6603648e+00   1194719  1.8446230e+01  1.8429884e+01  9.6208895e-01
3.8766358e+00   1419743  1.6648061e+01  1.6633099e+01  8.3008851e-01
4.1057220e+00   1686576  1.5040072e+01  1.5026572e+01  7.1601153e-01
4.3483372e+00   2003484  1.3583690e+01  1.3571448e+01  6.1735577e-01
4.6052142e+00   2378778  1.2199642e+01  1.2188582e+01  5.3218684e-01
4.8773359e+00   2828400  1.0920311e+01  1.0910349e+01  4.5861409e-01
5.1655179e+00   3356890  9.8078650e+00  9.7989129e+00  3.9508669e-01
5.4707002e+00   3990317  8.7685504e+00  8.7605483e+00  3.4026626e-01
5.7939476e+00   4738457  7.8289580e+00  7.8216794e+00  2.9298777e-01
6.1362572e+00   5629661  7.0027961e+00  6.9964284e+00  2.5217581e-01
6.4988210e+00   6687903  6.2480643e+00  6.2422295e+00  2.1701012e-01
6.8828355e+00   7945758  5.5711202e+00  5.5659565e+00  1.8668757e-01
7.2895050e+00   9436555  4.9631707e+00  4.9585759e+00  1.6056311e-01
7.7201584e+00  11210320  4.4095209e+00  4.4053273e+00  1.3806298e-01
8.1762927e+00  13318613  3.9221527e+00  3.9184372e+00  1.1868119e-01
8.6593661e+00  15819192  3.4892870e+00  3.4860276e+00  1.0198811e-01
9.1709925e+00  18795348  3.0945229e+00  3.0915670e+00  8.7636275e-02
9.7128705e+00  22326034  2.7458565e+00  2.7432369e+00  7.5274831e-02
1.0286736e+01  26520842  2.4353355e+00  2.4329519e+00  6.4647490e-02
1.0894484e+01  31503438  2.1587707e+00  2.1567094e+00  5.5523488e-02
1.1538156e+01  37426927  1.9111735e+00  1.9093423e+00  4.7675613e-02
1.2220385e+01  44525830  1.6919677e+00  1.6903369e+00  4.0922625e-02
