# Power spectrum from CO𝘕CEPT job 4559673 at t = 8.5934117 Gyr, a = 0.66666667
#
# Components:
#   0: matter  (upstream grid size 1024)
#
#                           grid size 1024
# ╭────────────────────────────────────────────────────────────────╮
#                         component 0    (corrected)      (linear)
#                        σ₈ = 6.02e-01  σ₈ = 6.01e-01  σ₈ = 5.67e-01
#  k [Mpc⁻¹]    modes       P [Mpc³]       P [Mpc³]       P [Mpc³]
2.4543693e-02         3  2.8931391e+04  2.8931391e+04  2.9526714e+04
4.6570361e-02        25  1.5260916e+04  1.5489997e+04  1.5700604e+04
8.3521561e-02       124  6.9113042e+03  6.7565762e+03  6.7036078e+03
1.3383638e-01       418  3.3359085e+03  3.2977551e+03  2.9356536e+03
1.8592088e-01       730  1.9146346e+03  1.9577403e+03  1.6869320e+03
2.3260504e-01      1012  1.4040135e+03  1.3941366e+03  9.9012396e+02
2.7635505e-01      1408  1.1232381e+03  1.1246497e+03  7.3440533e+02
3.1919121e-01      1841  9.4004800e+02  9.3482810e+02  5.1270103e+02
3.6464415e-01      2698  7.5140390e+02  7.4663084e+02  3.9830974e+02
4.1290034e-01      3532  6.6347661e+02  6.6893779e+02  3.0380050e+02
4.6319578e-01      4702  5.7549813e+02  5.6455279e+02  2.2526792e+02
5.1570195e-01      6019  5.1033221e+02  5.1605375e+02  1.8938022e+02
5.7047444e-01      7766  4.5145056e+02  4.5098535e+02  1.4291821e+02
6.2844883e-01     10012  3.9941202e+02  3.9310195e+02  1.1424311e+02
6.8955465e-01     12589  3.6372524e+02  3.6480146e+02  9.5585059e+01
7.5323141e-01     15650  3.3610609e+02  3.3897289e+02  7.6989688e+01
8.2032763e-01     19757  3.0283388e+02  3.0187946e+02  6.1534515e+01
8.9088605e-01     24241  2.7494926e+02  2.7216235e+02  5.0565073e+01
9.6481958e-01     29993  2.5408118e+02  2.5201217e+02  4.2310574e+01
1.0423453e+00     36494  2.3049408e+02  2.2922813e+02  3.5292117e+01
1.1237267e+00     44825  2.1127541e+02  2.1037115e+02  2.9542985e+01
1.2089588e+00     53906  1.9743235e+02  1.9688733e+02  2.4744300e+01
1.2983336e+00     65729  1.8050335e+02  1.7999337e+02  2.0766960e+01
1.3921058e+00     78746  1.6532109e+02  1.6479934e+02  1.7480954e+01
1.4900211e+00     94374  1.5111857e+02  1.5064983e+02  1.4763406e+01
1.5921784e+00    112166  1.3828210e+02  1.3816656e+02  1.2532737e+01
1.6991083e+00    134373  1.2685913e+02  1.2687536e+02  1.0701257e+01
1.8110248e+00    159077  1.1588637e+02  1.1573136e+02  9.1274672e+00
1.9277595e+00    188172  1.0557377e+02  1.0544335e+02  7.8131387e+00
2.0497441e+00    222492  9.5776702e+01  9.5736041e+01  6.7037715e+00
2.1771282e+00    261771  8.7474962e+01  8.7399307e+01  5.7620462e+00
2.3098450e+00    306759  8.0108247e+01  8.0046401e+01  4.9656792e+00
2.4484375e+00    360898  7.2694698e+01  7.2633216e+01  4.2876280e+00
2.5937215e+00    425046  6.6315666e+01  6.6260384e+01  3.7068296e+00
2.7470320e+00    505555  5.9968728e+01  5.9915665e+01  3.2051443e+00
2.9094444e+00    600292  5.4325531e+01  5.4276751e+01  2.7698479e+00
3.0813867e+00    712930  4.9172082e+01  4.9128544e+01  2.3931482e+00
3.2634403e+00    846715  4.4318670e+01  4.4279250e+01  2.0669669e+00
3.4562097e+00   1005596  4.0086299e+01  4.0051044e+01  1.7847276e+00
3.6603648e+00   1194719  3.5958965e+01  3.5927101e+01  1.5405591e+00
3.8766358e+00   1419743  3.2322880e+01  3.2293831e+01  1.3291905e+00
4.1057220e+00   1686576  2.8947057e+01  2.8921074e+01  1.1465222e+00
4.3483372e+00   2003484  2.5944412e+01  2.5921029e+01  9.8854750e-01
4.6052142e+00   2378778  2.3266806e+01  2.3245711e+01  8.5216894e-01
4.8773359e+00   2828400  2.0818784e+01  2.0799793e+01  7.3435904e-01
5.1655179e+00   3356890  1.8588761e+01  1.8571795e+01  6.3263449e-01
5.4707002e+00   3990317  1.6590118e+01  1.6574978e+01  5.4485219e-01
5.7939476e+00   4738457  1.4806088e+01  1.4792323e+01  4.6914660e-01
6.1362572e+00   5629661  1.3211732e+01  1.3199718e+01  4.0379570e-01
6.4988210e+00   6687903  1.1776354e+01  1.1765357e+01  3.4748602e-01
6.8828355e+00   7945758  1.0476723e+01  1.0467012e+01  2.9893152e-01
7.2895050e+00   9436555  9.3200696e+00  9.3114413e+00  2.5709931e-01
7.7201584e+00  11210320  8.2838114e+00  8.2759332e+00  2.2107066e-01
8.1762927e+00  13318613  7.3593150e+00  7.3523434e+00  1.9003531e-01
8.6593661e+00  15819192  6.5201410e+00  6.5140504e+00  1.6330531e-01
9.1709925e+00  18795348  5.7727507e+00  5.7672365e+00  1.4032429e-01
9.7128705e+00  22326034  5.1047440e+00  5.0998740e+00  1.2053042e-01
1.0286736e+01  26520842  4.5135796e+00  4.5091619e+00  1.0351332e-01
1.0894484e+01  31503438  3.9875567e+00  3.9837491e+00  8.8903475e-02
1.1538156e+01  37426927  3.5210102e+00  3.5176365e+00  7.6337051e-02
1.2220385e+01  44525830  3.1081313e+00  3.1051355e+00  6.5523841e-02
