# Power spectrum from CO𝘕CEPT job 4559673 at t = 2.8501215 Gyr, a = 0.3030303
#
# Components:
#   0: matter  (upstream grid size 1024)
#
#                           grid size 1024
# ╭────────────────────────────────────────────────────────────────╮
#                         component 0    (corrected)      (linear)
#                        σ₈ = 2.87e-01  σ₈ = 2.86e-01  σ₈ = 2.82e-01
#  k [Mpc⁻¹]    modes       P [Mpc³]       P [Mpc³]       P [Mpc³]
2.4543693e-02         3  7.2229436e+03  7.2229436e+03  7.2793374e+03
4.6570361e-02        25  3.8043997e+03  3.8615073e+03  3.8720355e+03
8.3521561e-02       124  1.6665141e+03  1.6292047e+03  1.6534337e+03
1.3383638e-01       418  7.6648333e+02  7.5771691e+02  7.2410342e+02
1.8592088e-01       730  4.1436518e+02  4.2369412e+02  4.1610131e+02
2.3260504e-01      1012  2.8090097e+02  2.7892491e+02  2.4422682e+02
2.7635505e-01      1408  2.1064969e+02  2.1091442e+02  1.8115103e+02
3.1919121e-01      1841  1.5670704e+02  1.5583687e+02  1.2646487e+02
3.6464415e-01      2698  1.2341563e+02  1.2263167e+02  9.8248780e+01
4.1290034e-01      3532  9.7262547e+01  9.8063130e+01  7.4936795e+01
4.6319578e-01      4702  7.8165670e+01  7.6679044e+01  5.5565635e+01
5.1570195e-01      6019  6.5997523e+01  6.6737448e+01  4.6713434e+01
5.7047444e-01      7766  5.4602097e+01  5.4545830e+01  3.5252907e+01
6.2844883e-01     10012  4.7355639e+01  4.6607495e+01  2.8179777e+01
6.8955465e-01     12589  4.0167068e+01  4.0285918e+01  2.3577496e+01
7.5323141e-01     15650  3.4711013e+01  3.5007079e+01  1.8990674e+01
8.2032763e-01     19757  2.9884975e+01  2.9790789e+01  1.5178425e+01
8.9088605e-01     24241  2.6468096e+01  2.6199812e+01  1.2472649e+01
9.6481958e-01     29993  2.3244230e+01  2.3054949e+01  1.0436554e+01
1.0423453e+00     36494  2.0532423e+01  2.0419653e+01  8.7053464e+00
1.1237267e+00     44825  1.8473257e+01  1.8394192e+01  7.2872366e+00
1.2089588e+00     53906  1.6569885e+01  1.6524142e+01  6.1035686e+00
1.2983336e+00     65729  1.4925835e+01  1.4883664e+01  5.1224975e+00
1.3921058e+00     78746  1.3512212e+01  1.3469568e+01  4.3119541e+00
1.4900211e+00     94374  1.2209799e+01  1.2171927e+01  3.6416298e+00
1.5921784e+00    112166  1.1151678e+01  1.1142360e+01  3.0914013e+00
1.6991083e+00    134373  1.0170395e+01  1.0171696e+01  2.6396386e+00
1.8110248e+00    159077  9.3441477e+00  9.3316486e+00  2.2514393e+00
1.9277595e+00    188172  8.5834883e+00  8.5728845e+00  1.9272400e+00
2.0497441e+00    222492  7.9586481e+00  7.9552693e+00  1.6535975e+00
2.1771282e+00    261771  7.3373673e+00  7.3310214e+00  1.4213064e+00
2.3098450e+00    306759  6.7828276e+00  6.7775911e+00  1.2248701e+00
2.4484375e+00    360898  6.2886280e+00  6.2833093e+00  1.0576182e+00
2.5937215e+00    425046  5.8499193e+00  5.8450427e+00  9.1435523e-01
2.7470320e+00    505555  5.4333845e+00  5.4285767e+00  7.9060665e-01
2.9094444e+00    600292  5.0507169e+00  5.0461817e+00  6.8323393e-01
3.0813867e+00    712930  4.6760182e+00  4.6718779e+00  5.9031496e-01
3.2634403e+00    846715  4.3381608e+00  4.3343021e+00  5.0985714e-01
3.4562097e+00   1005596  4.0166431e+00  4.0131104e+00  4.4023828e-01
3.6603648e+00   1194719  3.7145860e+00  3.7112944e+00  3.8001016e-01
3.8766358e+00   1419743  3.4341634e+00  3.4310770e+00  3.2787262e-01
4.1057220e+00   1686576  3.1621260e+00  3.1592876e+00  2.8281448e-01
4.3483372e+00   2003484  2.9157251e+00  2.9130972e+00  2.4384739e-01
4.6052142e+00   2378778  2.6860982e+00  2.6836629e+00  2.1020731e-01
4.8773359e+00   2828400  2.4669126e+00  2.4646623e+00  1.8114748e-01
5.1655179e+00   3356890  2.2653191e+00  2.2632514e+00  1.5605535e-01
5.4707002e+00   3990317  2.0687963e+00  2.0669084e+00  1.3440230e-01
5.7939476e+00   4738457  1.8950928e+00  1.8933310e+00  1.1572815e-01
6.1362572e+00   5629661  1.7321697e+00  1.7305947e+00  9.9608154e-02
6.4988210e+00   6687903  1.5831168e+00  1.5816384e+00  8.5718317e-02
6.8828355e+00   7945758  1.4440088e+00  1.4426704e+00  7.3741417e-02
7.2895050e+00   9436555  1.3158260e+00  1.3146079e+00  6.3422678e-02
7.7201584e+00  11210320  1.1996004e+00  1.1984596e+00  5.4535478e-02
8.1762927e+00  13318613  1.0928533e+00  1.0918180e+00  4.6879957e-02
8.6593661e+00  15819192  9.9467669e-01  9.9374754e-01  4.0286422e-02
9.1709925e+00  18795348  9.0368522e-01  9.0282201e-01  3.4617633e-02
9.7128705e+00  22326034  8.2024137e-01  8.1945885e-01  2.9735010e-02
1.0286736e+01  26520842  7.4369486e-01  7.4296698e-01  2.5537325e-02
1.0894484e+01  31503438  6.7460354e-01  6.7395939e-01  2.1933432e-02
1.1538156e+01  37426927  6.1173126e-01  6.1114512e-01  1.8833584e-02
1.2220385e+01  44525830  5.5471967e-01  5.5418499e-01  1.6166194e-02
