# Power spectrum from CO𝘕CEPT job 4559673 at t = 2.1444136 Gyr, a = 0.25
#
# Components:
#   0: matter  (upstream grid size 1024)
#
#                           grid size 1024
# ╭────────────────────────────────────────────────────────────────╮
#                         component 0    (corrected)      (linear)
#                        σ₈ = 2.36e-01  σ₈ = 2.36e-01  σ₈ = 2.34e-01
#  k [Mpc⁻¹]    modes       P [Mpc³]       P [Mpc³]       P [Mpc³]
2.4543693e-02         3  4.9771689e+03  4.9771689e+03  5.0076766e+03
4.6570361e-02        25  2.6200141e+03  2.6593430e+03  2.6638668e+03
8.3521561e-02       124  1.1468228e+03  1.1211481e+03  1.1375483e+03
1.3383638e-01       418  5.2215172e+02  5.1617977e+02  4.9818045e+02
1.8592088e-01       730  2.8105123e+02  2.8737876e+02  2.8627678e+02
2.3260504e-01      1012  1.8715158e+02  1.8583502e+02  1.6802766e+02
2.7635505e-01      1408  1.3942012e+02  1.3959533e+02  1.2463167e+02
3.1919121e-01      1841  1.0158172e+02  1.0101766e+02  8.7007694e+01
3.6464415e-01      2698  7.9751604e+01  7.9245006e+01  6.7595067e+01
4.1290034e-01      3532  6.1918895e+01  6.2428559e+01  5.1556452e+01
4.6319578e-01      4702  4.8920192e+01  4.7989783e+01  3.8229115e+01
5.1570195e-01      6019  4.1133884e+01  4.1595052e+01  3.2138810e+01
5.7047444e-01      7766  3.3562229e+01  3.3527644e+01  2.4253978e+01
6.2844883e-01     10012  2.8649153e+01  2.8196542e+01  1.9387670e+01
6.8955465e-01     12589  2.3804229e+01  2.3874663e+01  1.6221305e+01
7.5323141e-01     15650  2.0345849e+01  2.0519388e+01  1.3065574e+01
8.2032763e-01     19757  1.7393946e+01  1.7339127e+01  1.0442750e+01
8.9088605e-01     24241  1.5100912e+01  1.4947848e+01  8.5811781e+00
9.6481958e-01     29993  1.3109938e+01  1.3003182e+01  7.1803458e+00
1.0423453e+00     36494  1.1380184e+01  1.1317681e+01  5.9892761e+00
1.1237267e+00     44825  1.0045357e+01  1.0002363e+01  5.0136174e+00
1.2089588e+00     53906  8.9056962e+00  8.8811113e+00  4.1992544e+00
1.2983336e+00     65729  7.8935531e+00  7.8712513e+00  3.5242781e+00
1.3921058e+00     78746  7.0476509e+00  7.0254083e+00  2.9666246e+00
1.4900211e+00     94374  6.2979579e+00  6.2784230e+00  2.5054418e+00
1.5921784e+00    112166  5.6612968e+00  5.6565665e+00  2.1268848e+00
1.6991083e+00    134373  5.0958589e+00  5.0965106e+00  1.8160723e+00
1.8110248e+00    159077  4.6318069e+00  4.6256112e+00  1.5489914e+00
1.9277595e+00    188172  4.2143930e+00  4.2091866e+00  1.3259424e+00
2.0497441e+00    222492  3.8425003e+00  3.8408690e+00  1.1376764e+00
2.1771282e+00    261771  3.5145365e+00  3.5114968e+00  9.7786018e-01
2.3098450e+00    306759  3.2185491e+00  3.2160643e+00  8.4271208e-01
2.4484375e+00    360898  2.9692485e+00  2.9667372e+00  7.2764282e-01
2.5937215e+00    425046  2.7371727e+00  2.7348909e+00  6.2907789e-01
2.7470320e+00    505555  2.5223162e+00  2.5200843e+00  5.4393888e-01
2.9094444e+00    600292  2.3217446e+00  2.3196598e+00  4.7006645e-01
3.0813867e+00    712930  2.1436753e+00  2.1417772e+00  4.0613820e-01
3.2634403e+00    846715  1.9838427e+00  1.9820781e+00  3.5078320e-01
3.4562097e+00   1005596  1.8386570e+00  1.8370399e+00  3.0288541e-01
3.6603648e+00   1194719  1.7029480e+00  1.7014390e+00  2.6144844e-01
3.8766358e+00   1419743  1.5693912e+00  1.5679808e+00  2.2557779e-01
4.1057220e+00   1686576  1.4505524e+00  1.4492504e+00  1.9457776e-01
4.3483372e+00   2003484  1.3355974e+00  1.3343936e+00  1.6776838e-01
4.6052142e+00   2378778  1.2336825e+00  1.2325640e+00  1.4462397e-01
4.8773359e+00   2828400  1.1367806e+00  1.1357436e+00  1.2463078e-01
5.1655179e+00   3356890  1.0499665e+00  1.0490081e+00  1.0736736e-01
5.4707002e+00   3990317  9.6808113e-01  9.6719766e-01  9.2470026e-02
5.7939476e+00   4738457  8.9361708e-01  8.9278628e-01  7.9622178e-02
6.1362572e+00   5629661  8.2550014e-01  8.2474951e-01  6.8531584e-02
6.4988210e+00   6687903  7.6401205e-01  7.6329857e-01  5.8975341e-02
6.8828355e+00   7945758  7.0950232e-01  7.0884470e-01  5.0735199e-02
7.2895050e+00   9436555  6.6080679e-01  6.6019503e-01  4.3635872e-02
7.7201584e+00  11210320  6.1625416e-01  6.1566807e-01  3.7521444e-02
8.1762927e+00  13318613  5.7623558e-01  5.7568970e-01  3.2254412e-02
8.6593661e+00  15819192  5.3961195e-01  5.3910789e-01  2.7718026e-02
9.1709925e+00  18795348  5.0480288e-01  5.0432069e-01  2.3817866e-02
9.7128705e+00  22326034  4.7105198e-01  4.7060259e-01  2.0458589e-02
1.0286736e+01  26520842  4.3934641e-01  4.3891640e-01  1.7570551e-02
1.0894484e+01  31503438  4.0939090e-01  4.0899998e-01  1.5091042e-02
1.1538156e+01  37426927  3.8076332e-01  3.8039848e-01  1.2958317e-02
1.2220385e+01  44525830  3.5395983e-01  3.5361866e-01  1.1123123e-02
