# Power spectrum from CO𝘕CEPT job 4559673 at t = 7.2998856 Gyr, a = 0.58823529
#
# Components:
#   0: matter  (upstream grid size 1024)
#
#                           grid size 1024
# ╭────────────────────────────────────────────────────────────────╮
#                         component 0    (corrected)      (linear)
#                        σ₈ = 5.41e-01  σ₈ = 5.40e-01  σ₈ = 5.14e-01
#  k [Mpc⁻¹]    modes       P [Mpc³]       P [Mpc³]       P [Mpc³]
2.4543693e-02         3  2.3831113e+04  2.3831113e+04  2.4256700e+04
4.6570361e-02        25  1.2571196e+04  1.2759902e+04  1.2899046e+04
8.3521561e-02       124  5.6346929e+03  5.5085454e+03  5.5075659e+03
1.3383638e-01       418  2.6983947e+03  2.6675327e+03  2.4118993e+03
1.8592088e-01       730  1.5291035e+03  1.5635295e+03  1.3859674e+03
2.3260504e-01      1012  1.1086261e+03  1.1008272e+03  8.1347731e+02
2.7635505e-01      1408  8.7379641e+02  8.7489452e+02  6.0338140e+02
3.1919121e-01      1841  7.1651968e+02  7.1254098e+02  4.2123110e+02
3.6464415e-01      2698  5.7033162e+02  5.6670876e+02  3.2724819e+02
4.1290034e-01      3532  4.9835851e+02  5.0246058e+02  2.4960018e+02
4.6319578e-01      4702  4.2596886e+02  4.1786740e+02  1.8507843e+02
5.1570195e-01      6019  3.7069825e+02  3.7485429e+02  1.5559339e+02
5.7047444e-01      7766  3.2165653e+02  3.2132507e+02  1.1742055e+02
6.2844883e-01     10012  2.8506357e+02  2.8056002e+02  9.3861305e+01
6.8955465e-01     12589  2.5985541e+02  2.6062429e+02  7.8531990e+01
7.5323141e-01     15650  2.3639381e+02  2.3841012e+02  6.3254172e+01
8.2032763e-01     19757  2.0942303e+02  2.0876301e+02  5.0556315e+01
8.9088605e-01     24241  1.9333154e+02  1.9137191e+02  4.1543903e+01
9.6481958e-01     29993  1.7686026e+02  1.7542007e+02  3.4762067e+01
1.0423453e+00     36494  1.6121050e+02  1.6032508e+02  2.8995753e+01
1.1237267e+00     44825  1.4923995e+02  1.4860121e+02  2.4272309e+01
1.2089588e+00     53906  1.3845841e+02  1.3807619e+02  2.0329744e+01
1.2983336e+00     65729  1.2813977e+02  1.2777774e+02  1.7061990e+01
1.3921058e+00     78746  1.1826413e+02  1.1789089e+02  1.4362231e+01
1.4900211e+00     94374  1.0899094e+02  1.0865287e+02  1.2129513e+01
1.5921784e+00    112166  1.0066154e+02  1.0057743e+02  1.0296812e+01
1.6991083e+00    134373  9.2764146e+01  9.2776010e+01  8.7920803e+00
1.8110248e+00    159077  8.5402015e+01  8.5287777e+01  7.4990659e+00
1.9277595e+00    188172  7.8400313e+01  7.8303459e+01  6.4192230e+00
2.0497441e+00    222492  7.1932227e+01  7.1901689e+01  5.5077748e+00
2.1771282e+00    261771  6.5890401e+01  6.5833414e+01  4.7340599e+00
2.3098450e+00    306759  6.0322259e+01  6.0275689e+01  4.0797704e+00
2.4484375e+00    360898  5.4957258e+01  5.4910777e+01  3.5226883e+00
2.5937215e+00    425046  5.0099038e+01  5.0057274e+01  3.0455084e+00
2.7470320e+00    505555  4.5575394e+01  4.5535067e+01  2.6333272e+00
2.9094444e+00    600292  4.1519650e+01  4.1482369e+01  2.2756907e+00
3.0813867e+00    712930  3.7608542e+01  3.7575242e+01  1.9661968e+00
3.2634403e+00    846715  3.4100000e+01  3.4069669e+01  1.6982085e+00
3.4562097e+00   1005596  3.0906539e+01  3.0879356e+01  1.4663226e+00
3.6603648e+00   1194719  2.7833880e+01  2.7809216e+01  1.2657154e+00
3.8766358e+00   1419743  2.4983416e+01  2.4960963e+01  1.0920564e+00
4.1057220e+00   1686576  2.2425059e+01  2.2404930e+01  9.4197733e-01
4.3483372e+00   2003484  2.0110020e+01  2.0091895e+01  8.1218636e-01
4.6052142e+00   2378778  1.8028693e+01  1.8012347e+01  7.0013863e-01
4.8773359e+00   2828400  1.6090276e+01  1.6075598e+01  6.0334676e-01
5.1655179e+00   3356890  1.4384669e+01  1.4371540e+01  5.1977052e-01
5.4707002e+00   3990317  1.2840537e+01  1.2828819e+01  4.4764912e-01
5.7939476e+00   4738457  1.1434977e+01  1.1424346e+01  3.8544987e-01
6.1362572e+00   5629661  1.0184776e+01  1.0175515e+01  3.3175795e-01
6.4988210e+00   6687903  9.0429713e+00  9.0345264e+00  2.8549424e-01
6.8828355e+00   7945758  8.0552817e+00  8.0478155e+00  2.4560214e-01
7.2895050e+00   9436555  7.1566236e+00  7.1499982e+00  2.1123302e-01
7.7201584e+00  11210320  6.3520800e+00  6.3460390e+00  1.8163206e-01
8.1762927e+00  13318613  5.6291260e+00  5.6237934e+00  1.5613357e-01
8.6593661e+00  15819192  5.0002349e+00  4.9955640e+00  1.3417233e-01
9.1709925e+00  18795348  4.4303842e+00  4.4261522e+00  1.1529122e-01
9.7128705e+00  22326034  3.9229253e+00  3.9191828e+00  9.9028653e-02
1.0286736e+01  26520842  3.4749481e+00  3.4715470e+00  8.5047462e-02
1.0894484e+01  31503438  3.0748869e+00  3.0719508e+00  7.3044056e-02
1.1538156e+01  37426927  2.7176536e+00  2.7150497e+00  6.2719513e-02
1.2220385e+01  44525830  2.3997751e+00  2.3974620e+00  5.3835398e-02
