# Power spectrum from CO𝘕CEPT job 4559673 at t = 2.5067588 Gyr, a = 0.27777778
#
# Components:
#   0: matter  (upstream grid size 1024)
#
#                           grid size 1024
# ╭────────────────────────────────────────────────────────────────╮
#                         component 0    (corrected)      (linear)
#                        σ₈ = 2.63e-01  σ₈ = 2.62e-01  σ₈ = 2.59e-01
#  k [Mpc⁻¹]    modes       P [Mpc³]       P [Mpc³]       P [Mpc³]
2.4543693e-02         3  6.1075352e+03  6.1075352e+03  6.1502453e+03
4.6570361e-02        25  3.2160504e+03  3.2643264e+03  3.2715483e+03
8.3521561e-02       124  1.4080683e+03  1.3765450e+03  1.3970291e+03
1.3383638e-01       418  6.4455586e+02  6.3718395e+02  6.1181582e+02
1.8592088e-01       730  3.4761139e+02  3.5543745e+02  3.5157634e+02
2.3260504e-01      1012  2.3370218e+02  2.3205816e+02  2.0635457e+02
2.7635505e-01      1408  1.7469017e+02  1.7490971e+02  1.5305997e+02
3.1919121e-01      1841  1.2864596e+02  1.2793161e+02  1.0685400e+02
3.6464415e-01      2698  1.0117795e+02  1.0053525e+02  8.3013380e+01
4.1290034e-01      3532  7.9129601e+01  7.9780929e+01  6.3316381e+01
4.6319578e-01      4702  6.3089948e+01  6.1890046e+01  4.6949100e+01
5.1570195e-01      6019  5.3174510e+01  5.3770671e+01  3.9469607e+01
5.7047444e-01      7766  4.3696651e+01  4.3651622e+01  2.9786259e+01
6.2844883e-01     10012  3.7638289e+01  3.7043664e+01  2.3809956e+01
6.8955465e-01     12589  3.1598257e+01  3.1691752e+01  1.9921349e+01
7.5323141e-01     15650  2.7152334e+01  2.7383928e+01  1.6045803e+01
8.2032763e-01     19757  2.3313458e+01  2.3239983e+01  1.2824718e+01
8.9088605e-01     24241  2.0456148e+01  2.0248803e+01  1.0538525e+01
9.6481958e-01     29993  1.7879804e+01  1.7734206e+01  8.8181654e+00
1.0423453e+00     36494  1.5659565e+01  1.5573558e+01  7.3554152e+00
1.1237267e+00     44825  1.3975550e+01  1.3915735e+01  6.1572109e+00
1.2089588e+00     53906  1.2463833e+01  1.2429426e+01  5.1570935e+00
1.2983336e+00     65729  1.1150556e+01  1.1119052e+01  4.3281565e+00
1.3921058e+00     78746  1.0030604e+01  9.9989469e+00  3.6433035e+00
1.4900211e+00     94374  9.0236902e+00  8.9957008e+00  3.0769259e+00
1.5921784e+00    112166  8.1861060e+00  8.1792660e+00  2.6120210e+00
1.6991083e+00    134373  7.4213996e+00  7.4223488e+00  2.2303129e+00
1.8110248e+00    159077  6.7859901e+00  6.7769129e+00  1.9023113e+00
1.9277595e+00    188172  6.2148469e+00  6.2071692e+00  1.6283854e+00
2.0497441e+00    222492  5.7227281e+00  5.7202986e+00  1.3971764e+00
2.1771282e+00    261771  5.2533759e+00  5.2488323e+00  1.2009065e+00
2.3098450e+00    306759  4.8394096e+00  4.8356734e+00  1.0349314e+00
2.4484375e+00    360898  4.4827142e+00  4.4789229e+00  8.9361517e-01
2.5937215e+00    425046  4.1581523e+00  4.1546860e+00  7.7256784e-01
2.7470320e+00    505555  3.8499198e+00  3.8465132e+00  6.6800885e-01
2.9094444e+00    600292  3.5593051e+00  3.5561091e+00  5.7728631e-01
3.0813867e+00    712930  3.2893310e+00  3.2864185e+00  4.9877620e-01
3.2634403e+00    846715  3.0512498e+00  3.0485358e+00  4.3079489e-01
3.4562097e+00   1005596  2.8275583e+00  2.8250715e+00  3.7197175e-01
3.6603648e+00   1194719  2.6215567e+00  2.6192337e+00  3.2108314e-01
3.8766358e+00   1419743  2.4296582e+00  2.4274746e+00  2.7703051e-01
4.1057220e+00   1686576  2.2419363e+00  2.2399238e+00  2.3895948e-01
4.3483372e+00   2003484  2.0752707e+00  2.0734003e+00  2.0603496e-01
4.6052142e+00   2378778  1.9171951e+00  1.9154569e+00  1.7761140e-01
4.8773359e+00   2828400  1.7660558e+00  1.7644448e+00  1.5305783e-01
5.1655179e+00   3356890  1.6255116e+00  1.6240279e+00  1.3185670e-01
5.4707002e+00   3990317  1.4932457e+00  1.4918830e+00  1.1356135e-01
5.7939476e+00   4738457  1.3731435e+00  1.3718669e+00  9.7782964e-02
6.1362572e+00   5629661  1.2605407e+00  1.2593945e+00  8.4162658e-02
6.4988210e+00   6687903  1.1586556e+00  1.1575736e+00  7.2426686e-02
6.8828355e+00   7945758  1.0672034e+00  1.0662142e+00  6.2307014e-02
7.2895050e+00   9436555  9.8183015e-01  9.8092119e-01  5.3588372e-02
7.7201584e+00  11210320  9.0342469e-01  9.0256550e-01  4.6079283e-02
8.1762927e+00  13318613  8.3192364e-01  8.3113555e-01  3.9610878e-02
8.6593661e+00  15819192  7.6501687e-01  7.6430224e-01  3.4039778e-02
9.1709925e+00  18795348  7.0344240e-01  7.0277047e-01  2.9250025e-02
9.7128705e+00  22326034  6.4559081e-01  6.4497491e-01  2.5124528e-02
1.0286736e+01  26520842  5.9199044e-01  5.9141104e-01  2.1577756e-02
1.0894484e+01  31503438  5.4213194e-01  5.4161428e-01  1.8532699e-02
1.1538156e+01  37426927  4.9655042e-01  4.9607464e-01  1.5913525e-02
1.2220385e+01  44525830  4.5464080e-01  4.5420259e-01  1.3659749e-02
