# Power spectrum from CO𝘕CEPT job 4559673 at t = 5.1230837 Gyr, a = 0.45454545
#
# Components:
#   0: matter  (upstream grid size 1024)
#
#                           grid size 1024
# ╭────────────────────────────────────────────────────────────────╮
#                         component 0    (corrected)      (linear)
#                        σ₈ = 4.26e-01  σ₈ = 4.25e-01  σ₈ = 4.12e-01
#  k [Mpc⁻¹]    modes       P [Mpc³]       P [Mpc³]       P [Mpc³]
2.4543693e-02         3  1.5369241e+04  1.5369241e+04  1.5569978e+04
4.6570361e-02        25  8.1045422e+03  8.2261990e+03  8.2806467e+03
8.3521561e-02       124  3.5807824e+03  3.5006170e+03  3.5357848e+03
1.3383638e-01       418  1.6874392e+03  1.6681396e+03  1.5484300e+03
1.8592088e-01       730  9.3361021e+02  9.5462934e+02  8.8978988e+02
2.3260504e-01      1012  6.5948456e+02  6.5484528e+02  5.2225272e+02
2.7635505e-01      1408  5.0620684e+02  5.0684300e+02  3.8737146e+02
3.1919121e-01      1841  3.9880727e+02  3.9659278e+02  2.7043095e+02
3.6464415e-01      2698  3.1575262e+02  3.1374689e+02  2.1009388e+02
4.1290034e-01      3532  2.6444425e+02  2.6662093e+02  1.6024378e+02
4.6319578e-01      4702  2.1945219e+02  2.1527844e+02  1.1882073e+02
5.1570195e-01      6019  1.8674281e+02  1.8883646e+02  9.9891286e+01
5.7047444e-01      7766  1.5927418e+02  1.5911004e+02  7.5384256e+01
6.2844883e-01     10012  1.4241156e+02  1.4016169e+02  6.0259176e+01
6.8955465e-01     12589  1.2606899e+02  1.2644201e+02  5.0417726e+01
7.5323141e-01     15650  1.1306495e+02  1.1402933e+02  4.0609334e+01
8.2032763e-01     19757  9.9213224e+01  9.8900541e+01  3.2457282e+01
8.9088605e-01     24241  9.1121690e+01  9.0198071e+01  2.6671293e+01
9.6481958e-01     29993  8.1415177e+01  8.0752203e+01  2.2317339e+01
1.0423453e+00     36494  7.4814550e+01  7.4403645e+01  1.8615352e+01
1.1237267e+00     44825  6.8016955e+01  6.7725843e+01  1.5582890e+01
1.2089588e+00     53906  6.3093254e+01  6.2919081e+01  1.3051754e+01
1.2983336e+00     65729  5.8023304e+01  5.7859369e+01  1.0953848e+01
1.3921058e+00     78746  5.3493439e+01  5.3324613e+01  9.2205954e+00
1.4900211e+00     94374  4.9436718e+01  4.9283377e+01  7.7871852e+00
1.5921784e+00    112166  4.5794180e+01  4.5755916e+01  6.6105861e+00
1.6991083e+00    134373  4.2413273e+01  4.2418698e+01  5.6445447e+00
1.8110248e+00    159077  3.9232817e+01  3.9180338e+01  4.8144261e+00
1.9277595e+00    188172  3.6411549e+01  3.6366567e+01  4.1211641e+00
2.0497441e+00    222492  3.3715684e+01  3.3701371e+01  3.5360119e+00
2.1771282e+00    261771  3.1126946e+01  3.1100025e+01  3.0392848e+00
2.3098450e+00    306759  2.8851761e+01  2.8829487e+01  2.6192291e+00
2.4484375e+00    360898  2.6600260e+01  2.6577762e+01  2.2615809e+00
2.5937215e+00    425046  2.4528683e+01  2.4508235e+01  1.9552300e+00
2.7470320e+00    505555  2.2537835e+01  2.2517893e+01  1.6906085e+00
2.9094444e+00    600292  2.0701213e+01  2.0682625e+01  1.4610048e+00
3.0813867e+00    712930  1.8981032e+01  1.8964226e+01  1.2623088e+00
3.2634403e+00    846715  1.7311026e+01  1.7295628e+01  1.0902594e+00
3.4562097e+00   1005596  1.5795932e+01  1.5782039e+01  9.4138796e-01
3.6603648e+00   1194719  1.4363713e+01  1.4350985e+01  8.1259748e-01
3.8766358e+00   1419743  1.2992485e+01  1.2980808e+01  7.0110777e-01
4.1057220e+00   1686576  1.1746070e+01  1.1735527e+01  6.0475649e-01
4.3483372e+00   2003484  1.0606955e+01  1.0597395e+01  5.2143022e-01
4.6052142e+00   2378778  9.5566347e+00  9.5479703e+00  4.4949514e-01
4.8773359e+00   2828400  8.5939213e+00  8.5860819e+00  3.8735437e-01
5.1655179e+00   3356890  7.7167997e+00  7.7097562e+00  3.3369807e-01
5.4707002e+00   3990317  6.9249993e+00  6.9186796e+00  2.8739582e-01
5.7939476e+00   4738457  6.1958237e+00  6.1900635e+00  2.4746360e-01
6.1362572e+00   5629661  5.5477402e+00  5.5426956e+00  2.1299313e-01
6.4988210e+00   6687903  4.9595069e+00  4.9548755e+00  1.8329158e-01
6.8828355e+00   7945758  4.4282084e+00  4.4241041e+00  1.5768063e-01
7.2895050e+00   9436555  3.9451853e+00  3.9415330e+00  1.3561545e-01
7.7201584e+00  11210320  3.5128507e+00  3.5095098e+00  1.1661144e-01
8.1762927e+00  13318613  3.1288574e+00  3.1258934e+00  1.0024123e-01
8.6593661e+00  15819192  2.7838121e+00  2.7812117e+00  8.6141944e-02
9.1709925e+00  18795348  2.4778964e+00  2.4755295e+00  7.4020116e-02
9.7128705e+00  22326034  2.2015332e+00  2.1994329e+00  6.3579404e-02
1.0286736e+01  26520842  1.9551208e+00  1.9532072e+00  5.4603343e-02
1.0894484e+01  31503438  1.7358531e+00  1.7341956e+00  4.6897029e-02
1.1538156e+01  37426927  1.5405785e+00  1.5391024e+00  4.0268553e-02
1.2220385e+01  44525830  1.3667717e+00  1.3654543e+00  3.4564835e-02
