# Power spectrum from CO𝘕CEPT job 4559673 at t = 10.261595 Gyr, a = 0.76923077
#
# Components:
#   0: matter  (upstream grid size 1024)
#
#                           grid size 1024
# ╭────────────────────────────────────────────────────────────────╮
#                         component 0    (corrected)      (linear)
#                        σ₈ = 6.76e-01  σ₈ = 6.74e-01  σ₈ = 6.29e-01
#  k [Mpc⁻¹]    modes       P [Mpc³]       P [Mpc³]       P [Mpc³]
2.4543693e-02         3  3.5419791e+04  3.5419791e+04  3.6267428e+04
4.6570361e-02        25  1.8678331e+04  1.8958710e+04  1.9283712e+04
8.3521561e-02       124  8.5804307e+03  8.3883350e+03  8.2332562e+03
1.3383638e-01       418  4.1804013e+03  4.1325892e+03  3.6054880e+03
1.8592088e-01       730  2.4347997e+03  2.4896163e+03  2.0718369e+03
2.3260504e-01      1012  1.8049765e+03  1.7922790e+03  1.2160378e+03
2.7635505e-01      1408  1.4654338e+03  1.4672754e+03  9.0197198e+02
3.1919121e-01      1841  1.2558387e+03  1.2488653e+03  6.2968196e+02
3.6464415e-01      2698  1.0109659e+03  1.0045440e+03  4.8919034e+02
4.1290034e-01      3532  8.9771903e+02  9.0510830e+02  3.7311727e+02
4.6319578e-01      4702  7.8220080e+02  7.6732419e+02  2.7666623e+02
5.1570195e-01      6019  7.0636756e+02  7.1428693e+02  2.3259018e+02
5.7047444e-01      7766  6.3838257e+02  6.3772472e+02  1.7552715e+02
6.2844883e-01     10012  5.6875339e+02  5.5976800e+02  1.4030938e+02
6.8955465e-01     12589  5.1721728e+02  5.1874766e+02  1.1739421e+02
7.5323141e-01     15650  4.7750866e+02  4.8158155e+02  9.4556021e+01
8.2032763e-01     19757  4.4138039e+02  4.3998933e+02  7.5574518e+01
8.9088605e-01     24241  4.0466941e+02  4.0056764e+02  6.2102234e+01
9.6481958e-01     29993  3.6627414e+02  3.6329153e+02  5.1964348e+01
1.0423453e+00     36494  3.3929423e+02  3.3743072e+02  4.3344526e+01
1.1237267e+00     44825  3.0818049e+02  3.0686148e+02  3.6283644e+01
1.2089588e+00     53906  2.8372044e+02  2.8293721e+02  3.0390069e+01
1.2983336e+00     65729  2.6236771e+02  2.6162643e+02  2.5505240e+01
1.3921058e+00     78746  2.4040312e+02  2.3964440e+02  2.1469483e+01
1.4900211e+00     94374  2.1881175e+02  2.1813305e+02  1.8131887e+01
1.5921784e+00    112166  1.9905700e+02  1.9889067e+02  1.5392258e+01
1.6991083e+00    134373  1.8096143e+02  1.8098457e+02  1.3142899e+01
1.8110248e+00    159077  1.6538368e+02  1.6516246e+02  1.1210026e+01
1.9277595e+00    188172  1.5082483e+02  1.5063851e+02  9.5958145e+00
2.0497441e+00    222492  1.3708085e+02  1.3702265e+02  8.2333291e+00
2.1771282e+00    261771  1.2422262e+02  1.2411518e+02  7.0767355e+00
2.3098450e+00    306759  1.1293972e+02  1.1285253e+02  6.0986658e+00
2.4484375e+00    360898  1.0218636e+02  1.0209993e+02  5.2659075e+00
2.5937215e+00    425046  9.2548146e+01  9.2470996e+01  4.5525916e+00
2.7470320e+00    505555  8.3776672e+01  8.3702542e+01  3.9364395e+00
2.9094444e+00    600292  7.5689631e+01  7.5621667e+01  3.4018241e+00
3.0813867e+00    712930  6.8076533e+01  6.8016256e+01  2.9391750e+00
3.2634403e+00    846715  6.1499856e+01  6.1445153e+01  2.5385708e+00
3.4562097e+00   1005596  5.5337653e+01  5.5288983e+01  2.1919346e+00
3.6603648e+00   1194719  4.9687706e+01  4.9643677e+01  1.8920557e+00
3.8766358e+00   1419743  4.4608557e+01  4.4568467e+01  1.6324603e+00
4.1057220e+00   1686576  4.0020692e+01  3.9984769e+01  1.4081137e+00
4.3483372e+00   2003484  3.5777643e+01  3.5745398e+01  1.2140950e+00
4.6052142e+00   2378778  3.1873242e+01  3.1844345e+01  1.0465998e+00
4.8773359e+00   2828400  2.8509663e+01  2.8483656e+01  9.0190995e-01
5.1655179e+00   3356890  2.5439136e+01  2.5415917e+01  7.7697559e-01
5.4707002e+00   3990317  2.2700124e+01  2.2679408e+01  6.6916460e-01
5.7939476e+00   4738457  2.0294342e+01  2.0275474e+01  5.7618579e-01
6.1362572e+00   5629661  1.8062242e+01  1.8045817e+01  4.9592425e-01
6.4988210e+00   6687903  1.6100675e+01  1.6085639e+01  4.2676681e-01
6.8828355e+00   7945758  1.4298819e+01  1.4285566e+01  3.6713400e-01
7.2895050e+00   9436555  1.2703694e+01  1.2691933e+01  3.1575728e-01
7.7201584e+00  11210320  1.1284094e+01  1.1273362e+01  2.7150826e-01
8.1762927e+00  13318613  9.9992108e+00  9.9897384e+00  2.3339185e-01
8.6593661e+00  15819192  8.8663546e+00  8.8580723e+00  2.0056311e-01
9.1709925e+00  18795348  7.8497864e+00  7.8422882e+00  1.7233873e-01
9.7128705e+00  22326034  6.9506967e+00  6.9440656e+00  1.4802870e-01
1.0286736e+01  26520842  6.1417882e+00  6.1357770e+00  1.2712899e-01
1.0894484e+01  31503438  5.4324559e+00  5.4272687e+00  1.0918578e-01
1.1538156e+01  37426927  4.7965955e+00  4.7919995e+00  9.3752232e-02
1.2220385e+01  44525830  4.2291915e+00  4.2251151e+00  8.0471914e-02
