# Power spectrum from CO𝘕CEPT job 4559673 at t = 12.444912 Gyr, a = 0.90909091
#
# Components:
#   0: matter  (upstream grid size 1024)
#
#                           grid size 1024
# ╭────────────────────────────────────────────────────────────────╮
#                         component 0    (corrected)      (linear)
#                        σ₈ = 7.61e-01  σ₈ = 7.60e-01  σ₈ = 6.98e-01
#  k [Mpc⁻¹]    modes       P [Mpc³]       P [Mpc³]       P [Mpc³]
2.4543693e-02         3  4.3548066e+04  4.3548066e+04  4.4768231e+04
4.6570361e-02        25  2.2950724e+04  2.3295236e+04  2.3802032e+04
8.3521561e-02       124  1.0746328e+04  1.0505743e+04  1.0162075e+04
1.3383638e-01       418  5.2963205e+03  5.2357455e+03  4.4501076e+03
1.8592088e-01       730  3.1390598e+03  3.2097320e+03  2.5571757e+03
2.3260504e-01      1012  2.3493267e+03  2.3327998e+03  1.5008990e+03
2.7635505e-01      1408  1.9277799e+03  1.9302026e+03  1.1132614e+03
3.1919121e-01      1841  1.6947930e+03  1.6853822e+03  7.7718637e+02
3.6464415e-01      2698  1.3822640e+03  1.3734836e+03  6.0378408e+02
4.1290034e-01      3532  1.2361141e+03  1.2462888e+03  4.6052057e+02
4.6319578e-01      4702  1.0657796e+03  1.0455096e+03  3.4147567e+02
5.1570195e-01      6019  9.6611059e+02  9.7694204e+02  2.8707471e+02
5.7047444e-01      7766  8.9053107e+02  8.8961338e+02  2.1664457e+02
6.2844883e-01     10012  7.9538596e+02  7.8282013e+02  1.7317699e+02
6.8955465e-01     12589  7.2159448e+02  7.2372959e+02  1.4489390e+02
7.5323141e-01     15650  6.6442661e+02  6.7009381e+02  1.1670585e+02
8.2032763e-01     19757  6.1312912e+02  6.1119677e+02  9.3277904e+01
8.9088605e-01     24241  5.7112896e+02  5.6533994e+02  7.6649724e+01
9.6481958e-01     29993  5.1378064e+02  5.0959686e+02  6.4137028e+01
1.0423453e+00     36494  4.7452155e+02  4.7191533e+02  5.3498005e+01
1.1237267e+00     44825  4.2950401e+02  4.2766573e+02  4.4783106e+01
1.2089588e+00     53906  3.9499684e+02  3.9390642e+02  3.7508956e+01
1.2983336e+00     65729  3.6171849e+02  3.6069652e+02  3.1479852e+01
1.3921058e+00     78746  3.2897096e+02  3.2793272e+02  2.6498716e+01
1.4900211e+00     94374  3.0222090e+02  3.0128348e+02  2.2379286e+01
1.5921784e+00    112166  2.7499587e+02  2.7476609e+02  1.8997897e+01
1.6991083e+00    134373  2.5083238e+02  2.5086446e+02  1.6221624e+01
1.8110248e+00    159077  2.2603182e+02  2.2572947e+02  1.3835975e+01
1.9277595e+00    188172  2.0676675e+02  2.0651132e+02  1.1843633e+01
2.0497441e+00    222492  1.8813682e+02  1.8805694e+02  1.0161985e+01
2.1771282e+00    261771  1.6993900e+02  1.6979202e+02  8.7344585e+00
2.3098450e+00    306759  1.5409652e+02  1.5397755e+02  7.5272756e+00
2.4484375e+00    360898  1.3937799e+02  1.3926011e+02  6.4994433e+00
2.5937215e+00    425046  1.2615634e+02  1.2605118e+02  5.6190328e+00
2.7470320e+00    505555  1.1409312e+02  1.1399216e+02  4.8585469e+00
2.9094444e+00    600292  1.0268509e+02  1.0259289e+02  4.1986976e+00
3.0813867e+00    712930  9.3119826e+01  9.3037375e+01  3.6276728e+00
3.2634403e+00    846715  8.4011016e+01  8.3936290e+01  3.1332270e+00
3.4562097e+00   1005596  7.5550902e+01  7.5484455e+01  2.7053913e+00
3.6603648e+00   1194719  6.7972689e+01  6.7912457e+01  2.3352657e+00
3.8766358e+00   1419743  6.1039732e+01  6.0984874e+01  2.0148601e+00
4.1057220e+00   1686576  5.4871183e+01  5.4821930e+01  1.7379603e+00
4.3483372e+00   2003484  4.9153367e+01  4.9109066e+01  1.4984927e+00
4.6052142e+00   2378778  4.4013708e+01  4.3973804e+01  1.2917618e+00
4.8773359e+00   2828400  3.9571983e+01  3.9535885e+01  1.1131785e+00
5.1655179e+00   3356890  3.5391527e+01  3.5359224e+01  9.5897830e-01
5.4707002e+00   3990317  3.1670168e+01  3.1641266e+01  8.2591267e-01
5.7939476e+00   4738457  2.8242030e+01  2.8215774e+01  7.1115366e-01
6.1362572e+00   5629661  2.5151559e+01  2.5128689e+01  6.1209094e-01
6.4988210e+00   6687903  2.2412044e+01  2.2391114e+01  5.2673346e-01
6.8828355e+00   7945758  1.9988874e+01  1.9970347e+01  4.5313176e-01
7.2895050e+00   9436555  1.7791967e+01  1.7775495e+01  3.8972014e-01
7.7201584e+00  11210320  1.5781284e+01  1.5766276e+01  3.3510589e-01
8.1762927e+00  13318613  1.4018281e+01  1.4005001e+01  2.8806079e-01
8.6593661e+00  15819192  1.2442345e+01  1.2430723e+01  2.4754203e-01
9.1709925e+00  18795348  1.1016947e+01  1.1006424e+01  2.1270618e-01
9.7128705e+00  22326034  9.7485437e+00  9.7392434e+00  1.8270162e-01
1.0286736e+01  26520842  8.6160075e+00  8.6075746e+00  1.5690625e-01
1.0894484e+01  31503438  7.6151880e+00  7.6079165e+00  1.3475993e-01
1.1538156e+01  37426927  6.7197214e+00  6.7132827e+00  1.1571116e-01
1.2220385e+01  44525830  5.9302808e+00  5.9245648e+00  9.9320017e-02
