# Power spectrum from CO𝘕CEPT job 4559673 at t = 7.9068012 Gyr, a = 0.625
#
# Components:
#   0: matter  (upstream grid size 1024)
#
#                           grid size 1024
# ╭────────────────────────────────────────────────────────────────╮
#                         component 0    (corrected)      (linear)
#                        σ₈ = 5.70e-01  σ₈ = 5.69e-01  σ₈ = 5.40e-01
#  k [Mpc⁻¹]    modes       P [Mpc³]       P [Mpc³]       P [Mpc³]
2.4543693e-02         3  2.6225838e+04  2.6225838e+04  2.6727985e+04
4.6570361e-02        25  1.3834407e+04  1.4042074e+04  1.4212816e+04
8.3521561e-02       124  6.2302800e+03  6.0907986e+03  6.0684456e+03
1.3383638e-01       418  2.9949303e+03  2.9606767e+03  2.6575128e+03
1.8592088e-01       730  1.7076336e+03  1.7460790e+03  1.5271042e+03
2.3260504e-01      1012  1.2450466e+03  1.2362881e+03  8.9631552e+02
2.7635505e-01      1408  9.8843262e+02  9.8967480e+02  6.6482491e+02
3.1919121e-01      1841  8.1848788e+02  8.1394298e+02  4.6412581e+02
3.6464415e-01      2698  6.5274088e+02  6.4859454e+02  3.6057242e+02
4.1290034e-01      3532  5.7375173e+02  5.7847438e+02  2.7501736e+02
4.6319578e-01      4702  4.9425285e+02  4.8485270e+02  2.0392525e+02
5.1570195e-01      6019  4.3395803e+02  4.3882330e+02  1.7143769e+02
5.7047444e-01      7766  3.7991717e+02  3.7952567e+02  1.2937765e+02
6.2844883e-01     10012  3.3580368e+02  3.3049852e+02  1.0341933e+02
6.8955465e-01     12589  3.0639718e+02  3.0730377e+02  8.6529009e+01
7.5323141e-01     15650  2.8101856e+02  2.8341550e+02  6.9695428e+01
8.2032763e-01     19757  2.5024768e+02  2.4945899e+02  5.5704530e+01
8.9088605e-01     24241  2.2931284e+02  2.2698850e+02  4.5774371e+01
9.6481958e-01     29993  2.1131733e+02  2.0959655e+02  3.8301931e+01
1.0423453e+00     36494  1.9118280e+02  1.9013277e+02  3.1948427e+01
1.1237267e+00     44825  1.7671457e+02  1.7595824e+02  2.6743987e+01
1.2089588e+00     53906  1.6424209e+02  1.6378869e+02  2.2399946e+01
1.2983336e+00     65729  1.5063163e+02  1.5020605e+02  1.8799432e+01
1.3921058e+00     78746  1.3861395e+02  1.3817648e+02  1.5824753e+01
1.4900211e+00     94374  1.2704194e+02  1.2664789e+02  1.3364675e+01
1.5921784e+00    112166  1.1723915e+02  1.1714119e+02  1.1345347e+01
1.6991083e+00    134373  1.0788211e+02  1.0789591e+02  9.6873868e+00
1.8110248e+00    159077  9.9073499e+01  9.8940974e+01  8.2627031e+00
1.9277595e+00    188172  9.0396521e+01  9.0284848e+01  7.0728984e+00
2.0497441e+00    222492  8.2838846e+01  8.2803677e+01  6.0686363e+00
2.1771282e+00    261771  7.5875192e+01  7.5809569e+01  5.2161331e+00
2.3098450e+00    306759  6.9448107e+01  6.9394492e+01  4.4952165e+00
2.4484375e+00    360898  6.3019805e+01  6.2966506e+01  3.8814061e+00
2.5937215e+00    425046  5.7309720e+01  5.7261945e+01  3.3556344e+00
2.7470320e+00    505555  5.1864925e+01  5.1819032e+01  2.9014803e+00
2.9094444e+00    600292  4.7108133e+01  4.7065833e+01  2.5074253e+00
3.0813867e+00    712930  4.2633907e+01  4.2596157e+01  2.1664153e+00
3.2634403e+00    846715  3.8401292e+01  3.8367134e+01  1.8711374e+00
3.4562097e+00   1005596  3.4623831e+01  3.4593379e+01  1.6156384e+00
3.6603648e+00   1194719  3.1213513e+01  3.1185854e+01  1.3946032e+00
3.8766358e+00   1419743  2.8065252e+01  2.8040029e+01  1.2032602e+00
4.1057220e+00   1686576  2.5171405e+01  2.5148811e+01  1.0378985e+00
4.3483372e+00   2003484  2.2558594e+01  2.2538263e+01  8.9489079e-01
4.6052142e+00   2378778  2.0240064e+01  2.0221713e+01  7.7143313e-01
4.8773359e+00   2828400  1.8106393e+01  1.8089876e+01  6.6478488e-01
5.1655179e+00   3356890  1.6217051e+01  1.6202249e+01  5.7269801e-01
5.4707002e+00   3990317  1.4499009e+01  1.4485777e+01  4.9323245e-01
5.7939476e+00   4738457  1.2938130e+01  1.2926101e+01  4.2469941e-01
6.1362572e+00   5629661  1.1544816e+01  1.1534319e+01  3.6554002e-01
6.4988210e+00   6687903  1.0281074e+01  1.0271473e+01  3.1456526e-01
6.8828355e+00   7945758  9.1422867e+00  9.1338130e+00  2.7061094e-01
7.2895050e+00   9436555  8.1346402e+00  8.1271094e+00  2.3274201e-01
7.7201584e+00  11210320  7.2282397e+00  7.2213654e+00  2.0012679e-01
8.1762927e+00  13318613  6.4120432e+00  6.4059690e+00  1.7203179e-01
8.6593661e+00  15819192  5.6828152e+00  5.6775067e+00  1.4783424e-01
9.1709925e+00  18795348  5.0408382e+00  5.0360232e+00  1.2703048e-01
9.7128705e+00  22326034  4.4649902e+00  4.4607306e+00  1.0911192e-01
1.0286736e+01  26520842  3.9563767e+00  3.9525045e+00  9.3707038e-02
1.0894484e+01  31503438  3.4996294e+00  3.4962878e+00  8.0481342e-02
1.1538156e+01  37426927  3.0906746e+00  3.0877132e+00  6.9105471e-02
1.2220385e+01  44525830  2.7262118e+00  2.7235841e+00  5.9316707e-02
