# Power spectrum from CO𝘕CEPT job 4559673 at t = 2.4071778 Gyr, a = 0.27027027
#
# Components:
#   0: matter  (upstream grid size 1024)
#
#                           grid size 1024
# ╭────────────────────────────────────────────────────────────────╮
#                         component 0    (corrected)      (linear)
#                        σ₈ = 2.56e-01  σ₈ = 2.55e-01  σ₈ = 2.52e-01
#  k [Mpc⁻¹]    modes       P [Mpc³]       P [Mpc³]       P [Mpc³]
2.4543693e-02         3  5.7918269e+03  5.7918269e+03  5.8309563e+03
4.6570361e-02        25  3.0495565e+03  3.0953332e+03  3.1017357e+03
8.3521561e-02       124  1.3350400e+03  1.3051516e+03  1.3245193e+03
1.3383638e-01       418  6.1024827e+02  6.0326874e+02  5.8006141e+02
1.8592088e-01       730  3.2891124e+02  3.3631628e+02  3.3332896e+02
2.3260504e-01      1012  2.2056806e+02  2.1901643e+02  1.9564446e+02
2.7635505e-01      1408  1.6471901e+02  1.6492601e+02  1.4511594e+02
3.1919121e-01      1841  1.2094560e+02  1.2027401e+02  1.0130813e+02
3.6464415e-01      2698  9.5079172e+01  9.4475210e+01  7.8704872e+01
4.1290034e-01      3532  7.4204856e+01  7.4815648e+01  6.0030175e+01
4.6319578e-01      4702  5.9019103e+01  5.7896624e+01  4.4512379e+01
5.1570195e-01      6019  4.9713950e+01  5.0271313e+01  3.7421082e+01
5.7047444e-01      7766  4.0772948e+01  4.0730932e+01  2.8240313e+01
6.2844883e-01     10012  3.5039971e+01  3.4486395e+01  2.2574188e+01
6.8955465e-01     12589  2.9330434e+01  2.9417219e+01  1.8887405e+01
7.5323141e-01     15650  2.5165170e+01  2.5379815e+01  1.5213005e+01
8.2032763e-01     19757  2.1585984e+01  2.1517954e+01  1.2159099e+01
8.9088605e-01     24241  1.8886542e+01  1.8695106e+01  9.9915620e+00
9.6481958e-01     29993  1.6479695e+01  1.6345499e+01  8.3604917e+00
1.0423453e+00     36494  1.4397866e+01  1.4318789e+01  6.9736601e+00
1.1237267e+00     44825  1.2814365e+01  1.2759520e+01  5.8376441e+00
1.2089588e+00     53906  1.1409815e+01  1.1378318e+01  4.8894341e+00
1.2983336e+00     65729  1.0182934e+01  1.0154164e+01  4.1035200e+00
1.3921058e+00     78746  9.1421595e+00  9.1133067e+00  3.4542118e+00
1.4900211e+00     94374  8.2123099e+00  8.1868372e+00  2.9172299e+00
1.5921784e+00    112166  7.4313421e+00  7.4251327e+00  2.4764541e+00
1.6991083e+00    134373  6.7247365e+00  6.7255966e+00  2.1145572e+00
1.8110248e+00    159077  6.1394072e+00  6.1311949e+00  1.8035793e+00
1.9277595e+00    188172  5.6155969e+00  5.6086596e+00  1.5438705e+00
2.0497441e+00    222492  5.1566272e+00  5.1544381e+00  1.3246615e+00
2.1771282e+00    261771  4.7297309e+00  4.7256403e+00  1.1385783e+00
2.3098450e+00    306759  4.3500210e+00  4.3466627e+00  9.8121751e-01
2.4484375e+00    360898  4.0267424e+00  4.0233368e+00  8.4723573e-01
2.5937215e+00    425046  3.7298384e+00  3.7267291e+00  7.3247091e-01
2.7470320e+00    505555  3.4488477e+00  3.4457960e+00  6.3333865e-01
2.9094444e+00    600292  3.1833784e+00  3.1805199e+00  5.4732472e-01
3.0813867e+00    712930  2.9413849e+00  2.9387805e+00  4.7288938e-01
3.2634403e+00    846715  2.7274735e+00  2.7250474e+00  4.0843637e-01
3.4562097e+00   1005596  2.5297115e+00  2.5274867e+00  3.5266623e-01
3.6603648e+00   1194719  2.3463456e+00  2.3442664e+00  3.0441879e-01
3.8766358e+00   1419743  2.1730174e+00  2.1710645e+00  2.6265254e-01
4.1057220e+00   1686576  2.0060460e+00  2.0042454e+00  2.2655743e-01
4.3483372e+00   2003484  1.8556373e+00  1.8539648e+00  1.9534173e-01
4.6052142e+00   2378778  1.7144702e+00  1.7129158e+00  1.6839338e-01
4.8773359e+00   2828400  1.5784524e+00  1.5770126e+00  1.4511417e-01
5.1655179e+00   3356890  1.4526988e+00  1.4513728e+00  1.2501339e-01
5.4707002e+00   3990317  1.3363606e+00  1.3351410e+00  1.0766759e-01
5.7939476e+00   4738457  1.2289518e+00  1.2278093e+00  9.2708114e-02
6.1362572e+00   5629661  1.1306126e+00  1.1295846e+00  7.9794712e-02
6.4988210e+00   6687903  1.0420818e+00  1.0411086e+00  6.8667844e-02
6.8828355e+00   7945758  9.6230076e-01  9.6140884e-01  5.9073389e-02
7.2895050e+00   9436555  8.8761476e-01  8.8679303e-01  5.0807250e-02
7.7201584e+00  11210320  8.1962232e-01  8.1884283e-01  4.3687886e-02
8.1762927e+00  13318613  7.5702208e-01  7.5630494e-01  3.7555193e-02
8.6593661e+00  15819192  6.9947786e-01  6.9882446e-01  3.2273234e-02
9.1709925e+00  18795348  6.4552554e-01  6.4490893e-01  2.7732069e-02
9.7128705e+00  22326034  5.9465121e-01  5.9408391e-01  2.3820685e-02
1.0286736e+01  26520842  5.4712002e-01  5.4658453e-01  2.0457990e-02
1.0894484e+01  31503438  5.0308596e-01  5.0260559e-01  1.7570970e-02
1.1538156e+01  37426927  4.6291462e-01  4.6247107e-01  1.5087729e-02
1.2220385e+01  44525830  4.2515897e-01  4.2474917e-01  1.2950922e-02
