# Power spectrum from CO𝘕CEPT job 4559673 at t = 4.0358434 Gyr, a = 0.38461538
#
# Components:
#   0: matter  (upstream grid size 1024)
#
#                           grid size 1024
# ╭────────────────────────────────────────────────────────────────╮
#                         component 0    (corrected)      (linear)
#                        σ₈ = 3.63e-01  σ₈ = 3.62e-01  σ₈ = 3.53e-01
#  k [Mpc⁻¹]    modes       P [Mpc³]       P [Mpc³]       P [Mpc³]
2.4543693e-02         3  1.1337392e+04  1.1337392e+04  1.1457263e+04
4.6570361e-02        25  5.9758348e+03  6.0655377e+03  6.0937982e+03
8.3521561e-02       124  2.6268070e+03  2.5679989e+03  2.6020828e+03
1.3383638e-01       418  1.2251997e+03  1.2111868e+03  1.1395424e+03
1.8592088e-01       730  6.6974486e+02  6.8482337e+02  6.5482843e+02
2.3260504e-01      1012  4.6500992e+02  4.6173871e+02  3.8434501e+02
2.7635505e-01      1408  3.5277000e+02  3.5321333e+02  2.8508108e+02
3.1919121e-01      1841  2.7108686e+02  2.6958157e+02  1.9902027e+02
3.6464415e-01      2698  2.1418029e+02  2.1281978e+02  1.5461600e+02
4.1290034e-01      3532  1.7408027e+02  1.7551316e+02  1.1792945e+02
4.6319578e-01      4702  1.4273343e+02  1.4001880e+02  8.7444676e+01
5.1570195e-01      6019  1.2098868e+02  1.2234513e+02  7.3513792e+01
5.7047444e-01      7766  1.0219710e+02  1.0209179e+02  5.5478143e+01
6.2844883e-01     10012  9.0211613e+01  8.8786414e+01  4.4347024e+01
6.8955465e-01     12589  7.8719623e+01  7.8952544e+01  3.7104328e+01
7.5323141e-01     15650  6.9517716e+01  7.0110665e+01  2.9885961e+01
8.2032763e-01     19757  6.0402792e+01  6.0212425e+01  2.3886556e+01
8.9088605e-01     24241  5.4848715e+01  5.4292763e+01  1.9628426e+01
9.6481958e-01     29993  4.8581307e+01  4.8185703e+01  1.6424186e+01
1.0423453e+00     36494  4.4051264e+01  4.3809321e+01  1.3699753e+01
1.1237267e+00     44825  4.0083604e+01  3.9912047e+01  1.1468048e+01
1.2089588e+00     53906  3.6781786e+01  3.6680247e+01  9.6052883e+00
1.2983336e+00     65729  3.3529091e+01  3.3434361e+01  8.0613592e+00
1.3921058e+00     78746  3.0838968e+01  3.0741639e+01  6.7857926e+00
1.4900211e+00     94374  2.8245527e+01  2.8157916e+01  5.7308912e+00
1.5921784e+00    112166  2.6289931e+01  2.6267964e+01  4.8649869e+00
1.6991083e+00    134373  2.4026554e+01  2.4029627e+01  4.1540401e+00
1.8110248e+00    159077  2.2266365e+01  2.2236581e+01  3.5431240e+00
1.9277595e+00    188172  2.0582824e+01  2.0557396e+01  3.0329259e+00
2.0497441e+00    222492  1.9056894e+01  1.9048804e+01  2.6022900e+00
2.1771282e+00    261771  1.7769075e+01  1.7753707e+01  2.2367295e+00
2.3098450e+00    306759  1.6474931e+01  1.6462212e+01  1.9275944e+00
2.4484375e+00    360898  1.5277820e+01  1.5264899e+01  1.6643872e+00
2.5937215e+00    425046  1.4197848e+01  1.4186013e+01  1.4389318e+00
2.7470320e+00    505555  1.3179013e+01  1.3167351e+01  1.2441866e+00
2.9094444e+00    600292  1.2145654e+01  1.2134748e+01  1.0752124e+00
3.0813867e+00    712930  1.1216568e+01  1.1206636e+01  9.2898434e-01
3.2634403e+00    846715  1.0343144e+01  1.0333944e+01  8.0236656e-01
3.4562097e+00   1005596  9.5228881e+00  9.5145128e+00  6.9280627e-01
3.6603648e+00   1194719  8.7227077e+00  8.7149784e+00  5.9802434e-01
3.8766358e+00   1419743  8.0000076e+00  7.9928178e+00  5.1597471e-01
4.1057220e+00   1686576  7.2962391e+00  7.2896899e+00  4.4506604e-01
4.3483372e+00   2003484  6.6233960e+00  6.6174264e+00  3.8374296e-01
4.6052142e+00   2378778  6.0169816e+00  6.0115264e+00  3.3080311e-01
4.8773359e+00   2828400  5.4442901e+00  5.4393237e+00  2.8507126e-01
5.1655179e+00   3356890  4.9119951e+00  4.9075117e+00  2.4558346e-01
5.4707002e+00   3990317  4.4259377e+00  4.4218986e+00  2.1150778e-01
5.7939476e+00   4738457  3.9868607e+00  3.9831541e+00  1.8212007e-01
6.1362572e+00   5629661  3.5884804e+00  3.5852174e+00  1.5675185e-01
6.4988210e+00   6687903  3.2267023e+00  3.2236891e+00  1.3489328e-01
6.8828355e+00   7945758  2.8979451e+00  2.8952591e+00  1.1604513e-01
7.2895050e+00   9436555  2.6018262e+00  2.5994175e+00  9.9806451e-02
7.7201584e+00  11210320  2.3349980e+00  2.3327774e+00  8.5820610e-02
8.1762927e+00  13318613  2.0886566e+00  2.0866780e+00  7.3773082e-02
8.6593661e+00  15819192  1.8690241e+00  1.8672782e+00  6.3396817e-02
9.1709925e+00  18795348  1.6699140e+00  1.6683189e+00  5.4475840e-02
9.7128705e+00  22326034  1.4915670e+00  1.4901440e+00  4.6792062e-02
1.0286736e+01  26520842  1.3308965e+00  1.3295939e+00  4.0186179e-02
1.0894484e+01  31503438  1.1889270e+00  1.1877917e+00  3.4514754e-02
1.1538156e+01  37426927  1.0610358e+00  1.0600192e+00  2.9636552e-02
1.2220385e+01  44525830  9.4746451e-01  9.4655128e-01  2.5438916e-02
