# Power spectrum from CO𝘕CEPT job 4559673 at t = 11.277962 Gyr, a = 0.83333333
#
# Components:
#   0: matter  (upstream grid size 1024)
#
#                           grid size 1024
# ╭────────────────────────────────────────────────────────────────╮
#                         component 0    (corrected)      (linear)
#                        σ₈ = 7.17e-01  σ₈ = 7.16e-01  σ₈ = 6.62e-01
#  k [Mpc⁻¹]    modes       P [Mpc³]       P [Mpc³]       P [Mpc³]
2.4543693e-02         3  3.9267803e+04  3.9267803e+04  4.0284166e+04
4.6570361e-02        25  2.0702305e+04  2.1013066e+04  2.1418726e+04
8.3521561e-02       124  9.5951224e+03  9.3803101e+03  9.1446792e+03
1.3383638e-01       418  4.7001945e+03  4.6464375e+03  4.0045969e+03
1.8592088e-01       730  2.7603299e+03  2.8224754e+03  2.3011748e+03
2.3260504e-01      1012  2.0561931e+03  2.0417284e+03  1.3506438e+03
2.7635505e-01      1408  1.6795867e+03  1.6816975e+03  1.0018130e+03
3.1919121e-01      1841  1.4576649e+03  1.4495708e+03  6.9938253e+02
3.6464415e-01      2698  1.1800349e+03  1.1725391e+03  5.4333957e+02
4.1290034e-01      3532  1.0507789e+03  1.0594281e+03  4.1441814e+02
4.6319578e-01      4702  9.1210736e+02  8.9476007e+02  3.0729078e+02
5.1570195e-01      6019  8.2727196e+02  8.3654684e+02  2.5833588e+02
5.7047444e-01      7766  7.5562426e+02  7.5484559e+02  1.9495646e+02
6.2844883e-01     10012  6.7413902e+02  6.6348870e+02  1.5584039e+02
6.8955465e-01     12589  6.1389558e+02  6.1571202e+02  1.3038870e+02
7.5323141e-01     15650  5.6583377e+02  5.7066003e+02  1.0502253e+02
8.2032763e-01     19757  5.2380200e+02  5.2215118e+02  8.3939941e+01
8.9088605e-01     24241  4.8549018e+02  4.8056920e+02  6.8976394e+01
9.6481958e-01     29993  4.3723794e+02  4.3367745e+02  5.7716333e+01
1.0423453e+00     36494  4.0497844e+02  4.0275417e+02  4.8142373e+01
1.1237267e+00     44825  3.6986556e+02  3.6828254e+02  4.0299915e+01
1.2089588e+00     53906  3.4030644e+02  3.3936700e+02  3.3753973e+01
1.2983336e+00     65729  3.1261890e+02  3.1173565e+02  2.8328438e+01
1.3921058e+00     78746  2.8702902e+02  2.8612315e+02  2.3845958e+01
1.4900211e+00     94374  2.6343976e+02  2.6262263e+02  2.0138921e+01
1.5921784e+00    112166  2.3971547e+02  2.3951517e+02  1.7096040e+01
1.6991083e+00    134373  2.1797141e+02  2.1799929e+02  1.4597696e+01
1.8110248e+00    159077  1.9713254e+02  1.9686884e+02  1.2450872e+01
1.9277595e+00    188172  1.8088252e+02  1.8065906e+02  1.0657982e+01
2.0497441e+00    222492  1.6416961e+02  1.6409991e+02  9.1446814e+00
2.1771282e+00    261771  1.4886285e+02  1.4873410e+02  7.8600634e+00
2.3098450e+00    306759  1.3491207e+02  1.3480792e+02  6.7737303e+00
2.4484375e+00    360898  1.2227767e+02  1.2217425e+02  5.8487932e+00
2.5937215e+00    425046  1.1035462e+02  1.1026263e+02  5.0565197e+00
2.7470320e+00    505555  9.9920358e+01  9.9831943e+01  4.3721652e+00
2.9094444e+00    600292  9.0386158e+01  9.0304997e+01  3.7783727e+00
3.0813867e+00    712930  8.1072958e+01  8.1001173e+01  3.2645126e+00
3.2634403e+00    846715  7.2730106e+01  7.2665414e+01  2.8195652e+00
3.4562097e+00   1005596  6.5511704e+01  6.5454086e+01  2.4345596e+00
3.6603648e+00   1194719  5.8914542e+01  5.8862337e+01  2.1014868e+00
3.8766358e+00   1419743  5.2695346e+01  5.2647987e+01  1.8131567e+00
4.1057220e+00   1686576  4.7361902e+01  4.7319389e+01  1.5639770e+00
4.3483372e+00   2003484  4.2487001e+01  4.2448708e+01  1.3484822e+00
4.6052142e+00   2378778  3.8048228e+01  3.8013732e+01  1.1624468e+00
4.8773359e+00   2828400  3.3955505e+01  3.3924531e+01  1.0017412e+00
5.1655179e+00   3356890  3.0337683e+01  3.0309992e+01  8.6297782e-01
5.4707002e+00   3990317  2.7093834e+01  2.7069108e+01  7.4323320e-01
5.7939476e+00   4738457  2.4143233e+01  2.4120787e+01  6.3996254e-01
6.1362572e+00   5629661  2.1517977e+01  2.1498410e+01  5.5081682e-01
6.4988210e+00   6687903  1.9191442e+01  1.9173520e+01  4.7400434e-01
6.8828355e+00   7945758  1.7069258e+01  1.7053437e+01  4.0777078e-01
7.2895050e+00   9436555  1.5169312e+01  1.5155268e+01  3.5070717e-01
7.7201584e+00  11210320  1.3450355e+01  1.3437563e+01  3.0156025e-01
8.1762927e+00  13318613  1.1925134e+01  1.1913837e+01  2.5922474e-01
8.6593661e+00  15819192  1.0547067e+01  1.0537215e+01  2.2276221e-01
9.1709925e+00  18795348  9.3284734e+00  9.3195627e+00  1.9141370e-01
9.7128705e+00  22326034  8.2411804e+00  8.2333182e+00  1.6441282e-01
1.0286736e+01  26520842  7.2777039e+00  7.2705809e+00  1.4119975e-01
1.0894484e+01  31503438  6.4237722e+00  6.4176384e+00  1.2127043e-01
1.1538156e+01  37426927  5.6639234e+00  5.6584964e+00  1.0412857e-01
1.2220385e+01  44525830  4.9913668e+00  4.9865558e+00  8.9378286e-02
