# Power spectrum from CO𝘕CEPT job 4559673 at t = 6.2819341 Gyr, a = 0.52631579
#
# Components:
#   0: matter  (upstream grid size 1024)
#
#                           grid size 1024
# ╭────────────────────────────────────────────────────────────────╮
#                         component 0    (corrected)      (linear)
#                        σ₈ = 4.89e-01  σ₈ = 4.88e-01  σ₈ = 4.68e-01
#  k [Mpc⁻¹]    modes       P [Mpc³]       P [Mpc³]       P [Mpc³]
2.4543693e-02         3  1.9834129e+04  1.9834129e+04  2.0144482e+04
4.6570361e-02        25  1.0461811e+04  1.0618852e+04  1.0712823e+04
8.3521561e-02       124  4.6550914e+03  4.5508748e+03  4.5741947e+03
1.3383638e-01       418  2.2138485e+03  2.1885283e+03  2.0031659e+03
1.8592088e-01       730  1.2408977e+03  1.2688351e+03  1.1510963e+03
2.3260504e-01      1012  8.8984500e+02  8.8358520e+02  6.7562306e+02
2.7635505e-01      1408  6.9262741e+02  6.9349785e+02  5.0113084e+02
3.1919121e-01      1841  5.5804950e+02  5.5495076e+02  3.4984829e+02
3.6464415e-01      2698  4.4295375e+02  4.4014002e+02  2.7179200e+02
4.1290034e-01      3532  3.8106074e+02  3.8419732e+02  2.0730242e+02
4.6319578e-01      4702  3.2088900e+02  3.1478605e+02  1.5371468e+02
5.1570195e-01      6019  2.7555303e+02  2.7864236e+02  1.2922623e+02
5.7047444e-01      7766  2.3649148e+02  2.3624777e+02  9.7522248e+01
6.2844883e-01     10012  2.1140738e+02  2.0806748e+02  7.7955400e+01
6.8955465e-01     12589  1.9038555e+02  1.9094887e+02  6.5223821e+01
7.5323141e-01     15650  1.7177367e+02  1.7323881e+02  5.2535011e+01
8.2032763e-01     19757  1.5183285e+02  1.5135433e+02  4.1988957e+01
8.9088605e-01     24241  1.4052344e+02  1.3909908e+02  3.4503805e+01
9.6481958e-01     29993  1.2718595e+02  1.2615026e+02  2.8871231e+01
1.0423453e+00     36494  1.1727791e+02  1.1663379e+02  2.4082087e+01
1.1237267e+00     44825  1.0762153e+02  1.0716091e+02  2.0159086e+01
1.2089588e+00     53906  9.9629270e+01  9.9354236e+01  1.6884635e+01
1.2983336e+00     65729  9.2176211e+01  9.1915783e+01  1.4170640e+01
1.3921058e+00     78746  8.4423810e+01  8.4157366e+01  1.1928387e+01
1.4900211e+00     94374  7.7990439e+01  7.7748531e+01  1.0074029e+01
1.5921784e+00    112166  7.1708422e+01  7.1648506e+01  8.5519003e+00
1.6991083e+00    134373  6.6353542e+01  6.6362029e+01  7.3021633e+00
1.8110248e+00    159077  6.1432234e+01  6.1350060e+01  6.2282652e+00
1.9277595e+00    188172  5.6591645e+01  5.6521733e+01  5.3314142e+00
2.0497441e+00    222492  5.2146936e+01  5.2124797e+01  4.5744215e+00
2.1771282e+00    261771  4.8155210e+01  4.8113562e+01  3.9318215e+00
2.3098450e+00    306759  4.4124471e+01  4.4090406e+01  3.3884089e+00
2.4484375e+00    360898  4.0606104e+01  4.0571761e+01  2.9257308e+00
2.5937215e+00    425046  3.7240131e+01  3.7209087e+01  2.5294145e+00
2.7470320e+00    505555  3.4058531e+01  3.4028394e+01  2.1870822e+00
2.9094444e+00    600292  3.1111597e+01  3.1083661e+01  1.8900513e+00
3.0813867e+00    712930  2.8314603e+01  2.8289533e+01  1.6330047e+00
3.2634403e+00    846715  2.5675042e+01  2.5652204e+01  1.4104300e+00
3.4562097e+00   1005596  2.3320419e+01  2.3299909e+01  1.2178398e+00
3.6603648e+00   1194719  2.1067290e+01  2.1048622e+01  1.0512278e+00
3.8766358e+00   1419743  1.8998340e+01  1.8981266e+01  9.0699718e-01
4.1057220e+00   1686576  1.7097506e+01  1.7082159e+01  7.8235071e-01
4.3483372e+00   2003484  1.5419881e+01  1.5405984e+01  6.7455426e-01
4.6052142e+00   2378778  1.3848423e+01  1.3835868e+01  5.8149424e-01
4.8773359e+00   2828400  1.2378470e+01  1.2367178e+01  5.0110482e-01
5.1655179e+00   3356890  1.1092034e+01  1.1081909e+01  4.3169147e-01
5.4707002e+00   3990317  9.9320176e+00  9.9229536e+00  3.7179181e-01
5.7939476e+00   4738457  8.8728873e+00  8.8646382e+00  3.2013288e-01
6.1362572e+00   5629661  7.9178521e+00  7.9106523e+00  2.7553962e-01
6.4988210e+00   6687903  7.0423996e+00  7.0358230e+00  2.3711577e-01
6.8828355e+00   7945758  6.2771265e+00  6.2713084e+00  2.0398378e-01
7.2895050e+00   9436555  5.5820249e+00  5.5768573e+00  1.7543885e-01
7.7201584e+00  11210320  4.9643858e+00  4.9596644e+00  1.5085406e-01
8.1762927e+00  13318613  4.4084711e+00  4.4042949e+00  1.2967652e-01
8.6593661e+00  15819192  3.9102679e+00  3.9066152e+00  1.1143681e-01
9.1709925e+00  18795348  3.4676793e+00  3.4643669e+00  9.5755268e-02
9.7128705e+00  22326034  3.0714947e+00  3.0685644e+00  8.2248531e-02
1.0286736e+01  26520842  2.7234653e+00  2.7207998e+00  7.0636563e-02
1.0894484e+01  31503438  2.4089699e+00  2.4066696e+00  6.0667224e-02
1.1538156e+01  37426927  2.1316712e+00  2.1296287e+00  5.2092246e-02
1.2220385e+01  44525830  1.8874960e+00  1.8856767e+00  4.4713600e-02
