# Power spectrum from CO𝘕CEPT job 4559673 at t = 2.3139476 Gyr, a = 0.26315789
#
# Components:
#   0: matter  (upstream grid size 1024)
#
#                           grid size 1024
# ╭────────────────────────────────────────────────────────────────╮
#                         component 0    (corrected)      (linear)
#                        σ₈ = 2.49e-01  σ₈ = 2.48e-01  σ₈ = 2.46e-01
#  k [Mpc⁻¹]    modes       P [Mpc³]       P [Mpc³]       P [Mpc³]
2.4543693e-02         3  5.4996466e+03  5.4996466e+03  5.5355819e+03
4.6570361e-02        25  2.8954855e+03  2.9389495e+03  2.9446398e+03
8.3521561e-02       124  1.2674989e+03  1.2391226e+03  1.2574393e+03
1.3383638e-01       418  5.7857976e+02  5.7196243e+02  5.5068483e+02
1.8592088e-01       730  3.1168083e+02  3.1869795e+02  3.1644798e+02
2.3260504e-01      1012  2.0850361e+02  2.0703685e+02  1.8573634e+02
2.7635505e-01      1408  1.5557353e+02  1.5576904e+02  1.3776677e+02
3.1919121e-01      1841  1.1391621e+02  1.1328366e+02  9.6177543e+01
3.6464415e-01      2698  8.9513426e+01  8.8944819e+01  7.4718991e+01
4.1290034e-01      3532  6.9728598e+01  7.0302545e+01  5.6990045e+01
4.6319578e-01      4702  5.5329643e+01  5.4277333e+01  4.2258123e+01
5.1570195e-01      6019  4.6578493e+01  4.7100703e+01  3.5525954e+01
5.7047444e-01      7766  3.8131497e+01  3.8092203e+01  2.6810130e+01
6.2844883e-01     10012  3.2695615e+01  3.2179077e+01  2.1430957e+01
6.8955465e-01     12589  2.7294348e+01  2.7375109e+01  1.7930885e+01
7.5323141e-01     15650  2.3385796e+01  2.3585265e+01  1.4442568e+01
8.2032763e-01     19757  2.0038744e+01  1.9975589e+01  1.1543322e+01
8.9088605e-01     24241  1.7485223e+01  1.7307991e+01  9.4855566e+00
9.6481958e-01     29993  1.5230826e+01  1.5106800e+01  7.9370891e+00
1.0423453e+00     36494  1.3276322e+01  1.3203404e+01  6.6204912e+00
1.1237267e+00     44825  1.1783739e+01  1.1733305e+01  5.5420069e+00
1.2089588e+00     53906  1.0476267e+01  1.0447347e+01  4.6418174e+00
1.2983336e+00     65729  9.3275534e+00  9.3012000e+00  3.8957046e+00
1.3921058e+00     78746  8.3583177e+00  8.3319387e+00  3.2792795e+00
1.4900211e+00     94374  7.4962495e+00  7.4729978e+00  2.7694921e+00
1.5921784e+00    112166  6.7670656e+00  6.7614113e+00  2.3510387e+00
1.6991083e+00    134373  6.1127650e+00  6.1135468e+00  2.0074693e+00
1.8110248e+00    159077  5.5723338e+00  5.5648801e+00  1.7122404e+00
1.9277595e+00    188172  5.0891218e+00  5.0828348e+00  1.4656841e+00
2.0497441e+00    222492  4.6610453e+00  4.6590665e+00  1.2575766e+00
2.1771282e+00    261771  4.2716460e+00  4.2679516e+00  1.0809172e+00
2.3098450e+00    306759  3.9226724e+00  3.9196440e+00  9.3152573e-01
2.4484375e+00    360898  3.6278849e+00  3.6248166e+00  8.0432923e-01
2.5937215e+00    425046  3.3551837e+00  3.3523867e+00  6.9537646e-01
2.7470320e+00    505555  3.0987070e+00  3.0959651e+00  6.0126458e-01
2.9094444e+00    600292  2.8568955e+00  2.8543302e+00  5.1960667e-01
3.0813867e+00    712930  2.6394461e+00  2.6371091e+00  4.4894098e-01
3.2634403e+00    846715  2.4464437e+00  2.4442676e+00  3.8775207e-01
3.4562097e+00   1005596  2.2699535e+00  2.2679571e+00  3.3480630e-01
3.6603648e+00   1194719  2.1053746e+00  2.1035090e+00  2.8900227e-01
3.8766358e+00   1419743  1.9471615e+00  1.9454115e+00  2.4935119e-01
4.1057220e+00   1686576  1.7986379e+00  1.7970234e+00  2.1508405e-01
4.3483372e+00   2003484  1.6611581e+00  1.6596609e+00  1.8544921e-01
4.6052142e+00   2378778  1.5347501e+00  1.5333587e+00  1.5986561e-01
4.8773359e+00   2828400  1.4124903e+00  1.4112018e+00  1.3776532e-01
5.1655179e+00   3356890  1.3015587e+00  1.3003708e+00  1.1868251e-01
5.4707002e+00   3990317  1.1987421e+00  1.1976481e+00  1.0221515e-01
5.7939476e+00   4738457  1.1036544e+00  1.1026283e+00  8.8013264e-02
6.1362572e+00   5629661  1.0177734e+00  1.0168479e+00  7.5753833e-02
6.4988210e+00   6687903  9.3990827e-01  9.3903053e-01  6.5190460e-02
6.8828355e+00   7945758  8.6907269e-01  8.6826718e-01  5.6081894e-02
7.2895050e+00   9436555  8.0414656e-01  8.0340211e-01  4.8234373e-02
7.7201584e+00  11210320  7.4489802e-01  7.4418959e-01  4.1475551e-02
8.1762927e+00  13318613  6.9067864e-01  6.9002435e-01  3.5653432e-02
8.6593661e+00  15819192  6.4104352e-01  6.4044470e-01  3.0638963e-02
9.1709925e+00  18795348  5.9399062e-01  5.9342323e-01  2.6327773e-02
9.7128705e+00  22326034  5.4943400e-01  5.4890984e-01  2.2614468e-02
1.0286736e+01  26520842  5.0795386e-01  5.0745670e-01  1.9422066e-02
1.0894484e+01  31503438  4.6931715e-01  4.6886901e-01  1.6681249e-02
1.1538156e+01  37426927  4.3333561e-01  4.3292040e-01  1.4323763e-02
1.2220385e+01  44525830  3.9945123e-01  3.9906622e-01  1.2295166e-02
