# Power spectrum from CO𝘕CEPT job 4559673 at t = 3.6249528 Gyr, a = 0.35714286
#
# Components:
#   0: matter  (upstream grid size 1024)
#
#                           grid size 1024
# ╭────────────────────────────────────────────────────────────────╮
#                         component 0    (corrected)      (linear)
#                        σ₈ = 3.37e-01  σ₈ = 3.37e-01  σ₈ = 3.30e-01
#  k [Mpc⁻¹]    modes       P [Mpc³]       P [Mpc³]       P [Mpc³]
2.4543693e-02         3  9.8715864e+03  9.8715864e+03  9.9665672e+03
4.6570361e-02        25  5.2020759e+03  5.2801640e+03  5.3010980e+03
8.3521561e-02       124  2.2833182e+03  2.2322001e+03  2.2636204e+03
1.3383638e-01       418  1.0602313e+03  1.0481052e+03  9.9132132e+02
1.8592088e-01       730  5.7712784e+02  5.9012119e+02  5.6965508e+02
2.3260504e-01      1012  3.9769045e+02  3.9489281e+02  3.3435350e+02
2.7635505e-01      1408  3.0046817e+02  3.0084578e+02  2.4800082e+02
3.1919121e-01      1841  2.2845327e+02  2.2718471e+02  1.7313390e+02
3.6464415e-01      2698  1.8033218e+02  1.7918667e+02  1.3450526e+02
4.1290034e-01      3532  1.4492687e+02  1.4611979e+02  1.0259050e+02
4.6319578e-01      4702  1.1815836e+02  1.1591111e+02  7.6070850e+01
5.1570195e-01      6019  1.0004900e+02  1.0117069e+02  6.3951942e+01
5.7047444e-01      7766  8.3987274e+01  8.3900726e+01  4.8262170e+01
6.2844883e-01     10012  7.3718390e+01  7.2553757e+01  3.8578863e+01
6.8955465e-01     12589  6.3826949e+01  6.4015804e+01  3.2278217e+01
7.5323141e-01     15650  5.5947684e+01  5.6424887e+01  2.5998734e+01
8.2032763e-01     19757  4.8455759e+01  4.8303045e+01  2.0779664e+01
8.9088605e-01     24241  4.3691595e+01  4.3248733e+01  1.7075384e+01
9.6481958e-01     29993  3.8605982e+01  3.8291608e+01  1.4287915e+01
1.0423453e+00     36494  3.4726931e+01  3.4536200e+01  1.1917846e+01
1.1237267e+00     44825  3.1583193e+01  3.1448017e+01  9.9764158e+00
1.2089588e+00     53906  2.8770300e+01  2.8690878e+01  8.3559428e+00
1.2983336e+00     65729  2.6145282e+01  2.6071413e+01  7.0128306e+00
1.3921058e+00     78746  2.3965226e+01  2.3889591e+01  5.9031753e+00
1.4900211e+00     94374  2.1902684e+01  2.1834746e+01  4.9854835e+00
1.5921784e+00    112166  2.0233494e+01  2.0216587e+01  4.2322062e+00
1.6991083e+00    134373  1.8530506e+01  1.8532876e+01  3.6137313e+00
1.8110248e+00    159077  1.7149088e+01  1.7126149e+01  3.0822762e+00
1.9277595e+00    188172  1.5875339e+01  1.5855727e+01  2.6384389e+00
2.0497441e+00    222492  1.4747178e+01  1.4740917e+01  2.2638151e+00
2.1771282e+00    261771  1.3752868e+01  1.3740973e+01  1.9458025e+00
2.3098450e+00    306759  1.2741838e+01  1.2732001e+01  1.6768762e+00
2.4484375e+00    360898  1.1877997e+01  1.1867951e+01  1.4479040e+00
2.5937215e+00    425046  1.1042934e+01  1.1033728e+01  1.2517733e+00
2.7470320e+00    505555  1.0247018e+01  1.0237951e+01  1.0823583e+00
2.9094444e+00    600292  9.4826826e+00  9.4741678e+00  9.3536227e-01
3.0813867e+00    712930  8.7988612e+00  8.7910703e+00  8.0815384e-01
3.2634403e+00    846715  8.1447051e+00  8.1374605e+00  6.9800503e-01
3.4562097e+00   1005596  7.5032084e+00  7.4966093e+00  6.0269507e-01
3.6603648e+00   1194719  6.9018128e+00  6.8956970e+00  5.2024126e-01
3.8766358e+00   1419743  6.3355977e+00  6.3299038e+00  4.4886368e-01
4.1057220e+00   1686576  5.8034980e+00  5.7982887e+00  3.8717797e-01
4.3483372e+00   2003484  5.2844113e+00  5.2796486e+00  3.3383107e-01
4.6052142e+00   2378778  4.8274528e+00  4.8230761e+00  2.8777700e-01
4.8773359e+00   2828400  4.3835013e+00  4.3795027e+00  2.4799340e-01
5.1655179e+00   3356890  3.9812747e+00  3.9776408e+00  2.1364169e-01
5.4707002e+00   3990317  3.6048019e+00  3.6015121e+00  1.8399816e-01
5.7939476e+00   4738457  3.2569140e+00  3.2538861e+00  1.5843284e-01
6.1362572e+00   5629661  2.9389685e+00  2.9362961e+00  1.3636420e-01
6.4988210e+00   6687903  2.6501271e+00  2.6476522e+00  1.1734872e-01
6.8828355e+00   7945758  2.3917199e+00  2.3895031e+00  1.0095209e-01
7.2895050e+00   9436555  2.1512748e+00  2.1492832e+00  8.6825528e-02
7.7201584e+00  11210320  1.9351512e+00  1.9333108e+00  7.4658780e-02
8.1762927e+00  13318613  1.7390433e+00  1.7373959e+00  6.4178231e-02
8.6593661e+00  15819192  1.5620455e+00  1.5605863e+00  5.5151567e-02
9.1709925e+00  18795348  1.3997148e+00  1.3983778e+00  4.7390904e-02
9.7128705e+00  22326034  1.2548899e+00  1.2536927e+00  4.0706521e-02
1.0286736e+01  26520842  1.1237299e+00  1.1226300e+00  3.4959833e-02
1.0894484e+01  31503438  1.0052925e+00  1.0043326e+00  3.0026061e-02
1.1538156e+01  37426927  9.0058876e-01  8.9972584e-01  2.5782338e-02
1.2220385e+01  44525830  8.0658800e-01  8.0581056e-01  2.2130661e-02
