# Power spectrum from CO𝘕CEPT job 4559673 at t = 3.8214654 Gyr, a = 0.37037037
#
# Components:
#   0: matter  (upstream grid size 1024)
#
#                           grid size 1024
# ╭────────────────────────────────────────────────────────────────╮
#                         component 0    (corrected)      (linear)
#                        σ₈ = 3.49e-01  σ₈ = 3.49e-01  σ₈ = 3.41e-01
#  k [Mpc⁻¹]    modes       P [Mpc³]       P [Mpc³]       P [Mpc³]
2.4543693e-02         3  1.0567951e+04  1.0567951e+04  1.0674449e+04
4.6570361e-02        25  5.5696509e+03  5.6532566e+03  5.6775289e+03
8.3521561e-02       124  2.4462958e+03  2.3915289e+03  2.4243473e+03
1.3383638e-01       418  1.1383951e+03  1.1253751e+03  1.0617077e+03
1.8592088e-01       730  6.2090388e+02  6.3488280e+02  6.1010173e+02
2.3260504e-01      1012  4.2944063e+02  4.2641964e+02  3.5809319e+02
2.7635505e-01      1408  3.2508584e+02  3.2549438e+02  2.6560929e+02
3.1919121e-01      1841  2.4845302e+02  2.4707341e+02  1.8542668e+02
3.6464415e-01      2698  1.9620807e+02  1.9496171e+02  1.4405534e+02
4.1290034e-01      3532  1.5852980e+02  1.5983469e+02  1.0987458e+02
4.6319578e-01      4702  1.2961748e+02  1.2715229e+02  8.1471992e+01
5.1570195e-01      6019  1.0981027e+02  1.1104140e+02  6.8492622e+01
5.7047444e-01      7766  9.2472219e+01  9.2376927e+01  5.1688852e+01
6.2844883e-01     10012  8.1387346e+01  8.0101556e+01  4.1318017e+01
6.8955465e-01     12589  7.0750330e+01  7.0959671e+01  3.4570015e+01
7.5323141e-01     15650  6.2240675e+01  6.2771555e+01  2.7844679e+01
8.2032763e-01     19757  5.3988784e+01  5.3818631e+01  2.2255048e+01
8.9088605e-01     24241  4.8856513e+01  4.8361299e+01  1.8287759e+01
9.6481958e-01     29993  4.3219002e+01  4.2867065e+01  1.5302376e+01
1.0423453e+00     36494  3.9031385e+01  3.8817013e+01  1.2764028e+01
1.1237267e+00     44825  3.5518470e+01  3.5366451e+01  1.0684754e+01
1.2089588e+00     53906  3.2474705e+01  3.2385056e+01  8.9492254e+00
1.2983336e+00     65729  2.9557437e+01  2.9473927e+01  7.5107503e+00
1.3921058e+00     78746  2.7145162e+01  2.7059491e+01  6.3223079e+00
1.4900211e+00     94374  2.4842943e+01  2.4765886e+01  5.3394588e+00
1.5921784e+00    112166  2.3040409e+01  2.3021158e+01  4.5326978e+00
1.6991083e+00    134373  2.1068802e+01  2.1071497e+01  3.8703103e+00
1.8110248e+00    159077  1.9518596e+01  1.9492487e+01  3.3011212e+00
1.9277595e+00    188172  1.8056744e+01  1.8034437e+01  2.8257708e+00
2.0497441e+00    222492  1.6753587e+01  1.6746475e+01  2.4245483e+00
2.1771282e+00    261771  1.5634353e+01  1.5620832e+01  2.0839564e+00
2.3098450e+00    306759  1.4488803e+01  1.4477617e+01  1.7959359e+00
2.4484375e+00    360898  1.3481968e+01  1.3470565e+01  1.5507064e+00
2.5937215e+00    425046  1.2536328e+01  1.2525878e+01  1.3406502e+00
2.7470320e+00    505555  1.1638070e+01  1.1627772e+01  1.1592065e+00
2.9094444e+00    600292  1.0745708e+01  1.0736059e+01  1.0017736e+00
3.0813867e+00    712930  9.9534950e+00  9.9446818e+00  8.6553320e-01
3.2634403e+00    846715  9.2036395e+00  9.1954530e+00  7.4756370e-01
3.4562097e+00   1005596  8.4809803e+00  8.4735213e+00  6.4548661e-01
3.6603648e+00   1194719  7.7825809e+00  7.7756847e+00  5.5717849e-01
3.8766358e+00   1419743  7.1334463e+00  7.1270353e+00  4.8073303e-01
4.1057220e+00   1686576  6.5183134e+00  6.5124624e+00  4.1466756e-01
4.3483372e+00   2003484  5.9205345e+00  5.9151984e+00  3.5753298e-01
4.6052142e+00   2378778  5.3908597e+00  5.3859722e+00  3.0820902e-01
4.8773359e+00   2828400  4.8826010e+00  4.8781471e+00  2.6560075e-01
5.1655179e+00   3356890  4.4206307e+00  4.4165958e+00  2.2881004e-01
5.4707002e+00   3990317  3.9950115e+00  3.9913656e+00  1.9706180e-01
5.7939476e+00   4738457  3.6035460e+00  3.6001958e+00  1.6968132e-01
6.1362572e+00   5629661  3.2523700e+00  3.2494126e+00  1.4604579e-01
6.4988210e+00   6687903  2.9262484e+00  2.9235157e+00  1.2568020e-01
6.8828355e+00   7945758  2.6316324e+00  2.6291932e+00  1.0811940e-01
7.2895050e+00   9436555  2.3660369e+00  2.3638465e+00  9.2989852e-02
7.7201584e+00  11210320  2.1239436e+00  2.1219236e+00  7.9959262e-02
8.1762927e+00  13318613  1.9026556e+00  1.9008532e+00  6.8734594e-02
8.6593661e+00  15819192  1.7063778e+00  1.7047838e+00  5.9067038e-02
9.1709925e+00  18795348  1.5273505e+00  1.5258916e+00  5.0755371e-02
9.7128705e+00  22326034  1.3662502e+00  1.3649468e+00  4.3596400e-02
1.0286736e+01  26520842  1.2223558e+00  1.2211594e+00  3.7441702e-02
1.0894484e+01  31503438  1.0921376e+00  1.0910948e+00  3.2157637e-02
1.1538156e+01  37426927  9.7623505e-01  9.7529965e-01  2.7612615e-02
1.2220385e+01  44525830  8.7293652e-01  8.7209513e-01  2.3701676e-02
