# Power spectrum from CO𝘕CEPT job 4559663 at t = 4.5276054 Gyr, a = 0.41666667
#
# Components:
#   0: matter  (upstream grid size 1024)
#
#                           grid size 1024
# ╭────────────────────────────────────────────────────────────────╮
#                         component 0    (corrected)      (linear)
#                        σ₈ = 4.00e-01  σ₈ = 3.99e-01  σ₈ = 3.88e-01
#  k [Mpc⁻¹]    modes       P [Mpc³]       P [Mpc³]       P [Mpc³]
2.4543693e-02         3  1.3229045e+04  1.3229045e+04  1.3385065e+04
4.6570361e-02        25  7.1462559e+03  7.2535279e+03  7.3074724e+03
8.3521561e-02       124  3.1606813e+03  3.0899210e+03  3.1246334e+03
1.3383638e-01       418  1.4962142e+03  1.4791017e+03  1.3961347e+03
1.8592088e-01       730  8.1797330e+02  8.3638900e+02  7.7704391e+02
2.3260504e-01      1012  5.8143355e+02  5.7734334e+02  4.7789022e+02
2.7635505e-01      1408  4.3923172e+02  4.3978371e+02  3.3837896e+02
3.1919121e-01      1841  3.4555890e+02  3.4364008e+02  2.4826616e+02
3.6464415e-01      2698  2.7258636e+02  2.7085484e+02  1.8444042e+02
4.1290034e-01      3532  2.2591280e+02  2.2777232e+02  1.4504253e+02
4.6319578e-01      4702  1.8658188e+02  1.8303330e+02  1.0750421e+02
5.1570195e-01      6019  1.5844401e+02  1.6022039e+02  8.7455908e+01
5.7047444e-01      7766  1.3485282e+02  1.3471386e+02  6.9331251e+01
6.2844883e-01     10012  1.2009878e+02  1.1820141e+02  5.4173927e+01
6.8955465e-01     12589  1.0574465e+02  1.0605753e+02  4.4345479e+01
7.5323141e-01     15650  9.4374487e+01  9.5179451e+01  3.6552238e+01
8.2032763e-01     19757  8.2529514e+01  8.2269412e+01  2.9724464e+01
8.9088605e-01     24241  7.5510522e+01  7.4745140e+01  2.4270655e+01
9.6481958e-01     29993  6.7210916e+01  6.6663609e+01  2.0020645e+01
1.0423453e+00     36494  6.1566927e+01  6.1228783e+01  1.6656927e+01
1.1237267e+00     44825  5.6006480e+01  5.5766773e+01  1.3896214e+01
1.2089588e+00     53906  5.1848060e+01  5.1704930e+01  1.1658996e+01
1.2983336e+00     65729  4.7487245e+01  4.7353078e+01  9.8150374e+00
1.3921058e+00     78746  4.3830189e+01  4.3691860e+01  8.2875810e+00
1.4900211e+00     94374  4.0277696e+01  4.0152764e+01  7.0236188e+00
1.5921784e+00    112166  3.7527564e+01  3.7496207e+01  5.9736590e+00
1.6991083e+00    134373  3.4627027e+01  3.4631455e+01  5.0800731e+00
1.8110248e+00    159077  3.2043595e+01  3.2000732e+01  4.3376540e+00
1.9277595e+00    188172  2.9749955e+01  2.9713203e+01  3.7134354e+00
2.0497441e+00    222492  2.7505832e+01  2.7494155e+01  3.1857788e+00
2.1771282e+00    261771  2.5461618e+01  2.5439597e+01  2.7399012e+00
2.3098450e+00    306759  2.3618274e+01  2.3600040e+01  2.3614771e+00
2.4484375e+00    360898  2.1801749e+01  2.1783310e+01  2.0392340e+00
2.5937215e+00    425046  2.0195706e+01  2.0178870e+01  1.7629106e+00
2.7470320e+00    505555  1.8658588e+01  1.8642077e+01  1.5243702e+00
2.9094444e+00    600292  1.7162254e+01  1.7146844e+01  1.3176171e+00
3.0813867e+00    712930  1.5794069e+01  1.5780084e+01  1.1384860e+00
3.2634403e+00    846715  1.4471018e+01  1.4458146e+01  9.8345650e-01
3.4562097e+00   1005596  1.3230727e+01  1.3219090e+01  8.4923810e-01
3.6603648e+00   1194719  1.2063251e+01  1.2052562e+01  7.3306740e-01
3.8766358e+00   1419743  1.0935242e+01  1.0925414e+01  6.3259539e-01
4.1057220e+00   1686576  9.9734932e+00  9.9645408e+00  5.4565949e-01
4.3483372e+00   2003484  9.0147820e+00  9.0066571e+00  4.7055865e-01
4.6052142e+00   2378778  8.1465877e+00  8.1392017e+00  4.0567553e-01
4.8773359e+00   2828400  7.3603508e+00  7.3536366e+00  3.4961842e-01
5.1655179e+00   3356890  6.6171706e+00  6.6111308e+00  3.0121419e-01
5.4707002e+00   3990317  5.9548418e+00  5.9494074e+00  2.5943249e-01
5.7939476e+00   4738457  5.3449046e+00  5.3399354e+00  2.2339343e-01
6.1362572e+00   5629661  4.7929915e+00  4.7886331e+00  1.9229738e-01
6.4988210e+00   6687903  4.2958189e+00  4.2918072e+00  1.6549106e-01
6.8828355e+00   7945758  3.8424723e+00  3.8389108e+00  1.4237726e-01
7.2895050e+00   9436555  3.4306946e+00  3.4275185e+00  1.2246079e-01
7.7201584e+00  11210320  3.0667853e+00  3.0638686e+00  1.0530768e-01
8.1762927e+00  13318613  2.7315793e+00  2.7289916e+00  9.0527068e-02
8.6593661e+00  15819192  2.4350887e+00  2.4328140e+00  7.7805500e-02
9.1709925e+00  18795348  2.1662434e+00  2.1641742e+00  6.6852456e-02
9.7128705e+00  22326034  1.9242575e+00  1.9224217e+00  5.7429113e-02
1.0286736e+01  26520842  1.7112692e+00  1.7095943e+00  4.9320900e-02
1.0894484e+01  31503438  1.5207223e+00  1.5192702e+00  4.2360208e-02
1.1538156e+01  37426927  1.3518822e+00  1.3505869e+00  3.6373064e-02
1.2220385e+01  44525830  1.2021880e+00  1.2010293e+00  3.1221201e-02
