# Power spectrum from CO𝘕CEPT job 4559663 at t = 2.5067588 Gyr, a = 0.27777778
#
# Components:
#   0: matter  (upstream grid size 1024)
#
#                           grid size 1024
# ╭────────────────────────────────────────────────────────────────╮
#                         component 0    (corrected)      (linear)
#                        σ₈ = 2.68e-01  σ₈ = 2.67e-01  σ₈ = 2.64e-01
#  k [Mpc⁻¹]    modes       P [Mpc³]       P [Mpc³]       P [Mpc³]
2.4543693e-02         3  6.1508353e+03  6.1508353e+03  6.1940193e+03
4.6570361e-02        25  3.3189750e+03  3.3687959e+03  3.3821086e+03
8.3521561e-02       124  1.4584421e+03  1.4257910e+03  1.4462517e+03
1.3383638e-01       418  6.7501583e+02  6.6729555e+02  6.4621892e+02
1.8592088e-01       730  3.6068721e+02  3.6880766e+02  3.5966680e+02
2.3260504e-01      1012  2.4757160e+02  2.4583001e+02  2.2119937e+02
2.7635505e-01      1408  1.8199183e+02  1.8222054e+02  1.5662447e+02
3.1919121e-01      1841  1.3656800e+02  1.3580967e+02  1.1491430e+02
3.6464415e-01      2698  1.0633699e+02  1.0566152e+02  8.5371497e+01
4.1290034e-01      3532  8.3867153e+01  8.4557477e+01  6.7135516e+01
4.6319578e-01      4702  6.6890208e+01  6.5618029e+01  4.9760251e+01
5.1570195e-01      6019  5.6354894e+01  5.6986711e+01  4.0480545e+01
5.7047444e-01      7766  4.6509479e+01  4.6461552e+01  3.2091226e+01
6.2844883e-01     10012  4.0102228e+01  3.9468676e+01  2.5075389e+01
6.8955465e-01     12589  3.3763457e+01  3.3863359e+01  2.0526116e+01
7.5323141e-01     15650  2.9076396e+01  2.9324402e+01  1.6918875e+01
8.2032763e-01     19757  2.4988173e+01  2.4909420e+01  1.3758516e+01
8.9088605e-01     24241  2.1981920e+01  2.1759109e+01  1.1234122e+01
9.6481958e-01     29993  1.9246364e+01  1.9089639e+01  9.2669278e+00
1.0423453e+00     36494  1.6896831e+01  1.6804029e+01  7.7099699e+00
1.1237267e+00     44825  1.5118879e+01  1.5054171e+01  6.4321233e+00
1.2089588e+00     53906  1.3502880e+01  1.3465604e+01  5.3965862e+00
1.2983336e+00     65729  1.2105877e+01  1.2071674e+01  4.5430762e+00
1.3921058e+00     78746  1.0909112e+01  1.0874682e+01  3.8360650e+00
1.4900211e+00     94374  9.8277121e+00  9.7972287e+00  3.2510169e+00
1.5921784e+00    112166  8.9366606e+00  8.9291934e+00  2.7650237e+00
1.6991083e+00    134373  8.1163963e+00  8.1174344e+00  2.3514110e+00
1.8110248e+00    159077  7.4337966e+00  7.4238528e+00  2.0077686e+00
1.9277595e+00    188172  6.8149394e+00  6.8065204e+00  1.7188374e+00
2.0497441e+00    222492  6.2889405e+00  6.2862706e+00  1.4746018e+00
2.1771282e+00    261771  5.7803290e+00  5.7753297e+00  1.2682190e+00
2.3098450e+00    306759  5.3317121e+00  5.3275959e+00  1.0930583e+00
2.4484375e+00    360898  4.9415701e+00  4.9373907e+00  9.4390207e-01
2.5937215e+00    425046  4.5878122e+00  4.5839877e+00  8.1600058e-01
2.7470320e+00    505555  4.2529176e+00  4.2491544e+00  7.0558765e-01
2.9094444e+00    600292  3.9382018e+00  3.9346656e+00  6.0988803e-01
3.0813867e+00    712930  3.6415004e+00  3.6382761e+00  5.2697380e-01
3.2634403e+00    846715  3.3794556e+00  3.3764496e+00  4.5521540e-01
3.4562097e+00   1005596  3.1298147e+00  3.1270621e+00  3.9308981e-01
3.6603648e+00   1194719  2.8999006e+00  2.8973310e+00  3.3931794e-01
3.8766358e+00   1419743  2.6875422e+00  2.6851269e+00  2.9281250e-01
4.1057220e+00   1686576  2.4791804e+00  2.4769550e+00  2.5257249e-01
4.3483372e+00   2003484  2.2943119e+00  2.2922441e+00  2.1781057e-01
4.6052142e+00   2378778  2.1182256e+00  2.1163051e+00  1.8777810e-01
4.8773359e+00   2828400  1.9512933e+00  1.9495133e+00  1.6183091e-01
5.1655179e+00   3356890  1.7964549e+00  1.7948152e+00  1.3942601e-01
5.4707002e+00   3990317  1.6481404e+00  1.6466363e+00  1.2008646e-01
5.7939476e+00   4738457  1.5153360e+00  1.5139272e+00  1.0340501e-01
6.1362572e+00   5629661  1.3898457e+00  1.3885819e+00  8.9011521e-02
6.4988210e+00   6687903  1.2754880e+00  1.2742969e+00  7.6603617e-02
6.8828355e+00   7945758  1.1718124e+00  1.1707262e+00  6.5904867e-02
7.2895050e+00   9436555  1.0758566e+00  1.0748606e+00  5.6686059e-02
7.7201584e+00  11210320  9.8632792e-01  9.8538989e-01  4.8746328e-02
8.1762927e+00  13318613  9.0571426e-01  9.0485626e-01  4.1904754e-02
8.6593661e+00  15819192  8.3001370e-01  8.2923836e-01  3.6016248e-02
9.1709925e+00  18795348  7.6053617e-01  7.5980970e-01  3.0946338e-02
9.7128705e+00  22326034  6.9548270e-01  6.9481920e-01  2.6584481e-02
1.0286736e+01  26520842  6.3603387e-01  6.3541136e-01  2.2831360e-02
1.0894484e+01  31503438  5.8091148e-01  5.8035678e-01  1.9609393e-02
1.1538156e+01  37426927  5.3002879e-01  5.2952093e-01  1.6838054e-02
1.2220385e+01  44525830  4.8371478e-01  4.8324855e-01  1.4453340e-02
