# Power spectrum from CO𝘕CEPT job 4559663 at t = 6.7614249 Gyr, a = 0.55555556
#
# Components:
#   0: matter  (upstream grid size 1024)
#
#                           grid size 1024
# ╭────────────────────────────────────────────────────────────────╮
#                         component 0    (corrected)      (linear)
#                        σ₈ = 5.24e-01  σ₈ = 5.23e-01  σ₈ = 5.00e-01
#  k [Mpc⁻¹]    modes       P [Mpc³]       P [Mpc³]       P [Mpc³]
2.4543693e-02         3  2.1862774e+04  2.1862774e+04  2.2231227e+04
4.6570361e-02        25  1.1814290e+04  1.1991634e+04  1.2135417e+04
8.3521561e-02       124  5.2991864e+03  5.1805500e+03  5.1887826e+03
1.3383638e-01       418  2.5507452e+03  2.5215718e+03  2.3183924e+03
1.8592088e-01       730  1.4345101e+03  1.4668064e+03  1.2903365e+03
2.3260504e-01      1012  1.0457502e+03  1.0383937e+03  7.9356903e+02
2.7635505e-01      1408  8.1546933e+02  8.1649414e+02  5.6190056e+02
3.1919121e-01      1841  6.6773327e+02  6.6402548e+02  4.1226204e+02
3.6464415e-01      2698  5.3111362e+02  5.2773988e+02  3.0627513e+02
4.1290034e-01      3532  4.6252264e+02  4.6632974e+02  2.4085233e+02
4.6319578e-01      4702  3.9352572e+02  3.8604129e+02  1.7851752e+02
5.1570195e-01      6019  3.4086852e+02  3.4469013e+02  1.4522602e+02
5.7047444e-01      7766  2.9441607e+02  2.9411268e+02  1.1512887e+02
6.2844883e-01     10012  2.6184939e+02  2.5771259e+02  8.9959173e+01
6.8955465e-01     12589  2.3811844e+02  2.3882300e+02  7.3638415e+01
7.5323141e-01     15650  2.1581244e+02  2.1765320e+02  6.0697248e+01
8.2032763e-01     19757  1.9088591e+02  1.9028431e+02  4.9359303e+01
8.9088605e-01     24241  1.7691094e+02  1.7511776e+02  4.0302913e+01
9.6481958e-01     29993  1.6123231e+02  1.5991937e+02  3.3245506e+01
1.0423453e+00     36494  1.4789712e+02  1.4708483e+02  2.7659844e+01
1.1237267e+00     44825  1.3674493e+02  1.3615966e+02  2.3075508e+01
1.2089588e+00     53906  1.2685348e+02  1.2650329e+02  1.9360469e+01
1.2983336e+00     65729  1.1771166e+02  1.1737909e+02  1.6298462e+01
1.3921058e+00     78746  1.0860138e+02  1.0825863e+02  1.3762026e+01
1.4900211e+00     94374  1.0011207e+02  9.9801540e+01  1.1663139e+01
1.5921784e+00    112166  9.2187771e+01  9.2110742e+01  9.9196163e+00
1.6991083e+00    134373  8.4925337e+01  8.4936199e+01  8.4357620e+00
1.8110248e+00    159077  7.8244764e+01  7.8140100e+01  7.2029295e+00
1.9277595e+00    188172  7.1884867e+01  7.1796062e+01  6.1663763e+00
2.0497441e+00    222492  6.5876872e+01  6.5848905e+01  5.2901704e+00
2.1771282e+00    261771  6.0446118e+01  6.0393840e+01  4.5497634e+00
2.3098450e+00    306759  5.5356953e+01  5.5314216e+01  3.9213671e+00
2.4484375e+00    360898  5.0431259e+01  5.0388607e+01  3.3862629e+00
2.5937215e+00    425046  4.6107149e+01  4.6068713e+01  2.9274111e+00
2.7470320e+00    505555  4.1978855e+01  4.1941709e+01  2.5313004e+00
2.9094444e+00    600292  3.8302274e+01  3.8267881e+01  2.1879744e+00
3.0813867e+00    712930  3.4714521e+01  3.4683784e+01  1.8905165e+00
3.2634403e+00    846715  3.1554401e+01  3.1526334e+01  1.6330807e+00
3.4562097e+00   1005596  2.8477388e+01  2.8452342e+01  1.4102031e+00
3.6603648e+00   1194719  2.5587455e+01  2.5564782e+01  1.2172948e+00
3.8766358e+00   1419743  2.2986100e+01  2.2965442e+01  1.0504551e+00
4.1057220e+00   1686576  2.0668873e+01  2.0650320e+01  9.0609291e-01
4.3483372e+00   2003484  1.8559974e+01  1.8543246e+01  7.8138361e-01
4.6052142e+00   2378778  1.6675387e+01  1.6660268e+01  6.7364145e-01
4.8773359e+00   2828400  1.4892150e+01  1.4878566e+01  5.8055542e-01
5.1655179e+00   3356890  1.3319530e+01  1.3307372e+01  5.0017746e-01
5.4707002e+00   3990317  1.1891180e+01  1.1880328e+01  4.3079661e-01
5.7939476e+00   4738457  1.0585692e+01  1.0575850e+01  3.7095177e-01
6.1362572e+00   5629661  9.4363227e+00  9.4277422e+00  3.1931509e-01
6.4988210e+00   6687903  8.4007591e+00  8.3929140e+00  2.7480177e-01
6.8828355e+00   7945758  7.4861401e+00  7.4792014e+00  2.3642011e-01
7.2895050e+00   9436555  6.6497524e+00  6.6435963e+00  2.0334779e-01
7.7201584e+00  11210320  5.9025118e+00  5.8968983e+00  1.7486421e-01
8.1762927e+00  13318613  5.2415766e+00  5.2366112e+00  1.5032029e-01
8.6593661e+00  15819192  4.6553967e+00  4.6510480e+00  1.2919554e-01
9.1709925e+00  18795348  4.1239644e+00  4.1200251e+00  1.1100753e-01
9.7128705e+00  22326034  3.6534508e+00  3.6499654e+00  9.5359676e-02
1.0286736e+01  26520842  3.2358782e+00  3.2327112e+00  8.1895667e-02
1.0894484e+01  31503438  2.8641142e+00  2.8613794e+00  7.0337182e-02
1.1538156e+01  37426927  2.5331806e+00  2.5307534e+00  6.0395328e-02
1.2220385e+01  44525830  2.2379702e+00  2.2358131e+00  5.1840508e-02
