# Power spectrum from CO𝘕CEPT job 4559663 at t = 2.6133026 Gyr, a = 0.28571429
#
# Components:
#   0: matter  (upstream grid size 1024)
#
#                           grid size 1024
# ╭────────────────────────────────────────────────────────────────╮
#                         component 0    (corrected)      (linear)
#                        σ₈ = 2.75e-01  σ₈ = 2.75e-01  σ₈ = 2.71e-01
#  k [Mpc⁻¹]    modes       P [Mpc³]       P [Mpc³]       P [Mpc³]
2.4543693e-02         3  6.4950066e+03  6.4950066e+03  6.5422770e+03
4.6570361e-02        25  3.5049769e+03  3.5575899e+03  3.5722320e+03
8.3521561e-02       124  1.5404026e+03  1.5059166e+03  1.5275467e+03
1.3383638e-01       418  7.1398812e+02  7.0582211e+02  6.8254274e+02
1.8592088e-01       730  3.8186092e+02  3.9045807e+02  3.7988347e+02
2.3260504e-01      1012  2.6271782e+02  2.6086968e+02  2.3363284e+02
2.7635505e-01      1408  1.9340800e+02  1.9365106e+02  1.6542821e+02
3.1919121e-01      1841  1.4552458e+02  1.4471651e+02  1.2137354e+02
3.6464415e-01      2698  1.1342616e+02  1.1270565e+02  9.0170156e+01
4.1290034e-01      3532  8.9640266e+01  9.0378109e+01  7.0909144e+01
4.6319578e-01      4702  7.1686438e+01  7.0323040e+01  5.2557230e+01
5.1570195e-01      6019  6.0438263e+01  6.1115860e+01  4.2755919e+01
5.7047444e-01      7766  4.9976869e+01  4.9925368e+01  3.3895044e+01
6.2844883e-01     10012  4.3193980e+01  4.2511584e+01  2.6484853e+01
6.8955465e-01     12589  3.6486037e+01  3.6593994e+01  2.1679870e+01
7.5323141e-01     15650  3.1475860e+01  3.1744332e+01  1.7869868e+01
8.2032763e-01     19757  2.7076403e+01  2.6991069e+01  1.4531869e+01
8.9088605e-01     24241  2.3889284e+01  2.3647140e+01  1.1865581e+01
9.6481958e-01     29993  2.0949216e+01  2.0778624e+01  9.7878126e+00
1.0423453e+00     36494  1.8442131e+01  1.8340841e+01  8.1433394e+00
1.1237267e+00     44825  1.6545489e+01  1.6474675e+01  6.7936663e+00
1.2089588e+00     53906  1.4803900e+01  1.4763033e+01  5.6999226e+00
1.2983336e+00     65729  1.3302530e+01  1.3264946e+01  4.7984377e+00
1.3921058e+00     78746  1.2011950e+01  1.1974040e+01  4.0516861e+00
1.4900211e+00     94374  1.0835877e+01  1.0802266e+01  3.4337530e+00
1.5921784e+00    112166  9.8759249e+00  9.8676730e+00  2.9204426e+00
1.6991083e+00    134373  8.9870629e+00  8.9882123e+00  2.4835811e+00
1.8110248e+00    159077  8.2439110e+00  8.2328836e+00  2.1206229e+00
1.9277595e+00    188172  7.5645906e+00  7.5552455e+00  1.8154512e+00
2.0497441e+00    222492  6.9980227e+00  6.9950517e+00  1.5574873e+00
2.1771282e+00    261771  6.4395449e+00  6.4339755e+00  1.3395040e+00
2.3098450e+00    306759  5.9478610e+00  5.9432691e+00  1.1544977e+00
2.4484375e+00    360898  5.5139574e+00  5.5092939e+00  9.9695750e-01
2.5937215e+00    425046  5.1240212e+00  5.1197497e+00  8.6186680e-01
2.7470320e+00    505555  4.7547578e+00  4.7505505e+00  7.4524767e-01
2.9094444e+00    600292  4.4111153e+00  4.4071544e+00  6.4416888e-01
3.0813867e+00    712930  4.0807537e+00  4.0771404e+00  5.5659413e-01
3.2634403e+00    846715  3.7876510e+00  3.7842820e+00  4.8080227e-01
3.4562097e+00   1005596  3.5059188e+00  3.5028353e+00  4.1518468e-01
3.6603648e+00   1194719  3.2452466e+00  3.2423710e+00  3.5839035e-01
3.8766358e+00   1419743  3.0046796e+00  3.0019793e+00  3.0927089e-01
4.1057220e+00   1686576  2.7697748e+00  2.7672886e+00  2.6676904e-01
4.3483372e+00   2003484  2.5599912e+00  2.5576840e+00  2.3005319e-01
4.6052142e+00   2378778  2.3608877e+00  2.3587473e+00  1.9833263e-01
4.8773359e+00   2828400  2.1722010e+00  2.1702195e+00  1.7092699e-01
5.1655179e+00   3356890  1.9986662e+00  1.9968420e+00  1.4726274e-01
5.4707002e+00   3990317  1.8295957e+00  1.8279261e+00  1.2683615e-01
5.7939476e+00   4738457  1.6798412e+00  1.6782794e+00  1.0921705e-01
6.1362572e+00   5629661  1.5383412e+00  1.5369424e+00  9.4014527e-02
6.4988210e+00   6687903  1.4084475e+00  1.4071322e+00  8.0909195e-02
6.8828355e+00   7945758  1.2894168e+00  1.2882217e+00  6.9609087e-02
7.2895050e+00   9436555  1.1808343e+00  1.1797411e+00  5.9872107e-02
7.7201584e+00  11210320  1.0790613e+00  1.0780351e+00  5.1486100e-02
8.1762927e+00  13318613  9.8696954e-01  9.8603457e-01  4.4259974e-02
8.6593661e+00  15819192  9.0177461e-01  9.0093224e-01  3.8040488e-02
9.1709925e+00  18795348  8.2271069e-01  8.2192483e-01  3.2685611e-02
9.7128705e+00  22326034  7.4970655e-01  7.4899132e-01  2.8078585e-02
1.0286736e+01  26520842  6.8321059e-01  6.8254191e-01  2.4114511e-02
1.0894484e+01  31503438  6.2271188e-01  6.2211728e-01  2.0711448e-02
1.1538156e+01  37426927  5.6649773e-01  5.6595493e-01  1.7784340e-02
1.2220385e+01  44525830  5.1553967e-01  5.1504275e-01  1.5265589e-02
