# Power spectrum from CO𝘕CEPT job 4559663 at t = 8.5934117 Gyr, a = 0.66666667
#
# Components:
#   0: matter  (upstream grid size 1024)
#
#                           grid size 1024
# ╭────────────────────────────────────────────────────────────────╮
#                         component 0    (corrected)      (linear)
#                        σ₈ = 6.15e-01  σ₈ = 6.14e-01  σ₈ = 5.78e-01
#  k [Mpc⁻¹]    modes       P [Mpc³]       P [Mpc³]       P [Mpc³]
2.4543693e-02         3  2.9131073e+04  2.9131073e+04  2.9736868e+04
4.6570361e-02        25  1.5738752e+04  1.5975005e+04  1.6231198e+04
8.3521561e-02       124  7.1652415e+03  7.0048285e+03  6.9398010e+03
1.3383638e-01       418  3.4858851e+03  3.4460163e+03  3.1007287e+03
1.8592088e-01       730  2.0007876e+03  2.0458330e+03  1.7257516e+03
2.3260504e-01      1012  1.4799829e+03  1.4695717e+03  1.0613518e+03
2.7635505e-01      1408  1.1820620e+03  1.1835475e+03  7.5150832e+02
3.1919121e-01      1841  9.9539541e+02  9.8986817e+02  5.5137551e+02
3.6464415e-01      2698  7.9713184e+02  7.9206830e+02  4.0962431e+02
4.1290034e-01      3532  7.0571278e+02  7.1152162e+02  3.2212522e+02
4.6319578e-01      4702  6.1333876e+02  6.0167373e+02  2.3875619e+02
5.1570195e-01      6019  5.4603422e+02  5.5215603e+02  1.9423083e+02
5.7047444e-01      7766  4.8486740e+02  4.8436775e+02  1.5397774e+02
6.2844883e-01     10012  4.2952565e+02  4.2273983e+02  1.2031482e+02
6.8955465e-01     12589  3.9109554e+02  3.9225274e+02  9.8486806e+01
7.5323141e-01     15650  3.6179844e+02  3.6488438e+02  8.1178794e+01
8.2032763e-01     19757  3.2729946e+02  3.2626794e+02  6.6014992e+01
8.9088605e-01     24241  2.9700774e+02  2.9399724e+02  5.3902631e+01
9.6481958e-01     29993  2.7411018e+02  2.7187807e+02  4.4463788e+01
1.0423453e+00     36494  2.4935827e+02  2.4798872e+02  3.6993311e+01
1.1237267e+00     44825  2.2778561e+02  2.2681069e+02  3.0862046e+01
1.2089588e+00     53906  2.1282748e+02  2.1223996e+02  2.5893412e+01
1.2983336e+00     65729  1.9489807e+02  1.9434742e+02  2.1798168e+01
1.3921058e+00     78746  1.7836848e+02  1.7780554e+02  1.8405844e+01
1.4900211e+00     94374  1.6317454e+02  1.6266841e+02  1.5598713e+01
1.5921784e+00    112166  1.4912582e+02  1.4900121e+02  1.3266860e+01
1.6991083e+00    134373  1.3648911e+02  1.3650656e+02  1.1282297e+01
1.8110248e+00    159077  1.2454586e+02  1.2437926e+02  9.6334609e+00
1.9277595e+00    188172  1.1329328e+02  1.1315332e+02  8.2471358e+00
2.0497441e+00    222492  1.0265789e+02  1.0261431e+02  7.0752651e+00
2.1771282e+00    261771  9.3395402e+01  9.3314626e+01  6.0850172e+00
2.3098450e+00    306759  8.5435849e+01  8.5369890e+01  5.2445765e+00
2.4484375e+00    360898  7.7354079e+01  7.7288656e+01  4.5289081e+00
2.5937215e+00    425046  7.0387255e+01  7.0328578e+01  3.9152227e+00
2.7470320e+00    505555  6.3841154e+01  6.3784664e+01  3.3854495e+00
2.9094444e+00    600292  5.7764445e+01  5.7712577e+01  2.9262726e+00
3.0813867e+00    712930  5.2302967e+01  5.2256656e+01  2.5284414e+00
3.2634403e+00    846715  4.7048705e+01  4.7006856e+01  2.1841372e+00
3.4562097e+00   1005596  4.2480824e+01  4.2443462e+01  1.8860525e+00
3.6603648e+00   1194719  3.8100427e+01  3.8066665e+01  1.6280498e+00
3.8766358e+00   1419743  3.4280470e+01  3.4249661e+01  1.4049123e+00
4.1057220e+00   1686576  3.0651762e+01  3.0624248e+01  1.2118371e+00
4.3483372e+00   2003484  2.7483658e+01  2.7458887e+01  1.0450464e+00
4.6052142e+00   2378778  2.4631412e+01  2.4609080e+01  9.0094815e-01
4.8773359e+00   2828400  2.1988901e+01  2.1968843e+01  7.7645156e-01
5.1655179e+00   3356890  1.9664762e+01  1.9646813e+01  6.6895122e-01
5.4707002e+00   3990317  1.7566125e+01  1.7550095e+01  5.7615883e-01
5.7939476e+00   4738457  1.5686467e+01  1.5671884e+01  4.9612025e-01
6.1362572e+00   5629661  1.3969566e+01  1.3956863e+01  4.2705957e-01
6.4988210e+00   6687903  1.2445188e+01  1.2433566e+01  3.6752594e-01
6.8828355e+00   7945758  1.1072499e+01  1.1062236e+01  3.1619301e-01
7.2895050e+00   9436555  9.8580319e+00  9.8489056e+00  2.7196099e-01
7.7201584e+00  11210320  8.7416351e+00  8.7333214e+00  2.3386612e-01
8.1762927e+00  13318613  7.7600732e+00  7.7527220e+00  2.0104030e-01
8.6593661e+00  15819192  6.8783176e+00  6.8718924e+00  1.7278739e-01
9.1709925e+00  18795348  6.0950259e+00  6.0892038e+00  1.4846219e-01
9.7128705e+00  22326034  5.3885016e+00  5.3833609e+00  1.2753429e-01
1.0286736e+01  26520842  4.7659929e+00  4.7613283e+00  1.0952714e-01
1.0894484e+01  31503438  4.2101506e+00  4.2061305e+00  9.4068502e-02
1.1538156e+01  37426927  3.7215239e+00  3.7179580e+00  8.0772006e-02
1.2220385e+01  44525830  3.2830607e+00  3.2798963e+00  6.9330580e-02
