# Power spectrum from CO𝘕CEPT job 4559663 at t = 3.6249528 Gyr, a = 0.35714286
#
# Components:
#   0: matter  (upstream grid size 1024)
#
#                           grid size 1024
# ╭────────────────────────────────────────────────────────────────╮
#                         component 0    (corrected)      (linear)
#                        σ₈ = 3.44e-01  σ₈ = 3.43e-01  σ₈ = 3.36e-01
#  k [Mpc⁻¹]    modes       P [Mpc³]       P [Mpc³]       P [Mpc³]
2.4543693e-02         3  9.9412480e+03  9.9412480e+03  1.0037504e+04
4.6570361e-02        25  5.3681359e+03  5.4487166e+03  5.4802458e+03
8.3521561e-02       124  2.3652742e+03  2.3123213e+03  2.3433762e+03
1.3383638e-01       418  1.1098058e+03  1.0971128e+03  1.0470644e+03
1.8592088e-01       730  5.9992092e+02  6.1342743e+02  5.8276396e+02
2.3260504e-01      1012  4.2070893e+02  4.1774937e+02  3.5840633e+02
2.7635505e-01      1408  3.1397537e+02  3.1436994e+02  2.5377632e+02
3.1919121e-01      1841  2.4218286e+02  2.4083806e+02  1.8619387e+02
3.6464415e-01      2698  1.9018946e+02  1.8898134e+02  1.3832608e+02
4.1290034e-01      3532  1.5383668e+02  1.5510294e+02  1.0877859e+02
4.6319578e-01      4702  1.2556997e+02  1.2318177e+02  8.0625712e+01
5.1570195e-01      6019  1.0633749e+02  1.0752968e+02  6.5589947e+01
5.7047444e-01      7766  8.9555215e+01  8.9462929e+01  5.1996869e+01
6.2844883e-01     10012  7.8740604e+01  7.7496628e+01  4.0629222e+01
6.8955465e-01     12589  6.8356948e+01  6.8559208e+01  3.3258111e+01
7.5323141e-01     15650  6.0081573e+01  6.0594036e+01  2.7413357e+01
8.2032763e-01     19757  5.2125328e+01  5.1961049e+01  2.2292681e+01
8.9088605e-01     24241  4.7092547e+01  4.6615212e+01  1.8202448e+01
9.6481958e-01     29993  4.1658387e+01  4.1319158e+01  1.5015037e+01
1.0423453e+00     36494  3.7575608e+01  3.7369231e+01  1.2492324e+01
1.1237267e+00     44825  3.4204718e+01  3.4058322e+01  1.0421851e+01
1.2089588e+00     53906  3.1235236e+01  3.1149009e+01  8.7439884e+00
1.2983336e+00     65729  2.8412015e+01  2.8331741e+01  7.3610610e+00
1.3921058e+00     78746  2.6082957e+01  2.6000638e+01  6.2155031e+00
1.4900211e+00     94374  2.3860875e+01  2.3786864e+01  5.2675598e+00
1.5921784e+00    112166  2.2099848e+01  2.2081382e+01  4.4801135e+00
1.6991083e+00    134373  2.0225368e+01  2.0227954e+01  3.8099441e+00
1.8110248e+00    159077  1.8732221e+01  1.8707164e+01  3.2531464e+00
1.9277595e+00    188172  1.7340097e+01  1.7318676e+01  2.7849964e+00
2.0497441e+00    222492  1.6102759e+01  1.6095923e+01  2.3892658e+00
2.1771282e+00    261771  1.5025247e+01  1.5012252e+01  2.0548676e+00
2.3098450e+00    306759  1.3926708e+01  1.3915956e+01  1.7710579e+00
2.4484375e+00    360898  1.2974452e+01  1.2963478e+01  1.5293827e+00
2.5937215e+00    425046  1.2064783e+01  1.2054725e+01  1.3221463e+00
2.7470320e+00    505555  1.1198727e+01  1.1188818e+01  1.1432463e+00
2.9094444e+00    600292  1.0352468e+01  1.0343173e+01  9.8818601e-01
3.0813867e+00    712930  9.5969360e+00  9.5884385e+00  8.5384166e-01
3.2634403e+00    846715  8.8808029e+00  8.8729036e+00  7.3757291e-01
3.4562097e+00   1005596  8.1834920e+00  8.1762946e+00  6.3691205e-01
3.6603648e+00   1194719  7.5184645e+00  7.5118023e+00  5.4978656e-01
3.8766358e+00   1419743  6.8938613e+00  6.8876656e+00  4.7443473e-01
4.1057220e+00   1686576  6.3040090e+00  6.2983504e+00  4.0923468e-01
4.3483372e+00   2003484  5.7312643e+00  5.7260988e+00  3.5291067e-01
4.6052142e+00   2378778  5.2263488e+00  5.2216104e+00  3.0424971e-01
4.8773359e+00   2828400  4.7369112e+00  4.7325902e+00  2.6220807e-01
5.1655179e+00   3356890  4.2951370e+00  4.2912167e+00  2.2590591e-01
5.4707002e+00   3990317  3.8852442e+00  3.8816986e+00  1.9457051e-01
5.7939476e+00   4738457  3.5072577e+00  3.5039970e+00  1.6754196e-01
6.1362572e+00   5629661  3.1655358e+00  3.1626573e+00  1.4422055e-01
6.4988210e+00   6687903  2.8494280e+00  2.8467671e+00  1.2411635e-01
6.8828355e+00   7945758  2.5658234e+00  2.5634452e+00  1.0678146e-01
7.2895050e+00   9436555  2.3083801e+00  2.3062430e+00  9.1844495e-02
7.7201584e+00  11210320  2.0729035e+00  2.0709321e+00  7.8979992e-02
8.1762927e+00  13318613  1.8596739e+00  1.8579122e+00  6.7894808e-02
8.6593661e+00  15819192  1.6688053e+00  1.6672464e+00  5.8353863e-02
9.1709925e+00  18795348  1.4946929e+00  1.4932652e+00  5.0139272e-02
9.7128705e+00  22326034  1.3381868e+00  1.3369102e+00  4.3071924e-02
1.0286736e+01  26520842  1.1981847e+00  1.1970120e+00  3.6990895e-02
1.0894484e+01  31503438  1.0708082e+00  1.0697857e+00  3.1770485e-02
1.1538156e+01  37426927  9.5787257e-01  9.5695477e-01  2.7280215e-02
1.2220385e+01  44525830  8.5686140e-01  8.5603550e-01  2.3416387e-02
