# Power spectrum from CO𝘕CEPT job 4559663 at t = 13.790139 Gyr, a = 1
#
# Components:
#   0: matter  (upstream grid size 1024)
#
#                           grid size 1024
# ╭────────────────────────────────────────────────────────────────╮
#                         component 0    (corrected)      (linear)
#                        σ₈ = 8.26e-01  σ₈ = 8.25e-01  σ₈ = 7.50e-01
#  k [Mpc⁻¹]    modes       P [Mpc³]       P [Mpc³]       P [Mpc³]
2.4543693e-02         3  4.8586928e+04  4.8586928e+04  5.0080122e+04
4.6570361e-02        25  2.6200727e+04  2.6594024e+04  2.7330526e+04
8.3521561e-02       124  1.2493918e+04  1.2214208e+04  1.1684600e+04
1.3383638e-01       418  6.2445500e+03  6.1731299e+03  5.2205966e+03
1.8592088e-01       730  3.7525185e+03  3.8370020e+03  2.9055686e+03
2.3260504e-01      1012  2.8385258e+03  2.8185576e+03  1.7869435e+03
2.7635505e-01      1408  2.3335001e+03  2.3364327e+03  1.2652738e+03
3.1919121e-01      1841  2.0870934e+03  2.0755042e+03  9.2832004e+02
3.6464415e-01      2698  1.7270162e+03  1.7160458e+03  6.8966096e+02
4.1290034e-01      3532  1.5632059e+03  1.5760729e+03  5.4234347e+02
4.6319578e-01      4702  1.3407396e+03  1.3152402e+03  4.0197973e+02
5.1570195e-01      6019  1.2073248e+03  1.2208606e+03  3.2701490e+02
5.7047444e-01      7766  1.1195060e+03  1.1183523e+03  2.5924309e+02
6.2844883e-01     10012  1.0137073e+03  9.9769234e+02  2.0256681e+02
6.8955465e-01     12589  9.1347419e+02  9.1617704e+02  1.6581627e+02
7.5323141e-01     15650  8.3960949e+02  8.4677091e+02  1.3667580e+02
8.2032763e-01     19757  7.7150786e+02  7.6907636e+02  1.1114541e+02
8.9088605e-01     24241  7.1493191e+02  7.0768529e+02  9.0752560e+01
9.6481958e-01     29993  6.4661703e+02  6.4135155e+02  7.4860948e+01
1.0423453e+00     36494  5.9789910e+02  5.9461525e+02  6.2283358e+01
1.1237267e+00     44825  5.4272709e+02  5.4040422e+02  5.1960519e+01
1.2089588e+00     53906  4.9824458e+02  4.9686914e+02  4.3595133e+01
1.2983336e+00     65729  4.5782737e+02  4.5653386e+02  3.6700220e+01
1.3921058e+00     78746  4.1673649e+02  4.1542126e+02  3.0988770e+01
1.4900211e+00     94374  3.8151637e+02  3.8033300e+02  2.6262575e+01
1.5921784e+00    112166  3.4836569e+02  3.4807461e+02  2.2336577e+01
1.6991083e+00    134373  3.1554042e+02  3.1558077e+02  1.8995291e+01
1.8110248e+00    159077  2.8715526e+02  2.8677115e+02  1.6219246e+01
1.9277595e+00    188172  2.6186744e+02  2.6154394e+02  1.3885176e+01
2.0497441e+00    222492  2.3831055e+02  2.3820937e+02  1.1912169e+01
2.1771282e+00    261771  2.1667632e+02  2.1648893e+02  1.0244950e+01
2.3098450e+00    306759  1.9592553e+02  1.9577427e+02  8.8299522e+00
2.4484375e+00    360898  1.7744808e+02  1.7729800e+02  7.6250257e+00
2.5937215e+00    425046  1.6123681e+02  1.6110240e+02  6.5918017e+00
2.7470320e+00    505555  1.4557702e+02  1.4544820e+02  5.6998556e+00
2.9094444e+00    600292  1.3229680e+02  1.3217800e+02  4.9267680e+00
3.0813867e+00    712930  1.1975854e+02  1.1965250e+02  4.2569646e+00
3.2634403e+00    846715  1.0778143e+02  1.0768556e+02  3.6772813e+00
3.4562097e+00   1005596  9.7225906e+01  9.7140396e+01  3.1754148e+00
3.6603648e+00   1194719  8.7422564e+01  8.7345098e+01  2.7410321e+00
3.8766358e+00   1419743  7.8581239e+01  7.8510616e+01  2.3653496e+00
4.1057220e+00   1686576  7.0630537e+01  7.0567138e+01  2.0402812e+00
4.3483372e+00   2003484  6.3419840e+01  6.3362681e+01  1.7594664e+00
4.6052142e+00   2378778  5.6792633e+01  5.6741143e+01  1.5168575e+00
4.8773359e+00   2828400  5.0906499e+01  5.0860061e+01  1.3072507e+00
5.1655179e+00   3356890  4.5505876e+01  4.5464341e+01  1.1262594e+00
5.4707002e+00   3990317  4.0609746e+01  4.0572686e+01  9.7003093e-01
5.7939476e+00   4738457  3.6184977e+01  3.6151336e+01  8.3527531e-01
6.1362572e+00   5629661  3.2229274e+01  3.2199967e+01  7.1900250e-01
6.4988210e+00   6687903  2.8712149e+01  2.8685336e+01  6.1876977e-01
6.8828355e+00   7945758  2.5566598e+01  2.5542901e+01  5.3234405e-01
7.2895050e+00   9436555  2.2740180e+01  2.2719128e+01  4.5787369e-01
7.7201584e+00  11210320  2.0206028e+01  2.0186811e+01  3.9373605e-01
8.1762927e+00  13318613  1.7974061e+01  1.7957034e+01  3.3846959e-01
8.6593661e+00  15819192  1.5935347e+01  1.5920461e+01  2.9090226e-01
9.1709925e+00  18795348  1.4109474e+01  1.4095997e+01  2.4994775e-01
9.7128705e+00  22326034  1.2497560e+01  1.2485637e+01  2.1471305e-01
1.0286736e+01  26520842  1.1050467e+01  1.1039651e+01  1.8439583e-01
1.0894484e+01  31503438  9.7584406e+00  9.7491226e+00  1.5836937e-01
1.1538156e+01  37426927  8.6095757e+00  8.6013263e+00  1.3598317e-01
1.2220385e+01  44525830  7.5974952e+00  7.5901722e+00  1.1672024e-01
