# Power spectrum from CO𝘕CEPT job 4559663 at t = 5.469032 Gyr, a = 0.47619048
#
# Components:
#   0: matter  (upstream grid size 1024)
#
#                           grid size 1024
# ╭────────────────────────────────────────────────────────────────╮
#                         component 0    (corrected)      (linear)
#                        σ₈ = 4.54e-01  σ₈ = 4.54e-01  σ₈ = 4.38e-01
#  k [Mpc⁻¹]    modes       P [Mpc³]       P [Mpc³]       P [Mpc³]
2.4543693e-02         3  1.6804975e+04  1.6804975e+04  1.7039513e+04
4.6570361e-02        25  9.0801517e+03  9.2164533e+03  9.3020489e+03
8.3521561e-02       124  4.0369917e+03  3.9466129e+03  3.9774161e+03
1.3383638e-01       418  1.9259009e+03  1.9038740e+03  1.7771589e+03
1.8592088e-01       730  1.0657999e+03  1.0897951e+03  9.8910758e+02
2.3260504e-01      1012  7.6657987e+02  7.6118720e+02  6.0831108e+02
2.7635505e-01      1408  5.8680326e+02  5.8754071e+02  4.3072565e+02
3.1919121e-01      1841  4.7005534e+02  4.6744522e+02  3.1602015e+02
3.6464415e-01      2698  3.7215175e+02  3.6978777e+02  2.3477577e+02
4.1290034e-01      3532  3.1602656e+02  3.1862783e+02  1.8462584e+02
4.6319578e-01      4702  2.6388018e+02  2.5886147e+02  1.3684298e+02
5.1570195e-01      6019  2.2524932e+02  2.2777468e+02  1.1132332e+02
5.7047444e-01      7766  1.9265204e+02  1.9245351e+02  8.8252296e+01
6.2844883e-01     10012  1.7279666e+02  1.7006675e+02  6.8958414e+01
6.8955465e-01     12589  1.5401040e+02  1.5446610e+02  5.6447703e+01
7.5323141e-01     15650  1.3869162e+02  1.3987458e+02  4.6527624e+01
8.2032763e-01     19757  1.2228522e+02  1.2189982e+02  3.7836496e+01
8.9088605e-01     24241  1.1284874e+02  1.1170490e+02  3.0894300e+01
9.6481958e-01     29993  1.0140492e+02  1.0057917e+02  2.5484428e+01
1.0423453e+00     36494  9.3447806e+01  9.2934562e+01  2.1202726e+01
1.1237267e+00     44825  8.5144820e+01  8.4780402e+01  1.7688592e+01
1.2089588e+00     53906  7.8826818e+01  7.8609211e+01  1.4840820e+01
1.2983336e+00     65729  7.2686498e+01  7.2481135e+01  1.2493631e+01
1.3921058e+00     78746  6.6676701e+01  6.6466268e+01  1.0549320e+01
1.4900211e+00     94374  6.1914341e+01  6.1722297e+01  8.9404132e+00
1.5921784e+00    112166  5.7210577e+01  5.7162774e+01  7.6039113e+00
1.6991083e+00    134373  5.3034239e+01  5.3041022e+01  6.4664591e+00
1.8110248e+00    159077  4.9091784e+01  4.9026117e+01  5.5214282e+00
1.9277595e+00    188172  4.5337742e+01  4.5281733e+01  4.7268557e+00
2.0497441e+00    222492  4.2022857e+01  4.2005017e+01  4.0551978e+00
2.1771282e+00    261771  3.8770146e+01  3.8736615e+01  3.4876369e+00
2.3098450e+00    306759  3.5716327e+01  3.5688753e+01  3.0059380e+00
2.4484375e+00    360898  3.2949620e+01  3.2921753e+01  2.5957524e+00
2.5937215e+00    425046  3.0268073e+01  3.0242841e+01  2.2440184e+00
2.7470320e+00    505555  2.7725264e+01  2.7700731e+01  1.9403786e+00
2.9094444e+00    600292  2.5368576e+01  2.5345797e+01  1.6772011e+00
3.0813867e+00    712930  2.3212871e+01  2.3192317e+01  1.4491839e+00
3.2634403e+00    846715  2.1071969e+01  2.1053226e+01  1.2518457e+00
3.4562097e+00   1005596  1.9184938e+01  1.9168065e+01  1.0809982e+00
3.6603648e+00   1194719  1.7352884e+01  1.7337507e+01  9.3312375e-01
3.8766358e+00   1419743  1.5707837e+01  1.5693720e+01  8.0523226e-01
4.1057220e+00   1686576  1.4201027e+01  1.4188279e+01  6.9457099e-01
4.3483372e+00   2003484  1.2808977e+01  1.2797433e+01  5.9897467e-01
4.6052142e+00   2378778  1.1509791e+01  1.1499356e+01  5.1638454e-01
4.8773359e+00   2828400  1.0310614e+01  1.0301209e+01  4.4502912e-01
5.1655179e+00   3356890  9.2548171e+00  9.2463698e+00  3.8341509e-01
5.4707002e+00   3990317  8.2852457e+00  8.2776846e+00  3.3023094e-01
5.7939476e+00   4738457  7.4118909e+00  7.4050001e+00  2.8435663e-01
6.1362572e+00   5629661  6.6349101e+00  6.6288769e+00  2.4477432e-01
6.4988210e+00   6687903  5.9181005e+00  5.9125738e+00  2.1065244e-01
6.8828355e+00   7945758  5.2791898e+00  5.2742967e+00  1.8123080e-01
7.2895050e+00   9436555  4.7018576e+00  4.6975048e+00  1.5587905e-01
7.7201584e+00  11210320  4.1864308e+00  4.1824493e+00  1.3404480e-01
8.1762927e+00  13318613  3.7232711e+00  3.7197440e+00  1.1523052e-01
8.6593661e+00  15819192  3.3101547e+00  3.3070626e+00  9.9037219e-02
9.1709925e+00  18795348  2.9331786e+00  2.9303768e+00  8.5095078e-02
9.7128705e+00  22326034  2.6067880e+00  2.6043011e+00  7.3100103e-02
1.0286736e+01  26520842  2.3132295e+00  2.3109655e+00  6.2779164e-02
1.0894484e+01  31503438  2.0515099e+00  2.0495509e+00  5.3918912e-02
1.1538156e+01  37426927  1.8184853e+00  1.8167429e+00  4.6297894e-02
1.2220385e+01  44525830  1.6104793e+00  1.6089270e+00  3.9740111e-02
