# Power spectrum from CO𝘕CEPT job 4559663 at t = 2.8501215 Gyr, a = 0.3030303
#
# Components:
#   0: matter  (upstream grid size 1024)
#
#                           grid size 1024
# ╭────────────────────────────────────────────────────────────────╮
#                         component 0    (corrected)      (linear)
#                        σ₈ = 2.92e-01  σ₈ = 2.92e-01  σ₈ = 2.87e-01
#  k [Mpc⁻¹]    modes       P [Mpc³]       P [Mpc³]       P [Mpc³]
2.4543693e-02         3  7.2740861e+03  7.2740861e+03  7.3311477e+03
4.6570361e-02        25  3.9260741e+03  3.9850081e+03  4.0028889e+03
8.3521561e-02       124  1.7261902e+03  1.6875448e+03  1.7116903e+03
1.3383638e-01       418  8.0259637e+02  7.9341693e+02  7.6482058e+02
1.8592088e-01       730  4.3019870e+02  4.3988412e+02  4.2567661e+02
2.3260504e-01      1012  2.9744170e+02  2.9534928e+02  2.6179609e+02
2.7635505e-01      1408  2.1967926e+02  2.1995534e+02  1.8536971e+02
3.1919121e-01      1841  1.6627979e+02  1.6535648e+02  1.3600447e+02
3.6464415e-01      2698  1.2987455e+02  1.2904956e+02  1.0103968e+02
4.1290034e-01      3532  1.0313536e+02  1.0398428e+02  7.9456854e+01
4.6319578e-01      4702  8.2945689e+01  8.1368152e+01  5.8892715e+01
5.1570195e-01      6019  7.0026335e+01  7.0811429e+01  4.7909908e+01
5.7047444e-01      7766  5.8161406e+01  5.8101471e+01  3.7980903e+01
6.2844883e-01     10012  5.0505752e+01  4.9707842e+01  2.9677453e+01
6.8955465e-01     12589  4.2970939e+01  4.3098085e+01  2.4293256e+01
7.5323141e-01     15650  3.7222947e+01  3.7540439e+01  2.0023980e+01
8.2032763e-01     19757  3.2082550e+01  3.1981438e+01  1.6283603e+01
8.9088605e-01     24241  2.8484384e+01  2.8195664e+01  1.3295909e+01
9.6481958e-01     29993  2.5050619e+01  2.4846629e+01  1.0967677e+01
1.0423453e+00     36494  2.2185845e+01  2.2063993e+01  9.1249721e+00
1.1237267e+00     44825  2.0008480e+01  1.9922844e+01  7.6126034e+00
1.2089588e+00     53906  1.7979011e+01  1.7929379e+01  6.3870151e+00
1.2983336e+00     65729  1.6222194e+01  1.6176361e+01  5.3768612e+00
1.3921058e+00     78746  1.4712341e+01  1.4665909e+01  4.5400929e+00
1.4900211e+00     94374  1.3314344e+01  1.3273046e+01  3.8476715e+00
1.5921784e+00    112166  1.2180967e+01  1.2170789e+01  3.2724844e+00
1.6991083e+00    134373  1.1127534e+01  1.1128957e+01  2.7829617e+00
1.8110248e+00    159077  1.0238041e+01  1.0224346e+01  2.3762509e+00
1.9277595e+00    188172  9.4155590e+00  9.4039272e+00  2.0342926e+00
2.0497441e+00    222492  8.7387319e+00  8.7350220e+00  1.7452326e+00
2.1771282e+00    261771  8.0700446e+00  8.0630650e+00  1.5009726e+00
2.3098450e+00    306759  7.4672610e+00  7.4614961e+00  1.2936649e+00
2.4484375e+00    360898  6.9252276e+00  6.9193705e+00  1.1171342e+00
2.5937215e+00    425046  6.4426926e+00  6.4373218e+00  9.6575906e-01
2.7470320e+00    505555  5.9865566e+00  5.9812594e+00  8.3508218e-01
2.9094444e+00    600292  5.5675060e+00  5.5625068e+00  7.2181895e-01
3.0813867e+00    712930  5.1626979e+00  5.1581267e+00  6.2368758e-01
3.2634403e+00    846715  4.7875721e+00  4.7833136e+00  5.3875946e-01
3.4562097e+00   1005596  4.4360997e+00  4.4321982e+00  4.6523206e-01
3.6603648e+00   1194719  4.1035143e+00  4.0998781e+00  4.0159152e-01
3.8766358e+00   1419743  3.7894142e+00  3.7860086e+00  3.4655100e-01
4.1057220e+00   1686576  3.4903308e+00  3.4871978e+00  2.9892582e-01
4.3483372e+00   2003484  3.2125906e+00  3.2096951e+00  2.5778411e-01
4.6052142e+00   2378778  2.9554819e+00  2.9528024e+00  2.2223984e-01
4.8773359e+00   2828400  2.7115040e+00  2.7090305e+00  1.9153062e-01
5.1655179e+00   3356890  2.4867065e+00  2.4844368e+00  1.6501380e-01
5.4707002e+00   3990317  2.2681909e+00  2.2661210e+00  1.4212492e-01
5.7939476e+00   4738457  2.0736827e+00  2.0717548e+00  1.2238196e-01
6.1362572e+00   5629661  1.8914655e+00  1.8897456e+00  1.0534688e-01
6.4988210e+00   6687903  1.7256490e+00  1.7240375e+00  9.0661792e-02
6.8828355e+00   7945758  1.5715937e+00  1.5701370e+00  7.7999539e-02
7.2895050e+00   9436555  1.4281073e+00  1.4267852e+00  6.7088838e-02
7.7201584e+00  11210320  1.2986079e+00  1.2973729e+00  5.7691963e-02
8.1762927e+00  13318613  1.1804565e+00  1.1793382e+00  4.9594787e-02
8.6593661e+00  15819192  1.0719043e+00  1.0709030e+00  4.2625594e-02
9.1709925e+00  18795348  9.7152698e-01  9.7059897e-01  3.6625233e-02
9.7128705e+00  22326034  8.8007426e-01  8.7923466e-01  3.1462873e-02
1.0286736e+01  26520842  7.9620281e-01  7.9542353e-01  2.7020967e-02
1.0894484e+01  31503438  7.2016097e-01  7.1947331e-01  2.3207699e-02
1.1538156e+01  37426927  6.5141079e-01  6.5078663e-01  1.9927759e-02
1.2220385e+01  44525830  5.8945302e-01  5.8888487e-01  1.7105402e-02
