# Power spectrum from CO𝘕CEPT job 4559663 at t = 7.2998856 Gyr, a = 0.58823529
#
# Components:
#   0: matter  (upstream grid size 1024)
#
#                           grid size 1024
# ╭────────────────────────────────────────────────────────────────╮
#                         component 0    (corrected)      (linear)
#                        σ₈ = 5.52e-01  σ₈ = 5.51e-01  σ₈ = 5.24e-01
#  k [Mpc⁻¹]    modes       P [Mpc³]       P [Mpc³]       P [Mpc³]
2.4543693e-02         3  2.3996609e+04  2.3996609e+04  2.4429346e+04
4.6570361e-02        25  1.2967091e+04  1.3161739e+04  1.3334963e+04
8.3521561e-02       124  5.8404004e+03  5.7096475e+03  5.7016181e+03
1.3383638e-01       418  2.8205466e+03  2.7882874e+03  2.5475231e+03
1.8592088e-01       730  1.5963357e+03  1.6322753e+03  1.4178612e+03
2.3260504e-01      1012  1.1692470e+03  1.1610217e+03  8.7199750e+02
2.7635505e-01      1408  9.1860897e+02  9.1976341e+02  6.1743308e+02
3.1919121e-01      1841  7.5861883e+02  7.5440637e+02  4.5300575e+02
3.6464415e-01      2698  6.0458464e+02  6.0074420e+02  3.3654416e+02
4.1290034e-01      3532  5.3006714e+02  5.3443020e+02  2.6465563e+02
4.6319578e-01      4702  4.5446204e+02  4.4581867e+02  1.9616029e+02
5.1570195e-01      6019  3.9680597e+02  4.0125472e+02  1.5957861e+02
5.7047444e-01      7766  3.4525841e+02  3.4490262e+02  1.2650697e+02
6.2844883e-01     10012  3.0567508e+02  3.0084590e+02  9.8849773e+01
6.8955465e-01     12589  2.7900207e+02  2.7982760e+02  8.0916045e+01
7.5323141e-01     15650  2.5444535e+02  2.5661563e+02  6.6695910e+01
8.2032763e-01     19757  2.2545826e+02  2.2474770e+02  5.4237443e+01
8.9088605e-01     24241  2.0802260e+02  2.0591406e+02  4.4286016e+01
9.6481958e-01     29993  1.9078557e+02  1.8923198e+02  3.6531132e+01
1.0423453e+00     36494  1.7333351e+02  1.7238151e+02  3.0393442e+01
1.1237267e+00     44825  1.6055281e+02  1.5986565e+02  2.5356039e+01
1.2089588e+00     53906  1.4888442e+02  1.4847341e+02  2.1273846e+01
1.2983336e+00     65729  1.3742926e+02  1.3704098e+02  1.7909223e+01
1.3921058e+00     78746  1.2680483e+02  1.2640463e+02  1.5122114e+01
1.4900211e+00     94374  1.1670143e+02  1.1633945e+02  1.2815795e+01
1.5921784e+00    112166  1.0780231e+02  1.0771223e+02  1.0899962e+01
1.6991083e+00    134373  9.9276167e+01  9.9288864e+01  9.2694592e+00
1.8110248e+00    159077  9.1346877e+01  9.1224687e+01  7.9147869e+00
1.9277595e+00    188172  8.3744925e+01  8.3641468e+01  6.7757921e+00
2.0497441e+00    222492  7.6856457e+01  7.6823829e+01  5.8129915e+00
2.1771282e+00    261771  7.0390540e+01  7.0329661e+01  4.9994108e+00
2.3098450e+00    306759  6.4384897e+01  6.4335190e+01  4.3089106e+00
2.4484375e+00    360898  5.8531664e+01  5.8482160e+01  3.7209225e+00
2.5937215e+00    425046  5.3295467e+01  5.3251039e+01  3.2167228e+00
2.7470320e+00    505555  4.8455804e+01  4.8412928e+01  2.7814649e+00
2.9094444e+00    600292  4.4030909e+01  4.3991372e+01  2.4042083e+00
3.0813867e+00    712930  3.9787433e+01  3.9752204e+01  2.0773529e+00
3.2634403e+00    846715  3.5956887e+01  3.5924904e+01  1.7944750e+00
3.4562097e+00   1005596  3.2530228e+01  3.2501618e+01  1.5495706e+00
3.6603648e+00   1194719  2.9285536e+01  2.9259585e+01  1.3375974e+00
3.8766358e+00   1419743  2.6269437e+01  2.6245828e+01  1.1542691e+00
4.1057220e+00   1686576  2.3556669e+01  2.3535524e+01  9.9563978e-01
4.3483372e+00   2003484  2.1076198e+01  2.1057202e+01  8.5860562e-01
4.6052142e+00   2378778  1.8894534e+01  1.8877403e+01  7.4021543e-01
4.8773359e+00   2828400  1.6888375e+01  1.6872969e+01  6.3792983e-01
5.1655179e+00   3356890  1.5078465e+01  1.5064702e+01  5.4960823e-01
5.4707002e+00   3990317  1.3470874e+01  1.3458580e+01  4.7337057e-01
5.7939476e+00   4738457  1.2011604e+01  1.2000437e+01  4.0761136e-01
6.1362572e+00   5629661  1.0712450e+01  1.0702709e+01  3.5087152e-01
6.4988210e+00   6687903  9.5209800e+00  9.5120887e+00  3.0195903e-01
6.8828355e+00   7945758  8.4758090e+00  8.4679531e+00  2.5978418e-01
7.2895050e+00   9436555  7.5382000e+00  7.5312213e+00  2.2344339e-01
7.7201584e+00  11210320  6.6909164e+00  6.6845531e+00  1.9214484e-01
8.1762927e+00  13318613  5.9309450e+00  5.9253265e+00  1.6517530e-01
8.6593661e+00  15819192  5.2628329e+00  5.2579167e+00  1.4196285e-01
9.1709925e+00  18795348  4.6602779e+00  4.6558263e+00  1.2197736e-01
9.7128705e+00  22326034  4.1252466e+00  4.1213110e+00  1.0478308e-01
1.0286736e+01  26520842  3.6500873e+00  3.6465148e+00  8.9988466e-02
1.0894484e+01  31503438  3.2298967e+00  3.2268126e+00  7.7287697e-02
1.1538156e+01  37426927  2.8564731e+00  2.8537361e+00  6.6363330e-02
1.2220385e+01  44525830  2.5245162e+00  2.5220829e+00  5.6963074e-02
