# Power spectrum from CO𝘕CEPT job 4559663 at t = 3.4443479 Gyr, a = 0.34482759
#
# Components:
#   0: matter  (upstream grid size 1024)
#
#                           grid size 1024
# ╭────────────────────────────────────────────────────────────────╮
#                         component 0    (corrected)      (linear)
#                        σ₈ = 3.32e-01  σ₈ = 3.31e-01  σ₈ = 3.25e-01
#  k [Mpc⁻¹]    modes       P [Mpc³]       P [Mpc³]       P [Mpc³]
2.4543693e-02         3  9.3049850e+03  9.3049850e+03  9.3911161e+03
4.6570361e-02        25  5.0240742e+03  5.0994903e+03  5.1274042e+03
8.3521561e-02       124  2.2123581e+03  2.1628286e+03  2.1925106e+03
1.3383638e-01       418  1.0359971e+03  1.0241482e+03  9.7965635e+02
1.8592088e-01       730  5.5884183e+02  5.7142349e+02  5.4524695e+02
2.3260504e-01      1012  3.9070608e+02  3.8795758e+02  3.3533302e+02
2.7635505e-01      1408  2.9088288e+02  2.9124844e+02  2.3743885e+02
3.1919121e-01      1841  2.2341591e+02  2.2217533e+02  1.7420720e+02
3.6464415e-01      2698  1.7525912e+02  1.7414584e+02  1.2942102e+02
4.1290034e-01      3532  1.4111164e+02  1.4227315e+02  1.0177571e+02
4.6319578e-01      4702  1.1484329e+02  1.1265910e+02  7.5435249e+01
5.1570195e-01      6019  9.7199086e+01  9.8288823e+01  6.1367447e+01
5.7047444e-01      7766  8.1615873e+01  8.1531769e+01  4.8649455e+01
6.2844883e-01     10012  7.1568142e+01  7.0437480e+01  3.8013626e+01
6.8955465e-01     12589  6.1883467e+01  6.2066572e+01  3.1117047e+01
7.5323141e-01     15650  5.4207255e+01  5.4669614e+01  2.5648562e+01
8.2032763e-01     19757  4.6957247e+01  4.6809255e+01  2.0857541e+01
8.9088605e-01     24241  4.2273479e+01  4.1844991e+01  1.7030626e+01
9.6481958e-01     29993  3.7354934e+01  3.7050748e+01  1.4048411e+01
1.0423453e+00     36494  3.3562653e+01  3.3378316e+01  1.1688104e+01
1.1237267e+00     44825  3.0525603e+01  3.0394954e+01  9.7509225e+00
1.2089588e+00     53906  2.7774286e+01  2.7697613e+01  8.1810757e+00
1.2983336e+00     65729  2.5226948e+01  2.5155674e+01  6.8871774e+00
1.3921058e+00     78746  2.3109456e+01  2.3036522e+01  5.8153672e+00
1.4900211e+00     94374  2.1106250e+01  2.1040784e+01  4.9284499e+00
1.5921784e+00    112166  1.9475902e+01  1.9459629e+01  4.1916972e+00
1.6991083e+00    134373  1.7848787e+01  1.7851070e+01  3.5646714e+00
1.8110248e+00    159077  1.6511821e+01  1.6489734e+01  3.0437187e+00
1.9277595e+00    188172  1.5289230e+01  1.5270342e+01  2.6057069e+00
2.0497441e+00    222492  1.4208963e+01  1.4202930e+01  2.2354523e+00
2.1771282e+00    261771  1.3241610e+01  1.3230158e+01  1.9225817e+00
2.3098450e+00    306759  1.2270734e+01  1.2261261e+01  1.6570429e+00
2.4484375e+00    360898  1.1438499e+01  1.1428825e+01  1.4309260e+00
2.5937215e+00    425046  1.0632050e+01  1.0623187e+01  1.2370309e+00
2.7470320e+00    505555  9.8652824e+00  9.8565531e+00  1.0696479e+00
2.9094444e+00    600292  9.1350890e+00  9.1268863e+00  9.2456999e-01
3.0813867e+00    712930  8.4785031e+00  8.4709959e+00  7.9887434e-01
3.2634403e+00    846715  7.8500270e+00  7.8430446e+00  6.9009063e-01
3.4562097e+00   1005596  7.2331517e+00  7.2267902e+00  5.9591001e-01
3.6603648e+00   1194719  6.6619416e+00  6.6560384e+00  5.1439340e-01
3.8766358e+00   1419743  6.1172764e+00  6.1117786e+00  4.4389249e-01
4.1057220e+00   1686576  5.6084990e+00  5.6034647e+00  3.8288982e-01
4.3483372e+00   2003484  5.1142911e+00  5.1096816e+00  3.3019178e-01
4.6052142e+00   2378778  4.6749618e+00  4.6707233e+00  2.8466346e-01
4.8773359e+00   2828400  4.2500036e+00  4.2461267e+00  2.4532832e-01
5.1655179e+00   3356890  3.8630498e+00  3.8595239e+00  2.1136318e-01
5.4707002e+00   3990317  3.4999281e+00  3.4967341e+00  1.8204504e-01
5.7939476e+00   4738457  3.1639453e+00  3.1610038e+00  1.5675650e-01
6.1362572e+00   5629661  2.8568413e+00  2.8542436e+00  1.3493645e-01
6.4988210e+00   6687903  2.5799840e+00  2.5775747e+00  1.1612649e-01
6.8828355e+00   7945758  2.3293768e+00  2.3272178e+00  9.9907556e-02
7.2895050e+00   9436555  2.0964752e+00  2.0945343e+00  8.5932175e-02
7.7201584e+00  11210320  1.8877656e+00  1.8859702e+00  7.3895839e-02
8.1762927e+00  13318613  1.6970159e+00  1.6954083e+00  6.3524275e-02
8.6593661e+00  15819192  1.5250433e+00  1.5236187e+00  5.4597537e-02
9.1709925e+00  18795348  1.3668880e+00  1.3655823e+00  4.6911766e-02
9.7128705e+00  22326034  1.2270427e+00  1.2258721e+00  4.0299382e-02
1.0286736e+01  26520842  1.0986424e+00  1.0975671e+00  3.4609822e-02
1.0894484e+01  31503438  9.8407036e-01  9.8313071e-01  2.9725477e-02
1.1538156e+01  37426927  8.8211599e-01  8.8127077e-01  2.5524267e-02
1.2220385e+01  44525830  7.9081947e-01  7.9005722e-01  2.1909171e-02
