# Power spectrum from CO𝘕CEPT job 4559663 at t = 2.1444136 Gyr, a = 0.25
#
# Components:
#   0: matter  (upstream grid size 1024)
#
#                           grid size 1024
# ╭────────────────────────────────────────────────────────────────╮
#                         component 0    (corrected)      (linear)
#                        σ₈ = 2.41e-01  σ₈ = 2.41e-01  σ₈ = 2.38e-01
#  k [Mpc⁻¹]    modes       P [Mpc³]       P [Mpc³]       P [Mpc³]
2.4543693e-02         3  5.0124952e+03  5.0124952e+03  5.0433184e+03
4.6570361e-02        25  2.7039058e+03  2.7444940e+03  2.7538907e+03
8.3521561e-02       124  1.1878126e+03  1.1612203e+03  1.1776284e+03
1.3383638e-01       418  5.4689730e+02  5.4064233e+02  5.2619370e+02
1.8592088e-01       730  2.9144407e+02  2.9800559e+02  2.9286457e+02
2.3260504e-01      1012  1.9834965e+02  1.9695431e+02  1.8011529e+02
2.7635505e-01      1408  1.4507843e+02  1.4526075e+02  1.2753412e+02
3.1919121e-01      1841  1.0789390e+02  1.0729479e+02  9.3570929e+01
3.6464415e-01      2698  8.3687354e+01  8.3155755e+01  6.9515204e+01
4.1290034e-01      3532  6.5592631e+01  6.6132534e+01  5.4666249e+01
4.6319578e-01      4702  5.1814232e+01  5.0828782e+01  4.0518143e+01
5.1570195e-01      6019  4.3525940e+01  4.4013927e+01  3.2961983e+01
5.7047444e-01      7766  3.5693112e+01  3.5656330e+01  2.6130837e+01
6.2844883e-01     10012  3.0486691e+01  3.0005050e+01  2.0418071e+01
6.8955465e-01     12589  2.5390978e+01  2.5466107e+01  1.6713747e+01
7.5323141e-01     15650  2.1747658e+01  2.1933154e+01  1.3776489e+01
8.2032763e-01     19757  1.8610158e+01  1.8551505e+01  1.1203112e+01
8.9088605e-01     24241  1.6197959e+01  1.6033775e+01  9.1475805e+00
9.6481958e-01     29993  1.4088844e+01  1.3974117e+01  7.5457585e+00
1.0423453e+00     36494  1.2255449e+01  1.2188138e+01  6.2779784e+00
1.1237267e+00     44825  1.0848009e+01  1.0801579e+01  5.2374697e+00
1.2089588e+00     53906  9.6302196e+00  9.6036346e+00  4.3942656e+00
1.2983336e+00     65729  8.5544863e+00  8.5303171e+00  3.6992803e+00
1.3921058e+00     78746  7.6512752e+00  7.6271276e+00  3.1235841e+00
1.4900211e+00     94374  6.8504742e+00  6.8292256e+00  2.6471985e+00
1.5921784e+00    112166  6.1720380e+00  6.1668809e+00  2.2514701e+00
1.6991083e+00    134373  5.5651625e+00  5.5658743e+00  1.9146787e+00
1.8110248e+00    159077  5.0673252e+00  5.0605470e+00  1.6348618e+00
1.9277595e+00    188172  4.6192148e+00  4.6135083e+00  1.3995946e+00
2.0497441e+00    222492  4.2199633e+00  4.2181717e+00  1.2007214e+00
2.1771282e+00    261771  3.8646666e+00  3.8613241e+00  1.0326707e+00
2.3098450e+00    306759  3.5436729e+00  3.5409371e+00  8.9004299e-01
2.4484375e+00    360898  3.2742749e+00  3.2715056e+00  7.6858986e-01
2.5937215e+00    425046  3.0232529e+00  3.0207327e+00  6.6444382e-01
2.7470320e+00    505555  2.7890630e+00  2.7865950e+00  5.7453813e-01
2.9094444e+00    600292  2.5698472e+00  2.5675397e+00  4.9661303e-01
3.0813867e+00    712930  2.3741442e+00  2.3720420e+00  4.2909864e-01
3.2634403e+00    846715  2.1994491e+00  2.1974927e+00  3.7066808e-01
3.4562097e+00   1005596  2.0401633e+00  2.0383689e+00  3.2008121e-01
3.6603648e+00   1194719  1.8916628e+00  1.8899865e+00  2.7629650e-01
3.8766358e+00   1419743  1.7463373e+00  1.7447678e+00  2.3842860e-01
4.1057220e+00   1686576  1.6143862e+00  1.6129370e+00  2.0566245e-01
4.3483372e+00   2003484  1.4880387e+00  1.4866976e+00  1.7735692e-01
4.6052142e+00   2378778  1.3749007e+00  1.3736542e+00  1.5290243e-01
4.8773359e+00   2828400  1.2664094e+00  1.2652541e+00  1.3177446e-01
5.1655179e+00   3356890  1.1688455e+00  1.1677786e+00  1.1353084e-01
5.4707002e+00   3990317  1.0774922e+00  1.0765089e+00  9.7783257e-02
5.7939476e+00   4738457  9.9393526e-01  9.9301120e-01  8.4200067e-02
6.1362572e+00   5629661  9.1806670e-01  9.1723189e-01  7.2479893e-02
6.4988210e+00   6687903  8.4898561e-01  8.4819278e-01  6.2376517e-02
6.8828355e+00   7945758  7.8680395e-01  7.8607469e-01  5.3664850e-02
7.2895050e+00   9436555  7.3110105e-01  7.3042422e-01  4.6158252e-02
7.7201584e+00  11210320  6.7991719e-01  6.7927056e-01  3.9693166e-02
8.1762927e+00  13318613  6.3323461e-01  6.3263474e-01  3.4122272e-02
8.6593661e+00  15819192  5.9041640e-01  5.8986488e-01  2.9327433e-02
9.1709925e+00  18795348  5.4975349e-01  5.4922836e-01  2.5199149e-02
9.7128705e+00  22326034  5.1067650e-01  5.1018931e-01  2.1647411e-02
1.0286736e+01  26520842  4.7416967e-01  4.7370559e-01  1.8591347e-02
1.0894484e+01  31503438  4.3991791e-01  4.3949785e-01  1.5967787e-02
1.1538156e+01  37426927  4.0739517e-01  4.0700481e-01  1.3711157e-02
1.2220385e+01  44525830  3.7713483e-01  3.7677132e-01  1.1769344e-02
