# Power spectrum from CO𝘕CEPT job 4559663 at t = 6.2819341 Gyr, a = 0.52631579
#
# Components:
#   0: matter  (upstream grid size 1024)
#
#                           grid size 1024
# ╭────────────────────────────────────────────────────────────────╮
#                         component 0    (corrected)      (linear)
#                        σ₈ = 4.99e-01  σ₈ = 4.98e-01  σ₈ = 4.78e-01
#  k [Mpc⁻¹]    modes       P [Mpc³]       P [Mpc³]       P [Mpc³]
2.4543693e-02         3  1.9972518e+04  1.9972518e+04  2.0287859e+04
4.6570361e-02        25  1.0792706e+04  1.0954715e+04  1.1074857e+04
8.3521561e-02       124  4.8241594e+03  4.7161577e+03  4.7353607e+03
1.3383638e-01       418  2.3148378e+03  2.2883626e+03  2.1158062e+03
1.8592088e-01       730  1.2942450e+03  1.3233834e+03  1.1775853e+03
2.3260504e-01      1012  9.3911953e+02  9.3251310e+02  7.2422625e+02
2.7635505e-01      1408  7.2734124e+02  7.2825530e+02  5.1280129e+02
3.1919121e-01      1841  5.9089124e+02  5.8761014e+02  3.7623833e+02
3.6464415e-01      2698  4.6918840e+02  4.6620802e+02  2.7951265e+02
4.1290034e-01      3532  4.0540357e+02  4.0874051e+02  2.1980654e+02
4.6319578e-01      4702  3.4242950e+02  3.3591686e+02  1.6291859e+02
5.1570195e-01      6019  2.9469826e+02  2.9800224e+02  1.3253611e+02
5.7047444e-01      7766  2.5328723e+02  2.5302622e+02  1.0506887e+02
6.2844883e-01     10012  2.2633432e+02  2.2275860e+02  8.2098513e+01
6.8955465e-01     12589  2.0444676e+02  2.0505170e+02  6.7203870e+01
7.5323141e-01     15650  1.8467463e+02  1.8624981e+02  5.5393507e+01
8.2032763e-01     19757  1.6328943e+02  1.6277480e+02  4.5046275e+01
8.9088605e-01     24241  1.5140464e+02  1.4986999e+02  3.6781235e+01
9.6481958e-01     29993  1.3731487e+02  1.3619670e+02  3.0340507e+01
1.0423453e+00     36494  1.2662626e+02  1.2593079e+02  2.5242921e+01
1.1237267e+00     44825  1.1650035e+02  1.1600174e+02  2.1059166e+01
1.2089588e+00     53906  1.0792626e+02  1.0762832e+02  1.7668748e+01
1.2983336e+00     65729  1.0000287e+02  9.9720326e+01  1.4874300e+01
1.3921058e+00     78746  9.1751319e+01  9.1461750e+01  1.2559499e+01
1.4900211e+00     94374  8.4586914e+01  8.4324544e+01  1.0644013e+01
1.5921784e+00    112166  7.7707431e+01  7.7642502e+01  9.0528397e+00
1.6991083e+00    134373  7.1745467e+01  7.1754643e+01  7.6986450e+00
1.8110248e+00    159077  6.6333736e+01  6.6245006e+01  6.5735376e+00
1.9277595e+00    188172  6.1026182e+01  6.0950792e+01  5.6275587e+00
2.0497441e+00    222492  5.6073184e+01  5.6049379e+01  4.8279158e+00
2.1771282e+00    261771  5.1744892e+01  5.1700139e+01  4.1522058e+00
2.3098450e+00    306759  4.7350598e+01  4.7314042e+01  3.5787189e+00
2.4484375e+00    360898  4.3456119e+01  4.3419365e+01  3.0903721e+00
2.5937215e+00    425046  3.9892188e+01  3.9858933e+01  2.6716149e+00
2.7470320e+00    505555  3.6433829e+01  3.6401591e+01  2.3101164e+00
2.9094444e+00    600292  3.3283512e+01  3.3253625e+01  1.9967902e+00
3.0813867e+00    712930  3.0231798e+01  3.0205030e+01  1.7253242e+00
3.2634403e+00    846715  2.7406308e+01  2.7381930e+01  1.4903832e+00
3.4562097e+00   1005596  2.4822703e+01  2.4800872e+01  1.2869806e+00
3.6603648e+00   1194719  2.2429207e+01  2.2409332e+01  1.1109286e+00
3.8766358e+00   1419743  2.0233067e+01  2.0214883e+01  9.5866737e-01
4.1057220e+00   1686576  1.8210379e+01  1.8194033e+01  8.2691958e-01
4.3483372e+00   2003484  1.6388457e+01  1.6373686e+01  7.1310737e-01
4.6052142e+00   2378778  1.4736296e+01  1.4722935e+01  6.1477970e-01
4.8773359e+00   2828400  1.3148757e+01  1.3136763e+01  5.2982751e-01
5.1655179e+00   3356890  1.1760789e+01  1.1750054e+01  4.5647296e-01
5.4707002e+00   3990317  1.0523237e+01  1.0513634e+01  3.9315458e-01
5.7939476e+00   4738457  9.3982965e+00  9.3895589e+00  3.3853896e-01
6.1362572e+00   5629661  8.3802262e+00  8.3726059e+00  2.9141428e-01
6.4988210e+00   6687903  7.4664942e+00  7.4595216e+00  2.5079051e-01
6.8828355e+00   7945758  6.6584240e+00  6.6522525e+00  2.1576261e-01
7.2895050e+00   9436555  5.9205934e+00  5.9151122e+00  1.8558013e-01
7.7201584e+00  11210320  5.2623511e+00  5.2573464e+00  1.5958541e-01
8.1762927e+00  13318613  4.6703665e+00  4.6659422e+00  1.3718612e-01
8.6593661e+00  15819192  4.1457354e+00  4.1418628e+00  1.1790723e-01
9.1709925e+00  18795348  3.6774126e+00  3.6738999e+00  1.0130846e-01
9.7128705e+00  22326034  3.2567822e+00  3.2536752e+00  8.7027885e-02
1.0286736e+01  26520842  2.8877731e+00  2.8849467e+00  7.4740337e-02
1.0894484e+01  31503438  2.5561170e+00  2.5536762e+00  6.4191808e-02
1.1538156e+01  37426927  2.2588497e+00  2.2566853e+00  5.5118650e-02
1.2220385e+01  44525830  1.9985172e+00  1.9965909e+00  4.7311326e-02
