# Power spectrum from CO𝘕CEPT job 4559663 at t = 11.277962 Gyr, a = 0.83333333
#
# Components:
#   0: matter  (upstream grid size 1024)
#
#                           grid size 1024
# ╭────────────────────────────────────────────────────────────────╮
#                         component 0    (corrected)      (linear)
#                        σ₈ = 7.31e-01  σ₈ = 7.30e-01  σ₈ = 6.75e-01
#  k [Mpc⁻¹]    modes       P [Mpc³]       P [Mpc³]       P [Mpc³]
2.4543693e-02         3  3.9535137e+04  3.9535137e+04  4.0570886e+04
4.6570361e-02        25  2.1342094e+04  2.1662459e+04  2.2142560e+04
8.3521561e-02       124  9.9511236e+03  9.7283412e+03  9.4668805e+03
1.3383638e-01       418  4.9093447e+03  4.8531956e+03  4.2297799e+03
1.8592088e-01       730  2.8885446e+03  2.9535767e+03  2.3541293e+03
2.3260504e-01      1012  2.1649775e+03  2.1497475e+03  1.4478068e+03
2.7635505e-01      1408  1.7674177e+03  1.7696389e+03  1.0251434e+03
3.1919121e-01      1841  1.5412851e+03  1.5327266e+03  7.5213893e+02
3.6464415e-01      2698  1.2508841e+03  1.2429382e+03  5.5877392e+02
4.1290034e-01      3532  1.1163109e+03  1.1254994e+03  4.3941513e+02
4.6319578e-01      4702  9.6689813e+02  9.4850878e+02  3.2569030e+02
5.1570195e-01      6019  8.7714696e+02  8.8698100e+02  2.6495265e+02
5.7047444e-01      7766  8.0416612e+02  8.0333743e+02  2.1004288e+02
6.2844883e-01     10012  7.1785185e+02  7.0651093e+02  1.6412287e+02
6.8955465e-01     12589  6.5300490e+02  6.5493706e+02  1.3434701e+02
7.5323141e-01     15650  6.0137955e+02  6.0650899e+02  1.1073694e+02
8.2032763e-01     19757  5.5580368e+02  5.5405200e+02  9.0051811e+01
8.9088605e-01     24241  5.1567344e+02  5.1044653e+02  7.3529195e+01
9.6481958e-01     29993  4.6335455e+02  4.5958140e+02  6.0653557e+01
1.0423453e+00     36494  4.2825600e+02  4.2590389e+02  5.0462991e+01
1.1237267e+00     44825  3.9031221e+02  3.8864168e+02  4.2099260e+01
1.2089588e+00     53906  3.5891443e+02  3.5792362e+02  3.5321490e+01
1.2983336e+00     65729  3.2869219e+02  3.2776352e+02  2.9735120e+01
1.3921058e+00     78746  3.0087188e+02  2.9992233e+02  2.5107611e+01
1.4900211e+00     94374  2.7663442e+02  2.7577637e+02  2.1278371e+01
1.5921784e+00    112166  2.5120499e+02  2.5099509e+02  1.8097464e+01
1.6991083e+00    134373  2.2855740e+02  2.2858663e+02  1.5390300e+01
1.8110248e+00    159077  2.0565478e+02  2.0537969e+02  1.3141103e+01
1.9277595e+00    188172  1.8828850e+02  1.8805589e+02  1.1250001e+01
2.0497441e+00    222492  1.7038233e+02  1.7031000e+02  9.6514395e+00
2.1771282e+00    261771  1.5395625e+02  1.5382310e+02  8.3006312e+00
2.3098450e+00    306759  1.3922121e+02  1.3911373e+02  7.1541767e+00
2.4484375e+00    360898  1.2573033e+02  1.2562399e+02  6.1779255e+00
2.5937215e+00    425046  1.1344383e+02  1.1334926e+02  5.3407905e+00
2.7470320e+00    505555  1.0242597e+02  1.0233533e+02  4.6181211e+00
2.9094444e+00    600292  9.2648999e+01  9.2565806e+01  3.9917529e+00
3.0813867e+00    712930  8.3682370e+01  8.3608274e+01  3.4490671e+00
3.2634403e+00    846715  7.4732256e+01  7.4665783e+01  2.9793982e+00
3.4562097e+00   1005596  6.7092995e+01  6.7033987e+01  2.5727776e+00
3.6603648e+00   1194719  6.0454623e+01  6.0401053e+01  2.2208335e+00
3.8766358e+00   1419743  5.4210965e+01  5.4162244e+01  1.9164493e+00
4.1057220e+00   1686576  4.8754611e+01  4.8710848e+01  1.6530735e+00
4.3483372e+00   2003484  4.3765874e+01  4.3726428e+01  1.4255526e+00
4.6052142e+00   2378778  3.9265309e+01  3.9229709e+01  1.2289867e+00
4.8773359e+00   2828400  3.5076485e+01  3.5044488e+01  1.0591598e+00
5.1655179e+00   3356890  3.1336437e+01  3.1307835e+01  9.1251755e-01
5.4707002e+00   3990317  2.7982231e+01  2.7956694e+01  7.8593860e-01
5.7939476e+00   4738457  2.4928919e+01  2.4905742e+01  6.7675728e-01
6.1362572e+00   5629661  2.2185800e+01  2.2165626e+01  5.8255103e-01
6.4988210e+00   6687903  1.9746040e+01  1.9727600e+01  5.0134072e-01
6.8828355e+00   7945758  1.7584906e+01  1.7568607e+01  4.3131708e-01
7.2895050e+00   9436555  1.5602337e+01  1.5587893e+01  3.7097987e-01
7.7201584e+00  11210320  1.3873376e+01  1.3860182e+01  3.1901440e-01
8.1762927e+00  13318613  1.2324472e+01  1.2312797e+01  2.7423650e-01
8.6593661e+00  15819192  1.0927755e+01  1.0917547e+01  2.3569657e-01
9.1709925e+00  18795348  9.6767965e+00  9.6675531e+00  2.0251446e-01
9.7128705e+00  22326034  8.5605767e+00  8.5524098e+00  1.7396663e-01
1.0286736e+01  26520842  7.5664579e+00  7.5590523e+00  1.4940303e-01
1.0894484e+01  31503438  6.6884515e+00  6.6820649e+00  1.2831588e-01
1.1538156e+01  37426927  5.9009125e+00  5.8952584e+00  1.1017813e-01
1.2220385e+01  44525830  5.2025107e+00  5.1974962e+00  9.4570898e-02
