# Power spectrum from CO𝘕CEPT job 4559663 at t = 4.0358434 Gyr, a = 0.38461538
#
# Components:
#   0: matter  (upstream grid size 1024)
#
#                           grid size 1024
# ╭────────────────────────────────────────────────────────────────╮
#                         component 0    (corrected)      (linear)
#                        σ₈ = 3.70e-01  σ₈ = 3.69e-01  σ₈ = 3.60e-01
#  k [Mpc⁻¹]    modes       P [Mpc³]       P [Mpc³]       P [Mpc³]
2.4543693e-02         3  1.1417245e+04  1.1417245e+04  1.1538810e+04
4.6570361e-02        25  6.1663625e+03  6.2589254e+03  6.2997349e+03
8.3521561e-02       124  2.7212312e+03  2.6603092e+03  2.6937639e+03
1.3383638e-01       418  1.2822471e+03  1.2675818e+03  1.2036201e+03
1.8592088e-01       730  6.9662283e+02  7.1230646e+02  6.6989732e+02
2.3260504e-01      1012  4.9169719e+02  4.8823824e+02  4.1199414e+02
2.7635505e-01      1408  3.6897450e+02  3.6943820e+02  2.9172011e+02
3.1919121e-01      1841  2.8726753e+02  2.8567239e+02  2.1403293e+02
3.6464415e-01      2698  2.2609351e+02  2.2465732e+02  1.5900809e+02
4.1290034e-01      3532  1.8488092e+02  1.8640270e+02  1.2504276e+02
4.6319578e-01      4702  1.5179114e+02  1.4890424e+02  9.2680564e+01
5.1570195e-01      6019  1.2869069e+02  1.3013350e+02  7.5396705e+01
5.7047444e-01      7766  1.0900041e+02  1.0888808e+02  5.9771240e+01
6.2844883e-01     10012  9.6413167e+01  9.4889993e+01  4.6703945e+01
6.8955465e-01     12589  8.4316949e+01  8.4566432e+01  3.8230732e+01
7.5323141e-01     15650  7.4663163e+01  7.5300000e+01  3.1512093e+01
8.2032763e-01     19757  6.4998738e+01  6.4793886e+01  2.5625794e+01
8.9088605e-01     24241  5.9118310e+01  5.8519081e+01  2.0924004e+01
9.6481958e-01     29993  5.2425840e+01  5.1998930e+01  1.7260024e+01
1.0423453e+00     36494  4.7664301e+01  4.7402514e+01  1.4360125e+01
1.1237267e+00     44825  4.3382698e+01  4.3197021e+01  1.1980083e+01
1.2089588e+00     53906  3.9898309e+01  3.9788167e+01  1.0051353e+01
1.2983336e+00     65729  3.6395146e+01  3.6292318e+01  8.4616555e+00
1.3921058e+00     78746  3.3516242e+01  3.3410464e+01  7.1448183e+00
1.4900211e+00     94374  3.0709879e+01  3.0614624e+01  6.0551424e+00
1.5921784e+00    112166  2.8634960e+01  2.8611034e+01  5.1499603e+00
1.6991083e+00    134373  2.6190148e+01  2.6193498e+01  4.3795898e+00
1.8110248e+00    159077  2.4274104e+01  2.4241634e+01  3.7395420e+00
1.9277595e+00    188172  2.2442812e+01  2.2415087e+01  3.2013961e+00
2.0497441e+00    222492  2.0756697e+01  2.0747885e+01  2.7464975e+00
2.1771282e+00    261771  1.9334183e+01  1.9317461e+01  2.3621014e+00
2.3098450e+00    306759  1.7932840e+01  1.7918995e+01  2.0358577e+00
2.4484375e+00    360898  1.6606580e+01  1.6592534e+01  1.7580482e+00
2.5937215e+00    425046  1.5421869e+01  1.5409013e+01  1.5198267e+00
2.7470320e+00    505555  1.4307059e+01  1.4294399e+01  1.3141783e+00
2.9094444e+00    600292  1.3183892e+01  1.3172054e+01  1.1359341e+00
3.0813867e+00    712930  1.2160155e+01  1.2149388e+01  9.8150314e-01
3.2634403e+00    846715  1.1189623e+01  1.1179670e+01  8.4785039e-01
3.4562097e+00   1005596  1.0285891e+01  1.0276844e+01  7.3213916e-01
3.6603648e+00   1194719  9.4143712e+00  9.4060290e+00  6.3198706e-01
3.8766358e+00   1419743  8.6322805e+00  8.6245224e+00  5.4536896e-01
4.1057220e+00   1686576  7.8711383e+00  7.8640730e+00  4.7042051e-01
4.3483372e+00   2003484  7.1440138e+00  7.1375750e+00  4.0567520e-01
4.6052142e+00   2378778  6.4909052e+00  6.4850203e+00  3.4973869e-01
4.8773359e+00   2828400  5.8751120e+00  5.8697526e+00  3.0141118e-01
5.1655179e+00   3356890  5.2996390e+00  5.2948018e+00  2.5968131e-01
5.4707002e+00   3990317  4.7728108e+00  4.7684551e+00  2.2366080e-01
5.7939476e+00   4738457  4.2939537e+00  4.2899616e+00  1.9259109e-01
6.1362572e+00   5629661  3.8603342e+00  3.8568239e+00  1.6578279e-01
6.4988210e+00   6687903  3.4647526e+00  3.4615171e+00  1.4267273e-01
6.8828355e+00   7945758  3.1060021e+00  3.1031232e+00  1.2274603e-01
7.2895050e+00   9436555  2.7816429e+00  2.7790677e+00  1.0557578e-01
7.7201584e+00  11210320  2.4940416e+00  2.4916696e+00  9.0787864e-02
8.1762927e+00  13318613  2.2304707e+00  2.2283577e+00  7.8045299e-02
8.6593661e+00  15819192  1.9916675e+00  1.9898070e+00  6.7077861e-02
9.1709925e+00  18795348  1.7793623e+00  1.7776626e+00  5.7635087e-02
9.7128705e+00  22326034  1.5867267e+00  1.5852129e+00  4.9511087e-02
1.0286736e+01  26520842  1.4143451e+00  1.4129608e+00  4.2520876e-02
1.0894484e+01  31503438  1.2612647e+00  1.2600604e+00  3.6519958e-02
1.1538156e+01  37426927  1.1245086e+00  1.1234312e+00  3.1358347e-02
1.2220385e+01  44525830  1.0031955e+00  1.0022286e+00  2.6916841e-02
