# Power spectrum from CO𝘕CEPT job 4559663 at t = 10.261595 Gyr, a = 0.76923077
#
# Components:
#   0: matter  (upstream grid size 1024)
#
#                           grid size 1024
# ╭────────────────────────────────────────────────────────────────╮
#                         component 0    (corrected)      (linear)
#                        σ₈ = 6.89e-01  σ₈ = 6.88e-01  σ₈ = 6.41e-01
#  k [Mpc⁻¹]    modes       P [Mpc³]       P [Mpc³]       P [Mpc³]
2.4543693e-02         3  3.5662102e+04  3.5662102e+04  3.6525559e+04
4.6570361e-02        25  1.9258516e+04  1.9547604e+04  1.9935395e+04
8.3521561e-02       124  8.8977097e+03  8.6985108e+03  8.5233446e+03
1.3383638e-01       418  4.3670046e+03  4.3170583e+03  3.8082287e+03
1.8592088e-01       730  2.5467197e+03  2.6040561e+03  2.1195139e+03
2.3260504e-01      1012  1.9011702e+03  1.8877960e+03  1.3035175e+03
2.7635505e-01      1408  1.5424216e+03  1.5443600e+03  9.2297730e+02
3.1919121e-01      1841  1.3287548e+03  1.3213765e+03  6.7718065e+02
3.6464415e-01      2698  1.0722913e+03  1.0654799e+03  5.0308651e+02
4.1290034e-01      3532  9.5435058e+02  9.6220599e+02  3.9562306e+02
4.6319578e-01      4702  8.3086766e+02  8.1506546e+02  2.9323206e+02
5.1570195e-01      6019  7.5209125e+02  7.6052325e+02  2.3854753e+02
5.7047444e-01      7766  6.8252650e+02  6.8182316e+02  1.8911006e+02
6.2844883e-01     10012  6.0882800e+02  5.9920949e+02  1.4776643e+02
6.8955465e-01     12589  5.5404474e+02  5.5568409e+02  1.2095803e+02
7.5323141e-01     15650  5.1111977e+02  5.1547935e+02  9.9700932e+01
8.2032763e-01     19757  4.7278266e+02  4.7129262e+02  8.1077282e+01
8.9088605e-01     24241  4.3498457e+02  4.3057553e+02  6.6201304e+01
9.6481958e-01     29993  3.9312521e+02  3.8992395e+02  5.4608849e+01
1.0423453e+00     36494  3.6465664e+02  3.6265383e+02  4.5433871e+01
1.1237267e+00     44825  3.3197580e+02  3.3055495e+02  3.7903668e+01
1.2089588e+00     53906  3.0524041e+02  3.0439777e+02  3.1801367e+01
1.2983336e+00     65729  2.8202074e+02  2.8122394e+02  2.6771733e+01
1.3921058e+00     78746  2.5903981e+02  2.5822228e+02  2.2605400e+01
1.4900211e+00     94374  2.3600762e+02  2.3527557e+02  1.9157781e+01
1.5921784e+00    112166  2.1474078e+02  2.1456135e+02  1.6293881e+01
1.6991083e+00    134373  1.9475731e+02  1.9478222e+02  1.3856512e+01
1.8110248e+00    159077  1.7771899e+02  1.7748127e+02  1.1831469e+01
1.9277595e+00    188172  1.6223460e+02  1.6203418e+02  1.0128834e+01
2.0497441e+00    222492  1.4726586e+02  1.4720334e+02  8.6895840e+00
2.1771282e+00    261771  1.3355622e+02  1.3344071e+02  7.4733967e+00
2.3098450e+00    306759  1.2116295e+02  1.2106941e+02  6.4411973e+00
2.4484375e+00    360898  1.0959334e+02  1.0950065e+02  5.5622388e+00
2.5937215e+00    425046  9.9142613e+01  9.9059966e+01  4.8085323e+00
2.7470320e+00    505555  8.9807256e+01  8.9727790e+01  4.1578837e+00
2.9094444e+00    600292  8.0906450e+01  8.0833802e+01  3.5939390e+00
3.0813867e+00    712930  7.2625968e+01  7.2561662e+01  3.1053370e+00
3.2634403e+00    846715  6.5626012e+01  6.5567639e+01  2.6824750e+00
3.4562097e+00   1005596  5.9140387e+01  5.9088373e+01  2.3163780e+00
3.6603648e+00   1194719  5.3011047e+01  5.2964073e+01  1.9995084e+00
3.8766358e+00   1419743  4.7514847e+01  4.7472145e+01  1.7254590e+00
4.1057220e+00   1686576  4.2661768e+01  4.2623474e+01  1.4883310e+00
4.3483372e+00   2003484  3.8145827e+01  3.8111447e+01  1.2834847e+00
4.6052142e+00   2378778  3.4011732e+01  3.3980896e+01  1.1065084e+00
4.8773359e+00   2828400  3.0384265e+01  3.0356549e+01  9.5360628e-01
5.1655179e+00   3356890  2.7091398e+01  2.7066670e+01  8.2157830e-01
5.4707002e+00   3990317  2.4133696e+01  2.4111671e+01  7.0761410e-01
5.7939476e+00   4738457  2.1511153e+01  2.1491154e+01  6.0931368e-01
6.1362572e+00   5629661  1.9142459e+01  1.9125052e+01  5.2449593e-01
6.4988210e+00   6687903  1.7044133e+01  1.7028216e+01  4.5137894e-01
6.8828355e+00   7945758  1.5146621e+01  1.5132582e+01  3.8833377e-01
7.2895050e+00   9436555  1.3447503e+01  1.3435053e+01  3.3400969e-01
7.7201584e+00  11210320  1.1911443e+01  1.1900115e+01  2.8722303e-01
8.1762927e+00  13318613  1.0553380e+01  1.0543383e+01  2.4690762e-01
8.6593661e+00  15819192  9.3571394e+00  9.3483986e+00  2.1220852e-01
9.1709925e+00  18795348  8.2769195e+00  8.2690133e+00  1.8233327e-01
9.7128705e+00  22326034  7.3149495e+00  7.3079710e+00  1.5663046e-01
1.0286736e+01  26520842  6.4580909e+00  6.4517700e+00  1.3451481e-01
1.0894484e+01  31503438  5.7012887e+00  5.6958448e+00  1.1552915e-01
1.1538156e+01  37426927  5.0292782e+00  5.0244593e+00  9.9198957e-02
1.2220385e+01  44525830  4.4318865e+00  4.4276147e+00  8.5147092e-02
