# Power spectrum from CO𝘕CEPT job 4559663 at t = 5.1230837 Gyr, a = 0.45454545
#
# Components:
#   0: matter  (upstream grid size 1024)
#
#                           grid size 1024
# ╭────────────────────────────────────────────────────────────────╮
#                         component 0    (corrected)      (linear)
#                        σ₈ = 4.35e-01  σ₈ = 4.34e-01  σ₈ = 4.20e-01
#  k [Mpc⁻¹]    modes       P [Mpc³]       P [Mpc³]       P [Mpc³]
2.4543693e-02         3  1.5477023e+04  1.5477023e+04  1.5680796e+04
4.6570361e-02        25  8.3620252e+03  8.4875470e+03  8.5604867e+03
8.3521561e-02       124  3.7101059e+03  3.6270453e+03  3.6603637e+03
1.3383638e-01       418  1.7651843e+03  1.7449956e+03  1.6355000e+03
1.8592088e-01       730  9.7250340e+02  9.9439816e+02  9.1026569e+02
2.3260504e-01      1012  6.9660913e+02  6.9170868e+02  5.5982271e+02
2.7635505e-01      1408  5.3062051e+02  5.3128735e+02  3.9639265e+02
3.1919121e-01      1841  4.2235841e+02  4.2001314e+02  2.9083031e+02
3.6464415e-01      2698  3.3395920e+02  3.3183783e+02  2.1606191e+02
4.1290034e-01      3532  2.8117869e+02  2.8349312e+02  1.6990941e+02
4.6319578e-01      4702  2.3379579e+02  2.2934925e+02  1.2593530e+02
5.1570195e-01      6019  1.9909934e+02  2.0133152e+02  1.0244981e+02
5.7047444e-01      7766  1.7004439e+02  1.6986916e+02  8.1217760e+01
6.2844883e-01     10012  1.5233130e+02  1.4992471e+02  6.3461783e+01
6.8955465e-01     12589  1.3511505e+02  1.3551483e+02  5.1948294e+01
7.5323141e-01     15650  1.2140661e+02  1.2244214e+02  4.2818939e+01
8.2032763e-01     19757  1.0675493e+02  1.0641848e+02  3.4820575e+01
8.9088605e-01     24241  9.8216033e+01  9.7220506e+01  2.8431737e+01
9.6481958e-01     29993  8.7902744e+01  8.7186941e+01  2.3453083e+01
1.0423453e+00     36494  8.0875314e+01  8.0431122e+01  1.9512672e+01
1.1237267e+00     44825  7.3564594e+01  7.3249739e+01  1.6278648e+01
1.2089588e+00     53906  6.8237851e+01  6.8049476e+01  1.3657870e+01
1.2983336e+00     65729  6.2796846e+01  6.2619424e+01  1.1497774e+01
1.3921058e+00     78746  5.7845145e+01  5.7662585e+01  9.7084427e+00
1.4900211e+00     94374  5.3562257e+01  5.3396119e+01  8.2277805e+00
1.5921784e+00    112166  4.9575236e+01  4.9533813e+01  6.9978103e+00
1.6991083e+00    134373  4.5933836e+01  4.5939711e+01  5.9510235e+00
1.8110248e+00    159077  4.2491212e+01  4.2434374e+01  5.0813204e+00
1.9277595e+00    188172  3.9400365e+01  3.9351691e+01  4.3500827e+00
2.0497441e+00    222492  3.6492369e+01  3.6476877e+01  3.7319621e+00
2.1771282e+00    261771  3.3672150e+01  3.3643028e+01  3.2096411e+00
2.3098450e+00    306759  3.1157700e+01  3.1133646e+01  2.7663381e+00
2.4484375e+00    360898  2.8712241e+01  2.8687957e+01  2.3888481e+00
2.5937215e+00    425046  2.6444560e+01  2.6422515e+01  2.0651505e+00
2.7470320e+00    505555  2.4266419e+01  2.4244947e+01  1.7857136e+00
2.9094444e+00    600292  2.2279950e+01  2.2259944e+01  1.5435137e+00
3.0813867e+00    712930  2.0402385e+01  2.0384320e+01  1.3336716e+00
3.2634403e+00    846715  1.8577808e+01  1.8561284e+01  1.1520631e+00
3.4562097e+00   1005596  1.6927693e+01  1.6912805e+01  9.9483366e-01
3.6603648e+00   1194719  1.5368067e+01  1.5354449e+01  8.5874614e-01
3.8766358e+00   1419743  1.3933495e+01  1.3920973e+01  7.4104876e-01
4.1057220e+00   1686576  1.2581616e+01  1.2570322e+01  6.3920819e-01
4.3483372e+00   2003484  1.1340799e+01  1.1330577e+01  5.5123175e-01
4.6052142e+00   2378778  1.0203292e+01  1.0194042e+01  4.7522480e-01
4.8773359e+00   2828400  9.1589932e+00  9.1506383e+00  4.0955703e-01
5.1655179e+00   3356890  8.2254909e+00  8.2179832e+00  3.5285419e-01
5.4707002e+00   3990317  7.3815523e+00  7.3748159e+00  3.0390928e-01
5.7939476e+00   4738457  6.5964069e+00  6.5902742e+00  2.6169156e-01
6.1362572e+00   5629661  5.8994119e+00  5.8940475e+00  2.2526430e-01
6.4988210e+00   6687903  5.2655499e+00  5.2606326e+00  1.9386222e-01
6.8828355e+00   7945758  4.6957663e+00  4.6914139e+00  1.6678573e-01
7.2895050e+00   9436555  4.1851381e+00  4.1812636e+00  1.4345473e-01
7.7201584e+00  11210320  3.7252233e+00  3.7216804e+00  1.2336085e-01
8.1762927e+00  13318613  3.3127539e+00  3.3096157e+00  1.0604622e-01
8.6593661e+00  15819192  2.9456831e+00  2.9429315e+00  9.1143650e-02
9.1709925e+00  18795348  2.6188255e+00  2.6163240e+00  7.8312806e-02
9.7128705e+00  22326034  2.3267822e+00  2.3245624e+00  6.7273920e-02
1.0286736e+01  26520842  2.0645351e+00  2.0625144e+00  5.7775635e-02
1.0894484e+01  31503438  1.8321313e+00  1.8303818e+00  4.9621607e-02
1.1538156e+01  37426927  1.6256401e+00  1.6240824e+00  4.2608035e-02
1.2220385e+01  44525830  1.4414349e+00  1.4400455e+00  3.6572949e-02
