# Power spectrum from CO𝘕CEPT job 4559663 at t = 2.3139476 Gyr, a = 0.26315789
#
# Components:
#   0: matter  (upstream grid size 1024)
#
#                           grid size 1024
# ╭────────────────────────────────────────────────────────────────╮
#                         component 0    (corrected)      (linear)
#                        σ₈ = 2.54e-01  σ₈ = 2.53e-01  σ₈ = 2.50e-01
#  k [Mpc⁻¹]    modes       P [Mpc³]       P [Mpc³]       P [Mpc³]
2.4543693e-02         3  5.5386646e+03  5.5386646e+03  5.5749811e+03
4.6570361e-02        25  2.9881796e+03  3.0330350e+03  3.0441524e+03
8.3521561e-02       124  1.3128217e+03  1.2834307e+03  1.3017436e+03
1.3383638e-01       418  6.0596481e+02  5.9903427e+02  5.8165047e+02
1.8592088e-01       730  3.2329959e+02  3.3057830e+02  3.2373006e+02
2.3260504e-01      1012  2.2093188e+02  2.1937769e+02  1.9909790e+02
2.7635505e-01      1408  1.6197760e+02  1.6218116e+02  1.4097511e+02
3.1919121e-01      1841  1.2096455e+02  1.2029285e+02  1.0343249e+02
3.6464415e-01      2698  9.4002206e+01  9.3405086e+01  7.6841494e+01
4.1290034e-01      3532  7.3883259e+01  7.4491403e+01  6.0427587e+01
4.6319578e-01      4702  5.8631478e+01  5.7516371e+01  4.4788395e+01
5.1570195e-01      6019  4.9325629e+01  4.9878638e+01  3.6435882e+01
5.7047444e-01      7766  4.0567999e+01  4.0526194e+01  2.8884794e+01
6.2844883e-01     10012  3.4814056e+01  3.4264049e+01  2.2569952e+01
6.8955465e-01     12589  2.9139394e+01  2.9225613e+01  1.8475226e+01
7.5323141e-01     15650  2.5019468e+01  2.5232871e+01  1.5228406e+01
8.2032763e-01     19757  2.1457962e+01  2.1390335e+01  1.2383819e+01
8.9088605e-01     24241  1.8771934e+01  1.8581659e+01  1.0111653e+01
9.6481958e-01     29993  1.6381700e+01  1.6248302e+01  8.3410129e+00
1.0423453e+00     36494  1.4311287e+01  1.4232685e+01  6.9396202e+00
1.1237267e+00     44825  1.2736625e+01  1.2682112e+01  5.7894511e+00
1.2089588e+00     53906  1.1338814e+01  1.1307512e+01  4.8573809e+00
1.2983336e+00     65729  1.0117999e+01  1.0089412e+01  4.0891504e+00
1.3921058e+00     78746  9.0825505e+00  9.0538858e+00  3.4527810e+00
1.4900211e+00     94374  8.1590711e+00  8.1337635e+00  2.9261887e+00
1.5921784e+00    112166  7.3835023e+00  7.3773329e+00  2.4887540e+00
1.6991083e+00    134373  6.6809767e+00  6.6818311e+00  2.1164679e+00
1.8110248e+00    159077  6.1007084e+00  6.0925479e+00  1.8071608e+00
1.9277595e+00    188172  5.5797527e+00  5.5728596e+00  1.5470986e+00
2.0497441e+00    222492  5.1215562e+00  5.1193819e+00  1.3272660e+00
2.1771282e+00    261771  4.6991485e+00  4.6950844e+00  1.1415042e+00
2.3098450e+00    306759  4.3208073e+00  4.3174715e+00  9.8384486e-01
2.4484375e+00    360898  4.0003881e+00  3.9970048e+00  8.4959169e-01
2.5937215e+00    425046  3.7047629e+00  3.7016745e+00  7.3446960e-01
2.7470320e+00    505555  3.4257392e+00  3.4227079e+00  6.3508869e-01
2.9094444e+00    600292  3.1620961e+00  3.1592567e+00  5.4895099e-01
3.0813867e+00    712930  2.9223743e+00  2.9197867e+00  4.7432121e-01
3.2634403e+00    846715  2.7104024e+00  2.7079915e+00  4.0973262e-01
3.4562097e+00   1005596  2.5143115e+00  2.5121001e+00  3.5381436e-01
3.6603648e+00   1194719  2.3323943e+00  2.3303276e+00  3.0541515e-01
3.8766358e+00   1419743  2.1602410e+00  2.1582995e+00  2.6355633e-01
4.1057220e+00   1686576  1.9947976e+00  1.9930071e+00  2.2733693e-01
4.3483372e+00   2003484  1.8448527e+00  1.8431900e+00  1.9604827e-01
4.6052142e+00   2378778  1.7046543e+00  1.7031088e+00  1.6901651e-01
4.8773359e+00   2828400  1.5697188e+00  1.5682869e+00  1.4566186e-01
5.1655179e+00   3356890  1.4449423e+00  1.4436234e+00  1.2549555e-01
5.4707002e+00   3990317  1.3295800e+00  1.3283666e+00  1.0808832e-01
5.7939476e+00   4738457  1.2227870e+00  1.2216502e+00  9.3073599e-02
6.1362572e+00   5629661  1.1256135e+00  1.1245900e+00  8.0118238e-02
6.4988210e+00   6687903  1.0379977e+00  1.0370284e+00  6.8950069e-02
6.8828355e+00   7945758  9.5850647e-01  9.5761806e-01  5.9320284e-02
7.2895050e+00   9436555  8.8427304e-01  8.8345440e-01  5.1022570e-02
7.7201584e+00  11210320  8.1657354e-01  8.1579695e-01  4.3876135e-02
8.1762927e+00  13318613  7.5444319e-01  7.5372849e-01  3.7718131e-02
8.6593661e+00  15819192  6.9737406e-01  6.9672262e-01  3.2417970e-02
9.1709925e+00  18795348  6.4377973e-01  6.4316479e-01  2.7854614e-02
9.7128705e+00  22326034  5.9311279e-01  5.9254695e-01  2.3928565e-02
1.0286736e+01  26520842  5.4591746e-01  5.4538314e-01  2.0550430e-02
1.0894484e+01  31503438  5.0214888e-01  5.0166940e-01  1.7650380e-02
1.1538156e+01  37426927  4.6212809e-01  4.6168530e-01  1.5155931e-02
1.2220385e+01  44525830  4.2455501e-01  4.2414579e-01  1.3009479e-02
