# Power spectrum from CO𝘕CEPT job 4559663 at t = 4.270349 Gyr, a = 0.4
#
# Components:
#   0: matter  (upstream grid size 1024)
#
#                           grid size 1024
# ╭────────────────────────────────────────────────────────────────╮
#                         component 0    (corrected)      (linear)
#                        σ₈ = 3.84e-01  σ₈ = 3.84e-01  σ₈ = 3.74e-01
#  k [Mpc⁻¹]    modes       P [Mpc³]       P [Mpc³]       P [Mpc³]
2.4543693e-02         3  1.2275581e+04  1.2275581e+04  1.2413016e+04
4.6570361e-02        25  6.6305803e+03  6.7301115e+03  6.7769069e+03
8.3521561e-02       124  2.9290606e+03  2.8634858e+03  2.8977851e+03
1.3383638e-01       418  1.3832996e+03  1.3674786e+03  1.2947779e+03
1.8592088e-01       730  7.5375148e+02  7.7072130e+02  7.2063245e+02
2.3260504e-01      1012  5.3385748e+02  5.3010195e+02  4.4319669e+02
2.7635505e-01      1408  4.0188054e+02  4.0238559e+02  3.1381361e+02
3.1919121e-01      1841  3.1447894e+02  3.1273270e+02  2.3024276e+02
3.6464415e-01      2698  2.4778750e+02  2.4621351e+02  1.7105060e+02
4.1290034e-01      3532  2.0392072e+02  2.0559923e+02  1.3451288e+02
4.6319578e-01      4702  1.6791279e+02  1.6471927e+02  9.9699733e+01
5.1570195e-01      6019  1.4246134e+02  1.4405853e+02  8.1106878e+01
5.7047444e-01      7766  1.2097471e+02  1.2085004e+02  6.4298016e+01
6.2844883e-01     10012  1.0736448e+02  1.0566830e+02  5.0241068e+01
6.8955465e-01     12589  9.4215782e+01  9.4494555e+01  4.1126136e+01
7.5323141e-01     15650  8.3756674e+01  8.4471074e+01  3.3898660e+01
8.2032763e-01     19757  7.3069105e+01  7.2838818e+01  2.7566562e+01
8.9088605e-01     24241  6.6663174e+01  6.5987469e+01  2.2508682e+01
9.6481958e-01     29993  5.9215952e+01  5.8733749e+01  1.8567210e+01
1.0423453e+00     36494  5.4052312e+01  5.3755440e+01  1.5447688e+01
1.1237267e+00     44825  4.9180614e+01  4.8970121e+01  1.2887393e+01
1.2089588e+00     53906  4.5387730e+01  4.5262434e+01  1.0812590e+01
1.2983336e+00     65729  4.1477636e+01  4.1360449e+01  9.1024976e+00
1.3921058e+00     78746  3.8247588e+01  3.8126877e+01  7.6859298e+00
1.4900211e+00     94374  3.5082109e+01  3.4973292e+01  6.5137273e+00
1.5921784e+00    112166  3.2742683e+01  3.2715324e+01  5.5399912e+00
1.6991083e+00    134373  3.0051958e+01  3.0055802e+01  4.7112768e+00
1.8110248e+00    159077  2.7833319e+01  2.7796088e+01  4.0227550e+00
1.9277595e+00    188172  2.5776791e+01  2.5744946e+01  3.4438527e+00
2.0497441e+00    222492  2.3817394e+01  2.3807283e+01  2.9545023e+00
2.1771282e+00    261771  2.2117077e+01  2.2097948e+01  2.5409940e+00
2.3098450e+00    306759  2.0519357e+01  2.0503515e+01  2.1900423e+00
2.4484375e+00    360898  1.8966848e+01  1.8950807e+01  1.8911930e+00
2.5937215e+00    425046  1.7594851e+01  1.7580184e+01  1.6349298e+00
2.7470320e+00    505555  1.6282061e+01  1.6267654e+01  1.4137066e+00
2.9094444e+00    600292  1.4997781e+01  1.4984314e+01  1.2219631e+00
3.0813867e+00    712930  1.3815280e+01  1.3803048e+01  1.0558364e+00
3.2634403e+00    846715  1.2679986e+01  1.2668707e+01  9.1206149e-01
3.4562097e+00   1005596  1.1610140e+01  1.1599929e+01  7.8758689e-01
3.6603648e+00   1194719  1.0608289e+01  1.0598889e+01  6.7984980e-01
3.8766358e+00   1419743  9.6843846e+00  9.6756810e+00  5.8667171e-01
4.1057220e+00   1686576  8.8321759e+00  8.8242479e+00  5.0604706e-01
4.3483372e+00   2003484  7.9929832e+00  7.9857793e+00  4.3639829e-01
4.6052142e+00   2378778  7.2526550e+00  7.2460795e+00  3.7622545e-01
4.8773359e+00   2828400  6.5602945e+00  6.5543101e+00  3.2423789e-01
5.1655179e+00   3356890  5.9083762e+00  5.9029834e+00  2.7934763e-01
5.4707002e+00   3990317  5.3315999e+00  5.3267343e+00  2.4059913e-01
5.7939476e+00   4738457  4.7850128e+00  4.7805642e+00  2.0717637e-01
6.1362572e+00   5629661  4.2971624e+00  4.2932549e+00  1.7833777e-01
6.4988210e+00   6687903  3.8541283e+00  3.8505291e+00  1.5347749e-01
6.8828355e+00   7945758  3.4492931e+00  3.4460961e+00  1.3204166e-01
7.2895050e+00   9436555  3.0837174e+00  3.0808626e+00  1.1357104e-01
7.7201584e+00  11210320  2.7575799e+00  2.7549573e+00  9.7663180e-02
8.1762927e+00  13318613  2.4599352e+00  2.4576048e+00  8.3955576e-02
8.6593661e+00  15819192  2.1944988e+00  2.1924489e+00  7.2157537e-02
9.1709925e+00  18795348  1.9569146e+00  1.9550453e+00  6.1999632e-02
9.7128705e+00  22326034  1.7442994e+00  1.7426353e+00  5.3260377e-02
1.0286736e+01  26520842  1.5541714e+00  1.5526502e+00  4.5740779e-02
1.0894484e+01  31503438  1.3837625e+00  1.3824412e+00  3.9285396e-02
1.1538156e+01  37426927  1.2326997e+00  1.2315186e+00  3.3732885e-02
1.2220385e+01  44525830  1.0971542e+00  1.0960966e+00  2.8955017e-02
