# Power spectrum from CO𝘕CEPT job 4559663 at t = 2.2265221 Gyr, a = 0.25641026
#
# Components:
#   0: matter  (upstream grid size 1024)
#
#                           grid size 1024
# ╭────────────────────────────────────────────────────────────────╮
#                         component 0    (corrected)      (linear)
#                        σ₈ = 2.47e-01  σ₈ = 2.47e-01  σ₈ = 2.44e-01
#  k [Mpc⁻¹]    modes       P [Mpc³]       P [Mpc³]       P [Mpc³]
2.4543693e-02         3  5.2658522e+03  5.2658522e+03  5.2992822e+03
4.6570361e-02        25  2.8407810e+03  2.8834238e+03  2.8936352e+03
8.3521561e-02       124  1.2479891e+03  1.2200495e+03  1.2373829e+03
1.3383638e-01       418  5.7530573e+02  5.6872584e+02  5.5289305e+02
1.8592088e-01       730  3.0675062e+02  3.1365675e+02  3.0772459e+02
2.3260504e-01      1012  2.0918634e+02  2.0771477e+02  1.8925436e+02
2.7635505e-01      1408  1.5318014e+02  1.5337264e+02  1.3400521e+02
3.1919121e-01      1841  1.1414784e+02  1.1351400e+02  9.8318722e+01
3.6464415e-01      2698  8.8620485e+01  8.8057550e+01  7.3042407e+01
4.1290034e-01      3532  6.9551153e+01  7.0123639e+01  5.7440014e+01
4.6319578e-01      4702  5.5064158e+01  5.4016898e+01  4.2574033e+01
5.1570195e-01      6019  4.6290400e+01  4.6809380e+01  3.4634473e+01
5.7047444e-01      7766  3.8013631e+01  3.7974458e+01  2.7456715e+01
6.2844883e-01     10012  3.2545025e+01  3.2030865e+01  2.1454082e+01
6.8955465e-01     12589  2.7169664e+01  2.7250056e+01  1.7561802e+01
7.5323141e-01     15650  2.3298338e+01  2.3497060e+01  1.4475507e+01
8.2032763e-01     19757  1.9960042e+01  1.9897135e+01  1.1771557e+01
8.9088605e-01     24241  1.7416138e+01  1.7239607e+01  9.6117278e+00
9.6481958e-01     29993  1.5173265e+01  1.5049707e+01  7.9286294e+00
1.0423453e+00     36494  1.3226238e+01  1.3153595e+01  6.5965223e+00
1.1237267e+00     44825  1.1739107e+01  1.1688864e+01  5.5032182e+00
1.2089588e+00     53906  1.0435625e+01  1.0406816e+01  4.6172300e+00
1.2983336e+00     65729  9.2905969e+00  9.2643480e+00  3.8869812e+00
1.3921058e+00     78746  8.3245058e+00  8.2982335e+00  3.2820742e+00
1.4900211e+00     94374  7.4662036e+00  7.4430452e+00  2.7815168e+00
1.5921784e+00    112166  6.7410122e+00  6.7353796e+00  2.3657091e+00
1.6991083e+00    134373  6.0888640e+00  6.0896428e+00  2.0118290e+00
1.8110248e+00    159077  5.5520354e+00  5.5446088e+00  1.7178143e+00
1.9277595e+00    188172  5.0700705e+00  5.0638070e+00  1.4706096e+00
2.0497441e+00    222492  4.6422440e+00  4.6402732e+00  1.2616456e+00
2.1771282e+00    261771  4.2556277e+00  4.2519471e+00  1.0850680e+00
2.3098450e+00    306759  3.9073078e+00  3.9042913e+00  9.3520340e-01
2.4484375e+00    360898  3.6143488e+00  3.6112919e+00  8.0758776e-01
2.5937215e+00    425046  3.3423702e+00  3.3395839e+00  6.9815736e-01
2.7470320e+00    505555  3.0869514e+00  3.0842199e+00  6.0368988e-01
2.9094444e+00    600292  2.8465225e+00  2.8439666e+00  5.2181087e-01
3.0813867e+00    712930  2.6304132e+00  2.6280841e+00  4.5087081e-01
3.2634403e+00    846715  2.4385379e+00  2.4363688e+00  3.8947550e-01
3.4562097e+00   1005596  2.2627086e+00  2.2607186e+00  3.3632186e-01
3.6603648e+00   1194719  2.0990242e+00  2.0971642e+00  2.9031552e-01
3.8766358e+00   1419743  1.9412916e+00  1.9395470e+00  2.5052622e-01
4.1057220e+00   1686576  1.7937820e+00  1.7921719e+00  2.1609752e-01
4.3483372e+00   2003484  1.6561720e+00  1.6546793e+00  1.8635577e-01
4.6052142e+00   2378778  1.5303821e+00  1.5289946e+00  1.6066047e-01
4.8773359e+00   2828400  1.4088891e+00  1.4076039e+00  1.3846048e-01
5.1655179e+00   3356890  1.2985812e+00  1.2973959e+00  1.1929119e-01
5.4707002e+00   3990317  1.1962052e+00  1.1951136e+00  1.0274458e-01
5.7939476e+00   4738457  1.1016558e+00  1.1006316e+00  8.8472186e-02
6.1362572e+00   5629661  1.0163772e+00  1.0154530e+00  7.6157338e-02
6.4988210e+00   6687903  9.3883213e-01  9.3795539e-01  6.5541323e-02
6.8828355e+00   7945758  8.6813284e-01  8.6732820e-01  5.6387633e-02
7.2895050e+00   9436555  8.0357965e-01  8.0283571e-01  4.8500156e-02
7.7201584e+00  11210320  7.4459931e-01  7.4389117e-01  4.1707037e-02
8.1762927e+00  13318613  6.9074530e-01  6.9009094e-01  3.5853483e-02
8.6593661e+00  15819192  6.4124559e-01  6.4064658e-01  3.0815359e-02
9.1709925e+00  18795348  5.9437409e-01  5.9380633e-01  2.6477612e-02
9.7128705e+00  22326034  5.4988006e-01  5.4935547e-01  2.2745664e-02
1.0286736e+01  26520842  5.0844329e-01  5.0794566e-01  1.9534541e-02
1.0894484e+01  31503438  4.6982428e-01  4.6937567e-01  1.6777865e-02
1.1538156e+01  37426927  4.3375316e-01  4.3333755e-01  1.4406739e-02
1.2220385e+01  44525830  3.9996380e-01  3.9957829e-01  1.2366403e-02
