# Power spectrum from CO𝘕CEPT job 4559663 at t = 4.8106637 Gyr, a = 0.43478261
#
# Components:
#   0: matter  (upstream grid size 1024)
#
#                           grid size 1024
# ╭────────────────────────────────────────────────────────────────╮
#                         component 0    (corrected)      (linear)
#                        σ₈ = 4.17e-01  σ₈ = 4.16e-01  σ₈ = 4.03e-01
#  k [Mpc⁻¹]    modes       P [Mpc³]       P [Mpc³]       P [Mpc³]
2.4543693e-02         3  1.4291018e+04  1.4291018e+04  1.4468919e+04
4.6570361e-02        25  7.7206131e+03  7.8365068e+03  7.8990496e+03
8.3521561e-02       124  3.4196378e+03  3.3430802e+03  3.3775655e+03
1.3383638e-01       418  1.6227974e+03  1.6042371e+03  1.5091454e+03
1.8592088e-01       730  8.9043518e+02  9.1048227e+02  8.3994149e+02
2.3260504e-01      1012  6.3532460e+02  6.3085528e+02  5.1657276e+02
2.7635505e-01      1408  4.8182188e+02  4.8242740e+02  3.6576879e+02
3.1919121e-01      1841  3.8122488e+02  3.7910802e+02  2.6836185e+02
3.6464415e-01      2698  3.0107086e+02  2.9915840e+02  1.9936978e+02
4.1290034e-01      3532  2.5143085e+02  2.5350042e+02  1.5678286e+02
4.6319578e-01      4702  2.0832082e+02  2.0435879e+02  1.1620603e+02
5.1570195e-01      6019  1.7711361e+02  1.7909930e+02  9.4534935e+01
5.7047444e-01      7766  1.5103071e+02  1.5087507e+02  7.4943194e+01
6.2844883e-01     10012  1.3494880e+02  1.3281682e+02  5.8558976e+01
6.8955465e-01     12589  1.1923247e+02  1.1958527e+02  4.7934975e+01
7.5323141e-01     15650  1.0680290e+02  1.0771387e+02  3.9510917e+01
8.2032763e-01     19757  9.3647023e+01  9.3351883e+01  3.2130476e+01
8.9088605e-01     24241  8.5915547e+01  8.5044698e+01  2.6235215e+01
9.6481958e-01     29993  7.6657671e+01  7.6033438e+01  2.1641192e+01
1.0423453e+00     36494  7.0405153e+01  7.0018466e+01  1.8005202e+01
1.1237267e+00     44825  6.4034756e+01  6.3760688e+01  1.5021026e+01
1.2089588e+00     53906  5.9402031e+01  5.9238048e+01  1.2602719e+01
1.2983336e+00     65729  5.4537439e+01  5.4383353e+01  1.0609503e+01
1.3921058e+00     78746  5.0334698e+01  5.0175841e+01  8.9584084e+00
1.4900211e+00     94374  4.6401037e+01  4.6257112e+01  7.5921363e+00
1.5921784e+00    112166  4.3078015e+01  4.3042020e+01  6.4571886e+00
1.6991083e+00    134373  3.9894026e+01  3.9899129e+01  5.4912725e+00
1.8110248e+00    159077  3.6902423e+01  3.6853061e+01  4.6887591e+00
1.9277595e+00    188172  3.4293624e+01  3.4251259e+01  4.0140139e+00
2.0497441e+00    222492  3.1735571e+01  3.1722098e+01  3.4436468e+00
2.1771282e+00    261771  2.9317867e+01  2.9292510e+01  2.9616782e+00
2.3098450e+00    306759  2.7195628e+01  2.7174633e+01  2.5526230e+00
2.4484375e+00    360898  2.5071092e+01  2.5049888e+01  2.2042963e+00
2.5937215e+00    425046  2.3156460e+01  2.3137156e+01  1.9056063e+00
2.7470320e+00    505555  2.1333684e+01  2.1314807e+01  1.6477575e+00
2.9094444e+00    600292  1.9614366e+01  1.9596754e+01  1.4242691e+00
3.0813867e+00    712930  1.8009514e+01  1.7993568e+01  1.2306385e+00
3.2634403e+00    846715  1.6452008e+01  1.6437374e+01  1.0630603e+00
3.4562097e+00   1005596  1.5032894e+01  1.5019672e+01  9.1797774e-01
3.6603648e+00   1194719  1.3698385e+01  1.3686247e+01  7.9240377e-01
3.8766358e+00   1419743  1.2381985e+01  1.2370857e+01  6.8379919e-01
4.1057220e+00   1686576  1.1219495e+01  1.1209424e+01  5.8982639e-01
4.3483372e+00   2003484  1.0151793e+01  1.0142643e+01  5.0864664e-01
4.6052142e+00   2378778  9.1483208e+00  9.1400266e+00  4.3851165e-01
4.8773359e+00   2828400  8.2417582e+00  8.2342400e+00  3.7791709e-01
5.1655179e+00   3356890  7.4032304e+00  7.3964732e+00  3.2559486e-01
5.4707002e+00   3990317  6.6470574e+00  6.6409913e+00  2.8043121e-01
5.7939476e+00   4738457  5.9485276e+00  5.9429973e+00  2.4147504e-01
6.1362572e+00   5629661  5.3258624e+00  5.3210195e+00  2.0786198e-01
6.4988210e+00   6687903  4.7619919e+00  4.7575449e+00  1.7888587e-01
6.8828355e+00   7945758  4.2502572e+00  4.2463178e+00  1.5390118e-01
7.2895050e+00   9436555  3.7870556e+00  3.7835497e+00  1.3237261e-01
7.7201584e+00  11210320  3.3763494e+00  3.3731383e+00  1.1383109e-01
8.1762927e+00  13318613  3.0053794e+00  3.0025324e+00  9.7854099e-02
8.6593661e+00  15819192  2.6755724e+00  2.6730731e+00  8.4102820e-02
9.1709925e+00  18795348  2.3827234e+00  2.3804474e+00  7.2263215e-02
9.7128705e+00  22326034  2.1155553e+00  2.1135371e+00  6.2077129e-02
1.0286736e+01  26520842  1.8818209e+00  1.8799791e+00  5.3312625e-02
1.0894484e+01  31503438  1.6727573e+00  1.6711601e+00  4.5788526e-02
1.1538156e+01  37426927  1.4854612e+00  1.4840378e+00  3.9316777e-02
1.2220385e+01  44525830  1.3196252e+00  1.3183532e+00  3.3747920e-02
