# Power spectrum from CO𝘕CEPT job 4559663 at t = 3.2779515 Gyr, a = 0.33333333
#
# Components:
#   0: matter  (upstream grid size 1024)
#
#                           grid size 1024
# ╭────────────────────────────────────────────────────────────────╮
#                         component 0    (corrected)      (linear)
#                        σ₈ = 3.21e-01  σ₈ = 3.21e-01  σ₈ = 3.15e-01
#  k [Mpc⁻¹]    modes       P [Mpc³]       P [Mpc³]       P [Mpc³]
2.4543693e-02         3  8.7262082e+03  8.7262082e+03  8.8035420e+03
4.6570361e-02        25  4.7111233e+03  4.7818417e+03  4.8066610e+03
8.3521561e-02       124  2.0735173e+03  2.0270961e+03  2.0553684e+03
1.3383638e-01       418  9.6913676e+02  9.5805256e+02  9.1837991e+02
1.8592088e-01       730  5.2179463e+02  5.3354222e+02  5.1114258e+02
2.3260504e-01      1012  3.6373328e+02  3.6117453e+02  3.1435850e+02
2.7635505e-01      1408  2.7019840e+02  2.7053796e+02  2.2258747e+02
3.1919121e-01      1841  2.0669730e+02  2.0554955e+02  1.6331086e+02
3.6464415e-01      2698  1.6196668e+02  1.6093783e+02  1.2132598e+02
4.1290034e-01      3532  1.2987742e+02  1.3094646e+02  9.5409837e+01
4.6319578e-01      4702  1.0538556e+02  1.0338124e+02  7.0716919e+01
5.1570195e-01      6019  8.9141683e+01  9.0141086e+01  5.7529033e+01
5.7047444e-01      7766  7.4630381e+01  7.4553475e+01  4.5606527e+01
6.2844883e-01     10012  6.5276419e+01  6.4245156e+01  3.5635949e+01
6.8955465e-01     12589  5.6211630e+01  5.6377953e+01  2.9170737e+01
7.5323141e-01     15650  4.9083307e+01  4.9501961e+01  2.4044296e+01
8.2032763e-01     19757  4.2456379e+01  4.2322572e+01  1.9552944e+01
8.9088605e-01     24241  3.8085425e+01  3.7699387e+01  1.5965395e+01
9.6481958e-01     29993  3.3616639e+01  3.3342895e+01  1.3169712e+01
1.0423453e+00     36494  3.0086852e+01  2.9921606e+01  1.0957037e+01
1.1237267e+00     44825  2.7321792e+01  2.7204855e+01  9.1410225e+00
1.2089588e+00     53906  2.4769653e+01  2.4701274e+01  7.6693665e+00
1.2983336e+00     65729  2.2462353e+01  2.2398889e+01  6.4563989e+00
1.3921058e+00     78746  2.0524371e+01  2.0459596e+01  5.4516284e+00
1.4900211e+00     94374  1.8701881e+01  1.8643872e+01  4.6201860e+00
1.5921784e+00    112166  1.7204287e+01  1.7189911e+01  3.9295156e+00
1.6991083e+00    134373  1.5772588e+01  1.5774605e+01  3.3417090e+00
1.8110248e+00    159077  1.4569795e+01  1.4550306e+01  2.8533409e+00
1.9277595e+00    188172  1.3474643e+01  1.3457997e+01  2.4427259e+00
2.0497441e+00    222492  1.2519467e+01  1.2514152e+01  2.0956299e+00
2.1771282e+00    261771  1.1640506e+01  1.1630438e+01  1.8023287e+00
2.3098450e+00    306759  1.0780684e+01  1.0772362e+01  1.5533988e+00
2.4484375e+00    360898  1.0033434e+01  1.0024948e+01  1.3414251e+00
2.5937215e+00    425046  9.3208971e+00  9.3131270e+00  1.1596577e+00
2.7470320e+00    505555  8.6483970e+00  8.6407445e+00  1.0027442e+00
2.9094444e+00    600292  8.0144236e+00  8.0072272e+00  8.6674056e-01
3.0813867e+00    712930  7.4432138e+00  7.4366233e+00  7.4890691e-01
3.2634403e+00    846715  6.8884675e+00  6.8823403e+00  6.4692738e-01
3.4562097e+00   1005596  6.3577401e+00  6.3521485e+00  5.5863756e-01
3.6603648e+00   1194719  5.8716548e+00  5.8664519e+00  4.8221963e-01
3.8766358e+00   1419743  5.3954891e+00  5.3906400e+00  4.1612840e-01
4.1057220e+00   1686576  4.9599923e+00  4.9555401e+00  3.5894131e-01
4.3483372e+00   2003484  4.5381846e+00  4.5340944e+00  3.0953940e-01
4.6052142e+00   2378778  4.1508515e+00  4.1470882e+00  2.6685878e-01
4.8773359e+00   2828400  3.7867434e+00  3.7832891e+00  2.2998396e-01
5.1655179e+00   3356890  3.4498315e+00  3.4466827e+00  1.9814326e-01
5.4707002e+00   3990317  3.1295444e+00  3.1266884e+00  1.7065890e-01
5.7939476e+00   4738457  2.8371435e+00  2.8345059e+00  1.4695209e-01
6.1362572e+00   5629661  2.5703148e+00  2.5679776e+00  1.2649682e-01
6.4988210e+00   6687903  2.3277362e+00  2.3255624e+00  1.0886337e-01
6.8828355e+00   7945758  2.1063256e+00  2.1043733e+00  9.3658890e-02
7.2895050e+00   9436555  1.9019787e+00  1.9002179e+00  8.0557629e-02
7.7201584e+00  11210320  1.7170867e+00  1.7154537e+00  6.9274130e-02
8.1762927e+00  13318613  1.5476696e+00  1.5462034e+00  5.9551275e-02
8.6593661e+00  15819192  1.3936278e+00  1.3923260e+00  5.1182875e-02
9.1709925e+00  18795348  1.2536267e+00  1.2524292e+00  4.3977823e-02
9.7128705e+00  22326034  1.1273779e+00  1.1263023e+00  3.7779020e-02
1.0286736e+01  26520842  1.0115936e+00  1.0106035e+00  3.2445320e-02
1.0894484e+01  31503438  9.0853314e-01  9.0766561e-01  2.7866471e-02
1.1538156e+01  37426927  8.1597393e-01  8.1519209e-01  2.3928028e-02
1.2220385e+01  44525830  7.3296976e-01  7.3226328e-01  2.0539040e-02
