# Power spectrum from CO𝘕CEPT job 4701039 at t = 12.444742 Gyr, a = 0.90909091
#
# Components:
#   0: matter  (upstream grid size 1024)
#
#                           grid size 1024
# ╭────────────────────────────────────────────────────────────────╮
#                         component 0    (corrected)      (linear)
#                        σ₈ = 7.54e-01  σ₈ = 7.54e-01  σ₈ = 6.92e-01
#  k [Mpc⁻¹]    modes       P [Mpc³]       P [Mpc³]       P [Mpc³]
3.0679616e-03         3  4.0438997e+04  4.0438997e+04  4.0435081e+04
5.8212951e-03        25  5.8692877e+04  5.8996311e+04  5.8960424e+04
1.0440195e-02       124  6.7124562e+04  6.7896461e+04  6.8606819e+04
1.6729547e-02       418  6.0547724e+04  6.1099414e+04  6.1087576e+04
2.3240110e-02       730  4.5922349e+04  4.5932265e+04  4.6820227e+04
2.9075630e-02      1012  3.6500708e+04  3.6411612e+04  3.6506212e+04
3.4544381e-02      1408  3.0510837e+04  3.0437576e+04  3.0384822e+04
3.9898901e-02      1841  2.6319149e+04  2.6295556e+04  2.6780587e+04
4.5580519e-02      2698  2.3747508e+04  2.3767020e+04  2.4022811e+04
5.1612543e-02      3532  2.0569424e+04  2.0601917e+04  2.1042198e+04
5.7899473e-02      4702  1.7261285e+04  1.7266929e+04  1.7582608e+04
6.4462744e-02      6019  1.4430546e+04  1.4398278e+04  1.4242563e+04
7.1309305e-02      7766  1.2108593e+04  1.2062317e+04  1.1808934e+04
7.8556104e-02     10012  1.0813538e+04  1.0787074e+04  1.0479025e+04
8.6194331e-02     12589  1.0054253e+04  1.0064959e+04  9.7733268e+03
9.4153926e-02     15650  9.0802887e+03  9.1061658e+03  8.8940704e+03
1.0254095e-01     19757  7.8472138e+03  7.8520522e+03  7.5103661e+03
1.1136076e-01     24241  6.7481552e+03  6.7255846e+03  6.0760464e+03
1.2060245e-01     29993  5.8814357e+03  5.8597444e+03  5.1145036e+03
1.3029316e-01     36494  5.2775870e+03  5.2782945e+03  4.5732400e+03
1.4046583e-01     44825  4.7484642e+03  4.7556099e+03  4.0624116e+03
1.5111985e-01     53906  4.2861858e+03  4.2776993e+03  3.4775080e+03
1.6229170e-01     65729  3.8466840e+03  3.8352006e+03  3.0482251e+03
1.7401323e-01     78746  3.5274593e+03  3.5328097e+03  2.8035300e+03
1.8625264e-01     94374  3.2048046e+03  3.2114374e+03  2.4926808e+03
1.9902230e-01    112166  2.8882956e+03  2.8829751e+03  2.0799709e+03
2.1238854e-01    134373  2.6140836e+03  2.6054216e+03  1.7543720e+03
2.2637810e-01    159077  2.4134997e+03  2.4107536e+03  1.5626005e+03
2.4096993e-01    188172  2.2206548e+03  2.2203538e+03  1.4217525e+03
2.5621802e-01    222492  2.0516782e+03  2.0536032e+03  1.2888677e+03
2.7214102e-01    261771  1.9031366e+03  1.9053678e+03  1.1313213e+03
2.8873063e-01    306759  1.7577632e+03  1.7536839e+03  9.5322942e+02
3.0605468e-01    360898  1.6360168e+03  1.6296246e+03  8.2514999e+02
3.2421519e-01    425046  1.5210482e+03  1.5218691e+03  7.6422798e+02
3.4337900e-01    505555  1.4203564e+03  1.4244279e+03  6.9722532e+02
3.6368055e-01    600292  1.3269180e+03  1.3251502e+03  5.9174284e+02
3.8517334e-01    712930  1.2406337e+03  1.2343871e+03  5.0339229e+02
4.0793004e-01    846715  1.1642529e+03  1.1655073e+03  4.6477010e+02
4.3202621e-01   1005596  1.0892741e+03  1.0934968e+03  4.1866516e+02
4.5754560e-01   1194719  1.0227813e+03  1.0175056e+03  3.4800786e+02
4.8457948e-01   1419743  9.5899120e+02  9.5768843e+02  3.1144114e+02
5.1321525e-01   1686576  9.0320679e+02  9.0694825e+02  2.8331930e+02
5.4354215e-01   2003484  8.4743340e+02  8.4141751e+02  2.3563893e+02
5.7565178e-01   2378778  7.9952959e+02  8.0165514e+02  2.1440043e+02
6.0966698e-01   2828400  7.5332955e+02  7.5304782e+02  1.8699420e+02
6.4568974e-01   3356890  7.1104652e+02  7.0855763e+02  1.6079778e+02
6.8383752e-01   3990317  6.7152271e+02  6.7470021e+02  1.4498431e+02
7.2424344e-01   4738457  6.3536180e+02  6.3188036e+02  1.2280206e+02
7.6703215e-01   5629661  6.0178603e+02  6.0427488e+02  1.1053990e+02
8.1235262e-01   6687903  5.7065134e+02  5.6829930e+02  9.4342495e+01
8.6035444e-01   7945758  5.4152421e+02  5.4196346e+02  8.3448870e+01
9.1118812e-01   9436555  5.1398511e+02  5.1530985e+02  7.2869258e+01
9.6501980e-01  11210320  4.8722142e+02  4.8479719e+02  6.2765381e+01
1.0220366e+00  13318613  4.6137505e+02  4.6230274e+02  5.5403909e+01
1.0824208e+00  15819192  4.3572611e+02  4.3597544e+02  4.8111580e+01
1.1463741e+00  18795348  4.1088130e+02  4.0939153e+02  4.1611024e+01
1.2141088e+00  22326034  3.8645867e+02  3.8552320e+02  3.6277941e+01
1.2858419e+00  26520842  3.6273390e+02  3.6232493e+02  3.1624147e+01
1.3618105e+00  31503438  3.3977743e+02  3.4019205e+02  2.7538352e+01
1.4422695e+00  37426927  3.1753607e+02  3.1771779e+02  2.3911066e+01
1.5275481e+00  44525830  2.9623582e+02  2.9641103e+02  2.0753871e+01
