# Power spectrum from CO𝘕CEPT job 4701039 at t = 3.6248229 Gyr, a = 0.35714286
#
# Components:
#   0: matter  (upstream grid size 1024)
#
#                           grid size 1024
# ╭────────────────────────────────────────────────────────────────╮
#                         component 0    (corrected)      (linear)
#                        σ₈ = 3.31e-01  σ₈ = 3.31e-01  σ₈ = 3.27e-01
#  k [Mpc⁻¹]    modes       P [Mpc³]       P [Mpc³]       P [Mpc³]
3.0679616e-03         3  8.9785549e+03  8.9785549e+03  8.9800169e+03
5.8212951e-03        25  1.3039699e+04  1.3107113e+04  1.3103188e+04
1.0440195e-02       124  1.5017766e+04  1.5190462e+04  1.5258766e+04
1.6729547e-02       418  1.3488133e+04  1.3611032e+04  1.3594495e+04
2.3240110e-02       730  1.0343244e+04  1.0345477e+04  1.0423014e+04
2.9075630e-02      1012  8.1521089e+03  8.1322100e+03  8.1284467e+03
3.4544381e-02      1408  6.7978386e+03  6.7815161e+03  6.7662513e+03
3.9898901e-02      1841  5.9269542e+03  5.9216411e+03  5.9641219e+03
4.5580519e-02      2698  5.3251861e+03  5.3295617e+03  5.3502891e+03
5.1612543e-02      3532  4.6381129e+03  4.6454397e+03  4.6866829e+03
5.7899473e-02      4702  3.8803027e+03  3.8815714e+03  3.9162831e+03
6.4462744e-02      6019  3.1797020e+03  3.1725920e+03  3.1724279e+03
7.1309305e-02      7766  2.6401274e+03  2.6300375e+03  2.6304165e+03
7.8556104e-02     10012  2.3428896e+03  2.3371557e+03  2.3342266e+03
8.6194331e-02     12589  2.1830381e+03  2.1853626e+03  2.1770646e+03
9.4153926e-02     15650  1.9776872e+03  1.9833233e+03  1.9812304e+03
1.0254095e-01     19757  1.6757731e+03  1.6768064e+03  1.6730160e+03
1.1136076e-01     24241  1.3805333e+03  1.3759158e+03  1.3535175e+03
1.2060245e-01     29993  1.1708156e+03  1.1664975e+03  1.1393298e+03
1.3029316e-01     36494  1.0408330e+03  1.0409725e+03  1.0187617e+03
1.4046583e-01     44825  9.2994537e+02  9.3134479e+02  9.0497127e+02
1.5111985e-01     53906  8.0709480e+02  8.0549677e+02  7.7467746e+02
1.6229170e-01     65729  7.0894990e+02  7.0683349e+02  6.7904950e+02
1.7401323e-01     78746  6.4689058e+02  6.4787178e+02  6.2454103e+02
1.8625264e-01     94374  5.7705992e+02  5.7825423e+02  5.5529483e+02
1.9902230e-01    112166  4.9253878e+02  4.9163147e+02  4.6335647e+02
2.1238854e-01    134373  4.2703047e+02  4.2561548e+02  3.9082340e+02
2.2637810e-01    159077  3.8285032e+02  3.8241471e+02  3.4810286e+02
2.4096993e-01    188172  3.4468224e+02  3.4463551e+02  3.1672641e+02
2.5621802e-01    222492  3.1214997e+02  3.1244285e+02  2.8712380e+02
2.7214102e-01    261771  2.7751107e+02  2.7783643e+02  2.5202716e+02
2.8873063e-01    306759  2.4339954e+02  2.4283469e+02  2.1235341e+02
3.0605468e-01    360898  2.1659884e+02  2.1575255e+02  1.8382099e+02
3.2421519e-01    425046  1.9734296e+02  1.9744947e+02  1.7024935e+02
3.4337900e-01    505555  1.7753577e+02  1.7804469e+02  1.5532308e+02
3.6368055e-01    600292  1.5799501e+02  1.5778453e+02  1.3182450e+02
3.8517334e-01    712930  1.4112545e+02  1.4041489e+02  1.1214242e+02
4.0793004e-01    846715  1.2719413e+02  1.2733118e+02  1.0353848e+02
4.3202621e-01   1005596  1.1445300e+02  1.1489669e+02  9.3267562e+01
4.5754560e-01   1194719  1.0202610e+02  1.0149982e+02  7.7527011e+01
4.8457948e-01   1419743  9.1480983e+01  9.1356707e+01  6.9380932e+01
5.1321525e-01   1686576  8.2190025e+01  8.2530491e+01  6.3116146e+01
5.4354215e-01   2003484  7.3576337e+01  7.3054022e+01  5.2494221e+01
5.7565178e-01   2378778  6.6056466e+01  6.6232076e+01  4.7762850e+01
6.0966698e-01   2828400  5.9215798e+01  5.9193652e+01  4.1657464e+01
6.4568974e-01   3356890  5.3172899e+01  5.2986777e+01  3.5821591e+01
6.8383752e-01   3990317  4.7972695e+01  4.8199690e+01  3.2298767e+01
7.2424344e-01   4738457  4.3460359e+01  4.3222220e+01  2.7357138e+01
7.6703215e-01   5629661  3.9840229e+01  4.0004999e+01  2.4625453e+01
8.1235262e-01   6687903  3.7109432e+01  3.6956479e+01  2.1017091e+01
8.6035444e-01   7945758  3.5442844e+01  3.5471593e+01  1.8590274e+01
9.1118812e-01   9436555  3.5036176e+01  3.5126478e+01  1.6233411e+01
9.6501980e-01  11210320  3.6035278e+01  3.5855981e+01  1.3982529e+01
1.0220366e+00  13318613  3.8691349e+01  3.8769146e+01  1.2342583e+01
1.0824208e+00  15819192  4.3207514e+01  4.3232238e+01  1.0718040e+01
1.1463741e+00  18795348  4.9538921e+01  4.9359303e+01  9.2698838e+00
1.2141088e+00  22326034  5.6864466e+01  5.6726819e+01  8.0818101e+00
1.2858419e+00  26520842  6.4011465e+01  6.3939295e+01  7.0450646e+00
1.3618105e+00  31503438  6.9425681e+01  6.9510398e+01  6.1348542e+00
1.4422695e+00  37426927  7.2184530e+01  7.2225841e+01  5.3267879e+00
1.5275481e+00  44525830  7.2915820e+01  7.2958946e+01  4.6234457e+00
