# Power spectrum from CO𝘕CEPT job 4701039 at t = 5.8532483 Gyr, a = 0.5
#
# Components:
#   0: matter  (upstream grid size 1024)
#
#                           grid size 1024
# ╭────────────────────────────────────────────────────────────────╮
#                         component 0    (corrected)      (linear)
#                        σ₈ = 4.60e-01  σ₈ = 4.60e-01  σ₈ = 4.44e-01
#  k [Mpc⁻¹]    modes       P [Mpc³]       P [Mpc³]       P [Mpc³]
3.0679616e-03         3  1.6638828e+04  1.6638828e+04  1.6627267e+04
5.8212951e-03        25  2.4159231e+04  2.4284131e+04  2.4254349e+04
1.0440195e-02       124  2.7762610e+04  2.8081866e+04  2.8235272e+04
1.6729547e-02       418  2.4973968e+04  2.5201523e+04  2.5149875e+04
2.3240110e-02       730  1.9085245e+04  1.9089366e+04  1.9280140e+04
2.9075630e-02      1012  1.5084975e+04  1.5048153e+04  1.5034709e+04
3.4544381e-02      1408  1.2589298e+04  1.2559070e+04  1.2514618e+04
3.9898901e-02      1841  1.0938721e+04  1.0928915e+04  1.1030718e+04
4.5580519e-02      2698  9.8421457e+03  9.8502327e+03  9.8952147e+03
5.1612543e-02      3532  8.5579907e+03  8.5715098e+03  8.6677503e+03
5.7899473e-02      4702  7.1653286e+03  7.1676714e+03  7.2428485e+03
6.4462744e-02      6019  5.9059844e+03  5.8927783e+03  5.8670908e+03
7.1309305e-02      7766  4.9157687e+03  4.8969819e+03  4.8646566e+03
7.8556104e-02     10012  4.3699382e+03  4.3592435e+03  4.3168600e+03
8.6194331e-02     12589  4.0723764e+03  4.0767128e+03  4.0261881e+03
9.4153926e-02     15650  3.6876063e+03  3.6981154e+03  3.6640039e+03
1.0254095e-01     19757  3.1403794e+03  3.1423157e+03  3.0939948e+03
1.1136076e-01     24241  2.6188506e+03  2.6100913e+03  2.5031227e+03
1.2060245e-01     29993  2.2389652e+03  2.2307076e+03  2.1070104e+03
1.3029316e-01     36494  1.9945633e+03  1.9948306e+03  1.8840352e+03
1.4046583e-01     44825  1.7880624e+03  1.7907532e+03  1.6735954e+03
1.5111985e-01     53906  1.5701157e+03  1.5670069e+03  1.4326364e+03
1.6229170e-01     65729  1.3876789e+03  1.3835363e+03  1.2557870e+03
1.7401323e-01     78746  1.2668957e+03  1.2688173e+03  1.1549817e+03
1.8625264e-01     94374  1.1368430e+03  1.1391958e+03  1.0269218e+03
1.9902230e-01    112166  9.8746694e+02  9.8564794e+02  8.5689707e+02
2.1238854e-01    134373  8.7088023e+02  8.6799452e+02  7.2275934e+02
2.2637810e-01    159077  7.8816558e+02  7.8726880e+02  6.4375484e+02
2.4096993e-01    188172  7.1297738e+02  7.1288073e+02  5.8572935e+02
2.5621802e-01    222492  6.5007683e+02  6.5068678e+02  5.3098434e+02
2.7214102e-01    261771  5.8614807e+02  5.8683527e+02  4.6607918e+02
2.8873063e-01    306759  5.2509215e+02  5.2387357e+02  3.9270955e+02
3.0605468e-01    360898  4.7460711e+02  4.7275274e+02  3.3994385e+02
3.2421519e-01    425046  4.3550627e+02  4.3574131e+02  3.1484548e+02
3.4337900e-01    505555  3.9598494e+02  3.9712006e+02  2.8724197e+02
3.6368055e-01    600292  3.5981462e+02  3.5933528e+02  2.4378554e+02
3.8517334e-01    712930  3.2816353e+02  3.2651123e+02  2.0738706e+02
4.0793004e-01    846715  2.9941409e+02  2.9973669e+02  1.9147560e+02
4.3202621e-01   1005596  2.7351250e+02  2.7457281e+02  1.7248138e+02
4.5754560e-01   1194719  2.4955850e+02  2.4827122e+02  1.4337208e+02
4.8457948e-01   1419743  2.2805441e+02  2.2774461e+02  1.2830737e+02
5.1321525e-01   1686576  2.0886050e+02  2.0972569e+02  1.1672178e+02
5.4354215e-01   2003484  1.9142161e+02  1.9006272e+02  9.7078459e+01
5.7565178e-01   2378778  1.7558488e+02  1.7605167e+02  8.8328646e+01
6.0966698e-01   2828400  1.6148196e+02  1.6142157e+02  7.7037845e+01
6.4568974e-01   3356890  1.4872109e+02  1.4820052e+02  6.6245461e+01
6.8383752e-01   3990317  1.3761319e+02  1.3826434e+02  5.9730639e+01
7.2424344e-01   4738457  1.2795955e+02  1.2725840e+02  5.0592000e+01
7.6703215e-01   5629661  1.1995859e+02  1.2045471e+02  4.5540245e+01
8.1235262e-01   6687903  1.1362973e+02  1.1316138e+02  3.8867240e+01
8.6035444e-01   7945758  1.0902329e+02  1.0911172e+02  3.4379287e+01
9.1118812e-01   9436555  1.0622995e+02  1.0650374e+02  3.0020699e+01
9.6501980e-01  11210320  1.0512901e+02  1.0460593e+02  2.5858105e+01
1.0220366e+00  13318613  1.0533370e+02  1.0554550e+02  2.2825326e+01
1.0824208e+00  15819192  1.0645132e+02  1.0651223e+02  1.9821032e+01
1.1463741e+00  18795348  1.0776386e+02  1.0737313e+02  1.7142933e+01
1.2141088e+00  22326034  1.0856187e+02  1.0829909e+02  1.4945809e+01
1.2858419e+00  26520842  1.0836861e+02  1.0824643e+02  1.3028538e+01
1.3618105e+00  31503438  1.0736071e+02  1.0749172e+02  1.1345272e+01
1.4422695e+00  37426927  1.0564476e+02  1.0570522e+02  9.8509015e+00
1.5275481e+00  44525830  1.0355331e+02  1.0361456e+02  8.5501996e+00
