# Power spectrum from CO𝘕CEPT job 4701039 at t = 2.5066437 Gyr, a = 0.27777778
#
# Components:
#   0: matter  (upstream grid size 1024)
#
#                           grid size 1024
# ╭────────────────────────────────────────────────────────────────╮
#                         component 0    (corrected)      (linear)
#                        σ₈ = 2.58e-01  σ₈ = 2.58e-01  σ₈ = 2.57e-01
#  k [Mpc⁻¹]    modes       P [Mpc³]       P [Mpc³]       P [Mpc³]
3.0679616e-03         3  5.5365015e+03  5.5365015e+03  5.5372188e+03
5.8212951e-03        25  8.0422530e+03  8.0838304e+03  8.0816402e+03
1.0440195e-02       124  9.2745076e+03  9.3811597e+03  9.4135728e+03
1.6729547e-02       418  8.3215310e+03  8.3973540e+03  8.3882209e+03
2.3240110e-02       730  6.3940781e+03  6.3954588e+03  6.4318906e+03
2.9075630e-02      1012  5.0308338e+03  5.0185538e+03  5.0161736e+03
3.4544381e-02      1408  4.1930232e+03  4.1829552e+03  4.1756574e+03
3.9898901e-02      1841  3.6632832e+03  3.6599994e+03  3.6807058e+03
4.5580519e-02      2698  3.2885134e+03  3.2912155e+03  3.3019290e+03
5.1612543e-02      3532  2.8669405e+03  2.8714694e+03  2.8924146e+03
5.7899473e-02      4702  2.3976968e+03  2.3984807e+03  2.4169767e+03
6.4462744e-02      6019  1.9588576e+03  1.9544775e+03  1.9579103e+03
7.1309305e-02      7766  1.6249161e+03  1.6187061e+03  1.6234078e+03
7.8556104e-02     10012  1.4407200e+03  1.4371941e+03  1.4406145e+03
8.6194331e-02     12589  1.3417856e+03  1.3432144e+03  1.3436229e+03
9.4153926e-02     15650  1.2157488e+03  1.2192135e+03  1.2227626e+03
1.0254095e-01     19757  1.0279752e+03  1.0286090e+03  1.0325430e+03
1.1136076e-01     24241  8.4187419e+02  8.3905836e+02  8.3535812e+02
1.2060245e-01     29993  7.1115818e+02  7.0853536e+02  7.0316762e+02
1.3029316e-01     36494  6.3175328e+02  6.3183797e+02  6.2875655e+02
1.4046583e-01     44825  5.6300026e+02  5.6384748e+02  5.5852822e+02
1.5111985e-01     53906  4.8594506e+02  4.8498290e+02  4.7811418e+02
1.6229170e-01     65729  4.2562644e+02  4.2435583e+02  4.1909497e+02
1.7401323e-01     78746  3.8833172e+02  3.8892074e+02  3.8545372e+02
1.8625264e-01     94374  3.4540266e+02  3.4611751e+02  3.4271658e+02
1.9902230e-01    112166  2.9202831e+02  2.9149037e+02  2.8597423e+02
2.1238854e-01    134373  2.5057419e+02  2.4974390e+02  2.4120838e+02
2.2637810e-01    159077  2.2357323e+02  2.2331885e+02  2.1484219e+02
2.4096993e-01    188172  2.0103222e+02  2.0100497e+02  1.9547732e+02
2.5621802e-01    222492  1.8143370e+02  1.8160393e+02  1.7720722e+02
2.7214102e-01    261771  1.6018056e+02  1.6036835e+02  1.5554629e+02
2.8873063e-01    306759  1.3844853e+02  1.3812723e+02  1.3106044e+02
3.0605468e-01    360898  1.2201372e+02  1.2153699e+02  1.1345080e+02
3.2421519e-01    425046  1.1090010e+02  1.1095995e+02  1.0507466e+02
3.4337900e-01    505555  9.9449398e+01  9.9734477e+01  9.5862462e+01
3.6368055e-01    600292  8.7137529e+01  8.7021445e+01  8.1359593e+01
3.8517334e-01    712930  7.6638448e+01  7.6252574e+01  6.9212194e+01
4.0793004e-01    846715  6.8794236e+01  6.8868358e+01  6.3902008e+01
4.3202621e-01   1005596  6.1420849e+01  6.1658956e+01  5.7562997e+01
4.5754560e-01   1194719  5.3695520e+01  5.3418546e+01  4.7848227e+01
4.8457948e-01   1419743  4.7611568e+01  4.7546889e+01  4.2820622e+01
5.1321525e-01   1686576  4.2302487e+01  4.2477722e+01  3.8954115e+01
5.4354215e-01   2003484  3.7192452e+01  3.6928424e+01  3.2398462e+01
5.7565178e-01   2378778  3.2869147e+01  3.2956529e+01  2.9478350e+01
6.0966698e-01   2828400  2.8975788e+01  2.8964951e+01  2.5710220e+01
6.4568974e-01   3356890  2.5516639e+01  2.5427323e+01  2.2108428e+01
6.8383752e-01   3990317  2.2550598e+01  2.2657302e+01  1.9934207e+01
7.2424344e-01   4738457  1.9974232e+01  1.9864784e+01  1.6884325e+01
7.6703215e-01   5629661  1.7908391e+01  1.7982455e+01  1.5198380e+01
8.1235262e-01   6687903  1.6356544e+01  1.6289127e+01  1.2971366e+01
8.6035444e-01   7945758  1.5498269e+01  1.5510840e+01  1.1473580e+01
9.1118812e-01   9436555  1.5452279e+01  1.5492106e+01  1.0018967e+01
9.6501980e-01  11210320  1.6347537e+01  1.6266198e+01  8.6297639e+00
1.0220366e+00  13318613  1.8513671e+01  1.8550896e+01  7.6176198e+00
1.0824208e+00  15819192  2.2381183e+01  2.2393990e+01  6.6149818e+00
1.1463741e+00  18795348  2.8537529e+01  2.8434058e+01  5.7212062e+00
1.2141088e+00  22326034  3.7276431e+01  3.7186199e+01  4.9879490e+00
1.2858419e+00  26520842  4.8563506e+01  4.8508754e+01  4.3480887e+00
1.3618105e+00  31503438  6.0614845e+01  6.0688811e+01  3.7863235e+00
1.4422695e+00  37426927  6.9433993e+01  6.9473729e+01  3.2875997e+00
1.5275481e+00  44525830  7.1999631e+01  7.2042215e+01  2.8535097e+00
