# Power spectrum from CO𝘕CEPT job 4701039 at t = 4.810522 Gyr, a = 0.43478261
#
# Components:
#   0: matter  (upstream grid size 1024)
#
#                           grid size 1024
# ╭────────────────────────────────────────────────────────────────╮
#                         component 0    (corrected)      (linear)
#                        σ₈ = 4.02e-01  σ₈ = 4.02e-01  σ₈ = 3.92e-01
#  k [Mpc⁻¹]    modes       P [Mpc³]       P [Mpc³]       P [Mpc³]
3.0679616e-03         3  1.2956254e+04  1.2956254e+04  1.2952193e+04
5.8212951e-03        25  1.8813984e+04  1.8911250e+04  1.8895744e+04
1.0440195e-02       124  2.1641342e+04  2.1890207e+04  2.2000001e+04
1.6729547e-02       418  1.9454438e+04  1.9631700e+04  1.9597836e+04
2.3240110e-02       730  1.4890065e+04  1.4893281e+04  1.5024708e+04
2.9075630e-02      1012  1.1754472e+04  1.1725780e+04  1.1716649e+04
3.4544381e-02      1408  9.8062766e+03  9.7827305e+03  9.7528985e+03
3.9898901e-02      1841  8.5336268e+03  8.5259770e+03  8.5965690e+03
4.5580519e-02      2698  7.6733555e+03  7.6796605e+03  7.7117089e+03
5.1612543e-02      3532  6.6772044e+03  6.6877523e+03  6.7551486e+03
5.7899473e-02      4702  5.5885212e+03  5.5903485e+03  5.6446929e+03
6.4462744e-02      6019  4.5939646e+03  4.5836923e+03  4.5725198e+03
7.1309305e-02      7766  3.8191241e+03  3.8045284e+03  3.7912852e+03
7.8556104e-02     10012  3.3923237e+03  3.3840215e+03  3.3643675e+03
8.6194331e-02     12589  3.1614678e+03  3.1648341e+03  3.1378379e+03
9.4153926e-02     15650  2.8634912e+03  2.8716516e+03  2.8555723e+03
1.0254095e-01     19757  2.4326638e+03  2.4341637e+03  2.4113345e+03
1.1136076e-01     24241  2.0171390e+03  2.0103922e+03  1.9508351e+03
1.2060245e-01     29993  1.7181273e+03  1.7117907e+03  1.6421225e+03
1.3029316e-01     36494  1.5289671e+03  1.5291721e+03  1.4683455e+03
1.4046583e-01     44825  1.3688869e+03  1.3709469e+03  1.3043376e+03
1.5111985e-01     53906  1.1954632e+03  1.1930962e+03  1.1165439e+03
1.6229170e-01     65729  1.0535309e+03  1.0503858e+03  9.7871456e+02
1.7401323e-01     78746  9.6152960e+02  9.6298804e+02  9.0015097e+02
1.8625264e-01     94374  8.6047293e+02  8.6225380e+02  8.0034604e+02
1.9902230e-01    112166  7.4156026e+02  7.4019424e+02  6.6783506e+02
2.1238854e-01    134373  6.4925196e+02  6.4710062e+02  5.6329305e+02
2.2637810e-01    159077  5.8505123e+02  5.8438555e+02  5.0171986e+02
2.4096993e-01    188172  5.2793518e+02  5.2786362e+02  4.5649693e+02
2.5621802e-01    222492  4.7989616e+02  4.8034642e+02  4.1383067e+02
2.7214102e-01    261771  4.2988581e+02  4.3038981e+02  3.6324591e+02
2.8873063e-01    306759  3.8179429e+02  3.8090827e+02  3.0606422e+02
3.0605468e-01    360898  3.4276743e+02  3.4142818e+02  2.6494049e+02
3.2421519e-01    425046  3.1347425e+02  3.1364343e+02  2.4537972e+02
3.4337900e-01    505555  2.8351495e+02  2.8432766e+02  2.2386651e+02
3.6368055e-01    600292  2.5548734e+02  2.5514698e+02  1.8999808e+02
3.8517334e-01    712930  2.3107274e+02  2.2990929e+02  1.6163037e+02
4.0793004e-01    846715  2.0956267e+02  2.0978846e+02  1.4922953e+02
4.3202621e-01   1005596  1.9016067e+02  1.9089785e+02  1.3442610e+02
4.5754560e-01   1194719  1.7196956e+02  1.7108250e+02  1.1173931e+02
4.8457948e-01   1419743  1.5589805e+02  1.5568627e+02  9.9998396e+01
5.1321525e-01   1686576  1.4163888e+02  1.4222561e+02  9.0968984e+01
5.4354215e-01   2003484  1.2858304e+02  1.2767024e+02  7.5659652e+01
5.7565178e-01   2378778  1.1695845e+02  1.1726938e+02  6.8840348e+01
6.0966698e-01   2828400  1.0644096e+02  1.0640115e+02  6.0040683e+01
6.4568974e-01   3356890  9.7054289e+01  9.6714568e+01  5.1629467e+01
6.8383752e-01   3990317  8.8969778e+01  8.9390763e+01  4.6552037e+01
7.2424344e-01   4738457  8.1911403e+01  8.1462573e+01  3.9429693e+01
7.6703215e-01   5629661  7.6200080e+01  7.6515225e+01  3.5492528e+01
8.1235262e-01   6687903  7.1816837e+01  7.1520831e+01  3.0291814e+01
8.6035444e-01   7945758  6.8862254e+01  6.8918110e+01  2.6794056e+01
9.1118812e-01   9436555  6.7544131e+01  6.7718219e+01  2.3397121e+01
9.6501980e-01  11210320  6.7915326e+01  6.7577406e+01  2.0152936e+01
1.0220366e+00  13318613  6.9884236e+01  7.0024752e+01  1.7789291e+01
1.0824208e+00  15819192  7.3271068e+01  7.3312995e+01  1.5447846e+01
1.1463741e+00  18795348  7.7464754e+01  7.7183883e+01  1.3360626e+01
1.2141088e+00  22326034  8.1450309e+01  8.1253149e+01  1.1648262e+01
1.2858419e+00  26520842  8.4369787e+01  8.4274665e+01  1.0154006e+01
1.3618105e+00  31503438  8.5907969e+01  8.6012799e+01  8.8421252e+00
1.4422695e+00  37426927  8.6204305e+01  8.6253639e+01  7.6774636e+00
1.5275481e+00  44525830  8.5820680e+01  8.5871439e+01  6.6637405e+00
