# Power spectrum from CO𝘕CEPT job 4701039 at t = 4.5274663 Gyr, a = 0.41666667
#
# Components:
#   0: matter  (upstream grid size 1024)
#
#                           grid size 1024
# ╭────────────────────────────────────────────────────────────────╮
#                         component 0    (corrected)      (linear)
#                        σ₈ = 3.86e-01  σ₈ = 3.86e-01  σ₈ = 3.77e-01
#  k [Mpc⁻¹]    modes       P [Mpc³]       P [Mpc³]       P [Mpc³]
3.0679616e-03         3  1.1982293e+04  1.1982293e+04  1.1980448e+04
5.8212951e-03        25  1.7400189e+04  1.7490145e+04  1.7478747e+04
1.0440195e-02       124  2.0020715e+04  2.0250943e+04  2.0351046e+04
1.6729547e-02       418  1.7993977e+04  1.8157932e+04  1.8129459e+04
2.3240110e-02       730  1.3778293e+04  1.3781268e+04  1.3899202e+04
2.9075630e-02      1012  1.0872879e+04  1.0846339e+04  1.0839044e+04
3.4544381e-02      1408  9.0698488e+03  9.0480710e+03  9.0224307e+03
3.9898901e-02      1841  7.8962357e+03  7.8891573e+03  7.9527359e+03
4.5580519e-02      2698  7.0989251e+03  7.1047581e+03  7.1341661e+03
5.1612543e-02      3532  6.1786570e+03  6.1884174e+03  6.2492573e+03
5.7899473e-02      4702  5.1707410e+03  5.1724317e+03  5.2219717e+03
6.4462744e-02      6019  4.2473685e+03  4.2378711e+03  4.2300971e+03
7.1309305e-02      7766  3.5298882e+03  3.5163979e+03  3.5073704e+03
7.8556104e-02     10012  3.1347135e+03  3.1270418e+03  3.1124254e+03
8.6194331e-02     12589  2.9213318e+03  2.9244425e+03  2.9028614e+03
9.4153926e-02     15650  2.6461389e+03  2.6536799e+03  2.6417346e+03
1.0254095e-01     19757  2.2465724e+03  2.2479576e+03  2.2307642e+03
1.1136076e-01     24241  1.8599338e+03  1.8537129e+03  1.8047495e+03
1.2060245e-01     29993  1.5825971e+03  1.5767604e+03  1.5191549e+03
1.3029316e-01     36494  1.4079836e+03  1.4081724e+03  1.3583912e+03
1.4046583e-01     44825  1.2600266e+03  1.2619228e+03  1.2066650e+03
1.5111985e-01     53906  1.0987485e+03  1.0965730e+03  1.0329341e+03
1.6229170e-01     65729  9.6753809e+02  9.6464972e+02  9.0542586e+02
1.7401323e-01     78746  8.8298684e+02  8.8432615e+02  8.3274542e+02
1.8625264e-01     94374  7.8958730e+02  7.9122146e+02  7.4041421e+02
1.9902230e-01    112166  6.7894819e+02  6.7769751e+02  6.1782603e+02
2.1238854e-01    134373  5.9313004e+02  5.9116467e+02  5.2111241e+02
2.2637810e-01    159077  5.3383586e+02  5.3322845e+02  4.6414999e+02
2.4096993e-01    188172  4.8142749e+02  4.8136223e+02  4.2231348e+02
2.5621802e-01    222492  4.3723878e+02  4.3764903e+02  3.8284218e+02
2.7214102e-01    261771  3.9096745e+02  3.9142582e+02  3.3604532e+02
2.8873063e-01    306759  3.4629143e+02  3.4548780e+02  2.8314552e+02
3.0605468e-01    360898  3.1027808e+02  3.0906577e+02  2.4510123e+02
3.2421519e-01    425046  2.8349616e+02  2.8364916e+02  2.2700521e+02
3.4337900e-01    505555  2.5605000e+02  2.5678398e+02  2.0710296e+02
3.6368055e-01    600292  2.3012617e+02  2.2981960e+02  1.7577067e+02
3.8517334e-01    712930  2.0758385e+02  2.0653867e+02  1.4952719e+02
4.0793004e-01    846715  1.8796328e+02  1.8816580e+02  1.3805495e+02
4.3202621e-01   1005596  1.7022932e+02  1.7088924e+02  1.2436003e+02
4.5754560e-01   1194719  1.5349216e+02  1.5270041e+02  1.0337207e+02
4.8457948e-01   1419743  1.3880770e+02  1.3861913e+02  9.2510338e+01
5.1321525e-01   1686576  1.2579755e+02  1.2631866e+02  8.4157066e+01
5.4354215e-01   2003484  1.1385846e+02  1.1305018e+02  6.9994125e+01
5.7565178e-01   2378778  1.0328412e+02  1.0355870e+02  6.3685463e+01
6.0966698e-01   2828400  9.3685555e+01  9.3650518e+01  5.5544733e+01
6.4568974e-01   3356890  8.5146808e+01  8.4848766e+01  4.7763364e+01
6.8383752e-01   3990317  7.7804194e+01  7.8172346e+01  4.3066141e+01
7.2424344e-01   4738457  7.1394003e+01  7.1002803e+01  3.6477131e+01
7.6703215e-01   5629661  6.6228030e+01  6.6501933e+01  3.2834787e+01
8.1235262e-01   6687903  6.2285037e+01  6.2028318e+01  2.8023512e+01
8.6035444e-01   7945758  5.9685736e+01  5.9734149e+01  2.4787672e+01
9.1118812e-01   9436555  5.8653127e+01  5.8804299e+01  2.1645106e+01
9.6501980e-01  11210320  5.9264606e+01  5.8969728e+01  1.8643851e+01
1.0220366e+00  13318613  6.1526021e+01  6.1649731e+01  1.6457200e+01
1.0824208e+00  15819192  6.5341465e+01  6.5378854e+01  1.4291086e+01
1.1463741e+00  18795348  7.0191313e+01  6.9936813e+01  1.2360161e+01
1.2141088e+00  22326034  7.5028462e+01  7.4846846e+01  1.0776022e+01
1.2858419e+00  26520842  7.8867645e+01  7.8778726e+01  9.3936585e+00
1.3618105e+00  31503438  8.1174769e+01  8.1273823e+01  8.1800131e+00
1.4422695e+00  37426927  8.1993954e+01  8.2040878e+01  7.1025634e+00
1.5275481e+00  44525830  8.1942295e+01  8.1990760e+01  6.1647495e+00
