# Power spectrum from CO𝘕CEPT job 4701039 at t = 13.789968 Gyr, a = 1
#
# Components:
#   0: matter  (upstream grid size 1024)
#
#                           grid size 1024
# ╭────────────────────────────────────────────────────────────────╮
#                         component 0    (corrected)      (linear)
#                        σ₈ = 8.01e-01  σ₈ = 8.01e-01  σ₈ = 7.29e-01
#  k [Mpc⁻¹]    modes       P [Mpc³]       P [Mpc³]       P [Mpc³]
3.0679616e-03         3  4.4918620e+04  4.4918620e+04  4.4921313e+04
5.8212951e-03        25  6.5190608e+04  6.5527634e+04  6.5498622e+04
1.0440195e-02       124  7.4500327e+04  7.5357043e+04  7.6210724e+04
1.6729547e-02       418  6.7224351e+04  6.7836876e+04  6.7855027e+04
2.3240110e-02       730  5.0927159e+04  5.0938155e+04  5.2005652e+04
2.9075630e-02      1012  4.0511261e+04  4.0412375e+04  4.0548700e+04
3.4544381e-02      1408  3.3871058e+04  3.3789729e+04  3.3749116e+04
3.9898901e-02      1841  2.9186963e+04  2.9160799e+04  2.9745593e+04
4.5580519e-02      2698  2.6346035e+04  2.6367683e+04  2.6682338e+04
5.1612543e-02      3532  2.2806737e+04  2.2842764e+04  2.3371639e+04
5.7899473e-02      4702  1.9146775e+04  1.9153036e+04  1.9528990e+04
6.4462744e-02      6019  1.6043091e+04  1.6007218e+04  1.5819159e+04
7.1309305e-02      7766  1.3482197e+04  1.3430672e+04  1.3116106e+04
7.8556104e-02     10012  1.2050077e+04  1.2020586e+04  1.1638963e+04
8.6194331e-02     12589  1.1197727e+04  1.1209650e+04  1.0855133e+04
9.4153926e-02     15650  1.0107017e+04  1.0135820e+04  9.8785390e+03
1.0254095e-01     19757  8.7569469e+03  8.7623462e+03  8.3416659e+03
1.1136076e-01     24241  7.5668351e+03  7.5415262e+03  6.7485796e+03
1.2060245e-01     29993  6.6146166e+03  6.5902213e+03  5.6806030e+03
1.3029316e-01     36494  5.9433824e+03  5.9441792e+03  5.0794264e+03
1.4046583e-01     44825  5.3508261e+03  5.3588783e+03  4.5120548e+03
1.5111985e-01     53906  4.8483398e+03  4.8387402e+03  3.8624101e+03
1.6229170e-01     65729  4.3617004e+03  4.3486795e+03  3.3856113e+03
1.7401323e-01     78746  4.0042199e+03  4.0102935e+03  3.1138315e+03
1.8625264e-01     94374  3.6438386e+03  3.6513800e+03  2.7685761e+03
1.9902230e-01    112166  3.3009154e+03  3.2948348e+03  2.3101859e+03
2.1238854e-01    134373  2.9969772e+03  2.9870465e+03  1.9485488e+03
2.2637810e-01    159077  2.7739869e+03  2.7708306e+03  1.7355514e+03
2.4096993e-01    188172  2.5594253e+03  2.5590783e+03  1.5791138e+03
2.5621802e-01    222492  2.3690601e+03  2.3712829e+03  1.4315209e+03
2.7214102e-01    261771  2.2041253e+03  2.2067094e+03  1.2565370e+03
2.8873063e-01    306759  2.0430576e+03  2.0383163e+03  1.0587336e+03
3.0605468e-01    360898  1.9085451e+03  1.9010881e+03  9.1647815e+02
3.2421519e-01    425046  1.7781411e+03  1.7791008e+03  8.4881318e+02
3.4337900e-01    505555  1.6656218e+03  1.6703964e+03  7.7439457e+02
3.6368055e-01    600292  1.5614211e+03  1.5593410e+03  6.5723718e+02
3.8517334e-01    712930  1.4634868e+03  1.4561182e+03  5.5910792e+02
4.0793004e-01    846715  1.3773269e+03  1.3788108e+03  5.1621099e+02
4.3202621e-01   1005596  1.2924071e+03  1.2974173e+03  4.6500312e+02
4.5754560e-01   1194719  1.2172635e+03  1.2109846e+03  3.8652544e+02
4.8457948e-01   1419743  1.1441344e+03  1.1425801e+03  3.4591149e+02
5.1321525e-01   1686576  1.0799610e+03  1.0844347e+03  3.1467711e+02
5.4354215e-01   2003484  1.0163877e+03  1.0091724e+03  2.6171946e+02
5.7565178e-01   2378778  9.6080540e+02  9.6335969e+02  2.3813028e+02
6.0966698e-01   2828400  9.0759895e+02  9.0725952e+02  2.0769071e+02
6.4568974e-01   3356890  8.5823066e+02  8.5522658e+02  1.7859487e+02
6.8383752e-01   3990317  8.1139914e+02  8.1523850e+02  1.6103117e+02
7.2424344e-01   4738457  7.6814884e+02  7.6393981e+02  1.3639378e+02
7.6703215e-01   5629661  7.2779301e+02  7.3080299e+02  1.2277445e+02
8.1235262e-01   6687903  6.8953102e+02  6.8668899e+02  1.0478431e+02
8.6035444e-01   7945758  6.5346115e+02  6.5399119e+02  9.2684979e+01
9.1118812e-01   9436555  6.1881038e+02  6.2040529e+02  8.0934415e+01
9.6501980e-01  11210320  5.8480093e+02  5.8189119e+02  6.9712242e+01
1.0220366e+00  13318613  5.5235260e+02  5.5346321e+02  6.1536003e+01
1.0824208e+00  15819192  5.2029699e+02  5.2059472e+02  5.3436558e+01
1.1463741e+00  18795348  4.8894975e+02  4.8717691e+02  4.6216522e+01
1.2141088e+00  22326034  4.5845492e+02  4.5734518e+02  4.0293173e+01
1.2858419e+00  26520842  4.2905841e+02  4.2857467e+02  3.5124299e+01
1.3618105e+00  31503438  4.0062972e+02  4.0111859e+02  3.0586288e+01
1.4422695e+00  37426927  3.7335015e+02  3.7356382e+02  2.6557534e+01
1.5275481e+00  44525830  3.4721991e+02  3.4742527e+02  2.3050901e+01
