# Power spectrum from CO𝘕CEPT job 4701039 at t = 7.9066408 Gyr, a = 0.625
#
# Components:
#   0: matter  (upstream grid size 1024)
#
#                           grid size 1024
# ╭────────────────────────────────────────────────────────────────╮
#                         component 0    (corrected)      (linear)
#                        σ₈ = 5.64e-01  σ₈ = 5.64e-01  σ₈ = 5.35e-01
#  k [Mpc⁻¹]    modes       P [Mpc³]       P [Mpc³]       P [Mpc³]
3.0679616e-03         3  2.4131224e+04  2.4131224e+04  2.4120819e+04
5.8212951e-03        25  3.5032726e+04  3.5213841e+04  3.5179249e+04
1.0440195e-02       124  4.0188591e+04  4.0650739e+04  4.0945494e+04
1.6729547e-02       418  3.6191120e+04  3.6520882e+04  3.6465783e+04
2.3240110e-02       730  2.7582247e+04  2.7588203e+04  2.7952620e+04
2.9075630e-02      1012  2.1846876e+04  2.1793549e+04  2.1796519e+04
3.4544381e-02      1408  1.8243463e+04  1.8199658e+04  1.8142498e+04
3.9898901e-02      1841  1.5809342e+04  1.5795170e+04  1.5990959e+04
4.5580519e-02      2698  1.4239429e+04  1.4251130e+04  1.4344626e+04
5.1612543e-02      3532  1.2364584e+04  1.2384116e+04  1.2565077e+04
5.7899473e-02      4702  1.0360089e+04  1.0363477e+04  1.0499391e+04
6.4462744e-02      6019  8.5815863e+03  8.5623974e+03  8.5050002e+03
7.1309305e-02      7766  7.1607401e+03  7.1333735e+03  7.0518193e+03
7.8556104e-02     10012  6.3753854e+03  6.3597826e+03  6.2577022e+03
8.6194331e-02     12589  5.9383766e+03  5.9446999e+03  5.8363229e+03
9.4153926e-02     15650  5.3736476e+03  5.3889616e+03  5.3112876e+03
1.0254095e-01     19757  4.5983218e+03  4.6011570e+03  4.4849988e+03
1.1136076e-01     24241  3.8760294e+03  3.8630652e+03  3.6284735e+03
1.2060245e-01     29993  3.3365813e+03  3.3242757e+03  3.0542721e+03
1.3029316e-01     36494  2.9790782e+03  2.9794775e+03  2.7310484e+03
1.4046583e-01     44825  2.6749408e+03  2.6789662e+03  2.4259972e+03
1.5111985e-01     53906  2.3728431e+03  2.3681449e+03  2.0767076e+03
1.6229170e-01     65729  2.1084279e+03  2.1021337e+03  1.8203502e+03
1.7401323e-01     78746  1.9268154e+03  1.9297380e+03  1.6742246e+03
1.8625264e-01     94374  1.7373714e+03  1.7409672e+03  1.4885921e+03
1.9902230e-01    112166  1.5299162e+03  1.5270980e+03  1.2421291e+03
2.1238854e-01    134373  1.3642278e+03  1.3597074e+03  1.0476870e+03
2.2637810e-01    159077  1.2442883e+03  1.2428726e+03  9.3316444e+02
2.4096993e-01    188172  1.1317205e+03  1.1315671e+03  8.4905240e+02
2.5621802e-01    222492  1.0371576e+03  1.0381307e+03  7.6969574e+02
2.7214102e-01    261771  9.4610370e+02  9.4721290e+02  6.7561138e+02
2.8873063e-01    306759  8.5827402e+02  8.5628224e+02  5.6925730e+02
3.0605468e-01    360898  7.8458249e+02  7.8151699e+02  4.9276998e+02
3.2421519e-01    425046  7.2380033e+02  7.2419096e+02  4.5638822e+02
3.4337900e-01    505555  6.6491340e+02  6.6681943e+02  4.1637513e+02
3.6368055e-01    600292  6.1127368e+02  6.1045935e+02  3.5338227e+02
3.8517334e-01    712930  5.6390955e+02  5.6107027e+02  3.0062038e+02
4.0793004e-01    846715  5.2045494e+02  5.2101570e+02  2.7755569e+02
4.3202621e-01   1005596  4.8040488e+02  4.8226724e+02  2.5002237e+02
4.5754560e-01   1194719  4.4381716e+02  4.4152785e+02  2.0782662e+02
4.8457948e-01   1419743  4.1041864e+02  4.0986109e+02  1.8598939e+02
5.1321525e-01   1686576  3.8030342e+02  3.8187880e+02  1.6919535e+02
5.4354215e-01   2003484  3.5269406e+02  3.5019030e+02  1.4072115e+02
5.7565178e-01   2378778  3.2769133e+02  3.2856249e+02  1.2803775e+02
6.0966698e-01   2828400  3.0519341e+02  3.0507927e+02  1.1167104e+02
6.4568974e-01   3356890  2.8475095e+02  2.8375423e+02  9.6026815e+01
6.8383752e-01   3990317  2.6654829e+02  2.6780953e+02  8.6583180e+01
7.2424344e-01   4738457  2.5050310e+02  2.4913048e+02  7.3336165e+01
7.6703215e-01   5629661  2.3672895e+02  2.3770801e+02  6.6013337e+01
8.1235262e-01   6687903  2.2499393e+02  2.2406658e+02  5.6340409e+01
8.6035444e-01   7945758  2.1527402e+02  2.1544863e+02  4.9834848e+01
9.1118812e-01   9436555  2.0745335e+02  2.0798804e+02  4.3516810e+01
9.6501980e-01  11210320  2.0073581e+02  1.9973703e+02  3.7482877e+01
1.0220366e+00  13318613  1.9497475e+02  1.9536678e+02  3.3086680e+01
1.0824208e+00  15819192  1.8940293e+02  1.8951131e+02  2.8731774e+01
1.1463741e+00  18795348  1.8385550e+02  1.8318888e+02  2.4849706e+01
1.2141088e+00  22326034  1.7792748e+02  1.7749679e+02  2.1664842e+01
1.2858419e+00  26520842  1.7155292e+02  1.7135951e+02  1.8885643e+01
1.3618105e+00  31503438  1.6486209e+02  1.6506326e+02  1.6445646e+01
1.4422695e+00  37426927  1.5812029e+02  1.5821078e+02  1.4279466e+01
1.5275481e+00  44525830  1.5131761e+02  1.5140710e+02  1.2394020e+01
