# Power spectrum from CO𝘕CEPT job 4701039 at t = 10.261428 Gyr, a = 0.76923077
#
# Components:
#   0: matter  (upstream grid size 1024)
#
#                           grid size 1024
# ╭────────────────────────────────────────────────────────────────╮
#                         component 0    (corrected)      (linear)
#                        σ₈ = 6.69e-01  σ₈ = 6.69e-01  σ₈ = 6.23e-01
#  k [Mpc⁻¹]    modes       P [Mpc³]       P [Mpc³]       P [Mpc³]
3.0679616e-03         3  3.2755951e+04  3.2755951e+04  3.2746079e+04
5.8212951e-03        25  4.7547031e+04  4.7792843e+04  4.7752490e+04
1.0440195e-02       124  5.4451668e+04  5.5077835e+04  5.5571024e+04
1.6729547e-02       418  4.9082673e+04  4.9529897e+04  4.9484921e+04
2.3240110e-02       730  3.7306428e+04  3.7314484e+04  3.7929501e+04
2.9075630e-02      1012  2.9607696e+04  2.9535425e+04  2.9574926e+04
3.4544381e-02      1408  2.4738243e+04  2.4678843e+04  2.4616263e+04
3.9898901e-02      1841  2.1382189e+04  2.1363021e+04  2.1696593e+04
4.5580519e-02      2698  1.9278073e+04  1.9293913e+04  1.9462562e+04
5.1612543e-02      3532  1.6716594e+04  1.6743001e+04  1.7047906e+04
5.7899473e-02      4702  1.4018065e+04  1.4022648e+04  1.4245121e+04
6.4462744e-02      6019  1.1670894e+04  1.1644797e+04  1.1539137e+04
7.1309305e-02      7766  9.7673195e+03  9.7299912e+03  9.5674843e+03
7.8556104e-02     10012  8.7103440e+03  8.6890268e+03  8.4900354e+03
8.6194331e-02     12589  8.1061251e+03  8.1147566e+03  7.9183064e+03
9.4153926e-02     15650  7.3280675e+03  7.3489512e+03  7.2059540e+03
1.0254095e-01     19757  6.3042546e+03  6.3081417e+03  6.0848924e+03
1.1136076e-01     24241  5.3732450e+03  5.3552730e+03  4.9228160e+03
1.2060245e-01     29993  4.6575413e+03  4.6403638e+03  4.1437792e+03
1.3029316e-01     36494  4.1695543e+03  4.1701133e+03  3.7052510e+03
1.4046583e-01     44825  3.7480626e+03  3.7537029e+03  3.2913798e+03
1.5111985e-01     53906  3.3580315e+03  3.3513827e+03  2.8174913e+03
1.6229170e-01     65729  3.0003614e+03  2.9914045e+03  2.4696863e+03
1.7401323e-01     78746  2.7464818e+03  2.7506476e+03  2.2714345e+03
1.8625264e-01     94374  2.4874050e+03  2.4925531e+03  2.0195840e+03
1.9902230e-01    112166  2.2194724e+03  2.2153839e+03  1.6852049e+03
2.1238854e-01    134373  1.9965607e+03  1.9899450e+03  1.4214033e+03
2.2637810e-01    159077  1.8341091e+03  1.8320222e+03  1.2660293e+03
2.4096993e-01    188172  1.6787116e+03  1.6784840e+03  1.1519136e+03
2.5621802e-01    222492  1.5455781e+03  1.5470282e+03  1.0442497e+03
2.7214102e-01    261771  1.4243373e+03  1.4260072e+03  9.1660474e+02
2.8873063e-01    306759  1.3057866e+03  1.3027563e+03  7.7231353e+02
3.0605468e-01    360898  1.2061395e+03  1.2014269e+03  6.6854275e+02
3.2421519e-01    425046  1.1174702e+03  1.1180733e+03  6.1918338e+02
3.4337900e-01    505555  1.0365289e+03  1.0395002e+03  5.6489738e+02
3.6368055e-01    600292  9.6181894e+02  9.6053761e+02  4.7943471e+02
3.8517334e-01    712930  8.9456791e+02  8.9006377e+02  4.0785245e+02
4.0793004e-01    846715  8.3401992e+02  8.3491853e+02  3.7656048e+02
4.3202621e-01   1005596  7.7595609e+02  7.7896420e+02  3.3920592e+02
4.5754560e-01   1194719  7.2387923e+02  7.2014529e+02  2.8195882e+02
4.8457948e-01   1419743  6.7524530e+02  6.7432798e+02  2.5233218e+02
5.1321525e-01   1686576  6.3199865e+02  6.3461666e+02  2.2954765e+02
5.4354215e-01   2003484  5.8994929e+02  5.8576127e+02  1.9091663e+02
5.7565178e-01   2378778  5.5362236e+02  5.5509417e+02  1.7370903e+02
6.0966698e-01   2828400  5.1917098e+02  5.1897682e+02  1.5150428e+02
6.4568974e-01   3356890  4.8822922e+02  4.8652026e+02  1.3027973e+02
6.8383752e-01   3990317  4.5993288e+02  4.6210917e+02  1.1746753e+02
7.2424344e-01   4738457  4.3432500e+02  4.3194514e+02  9.9495276e+01
7.6703215e-01   5629661  4.1105300e+02  4.1275301e+02  8.9560380e+01
8.1235262e-01   6687903  3.9059191e+02  3.8898202e+02  7.6437103e+01
8.6035444e-01   7945758  3.7188418e+02  3.7218583e+02  6.7610996e+01
9.1118812e-01   9436555  3.5502820e+02  3.5594324e+02  5.9039304e+01
9.6501980e-01  11210320  3.3877122e+02  3.3708563e+02  5.0853058e+01
1.0220366e+00  13318613  3.2324504e+02  3.2389499e+02  4.4888731e+01
1.0824208e+00  15819192  3.0798672e+02  3.0816296e+02  3.8980423e+01
1.1463741e+00  18795348  2.9296854e+02  2.9190630e+02  3.3713617e+01
1.2141088e+00  22326034  2.7811690e+02  2.7744369e+02  2.9392707e+01
1.2858419e+00  26520842  2.6331165e+02  2.6301478e+02  2.5622164e+01
1.3618105e+00  31503438  2.4876513e+02  2.4906869e+02  2.2311817e+01
1.4422695e+00  37426927  2.3446750e+02  2.3460168e+02  1.9372959e+01
1.5275481e+00  44525830  2.2072599e+02  2.2085654e+02  1.6814972e+01
