# Power spectrum from CO𝘕CEPT job 4701039 at t = 4.035709 Gyr, a = 0.38461538
#
# Components:
#   0: matter  (upstream grid size 1024)
#
#                           grid size 1024
# ╭────────────────────────────────────────────────────────────────╮
#                         component 0    (corrected)      (linear)
#                        σ₈ = 3.57e-01  σ₈ = 3.57e-01  σ₈ = 3.50e-01
#  k [Mpc⁻¹]    modes       P [Mpc³]       P [Mpc³]       P [Mpc³]
3.0679616e-03         3  1.0324867e+04  1.0324867e+04  1.0325465e+04
5.8212951e-03        25  1.4994182e+04  1.5071700e+04  1.5065339e+04
1.0440195e-02       124  1.7261093e+04  1.7459586e+04  1.7542411e+04
1.6729547e-02       418  1.5508030e+04  1.5649334e+04  1.5628279e+04
2.3240110e-02       730  1.1884085e+04  1.1886651e+04  1.1982002e+04
2.9075630e-02      1012  9.3719451e+03  9.3490686e+03  9.3440984e+03
3.4544381e-02      1408  7.8163283e+03  7.7975603e+03  7.7781120e+03
3.9898901e-02      1841  6.8102848e+03  6.8041799e+03  6.8559879e+03
4.5580519e-02      2698  6.1206044e+03  6.1256335e+03  6.1503362e+03
5.1612543e-02      3532  5.3291710e+03  5.3375895e+03  5.3874805e+03
5.7899473e-02      4702  4.4590684e+03  4.4605263e+03  4.5018715e+03
6.4462744e-02      6019  3.6579991e+03  3.6498196e+03  3.6467829e+03
7.1309305e-02      7766  3.0385007e+03  3.0268883e+03  3.0237228e+03
7.8556104e-02     10012  2.6972888e+03  2.6906877e+03  2.6832425e+03
8.6194331e-02     12589  2.5135049e+03  2.5161813e+03  2.5025789e+03
9.4153926e-02     15650  2.2769268e+03  2.2834156e+03  2.2774617e+03
1.0254095e-01     19757  1.9310130e+03  1.9322036e+03  1.9231621e+03
1.1136076e-01     24241  1.5943717e+03  1.5890390e+03  1.5558920e+03
1.2060245e-01     29993  1.3541989e+03  1.3492045e+03  1.3096788e+03
1.3029316e-01     36494  1.2042596e+03  1.2044211e+03  1.1710833e+03
1.4046583e-01     44825  1.0768097e+03  1.0784301e+03  1.0402790e+03
1.5111985e-01     53906  9.3655478e+02  9.3470043e+02  8.9050392e+02
1.6229170e-01     65729  8.2359191e+02  8.2113326e+02  7.8057790e+02
1.7401323e-01     78746  7.5154580e+02  7.5268574e+02  7.1791943e+02
1.8625264e-01     94374  6.7116046e+02  6.7254952e+02  6.3831976e+02
1.9902230e-01    112166  5.7481732e+02  5.7375846e+02  5.3263515e+02
2.1238854e-01    134373  5.0014324e+02  4.9848599e+02  4.4925725e+02
2.2637810e-01    159077  4.4919580e+02  4.4868469e+02  4.0014931e+02
2.4096993e-01    188172  4.0470222e+02  4.0464736e+02  3.6408159e+02
2.5621802e-01    222492  3.6698670e+02  3.6733103e+02  3.3005293e+02
2.7214102e-01    261771  3.2711857e+02  3.2750208e+02  2.8970882e+02
2.8873063e-01    306759  2.8826028e+02  2.8759132e+02  2.4410327e+02
3.0605468e-01    360898  2.5734707e+02  2.5634157e+02  2.1130483e+02
3.2421519e-01    425046  2.3476008e+02  2.3488678e+02  1.9570403e+02
3.4337900e-01    505555  2.1155513e+02  2.1216157e+02  1.7854606e+02
3.6368055e-01    600292  1.8917026e+02  1.8891825e+02  1.5153411e+02
3.8517334e-01    712930  1.6977588e+02  1.6892106e+02  1.2890928e+02
4.0793004e-01    846715  1.5332607e+02  1.5349127e+02  1.1901892e+02
4.3202621e-01   1005596  1.3837679e+02  1.3891323e+02  1.0721236e+02
4.5754560e-01   1194719  1.2404803e+02  1.2340816e+02  8.9118373e+01
4.8457948e-01   1419743  1.1167341e+02  1.1152170e+02  7.9754341e+01
5.1321525e-01   1686576  1.0074048e+02  1.0115779e+02  7.2552881e+01
5.4354215e-01   2003484  9.0661020e+01  9.0017421e+01  6.0342830e+01
5.7565178e-01   2378778  8.1806156e+01  8.2023638e+01  5.4904053e+01
6.0966698e-01   2828400  7.3744992e+01  7.3717413e+01  4.7885827e+01
6.4568974e-01   3356890  6.6606694e+01  6.6373549e+01  4.1177409e+01
6.8383752e-01   3990317  6.0471175e+01  6.0757311e+01  3.7127874e+01
7.2424344e-01   4738457  5.5129665e+01  5.4827585e+01  3.1447404e+01
7.6703215e-01   5629661  5.0839711e+01  5.1049972e+01  2.8307294e+01
8.1235262e-01   6687903  4.7590378e+01  4.7394226e+01  2.4159432e+01
8.6035444e-01   7945758  4.5534379e+01  4.5571313e+01  2.1369773e+01
9.1118812e-01   9436555  4.4891071e+01  4.5006773e+01  1.8660526e+01
9.6501980e-01  11210320  4.5778155e+01  4.5550380e+01  1.6073106e+01
1.0220366e+00  13318613  4.8354738e+01  4.8451965e+01  1.4187966e+01
1.0824208e+00  15819192  5.2685753e+01  5.2715901e+01  1.2320532e+01
1.1463741e+00  18795348  5.8480313e+01  5.8268276e+01  1.0655856e+01
1.2141088e+00  22326034  6.4739017e+01  6.4582308e+01  9.2901491e+00
1.2858419e+00  26520842  7.0310379e+01  7.0231108e+01  8.0983960e+00
1.3618105e+00  31503438  7.4144083e+01  7.4234558e+01  7.0520968e+00
1.4422695e+00  37426927  7.5917278e+01  7.5960725e+01  6.1232134e+00
1.5275481e+00  44525830  7.6332788e+01  7.6377935e+01  5.3147120e+00
