# Power spectrum from CO𝘕CEPT job 4701039 at t = 2.1443045 Gyr, a = 0.25
#
# Components:
#   0: matter  (upstream grid size 1024)
#
#                           grid size 1024
# ╭────────────────────────────────────────────────────────────────╮
#                         component 0    (corrected)      (linear)
#                        σ₈ = 2.32e-01  σ₈ = 2.32e-01  σ₈ = 2.31e-01
#  k [Mpc⁻¹]    modes       P [Mpc³]       P [Mpc³]       P [Mpc³]
3.0679616e-03         3  4.5067699e+03  4.5067699e+03  4.5070806e+03
5.8212951e-03        25  6.5470273e+03  6.5808746e+03  6.5788654e+03
1.0440195e-02       124  7.5538250e+03  7.6406901e+03  7.6639838e+03
1.6729547e-02       418  6.7751692e+03  6.8369022e+03  6.8296496e+03
2.3240110e-02       730  5.2095936e+03  5.2107185e+03  5.2369859e+03
2.9075630e-02      1012  4.0963395e+03  4.0863406e+03  4.0843567e+03
3.4544381e-02      1408  3.4135660e+03  3.4053696e+03  3.4000057e+03
3.9898901e-02      1841  2.9844675e+03  2.9817922e+03  2.9970223e+03
4.5580519e-02      2698  2.6783264e+03  2.6805271e+03  2.6886196e+03
5.1612543e-02      3532  2.3357668e+03  2.3394566e+03  2.3551736e+03
5.7899473e-02      4702  1.9532845e+03  1.9539231e+03  1.9680355e+03
6.4462744e-02      6019  1.5942266e+03  1.5906618e+03  1.5942637e+03
7.1309305e-02      7766  1.3221383e+03  1.3170854e+03  1.3219040e+03
7.8556104e-02     10012  1.1719485e+03  1.1690804e+03  1.1730706e+03
8.6194331e-02     12589  1.0912230e+03  1.0923849e+03  1.0940828e+03
9.4153926e-02     15650  9.8877824e+02  9.9159608e+02  9.9568680e+02
1.0254095e-01     19757  8.3559023e+02  8.3610543e+02  8.4085111e+02
1.1136076e-01     24241  6.8307915e+02  6.8079444e+02  6.8026775e+02
1.2060245e-01     29993  5.7632653e+02  5.7420098e+02  5.7258244e+02
1.3029316e-01     36494  5.1190100e+02  5.1196962e+02  5.1198089e+02
1.4046583e-01     44825  4.5575866e+02  4.5644451e+02  4.5481823e+02
1.5111985e-01     53906  3.9274343e+02  3.9196581e+02  3.8936235e+02
1.6229170e-01     65729  3.4371410e+02  3.4268802e+02  3.4121867e+02
1.7401323e-01     78746  3.1359672e+02  3.1407238e+02  3.1376656e+02
1.8625264e-01     94374  2.7868678e+02  2.7926356e+02  2.7924532e+02
1.9902230e-01    112166  2.3491127e+02  2.3447854e+02  2.3270235e+02
2.1238854e-01    134373  2.0086907e+02  2.0020348e+02  1.9651922e+02
2.2637810e-01    159077  1.7895269e+02  1.7874908e+02  1.7482241e+02
2.4096993e-01    188172  1.6089614e+02  1.6087433e+02  1.5926215e+02
2.5621802e-01    222492  1.4506945e+02  1.4520556e+02  1.4420453e+02
2.7214102e-01    261771  1.2780154e+02  1.2795137e+02  1.2673672e+02
2.8873063e-01    306759  1.0989043e+02  1.0963541e+02  1.0665728e+02
3.0605468e-01    360898  9.6514404e+01  9.6137306e+01  9.2409703e+01
3.2421519e-01    425046  8.7701384e+01  8.7748715e+01  8.5572790e+01
3.4337900e-01    505555  7.8613037e+01  7.8838387e+01  7.8016599e+01
3.6368055e-01    600292  6.8482902e+01  6.8391669e+01  6.6250825e+01
3.8517334e-01    712930  5.9883474e+01  5.9581961e+01  5.6374653e+01
4.0793004e-01    846715  5.3725089e+01  5.3782974e+01  5.2037345e+01
4.3202621e-01   1005596  4.7860140e+01  4.8045677e+01  4.6869907e+01
4.5754560e-01   1194719  4.1518874e+01  4.1304710e+01  3.8961276e+01
4.8457948e-01   1419743  3.6691691e+01  3.6641846e+01  3.4868396e+01
5.1321525e-01   1686576  3.2498906e+01  3.2633530e+01  3.1719706e+01
5.4354215e-01   2003484  2.8360799e+01  2.8159467e+01  2.6381124e+01
5.7565178e-01   2378778  2.4937875e+01  2.5004172e+01  2.4003062e+01
6.0966698e-01   2828400  2.1858512e+01  2.1850337e+01  2.0934759e+01
6.4568974e-01   3356890  1.9102328e+01  1.9035464e+01  1.8002046e+01
6.8383752e-01   3990317  1.6761433e+01  1.6840744e+01  1.6231764e+01
7.2424344e-01   4738457  1.4710541e+01  1.4629935e+01  1.3748415e+01
7.6703215e-01   5629661  1.3065681e+01  1.3119717e+01  1.2375631e+01
8.1235262e-01   6687903  1.1828111e+01  1.1779359e+01  1.0562247e+01
8.6035444e-01   7945758  1.1166864e+01  1.1175922e+01  9.3426459e+00
9.1118812e-01   9436555  1.1175142e+01  1.1203945e+01  8.1581985e+00
9.6501980e-01  11210320  1.1956660e+01  1.1897169e+01  7.0270087e+00
1.0220366e+00  13318613  1.3811004e+01  1.3838773e+01  6.2028461e+00
1.0824208e+00  15819192  1.7160809e+01  1.7170628e+01  5.3864220e+00
1.1463741e+00  18795348  2.2684468e+01  2.2602219e+01  4.6586419e+00
1.2141088e+00  22326034  3.1062062e+01  3.0986873e+01  4.0615688e+00
1.2858419e+00  26520842  4.3036567e+01  4.2988046e+01  3.5405474e+00
1.3618105e+00  31503438  5.7800080e+01  5.7870611e+01  3.0831172e+00
1.4422695e+00  37426927  7.0972744e+01  7.1013361e+01  2.6770170e+00
1.5275481e+00  44525830  7.5995446e+01  7.6040393e+01  2.3235357e+00
