# Power spectrum from CO𝘕CEPT job 4701039 at t = 5.1229395 Gyr, a = 0.45454545
#
# Components:
#   0: matter  (upstream grid size 1024)
#
#                           grid size 1024
# ╭────────────────────────────────────────────────────────────────╮
#                         component 0    (corrected)      (linear)
#                        σ₈ = 4.20e-01  σ₈ = 4.20e-01  σ₈ = 4.08e-01
#  k [Mpc⁻¹]    modes       P [Mpc³]       P [Mpc³]       P [Mpc³]
3.0679616e-03         3  1.4045582e+04  1.4045582e+04  1.4038862e+04
5.8212951e-03        25  2.0395199e+04  2.0500640e+04  2.0480268e+04
1.0440195e-02       124  2.3453080e+04  2.3722778e+04  2.3843834e+04
1.6729547e-02       418  2.1087567e+04  2.1279710e+04  2.1239694e+04
2.3240110e-02       730  1.6132400e+04  1.6135883e+04  1.6283161e+04
2.9075630e-02      1012  1.2740127e+04  1.2709029e+04  1.2697907e+04
3.4544381e-02      1408  1.0629758e+04  1.0604235e+04  1.0569636e+04
3.9898901e-02      1841  9.2458703e+03  9.2375821e+03  9.3164361e+03
4.5580519e-02      2698  8.3154181e+03  8.3222506e+03  8.3574545e+03
5.1612543e-02      3532  7.2342487e+03  7.2456767e+03  7.3207797e+03
5.7899473e-02      4702  6.0554163e+03  6.0573962e+03  6.1173312e+03
6.4462744e-02      6019  4.9818275e+03  4.9706879e+03  4.9553769e+03
7.1309305e-02      7766  4.1430269e+03  4.1271933e+03  4.1087252e+03
7.8556104e-02     10012  3.6809273e+03  3.6719188e+03  3.6460590e+03
8.6194331e-02     12589  3.4304481e+03  3.4341009e+03  3.4005602e+03
9.4153926e-02     15650  3.1069058e+03  3.1157599e+03  3.0946596e+03
1.0254095e-01     19757  2.6413497e+03  2.6429783e+03  2.6132260e+03
1.1136076e-01     24241  2.1939437e+03  2.1866056e+03  2.1141700e+03
1.2060245e-01     29993  1.8708320e+03  1.8639322e+03  1.7796097e+03
1.3029316e-01     36494  1.6653671e+03  1.6655903e+03  1.5912827e+03
1.4046583e-01     44825  1.4916552e+03  1.4938999e+03  1.4135430e+03
1.5111985e-01     53906  1.3048306e+03  1.3022471e+03  1.2100261e+03
1.6229170e-01     65729  1.1509098e+03  1.1474740e+03  1.0606568e+03
1.7401323e-01     78746  1.0504912e+03  1.0520846e+03  9.7551542e+02
1.8625264e-01     94374  9.4086461e+02  9.4281186e+02  8.6735430e+02
1.9902230e-01    112166  8.1280720e+02  8.1130993e+02  7.2374889e+02
2.1238854e-01    134373  7.1328072e+02  7.1091722e+02  6.1045414e+02
2.2637810e-01    159077  6.4359448e+02  6.4286219e+02  5.4372576e+02
2.4096993e-01    188172  5.8117175e+02  5.8109297e+02  4.9471657e+02
2.5621802e-01    222492  5.2878653e+02  5.2928267e+02  4.4847810e+02
2.7214102e-01    261771  4.7462029e+02  4.7517673e+02  3.9365818e+02
2.8873063e-01    306759  4.2270518e+02  4.2172421e+02  3.3168901e+02
3.0605468e-01    360898  3.8029664e+02  3.7881076e+02  2.8712225e+02
3.2421519e-01    425046  3.4815443e+02  3.4834233e+02  2.6592377e+02
3.4337900e-01    505555  3.1537241e+02  3.1627645e+02  2.4260939e+02
3.6368055e-01    600292  2.8496835e+02  2.8458872e+02  2.0590538e+02
3.8517334e-01    712930  2.5843979e+02  2.5713854e+02  1.7516262e+02
4.0793004e-01    846715  2.3479995e+02  2.3505293e+02  1.6172354e+02
4.3202621e-01   1005596  2.1350567e+02  2.1433335e+02  1.4568070e+02
4.5754560e-01   1194719  1.9365296e+02  1.9265405e+02  1.2109450e+02
4.8457948e-01   1419743  1.7600463e+02  1.7576553e+02  1.0837059e+02
5.1321525e-01   1686576  1.6032201e+02  1.6098614e+02  9.8585210e+01
5.4354215e-01   2003484  1.4599689e+02  1.4496046e+02  8.1994128e+01
5.7565178e-01   2378778  1.3316411e+02  1.3351813e+02  7.4603888e+01
6.0966698e-01   2828400  1.2160609e+02  1.2156062e+02  6.5067486e+01
6.4568974e-01   3356890  1.1124947e+02  1.1086006e+02  5.5952054e+01
6.8383752e-01   3990317  1.0230516e+02  1.0278925e+02  5.0449525e+01
7.2424344e-01   4738457  9.4504560e+01  9.3986727e+01  4.2730875e+01
7.6703215e-01   5629661  8.8153308e+01  8.8517889e+01  3.8464076e+01
8.1235262e-01   6687903  8.3244131e+01  8.2901025e+01  3.2827942e+01
8.6035444e-01   7945758  7.9855467e+01  7.9920240e+01  2.9037340e+01
9.1118812e-01   9436555  7.8167381e+01  7.8368849e+01  2.5356002e+01
9.6501980e-01  11210320  7.8196213e+01  7.7807139e+01  2.1840204e+01
1.0220366e+00  13318613  7.9747160e+01  7.9907507e+01  1.9278667e+01
1.0824208e+00  15819192  8.2560495e+01  8.2607737e+01  1.6741188e+01
1.1463741e+00  18795348  8.5956231e+01  8.5644572e+01  1.4479220e+01
1.2141088e+00  22326034  8.8993211e+01  8.8777792e+01  1.2623491e+01
1.2858419e+00  26520842  9.0948552e+01  9.0846012e+01  1.1004131e+01
1.3618105e+00  31503438  9.1695551e+01  9.1807443e+01  9.5824150e+00
1.4422695e+00  37426927  9.1405764e+01  9.1458075e+01  8.3202442e+00
1.5275481e+00  44525830  9.0591770e+01  9.0645350e+01  7.2216489e+00
