# Power spectrum from CO𝘕CEPT job 4701039 at t = 3.1241598 Gyr, a = 0.32258065
#
# Components:
#   0: matter  (upstream grid size 1024)
#
#                           grid size 1024
# ╭────────────────────────────────────────────────────────────────╮
#                         component 0    (corrected)      (linear)
#                        σ₈ = 2.99e-01  σ₈ = 2.99e-01  σ₈ = 2.96e-01
#  k [Mpc⁻¹]    modes       P [Mpc³]       P [Mpc³]       P [Mpc³]
3.0679616e-03         3  7.3932875e+03  7.3932875e+03  7.3947365e+03
5.8212951e-03        25  1.0738183e+04  1.0793698e+04  1.0791094e+04
1.0440195e-02       124  1.2374147e+04  1.2516444e+04  1.2567615e+04
1.6729547e-02       418  1.1109050e+04  1.1210272e+04  1.1197629e+04
2.3240110e-02       730  8.5262499e+03  8.5280909e+03  8.5856339e+03
2.9075630e-02      1012  6.7150388e+03  6.6986478e+03  6.6956825e+03
3.4544381e-02      1408  5.5983107e+03  5.5848684e+03  5.5736585e+03
3.9898901e-02      1841  4.8853808e+03  4.8810015e+03  4.9129470e+03
4.5580519e-02      2698  4.3877335e+03  4.3913388e+03  4.4073274e+03
5.1612543e-02      3532  3.8231865e+03  3.8292260e+03  3.8606955e+03
5.7899473e-02      4702  3.1980081e+03  3.1990538e+03  3.2260828e+03
6.4462744e-02      6019  2.6170600e+03  2.6112081e+03  2.6133305e+03
7.1309305e-02      7766  2.1719675e+03  2.1636667e+03  2.1668456e+03
7.8556104e-02     10012  1.9266773e+03  1.9219620e+03  1.9228578e+03
8.6194331e-02     12589  1.7949138e+03  1.7968251e+03  1.7933954e+03
9.4153926e-02     15650  1.6261814e+03  1.6308157e+03  1.6320752e+03
1.0254095e-01     19757  1.3765464e+03  1.3773952e+03  1.3781792e+03
1.1136076e-01     24241  1.1309774e+03  1.1271946e+03  1.1149870e+03
1.2060245e-01     29993  9.5743770e+02  9.5390657e+02  9.3854611e+02
1.3029316e-01     36494  8.5083705e+02  8.5095111e+02  8.3922611e+02
1.4046583e-01     44825  7.5937368e+02  7.6051642e+02  7.4548919e+02
1.5111985e-01     53906  6.5738860e+02  6.5608699e+02  6.3815714e+02
1.6229170e-01     65729  5.7667883e+02  5.7495728e+02  5.5938174e+02
1.7401323e-01     78746  5.2616774e+02  5.2696582e+02  5.1447934e+02
1.8625264e-01     94374  4.6874392e+02  4.6971405e+02  4.5743636e+02
1.9902230e-01    112166  3.9839568e+02  3.9766180e+02  3.8170018e+02
2.1238854e-01    134373  3.4384145e+02  3.4270212e+02  3.2194951e+02
2.2637810e-01    159077  3.0760139e+02  3.0725139e+02  2.8675755e+02
2.4096993e-01    188172  2.7673957e+02  2.7670206e+02  2.6091052e+02
2.5621802e-01    222492  2.5022288e+02  2.5045765e+02  2.3652473e+02
2.7214102e-01    261771  2.2175378e+02  2.2201376e+02  2.0761310e+02
2.8873063e-01    306759  1.9328560e+02  1.9283705e+02  1.7493096e+02
3.0605468e-01    360898  1.7128650e+02  1.7061725e+02  1.5142674e+02
3.2421519e-01    425046  1.5585495e+02  1.5593906e+02  1.4024680e+02
3.4337900e-01    505555  1.3996900e+02  1.4037023e+02  1.2795095e+02
3.6368055e-01    600292  1.2375670e+02  1.2359183e+02  1.0859346e+02
3.8517334e-01    712930  1.0983103e+02  1.0927804e+02  9.2379903e+01
4.0793004e-01    846715  9.8776918e+01  9.8883345e+01  8.5292210e+01
4.3202621e-01   1005596  8.8563488e+01  8.8906817e+01  7.6831309e+01
4.5754560e-01   1194719  7.8323915e+01  7.7919902e+01  6.3864669e+01
4.8457948e-01   1419743  6.9876136e+01  6.9781210e+01  5.7154150e+01
5.1321525e-01   1686576  6.2461648e+01  6.2720391e+01  5.1993389e+01
5.4354215e-01   2003484  5.5509203e+01  5.5115146e+01  4.3243333e+01
5.7565178e-01   2378778  4.9497814e+01  4.9629404e+01  3.9345757e+01
6.0966698e-01   2828400  4.4051035e+01  4.4034560e+01  3.4316305e+01
6.4568974e-01   3356890  3.9240659e+01  3.9103304e+01  2.9508869e+01
6.8383752e-01   3990317  3.5095870e+01  3.5261935e+01  2.6606862e+01
7.2424344e-01   4738457  3.1508829e+01  3.1336178e+01  2.2536081e+01
7.6703215e-01   5629661  2.8632857e+01  2.8751275e+01  2.0285791e+01
8.1235262e-01   6687903  2.6469228e+01  2.6360130e+01  1.7313319e+01
8.6035444e-01   7945758  2.5205738e+01  2.5226183e+01  1.5314173e+01
9.1118812e-01   9436555  2.5003724e+01  2.5068168e+01  1.3372652e+01
9.6501980e-01  11210320  2.6016868e+01  2.5887418e+01  1.1518436e+01
1.0220366e+00  13318613  2.8563859e+01  2.8621292e+01  1.0167492e+01
1.0824208e+00  15819192  3.2989435e+01  3.3008312e+01  8.8292374e+00
1.1463741e+00  18795348  3.9568893e+01  3.9425425e+01  7.6362848e+00
1.2141088e+00  22326034  4.7895082e+01  4.7779147e+01  6.6575815e+00
1.2858419e+00  26520842  5.7036456e+01  5.6972151e+01  5.8035382e+00
1.3618105e+00  31503438  6.4959848e+01  6.5039116e+01  5.0537312e+00
1.4422695e+00  37426927  6.9521779e+01  6.9561566e+01  4.3880677e+00
1.5275481e+00  44525830  7.0676795e+01  7.0718597e+01  3.8086731e+00
