# Power spectrum from CO𝘕CEPT job 4701039 at t = 3.2778257 Gyr, a = 0.33333333
#
# Components:
#   0: matter  (upstream grid size 1024)
#
#                           grid size 1024
# ╭────────────────────────────────────────────────────────────────╮
#                         component 0    (corrected)      (linear)
#                        σ₈ = 3.09e-01  σ₈ = 3.09e-01  σ₈ = 3.06e-01
#  k [Mpc⁻¹]    modes       P [Mpc³]       P [Mpc³]       P [Mpc³]
3.0679616e-03         3  7.8728602e+03  7.8728602e+03  7.8744079e+03
5.8212951e-03        25  1.1434451e+04  1.1493565e+04  1.1490706e+04
1.0440195e-02       124  1.3174145e+04  1.3325641e+04  1.3381954e+04
1.6729547e-02       418  1.1828845e+04  1.1936625e+04  1.1922938e+04
2.3240110e-02       730  9.0762398e+03  9.0781996e+03  9.1416474e+03
2.9075630e-02      1012  7.1498618e+03  7.1324094e+03  7.1292580e+03
3.4544381e-02      1408  5.9612182e+03  5.9469045e+03  5.9345566e+03
3.9898901e-02      1841  5.2006471e+03  5.1959851e+03  5.2310508e+03
4.5580519e-02      2698  4.6714289e+03  4.6752673e+03  4.6926848e+03
5.1612543e-02      3532  4.0698578e+03  4.0762869e+03  4.1106549e+03
5.7899473e-02      4702  3.4045084e+03  3.4056216e+03  3.4349508e+03
6.4462744e-02      6019  2.7872048e+03  2.7809725e+03  2.7825244e+03
7.1309305e-02      7766  2.3134881e+03  2.3046465e+03  2.3071315e+03
7.8556104e-02     10012  2.0524629e+03  2.0474398e+03  2.0473464e+03
8.6194331e-02     12589  1.9122107e+03  1.9142468e+03  1.9095016e+03
9.4153926e-02     15650  1.7324174e+03  1.7373544e+03  1.7377368e+03
1.0254095e-01     19757  1.4669140e+03  1.4678185e+03  1.4674030e+03
1.1136076e-01     24241  1.2062124e+03  1.2021780e+03  1.1871713e+03
1.2060245e-01     29993  1.0216915e+03  1.0179234e+03  9.9930749e+02
1.3029316e-01     36494  9.0803199e+02  9.0815372e+02  8.9355739e+02
1.4046583e-01     44825  8.1069873e+02  8.1191870e+02  7.9375186e+02
1.5111985e-01     53906  7.0235967e+02  7.0096902e+02  6.7947110e+02
1.6229170e-01     65729  6.1637740e+02  6.1453735e+02  5.9559576e+02
1.7401323e-01     78746  5.6239763e+02  5.6325067e+02  5.4778636e+02
1.8625264e-01     94374  5.0122333e+02  5.0226068e+02  4.8705044e+02
1.9902230e-01    112166  4.2655775e+02  4.2577199e+02  4.0641113e+02
2.1238854e-01    134373  3.6866928e+02  3.6744768e+02  3.4279223e+02
2.2637810e-01    159077  3.3003131e+02  3.2965580e+02  3.0532196e+02
2.4096993e-01    188172  2.9697711e+02  2.9693685e+02  2.7780161e+02
2.5621802e-01    222492  2.6865073e+02  2.6890280e+02  2.5183710e+02
2.7214102e-01    261771  2.3831497e+02  2.3859437e+02  2.2105375e+02
2.8873063e-01    306759  2.0813136e+02  2.0764835e+02  1.8625580e+02
3.0605468e-01    360898  1.8468453e+02  1.8396293e+02  1.6122994e+02
3.2421519e-01    425046  1.6810814e+02  1.6819887e+02  1.4932622e+02
3.4337900e-01    505555  1.5104693e+02  1.5147992e+02  1.3623435e+02
3.6368055e-01    600292  1.3382892e+02  1.3365063e+02  1.1562368e+02
3.8517334e-01    712930  1.1901531e+02  1.1841607e+02  9.8360469e+01
4.0793004e-01    846715  1.0710230e+02  1.0721770e+02  9.0813926e+01
4.3202621e-01   1005596  9.6133370e+01  9.6506045e+01  8.1805275e+01
4.5754560e-01   1194719  8.5236943e+01  8.4797271e+01  6.7999189e+01
4.8457948e-01   1419743  7.6161661e+01  7.6058197e+01  6.0854239e+01
5.1321525e-01   1686576  6.8186530e+01  6.8468988e+01  5.5359376e+01
5.4354215e-01   2003484  6.0739644e+01  6.0308456e+01  4.6042852e+01
5.7565178e-01   2378778  5.4278782e+01  5.4423082e+01  4.1892952e+01
6.0966698e-01   2828400  4.8415934e+01  4.8397828e+01  3.6537899e+01
6.4568974e-01   3356890  4.3239905e+01  4.3088551e+01  3.1419236e+01
6.8383752e-01   3990317  3.8780653e+01  3.8964154e+01  2.8329356e+01
7.2424344e-01   4738457  3.4919767e+01  3.4728426e+01  2.3995037e+01
7.6703215e-01   5629661  3.1823640e+01  3.1955255e+01  2.1599067e+01
8.1235262e-01   6687903  2.9492909e+01  2.9371349e+01  1.8434161e+01
8.6035444e-01   7945758  2.8113403e+01  2.8136207e+01  1.6305593e+01
9.1118812e-01   9436555  2.7857091e+01  2.7928890e+01  1.4238380e+01
9.6501980e-01  11210320  2.8878398e+01  2.8734710e+01  1.2264124e+01
1.0220366e+00  13318613  3.1480715e+01  3.1544013e+01  1.0825722e+01
1.0824208e+00  15819192  3.5970437e+01  3.5991020e+01  9.4008302e+00
1.1463741e+00  18795348  4.2526633e+01  4.2372440e+01  8.1306474e+00
1.2141088e+00  22326034  5.0593588e+01  5.0471121e+01  7.0885840e+00
1.2858419e+00  26520842  5.9124846e+01  5.9058186e+01  6.1792511e+00
1.3618105e+00  31503438  6.6198353e+01  6.6279133e+01  5.3809025e+00
1.4422695e+00  37426927  7.0102860e+01  7.0142979e+01  4.6721448e+00
1.5275481e+00  44525830  7.1104888e+01  7.1146942e+01  4.0552410e+00
