# Power spectrum from CO𝘕CEPT job 4701039 at t = 2.8500013 Gyr, a = 0.3030303
#
# Components:
#   0: matter  (upstream grid size 1024)
#
#                           grid size 1024
# ╭────────────────────────────────────────────────────────────────╮
#                         component 0    (corrected)      (linear)
#                        σ₈ = 2.81e-01  σ₈ = 2.81e-01  σ₈ = 2.79e-01
#  k [Mpc⁻¹]    modes       P [Mpc³]       P [Mpc³]       P [Mpc³]
3.0679616e-03         3  6.5543604e+03  6.5543604e+03  6.5555074e+03
5.8212951e-03        25  9.5201485e+03  9.5693663e+03  9.5670049e+03
1.0440195e-02       124  1.0974135e+04  1.1100332e+04  1.1142727e+04
1.6729547e-02       418  9.8497321e+03  9.9394795e+03  9.9284745e+03
2.3240110e-02       730  7.5634539e+03  7.5650870e+03  7.6126942e+03
2.9075630e-02      1012  5.9542205e+03  5.9396866e+03  5.9369822e+03
3.4544381e-02      1408  4.9634152e+03  4.9514974e+03  4.9421301e+03
3.9898901e-02      1841  4.3335110e+03  4.3296263e+03  4.3563005e+03
4.5580519e-02      2698  3.8912509e+03  3.8944482e+03  3.9079818e+03
5.1612543e-02      3532  3.3913778e+03  3.3967351e+03  3.4232915e+03
5.7899473e-02      4702  2.8365732e+03  2.8375007e+03  2.8605839e+03
6.4462744e-02      6019  2.3195619e+03  2.3143753e+03  2.3172568e+03
7.1309305e-02      7766  1.9246264e+03  1.9172709e+03  1.9213581e+03
7.8556104e-02     10012  1.7069050e+03  1.7027276e+03  1.7050139e+03
8.6194331e-02     12589  1.5899790e+03  1.5916720e+03  1.5902197e+03
9.4153926e-02     15650  1.4405623e+03  1.4446677e+03  1.4471765e+03
1.0254095e-01     19757  1.2187949e+03  1.2195464e+03  1.2220451e+03
1.1136076e-01     24241  9.9992073e+02  9.9657629e+02  9.8867041e+02
1.2060245e-01     29993  8.4566864e+02  8.4254973e+02  8.3221878e+02
1.3029316e-01     36494  7.5138305e+02  7.5148378e+02  7.4415090e+02
1.4046583e-01     44825  6.7018111e+02  6.7118962e+02  6.6103351e+02
1.5111985e-01     53906  5.7939607e+02  5.7824888e+02  5.6586112e+02
1.6229170e-01     65729  5.0790414e+02  5.0638791e+02  4.9601016e+02
1.7401323e-01     78746  4.6340736e+02  4.6411025e+02  4.5619476e+02
1.8625264e-01     94374  4.1253764e+02  4.1339144e+02  4.0561415e+02
1.9902230e-01    112166  3.4980673e+02  3.4916235e+02  3.3845803e+02
2.1238854e-01    134373  3.0113210e+02  3.0013428e+02  2.8547643e+02
2.2637810e-01    159077  2.6907618e+02  2.6877002e+02  2.5427133e+02
2.4096993e-01    188172  2.4200838e+02  2.4197557e+02  2.3135248e+02
2.5621802e-01    222492  2.1863532e+02  2.1884045e+02  2.0972932e+02
2.7214102e-01    261771  1.9342972e+02  1.9365649e+02  1.8409304e+02
2.8873063e-01    306759  1.6798421e+02  1.6759437e+02  1.5511340e+02
3.0605468e-01    360898  1.4850733e+02  1.4792709e+02  1.3427193e+02
3.2421519e-01    425046  1.3505077e+02  1.3512365e+02  1.2435855e+02
3.4337900e-01    505555  1.2119339e+02  1.2154080e+02  1.1345567e+02
3.6368055e-01    600292  1.0674061e+02  1.0659841e+02  9.6291151e+01
3.8517334e-01    712930  9.4364559e+01  9.3889434e+01  8.1914391e+01
4.0793004e-01    846715  8.4785149e+01  8.4876500e+01  7.5629649e+01
4.3202621e-01   1005596  7.5872464e+01  7.6166594e+01  6.8127266e+01
4.5754560e-01   1194719  6.6773573e+01  6.6429139e+01  5.6629588e+01
4.8457948e-01   1419743  5.9407625e+01  5.9326920e+01  5.0679289e+01
5.1321525e-01   1686576  5.2957868e+01  5.3177242e+01  4.6103179e+01
5.4354215e-01   2003484  4.6852300e+01  4.6519698e+01  3.8344397e+01
5.7565178e-01   2378778  4.1613646e+01  4.1724276e+01  3.4888370e+01
6.0966698e-01   2828400  3.6881030e+01  3.6867237e+01  3.0428692e+01
6.4568974e-01   3356890  3.2694197e+01  3.2579757e+01  2.6165880e+01
6.8383752e-01   3990317  2.9089687e+01  2.9227333e+01  2.3592635e+01
7.2424344e-01   4738457  2.5969115e+01  2.5826818e+01  1.9983023e+01
7.6703215e-01   5629661  2.3467643e+01  2.3564699e+01  1.7987664e+01
8.1235262e-01   6687903  2.1587309e+01  2.1498333e+01  1.5351936e+01
8.6035444e-01   7945758  2.0515266e+01  2.0531906e+01  1.3579268e+01
9.1118812e-01   9436555  2.0393795e+01  2.0446358e+01  1.1857698e+01
9.6501980e-01  11210320  2.1369306e+01  2.1262981e+01  1.0213541e+01
1.0220366e+00  13318613  2.3775682e+01  2.3823488e+01  9.0156429e+00
1.0824208e+00  15819192  2.8010282e+01  2.8026310e+01  7.8289956e+00
1.1463741e+00  18795348  3.4506024e+01  3.4380912e+01  6.7711897e+00
1.2141088e+00  22326034  4.3155010e+01  4.3050548e+01  5.9033613e+00
1.2858419e+00  26520842  5.3337984e+01  5.3277848e+01  5.1460706e+00
1.3618105e+00  31503438  6.2962589e+01  6.3039420e+01  4.4812074e+00
1.4422695e+00  37426927  6.9033396e+01  6.9072904e+01  3.8909552e+00
1.5275481e+00  44525830  7.0591724e+01  7.0633475e+01  3.3771989e+00
