# Power spectrum from CO𝘕CEPT job 4701039 at t = 2.3138356 Gyr, a = 0.26315789
#
# Components:
#   0: matter  (upstream grid size 1024)
#
#                           grid size 1024
# ╭────────────────────────────────────────────────────────────────╮
#                         component 0    (corrected)      (linear)
#                        σ₈ = 2.44e-01  σ₈ = 2.44e-01  σ₈ = 2.43e-01
#  k [Mpc⁻¹]    modes       P [Mpc³]       P [Mpc³]       P [Mpc³]
3.0679616e-03         3  4.9825028e+03  4.9825028e+03  4.9829949e+03
5.8212951e-03        25  7.2378295e+03  7.2752481e+03  7.2731561e+03
1.0440195e-02       124  8.3489374e+03  8.4449459e+03  8.4723257e+03
1.6729547e-02       418  7.4896270e+03  7.5578700e+03  7.5497545e+03
2.3240110e-02       730  5.7570136e+03  5.7582567e+03  5.7890782e+03
2.9075630e-02      1012  4.5281159e+03  4.5170630e+03  4.5148908e+03
3.4544381e-02      1408  3.7736821e+03  3.7646210e+03  3.7583901e+03
3.9898901e-02      1841  3.2981782e+03  3.2952216e+03  3.3129099e+03
4.5580519e-02      2698  2.9602847e+03  2.9627171e+03  2.9719903e+03
5.1612543e-02      3532  2.5812473e+03  2.5853249e+03  2.6034010e+03
5.7899473e-02      4702  2.1586557e+03  2.1593615e+03  2.1754728e+03
6.4462744e-02      6019  1.7626496e+03  1.7587083e+03  1.7622783e+03
7.1309305e-02      7766  1.4619676e+03  1.4563803e+03  1.4612002e+03
7.8556104e-02     10012  1.2960552e+03  1.2928833e+03  1.2966721e+03
8.6194331e-02     12589  1.2069149e+03  1.2082000e+03  1.2093724e+03
9.4153926e-02     15650  1.0935781e+03  1.0966946e+03  1.1005886e+03
1.0254095e-01     19757  9.2438793e+02  9.2495789e+02  9.2937544e+02
1.1136076e-01     24241  7.5630376e+02  7.5377415e+02  7.5189269e+02
1.2060245e-01     29993  6.3846080e+02  6.3610610e+02  6.3291028e+02
1.3029316e-01     36494  5.6712472e+02  5.6720074e+02  5.6593414e+02
1.4046583e-01     44825  5.0515288e+02  5.0591306e+02  5.0272279e+02
1.5111985e-01     53906  4.3563300e+02  4.3477046e+02  4.3034340e+02
1.6229170e-01     65729  3.8139010e+02  3.8025154e+02  3.7722114e+02
1.7401323e-01     78746  3.4797055e+02  3.4849835e+02  3.4694119e+02
1.8625264e-01     94374  3.0935776e+02  3.0999802e+02  3.0847416e+02
1.9902230e-01    112166  2.6113058e+02  2.6064955e+02  2.5740123e+02
2.1238854e-01    134373  2.2364995e+02  2.2290887e+02  2.1710816e+02
2.2637810e-01    159077  1.9938847e+02  1.9916161e+02  1.9337634e+02
2.4096993e-01    188172  1.7927277e+02  1.7924846e+02  1.7594631e+02
2.5621802e-01    222492  1.6170957e+02  1.6186130e+02  1.5950166e+02
2.7214102e-01    261771  1.4260250e+02  1.4276968e+02  1.4000498e+02
2.8873063e-01    306759  1.2291725e+02  1.2263199e+02  1.1796562e+02
3.0605468e-01    360898  1.0813022e+02  1.0770774e+02  1.0211544e+02
3.2421519e-01    425046  9.8263856e+01  9.8316888e+01  9.4576201e+01
3.4337900e-01    505555  8.8094009e+01  8.8346537e+01  8.6284434e+01
3.6368055e-01    600292  7.6953267e+01  7.6850750e+01  7.3230611e+01
3.8517334e-01    712930  6.7475743e+01  6.7136003e+01  6.2296911e+01
4.0793004e-01    846715  6.0547946e+01  6.0613183e+01  5.7517289e+01
4.3202621e-01   1005596  5.3992636e+01  5.4201946e+01  5.1811636e+01
4.5754560e-01   1194719  4.7012147e+01  4.6769648e+01  4.3067510e+01
4.8457948e-01   1419743  4.1609776e+01  4.1553249e+01  3.8542235e+01
5.1321525e-01   1686576  3.6906372e+01  3.7059254e+01  3.5062048e+01
5.4354215e-01   2003484  3.2323452e+01  3.2093989e+01  2.9161398e+01
5.7565178e-01   2378778  2.8487892e+01  2.8563627e+01  2.6533046e+01
6.0966698e-01   2828400  2.5037176e+01  2.5027812e+01  2.3141406e+01
6.4568974e-01   3356890  2.1960391e+01  2.1883522e+01  1.9899484e+01
6.8383752e-01   3990317  1.9333491e+01  1.9424972e+01  1.7942499e+01
7.2424344e-01   4738457  1.7043018e+01  1.6949632e+01  1.5197344e+01
7.6703215e-01   5629661  1.5206004e+01  1.5268893e+01  1.3679848e+01
8.1235262e-01   6687903  1.3825616e+01  1.3768631e+01  1.1675344e+01
8.6035444e-01   7945758  1.3075632e+01  1.3086238e+01  1.0327208e+01
9.1118812e-01   9436555  1.3061472e+01  1.3095136e+01  9.0179316e+00
9.6501980e-01  11210320  1.3899232e+01  1.3830074e+01  7.7675295e+00
1.0220366e+00  13318613  1.5905573e+01  1.5937554e+01  6.8565130e+00
1.0824208e+00  15819192  1.9512191e+01  1.9523356e+01  5.9540526e+00
1.1463741e+00  18795348  2.5365141e+01  2.5273172e+01  5.1495778e+00
1.2141088e+00  22326034  3.3974210e+01  3.3891971e+01  4.4895833e+00
1.2858419e+00  26520842  4.5707091e+01  4.5655559e+01  3.9136541e+00
1.3618105e+00  31503438  5.9206847e+01  5.9279094e+01  3.4080172e+00
1.4422695e+00  37426927  7.0129675e+01  7.0169810e+01  2.9591229e+00
1.5275481e+00  44525830  7.3740693e+01  7.3784307e+01  2.5684046e+00
