# Power spectrum from CO𝘕CEPT job 4701039 at t = 11.277794 Gyr, a = 0.83333333
#
# Components:
#   0: matter  (upstream grid size 1024)
#
#                           grid size 1024
# ╭────────────────────────────────────────────────────────────────╮
#                         component 0    (corrected)      (linear)
#                        σ₈ = 7.10e-01  σ₈ = 7.10e-01  σ₈ = 6.56e-01
#  k [Mpc⁻¹]    modes       P [Mpc³]       P [Mpc³]       P [Mpc³]
3.0679616e-03         3  3.6385110e+04  3.6385110e+04  3.6379124e+04
5.8212951e-03        25  5.2812120e+04  5.3085151e+04  5.3048005e+04
1.0440195e-02       124  6.0441498e+04  6.1136545e+04  6.1730324e+04
1.6729547e-02       418  5.4500473e+04  5.4997063e+04  5.4967216e+04
2.3240110e-02       730  4.1381410e+04  4.1390345e+04  4.2130470e+04
2.9075630e-02      1012  3.2865964e+04  3.2785740e+04  3.2850070e+04
3.4544381e-02      1408  2.7466443e+04  2.7400493e+04  2.7342019e+04
3.9898901e-02      1841  2.3717168e+04  2.3695907e+04  2.4098890e+04
4.5580519e-02      2698  2.1391286e+04  2.1408862e+04  2.1617387e+04
5.1612543e-02      3532  1.8539045e+04  1.8568331e+04  1.8935308e+04
5.7899473e-02      4702  1.5551587e+04  1.5556672e+04  1.5822171e+04
6.4462744e-02      6019  1.2973460e+04  1.2944451e+04  1.2816579e+04
7.1309305e-02      7766  1.0870926e+04  1.0829380e+04  1.0626632e+04
7.8556104e-02     10012  9.7009972e+03  9.6772555e+03  9.4298898e+03
8.6194331e-02     12589  9.0242601e+03  9.0338693e+03  8.7948575e+03
9.4153926e-02     15650  8.1543404e+03  8.1775788e+03  8.0036389e+03
1.0254095e-01     19757  7.0303220e+03  7.0346567e+03  6.7584713e+03
1.1136076e-01     24241  6.0179461e+03  5.9978178e+03  5.4677522e+03
1.2060245e-01     29993  5.2302372e+03  5.2109476e+03  4.6024761e+03
1.3029316e-01     36494  4.6874594e+03  4.6880878e+03  4.1154025e+03
1.4046583e-01     44825  4.2154091e+03  4.2217527e+03  3.6557162e+03
1.5111985e-01     53906  3.7906486e+03  3.7831433e+03  3.1293697e+03
1.6229170e-01     65729  3.3941677e+03  3.3840352e+03  2.7430640e+03
1.7401323e-01     78746  3.1095020e+03  3.1142185e+03  2.5228663e+03
1.8625264e-01     94374  2.8205694e+03  2.8264069e+03  2.2431372e+03
1.9902230e-01    112166  2.5291422e+03  2.5244833e+03  1.8717443e+03
2.1238854e-01    134373  2.2819858e+03  2.2744243e+03  1.5787416e+03
2.2637810e-01    159077  2.1015698e+03  2.0991786e+03  1.4061686e+03
2.4096993e-01    188172  1.9284249e+03  1.9281634e+03  1.2794210e+03
2.5621802e-01    222492  1.7785175e+03  1.7801862e+03  1.1598395e+03
2.7214102e-01    261771  1.6444885e+03  1.6464165e+03  1.0180652e+03
2.8873063e-01    306759  1.5132618e+03  1.5097500e+03  8.5780206e+02
3.0605468e-01    360898  1.4030845e+03  1.3976024e+03  7.4254467e+02
3.2421519e-01    425046  1.3020647e+03  1.3027674e+03  6.8772159e+02
3.4337900e-01    505555  1.2118369e+03  1.2153107e+03  6.2742657e+02
3.6368055e-01    600292  1.1282436e+03  1.1267405e+03  5.3250390e+02
3.8517334e-01    712930  1.0521550e+03  1.0468574e+03  4.5299809e+02
4.0793004e-01    846715  9.8423467e+02  9.8529513e+02  4.1824235e+02
4.3202621e-01   1005596  9.1822542e+02  9.2178505e+02  3.7675296e+02
4.5754560e-01   1194719  8.5940759e+02  8.5497456e+02  3.1316912e+02
4.8457948e-01   1419743  8.0379521e+02  8.0270326e+02  2.8026306e+02
5.1321525e-01   1686576  7.5482219e+02  7.5794898e+02  2.5495649e+02
5.4354215e-01   2003484  7.0627846e+02  7.0126462e+02  2.1204936e+02
5.7565178e-01   2378778  6.6466128e+02  6.6642828e+02  1.9293703e+02
6.0966698e-01   2828400  6.2471278e+02  6.2447914e+02  1.6827441e+02
6.4568974e-01   3356890  5.8863067e+02  5.8657027e+02  1.4470049e+02
6.8383752e-01   3990317  5.5532912e+02  5.5795681e+02  1.3047009e+02
7.2424344e-01   4738457  5.2501381e+02  5.2213702e+02  1.1050848e+02
7.6703215e-01   5629661  4.9706566e+02  4.9912140e+02  9.9473881e+01
8.1235262e-01   6687903  4.7188330e+02  4.6993834e+02  8.4897978e+01
8.6035444e-01   7945758  4.4853468e+02  4.4889850e+02  7.5094902e+01
9.1118812e-01   9436555  4.2692461e+02  4.2802496e+02  6.5574403e+01
9.6501980e-01  11210320  4.0594979e+02  4.0392994e+02  5.6482015e+01
1.0220366e+00  13318613  3.8568936e+02  3.8646487e+02  4.9857492e+01
1.0824208e+00  15819192  3.6566212e+02  3.6587136e+02  4.3295189e+01
1.1463741e+00  18795348  3.4624663e+02  3.4499121e+02  3.7445397e+01
1.2141088e+00  22326034  3.2701714e+02  3.2622556e+02  3.2646202e+01
1.2858419e+00  26520842  3.0815770e+02  3.0781027e+02  2.8458295e+01
1.3618105e+00  31503438  2.8980526e+02  2.9015890e+02  2.4781523e+01
1.4422695e+00  37426927  2.7190810e+02  2.7206371e+02  2.1517361e+01
1.5275481e+00  44525830  2.5469233e+02  2.5484296e+02  1.8676229e+01
