# Power spectrum from CO𝘕CEPT job 4701039 at t = 3.4442201 Gyr, a = 0.34482759
#
# Components:
#   0: matter  (upstream grid size 1024)
#
#                           grid size 1024
# ╭────────────────────────────────────────────────────────────────╮
#                         component 0    (corrected)      (linear)
#                        σ₈ = 3.20e-01  σ₈ = 3.20e-01  σ₈ = 3.16e-01
#  k [Mpc⁻¹]    modes       P [Mpc³]       P [Mpc³]       P [Mpc³]
3.0679616e-03         3  8.3992666e+03  8.3992666e+03  8.4008344e+03
5.8212951e-03        25  1.2198697e+04  1.2261763e+04  1.2258488e+04
1.0440195e-02       124  1.4052011e+04  1.4213602e+04  1.4275612e+04
1.6729547e-02       418  1.2618854e+04  1.2733833e+04  1.2718874e+04
2.3240110e-02       730  9.6796219e+03  9.6817120e+03  9.7517939e+03
2.9075630e-02      1012  7.6270657e+03  7.6084484e+03  7.6050422e+03
3.4544381e-02      1408  6.3595386e+03  6.3442685e+03  6.3305861e+03
3.9898901e-02      1841  5.5465295e+03  5.5415575e+03  5.5801193e+03
4.5580519e-02      2698  4.9827305e+03  4.9868247e+03  5.0058185e+03
5.1612543e-02      3532  4.3404768e+03  4.3473335e+03  4.3849444e+03
5.7899473e-02      4702  3.6310810e+03  3.6322683e+03  3.6641489e+03
6.4462744e-02      6019  2.9740307e+03  2.9673807e+03  2.9681866e+03
7.1309305e-02      7766  2.4689358e+03  2.4595001e+03  2.4610717e+03
7.8556104e-02     10012  2.1906590e+03  2.1852977e+03  2.1839516e+03
8.6194331e-02     12589  2.0410812e+03  2.0432545e+03  2.0369085e+03
9.4153926e-02     15650  1.8491301e+03  1.8543998e+03  1.8536825e+03
1.0254095e-01     19757  1.5662614e+03  1.5672271e+03  1.5653109e+03
1.1136076e-01     24241  1.2890558e+03  1.2847442e+03  1.2663813e+03
1.2060245e-01     29993  1.0925180e+03  1.0884887e+03  1.0659827e+03
1.3029316e-01     36494  9.7109540e+02  9.7122558e+02  9.5317665e+02
1.4046583e-01     44825  8.6731337e+02  8.6861854e+02  8.4671185e+02
1.5111985e-01     53906  7.5204135e+02  7.5055233e+02  7.2480607e+02
1.6229170e-01     65729  6.6026966e+02  6.5829857e+02  6.3533442e+02
1.7401323e-01     78746  6.0245740e+02  6.0337120e+02  5.8433509e+02
1.8625264e-01     94374  5.3716341e+02  5.3827514e+02  5.1954678e+02
1.9902230e-01    112166  4.5778889e+02  4.5694560e+02  4.3352713e+02
2.1238854e-01    134373  3.9626145e+02  3.9494842e+02  3.6566352e+02
2.2637810e-01    159077  3.5498712e+02  3.5458321e+02  3.2569320e+02
2.4096993e-01    188172  3.1950803e+02  3.1946472e+02  2.9633667e+02
2.5621802e-01    222492  2.8918509e+02  2.8945642e+02  2.6863978e+02
2.7214102e-01    261771  2.5680028e+02  2.5710135e+02  2.3580254e+02
2.8873063e-01    306759  2.2474245e+02  2.2422090e+02  1.9868286e+02
3.0605468e-01    360898  1.9970163e+02  1.9892136e+02  1.7198725e+02
3.2421519e-01    425046  1.8185628e+02  1.8195443e+02  1.5928932e+02
3.4337900e-01    505555  1.6349357e+02  1.6396224e+02  1.4532395e+02
3.6368055e-01    600292  1.4517072e+02  1.4497732e+02  1.2333812e+02
3.8517334e-01    712930  1.2938000e+02  1.2872857e+02  1.0492311e+02
4.0793004e-01    846715  1.1651238e+02  1.1663791e+02  9.6873053e+01
4.3202621e-01   1005596  1.0470477e+02  1.0511068e+02  8.7263343e+01
4.5754560e-01   1194719  9.3082725e+01  9.2602582e+01  7.2536110e+01
4.8457948e-01   1419743  8.3311596e+01  8.3198419e+01  6.4914447e+01
5.1321525e-01   1686576  7.4713889e+01  7.5023386e+01  5.9052965e+01
5.4354215e-01   2003484  6.6716013e+01  6.6242399e+01  4.9114840e+01
5.7565178e-01   2378778  5.9754990e+01  5.9913849e+01  4.4688057e+01
6.0966698e-01   2828400  5.3429675e+01  5.3409694e+01  3.8975714e+01
6.4568974e-01   3356890  4.7844935e+01  4.7677462e+01  3.3515532e+01
6.8383752e-01   3990317  4.3035797e+01  4.3239432e+01  3.0219495e+01
7.2424344e-01   4738457  3.8868202e+01  3.8655225e+01  2.5595990e+01
7.6703215e-01   5629661  3.5525504e+01  3.5672429e+01  2.3040160e+01
8.1235262e-01   6687903  3.3006936e+01  3.2870892e+01  1.9664090e+01
8.6035444e-01   7945758  3.1494297e+01  3.1519843e+01  1.7393504e+01
9.1118812e-01   9436555  3.1170965e+01  3.1251305e+01  1.5188366e+01
9.6501980e-01  11210320  3.2189106e+01  3.2028945e+01  1.3082387e+01
1.0220366e+00  13318613  3.4830162e+01  3.4900195e+01  1.1548015e+01
1.0824208e+00  15819192  3.9353295e+01  3.9375813e+01  1.0028054e+01
1.1463741e+00  18795348  4.5830311e+01  4.5664140e+01  8.6731246e+00
1.2141088e+00  22326034  5.3565328e+01  5.3435666e+01  7.5615346e+00
1.2858419e+00  26520842  6.1430514e+01  6.1361255e+01  6.5915309e+00
1.3618105e+00  31503438  6.7665624e+01  6.7748194e+01  5.7399164e+00
1.4422695e+00  37426927  7.0971648e+01  7.1012265e+01  4.9838702e+00
1.5275481e+00  44525830  7.1836973e+01  7.1879460e+01  4.3258065e+00
