# Power spectrum from CO𝘕CEPT job 4701039 at t = 9.3728906 Gyr, a = 0.71428571
#
# Components:
#   0: matter  (upstream grid size 1024)
#
#                           grid size 1024
# ╭────────────────────────────────────────────────────────────────╮
#                         component 0    (corrected)      (linear)
#                        σ₈ = 6.31e-01  σ₈ = 6.31e-01  σ₈ = 5.91e-01
#  k [Mpc⁻¹]    modes       P [Mpc³]       P [Mpc³]       P [Mpc³]
3.0679616e-03         3  2.9522889e+04  2.9522889e+04  2.9513970e+04
5.8212951e-03        25  4.2856222e+04  4.3077783e+04  4.3041130e+04
1.0440195e-02       124  4.9109794e+04  4.9674531e+04  5.0090891e+04
1.6729547e-02       418  4.4252768e+04  4.4655984e+04  4.4606906e+04
2.3240110e-02       730  3.3667944e+04  3.3675214e+04  3.4191462e+04
2.9075630e-02      1012  2.6701326e+04  2.6636149e+04  2.6660636e+04
3.4544381e-02      1408  2.2305385e+04  2.2251827e+04  2.2190801e+04
3.9898901e-02      1841  1.9297138e+04  1.9279839e+04  1.9558936e+04
4.5580519e-02      2698  1.7392032e+04  1.7406323e+04  1.7545102e+04
5.1612543e-02      3532  1.5088705e+04  1.5112541e+04  1.5368400e+04
5.7899473e-02      4702  1.2649096e+04  1.2653232e+04  1.2841777e+04
6.4462744e-02      6019  1.0511715e+04  1.0488211e+04  1.0402396e+04
7.1309305e-02      7766  8.7874468e+03  8.7538633e+03  8.6249913e+03
7.8556104e-02     10012  7.8317892e+03  7.8126221e+03  7.6536943e+03
8.6194331e-02     12589  7.2910901e+03  7.2988537e+03  7.1382950e+03
9.4153926e-02     15650  6.5938237e+03  6.6126149e+03  6.4961217e+03
1.0254095e-01     19757  5.6614252e+03  5.6649159e+03  5.4854967e+03
1.1136076e-01     24241  4.8060425e+03  4.7899676e+03  4.4378946e+03
1.2060245e-01     29993  4.1555274e+03  4.1402014e+03  3.7355991e+03
1.3029316e-01     36494  3.7164463e+03  3.7169444e+03  3.3402696e+03
1.4046583e-01     44825  3.3394724e+03  3.3444978e+03  2.9671676e+03
1.5111985e-01     53906  2.9814315e+03  2.9755284e+03  2.5399597e+03
1.6229170e-01     65729  2.6585603e+03  2.6506237e+03  2.2264153e+03
1.7401323e-01     78746  2.4319555e+03  2.4356443e+03  2.0476925e+03
1.8625264e-01     94374  2.1991936e+03  2.2037451e+03  1.8206503e+03
1.9902230e-01    112166  1.9531361e+03  1.9495382e+03  1.5192086e+03
2.1238854e-01    134373  1.7517708e+03  1.7459662e+03  1.2813923e+03
2.2637810e-01    159077  1.6052645e+03  1.6034380e+03  1.1413231e+03
2.4096993e-01    188172  1.4658294e+03  1.4656307e+03  1.0384481e+03
2.5621802e-01    222492  1.3473948e+03  1.3486590e+03  9.4138941e+02
2.7214102e-01    261771  1.2374483e+03  1.2388991e+03  8.2631778e+02
2.8873063e-01    306759  1.1303087e+03  1.1276856e+03  6.9623954e+02
3.0605468e-01    360898  1.0402661e+03  1.0362016e+03  6.0269037e+02
3.2421519e-01    425046  9.6235967e+02  9.6287905e+02  5.5819301e+02
3.4337900e-01    505555  8.8967739e+02  8.9222772e+02  5.0925429e+02
3.6368055e-01    600292  8.2292135e+02  8.2182505e+02  4.3220982e+02
3.8517334e-01    712930  7.6331389e+02  7.5947061e+02  3.6767851e+02
4.0793004e-01    846715  7.0923900e+02  7.1000316e+02  3.3946885e+02
4.3202621e-01   1005596  6.5812564e+02  6.6067696e+02  3.0579377e+02
4.5754560e-01   1194719  6.1196775e+02  6.0881108e+02  2.5418559e+02
4.8457948e-01   1419743  5.6925463e+02  5.6848130e+02  2.2747721e+02
5.1321525e-01   1686576  5.3098987e+02  5.3318946e+02  2.0693699e+02
5.4354215e-01   2003484  4.9460235e+02  4.9109119e+02  1.7211116e+02
5.7565178e-01   2378778  4.6271428e+02  4.6394441e+02  1.5659853e+02
6.0966698e-01   2828400  4.3296096e+02  4.3279904e+02  1.3658097e+02
6.4568974e-01   3356890  4.0622310e+02  4.0480119e+02  1.1744706e+02
6.8383752e-01   3990317  3.8197933e+02  3.8378677e+02  1.0589687e+02
7.2424344e-01   4738457  3.6021612e+02  3.5824233e+02  8.9694906e+01
7.6703215e-01   5629661  3.4083892e+02  3.4224855e+02  8.0738607e+01
8.1235262e-01   6687903  3.2401604e+02  3.2268054e+02  6.8907985e+01
8.6035444e-01   7945758  3.0902683e+02  3.0927749e+02  6.0951258e+01
9.1118812e-01   9436555  2.9596273e+02  2.9672554e+02  5.3223886e+01
9.6501980e-01  11210320  2.8358387e+02  2.8217287e+02  4.5843992e+01
1.0220366e+00  13318613  2.7199096e+02  2.7253785e+02  4.0467157e+01
1.0824208e+00  15819192  2.6060908e+02  2.6075820e+02  3.5140822e+01
1.1463741e+00  18795348  2.4928090e+02  2.4837706e+02  3.0392801e+01
1.2141088e+00  22326034  2.3801464e+02  2.3743849e+02  2.6497505e+01
1.2858419e+00  26520842  2.2657236e+02  2.2631691e+02  2.3098363e+01
1.3618105e+00  31503438  2.1513139e+02  2.1539391e+02  2.0114088e+01
1.4422695e+00  37426927  2.0381565e+02  2.0393229e+02  1.7464709e+01
1.5275481e+00  44525830  1.9289931e+02  1.9301340e+02  1.5158687e+01
