# Power spectrum from CO𝘕CEPT job 4701039 at t = 7.2997278 Gyr, a = 0.58823529
#
# Components:
#   0: matter  (upstream grid size 1024)
#
#                           grid size 1024
# ╭────────────────────────────────────────────────────────────────╮
#                         component 0    (corrected)      (linear)
#                        σ₈ = 5.35e-01  σ₈ = 5.34e-01  σ₈ = 5.09e-01
#  k [Mpc⁻¹]    modes       P [Mpc³]       P [Mpc³]       P [Mpc³]
3.0679616e-03         3  2.1899387e+04  2.1899387e+04  2.1887127e+04
5.8212951e-03        25  3.1793951e+04  3.1958321e+04  3.1922900e+04
1.0440195e-02       124  3.6490813e+04  3.6910439e+04  3.7157230e+04
1.6729547e-02       418  3.2851524e+04  3.3150856e+04  3.3093284e+04
2.3240110e-02       730  2.5056247e+04  2.5061658e+04  2.5368037e+04
2.9075630e-02      1012  1.9834622e+04  1.9786207e+04  1.9781396e+04
3.4544381e-02      1408  1.6560370e+04  1.6520606e+04  1.6465326e+04
3.9898901e-02      1841  1.4361510e+04  1.4348636e+04  1.4512765e+04
4.5580519e-02      2698  1.2931637e+04  1.2942263e+04  1.3018673e+04
5.1612543e-02      3532  1.1233359e+04  1.1251104e+04  1.1403655e+04
5.7899473e-02      4702  9.4102196e+03  9.4132964e+03  9.5289304e+03
6.4462744e-02      6019  7.7837666e+03  7.7663617e+03  7.7188972e+03
7.1309305e-02      7766  6.4901251e+03  6.4653215e+03  6.4000417e+03
7.8556104e-02     10012  5.7757564e+03  5.7616212e+03  5.6793298e+03
8.6194331e-02     12589  5.3808461e+03  5.3865757e+03  5.2969026e+03
9.4153926e-02     15650  4.8702160e+03  4.8840953e+03  4.8203977e+03
1.0254095e-01     19757  4.1616286e+03  4.1641945e+03  4.0704807e+03
1.1136076e-01     24241  3.4971326e+03  3.4854357e+03  3.2931202e+03
1.2060245e-01     29993  3.0045536e+03  2.9934725e+03  2.7719894e+03
1.3029316e-01     36494  2.6807991e+03  2.6811585e+03  2.4786398e+03
1.4046583e-01     44825  2.4062017e+03  2.4098226e+03  2.2017828e+03
1.5111985e-01     53906  2.1283296e+03  2.1241156e+03  1.8847757e+03
1.6229170e-01     65729  1.8882560e+03  1.8826190e+03  1.6521116e+03
1.7401323e-01     78746  1.7250171e+03  1.7276336e+03  1.5194914e+03
1.8625264e-01     94374  1.5533323e+03  1.5565472e+03  1.3510155e+03
1.9902230e-01    112166  1.3626426e+03  1.3601325e+03  1.1273309e+03
2.1238854e-01    134373  1.2116141e+03  1.2075993e+03  9.5085941e+02
2.2637810e-01    159077  1.1027033e+03  1.1014486e+03  8.4692113e+02
2.4096993e-01    188172  1.0012965e+03  1.0011608e+03  7.7058283e+02
2.5621802e-01    222492  9.1635449e+02  9.1721427e+02  6.9856040e+02
2.7214102e-01    261771  8.3323909e+02  8.3421597e+02  6.1317136e+02
2.8873063e-01    306759  7.5342337e+02  7.5167491e+02  5.1664657e+02
3.0605468e-01    360898  6.8659616e+02  6.8391352e+02  4.4722823e+02
3.2421519e-01    425046  6.3253031e+02  6.3287168e+02  4.1420889e+02
3.4337900e-01    505555  5.7937997e+02  5.8104081e+02  3.7789382e+02
3.6368055e-01    600292  5.3106345e+02  5.3035597e+02  3.2072277e+02
3.8517334e-01    712930  4.8853630e+02  4.8607652e+02  2.7283713e+02
4.0793004e-01    846715  4.4944729e+02  4.4993155e+02  2.5190408e+02
4.3202621e-01   1005596  4.1375129e+02  4.1535526e+02  2.2691539e+02
4.5754560e-01   1194719  3.8101028e+02  3.7904494e+02  1.8861936e+02
4.8457948e-01   1419743  3.5127442e+02  3.5079722e+02  1.6880032e+02
5.1321525e-01   1686576  3.2448584e+02  3.2583000e+02  1.5355839e+02
5.4354215e-01   2003484  3.0014287e+02  2.9801217e+02  1.2771576e+02
5.7565178e-01   2378778  2.7789765e+02  2.7863644e+02  1.1620456e+02
6.0966698e-01   2828400  2.5810699e+02  2.5801046e+02  1.0135045e+02
6.4568974e-01   3356890  2.4006834e+02  2.3922802e+02  8.7152063e+01
6.8383752e-01   3990317  2.2412073e+02  2.2518122e+02  7.8581206e+01
7.2424344e-01   4738457  2.1017388e+02  2.0902224e+02  6.6558474e+01
7.6703215e-01   5629661  1.9831335e+02  1.9913352e+02  5.9912419e+01
8.1235262e-01   6687903  1.8838445e+02  1.8760799e+02  5.1133459e+01
8.6035444e-01   7945758  1.8043887e+02  1.8058523e+02  4.5229138e+01
9.1118812e-01   9436555  1.7438051e+02  1.7482996e+02  3.9495011e+01
9.6501980e-01  11210320  1.6966149e+02  1.6881732e+02  3.4018731e+01
1.0220366e+00  13318613  1.6594749e+02  1.6628116e+02  3.0028829e+01
1.0824208e+00  15819192  1.6255970e+02  1.6265271e+02  2.6076401e+01
1.1463741e+00  18795348  1.5919199e+02  1.5861479e+02  2.2553112e+01
1.2141088e+00  22326034  1.5530525e+02  1.5492931e+02  1.9662591e+01
1.2858419e+00  26520842  1.5085595e+02  1.5068587e+02  1.7140244e+01
1.3618105e+00  31503438  1.4596829e+02  1.4614641e+02  1.4925750e+01
1.4422695e+00  37426927  1.4089312e+02  1.4097375e+02  1.2959768e+01
1.5275481e+00  44525830  1.3561326e+02  1.3569347e+02  1.1248574e+01
