# Power spectrum from CO𝘕CEPT job 4547577 at t = 5.8531735 Gyr, a = 0.5
#
# Components:
#   0: matter  (upstream grid size 1024)
#
#                           grid size 1024
# ╭────────────────────────────────────────────────────────────────╮
#                         component 0    (corrected)      (linear)
#                        σ₈ = 4.60e-01  σ₈ = 4.58e-01  σ₈ = 4.42e-01
#  k [Mpc⁻¹]    modes       P [Mpc³]       P [Mpc³]       P [Mpc³]
2.4543693e-02         3  1.7792829e+04  1.7792829e+04  1.8049131e+04
4.6570361e-02        25  9.3869111e+03  9.5016017e+03  9.5784030e+03
8.3521561e-02       124  4.1475800e+03  4.0261992e+03  4.0484123e+03
1.3383638e-01       418  1.9634617e+03  1.9302330e+03  1.7824261e+03
1.8592088e-01       730  1.0879785e+03  1.1137749e+03  1.0140632e+03
2.3260504e-01      1012  7.7734105e+02  7.7227983e+02  6.0625020e+02
2.7635505e-01      1408  5.9840403e+02  5.9913389e+02  4.3888596e+02
3.1919121e-01      1841  4.7837778e+02  4.7555468e+02  3.1374365e+02
3.6464415e-01      2698  3.7858965e+02  3.7607499e+02  2.3763383e+02
4.1290034e-01      3532  3.2202664e+02  3.2469015e+02  1.8486108e+02
4.6319578e-01      4702  2.6895338e+02  2.6383592e+02  1.3592607e+02
5.1570195e-01      6019  2.2970609e+02  2.3227932e+02  1.1312574e+02
5.7047444e-01      7766  1.9637897e+02  1.9617547e+02  8.7307972e+01
6.2844883e-01     10012  1.7594103e+02  1.7316047e+02  6.8522284e+01
6.8955465e-01     12589  1.5698563e+02  1.5744938e+02  5.7014874e+01
7.5323141e-01     15650  1.4138153e+02  1.4258688e+02  4.6577463e+01
8.2032763e-01     19757  1.2463307e+02  1.2423990e+02  3.7417503e+01
8.9088605e-01     24241  1.1499859e+02  1.1383267e+02  3.0526148e+01
9.6481958e-01     29993  1.0345952e+02  1.0261676e+02  2.5342451e+01
1.0423453e+00     36494  9.5294439e+01  9.4770810e+01  2.1122556e+01
1.1237267e+00     44825  8.6879589e+01  8.6507531e+01  1.7648836e+01
1.2089588e+00     53906  8.0358770e+01  8.0136750e+01  1.4798708e+01
1.2983336e+00     65729  7.4134929e+01  7.3925313e+01  1.2439358e+01
1.3921058e+00     78746  6.7928984e+01  6.7714466e+01  1.0480816e+01
1.4900211e+00     94374  6.3075962e+01  6.2880208e+01  8.8683391e+00
1.5921784e+00    112166  5.8245897e+01  5.8197143e+01  7.5458313e+00
1.6991083e+00    134373  5.3985634e+01  5.3992465e+01  6.4299069e+00
1.8110248e+00    159077  4.9992434e+01  4.9925499e+01  5.4808829e+00
1.9277595e+00    188172  4.6114623e+01  4.6057598e+01  4.6908377e+00
2.0497441e+00    222492  4.2725443e+01  4.2707255e+01  4.0264537e+00
2.1771282e+00    261771  3.9418182e+01  3.9384047e+01  3.4599325e+00
2.3098450e+00    306759  3.6261093e+01  3.6233061e+01  2.9816315e+00
2.4484375e+00    360898  3.3462935e+01  3.3434600e+01  2.5738564e+00
2.5937215e+00    425046  3.0738286e+01  3.0712632e+01  2.2247002e+00
2.7470320e+00    505555  2.8164049e+01  2.8139102e+01  1.9231164e+00
2.9094444e+00    600292  2.5751824e+01  2.5728678e+01  1.6618503e+00
3.0813867e+00    712930  2.3532342e+01  2.3511485e+01  1.4356678e+00
3.2634403e+00    846715  2.1353744e+01  2.1334732e+01  1.2398248e+00
3.4562097e+00   1005596  1.9445662e+01  1.9428544e+01  1.0704081e+00
3.6603648e+00   1194719  1.7594220e+01  1.7578615e+01  9.2385234e-01
3.8766358e+00   1419743  1.5905244e+01  1.5890937e+01  7.9700507e-01
4.1057220e+00   1686576  1.4378970e+01  1.4366051e+01  6.8740466e-01
4.3483372e+00   2003484  1.2981259e+01  1.2969549e+01  5.9263791e-01
4.6052142e+00   2378778  1.1657356e+01  1.1646778e+01  5.1080571e-01
4.8773359e+00   2828400  1.0439590e+01  1.0430059e+01  4.4013791e-01
5.1655179e+00   3356890  9.3743440e+00  9.3657809e+00  3.7913797e-01
5.4707002e+00   3990317  8.3849878e+00  8.3773298e+00  3.2651055e-01
5.7939476e+00   4738457  7.4956997e+00  7.4887258e+00  2.8110145e-01
6.1362572e+00   5629661  6.7124613e+00  6.7063530e+00  2.4193461e-01
6.4988210e+00   6687903  5.9890308e+00  5.9834339e+00  2.0816137e-01
6.8828355e+00   7945758  5.3414355e+00  5.3364812e+00  1.7906344e-01
7.2895050e+00   9436555  4.7559544e+00  4.7515484e+00  1.5398739e-01
7.7201584e+00  11210320  4.2335166e+00  4.2294877e+00  1.3239846e-01
8.1762927e+00  13318613  3.7666357e+00  3.7630652e+00  1.1379880e-01
8.6593661e+00  15819192  3.3478616e+00  3.3447322e+00  9.7791528e-02
9.1709925e+00  18795348  2.9671854e+00  2.9643494e+00  8.4015752e-02
9.7128705e+00  22326034  2.6346747e+00  2.6321597e+00  7.2165110e-02
1.0286736e+01  26520842  2.3368777e+00  2.3345892e+00  6.1966428e-02
1.0894484e+01  31503438  2.0719870e+00  2.0700074e+00  5.3218595e-02
1.1538156e+01  37426927  1.8362181e+00  1.8344577e+00  4.5694624e-02
1.2220385e+01  44525830  1.6262322e+00  1.6246639e+00  3.9220680e-02
