# Power spectrum from CO𝘕CEPT job 4547577 at t = 2.2263564 Gyr, a = 0.25641026
#
# Components:
#   0: matter  (upstream grid size 1024)
#
#                           grid size 1024
# ╭────────────────────────────────────────────────────────────────╮
#                         component 0    (corrected)      (linear)
#                        σ₈ = 2.39e-01  σ₈ = 2.38e-01  σ₈ = 2.36e-01
#  k [Mpc⁻¹]    modes       P [Mpc³]       P [Mpc³]       P [Mpc³]
2.4543693e-02         3  5.1199008e+03  5.1199008e+03  5.1516725e+03
4.6570361e-02        25  2.6959234e+03  2.7288625e+03  2.7346378e+03
8.3521561e-02       124  1.1751147e+03  1.1407244e+03  1.1559339e+03
1.3383638e-01       418  5.3552014e+02  5.2645726e+02  5.0894720e+02
1.8592088e-01       730  2.8585611e+02  2.9263387e+02  2.8955456e+02
2.3260504e-01      1012  1.9193094e+02  1.9068129e+02  1.7310871e+02
2.7635505e-01      1408  1.4158671e+02  1.4175940e+02  1.2531977e+02
3.1919121e-01      1841  1.0416214e+02  1.0354744e+02  8.9586666e+01
3.6464415e-01      2698  8.1159459e+01  8.0620384e+01  6.7854253e+01
4.1290034e-01      3532  6.3321708e+01  6.3845448e+01  5.2785492e+01
4.6319578e-01      4702  4.9936002e+01  4.8985855e+01  3.8812540e+01
5.1570195e-01      6019  4.1973767e+01  4.2443969e+01  3.2302113e+01
5.7047444e-01      7766  3.4299141e+01  3.4263599e+01  2.4930073e+01
6.2844883e-01     10012  2.9272208e+01  2.8809592e+01  1.9565980e+01
6.8955465e-01     12589  2.4340335e+01  2.4412238e+01  1.6280137e+01
7.5323141e-01     15650  2.0815503e+01  2.0992967e+01  1.3299822e+01
8.2032763e-01     19757  1.7792063e+01  1.7735936e+01  1.0684272e+01
8.9088605e-01     24241  1.5459263e+01  1.5302528e+01  8.7165023e+00
9.6481958e-01     29993  1.3425918e+01  1.3316554e+01  7.2363402e+00
1.0423453e+00     36494  1.1660324e+01  1.1596253e+01  6.0313836e+00
1.1237267e+00     44825  1.0303441e+01  1.0259317e+01  5.0394912e+00
1.2089588e+00     53906  9.1358876e+00  9.1106464e+00  4.2256601e+00
1.2983336e+00     65729  8.1018944e+00  8.0789864e+00  3.5519669e+00
1.3921058e+00     78746  7.2375016e+00  7.2146458e+00  2.9927207e+00
1.4900211e+00     94374  6.4709642e+00  6.4508818e+00  2.5322909e+00
1.5921784e+00    112166  5.8203559e+00  5.8154840e+00  2.1546593e+00
1.6991083e+00    134373  5.2419403e+00  5.2426037e+00  1.8360159e+00
1.8110248e+00    159077  4.7658314e+00  4.7594504e+00  1.5650295e+00
1.9277595e+00    188172  4.3388796e+00  4.3335143e+00  1.3394383e+00
2.0497441e+00    222492  3.9587787e+00  3.9570935e+00  1.1497286e+00
2.1771282e+00    261771  3.6215699e+00  3.6184337e+00  9.8796283e-01
2.3098450e+00    306759  3.3175453e+00  3.3149806e+00  8.5138763e-01
2.4484375e+00    360898  3.0618117e+00  3.0592191e+00  7.3495054e-01
2.5937215e+00    425046  2.8238220e+00  2.8214653e+00  6.3525161e-01
2.7470320e+00    505555  2.6028007e+00  2.6004951e+00  5.4913660e-01
2.9094444e+00    600292  2.3960798e+00  2.3939261e+00  4.7453398e-01
3.0813867e+00    712930  2.2121736e+00  2.2102129e+00  4.0994920e-01
3.2634403e+00    846715  2.0478419e+00  2.0460187e+00  3.5402764e-01
3.4562097e+00   1005596  1.8983865e+00  1.8967153e+00  3.0565189e-01
3.6603648e+00   1194719  1.7586796e+00  1.7571198e+00  2.6380389e-01
3.8766358e+00   1419743  1.6215327e+00  1.6200741e+00  2.2758350e-01
4.1057220e+00   1686576  1.4985067e+00  1.4971604e+00  1.9628782e-01
4.3483372e+00   2003484  1.3801823e+00  1.3789373e+00  1.6922778e-01
4.6052142e+00   2378778  1.2746977e+00  1.2735411e+00  1.4586110e-01
4.8773359e+00   2828400  1.1740250e+00  1.1729531e+00  1.2568232e-01
5.1655179e+00   3356890  1.0839326e+00  1.0829425e+00  1.0826412e-01
5.4707002e+00   3990317  9.9918223e-01  9.9826968e-01  9.3236641e-02
5.7939476e+00   4738457  9.2195006e-01  9.2109229e-01  8.0270295e-02
6.1362572e+00   5629661  8.5156335e-01  8.5078844e-01  6.9086380e-02
6.4988210e+00   6687903  7.8768296e-01  7.8694685e-01  5.9442566e-02
6.8828355e+00   7945758  7.3086900e-01  7.3019110e-01  5.1133756e-02
7.2895050e+00   9436555  6.8012692e-01  6.7949685e-01  4.3973361e-02
7.7201584e+00  11210320  6.3370263e-01  6.3309956e-01  3.7808692e-02
8.1762927e+00  13318613  5.9168883e-01  5.9112795e-01  3.2497586e-02
8.6593661e+00  15819192  5.5331165e-01  5.5279446e-01  2.7926722e-02
9.1709925e+00  18795348  5.1676924e-01  5.1627531e-01  2.3993045e-02
9.7128705e+00  22326034  4.8154100e-01  4.8108133e-01  2.0609078e-02
1.0286736e+01  26520842  4.4854618e-01  4.4810691e-01  1.7696820e-02
1.0894484e+01  31503438  4.1740370e-01  4.1700490e-01  1.5198844e-02
1.1538156e+01  37426927  3.8767416e-01  3.8730249e-01  1.3050335e-02
1.2220385e+01  44525830  3.5987751e-01  3.5953044e-01  1.1201654e-02
