# Power spectrum from CO𝘕CEPT job 4547577 at t = 4.270144 Gyr, a = 0.4
#
# Components:
#   0: matter  (upstream grid size 1024)
#
#                           grid size 1024
# ╭────────────────────────────────────────────────────────────────╮
#                         component 0    (corrected)      (linear)
#                        σ₈ = 3.72e-01  σ₈ = 3.70e-01  σ₈ = 3.61e-01
#  k [Mpc⁻¹]    modes       P [Mpc³]       P [Mpc³]       P [Mpc³]
2.4543693e-02         3  1.1936911e+04  1.1936911e+04  1.2066980e+04
4.6570361e-02        25  6.2940790e+03  6.3709809e+03  6.4043877e+03
8.3521561e-02       124  2.7578042e+03  2.6770958e+03  2.7069803e+03
1.3383638e-01       418  1.2881117e+03  1.2663124e+03  1.1918372e+03
1.8592088e-01       730  7.0057434e+02  7.1718524e+02  6.7806615e+02
2.3260504e-01      1012  4.8991975e+02  4.8672992e+02  4.0537744e+02
2.7635505e-01      1408  3.6988105e+02  3.7033219e+02  2.9346730e+02
3.1919121e-01      1841  2.8649322e+02  2.8480251e+02  2.0978923e+02
3.6464415e-01      2698  2.2567494e+02  2.2417596e+02  1.5889735e+02
4.1290034e-01      3532  1.8441728e+02  1.8594261e+02  1.2361010e+02
4.6319578e-01      4702  1.5127938e+02  1.4840094e+02  9.0889000e+01
5.1570195e-01      6019  1.2823170e+02  1.2966819e+02  7.5643233e+01
5.7047444e-01      7766  1.0848684e+02  1.0837443e+02  5.8379799e+01
6.2844883e-01     10012  9.5942254e+01  9.4425990e+01  4.5818469e+01
6.8955465e-01     12589  8.3867843e+01  8.4115597e+01  3.8123868e+01
7.5323141e-01     15650  7.4261409e+01  7.4894530e+01  3.1144736e+01
8.2032763e-01     19757  6.4568416e+01  6.4364730e+01  2.5019791e+01
8.9088605e-01     24241  5.8739561e+01  5.8144027e+01  2.0411782e+01
9.6481958e-01     29993  5.2070518e+01  5.1646366e+01  1.6945624e+01
1.0423453e+00     36494  4.7320268e+01  4.7060250e+01  1.4123926e+01
1.1237267e+00     44825  4.3043699e+01  4.2859366e+01  1.1801171e+01
1.2089588e+00     53906  3.9576521e+01  3.9467177e+01  9.8953889e+00
1.2983336e+00     65729  3.6103849e+01  3.6001765e+01  8.3177737e+00
1.3921058e+00     78746  3.3233556e+01  3.3128605e+01  7.0081639e+00
1.4900211e+00     94374  3.0442613e+01  3.0348135e+01  5.9299567e+00
1.5921784e+00    112166  2.8377485e+01  2.8353732e+01  5.0456414e+00
1.6991083e+00    134373  2.5959266e+01  2.5962551e+01  4.2994614e+00
1.8110248e+00    159077  2.4046104e+01  2.4013908e+01  3.6648818e+00
1.9277595e+00    188172  2.2233180e+01  2.2205687e+01  3.1366058e+00
2.0497441e+00    222492  2.0553558e+01  2.0544809e+01  2.6923551e+00
2.1771282e+00    261771  1.9138733e+01  1.9122160e+01  2.3135419e+00
2.3098450e+00    306759  1.7751337e+01  1.7737614e+01  1.9937184e+00
2.4484375e+00    360898  1.6430208e+01  1.6416295e+01  1.7210532e+00
2.5937215e+00    425046  1.5261349e+01  1.5248612e+01  1.4875844e+00
2.7470320e+00    505555  1.4153023e+01  1.4140487e+01  1.2859257e+00
2.9094444e+00    600292  1.3041972e+01  1.3030249e+01  1.1112259e+00
3.0813867e+00    712930  1.2025599e+01  1.2014940e+01  9.5998538e-01
3.2634403e+00    846715  1.1066483e+01  1.1056630e+01  8.2903184e-01
3.4562097e+00   1005596  1.0165994e+01  1.0157045e+01  7.1574864e-01
3.6603648e+00   1194719  9.3034282e+00  9.2951767e+00  6.1775175e-01
3.8766358e+00   1419743  8.5290123e+00  8.5213402e+00  5.3293326e-01
4.1057220e+00   1686576  7.7732878e+00  7.7663042e+00  4.5964714e-01
4.3483372e+00   2003484  7.0558180e+00  7.0494532e+00  3.9627979e-01
4.6052142e+00   2378778  6.4072567e+00  6.4014428e+00  3.4156132e-01
4.8773359e+00   2828400  5.7985023e+00  5.7932086e+00  2.9430810e-01
5.1655179e+00   3356890  5.2285349e+00  5.2237589e+00  2.5351945e-01
5.4707002e+00   3990317  4.7089392e+00  4.7046385e+00  2.1832921e-01
5.7939476e+00   4738457  4.2344710e+00  4.2305313e+00  1.8796562e-01
6.1362572e+00   5629661  3.8057979e+00  3.8023347e+00  1.6177602e-01
6.4988210e+00   6687903  3.4147715e+00  3.4115804e+00  1.3919292e-01
6.8828355e+00   7945758  3.0620449e+00  3.0592048e+00  1.1973606e-01
7.2895050e+00   9436555  2.7421625e+00  2.7396221e+00  1.0296847e-01
7.7201584e+00  11210320  2.4588195e+00  2.4564796e+00  8.8532620e-02
8.1762927e+00  13318613  2.1991129e+00  2.1970283e+00  7.6095585e-02
8.6593661e+00  15819192  1.9634466e+00  1.9616113e+00  6.5391998e-02
9.1709925e+00  18795348  1.7545043e+00  1.7528273e+00  5.6180533e-02
9.7128705e+00  22326034  1.5645217e+00  1.5630283e+00  4.8256341e-02
1.0286736e+01  26520842  1.3947753e+00  1.3934093e+00  4.1436761e-02
1.0894484e+01  31503438  1.2441244e+00  1.2429358e+00  3.5587317e-02
1.1538156e+01  37426927  1.1097238e+00  1.1086599e+00  3.0556229e-02
1.2220385e+01  44525830  9.9016593e-01  9.8921101e-01  2.6227258e-02
