# Power spectrum from CO𝘕CEPT job 4547577 at t = 3.2777628 Gyr, a = 0.33333333
#
# Components:
#   0: matter  (upstream grid size 1024)
#
#                           grid size 1024
# ╭────────────────────────────────────────────────────────────────╮
#                         component 0    (corrected)      (linear)
#                        σ₈ = 3.11e-01  σ₈ = 3.10e-01  σ₈ = 3.04e-01
#  k [Mpc⁻¹]    modes       P [Mpc³]       P [Mpc³]       P [Mpc³]
2.4543693e-02         3  8.4848741e+03  8.4848741e+03  8.5581931e+03
4.6570361e-02        25  4.4714019e+03  4.5260341e+03  4.5424796e+03
8.3521561e-02       124  1.9524069e+03  1.8952688e+03  1.9200476e+03
1.3383638e-01       418  9.0224416e+02  8.8697503e+02  8.4537113e+02
1.8592088e-01       730  4.8555413e+02  4.9706681e+02  4.8095418e+02
2.3260504e-01      1012  3.3373779e+02  3.3156484e+02  2.8753563e+02
2.7635505e-01      1408  2.4913649e+02  2.4944036e+02  2.0815749e+02
3.1919121e-01      1841  1.8841357e+02  1.8730166e+02  1.4880436e+02
3.6464415e-01      2698  1.4781480e+02  1.4683299e+02  1.1270657e+02
4.1290034e-01      3532  1.1778818e+02  1.1876242e+02  8.7677193e+01
4.6319578e-01      4702  9.5183553e+01  9.3372467e+01  6.4467979e+01
5.1570195e-01      6019  8.0452025e+01  8.1353271e+01  5.3654094e+01
5.7047444e-01      7766  6.7026784e+01  6.6957329e+01  4.1409064e+01
6.2844883e-01     10012  5.8450494e+01  5.7526747e+01  3.2499257e+01
6.8955465e-01     12589  5.0075931e+01  5.0223861e+01  2.7041442e+01
7.5323141e-01     15650  4.3555221e+01  4.3926554e+01  2.2091112e+01
8.2032763e-01     19757  3.7573583e+01  3.7455054e+01  1.7746660e+01
8.9088605e-01     24241  3.3573859e+01  3.3233469e+01  1.4478178e+01
9.6481958e-01     29993  2.9570175e+01  2.9329305e+01  1.2019616e+01
1.0423453e+00     36494  2.6338057e+01  2.6193333e+01  1.0018172e+01
1.1237267e+00     44825  2.3850001e+01  2.3747864e+01  8.3706307e+00
1.2089588e+00     53906  2.1530261e+01  2.1470776e+01  7.0188506e+00
1.2983336e+00     65729  1.9478923e+01  1.9423846e+01  5.8998406e+00
1.3921058e+00     78746  1.7741037e+01  1.7685012e+01  4.9709280e+00
1.4900211e+00     94374  1.6114550e+01  1.6064539e+01  4.2061504e+00
1.5921784e+00    112166  1.4777124e+01  1.4764754e+01  3.5789013e+00
1.6991083e+00    134373  1.3530916e+01  1.3532629e+01  3.0496321e+00
1.8110248e+00    159077  1.2472638e+01  1.2455939e+01  2.5995217e+00
1.9277595e+00    188172  1.1505331e+01  1.1491104e+01  2.2248129e+00
2.0497441e+00    222492  1.0679748e+01  1.0675202e+01  1.9097037e+00
2.1771282e+00    261771  9.9047455e+00  9.8961683e+00  1.6410095e+00
2.3098450e+00    306759  9.1613296e+00  9.1542473e+00  1.4141571e+00
2.4484375e+00    360898  8.5094763e+00  8.5022708e+00  1.2207543e+00
2.5937215e+00    425046  7.9064571e+00  7.8998585e+00  1.0551537e+00
2.7470320e+00    505555  7.3391555e+00  7.3326545e+00  9.1211607e-01
2.9094444e+00    600292  6.8118759e+00  6.8057531e+00  7.8820063e-01
3.0813867e+00    712930  6.3276317e+00  6.3220234e+00  6.8092489e-01
3.2634403e+00    846715  5.8571452e+00  5.8519304e+00  5.8803884e-01
3.4562097e+00   1005596  5.4205294e+00  5.4157576e+00  5.0768644e-01
3.6603648e+00   1194719  5.0142376e+00  5.0097904e+00  4.3817670e-01
3.8766358e+00   1419743  4.6139632e+00  4.6098128e+00  3.7801446e-01
4.1057220e+00   1686576  4.2493559e+00  4.2455382e+00  3.2603219e-01
4.3483372e+00   2003484  3.8980766e+00  3.8945603e+00  2.8108535e-01
4.6052142e+00   2378778  3.5715880e+00  3.5683472e+00  2.4227320e-01
4.8773359e+00   2828400  3.2671327e+00  3.2641499e+00  2.0875619e-01
5.1655179e+00   3356890  2.9809556e+00  2.9782326e+00  1.7982454e-01
5.4707002e+00   3990317  2.7095999e+00  2.7071252e+00  1.5486387e-01
5.7939476e+00   4738457  2.4643304e+00  2.4620376e+00  1.3332676e-01
6.1362572e+00   5629661  2.2380487e+00  2.2360121e+00  1.1475029e-01
6.4988210e+00   6687903  2.0325926e+00  2.0306931e+00  9.8731927e-02
6.8828355e+00   7945758  1.8437191e+00  1.8420090e+00  8.4931018e-02
7.2895050e+00   9436555  1.6692294e+00  1.6676830e+00  7.3037633e-02
7.7201584e+00  11210320  1.5077897e+00  1.5063548e+00  6.2798156e-02
8.1762927e+00  13318613  1.3630629e+00  1.3617708e+00  5.3976451e-02
8.6593661e+00  15819192  1.2325465e+00  1.2313944e+00  4.6384292e-02
9.1709925e+00  18795348  1.1121798e+00  1.1111167e+00  3.9850503e-02
9.7128705e+00  22326034  1.0024737e+00  1.0015167e+00  3.4229785e-02
1.0286736e+01  26520842  9.0371349e-01  9.0282848e-01  2.9392575e-02
1.0894484e+01  31503438  8.1417008e-01  8.1339221e-01  2.5243489e-02
1.1538156e+01  37426927  7.3358028e-01  7.3287699e-01  2.1674869e-02
1.2220385e+01  44525830  6.6144735e-01  6.6080945e-01  1.8604264e-02
