# Power spectrum from CO𝘕CEPT job 4547577 at t = 9.372808 Gyr, a = 0.71428571
#
# Components:
#   0: matter  (upstream grid size 1024)
#
#                           grid size 1024
# ╭────────────────────────────────────────────────────────────────╮
#                         component 0    (corrected)      (linear)
#                        σ₈ = 6.29e-01  σ₈ = 6.27e-01  σ₈ = 5.88e-01
#  k [Mpc⁻¹]    modes       P [Mpc³]       P [Mpc³]       P [Mpc³]
2.4543693e-02         3  3.1327433e+04  3.1327433e+04  3.2007702e+04
4.6570361e-02        25  1.6528760e+04  1.6730711e+04  1.6983271e+04
8.3521561e-02       124  7.5009579e+03  7.2814391e+03  7.1776978e+03
1.3383638e-01       418  3.6289273e+03  3.5675131e+03  3.1601146e+03
1.8592088e-01       730  2.0868572e+03  2.1363374e+03  1.7978495e+03
2.3260504e-01      1012  1.5386589e+03  1.5286408e+03  1.0748281e+03
2.7635505e-01      1408  1.2357374e+03  1.2372446e+03  7.7810493e+02
3.1919121e-01      1841  1.0439914e+03  1.0378304e+03  5.5623849e+02
3.6464415e-01      2698  8.3590155e+02  8.3034934e+02  4.2130254e+02
4.1290034e-01      3532  7.3971646e+02  7.4583473e+02  3.2774124e+02
4.6319578e-01      4702  6.4386649e+02  6.3161545e+02  2.4098400e+02
5.1570195e-01      6019  5.7538802e+02  5.8183367e+02  2.0056114e+02
5.7047444e-01      7766  5.1309764e+02  5.1256595e+02  1.5478866e+02
6.2844883e-01     10012  4.5515467e+02  4.4796144e+02  1.2148342e+02
6.8955465e-01     12589  4.1365086e+02  4.1487283e+02  1.0108187e+02
7.5323141e-01     15650  3.8299931e+02  3.8626460e+02  8.2577335e+01
8.2032763e-01     19757  3.4929809e+02  3.4819620e+02  6.6337604e+01
8.9088605e-01     24241  3.1652296e+02  3.1331388e+02  5.4119893e+01
9.6481958e-01     29993  2.9053829e+02  2.8817164e+02  4.4929696e+01
1.0423453e+00     36494  2.6611807e+02  2.6465579e+02  3.7448228e+01
1.1237267e+00     44825  2.4177975e+02  2.4074434e+02  3.1289658e+01
1.2089588e+00     53906  2.2547771e+02  2.2485475e+02  2.6236657e+01
1.2983336e+00     65729  2.0753819e+02  2.0695138e+02  2.2053758e+01
1.3921058e+00     78746  1.8974253e+02  1.8914332e+02  1.8581451e+01
1.4900211e+00     94374  1.7344809e+02  1.7290980e+02  1.5722687e+01
1.5921784e+00    112166  1.5863555e+02  1.5850276e+02  1.3378009e+01
1.6991083e+00    134373  1.4515440e+02  1.4517277e+02  1.1399584e+01
1.8110248e+00    159077  1.3284227e+02  1.3266441e+02  9.7170567e+00
1.9277595e+00    188172  1.2089333e+02  1.2074384e+02  8.3163835e+00
2.0497441e+00    222492  1.0990124e+02  1.0985446e+02  7.1384956e+00
2.1771282e+00    261771  9.9630513e+01  9.9544236e+01  6.1341089e+00
2.3098450e+00    306759  9.1176086e+01  9.1105601e+01  5.2861280e+00
2.4484375e+00    360898  8.2563543e+01  8.2493631e+01  4.5631827e+00
2.5937215e+00    425046  7.4892835e+01  7.4830331e+01  3.9441631e+00
2.7470320e+00    505555  6.8129196e+01  6.8068847e+01  3.4094847e+00
2.9094444e+00    600292  6.1603228e+01  6.1547856e+01  2.9462857e+00
3.0813867e+00    712930  5.5895813e+01  5.5846272e+01  2.5452864e+00
3.2634403e+00    846715  5.0541229e+01  5.0496230e+01  2.1980762e+00
3.4562097e+00   1005596  4.5607666e+01  4.5567516e+01  1.8977172e+00
3.6603648e+00   1194719  4.0857377e+01  4.0821140e+01  1.6378885e+00
3.8766358e+00   1419743  3.6703145e+01  3.6670130e+01  1.4130010e+00
4.1057220e+00   1686576  3.2855171e+01  3.2825654e+01  1.2186904e+00
4.3483372e+00   2003484  2.9428261e+01  2.9401715e+01  1.0506786e+00
4.6052142e+00   2378778  2.6400968e+01  2.6377012e+01  9.0559838e-01
4.8773359e+00   2828400  2.3545349e+01  2.3523853e+01  7.8031157e-01
5.1655179e+00   3356890  2.1022347e+01  2.1003144e+01  6.7216494e-01
5.4707002e+00   3990317  1.8779558e+01  1.8762406e+01  5.7886196e-01
5.7939476e+00   4738457  1.6736432e+01  1.6720861e+01  4.9835637e-01
6.1362572e+00   5629661  1.4935521e+01  1.4921930e+01  4.2891769e-01
6.4988210e+00   6687903  1.3277141e+01  1.3264733e+01  3.6904131e-01
6.8828355e+00   7945758  1.1802600e+01  1.1791652e+01  3.1745382e-01
7.2895050e+00   9436555  1.0498262e+01  1.0488536e+01  2.7299669e-01
7.7201584e+00  11210320  9.3148130e+00  9.3059485e+00  2.3472191e-01
8.1762927e+00  13318613  8.2621873e+00  8.2543554e+00  2.0174679e-01
8.6593661e+00  15819192  7.3228519e+00  7.3160070e+00  1.7336772e-01
9.1709925e+00  18795348  6.4867954e+00  6.4805954e+00  1.4894487e-01
9.7128705e+00  22326034  5.7385937e+00  5.7331157e+00  1.2793509e-01
1.0286736e+01  26520842  5.0716946e+00  5.0667278e+00  1.0985406e-01
1.0894484e+01  31503438  4.4737270e+00  4.4694528e+00  9.4345233e-02
1.1538156e+01  37426927  3.9435257e+00  3.9397449e+00  8.1006191e-02
1.2220385e+01  44525830  3.4748358e+00  3.4714846e+00  6.9528741e-02
