# Power spectrum from CO𝘕CEPT job 4547577 at t = 3.8212673 Gyr, a = 0.37037037
#
# Components:
#   0: matter  (upstream grid size 1024)
#
#                           grid size 1024
# ╭────────────────────────────────────────────────────────────────╮
#                         component 0    (corrected)      (linear)
#                        σ₈ = 3.45e-01  σ₈ = 3.44e-01  σ₈ = 3.36e-01
#  k [Mpc⁻¹]    modes       P [Mpc³]       P [Mpc³]       P [Mpc³]
2.4543693e-02         3  1.0348509e+04  1.0348509e+04  1.0450767e+04
4.6570361e-02        25  5.4552924e+03  5.5219459e+03  5.5467804e+03
8.3521561e-02       124  2.3860800e+03  2.3162503e+03  2.3445176e+03
1.3383638e-01       418  1.1094103e+03  1.0906352e+03  1.0322548e+03
1.8592088e-01       730  6.0037466e+02  6.1460978e+02  5.8727639e+02
2.3260504e-01      1012  4.1677966e+02  4.1406603e+02  3.5109953e+02
2.7635505e-01      1408  3.1304646e+02  3.1342828e+02  2.5417363e+02
3.1919121e-01      1841  2.3996493e+02  2.3854880e+02  1.8169962e+02
3.6464415e-01      2698  1.8871570e+02  1.8746222e+02  1.3762190e+02
4.1290034e-01      3532  1.5240777e+02  1.5366835e+02  1.0705942e+02
4.6319578e-01      4702  1.2428417e+02  1.2191937e+02  7.8719492e+01
5.1570195e-01      6019  1.0522700e+02  1.0640578e+02  6.5515048e+01
5.7047444e-01      7766  8.8488110e+01  8.8396417e+01  5.0563088e+01
6.2844883e-01     10012  7.7774519e+01  7.6545376e+01  3.9683648e+01
6.8955465e-01     12589  6.7475544e+01  6.7674873e+01  3.3019309e+01
7.5323141e-01     15650  5.9278049e+01  5.9783428e+01  2.6974642e+01
8.2032763e-01     19757  5.1358860e+01  5.1196844e+01  2.1669791e+01
8.9088605e-01     24241  4.6405692e+01  4.5935205e+01  1.7678767e+01
9.6481958e-01     29993  4.1020702e+01  4.0686558e+01  1.4676708e+01
1.0423453e+00     36494  3.6974566e+01  3.6771397e+01  1.2232819e+01
1.1237267e+00     44825  3.3639598e+01  3.3495538e+01  1.0221066e+01
1.2089588e+00     53906  3.0701011e+01  3.0616189e+01  8.5704572e+00
1.2983336e+00     65729  2.7917994e+01  2.7839056e+01  7.2040753e+00
1.3921058e+00     78746  2.5620495e+01  2.5539586e+01  6.0698144e+00
1.4900211e+00     94374  2.3430459e+01  2.3357744e+01  5.1359727e+00
1.5921784e+00    112166  2.1695799e+01  2.1677639e+01  4.3700620e+00
1.6991083e+00    134373  1.9846749e+01  1.9849261e+01  3.7237909e+00
1.8110248e+00    159077  1.8375071e+01  1.8350469e+01  3.1741777e+00
1.9277595e+00    188172  1.7004529e+01  1.6983502e+01  2.7166346e+00
2.0497441e+00    222492  1.5784538e+01  1.5777818e+01  2.3318665e+00
2.1771282e+00    261771  1.4729561e+01  1.4716805e+01  2.0037740e+00
2.3098450e+00    306759  1.3648202e+01  1.3637651e+01  1.7267730e+00
2.4484375e+00    360898  1.2712810e+01  1.2702045e+01  1.4906160e+00
2.5937215e+00    425046  1.1822744e+01  1.1812877e+01  1.2884072e+00
2.7470320e+00    505555  1.0973934e+01  1.0964213e+01  1.1137493e+00
2.9094444e+00    600292  1.0141219e+01  1.0132104e+01  9.6244079e-01
3.0813867e+00    712930  9.4026037e+00  9.3942700e+00  8.3145040e-01
3.2634403e+00    846715  8.6983935e+00  8.6906490e+00  7.1803072e-01
3.4562097e+00   1005596  8.0147796e+00  8.0077239e+00  6.1991542e-01
3.6603648e+00   1194719  7.3620809e+00  7.3555513e+00  5.3503969e-01
3.8766358e+00   1419743  6.7508768e+00  6.7448042e+00  4.6157785e-01
4.1057220e+00   1686576  6.1740715e+00  6.1685247e+00  3.9810427e-01
4.3483372e+00   2003484  5.6116752e+00  5.6066131e+00  3.4322139e-01
4.6052142e+00   2378778  5.1177014e+00  5.1130576e+00  2.9582936e-01
4.8773359e+00   2828400  4.6386807e+00  4.6344458e+00  2.5490303e-01
5.1655179e+00   3356890  4.2061732e+00  4.2023311e+00  2.1957570e-01
5.4707002e+00   3990317  3.8054433e+00  3.8019678e+00  1.8909719e-01
5.7939476e+00   4738457  3.4348894e+00  3.4316936e+00  1.6279907e-01
6.1362572e+00   5629661  3.0998959e+00  3.0970750e+00  1.4011607e-01
6.4988210e+00   6687903  2.7899754e+00  2.7873681e+00  1.2055668e-01
6.8828355e+00   7945758  2.5121564e+00  2.5098263e+00  1.0370495e-01
7.2895050e+00   9436555  2.2607786e+00  2.2586842e+00  8.9182414e-02
7.7201584e+00  11210320  2.0305422e+00  2.0286098e+00  7.6679406e-02
8.1762927e+00  13318613  1.8217236e+00  1.8199967e+00  6.5907587e-02
8.6593661e+00  15819192  1.6352994e+00  1.6337709e+00  5.6637119e-02
9.1709925e+00  18795348  1.4648266e+00  1.4634266e+00  4.8658988e-02
9.7128705e+00  22326034  1.3118036e+00  1.3105513e+00  4.1795773e-02
1.0286736e+01  26520842  1.1749538e+00  1.1738031e+00  3.5889270e-02
1.0894484e+01  31503438  1.0501144e+00  1.0491111e+00  3.0823007e-02
1.1538156e+01  37426927  9.3974257e-01  9.3884163e-01  2.6465529e-02
1.2220385e+01  44525830  8.4095924e-01  8.4014822e-01  2.2716159e-02
