# Power spectrum from CO𝘕CEPT job 4547577 at t = 2.8499413 Gyr, a = 0.3030303
#
# Components:
#   0: matter  (upstream grid size 1024)
#
#                           grid size 1024
# ╭────────────────────────────────────────────────────────────────╮
#                         component 0    (corrected)      (linear)
#                        σ₈ = 2.83e-01  σ₈ = 2.82e-01  σ₈ = 2.77e-01
#  k [Mpc⁻¹]    modes       P [Mpc³]       P [Mpc³]       P [Mpc³]
2.4543693e-02         3  7.0727194e+03  7.0727194e+03  7.1268685e+03
4.6570361e-02        25  3.7261055e+03  3.7716316e+03  3.7829026e+03
8.3521561e-02       124  1.6253852e+03  1.5778176e+03  1.5990044e+03
1.3383638e-01       418  7.4714184e+02  7.3449758e+02  7.0402283e+02
1.8592088e-01       730  4.0054559e+02  4.1004268e+02  4.0053786e+02
2.3260504e-01      1012  2.7290194e+02  2.7112509e+02  2.3945932e+02
2.7635505e-01      1408  2.0274154e+02  2.0298882e+02  1.7335335e+02
3.1919121e-01      1841  1.5162571e+02  1.5073091e+02  1.2392414e+02
3.6464415e-01      2698  1.1867031e+02  1.1788208e+02  9.3861945e+01
4.1290034e-01      3532  9.3674020e+01  9.4448807e+01  7.3017505e+01
4.6319578e-01      4702  7.5021629e+01  7.3594170e+01  5.3688891e+01
5.1570195e-01      6019  6.3296410e+01  6.4005473e+01  4.4683097e+01
5.7047444e-01      7766  5.2316056e+01  5.2261845e+01  3.4485446e+01
6.2844883e-01     10012  4.5293061e+01  4.4577253e+01  2.7065364e+01
6.8955465e-01     12589  3.8341427e+01  3.8454691e+01  2.2520099e+01
7.5323141e-01     15650  3.3098700e+01  3.3380885e+01  1.8397468e+01
8.2032763e-01     19757  2.8465234e+01  2.8375438e+01  1.4779411e+01
8.9088605e-01     24241  2.5168659e+01  2.4913485e+01  1.2057421e+01
9.6481958e-01     29993  2.2078190e+01  2.1898347e+01  1.0009931e+01
1.0423453e+00     36494  1.9466313e+01  1.9359348e+01  8.3431306e+00
1.1237267e+00     44825  1.7490913e+01  1.7416009e+01  6.9710588e+00
1.2089588e+00     53906  1.5666422e+01  1.5623138e+01  5.8452970e+00
1.2983336e+00     65729  1.4093097e+01  1.4053249e+01  4.9133860e+00
1.3921058e+00     78746  1.2742135e+01  1.2701895e+01  4.1397881e+00
1.4900211e+00     94374  1.1500712e+01  1.1465020e+01  3.5028816e+00
1.5921784e+00    112166  1.0491554e+01  1.0482772e+01  2.9805089e+00
1.6991083e+00    134373  9.5583869e+00  9.5595964e+00  2.5397337e+00
1.8110248e+00    159077  8.7726955e+00  8.7609497e+00  2.1648819e+00
1.9277595e+00    188172  8.0526171e+00  8.0426594e+00  1.8528246e+00
2.0497441e+00    222492  7.4589861e+00  7.4558109e+00  1.5904018e+00
2.1771282e+00    261771  6.8694077e+00  6.8634590e+00  1.3666334e+00
2.3098450e+00    306759  6.3461072e+00  6.3412013e+00  1.1777108e+00
2.4484375e+00    360898  5.8821321e+00  5.8771514e+00  1.0166449e+00
2.5937215e+00    425046  5.4687541e+00  5.4641900e+00  8.7873279e-01
2.7470320e+00    505555  5.0765999e+00  5.0721031e+00  7.5961111e-01
2.9094444e+00    600292  4.7151962e+00  4.7109580e+00  6.5641435e-01
3.0813867e+00    712930  4.3623125e+00  4.3584461e+00  5.6707514e-01
3.2634403e+00    846715  4.0476586e+00  4.0440548e+00  4.8971964e-01
3.4562097e+00   1005596  3.7460247e+00  3.7427270e+00  4.2280216e-01
3.6603648e+00   1194719  3.4651332e+00  3.4620599e+00  3.6491445e-01
3.8766358e+00   1419743  3.2049839e+00  3.2021010e+00  3.1481133e-01
4.1057220e+00   1686576  2.9521544e+00  2.9495021e+00  2.7152049e-01
4.3483372e+00   2003484  2.7245765e+00  2.7221187e+00  2.3408875e-01
4.6052142e+00   2378778  2.5111433e+00  2.5088647e+00  2.0176598e-01
4.8773359e+00   2828400  2.3076683e+00  2.3055615e+00  1.7385300e-01
5.1655179e+00   3356890  2.1210540e+00  2.1191166e+00  1.4975870e-01
5.4707002e+00   3990317  1.9389775e+00  1.9372066e+00  1.2897143e-01
5.7939476e+00   4738457  1.7782745e+00  1.7766200e+00  1.1103531e-01
6.1362572e+00   5629661  1.6265755e+00  1.6250953e+00  9.5564802e-02
6.4988210e+00   6687903  1.4877979e+00  1.4864075e+00  8.2224691e-02
6.8828355e+00   7945758  1.3591187e+00  1.3578581e+00  7.0731274e-02
7.2895050e+00   9436555  1.2415589e+00  1.2404087e+00  6.0826442e-02
7.7201584e+00  11210320  1.1335570e+00  1.1324782e+00  5.2298984e-02
8.1762927e+00  13318613  1.0346926e+00  1.0337118e+00  4.4952247e-02
8.6593661e+00  15819192  9.4366110e-01  9.4277903e-01  3.8629476e-02
9.1709925e+00  18795348  8.5902670e-01  8.5820564e-01  3.3188115e-02
9.7128705e+00  22326034  7.8103318e-01  7.8028761e-01  2.8507161e-02
1.0286736e+01  26520842  7.0976037e-01  7.0906530e-01  2.4478713e-02
1.0894484e+01  31503438  6.4547371e-01  6.4485702e-01  2.1023335e-02
1.1538156e+01  37426927  5.8629377e-01  5.8573168e-01  1.8051368e-02
1.2220385e+01  44525830  5.3257378e-01  5.3206017e-01  1.5494149e-02
