# Power spectrum from CO𝘕CEPT job 4547577 at t = 2.4070076 Gyr, a = 0.27027027
#
# Components:
#   0: matter  (upstream grid size 1024)
#
#                           grid size 1024
# ╭────────────────────────────────────────────────────────────────╮
#                         component 0    (corrected)      (linear)
#                        σ₈ = 2.52e-01  σ₈ = 2.51e-01  σ₈ = 2.48e-01
#  k [Mpc⁻¹]    modes       P [Mpc³]       P [Mpc³]       P [Mpc³]
2.4543693e-02         3  5.6712880e+03  5.6712880e+03  5.7088630e+03
4.6570361e-02        25  2.9867349e+03  3.0232272e+03  3.0303552e+03
8.3521561e-02       124  1.3020437e+03  1.2639388e+03  1.2809262e+03
1.3383638e-01       418  5.9492002e+02  5.8485189e+02  5.6397915e+02
1.8592088e-01       730  3.1790158e+02  3.2543916e+02  3.2086361e+02
2.3260504e-01      1012  2.1440766e+02  2.1301167e+02  1.9182662e+02
2.7635505e-01      1408  1.5849246e+02  1.5868577e+02  1.3887034e+02
3.1919121e-01      1841  1.1715097e+02  1.1645961e+02  9.9273482e+01
3.6464415e-01      2698  9.1410921e+01  9.0803753e+01  7.5191186e+01
4.1290034e-01      3532  7.1541710e+01  7.2133438e+01  5.8493070e+01
4.6319578e-01      4702  5.6684045e+01  5.5605501e+01  4.3009252e+01
5.1570195e-01      6019  4.7706083e+01  4.8240499e+01  3.5794867e+01
5.7047444e-01      7766  3.9110102e+01  3.9069575e+01  2.7625704e+01
6.2844883e-01     10012  3.3536955e+01  3.3006939e+01  2.1681604e+01
6.8955465e-01     12589  2.8025789e+01  2.8108580e+01  1.8040470e+01
7.5323141e-01     15650  2.4027892e+01  2.4232744e+01  1.4737900e+01
8.2032763e-01     19757  2.0584406e+01  2.0519471e+01  1.1839536e+01
8.9088605e-01     24241  1.7980418e+01  1.7798123e+01  9.6589965e+00
9.6481958e-01     29993  1.5668597e+01  1.5540965e+01  8.0187879e+00
1.0423453e+00     36494  1.3667334e+01  1.3592234e+01  6.6835421e+00
1.1237267e+00     44825  1.2144915e+01  1.2092905e+01  5.5843987e+00
1.2089588e+00     53906  1.0800193e+01  1.0770353e+01  4.6825700e+00
1.2983336e+00     65729  9.6227634e+00  9.5955551e+00  3.9360319e+00
1.3921058e+00     78746  8.6282373e+00  8.6009895e+00  3.3163157e+00
1.4900211e+00     94374  7.7415112e+00  7.7174857e+00  2.8061007e+00
1.5921784e+00    112166  6.9946485e+00  6.9887937e+00  2.3876367e+00
1.6991083e+00    134373  6.3224404e+00  6.3232404e+00  2.0345392e+00
1.8110248e+00    159077  5.7653400e+00  5.7576208e+00  1.7342518e+00
1.9277595e+00    188172  5.2677865e+00  5.2612724e+00  1.4842679e+00
2.0497441e+00    222492  4.8295806e+00  4.8275247e+00  1.2740454e+00
2.1771282e+00    261771  4.4265189e+00  4.4226856e+00  1.0947883e+00
2.3098450e+00    306759  4.0668104e+00  4.0636665e+00  9.4344552e-01
2.4484375e+00    360898  3.7622396e+00  3.7590538e+00  8.1441839e-01
2.5937215e+00    425046  3.4810874e+00  3.4781822e+00  7.0393926e-01
2.7470320e+00    505555  3.2160709e+00  3.2132221e+00  6.0851286e-01
2.9094444e+00    600292  2.9660926e+00  2.9634265e+00  5.2584365e-01
3.0813867e+00    712930  2.7397144e+00  2.7372862e+00  4.5427548e-01
3.2634403e+00    846715  2.5398440e+00  2.5375827e+00  3.9230727e-01
3.4562097e+00   1005596  2.3559493e+00  2.3538753e+00  3.3870078e-01
3.6603648e+00   1194719  2.1849290e+00  2.1829911e+00  2.9232788e-01
3.8766358e+00   1419743  2.0216573e+00  2.0198387e+00  2.5219108e-01
4.1057220e+00   1686576  1.8666428e+00  1.8649658e+00  2.1751149e-01
4.3483372e+00   2003484  1.7252346e+00  1.7236784e+00  1.8752552e-01
4.6052142e+00   2378778  1.5935896e+00  1.5921436e+00  1.6163227e-01
4.8773359e+00   2828400  1.4666584e+00  1.4653194e+00  1.3927162e-01
5.1655179e+00   3356890  1.3503552e+00  1.3491217e+00  1.1997005e-01
5.4707002e+00   3990317  1.2429079e+00  1.2417727e+00  1.0331770e-01
5.7939476e+00   4738457  1.1434568e+00  1.1423930e+00  8.8949343e-02
6.1362572e+00   5629661  1.0534770e+00  1.0525184e+00  7.6556152e-02
6.4988210e+00   6687903  9.7220051e-01  9.7129196e-01  6.5869587e-02
6.8828355e+00   7945758  8.9844898e-01  8.9761565e-01  5.6662378e-02
7.2895050e+00   9436555  8.2992832e-01  8.2915947e-01  4.8727758e-02
7.7201584e+00  11210320  7.6772826e-01  7.6699764e-01  4.1896530e-02
8.1762927e+00  13318613  7.1076171e-01  7.1008796e-01  3.6011159e-02
8.6593661e+00  15819192  6.5870925e-01  6.5809354e-01  3.0946070e-02
9.1709925e+00  18795348  6.0945821e-01  6.0887569e-01  2.6587064e-02
9.7128705e+00  22326034  5.6286435e-01  5.6232705e-01  2.2837208e-02
1.0286736e+01  26520842  5.1947952e-01  5.1897080e-01  1.9610064e-02
1.0894484e+01  31503438  4.7919859e-01  4.7874075e-01  1.6841998e-02
1.1538156e+01  37426927  4.4206098e-01  4.4163717e-01  1.4461186e-02
1.2220385e+01  44525830  4.0696334e-01  4.0657086e-01  1.2412621e-02
