# Power spectrum from CO𝘕CEPT job 4547577 at t = 8.5931674 Gyr, a = 0.66666667
#
# Components:
#   0: matter  (upstream grid size 1024)
#
#                           grid size 1024
# ╭────────────────────────────────────────────────────────────────╮
#                         component 0    (corrected)      (linear)
#                        σ₈ = 5.94e-01  σ₈ = 5.92e-01  σ₈ = 5.59e-01
#  k [Mpc⁻¹]    modes       P [Mpc³]       P [Mpc³]       P [Mpc³]
2.4543693e-02         3  2.8336271e+04  2.8336271e+04  2.8907543e+04
4.6570361e-02        25  1.4951882e+04  1.5134566e+04  1.5338799e+04
8.3521561e-02       124  6.7412745e+03  6.5439881e+03  6.4827705e+03
1.3383638e-01       418  3.2474222e+03  3.1924644e+03  2.8541719e+03
1.8592088e-01       730  1.8537537e+03  1.8977070e+03  1.6237951e+03
2.3260504e-01      1012  1.3593854e+03  1.3505345e+03  9.7077177e+02
2.7635505e-01      1408  1.0829354e+03  1.0842563e+03  7.0277521e+02
3.1919121e-01      1841  9.0469674e+02  8.9935777e+02  5.0238815e+02
3.6464415e-01      2698  7.2228782e+02  7.1749026e+02  3.8051561e+02
4.1290034e-01      3532  6.3696234e+02  6.4223072e+02  2.9601215e+02
4.6319578e-01      4702  5.5161459e+02  5.4111885e+02  2.1765401e+02
5.1570195e-01      6019  4.8792340e+02  4.9338925e+02  1.8114455e+02
5.7047444e-01      7766  4.3038461e+02  4.2993864e+02  1.3980338e+02
6.2844883e-01     10012  3.8045692e+02  3.7444421e+02  1.0972246e+02
6.8955465e-01     12589  3.4654993e+02  3.4757367e+02  9.1296012e+01
7.5323141e-01     15650  3.1985458e+02  3.2258152e+02  7.4582927e+01
8.2032763e-01     19757  2.8716480e+02  2.8625891e+02  5.9915385e+01
8.9088605e-01     24241  2.6118847e+02  2.5854040e+02  4.8880486e+01
9.6481958e-01     29993  2.4147983e+02  2.3951280e+02  4.0580003e+01
1.0423453e+00     36494  2.1870920e+02  2.1750742e+02  3.3822825e+01
1.1237267e+00     44825  2.0102975e+02  2.0016884e+02  2.8260473e+01
1.2089588e+00     53906  1.8773232e+02  1.8721364e+02  2.3696659e+01
1.2983336e+00     65729  1.7159887e+02  1.7111368e+02  1.9918711e+01
1.3921058e+00     78746  1.5741132e+02  1.5691422e+02  1.6782563e+01
1.4900211e+00     94374  1.4392926e+02  1.4348258e+02  1.4200559e+01
1.5921784e+00    112166  1.3197808e+02  1.3186761e+02  1.2082872e+01
1.6991083e+00    134373  1.2121970e+02  1.2123504e+02  1.0295980e+01
1.8110248e+00    159077  1.1094700e+02  1.1079845e+02  8.7763400e+00
1.9277595e+00    188172  1.0110168e+02  1.0097665e+02  7.5112674e+00
2.0497441e+00    222492  9.1944494e+01  9.1905354e+01  6.4474122e+00
2.1771282e+00    261771  8.4114080e+01  8.4041239e+01  5.5402612e+00
2.3098450e+00    306759  7.7056434e+01  7.6996865e+01  4.7743742e+00
2.4484375e+00    360898  7.0033904e+01  6.9974602e+01  4.1214181e+00
2.5937215e+00    425046  6.3843736e+01  6.3790453e+01  3.5623263e+00
2.7470320e+00    505555  5.7654069e+01  5.7602999e+01  3.0794107e+00
2.9094444e+00    600292  5.2245977e+01  5.2199016e+01  2.6610544e+00
3.0813867e+00    712930  4.7318978e+01  4.7277039e+01  2.2988763e+00
3.2634403e+00    846715  4.2666777e+01  4.2628789e+01  1.9852799e+00
3.4562097e+00   1005596  3.8555860e+01  3.8521918e+01  1.7139989e+00
3.6603648e+00   1194719  3.4580906e+01  3.4550236e+01  1.4793244e+00
3.8766358e+00   1419743  3.1137619e+01  3.1109610e+01  1.2762085e+00
4.1057220e+00   1686576  2.7935678e+01  2.7910581e+01  1.1007093e+00
4.3483372e+00   2003484  2.5088836e+01  2.5066204e+01  9.4896281e-01
4.6052142e+00   2378778  2.2524104e+01  2.2503665e+01  8.1792794e-01
4.8773359e+00   2828400  2.0146374e+01  2.0127981e+01  7.0477024e-01
5.1655179e+00   3356890  1.7969878e+01  1.7953463e+01  6.0709335e-01
5.4707002e+00   3990317  1.6059868e+01  1.6045201e+01  5.2282310e-01
5.7939476e+00   4738457  1.4334451e+01  1.4321114e+01  4.5011129e-01
6.1362572e+00   5629661  1.2780319e+01  1.2768689e+01  3.8739500e-01
6.4988210e+00   6687903  1.1377565e+01  1.1366933e+01  3.3331528e-01
6.8828355e+00   7945758  1.0118976e+01  1.0109591e+01  2.8672198e-01
7.2895050e+00   9436555  9.0066728e+00  8.9983289e+00  2.4656876e-01
7.7201584e+00  11210320  7.9964142e+00  7.9888043e+00  2.1199936e-01
8.1762927e+00  13318613  7.0983859e+00  7.0916571e+00  1.8221655e-01
8.6593661e+00  15819192  6.2916499e+00  6.2857690e+00  1.5658486e-01
9.1709925e+00  18795348  5.5828528e+00  5.5775167e+00  1.3452637e-01
9.7128705e+00  22326034  4.9462846e+00  4.9415629e+00  1.1555053e-01
1.0286736e+01  26520842  4.3712940e+00  4.3670132e+00  9.9219911e-02
1.0894484e+01  31503438  3.8619507e+00  3.8582609e+00  8.5212477e-02
1.1538156e+01  37426927  3.4082787e+00  3.4050111e+00  7.3164769e-02
1.2220385e+01  44525830  3.0054050e+00  3.0025065e+00  6.2798430e-02
