# Power spectrum from CO𝘕CEPT job 4547577 at t = 2.7273205 Gyr, a = 0.29411765
#
# Components:
#   0: matter  (upstream grid size 1024)
#
#                           grid size 1024
# ╭────────────────────────────────────────────────────────────────╮
#                         component 0    (corrected)      (linear)
#                        σ₈ = 2.74e-01  σ₈ = 2.73e-01  σ₈ = 2.70e-01
#  k [Mpc⁻¹]    modes       P [Mpc³]       P [Mpc³]       P [Mpc³]
2.4543693e-02         3  6.6781363e+03  6.6781363e+03  6.7273787e+03
4.6570361e-02        25  3.5179001e+03  3.5608823e+03  3.5708941e+03
8.3521561e-02       124  1.5342324e+03  1.4893324e+03  1.5093957e+03
1.3383638e-01       418  7.0410627e+02  6.9219033e+02  6.6456994e+02
1.8592088e-01       730  3.7710261e+02  3.8604386e+02  3.7809217e+02
2.3260504e-01      1012  2.5623847e+02  2.5457012e+02  2.2604033e+02
2.7635505e-01      1408  1.9009955e+02  1.9033141e+02  1.6363886e+02
3.1919121e-01      1841  1.4171027e+02  1.4087398e+02  1.1697961e+02
3.6464415e-01      2698  1.1082378e+02  1.1008766e+02  8.8602054e+01
4.1290034e-01      3532  8.7261844e+01  8.7983595e+01  6.8925709e+01
4.6319578e-01      4702  6.9687775e+01  6.8361804e+01  5.0680244e+01
5.1570195e-01      6019  5.8760073e+01  5.9418320e+01  4.2179122e+01
5.7047444e-01      7766  4.8456031e+01  4.8405820e+01  3.2552932e+01
6.2844883e-01     10012  4.1850813e+01  4.1189406e+01  2.5548661e+01
6.8955465e-01     12589  3.5300564e+01  3.5404846e+01  2.1258107e+01
7.5323141e-01     15650  3.0412538e+01  3.0671823e+01  1.7366502e+01
8.2032763e-01     19757  2.6131014e+01  2.6048582e+01  1.3951195e+01
8.9088605e-01     24241  2.3029951e+01  2.2796461e+01  1.1381741e+01
9.6481958e-01     29993  2.0170789e+01  2.0006483e+01  9.4489904e+00
1.0423453e+00     36494  1.7731617e+01  1.7634184e+01  7.8755946e+00
1.1237267e+00     44825  1.5888635e+01  1.5820593e+01  6.5804116e+00
1.2089588e+00     53906  1.4202228e+01  1.4162990e+01  5.5177359e+00
1.2983336e+00     65729  1.2746930e+01  1.2710888e+01  4.6380478e+00
1.3921058e+00     78746  1.1499539e+01  1.1463224e+01  3.9078011e+00
1.4900211e+00     94374  1.0363221e+01  1.0331060e+01  3.3065859e+00
1.5921784e+00    112166  9.4335050e+00  9.4256087e+00  2.8134861e+00
1.6991083e+00    134373  8.5767056e+00  8.5777909e+00  2.3974113e+00
1.8110248e+00    159077  7.8587050e+00  7.8481829e+00  2.0435657e+00
1.9277595e+00    188172  7.2062152e+00  7.1973041e+00  1.7489955e+00
2.0497441e+00    222492  6.6609310e+00  6.6580955e+00  1.5012785e+00
2.1771282e+00    261771  6.1236126e+00  6.1183096e+00  1.2900497e+00
2.3098450e+00    306759  5.6515378e+00  5.6471688e+00  1.1117141e+00
2.4484375e+00    360898  5.2370581e+00  5.2326236e+00  9.5967410e-01
2.5937215e+00    425046  4.8648024e+00  4.8607424e+00  8.2949033e-01
2.7470320e+00    505555  4.5114624e+00  4.5074662e+00  7.1704403e-01
2.9094444e+00    600292  4.1827634e+00  4.1790038e+00  6.1963026e-01
3.0813867e+00    712930  3.8665947e+00  3.8631677e+00  5.3529747e-01
3.2634403e+00    846715  3.5880018e+00  3.5848072e+00  4.6227684e-01
3.4562097e+00   1005596  3.3204086e+00  3.3174856e+00  3.9910931e-01
3.6603648e+00   1194719  3.0740432e+00  3.0713168e+00  3.4446553e-01
3.8766358e+00   1419743  2.8465414e+00  2.8439809e+00  2.9717010e-01
4.1057220e+00   1686576  2.6241157e+00  2.6217582e+00  2.5630520e-01
4.3483372e+00   2003484  2.4261336e+00  2.4239451e+00  2.2097107e-01
4.6052142e+00   2378778  2.2384844e+00  2.2364532e+00  1.9045961e-01
4.8773359e+00   2828400  2.0597443e+00  2.0578638e+00  1.6411082e-01
5.1655179e+00   3356890  1.8956012e+00  1.8938697e+00  1.4136672e-01
5.4707002e+00   3990317  1.7364243e+00  1.7348385e+00  1.2174433e-01
5.7939476e+00   4738457  1.5951451e+00  1.5936610e+00  1.0481331e-01
6.1362572e+00   5629661  1.4612537e+00  1.4599240e+00  9.0209741e-02
6.4988210e+00   6687903  1.3387781e+00  1.3375270e+00  7.7617181e-02
6.8828355e+00   7945758  1.2269130e+00  1.2257750e+00  6.6767829e-02
7.2895050e+00   9436555  1.1248481e+00  1.1238061e+00  5.7418041e-02
7.7201584e+00  11210320  1.0290206e+00  1.0280414e+00  4.9368441e-02
8.1762927e+00  13318613  9.4247353e-01  9.4158014e-01  4.2433397e-02
8.6593661e+00  15819192  8.6224479e-01  8.6143883e-01  3.6464937e-02
9.1709925e+00  18795348  7.8789421e-01  7.8714114e-01  3.1328495e-02
9.7128705e+00  22326034  7.1911254e-01  7.1842608e-01  2.6909847e-02
1.0286736e+01  26520842  6.5655504e-01  6.5591208e-01  2.3107140e-02
1.0894484e+01  31503438  5.9917557e-01  5.9860311e-01  1.9845390e-02
1.1538156e+01  37426927  5.4570472e-01  5.4518154e-01  1.7039962e-02
1.2220385e+01  44525830  4.9735539e-01  4.9687574e-01  1.4626039e-02
