# Power spectrum from CO𝘕CEPT job 4547577 at t = 11.277709 Gyr, a = 0.83333333
#
# Components:
#   0: matter  (upstream grid size 1024)
#
#                           grid size 1024
# ╭────────────────────────────────────────────────────────────────╮
#                         component 0    (corrected)      (linear)
#                        σ₈ = 7.07e-01  σ₈ = 7.05e-01  σ₈ = 6.53e-01
#  k [Mpc⁻¹]    modes       P [Mpc³]       P [Mpc³]       P [Mpc³]
2.4543693e-02         3  3.8464199e+04  3.8464199e+04  3.9439338e+04
4.6570361e-02        25  2.0286394e+04  2.0534256e+04  2.0925113e+04
8.3521561e-02       124  9.3583014e+03  9.0844266e+03  8.8434088e+03
1.3383638e-01       418  4.5726726e+03  4.4952870e+03  3.8934384e+03
1.8592088e-01       730  2.6728705e+03  2.7362453e+03  2.2150445e+03
2.3260504e-01      1012  1.9901464e+03  1.9771886e+03  1.3242427e+03
2.7635505e-01      1408  1.6212819e+03  1.6232594e+03  9.5866409e+02
3.1919121e-01      1841  1.4036352e+03  1.3953518e+03  6.8531329e+02
3.6464415e-01      2698  1.1344496e+03  1.1269144e+03  5.1906539e+02
4.1290034e-01      3532  1.0091684e+03  1.0175153e+03  4.0379319e+02
4.6319578e-01      4702  8.7695271e+02  8.6026667e+02  2.9690399e+02
5.1570195e-01      6019  7.9478748e+02  8.0369091e+02  2.4710103e+02
5.7047444e-01      7766  7.2451347e+02  7.2376271e+02  1.9070711e+02
6.2844883e-01     10012  6.4636163e+02  6.3614658e+02  1.4967343e+02
6.8955465e-01     12589  5.8850848e+02  5.9024699e+02  1.2453773e+02
7.5323141e-01     15650  5.4259601e+02  5.4722195e+02  1.0173925e+02
8.2032763e-01     19757  5.0250594e+02  5.0092074e+02  8.1731113e+01
8.9088605e-01     24241  4.6503233e+02  4.6031758e+02  6.6678303e+01
9.6481958e-01     29993  4.1927210e+02  4.1585682e+02  5.5355537e+01
1.0423453e+00     36494  3.8860374e+02  3.8646842e+02  4.6138008e+01
1.1237267e+00     44825  3.5516441e+02  3.5364343e+02  3.8550354e+01
1.2089588e+00     53906  3.2656855e+02  3.2566629e+02  3.2324813e+01
1.2983336e+00     65729  3.0059817e+02  2.9974823e+02  2.7171281e+01
1.3921058e+00     78746  2.7652078e+02  2.7564753e+02  2.2893232e+01
1.4900211e+00     94374  2.5332391e+02  2.5253773e+02  1.9371098e+01
1.5921784e+00    112166  2.3080935e+02  2.3061616e+02  1.6482342e+01
1.6991083e+00    134373  2.0982993e+02  2.0985648e+02  1.4044827e+01
1.8110248e+00    159077  1.9053427e+02  1.9027917e+02  1.1971873e+01
1.9277595e+00    188172  1.7472669e+02  1.7451063e+02  1.0246177e+01
2.0497441e+00    222492  1.5868055e+02  1.5861300e+02  8.7949625e+00
2.1771282e+00    261771  1.4415293e+02  1.4402809e+02  7.5575100e+00
2.3098450e+00    306759  1.3070418e+02  1.3060314e+02  6.5127571e+00
2.4484375e+00    360898  1.1862895e+02  1.1852850e+02  5.6220540e+00
2.5937215e+00    425046  1.0708830e+02  1.0699893e+02  4.8593923e+00
2.7470320e+00    505555  9.7151115e+01  9.7065059e+01  4.2006431e+00
2.9094444e+00    600292  8.7882591e+01  8.7803598e+01  3.6299598e+00
3.0813867e+00    712930  7.8626119e+01  7.8556432e+01  3.1359096e+00
3.2634403e+00    846715  7.0742068e+01  7.0679083e+01  2.7081302e+00
3.4562097e+00   1005596  6.3781693e+01  6.3725545e+01  2.3380737e+00
3.6603648e+00   1194719  5.7283883e+01  5.7233077e+01  2.0179524e+00
3.8766358e+00   1419743  5.1244598e+01  5.1198502e+01  1.7408803e+00
4.1057220e+00   1686576  4.6164079e+01  4.6122605e+01  1.5014806e+00
4.3483372e+00   2003484  4.1444092e+01  4.1406707e+01  1.2944821e+00
4.6052142e+00   2378778  3.7056040e+01  3.7022415e+01  1.1157365e+00
4.8773359e+00   2828400  3.3112775e+01  3.3082545e+01  9.6137727e-01
5.1655179e+00   3356890  2.9589142e+01  2.9562114e+01  8.2813557e-01
5.4707002e+00   3990317  2.6401620e+01  2.6377508e+01  7.1318197e-01
5.7939476e+00   4738457  2.3500869e+01  2.3479004e+01  6.1399535e-01
6.1362572e+00   5629661  2.0928025e+01  2.0908981e+01  5.2844369e-01
6.4988210e+00   6687903  1.8619264e+01  1.8601863e+01  4.5467324e-01
6.8828355e+00   7945758  1.6526894e+01  1.6511565e+01  3.9111509e-01
7.2895050e+00   9436555  1.4648086e+01  1.4634515e+01  3.3634190e-01
7.7201584e+00  11210320  1.2990113e+01  1.2977751e+01  2.8918564e-01
8.1762927e+00  13318613  1.1501781e+01  1.1490878e+01  2.4855882e-01
8.6593661e+00  15819192  1.0168482e+01  1.0158977e+01  2.1359456e-01
9.1709925e+00  18795348  8.9967195e+00  8.9881205e+00  1.8350454e-01
9.7128705e+00  22326034  7.9556916e+00  7.9480972e+00  1.5761958e-01
1.0286736e+01  26520842  7.0250910e+00  7.0182113e+00  1.3534298e-01
1.0894484e+01  31503438  6.2026737e+00  6.1967476e+00  1.1623545e-01
1.1538156e+01  37426927  5.4774304e+00  5.4721791e+00  9.9801200e-02
1.2220385e+01  44525830  4.8299923e+00  4.8253342e+00  8.5660519e-02
