# Power spectrum from CO𝘕CEPT job 4547577 at t = 7.9065606 Gyr, a = 0.625
#
# Components:
#   0: matter  (upstream grid size 1024)
#
#                           grid size 1024
# ╭────────────────────────────────────────────────────────────────╮
#                         component 0    (corrected)      (linear)
#                        σ₈ = 5.62e-01  σ₈ = 5.61e-01  σ₈ = 5.32e-01
#  k [Mpc⁻¹]    modes       P [Mpc³]       P [Mpc³]       P [Mpc³]
2.4543693e-02         3  2.5685658e+04  2.5685658e+04  2.6167526e+04
4.6570361e-02        25  1.3553693e+04  1.3719294e+04  1.3885308e+04
8.3521561e-02       124  6.0771188e+03  5.8992692e+03  5.8685376e+03
1.3383638e-01       418  2.9159752e+03  2.8666267e+03  2.5837534e+03
1.8592088e-01       730  1.6531123e+03  1.6923082e+03  1.4699506e+03
2.3260504e-01      1012  1.2056610e+03  1.1978110e+03  8.7879759e+02
2.7635505e-01      1408  9.5277344e+02  9.5393552e+02  6.3619210e+02
3.1919121e-01      1841  7.8783192e+02  7.8318261e+02  4.5479040e+02
3.6464415e-01      2698  6.2748799e+02  6.2332010e+02  3.4446448e+02
4.1290034e-01      3532  5.5067423e+02  5.5522891e+02  2.6796713e+02
4.6319578e-01      4702  4.7335857e+02  4.6435184e+02  1.9703288e+02
5.1570195e-01      6019  4.1460236e+02  4.1924685e+02  1.6398243e+02
5.7047444e-01      7766  3.6192244e+02  3.6154741e+02  1.2655804e+02
6.2844883e-01     10012  3.1988508e+02  3.1482964e+02  9.9327066e+01
6.8955465e-01     12589  2.9181466e+02  2.9267671e+02  8.2646392e+01
7.5323141e-01     15650  2.6711746e+02  2.6939479e+02  6.7516750e+01
8.2032763e-01     19757  2.3732116e+02  2.3657251e+02  5.4238849e+01
8.9088605e-01     24241  2.1792775e+02  2.1571828e+02  4.4249425e+01
9.6481958e-01     29993  2.0051375e+02  1.9888042e+02  3.6735352e+01
1.0423453e+00     36494  1.8154720e+02  1.8054963e+02  3.0618366e+01
1.1237267e+00     44825  1.6797753e+02  1.6725817e+02  2.5583007e+01
1.2089588e+00     53906  1.5599952e+02  1.5556852e+02  2.1451579e+01
1.2983336e+00     65729  1.4340177e+02  1.4299631e+02  1.8031565e+01
1.3921058e+00     78746  1.3208351e+02  1.3166639e+02  1.5192543e+01
1.4900211e+00     94374  1.2121208e+02  1.2083590e+02  1.2855164e+01
1.5921784e+00    112166  1.1199910e+02  1.1190535e+02  1.0938112e+01
1.6991083e+00    134373  1.0307459e+02  1.0308763e+02  9.3205149e+00
1.8110248e+00    159077  9.4763496e+01  9.4636616e+01  7.9448496e+00
1.9277595e+00    188172  8.6606809e+01  8.6499712e+01  6.7996332e+00
2.0497441e+00    222492  7.9509693e+01  7.9475846e+01  5.8365702e+00
2.1771282e+00    261771  7.2837907e+01  7.2774831e+01  5.0153650e+00
2.3098450e+00    306759  6.6643443e+01  6.6591924e+01  4.3220400e+00
2.4484375e+00    360898  6.0512206e+01  6.0460967e+01  3.7309465e+00
2.5937215e+00    425046  5.5074447e+01  5.5028483e+01  3.2248245e+00
2.7470320e+00    505555  4.9951406e+01  4.9907159e+01  2.7876615e+00
2.9094444e+00    600292  4.5420235e+01  4.5379410e+01  2.4089413e+00
3.0813867e+00    712930  4.1051122e+01  4.1014738e+01  2.0810768e+00
3.2634403e+00    846715  3.7010827e+01  3.6977875e+01  1.7971912e+00
3.4562097e+00   1005596  3.3409534e+01  3.3380123e+01  1.5516120e+00
3.6603648e+00   1194719  3.0116081e+01  3.0089370e+01  1.3391711e+00
3.8766358e+00   1419743  2.7045321e+01  2.7020994e+01  1.1552988e+00
4.1057220e+00   1686576  2.4252771e+01  2.4230982e+01  9.9642686e-01
4.3483372e+00   2003484  2.1732072e+01  2.1712468e+01  8.5905716e-01
4.6052142e+00   2378778  1.9497823e+01  1.9480130e+01  7.4043682e-01
4.8773359e+00   2828400  1.7463089e+01  1.7447146e+01  6.3799991e-01
5.1655179e+00   3356890  1.5628099e+01  1.5613824e+01  5.4957714e-01
5.4707002e+00   3990317  1.3961258e+01  1.3948507e+01  4.7329081e-01
5.7939476e+00   4738457  1.2438216e+01  1.2426644e+01  4.0746786e-01
6.1362572e+00   5629661  1.1095482e+01  1.1085385e+01  3.5069343e-01
6.4988210e+00   6687903  9.8639556e+00  9.8547375e+00  3.0173731e-01
6.8828355e+00   7945758  8.7781666e+00  8.7700247e+00  2.5955834e-01
7.2895050e+00   9436555  7.8075483e+00  7.8003153e+00  2.2320930e-01
7.7201584e+00  11210320  6.9393494e+00  6.9327455e+00  1.9191505e-01
8.1762927e+00  13318613  6.1567197e+00  6.1508836e+00  1.6495390e-01
8.6593661e+00  15819192  5.4572230e+00  5.4521220e+00  1.4175059e-01
9.1709925e+00  18795348  4.8362800e+00  4.8316575e+00  1.2178194e-01
9.7128705e+00  22326034  4.2815058e+00  4.2774188e+00  1.0460388e-01
1.0286736e+01  26520842  3.7874790e+00  3.7837699e+00  8.9820435e-02
1.0894484e+01  31503438  3.3505527e+00  3.3473515e+00  7.7140069e-02
1.1538156e+01  37426927  2.9629115e+00  2.9600709e+00  6.6233761e-02
1.2220385e+01  44525830  2.6166380e+00  2.6141145e+00  5.6849525e-02
