# Power spectrum from CO𝘕CEPT job 4547577 at t = 3.4441562 Gyr, a = 0.34482759
#
# Components:
#   0: matter  (upstream grid size 1024)
#
#                           grid size 1024
# ╭────────────────────────────────────────────────────────────────╮
#                         component 0    (corrected)      (linear)
#                        σ₈ = 3.21e-01  σ₈ = 3.20e-01  σ₈ = 3.14e-01
#  k [Mpc⁻¹]    modes       P [Mpc³]       P [Mpc³]       P [Mpc³]
2.4543693e-02         3  9.0477548e+03  9.0477548e+03  9.1293772e+03
4.6570361e-02        25  4.7685359e+03  4.8267986e+03  4.8455864e+03
8.3521561e-02       124  2.0831279e+03  2.0221643e+03  2.0481573e+03
1.3383638e-01       418  9.6452558e+02  9.4820242e+02  9.0177482e+02
1.8592088e-01       730  5.1991956e+02  5.3224706e+02  5.1304350e+02
2.3260504e-01      1012  3.5849596e+02  3.5616182e+02  3.0671999e+02
2.7635505e-01      1408  2.6812271e+02  2.6844974e+02  2.2204572e+02
3.1919121e-01      1841  2.0363157e+02  2.0242985e+02  1.5873255e+02
3.6464415e-01      2698  1.5988280e+02  1.5882083e+02  1.2022632e+02
4.1290034e-01      3532  1.2791062e+02  1.2896858e+02  9.3526987e+01
4.6319578e-01      4702  1.0367910e+02  1.0170637e+02  6.8769260e+01
5.1570195e-01      6019  8.7683659e+01  8.8665915e+01  5.7233875e+01
5.7047444e-01      7766  7.3272325e+01  7.3196399e+01  4.4171861e+01
6.2844883e-01     10012  6.4056892e+01  6.3044542e+01  3.4667594e+01
6.8955465e-01     12589  5.5113038e+01  5.5275847e+01  2.8845635e+01
7.5323141e-01     15650  4.8083399e+01  4.8493337e+01  2.3565021e+01
8.2032763e-01     19757  4.1534321e+01  4.1403298e+01  1.8930709e+01
8.9088605e-01     24241  3.7251518e+01  3.6873841e+01  1.5444155e+01
9.6481958e-01     29993  3.2849048e+01  3.2581469e+01  1.2821559e+01
1.0423453e+00     36494  2.9370969e+01  2.9209580e+01  1.0686580e+01
1.1237267e+00     44825  2.6653995e+01  2.6539851e+01  8.9291149e+00
1.2089588e+00     53906  2.4143678e+01  2.4076972e+01  7.4871445e+00
1.2983336e+00     65729  2.1881100e+01  2.1819232e+01  6.2934746e+00
1.3921058e+00     78746  1.9983341e+01  1.9920234e+01  5.3025854e+00
1.4900211e+00     94374  1.8199144e+01  1.8142664e+01  4.4867822e+00
1.5921784e+00    112166  1.6728780e+01  1.6714777e+01  3.8176833e+00
1.6991083e+00    134373  1.5328207e+01  1.5330146e+01  3.2531016e+00
1.8110248e+00    159077  1.4150183e+01  1.4131237e+01  2.7729600e+00
1.9277595e+00    188172  1.3079969e+01  1.3063794e+01  2.3732508e+00
2.0497441e+00    222492  1.2144911e+01  1.2139741e+01  2.0371176e+00
2.1771282e+00    261771  1.1291447e+01  1.1281669e+01  1.7504963e+00
2.3098450e+00    306759  1.0448896e+01  1.0440819e+01  1.5085085e+00
2.4484375e+00    360898  9.7235689e+00  9.7153353e+00  1.3022019e+00
2.5937215e+00    425046  9.0308090e+00  9.0232721e+00  1.1255525e+00
2.7470320e+00    505555  8.3763542e+00  8.3689345e+00  9.7297148e-01
2.9094444e+00    600292  7.7615569e+00  7.7545805e+00  8.4078848e-01
3.0813867e+00    712930  7.2075675e+00  7.2011794e+00  7.2635537e-01
3.2634403e+00    846715  6.6696114e+00  6.6636732e+00  6.2727201e-01
3.4562097e+00   1005596  6.1553931e+00  6.1499743e+00  5.4155855e-01
3.6603648e+00   1194719  5.6857841e+00  5.6807413e+00  4.6741117e-01
3.8766358e+00   1419743  5.2253561e+00  5.2206557e+00  4.0323494e-01
4.1057220e+00   1686576  4.8036670e+00  4.7993514e+00  3.4778445e-01
4.3483372e+00   2003484  4.3954544e+00  4.3914894e+00  2.9983879e-01
4.6052142e+00   2378778  4.0207167e+00  4.0170684e+00  2.5843713e-01
4.8773359e+00   2828400  3.6698942e+00  3.6665437e+00  2.2268390e-01
5.1655179e+00   3356890  3.3434418e+00  3.3403877e+00  1.9182195e-01
5.4707002e+00   3990317  3.0329147e+00  3.0301447e+00  1.6519593e-01
5.7939476e+00   4738457  2.7503256e+00  2.7477667e+00  1.4222189e-01
6.1362572e+00   5629661  2.4922160e+00  2.4899481e+00  1.2240601e-01
6.4988210e+00   6687903  2.2579478e+00  2.2558377e+00  1.0531893e-01
6.8828355e+00   7945758  2.0437031e+00  2.0418075e+00  9.0597239e-02
7.2895050e+00   9436555  1.8464557e+00  1.8447451e+00  7.7910345e-02
7.7201584e+00  11210320  1.6677362e+00  1.6661491e+00  6.6987705e-02
8.1762927e+00  13318613  1.5033330e+00  1.5019079e+00  5.7577432e-02
8.6593661e+00  15819192  1.3544761e+00  1.3532100e+00  4.9478738e-02
9.1709925e+00  18795348  1.2190966e+00  1.2179314e+00  4.2509028e-02
9.7128705e+00  22326034  1.0970759e+00  1.0960286e+00  3.6513309e-02
1.0286736e+01  26520842  9.8498976e-01  9.8402515e-01  3.1353372e-02
1.0894484e+01  31503438  8.8517126e-01  8.8432555e-01  2.6927471e-02
1.1538156e+01  37426927  7.9534797e-01  7.9458546e-01  2.3120763e-02
1.2220385e+01  44525830  7.1478491e-01  7.1409557e-01  1.9845298e-02
