# Power spectrum from CO𝘕CEPT job 4547577 at t = 2.3137796 Gyr, a = 0.26315789
#
# Components:
#   0: matter  (upstream grid size 1024)
#
#                           grid size 1024
# ╭────────────────────────────────────────────────────────────────╮
#                         component 0    (corrected)      (linear)
#                        σ₈ = 2.46e-01  σ₈ = 2.45e-01  σ₈ = 2.42e-01
#  k [Mpc⁻¹]    modes       P [Mpc³]       P [Mpc³]       P [Mpc³]
2.4543693e-02         3  5.3851670e+03  5.3851670e+03  5.4196826e+03
4.6570361e-02        25  2.8358224e+03  2.8704708e+03  2.8768796e+03
8.3521561e-02       124  1.2361600e+03  1.1999833e+03  1.2160560e+03
1.3383638e-01       418  5.6406103e+02  5.5451514e+02  5.3541796e+02
1.8592088e-01       730  3.0123975e+02  3.0838227e+02  3.0461444e+02
2.3260504e-01      1012  2.0270536e+02  2.0138555e+02  1.8211216e+02
2.7635505e-01      1408  1.4968371e+02  1.4986628e+02  1.3183769e+02
3.1919121e-01      1841  1.1036969e+02  1.0971835e+02  9.4246095e+01
3.6464415e-01      2698  8.6057197e+01  8.5485590e+01  7.1383371e+01
4.1290034e-01      3532  6.7242001e+01  6.7798166e+01  5.5530879e+01
4.6319578e-01      4702  5.3149207e+01  5.2137921e+01  4.0831189e+01
5.1570195e-01      6019  4.4702899e+01  4.5203673e+01  3.3982153e+01
5.7047444e-01      7766  3.6586511e+01  3.6548599e+01  2.6226691e+01
6.2844883e-01     10012  3.1298243e+01  3.0803608e+01  2.0583610e+01
6.8955465e-01     12589  2.6086878e+01  2.6163942e+01  1.7126870e+01
7.5323141e-01     15650  2.2336045e+01  2.2526472e+01  1.3991549e+01
8.2032763e-01     19757  1.9114036e+01  1.9053739e+01  1.1239963e+01
8.9088605e-01     24241  1.6650855e+01  1.6482039e+01  9.1698490e+00
9.6481958e-01     29993  1.4485145e+01  1.4367153e+01  7.6127033e+00
1.0423453e+00     36494  1.2606739e+01  1.2537467e+01  6.3450766e+00
1.1237267e+00     44825  1.1171057e+01  1.1123217e+01  5.3015957e+00
1.2089588e+00     53906  9.9193097e+00  9.8919041e+00  4.4454372e+00
1.2983336e+00     65729  8.8168526e+00  8.7919230e+00  3.7367050e+00
1.3921058e+00     78746  7.8906842e+00  7.8657655e+00  3.1483723e+00
1.4900211e+00     94374  7.0678933e+00  7.0459584e+00  2.6639954e+00
1.5921784e+00    112166  6.3709973e+00  6.3656645e+00  2.2667231e+00
1.6991083e+00    134373  5.7482960e+00  5.7490234e+00  1.9315071e+00
1.8110248e+00    159077  5.2339214e+00  5.2269137e+00  1.6464267e+00
1.9277595e+00    188172  4.7741754e+00  4.7682717e+00  1.4091024e+00
2.0497441e+00    222492  4.3659725e+00  4.3641139e+00  1.2095259e+00
2.1771282e+00    261771  3.9980909e+00  3.9946286e+00  1.0393467e+00
2.3098450e+00    306759  3.6676561e+00  3.6648207e+00  8.9566816e-01
2.4484375e+00    360898  3.3893724e+00  3.3865024e+00  7.7317517e-01
2.5937215e+00    425046  3.1310823e+00  3.1284692e+00  6.6829088e-01
2.7470320e+00    505555  2.8893171e+00  2.8867578e+00  5.7769703e-01
2.9094444e+00    600292  2.6620420e+00  2.6596492e+00  4.9921432e-01
3.0813867e+00    712930  2.4585276e+00  2.4563485e+00  4.3127047e-01
3.2634403e+00    846715  2.2778715e+00  2.2758434e+00  3.7244043e-01
3.4562097e+00   1005596  2.1130019e+00  2.1111418e+00  3.2154865e-01
3.6603648e+00   1194719  1.9590497e+00  1.9573122e+00  2.7752414e-01
3.8766358e+00   1419743  1.8096451e+00  1.8080173e+00  2.3941993e-01
4.1057220e+00   1686576  1.6718677e+00  1.6703657e+00  2.0649657e-01
4.3483372e+00   2003484  1.5424433e+00  1.5410519e+00  1.7802913e-01
4.6052142e+00   2378778  1.4247360e+00  1.4234432e+00  1.5344715e-01
4.8773359e+00   2828400  1.3113892e+00  1.3101920e+00  1.3221888e-01
5.1655179e+00   3356890  1.2093593e+00  1.2082546e+00  1.1389477e-01
5.4707002e+00   3990317  1.1142890e+00  1.1132713e+00  9.8085707e-02
5.7939476e+00   4738457  1.0268903e+00  1.0259349e+00  8.4444985e-02
6.1362572e+00   5629661  9.4799699e-01  9.4713432e-01  7.2679400e-02
6.4988210e+00   6687903  8.7614158e-01  8.7532281e-01  6.2534015e-02
6.8828355e+00   7945758  8.1111675e-01  8.1036442e-01  5.3793068e-02
7.2895050e+00   9436555  7.5232538e-01  7.5162842e-01  4.6260265e-02
7.7201584e+00  11210320  6.9867215e-01  6.9800724e-01  3.9774976e-02
8.1762927e+00  13318613  6.4972818e-01  6.4911228e-01  3.4187645e-02
8.6593661e+00  15819192  6.0486800e-01  6.0430261e-01  2.9379054e-02
9.1709925e+00  18795348  5.6216168e-01  5.6162437e-01  2.5240791e-02
9.7128705e+00  22326034  5.2144968e-01  5.2095191e-01  2.1680829e-02
1.0286736e+01  26520842  4.8354539e-01  4.8307185e-01  1.8617108e-02
1.0894484e+01  31503438  4.4808233e-01  4.4765422e-01  1.5989217e-02
1.1538156e+01  37426927  4.1454318e-01  4.1414575e-01  1.3728968e-02
1.2220385e+01  44525830  3.8318555e-01  3.8281600e-01  1.1784141e-02
