# Power spectrum from CO𝘕CEPT job 4547577 at t = 12.444658 Gyr, a = 0.90909091
#
# Components:
#   0: matter  (upstream grid size 1024)
#
#                           grid size 1024
# ╭────────────────────────────────────────────────────────────────╮
#                         component 0    (corrected)      (linear)
#                        σ₈ = 7.51e-01  σ₈ = 7.48e-01  σ₈ = 6.88e-01
#  k [Mpc⁻¹]    modes       P [Mpc³]       P [Mpc³]       P [Mpc³]
2.4543693e-02         3  4.2658663e+04  4.2658663e+04  4.3829348e+04
4.6570361e-02        25  2.2491120e+04  2.2765920e+04  2.3253485e+04
8.3521561e-02       124  1.0480580e+04  1.0173861e+04  9.8272833e+03
1.3383638e-01       418  5.1511014e+03  5.0639267e+03  4.3265811e+03
1.8592088e-01       730  3.0390680e+03  3.1111255e+03  2.4614626e+03
2.3260504e-01      1012  2.2728737e+03  2.2580752e+03  1.4715603e+03
2.7635505e-01      1408  1.8611824e+03  1.8634524e+03  1.0653119e+03
3.1919121e-01      1841  1.6320563e+03  1.6224249e+03  7.6155169e+02
3.6464415e-01      2698  1.3282820e+03  1.3194593e+03  5.7680927e+02
4.1290034e-01      3532  1.1860706e+03  1.1958807e+03  4.4871346e+02
4.6319578e-01      4702  1.0241827e+03  1.0046952e+03  3.2993327e+02
5.1570195e-01      6019  9.2832441e+02  9.3872375e+02  2.7458993e+02
5.7047444e-01      7766  8.5446286e+02  8.5357745e+02  2.1192242e+02
6.2844883e-01     10012  7.6268882e+02  7.5063535e+02  1.6632392e+02
6.8955465e-01     12589  6.9266580e+02  6.9471201e+02  1.3839198e+02
7.5323141e-01     15650  6.3796235e+02  6.4340134e+02  1.1305727e+02
8.2032763e-01     19757  5.8923044e+02  5.8737166e+02  9.0823319e+01
8.9088605e-01     24241  5.4868154e+02  5.4311871e+02  7.4095953e+01
9.6481958e-01     29993  4.9340052e+02  4.8938141e+02  6.1513581e+01
1.0423453e+00     36494  4.5538910e+02  4.5288680e+02  5.1270643e+01
1.1237267e+00     44825  4.1346725e+02  4.1169659e+02  4.2838897e+01
1.2089588e+00     53906  3.8066264e+02  3.7961093e+02  3.5920793e+01
1.2983336e+00     65729  3.4861502e+02  3.4762932e+02  3.0193955e+01
1.3921058e+00     78746  3.1755316e+02  3.1655033e+02  2.5439994e+01
1.4900211e+00     94374  2.9223204e+02  2.9132510e+02  2.1526038e+01
1.5921784e+00    112166  2.6577591e+02  2.6555344e+02  1.8315922e+01
1.6991083e+00    134373  2.4257667e+02  2.4260737e+02  1.5607245e+01
1.8110248e+00    159077  2.1861231e+02  2.1831961e+02  1.3303684e+01
1.9277595e+00    188172  2.0019570e+02  1.9994814e+02  1.1386012e+01
2.0497441e+00    222492  1.8201677e+02  1.8193929e+02  9.7733575e+00
2.1771282e+00    261771  1.6417108e+02  1.6402891e+02  8.3982444e+00
2.3098450e+00    306759  1.4891516e+02  1.4880004e+02  7.2372676e+00
2.4484375e+00    360898  1.3447395e+02  1.3436008e+02  6.2474781e+00
2.5937215e+00    425046  1.2176565e+02  1.2166403e+02  5.3999739e+00
2.7470320e+00    505555  1.0994067e+02  1.0984328e+02  4.6679420e+00
2.9094444e+00    600292  9.9094221e+01  9.9005151e+01  4.0337730e+00
3.0813867e+00    712930  8.9928474e+01  8.9848769e+01  3.4847622e+00
3.2634403e+00    846715  8.0889320e+01  8.0817301e+01  3.0093944e+00
3.4562097e+00   1005596  7.2537456e+01  7.2473599e+01  2.5981709e+00
3.6603648e+00   1194719  6.5312287e+01  6.5254360e+01  2.2424377e+00
3.8766358e+00   1419743  5.8686474e+01  5.8633684e+01  1.9345427e+00
4.1057220e+00   1686576  5.2741583e+01  5.2694200e+01  1.6685110e+00
4.3483372e+00   2003484  4.7345164e+01  4.7302456e+01  1.4384849e+00
4.6052142e+00   2378778  4.2550554e+01  4.2511944e+01  1.2398548e+00
4.8773359e+00   2828400  3.8288745e+01  3.8253790e+01  1.0683239e+00
5.1655179e+00   3356890  3.4253694e+01  3.4222405e+01  9.2025974e-01
5.4707002e+00   3990317  3.0617911e+01  3.0589947e+01  7.9251816e-01
5.7939476e+00   4738457  2.7323932e+01  2.7298510e+01  6.8229756e-01
6.1362572e+00   5629661  2.4354661e+01  2.4332499e+01  5.8722875e-01
6.4988210e+00   6687903  2.1719141e+01  2.1698844e+01  5.0525175e-01
6.8828355e+00   7945758  1.9378966e+01  1.9360992e+01  4.3462312e-01
7.2895050e+00   9436555  1.7233863e+01  1.7217897e+01  3.7375673e-01
7.7201584e+00  11210320  1.5306170e+01  1.5291604e+01  3.2135461e-01
8.1762927e+00  13318613  1.3618647e+01  1.3605737e+01  2.7620830e-01
8.6593661e+00  15819192  1.2080643e+01  1.2069351e+01  2.3735449e-01
9.1709925e+00  18795348  1.0697775e+01  1.0687550e+01  2.0391715e-01
9.7128705e+00  22326034  9.4674273e+00  9.4583898e+00  1.7515266e-01
1.0286736e+01  26520842  8.3840071e+00  8.3757966e+00  1.5039794e-01
1.0894484e+01  31503438  7.4177125e+00  7.4106256e+00  1.2916484e-01
1.1538156e+01  37426927  6.5527566e+00  6.5464744e+00  1.1090240e-01
1.2220385e+01  44525830  5.7825521e+00  5.7769753e+00  9.5188683e-02
