# Power spectrum from CO𝘕CEPT job 4547577 at t = 6.7611924 Gyr, a = 0.55555556
#
# Components:
#   0: matter  (upstream grid size 1024)
#
#                           grid size 1024
# ╭────────────────────────────────────────────────────────────────╮
#                         component 0    (corrected)      (linear)
#                        σ₈ = 5.07e-01  σ₈ = 5.05e-01  σ₈ = 4.83e-01
#  k [Mpc⁻¹]    modes       P [Mpc³]       P [Mpc³]       P [Mpc³]
2.4543693e-02         3  2.1263419e+04  2.1263419e+04  2.1611287e+04
4.6570361e-02        25  1.1219615e+04  1.1356698e+04  1.1468240e+04
8.3521561e-02       124  4.9874668e+03  4.8415064e+03  4.8470819e+03
1.3383638e-01       418  2.3761690e+03  2.3359559e+03  2.1340498e+03
1.8592088e-01       730  1.3304779e+03  1.3620241e+03  1.2141077e+03
2.3260504e-01      1012  9.6016232e+02  9.5391077e+02  7.2584475e+02
2.7635505e-01      1408  7.4790440e+02  7.4881660e+02  5.2546448e+02
3.1919121e-01      1841  6.0729503e+02  6.0371114e+02  3.7563540e+02
3.6464415e-01      2698  4.8189417e+02  4.7869334e+02  2.8451145e+02
4.1290034e-01      3532  4.1713867e+02  4.2058886e+02  2.2132828e+02
4.6319578e-01      4702  3.5290441e+02  3.4618959e+02  1.6273993e+02
5.1570195e-01      6019  3.0422475e+02  3.0763276e+02  1.3544182e+02
5.7047444e-01      7766  2.6171407e+02  2.6144287e+02  1.0453103e+02
6.2844883e-01     10012  2.3324247e+02  2.2955633e+02  8.2039523e+01
6.8955465e-01     12589  2.1108612e+02  2.1170969e+02  6.8262069e+01
7.5323141e-01     15650  1.9081387e+02  1.9244067e+02  5.5765692e+01
8.2032763e-01     19757  1.6868808e+02  1.6815594e+02  4.4798766e+01
8.9088605e-01     24241  1.5621379e+02  1.5463001e+02  3.6547968e+01
9.6481958e-01     29993  1.4189771e+02  1.4074185e+02  3.0341694e+01
1.0423453e+00     36494  1.3053549e+02  1.2981821e+02  2.5289349e+01
1.1237267e+00     44825  1.2029070e+02  1.1977556e+02  2.1130377e+01
1.2089588e+00     53906  1.1150961e+02  1.1120153e+02  1.7718010e+01
1.2983336e+00     65729  1.0334108e+02  1.0304889e+02  1.4893238e+01
1.3921058e+00     78746  9.5012632e+01  9.4712584e+01  1.2548337e+01
1.4900211e+00     94374  8.7552951e+01  8.7281233e+01  1.0617772e+01
1.5921784e+00    112166  8.0478644e+01  8.0411280e+01  9.0343757e+00
1.6991083e+00    134373  7.4210235e+01  7.4219626e+01  7.6983157e+00
1.8110248e+00    159077  6.8513567e+01  6.8421834e+01  6.5620800e+00
1.9277595e+00    188172  6.3056588e+01  6.2978614e+01  5.6161845e+00
2.0497441e+00    222492  5.7870313e+01  5.7845678e+01  4.8207392e+00
2.1771282e+00    261771  5.3309746e+01  5.3263581e+01  4.1424617e+00
2.3098450e+00    306759  4.8781466e+01  4.8743754e+01  3.5698075e+00
2.4484375e+00    360898  4.4666373e+01  4.4628551e+01  3.0815916e+00
2.5937215e+00    425046  4.1015439e+01  4.0981209e+01  2.6635583e+00
2.7470320e+00    505555  3.7445271e+01  3.7412103e+01  2.3024819e+00
2.9094444e+00    600292  3.4236348e+01  3.4205575e+01  1.9896765e+00
3.0813867e+00    712930  3.1058379e+01  3.1030852e+01  1.7188756e+00
3.2634403e+00    846715  2.8173597e+01  2.8148513e+01  1.4843992e+00
3.4562097e+00   1005596  2.5452277e+01  2.5429871e+01  1.2815622e+00
3.6603648e+00   1194719  2.2967912e+01  2.2947541e+01  1.1060958e+00
3.8766358e+00   1419743  2.0722187e+01  2.0703546e+01  9.5422574e-01
4.1057220e+00   1686576  1.8674059e+01  1.8657283e+01  8.2300480e-01
4.3483372e+00   2003484  1.6777733e+01  1.6762599e+01  7.0954373e-01
4.6052142e+00   2378778  1.5089592e+01  1.5075900e+01  6.1156877e-01
4.8773359e+00   2828400  1.3468497e+01  1.3456201e+01  5.2696057e-01
5.1655179e+00   3356890  1.2037777e+01  1.2026781e+01  4.5392739e-01
5.4707002e+00   3990317  1.0764133e+01  1.0754302e+01  3.9091836e-01
5.7939476e+00   4738457  9.6096702e+00  9.6007295e+00  3.3655159e-01
6.1362572e+00   5629661  8.5725776e+00  8.5647767e+00  2.8965848e-01
6.4988210e+00   6687903  7.6328891e+00  7.6257559e+00  2.4922293e-01
6.8828355e+00   7945758  6.7967851e+00  6.7904809e+00  2.1438499e-01
7.2895050e+00   9436555  6.0483686e+00  6.0427653e+00  1.8436231e-01
7.7201584e+00  11210320  5.3755380e+00  5.3704223e+00  1.5851465e-01
8.1762927e+00  13318613  4.7712313e+00  4.7667085e+00  1.3624594e-01
8.6593661e+00  15819192  4.2297317e+00  4.2257781e+00  1.1708101e-01
9.1709925e+00  18795348  3.7481179e+00  3.7445354e+00  1.0058778e-01
9.7128705e+00  22326034  3.3196428e+00  3.3164739e+00  8.6399448e-02
1.0286736e+01  26520842  2.9388847e+00  2.9360066e+00  7.4188951e-02
1.0894484e+01  31503438  2.6029983e+00  2.6005114e+00  6.3715506e-02
1.1538156e+01  37426927  2.3005863e+00  2.2983807e+00  5.4707351e-02
1.2220385e+01  44525830  2.0341263e+00  2.0321646e+00  4.6956358e-02
