# Power spectrum from CO𝘕CEPT job 4547577 at t = 3.6247579 Gyr, a = 0.35714286
#
# Components:
#   0: matter  (upstream grid size 1024)
#
#                           grid size 1024
# ╭────────────────────────────────────────────────────────────────╮
#                         component 0    (corrected)      (linear)
#                        σ₈ = 3.33e-01  σ₈ = 3.32e-01  σ₈ = 3.25e-01
#  k [Mpc⁻¹]    modes       P [Mpc³]       P [Mpc³]       P [Mpc³]
2.4543693e-02         3  9.6665414e+03  9.6665414e+03  9.7577338e+03
4.6570361e-02        25  5.0952172e+03  5.1574712e+03  5.1790265e+03
8.3521561e-02       124  2.2270908e+03  2.1619140e+03  2.1890866e+03
1.3383638e-01       418  1.0332839e+03  1.0157971e+03  9.6382251e+02
1.8592088e-01       730  5.5801244e+02  5.7124314e+02  5.4834380e+02
2.3260504e-01      1012  3.8603842e+02  3.8352495e+02  3.2782400e+02
2.7635505e-01      1408  2.8931231e+02  2.8966517e+02  2.3732366e+02
3.1919121e-01      1841  2.2071567e+02  2.1941314e+02  1.6965419e+02
3.6464415e-01      2698  1.7343697e+02  1.7228497e+02  1.2849852e+02
4.1290034e-01      3532  1.3937272e+02  1.4052549e+02  9.9962130e+01
4.6319578e-01      4702  1.1331357e+02  1.1115752e+02  7.3500940e+01
5.1570195e-01      6019  9.5885995e+01  9.6960136e+01  6.1171860e+01
5.7047444e-01      7766  8.0378163e+01  8.0294873e+01  4.7211111e+01
6.2844883e-01     10012  7.0452287e+01  6.9338864e+01  3.7052902e+01
6.8955465e-01     12589  6.0872978e+01  6.1052803e+01  3.0830362e+01
7.5323141e-01     15650  5.3286039e+01  5.3740333e+01  2.5186415e+01
8.2032763e-01     19757  4.6095913e+01  4.5950500e+01  2.0233238e+01
8.9088605e-01     24241  4.1497692e+01  4.1076965e+01  1.6506791e+01
9.6481958e-01     29993  3.6637612e+01  3.6339172e+01  1.3703746e+01
1.0423453e+00     36494  3.2890343e+01  3.2709616e+01  1.1421870e+01
1.1237267e+00     44825  2.9896984e+01  2.9768951e+01  9.5434826e+00
1.2089588e+00     53906  2.7182138e+01  2.7107038e+01  8.0022974e+00
1.2983336e+00     65729  2.4677521e+01  2.4607745e+01  6.7264969e+00
1.3921058e+00     78746  2.2597147e+01  2.2525785e+01  5.6674295e+00
1.4900211e+00     94374  2.0629970e+01  2.0565945e+01  4.7954949e+00
1.5921784e+00    112166  1.9026345e+01  1.9010419e+01  4.0803586e+00
1.6991083e+00    134373  1.7428068e+01  1.7430274e+01  3.4769307e+00
1.8110248e+00    159077  1.6114541e+01  1.6092965e+01  2.9637530e+00
1.9277595e+00    188172  1.4915654e+01  1.4897209e+01  2.5365417e+00
2.0497441e+00    222492  1.3854197e+01  1.3848299e+01  2.1772810e+00
2.1771282e+00    261771  1.2911246e+01  1.2900065e+01  1.8709387e+00
2.3098450e+00    306759  1.1957453e+01  1.1948210e+01  1.6123008e+00
2.4484375e+00    360898  1.1145606e+01  1.1136168e+01  1.3917993e+00
2.5937215e+00    425046  1.0358339e+01  1.0349695e+01  1.2029956e+00
2.7470320e+00    505555  9.6089183e+00  9.6004067e+00  1.0399162e+00
2.9094444e+00    600292  8.8952456e+00  8.8872501e+00  8.9863839e-01
3.0813867e+00    712930  8.2559699e+00  8.2486525e+00  7.7633172e-01
3.2634403e+00    846715  7.6415952e+00  7.6347916e+00  6.7043095e-01
3.4562097e+00   1005596  7.0403702e+00  7.0341724e+00  5.7881998e-01
3.6603648e+00   1194719  6.4844110e+00  6.4786598e+00  4.9957090e-01
3.8766358e+00   1419743  5.9559595e+00  5.9506020e+00  4.3097904e-01
4.1057220e+00   1686576  5.4607006e+00  5.4557946e+00  3.7171329e-01
4.3483372e+00   2003484  4.9792615e+00  4.9747699e+00  3.2046874e-01
4.6052142e+00   2378778  4.5525842e+00  4.5484532e+00  2.7621845e-01
4.8773359e+00   2828400  4.1392875e+00  4.1355085e+00  2.3800523e-01
5.1655179e+00   3356890  3.7636701e+00  3.7602322e+00  2.0501983e-01
5.4707002e+00   3990317  3.4095664e+00  3.4064524e+00  1.7656182e-01
5.7939476e+00   4738457  3.0823000e+00  3.0794322e+00  1.5200707e-01
6.1362572e+00   5629661  2.7834298e+00  2.7808969e+00  1.3082777e-01
6.4988210e+00   6687903  2.5142499e+00  2.5119003e+00  1.1256502e-01
6.8828355e+00   7945758  2.2709279e+00  2.2688216e+00  9.6830419e-02
7.2895050e+00   9436555  2.0437329e+00  2.0418396e+00  8.3270615e-02
7.7201584e+00  11210320  1.8412349e+00  1.8394826e+00  7.1596455e-02
8.1762927e+00  13318613  1.6556767e+00  1.6541073e+00  6.1538720e-02
8.6593661e+00  15819192  1.4885001e+00  1.4871087e+00  5.2882806e-02
9.1709925e+00  18795348  1.3341537e+00  1.3328785e+00  4.5433557e-02
9.7128705e+00  22326034  1.1977819e+00  1.1966386e+00  3.9025313e-02
1.0286736e+01  26520842  1.0727334e+00  1.0716828e+00  3.3510357e-02
1.0894484e+01  31503438  9.6079750e-01  9.5987954e-01  2.8779942e-02
1.1538156e+01  37426927  8.6137512e-01  8.6054931e-01  2.4711323e-02
1.2220385e+01  44525830  7.7239902e-01  7.7165412e-01  2.1210499e-02
