# Power spectrum from CO𝘕CEPT job 4547577 at t = 2.6131276 Gyr, a = 0.28571429
#
# Components:
#   0: matter  (upstream grid size 1024)
#
#                           grid size 1024
# ╭────────────────────────────────────────────────────────────────╮
#                         component 0    (corrected)      (linear)
#                        σ₈ = 2.67e-01  σ₈ = 2.66e-01  σ₈ = 2.62e-01
#  k [Mpc⁻¹]    modes       P [Mpc³]       P [Mpc³]       P [Mpc³]
2.4543693e-02         3  6.3151148e+03  6.3151148e+03  6.3600008e+03
4.6570361e-02        25  3.3263685e+03  3.3670106e+03  3.3759246e+03
8.3521561e-02       124  1.4504513e+03  1.4080032e+03  1.4269883e+03
1.3383638e-01       418  6.6463385e+02  6.5338592e+02  6.2828760e+02
1.8592088e-01       730  3.5565522e+02  3.6408795e+02  3.5745027e+02
2.3260504e-01      1012  2.4104097e+02  2.3947157e+02  2.1369971e+02
2.7635505e-01      1408  1.7859505e+02  1.7881288e+02  1.5470505e+02
3.1919121e-01      1841  1.3273154e+02  1.3194824e+02  1.1059315e+02
3.6464415e-01      2698  1.0372266e+02  1.0303371e+02  8.3764859e+01
4.1290034e-01      3532  8.1487803e+01  8.2161797e+01  6.5162738e+01
4.6319578e-01      4702  6.4898370e+01  6.3663529e+01  4.7913377e+01
5.1570195e-01      6019  5.4687785e+01  5.5300413e+01  3.9876371e+01
5.7047444e-01      7766  4.5002807e+01  4.4956174e+01  3.0775720e+01
6.2844883e-01     10012  3.8775269e+01  3.8162468e+01  2.4153844e+01
6.8955465e-01     12589  3.2596933e+01  3.2693228e+01  2.0097531e+01
7.5323141e-01     15650  2.8032866e+01  2.8271862e+01  1.6418386e+01
8.2032763e-01     19757  2.4063765e+01  2.3987854e+01  1.3189536e+01
8.9088605e-01     24241  2.1142257e+01  2.0927905e+01  1.0760361e+01
9.6481958e-01     29993  1.8487122e+01  1.8336531e+01  8.9331277e+00
1.0423453e+00     36494  1.6206416e+01  1.6117364e+01  7.4456307e+00
1.1237267e+00     44825  1.4481893e+01  1.4419875e+01  6.2211577e+00
1.2089588e+00     53906  1.2920840e+01  1.2885141e+01  5.2164982e+00
1.2983336e+00     65729  1.1568983e+01  1.1536272e+01  4.3848362e+00
1.3921058e+00     78746  1.0414828e+01  1.0381938e+01  3.6944570e+00
1.4900211e+00     94374  9.3723638e+00  9.3432770e+00  3.1260649e+00
1.5921784e+00    112166  8.5109651e+00  8.5038410e+00  2.6598856e+00
1.6991083e+00    134373  7.7222776e+00  7.7232547e+00  2.2665263e+00
1.8110248e+00    159077  7.0641578e+00  7.0546996e+00  1.9319986e+00
1.9277595e+00    188172  6.4712076e+00  6.4632054e+00  1.6535104e+00
2.0497441e+00    222492  5.9658963e+00  5.9633567e+00  1.4193173e+00
2.1771282e+00    261771  5.4777498e+00  5.4730061e+00  1.2196205e+00
2.3098450e+00    306759  5.0486952e+00  5.0447923e+00  1.0510209e+00
2.4484375e+00    360898  4.6768311e+00  4.6728710e+00  9.0728153e-01
2.5937215e+00    425046  4.3396277e+00  4.3360059e+00  7.8420507e-01
2.7470320e+00    505555  4.0197394e+00  4.0161787e+00  6.7789771e-01
2.9094444e+00    600292  3.7193863e+00  3.7160431e+00  5.8580218e-01
3.0813867e+00    712930  3.4368159e+00  3.4337698e+00  5.0607349e-01
3.2634403e+00    846715  3.1884657e+00  3.1856269e+00  4.3703939e-01
3.4562097e+00   1005596  2.9528105e+00  2.9502110e+00  3.7732045e-01
3.6603648e+00   1194719  2.7364342e+00  2.7340071e+00  3.2565990e-01
3.8766358e+00   1419743  2.5355580e+00  2.5332772e+00  2.8094654e-01
4.1057220e+00   1686576  2.3389708e+00  2.3368695e+00  2.4231263e-01
4.3483372e+00   2003484  2.1646843e+00  2.1627316e+00  2.0890754e-01
4.6052142e+00   2378778  1.9990489e+00  1.9972350e+00  1.8006183e-01
4.8773359e+00   2828400  1.8412024e+00  1.8395215e+00  1.5515153e-01
5.1655179e+00   3356890  1.6948838e+00  1.6933356e+00  1.3364912e-01
5.4707002e+00   3990317  1.5556360e+00  1.5542153e+00  1.1509800e-01
5.7939476e+00   4738457  1.4304702e+00  1.4291393e+00  9.9091317e-02
6.1362572e+00   5629661  1.3123011e+00  1.3111069e+00  8.5285010e-02
6.4988210e+00   6687903  1.2051050e+00  1.2039788e+00  7.3379928e-02
6.8828355e+00   7945758  1.1083250e+00  1.1072970e+00  6.3122884e-02
7.2895050e+00   9436555  1.0186749e+00  1.0177312e+00  5.4283535e-02
7.7201584e+00  11210320  9.3553853e-01  9.3464821e-01  4.6673392e-02
8.1762927e+00  13318613  8.6024774e-01  8.5943229e-01  4.0116956e-02
8.6593661e+00  15819192  7.8980109e-01  7.8906284e-01  3.4474334e-02
9.1709925e+00  18795348  7.2504051e-01  7.2434752e-01  2.9618307e-02
9.7128705e+00  22326034  6.6420521e-01  6.6357117e-01  2.5440887e-02
1.0286736e+01  26520842  6.0840687e-01  6.0781105e-01  2.1845781e-02
1.0894484e+01  31503438  5.5640525e-01  5.5587365e-01  1.8762098e-02
1.1538156e+01  37426927  5.0865518e-01  5.0816753e-01  1.6109825e-02
1.2220385e+01  44525830  4.6500230e-01  4.6455385e-01  1.3827684e-02
