# Power spectrum from CO𝘕CEPT job 4547577 at t = 10.261344 Gyr, a = 0.76923077
#
# Components:
#   0: matter  (upstream grid size 1024)
#
#                           grid size 1024
# ╭────────────────────────────────────────────────────────────────╮
#                         component 0    (corrected)      (linear)
#                        σ₈ = 6.66e-01  σ₈ = 6.64e-01  σ₈ = 6.19e-01
#  k [Mpc⁻¹]    modes       P [Mpc³]       P [Mpc³]       P [Mpc³]
2.4543693e-02         3  3.4693576e+04  3.4693576e+04  3.5506855e+04
4.6570361e-02        25  1.8301951e+04  1.8525567e+04  1.8839312e+04
8.3521561e-02       124  8.3689520e+03  8.1240309e+03  7.9620166e+03
1.3383638e-01       418  4.0679283e+03  3.9990847e+03  3.5054096e+03
1.8592088e-01       730  2.3577304e+03  2.4136331e+03  1.9942914e+03
2.3260504e-01      1012  1.7472621e+03  1.7358858e+03  1.1922684e+03
2.7635505e-01      1408  1.4139451e+03  1.4156696e+03  8.6312374e+02
3.1919121e-01      1841  1.2089121e+03  1.2017779e+03  6.1701518e+02
3.6464415e-01      2698  9.7177641e+02  9.6532170e+02  4.6733556e+02
4.1290034e-01      3532  8.6212167e+02  8.6925236e+02  3.6355138e+02
4.6319578e-01      4702  7.5136198e+02  7.3706559e+02  2.6731472e+02
5.1570195e-01      6019  6.7730684e+02  6.8489421e+02  2.2247511e+02
5.7047444e-01      7766  6.1061289e+02  6.0998016e+02  1.7170137e+02
6.2844883e-01     10012  5.4362482e+02  5.3503342e+02  1.3475708e+02
6.8955465e-01     12589  4.9402160e+02  4.9548099e+02  1.1212639e+02
7.5323141e-01     15650  4.5633314e+02  4.6022364e+02  9.1599995e+01
8.2032763e-01     19757  4.2115551e+02  4.1982694e+02  7.3585858e+01
8.9088605e-01     24241  3.8500658e+02  3.8110317e+02  6.0033200e+01
9.6481958e-01     29993  3.4899167e+02  3.4614888e+02  4.9838853e+01
1.0423453e+00     36494  3.2288191e+02  3.2110773e+02  4.1539936e+01
1.1237267e+00     44825  2.9297636e+02  2.9172170e+02  3.4708461e+01
1.2089588e+00     53906  2.6998526e+02  2.6923933e+02  2.9103352e+01
1.2983336e+00     65729  2.4971470e+02  2.4900864e+02  2.4463417e+01
1.3921058e+00     78746  2.2844625e+02  2.2772482e+02  2.0611715e+01
1.4900211e+00     94374  2.0788153e+02  2.0723637e+02  1.7440594e+01
1.5921784e+00    112166  1.8926119e+02  1.8910277e+02  1.4839729e+01
1.6991083e+00    134373  1.7215768e+02  1.7217947e+02  1.2645135e+01
1.8110248e+00    159077  1.5753428e+02  1.5732336e+02  1.0778769e+01
1.9277595e+00    188172  1.4353684e+02  1.4335934e+02  9.2250543e+00
2.0497441e+00    222492  1.3057915e+02  1.3052356e+02  7.9184668e+00
2.1771282e+00    261771  1.1818692e+02  1.1808457e+02  6.8043378e+00
2.3098450e+00    306759  1.0770606e+02  1.0762280e+02  5.8637040e+00
2.4484375e+00    360898  9.7495595e+01  9.7413039e+01  5.0617675e+00
2.5937215e+00    425046  8.8306962e+01  8.8233263e+01  4.3751119e+00
2.7470320e+00    505555  7.9966335e+01  7.9895501e+01  3.7820130e+00
2.9094444e+00    600292  7.2398803e+01  7.2333728e+01  3.2682035e+00
3.0813867e+00    712930  6.5195637e+01  6.5137853e+01  2.8233899e+00
3.2634403e+00    846715  5.8838682e+01  5.8786296e+01  2.4382425e+00
3.4562097e+00   1005596  5.2965891e+01  5.2919263e+01  2.1050655e+00
3.6603648e+00   1194719  4.7676969e+01  4.7634683e+01  1.8168471e+00
3.8766358e+00   1419743  4.2793399e+01  4.2754905e+01  1.5673877e+00
4.1057220e+00   1686576  3.8373765e+01  3.8339290e+01  1.3518463e+00
4.3483372e+00   2003484  3.4293470e+01  3.4262535e+01  1.1654770e+00
4.6052142e+00   2378778  3.0621495e+01  3.0593710e+01  1.0045450e+00
4.8773359e+00   2828400  2.7478192e+01  2.7453106e+01  8.6556900e-01
5.1655179e+00   3356890  2.4549785e+01  2.4527360e+01  7.4560600e-01
5.4707002e+00   3990317  2.1925923e+01  2.1905898e+01  6.4210851e-01
5.7939476e+00   4738457  1.9556907e+01  1.9538711e+01  5.5280669e-01
6.1362572e+00   5629661  1.7423237e+01  1.7407382e+01  4.7578098e-01
6.4988210e+00   6687903  1.5532507e+01  1.5517992e+01  4.0936238e-01
6.8828355e+00   7945758  1.3820615e+01  1.3807797e+01  3.5213833e-01
7.2895050e+00   9436555  1.2297329e+01  1.2285936e+01  3.0282374e-01
7.7201584e+00  11210320  1.0926167e+01  1.0915769e+01  2.6036698e-01
8.1762927e+00  13318613  9.6859962e+00  9.6768145e+00  2.2378894e-01
8.6593661e+00  15819192  8.5799597e+00  8.5719398e+00  1.9230914e-01
9.1709925e+00  18795348  7.5958862e+00  7.5886261e+00  1.6521782e-01
9.7128705e+00  22326034  6.7201932e+00  6.7137782e+00  1.4191249e-01
1.0286736e+01  26520842  5.9352857e+00  5.9294733e+00  1.2185592e-01
1.0894484e+01  31503438  5.2387664e+00  5.2337612e+00  1.0465259e-01
1.1538156e+01  37426927  4.6209976e+00  4.6165674e+00  8.9856122e-02
1.2220385e+01  44525830  4.0705901e+00  4.0666644e+00  7.7124650e-02
