# Power spectrum from CO𝘕CEPT job 4547577 at t = 13.789883 Gyr, a = 1
#
# Components:
#   0: matter  (upstream grid size 1024)
#
#                           grid size 1024
# ╭────────────────────────────────────────────────────────────────╮
#                         component 0    (corrected)      (linear)
#                        σ₈ = 7.98e-01  σ₈ = 7.95e-01  σ₈ = 7.25e-01
#  k [Mpc⁻¹]    modes       P [Mpc³]       P [Mpc³]       P [Mpc³]
2.4543693e-02         3  4.7278725e+04  4.7278725e+04  4.8683324e+04
4.6570361e-02        25  2.4916474e+04  2.5220907e+04  2.5827817e+04
8.3521561e-02       124  1.1744610e+04  1.1400899e+04  1.0915066e+04
1.3383638e-01       418  5.8118603e+03  5.7135032e+03  4.8054648e+03
1.8592088e-01       730  3.4650554e+03  3.5472132e+03  2.7339024e+03
2.3260504e-01      1012  2.6044313e+03  2.5874740e+03  1.6344344e+03
2.7635505e-01      1408  2.1398353e+03  2.1424453e+03  1.1832215e+03
3.1919121e-01      1841  1.9011493e+03  1.8899298e+03  8.4584062e+02
3.6464415e-01      2698  1.5628732e+03  1.5524923e+03  6.4065071e+02
4.1290034e-01      3532  1.4060790e+03  1.4177088e+03  4.9837715e+02
4.6319578e-01      4702  1.2072294e+03  1.1842591e+03  3.6645031e+02
5.1570195e-01      6019  1.0900905e+03  1.1023020e+03  3.0498154e+02
5.7047444e-01      7766  1.0101867e+03  1.0091399e+03  2.3537798e+02
6.2844883e-01     10012  9.0828272e+02  8.9392829e+02  1.8473263e+02
6.8955465e-01     12589  8.2046706e+02  8.2289080e+02  1.5370918e+02
7.5323141e-01     15650  7.5498025e+02  7.6141689e+02  1.2557042e+02
8.2032763e-01     19757  6.9509090e+02  6.9289817e+02  1.0087562e+02
8.9088605e-01     24241  6.4653240e+02  6.3997750e+02  8.2296874e+01
9.6481958e-01     29993  5.8503301e+02  5.8026749e+02  6.8321887e+01
1.0423453e+00     36494  5.4127881e+02  5.3830456e+02  5.6945262e+01
1.1237267e+00     44825  4.9147142e+02  4.8936671e+02  4.7580292e+01
1.2089588e+00     53906  4.5081873e+02  4.4957318e+02  3.9896494e+01
1.2983336e+00     65729  4.1353292e+02  4.1236366e+02  3.3535811e+01
1.3921058e+00     78746  3.7591693e+02  3.7472979e+02  2.8255682e+01
1.4900211e+00     94374  3.4413084e+02  3.4306284e+02  2.3908530e+01
1.5921784e+00    112166  3.1347981e+02  3.1321741e+02  2.0343119e+01
1.6991083e+00    134373  2.8490734e+02  2.8494340e+02  1.7334647e+01
1.8110248e+00    159077  2.5863699e+02  2.5829070e+02  1.4776129e+01
1.9277595e+00    188172  2.3555720e+02  2.3526592e+02  1.2646210e+01
2.0497441e+00    222492  2.1454929e+02  2.1445795e+02  1.0855067e+01
2.1771282e+00    261771  1.9437455e+02  1.9420623e+02  9.3277563e+00
2.3098450e+00    306759  1.7641088e+02  1.7627451e+02  8.0382831e+00
2.4484375e+00    360898  1.6065168e+02  1.6051565e+02  6.9389440e+00
2.5937215e+00    425046  1.4605499e+02  1.4593310e+02  5.9976384e+00
2.7470320e+00    505555  1.3196294e+02  1.3184604e+02  5.1845855e+00
2.9094444e+00    600292  1.1958253e+02  1.1947504e+02  4.4802269e+00
3.0813867e+00    712930  1.0764961e+02  1.0755420e+02  3.8704518e+00
3.2634403e+00    846715  9.7359842e+01  9.7273159e+01  3.3424705e+00
3.4562097e+00   1005596  8.7596666e+01  8.7519552e+01  2.8857330e+00
3.6603648e+00   1194719  7.9165943e+01  7.9095729e+01  2.4906274e+00
3.8766358e+00   1419743  7.1201522e+01  7.1137475e+01  2.1486548e+00
4.1057220e+00   1686576  6.4172080e+01  6.4114428e+01  1.8531789e+00
4.3483372e+00   2003484  5.7556802e+01  5.7504882e+01  1.5976937e+00
4.6052142e+00   2378778  5.1767444e+01  5.1720471e+01  1.3770793e+00
4.8773359e+00   2828400  4.6426542e+01  4.6384157e+01  1.1865635e+00
5.1655179e+00   3356890  4.1477043e+01  4.1439155e+01  1.0221117e+00
5.4707002e+00   3990317  3.7084616e+01  3.7050747e+01  8.8023179e-01
5.7939476e+00   4738457  3.3110994e+01  3.3080188e+01  7.5781208e-01
6.1362572e+00   5629661  2.9526181e+01  2.9499312e+01  6.5222115e-01
6.4988210e+00   6687903  2.6282186e+01  2.6257625e+01  5.6117103e-01
6.8828355e+00   7945758  2.3367004e+01  2.3345331e+01  4.8272530e-01
7.2895050e+00   9436555  2.0787322e+01  2.0768064e+01  4.1512230e-01
7.7201584e+00  11210320  1.8486518e+01  1.8468925e+01  3.5692039e-01
8.1762927e+00  13318613  1.6432384e+01  1.6416807e+01  3.0677736e-01
8.6593661e+00  15819192  1.4588245e+01  1.4574609e+01  2.6362328e-01
9.1709925e+00  18795348  1.2959398e+01  1.2947012e+01  2.2648516e-01
9.7128705e+00  22326034  1.1482670e+01  1.1471709e+01  1.9453707e-01
1.0286736e+01  26520842  1.0160188e+01  1.0150238e+01  1.6704257e-01
1.0894484e+01  31503438  8.9759923e+00  8.9674165e+00  1.4345944e-01
1.1538156e+01  37426927  7.9204910e+00  7.9128975e+00  1.2317577e-01
1.2220385e+01  44525830  6.9842880e+00  6.9775523e+00  1.0572291e-01
