# Power spectrum from CO𝘕CEPT job 4547577 at t = 4.0356418 Gyr, a = 0.38461538
#
# Components:
#   0: matter  (upstream grid size 1024)
#
#                           grid size 1024
# ╭────────────────────────────────────────────────────────────────╮
#                         component 0    (corrected)      (linear)
#                        σ₈ = 3.58e-01  σ₈ = 3.57e-01  σ₈ = 3.48e-01
#  k [Mpc⁻¹]    modes       P [Mpc³]       P [Mpc³]       P [Mpc³]
2.4543693e-02         3  1.1102058e+04  1.1102058e+04  1.1217160e+04
4.6570361e-02        25  5.8532012e+03  5.9247164e+03  5.9534543e+03
8.3521561e-02       124  2.5621752e+03  2.4871920e+03  2.5163967e+03
1.3383638e-01       418  1.1939465e+03  1.1737407e+03  1.1079285e+03
1.8592088e-01       730  6.4764414e+02  6.6300004e+02  6.3032879e+02
2.3260504e-01      1012  4.5121123e+02  4.4827343e+02  3.7683806e+02
2.7635505e-01      1408  3.3973683e+02  3.4015120e+02  2.7280665e+02
3.1919121e-01      1841  2.6174263e+02  2.6019799e+02  1.9501969e+02
3.6464415e-01      2698  2.0600951e+02  2.0464116e+02  1.4771070e+02
4.1290034e-01      3532  1.6730394e+02  1.6868773e+02  1.1490774e+02
4.6319578e-01      4702  1.3683687e+02  1.3423323e+02  8.4490261e+01
5.1570195e-01      6019  1.1591846e+02  1.1721701e+02  7.0317824e+01
5.7047444e-01      7766  9.7780969e+01  9.7679646e+01  5.4269766e+01
6.2844883e-01     10012  8.6197167e+01  8.4834914e+01  4.2592774e+01
6.8955465e-01     12589  7.5073265e+01  7.5295039e+01  3.5439886e+01
7.5323141e-01     15650  6.6206556e+01  6.6771005e+01  2.8952097e+01
8.2032763e-01     19757  5.7456125e+01  5.7274875e+01  2.3258358e+01
8.9088605e-01     24241  5.2097941e+01  5.1569744e+01  1.8974760e+01
9.6481958e-01     29993  4.6111553e+01  4.5735941e+01  1.5752626e+01
1.0423453e+00     36494  4.1732192e+01  4.1502880e+01  1.3129580e+01
1.1237267e+00     44825  3.7972618e+01  3.7810002e+01  1.0970350e+01
1.2089588e+00     53906  3.4784491e+01  3.4688386e+01  9.1987387e+00
1.2983336e+00     65729  3.1679979e+01  3.1590404e+01  7.7321902e+00
1.3921058e+00     78746  2.9120641e+01  2.9028678e+01  6.5147789e+00
1.4900211e+00     94374  2.6655757e+01  2.6573032e+01  5.5124793e+00
1.5921784e+00    112166  2.4779297e+01  2.4758555e+01  4.6904212e+00
1.6991083e+00    134373  2.2642483e+01  2.2645348e+01  3.9967734e+00
1.8110248e+00    159077  2.0976867e+01  2.0948781e+01  3.4068692e+00
1.9277595e+00    188172  1.9392522e+01  1.9368542e+01  2.9157846e+00
2.0497441e+00    222492  1.7965712e+01  1.7958064e+01  2.5028099e+00
2.1771282e+00    261771  1.6759977e+01  1.6745463e+01  2.1506657e+00
2.3098450e+00    306759  1.5534768e+01  1.5522758e+01  1.8533583e+00
2.4484375e+00    360898  1.4423495e+01  1.4411281e+01  1.5998891e+00
2.5937215e+00    425046  1.3409267e+01  1.3398076e+01  1.3828569e+00
2.7470320e+00    505555  1.2449656e+01  1.2438628e+01  1.1953952e+00
2.9094444e+00    600292  1.1477508e+01  1.1467191e+01  1.0329946e+00
3.0813867e+00    712930  1.0612900e+01  1.0603494e+01  8.9240160e-01
3.2634403e+00    846715  9.7968184e+00  9.7880960e+00  7.7066737e-01
3.4562097e+00   1005596  9.0229340e+00  9.0149909e+00  6.6535947e-01
3.6603648e+00   1194719  8.2725691e+00  8.2652320e+00  5.7426170e-01
3.8766358e+00   1419743  7.5862153e+00  7.5793913e+00  4.9541454e-01
4.1057220e+00   1686576  6.9213182e+00  6.9151001e+00  4.2728786e-01
4.3483372e+00   2003484  6.2827707e+00  6.2771033e+00  3.6838166e-01
4.6052142e+00   2378778  5.7115351e+00  5.7063525e+00  3.1751543e-01
4.8773359e+00   2828400  5.1689369e+00  5.1642180e+00  2.7358889e-01
5.1655179e+00   3356890  4.6688540e+00  4.6645892e+00  2.3567181e-01
5.4707002e+00   3990317  4.2132510e+00  4.2094030e+00  2.0295901e-01
5.7939476e+00   4738457  3.7974925e+00  3.7939594e+00  1.7473304e-01
6.1362572e+00   5629661  3.4218908e+00  3.4187769e+00  1.5038721e-01
6.4988210e+00   6687903  3.0785070e+00  3.0756301e+00  1.2939399e-01
6.8828355e+00   7945758  2.7667470e+00  2.7641808e+00  1.1130690e-01
7.2895050e+00   9436555  2.4858046e+00  2.4835017e+00  9.5719764e-02
7.7201584e+00  11210320  2.2308300e+00  2.2287070e+00  8.2300202e-02
8.1762927e+00  13318613  1.9964298e+00  1.9945373e+00  7.0738738e-02
8.6593661e+00  15819192  1.7885963e+00  1.7869245e+00  6.0788686e-02
9.1709925e+00  18795348  1.5988835e+00  1.5973553e+00  5.2225709e-02
9.7128705e+00  22326034  1.4289415e+00  1.4275775e+00  4.4859379e-02
1.0286736e+01  26520842  1.2770365e+00  1.2757859e+00  3.8519895e-02
1.0894484e+01  31503438  1.1407050e+00  1.1396152e+00  3.3082248e-02
1.1538156e+01  37426927  1.0185590e+00  1.0175825e+00  2.8405345e-02
1.2220385e+01  44525830  9.1029367e-01  9.0941577e-01  2.4381128e-02
