# Power spectrum from CO𝘕CEPT job 4547577 at t = 4.5273967 Gyr, a = 0.41666667
#
# Components:
#   0: matter  (upstream grid size 1024)
#
#                           grid size 1024
# ╭────────────────────────────────────────────────────────────────╮
#                         component 0    (corrected)      (linear)
#                        σ₈ = 3.87e-01  σ₈ = 3.85e-01  σ₈ = 3.75e-01
#  k [Mpc⁻¹]    modes       P [Mpc³]       P [Mpc³]       P [Mpc³]
2.4543693e-02         3  1.2864306e+04  1.2864306e+04  1.3011911e+04
4.6570361e-02        25  6.7838595e+03  6.8667456e+03  6.9057784e+03
8.3521561e-02       124  2.9758030e+03  2.8887148e+03  2.9188875e+03
1.3383638e-01       418  1.3933350e+03  1.3697549e+03  1.2851337e+03
1.8592088e-01       730  7.6005630e+02  7.7807754e+02  7.3114443e+02
2.3260504e-01      1012  5.3360329e+02  5.3012903e+02  4.3710983e+02
2.7635505e-01      1408  4.0407603e+02  4.0456888e+02  3.1643947e+02
3.1919121e-01      1841  3.1475293e+02  3.1289545e+02  2.2621119e+02
3.6464415e-01      2698  2.4814381e+02  2.4649559e+02  1.7133557e+02
4.1290034e-01      3532  2.0418006e+02  2.0586886e+02  1.3328609e+02
4.6319578e-01      4702  1.6799203e+02  1.6479560e+02  9.8003631e+01
5.1570195e-01      6019  1.4250648e+02  1.4410287e+02  8.1564451e+01
5.7047444e-01      7766  1.2088983e+02  1.2076456e+02  6.2949664e+01
6.2844883e-01     10012  1.0727995e+02  1.0558451e+02  4.9405055e+01
6.8955465e-01     12589  9.4109802e+01  9.4387812e+01  4.1108134e+01
7.5323141e-01     15650  8.3675540e+01  8.4388921e+01  3.3582688e+01
8.2032763e-01     19757  7.2916154e+01  7.2686134e+01  2.6978293e+01
8.9088605e-01     24241  6.6534990e+01  6.5860422e+01  2.2009577e+01
9.6481958e-01     29993  5.9094408e+01  5.8613042e+01  1.8272095e+01
1.0423453e+00     36494  5.3920435e+01  5.3624150e+01  1.5229520e+01
1.1237267e+00     44825  4.9031712e+01  4.8821735e+01  1.2724943e+01
1.2089588e+00     53906  4.5245697e+01  4.5120690e+01  1.0669980e+01
1.2983336e+00     65729  4.1359597e+01  4.1242653e+01  8.9688724e+00
1.3921058e+00     78746  3.8120124e+01  3.7999742e+01  7.5567488e+00
1.4900211e+00     94374  3.4961731e+01  3.4853228e+01  6.3941415e+00
1.5921784e+00    112166  3.2604218e+01  3.2576927e+01  5.4406037e+00
1.6991083e+00    134373  2.9947107e+01  2.9950897e+01  4.6360141e+00
1.8110248e+00    159077  2.7717344e+01  2.7680233e+01  3.9517608e+00
1.9277595e+00    188172  2.5676841e+01  2.5645090e+01  3.3821324e+00
2.0497441e+00    222492  2.3718750e+01  2.3708653e+01  2.9031066e+00
2.1771282e+00    261771  2.2011692e+01  2.1992630e+01  2.4946406e+00
2.3098450e+00    306759  2.0418945e+01  2.0403160e+01  2.1497820e+00
2.4484375e+00    360898  1.8868126e+01  1.8852149e+01  1.8557731e+00
2.5937215e+00    425046  1.7507299e+01  1.7492688e+01  1.6040288e+00
2.7470320e+00    505555  1.6193185e+01  1.6178841e+01  1.3865846e+00
2.9094444e+00    600292  1.4911214e+01  1.4897811e+01  1.1982098e+00
3.0813867e+00    712930  1.3734888e+01  1.3722715e+01  1.0351304e+00
3.2634403e+00    846715  1.2605991e+01  1.2594768e+01  8.9392609e-01
3.4562097e+00   1005596  1.1540684e+01  1.1530524e+01  7.7177531e-01
3.6603648e+00   1194719  1.0538707e+01  1.0529360e+01  6.6610744e-01
3.8766358e+00   1419743  9.6153550e+00  9.6067057e+00  5.7464953e-01
4.1057220e+00   1686576  8.7701608e+00  8.7622817e+00  4.9562674e-01
4.3483372e+00   2003484  7.9339874e+00  7.9268304e+00  4.2729914e-01
4.6052142e+00   2378778  7.1954089e+00  7.1888799e+00  3.6829743e-01
4.8773359e+00   2828400  6.5072231e+00  6.5012823e+00  3.1734533e-01
5.1655179e+00   3356890  5.8598930e+00  5.8545402e+00  2.7336384e-01
5.4707002e+00   3990317  5.2872276e+00  5.2823987e+00  2.3541900e-01
5.7939476e+00   4738457  4.7440740e+00  4.7396602e+00  2.0267863e-01
6.1362572e+00   5629661  4.2584491e+00  4.2545739e+00  1.7443897e-01
6.4988210e+00   6687903  3.8199378e+00  3.8163680e+00  1.5008813e-01
6.8828355e+00   7945758  3.4174221e+00  3.4142524e+00  1.2910824e-01
7.2895050e+00   9436555  3.0554923e+00  3.0526617e+00  1.1102814e-01
7.7201584e+00  11210320  2.7318425e+00  2.7292427e+00  9.5462295e-02
8.1762927e+00  13318613  2.4376548e+00  2.4353440e+00  8.2051729e-02
8.6593661e+00  15819192  2.1745815e+00  2.1725489e+00  7.0510302e-02
9.1709925e+00  18795348  1.9395388e+00  1.9376849e+00  6.0577798e-02
9.7128705e+00  22326034  1.7292053e+00  1.7275547e+00  5.2033332e-02
1.0286736e+01  26520842  1.5410882e+00  1.5395791e+00  4.4679943e-02
1.0894484e+01  31503438  1.3724225e+00  1.3711113e+00  3.8372630e-02
1.1538156e+01  37426927  1.2225440e+00  1.2213719e+00  3.2947732e-02
1.2220385e+01  44525830  1.0883863e+00  1.0873366e+00  2.8279912e-02
