# Power spectrum from CO𝘕CEPT job 4547577 at t = 3.1240979 Gyr, a = 0.32258065
#
# Components:
#   0: matter  (upstream grid size 1024)
#
#                           grid size 1024
# ╭────────────────────────────────────────────────────────────────╮
#                         component 0    (corrected)      (linear)
#                        σ₈ = 3.01e-01  σ₈ = 3.00e-01  σ₈ = 2.95e-01
#  k [Mpc⁻¹]    modes       P [Mpc³]       P [Mpc³]       P [Mpc³]
2.4543693e-02         3  7.9716050e+03  7.9716050e+03  8.0376840e+03
4.6570361e-02        25  4.2004859e+03  4.2518080e+03  4.2662594e+03
8.3521561e-02       124  1.8333959e+03  1.7797408e+03  1.8033009e+03
1.3383638e-01       418  8.4567705e+02  8.3136523e+02  7.9397021e+02
1.8592088e-01       730  4.5445631e+02  4.6523165e+02  4.5171102e+02
2.3260504e-01      1012  3.1141230e+02  3.0938472e+02  2.7005283e+02
2.7635505e-01      1408  2.3206728e+02  2.3235032e+02  1.9550107e+02
3.1919121e-01      1841  1.7480994e+02  1.7377832e+02  1.3975675e+02
3.6464415e-01      2698  1.3703245e+02  1.3612225e+02  1.0585378e+02
4.1290034e-01      3532  1.0881185e+02  1.0971184e+02  8.2346244e+01
4.6319578e-01      4702  8.7663454e+01  8.5995455e+01  6.0548197e+01
5.1570195e-01      6019  7.4051898e+01  7.4881447e+01  5.0391819e+01
5.7047444e-01      7766  6.1519501e+01  6.1455753e+01  3.8891312e+01
6.2844883e-01     10012  5.3517388e+01  5.2671604e+01  3.0523239e+01
6.8955465e-01     12589  4.5659072e+01  4.5793954e+01  2.5397270e+01
7.5323141e-01     15650  3.9603335e+01  3.9940976e+01  2.0747930e+01
8.2032763e-01     19757  3.4125626e+01  3.4017974e+01  1.6667629e+01
8.9088605e-01     24241  3.0382226e+01  3.0074195e+01  1.3597877e+01
9.6481958e-01     29993  2.6725731e+01  2.6508030e+01  1.1288800e+01
1.0423453e+00     36494  2.3719032e+01  2.3588700e+01  9.4090487e+00
1.1237267e+00     44825  2.1425736e+01  2.1333981e+01  7.8616808e+00
1.2089588e+00     53906  1.9284228e+01  1.9230948e+01  6.5920916e+00
1.2983336e+00     65729  1.7416504e+01  1.7367259e+01  5.5411195e+00
1.3921058e+00     78746  1.5821849e+01  1.5771884e+01  4.6686866e+00
1.4900211e+00     94374  1.4336366e+01  1.4291873e+01  3.9504090e+00
1.5921784e+00    112166  1.3123582e+01  1.3112597e+01  3.3612978e+00
1.6991083e+00    134373  1.2001075e+01  1.2002593e+01  2.8642092e+00
1.8110248e+00    159077  1.1047832e+01  1.1033040e+01  2.4414663e+00
1.9277595e+00    188172  1.0170739e+01  1.0158162e+01  2.0895405e+00
2.0497441e+00    222492  9.4393598e+00  9.4353415e+00  1.7935906e+00
2.1771282e+00    261771  8.7336176e+00  8.7260545e+00  1.5412335e+00
2.3098450e+00    306759  8.0764961e+00  8.0702524e+00  1.3281742e+00
2.4484375e+00    360898  7.4928250e+00  7.4864804e+00  1.1465306e+00
2.5937215e+00    425046  6.9676130e+00  6.9617980e+00  9.9099881e-01
2.7470320e+00    505555  6.4728989e+00  6.4671652e+00  8.5665815e-01
2.9094444e+00    600292  6.0171531e+00  6.0117447e+00  7.4027699e-01
3.0813867e+00    712930  5.5846695e+00  5.5797197e+00  6.3952382e-01
3.2634403e+00    846715  5.1734240e+00  5.1688179e+00  5.5228540e-01
3.4562097e+00   1005596  4.7938704e+00  4.7896502e+00  4.7681857e-01
3.6603648e+00   1194719  4.4347152e+00  4.4307820e+00  4.1153514e-01
3.8766358e+00   1419743  4.0889268e+00  4.0852487e+00  3.5503086e-01
4.1057220e+00   1686576  3.7661281e+00  3.7627446e+00  3.0620920e-01
4.3483372e+00   2003484  3.4600983e+00  3.4569771e+00  2.6399520e-01
4.6052142e+00   2378778  3.1778058e+00  3.1749223e+00  2.2754290e-01
4.8773359e+00   2828400  2.9110132e+00  2.9083556e+00  1.9606378e-01
5.1655179e+00   3356890  2.6626142e+00  2.6601820e+00  1.6889121e-01
5.4707002e+00   3990317  2.4258831e+00  2.4236675e+00  1.4544818e-01
5.7939476e+00   4738457  2.2127478e+00  2.2106891e+00  1.2522056e-01
6.1362572e+00   5629661  2.0144497e+00  2.0126165e+00  1.0777356e-01
6.4988210e+00   6687903  1.8345084e+00  1.8327940e+00  9.2729139e-02
6.8828355e+00   7945758  1.6679459e+00  1.6663988e+00  7.9767342e-02
7.2895050e+00   9436555  1.5128653e+00  1.5114638e+00  6.8597087e-02
7.7201584e+00  11210320  1.3707503e+00  1.3694458e+00  5.8980180e-02
8.1762927e+00  13318613  1.2443112e+00  1.2431317e+00  5.0694842e-02
8.6593661e+00  15819192  1.1284603e+00  1.1274055e+00  4.3564291e-02
9.1709925e+00  18795348  1.0203328e+00  1.0193575e+00  3.7427760e-02
9.7128705e+00  22326034  9.2262100e-01  9.2174027e-01  3.2148784e-02
1.0286736e+01  26520842  8.3397011e-01  8.3315340e-01  2.7605677e-02
1.0894484e+01  31503438  7.5259331e-01  7.5187427e-01  2.3708855e-02
1.1538156e+01  37426927  6.7969824e-01  6.7904661e-01  2.0357206e-02
1.2220385e+01  44525830  6.1416779e-01  6.1357548e-01  1.7473292e-02
