# Power spectrum from CO𝘕CEPT job 4547577 at t = 7.299649 Gyr, a = 0.58823529
#
# Components:
#   0: matter  (upstream grid size 1024)
#
#                           grid size 1024
# ╭────────────────────────────────────────────────────────────────╮
#                         component 0    (corrected)      (linear)
#                        σ₈ = 5.33e-01  σ₈ = 5.32e-01  σ₈ = 5.06e-01
#  k [Mpc⁻¹]    modes       P [Mpc³]       P [Mpc³]       P [Mpc³]
2.4543693e-02         3  2.3339688e+04  2.3339688e+04  2.3748084e+04
4.6570361e-02        25  1.2315667e+04  1.2466141e+04  1.2601824e+04
8.3521561e-02       124  5.4962598e+03  5.3354094e+03  5.3261396e+03
1.3383638e-01       418  2.6276303e+03  2.5831616e+03  2.3449592e+03
1.8592088e-01       730  1.4800690e+03  1.5151621e+03  1.3340972e+03
2.3260504e-01      1012  1.0737264e+03  1.0667354e+03  7.9757918e+02
2.7635505e-01      1408  8.4214604e+02  8.4317319e+02  5.7739541e+02
3.1919121e-01      1841  6.8982386e+02  6.8575294e+02  4.1275887e+02
3.6464415e-01      2698  5.4831105e+02  5.4466907e+02  3.1262925e+02
4.1290034e-01      3532  4.7820543e+02  4.8216072e+02  2.4320177e+02
4.6319578e-01      4702  4.0776729e+02  4.0000857e+02  1.7882323e+02
5.1570195e-01      6019  3.5406185e+02  3.5802814e+02  1.4882729e+02
5.7047444e-01      7766  3.0643796e+02  3.0612042e+02  1.1486164e+02
6.2844883e-01     10012  2.7178826e+02  2.6749294e+02  9.0147334e+01
6.8955465e-01     12589  2.4743558e+02  2.4816653e+02  7.5008278e+01
7.5323141e-01     15650  2.2473237e+02  2.2664834e+02  6.1276906e+01
8.2032763e-01     19757  1.9887099e+02  1.9824363e+02  4.9226140e+01
8.9088605e-01     24241  1.8380905e+02  1.8194549e+02  4.0159931e+01
9.6481958e-01     29993  1.6789505e+02  1.6652743e+02  3.3340303e+01
1.0423453e+00     36494  1.5333574e+02  1.5249318e+02  2.7788644e+01
1.1237267e+00     44825  1.4190138e+02  1.4129370e+02  2.3218648e+01
1.2089588e+00     53906  1.3164297e+02  1.3127926e+02  1.9469044e+01
1.2983336e+00     65729  1.2197113e+02  1.2162625e+02  1.6365105e+01
1.3921058e+00     78746  1.1257151e+02  1.1221601e+02  1.3788463e+01
1.4900211e+00     94374  1.0375967e+02  1.0343765e+02  1.1667103e+01
1.5921784e+00    112166  9.5749196e+01  9.5669050e+01  9.9272231e+00
1.6991083e+00    134373  8.8205253e+01  8.8216414e+01  8.4591229e+00
1.8110248e+00    159077  8.1233896e+01  8.1125132e+01  7.2105954e+00
1.9277595e+00    188172  7.4635927e+01  7.4543633e+01  6.1712188e+00
2.0497441e+00    222492  6.8428601e+01  6.8399472e+01  5.2971613e+00
2.1771282e+00    261771  6.2713658e+01  6.2659349e+01  4.5518511e+00
2.3098450e+00    306759  5.7412238e+01  5.7367855e+01  3.9226026e+00
2.4484375e+00    360898  5.2324888e+01  5.2280581e+01  3.3861374e+00
2.5937215e+00    425046  4.7750774e+01  4.7710922e+01  2.9267907e+00
2.7470320e+00    505555  4.3457693e+01  4.3419198e+01  2.5300299e+00
2.9094444e+00    600292  3.9623159e+01  3.9587544e+01  2.1863106e+00
3.0813867e+00    712930  3.5908139e+01  3.5876314e+01  1.8887470e+00
3.2634403e+00    846715  3.2594334e+01  3.2565314e+01  1.6310979e+00
3.4562097e+00   1005596  2.9509145e+01  2.9483167e+01  1.4082149e+00
3.6603648e+00   1194719  2.6544231e+01  2.6520688e+01  1.2154076e+00
3.8766358e+00   1419743  2.3818795e+01  2.3797370e+01  1.0485285e+00
4.1057220e+00   1686576  2.1387097e+01  2.1367883e+01  9.0433933e-01
4.3483372e+00   2003484  1.9199835e+01  1.9182516e+01  7.7966517e-01
4.6052142e+00   2378778  1.7225323e+01  1.7209693e+01  6.7200758e-01
4.8773359e+00   2828400  1.5381377e+01  1.5367334e+01  5.7903777e-01
5.1655179e+00   3356890  1.3763606e+01  1.3751034e+01  4.9878691e-01
5.4707002e+00   3990317  1.2278984e+01  1.2267769e+01  4.2955086e-01
5.7939476e+00   4738457  1.0941491e+01  1.0931311e+01  3.6981117e-01
6.1362572e+00   5629661  9.7397616e+00  9.7308985e+00  3.1828374e-01
6.4988210e+00   6687903  8.6521691e+00  8.6440835e+00  2.7385207e-01
6.8828355e+00   7945758  7.7072403e+00  7.7000916e+00  2.3557121e-01
7.2895050e+00   9436555  6.8468331e+00  6.8404901e+00  2.0258147e-01
7.7201584e+00  11210320  6.0764743e+00  6.0706915e+00  1.7417938e-01
8.1762927e+00  13318613  5.3927669e+00  5.3876549e+00  1.4970993e-01
8.6593661e+00  15819192  4.7893834e+00  4.7849066e+00  1.2865101e-01
9.1709925e+00  18795348  4.2467443e+00  4.2426852e+00  1.1052781e-01
9.7128705e+00  22326034  3.7609852e+00  3.7573950e+00  9.4937307e-02
1.0286736e+01  26520842  3.3297461e+00  3.3264852e+00  8.1520101e-02
1.0894484e+01  31503438  2.9423349e+00  2.9395237e+00  7.0011615e-02
1.1538156e+01  37426927  2.6019409e+00  2.5994464e+00  6.0113230e-02
1.2220385e+01  44525830  2.2981744e+00  2.2959580e+00  5.1596250e-02
