# Power spectrum from CO𝘕CEPT job 4775592 at t = 4.2708382 Gyr, a = 0.4
#
# Components:
#   0: matter  (upstream grid size 1024)
#
#                           grid size 1024
# ╭────────────────────────────────────────────────────────────────╮
#                         component 0    (corrected)      (linear)
#                        σ₈ = 4.19e-01  σ₈ = 4.20e-01  σ₈ = 4.08e-01
#  k [Mpc⁻¹]    modes       P [Mpc³]       P [Mpc³]       P [Mpc³]
2.4543693e-02         3  1.3195236e+04  1.3195236e+04  1.3353579e+04
4.6570361e-02        25  7.5829680e+03  7.7798886e+03  7.8347774e+03
8.3521561e-02       124  3.4124850e+03  3.3844712e+03  3.4294215e+03
1.3383638e-01       418  1.6668046e+03  1.6941319e+03  1.5977177e+03
1.8592088e-01       730  9.1543216e+02  9.1408832e+02  8.5100608e+02
2.3260504e-01      1012  6.6358813e+02  6.6135861e+02  5.4618771e+02
2.7635505e-01      1408  5.0197590e+02  5.0023969e+02  3.8421555e+02
3.1919121e-01      1841  3.9969463e+02  3.9871927e+02  2.8457035e+02
3.6464415e-01      2698  3.1724605e+02  3.1640992e+02  2.1447938e+02
4.1290034e-01      3532  2.6516605e+02  2.6445516e+02  1.6380821e+02
4.6319578e-01      4702  2.2088470e+02  2.2035753e+02  1.2729207e+02
5.1570195e-01      6019  1.8789683e+02  1.8749752e+02  1.0025992e+02
5.7047444e-01      7766  1.6083946e+02  1.6051925e+02  7.9895716e+01
6.2844883e-01     10012  1.4398346e+02  1.4371292e+02  6.4121169e+01
6.8955465e-01     12589  1.2764897e+02  1.2742822e+02  5.1828787e+01
7.5323141e-01     15650  1.1440122e+02  1.1421693e+02  4.2251032e+01
8.2032763e-01     19757  1.0072770e+02  1.0057012e+02  3.4630142e+01
8.9088605e-01     24241  9.2586453e+01  9.2451595e+01  2.8532059e+01
9.6481958e-01     29993  8.2652275e+01  8.2536510e+01  2.3633040e+01
1.0423453e+00     36494  7.6119895e+01  7.6019264e+01  1.9666323e+01
1.1237267e+00     44825  6.9311194e+01  6.9221923e+01  1.6431014e+01
1.2089588e+00     53906  6.4406191e+01  6.4327940e+01  1.3783209e+01
1.2983336e+00     65729  5.9129457e+01  5.9059167e+01  1.1601947e+01
1.3921058e+00     78746  5.4624166e+01  5.4562258e+01  9.7956322e+00
1.4900211e+00     94374  5.0397292e+01  5.0342217e+01  8.2999566e+00
1.5921784e+00    112166  4.6827063e+01  4.6778060e+01  7.0564146e+00
1.6991083e+00    134373  4.3429770e+01  4.3385214e+01  6.0147181e+00
1.8110248e+00    159077  4.0174096e+01  4.0134368e+01  5.1390671e+00
1.9277595e+00    188172  3.7334625e+01  3.7298846e+01  4.4028432e+00
2.0497441e+00    222492  3.4557563e+01  3.4525291e+01  3.7805142e+00
2.1771282e+00    261771  3.1914771e+01  3.1885831e+01  3.2531694e+00
2.3098450e+00    306759  2.9610367e+01  2.9584345e+01  2.8059137e+00
2.4484375e+00    360898  2.7287369e+01  2.7263824e+01  2.4245796e+00
2.5937215e+00    425046  2.5179805e+01  2.5158349e+01  2.0974996e+00
2.7470320e+00    505555  2.3185076e+01  2.3165156e+01  1.8148113e+00
2.9094444e+00    600292  2.1299619e+01  2.1281232e+01  1.5695608e+00
3.0813867e+00    712930  1.9529545e+01  1.9512601e+01  1.3570211e+00
3.2634403e+00    846715  1.7848601e+01  1.7833037e+01  1.1728750e+00
3.4562097e+00   1005596  1.6299197e+01  1.6284915e+01  1.0133816e+00
3.6603648e+00   1194719  1.4839523e+01  1.4826448e+01  8.7526876e-01
3.8766358e+00   1419743  1.3417952e+01  1.3406060e+01  7.5569005e-01
4.1057220e+00   1686576  1.2133107e+01  1.2122300e+01  6.5221276e-01
4.3483372e+00   2003484  1.0963498e+01  1.0953687e+01  5.6272151e-01
4.6052142e+00   2378778  9.8722407e+00  9.8633730e+00  4.8537276e-01
4.8773359e+00   2828400  8.8793464e+00  8.8713196e+00  4.1850798e-01
5.1655179e+00   3356890  7.9727507e+00  7.9655240e+00  3.6074599e-01
5.4707002e+00   3990317  7.1569494e+00  7.1504252e+00  3.1086576e-01
5.7939476e+00   4738457  6.4054344e+00  6.3995748e+00  2.6779850e-01
6.1362572e+00   5629661  5.7339321e+00  5.7286634e+00  2.3063407e-01
6.4988210e+00   6687903  5.1262197e+00  5.1214898e+00  1.9856798e-01
6.8828355e+00   7945758  4.5767296e+00  4.5724888e+00  1.7091033e-01
7.2895050e+00   9436555  4.0777910e+00  4.0739998e+00  1.4706640e-01
7.7201584e+00  11210320  3.6339356e+00  3.6305437e+00  1.2651665e-01
8.1762927e+00  13318613  3.2351976e+00  3.2321658e+00  1.0880812e-01
8.6593661e+00  15819192  2.8808500e+00  2.8781411e+00  9.3554185e-02
9.1709925e+00  18795348  2.5640084e+00  2.5615880e+00  8.0417842e-02
9.7128705e+00  22326034  2.2779003e+00  2.2757427e+00  6.9108184e-02
1.0286736e+01  26520842  2.0257723e+00  2.0238470e+00  5.9374801e-02
1.0894484e+01  31503438  1.7990190e+00  1.7973035e+00  5.1000114e-02
1.1538156e+01  37426927  1.5965407e+00  1.5950129e+00  4.3795945e-02
1.2220385e+01  44525830  1.4167856e+00  1.4154218e+00  3.7596212e-02
