# Power spectrum from CO𝘕CEPT job 4775592 at t = 10.262193 Gyr, a = 0.76923077
#
# Components:
#   0: matter  (upstream grid size 1024)
#
#                           grid size 1024
# ╭────────────────────────────────────────────────────────────────╮
#                         component 0    (corrected)      (linear)
#                        σ₈ = 7.53e-01  σ₈ = 7.54e-01  σ₈ = 6.99e-01
#  k [Mpc⁻¹]    modes       P [Mpc³]       P [Mpc³]       P [Mpc³]
2.4543693e-02         3  3.8282664e+04  3.8282664e+04  3.9294455e+04
4.6570361e-02        25  2.1947941e+04  2.2517903e+04  2.3048042e+04
8.3521561e-02       124  1.0393366e+04  1.0308044e+04  1.0087389e+04
1.3383638e-01       418  5.2516121e+03  5.3377122e+03  4.6993936e+03
1.8592088e-01       730  3.1134269e+03  3.1088564e+03  2.5030478e+03
2.3260504e-01      1012  2.3585305e+03  2.3506063e+03  1.6064836e+03
2.7635505e-01      1408  1.9298520e+03  1.9231771e+03  1.1300774e+03
3.1919121e-01      1841  1.6907446e+03  1.6866188e+03  8.3699381e+02
3.6464415e-01      2698  1.3793265e+03  1.3756911e+03  6.3083773e+02
4.1290034e-01      3532  1.2370608e+03  1.2337444e+03  4.8180070e+02
4.6319578e-01      4702  1.0681348e+03  1.0655856e+03  3.7439740e+02
5.1570195e-01      6019  9.6969317e+02  9.6763246e+02  2.9488905e+02
5.7047444e-01      7766  8.9257748e+02  8.9080049e+02  2.3499282e+02
6.2844883e-01     10012  7.9842369e+02  7.9692349e+02  1.8859596e+02
6.8955465e-01     12589  7.2471210e+02  7.2345880e+02  1.5244103e+02
7.5323141e-01     15650  6.6689732e+02  6.6582303e+02  1.2427050e+02
8.2032763e-01     19757  6.1415546e+02  6.1319465e+02  1.0185559e+02
8.9088605e-01     24241  5.6963108e+02  5.6880138e+02  8.3919640e+01
9.6481958e-01     29993  5.0993224e+02  5.0921802e+02  6.9510433e+01
1.0423453e+00     36494  4.7034003e+02  4.6971824e+02  5.7843351e+01
1.1237267e+00     44825  4.2547937e+02  4.2493136e+02  4.8327526e+01
1.2089588e+00     53906  3.8984499e+02  3.8937135e+02  4.0539688e+01
1.2983336e+00     65729  3.5538829e+02  3.5496583e+02  3.4124070e+01
1.3921058e+00     78746  3.2377951e+02  3.2341256e+02  2.8811261e+01
1.4900211e+00     94374  2.9735771e+02  2.9703275e+02  2.4412119e+01
1.5921784e+00    112166  2.6932516e+02  2.6904332e+02  2.0754562e+01
1.6991083e+00    134373  2.4469519e+02  2.4444414e+02  1.7690683e+01
1.8110248e+00    159077  2.1991274e+02  2.1969526e+02  1.5115183e+01
1.9277595e+00    188172  2.0119925e+02  2.0100643e+02  1.2949772e+01
2.0497441e+00    222492  1.8169885e+02  1.8152917e+02  1.1119354e+01
2.1771282e+00    261771  1.6420116e+02  1.6405226e+02  9.5683067e+00
2.3098450e+00    306759  1.4852064e+02  1.4839012e+02  8.2528209e+00
2.4484375e+00    360898  1.3417456e+02  1.3405879e+02  7.1312266e+00
2.5937215e+00    425046  1.2147744e+02  1.2137392e+02  6.1692068e+00
2.7470320e+00    505555  1.0955182e+02  1.0945770e+02  5.3377536e+00
2.9094444e+00    600292  9.8700628e+01  9.8615426e+01  4.6164140e+00
3.0813867e+00    712930  8.9479239e+01  8.9401602e+01  3.9912847e+00
3.2634403e+00    846715  8.0405464e+01  8.0335351e+01  3.4496678e+00
3.4562097e+00   1005596  7.2092746e+01  7.2029576e+01  2.9805607e+00
3.6603648e+00   1194719  6.4895781e+01  6.4838600e+01  2.5743386e+00
3.8766358e+00   1419743  5.8302709e+01  5.8251037e+01  2.2226300e+00
4.1057220e+00   1686576  5.2338413e+01  5.2291796e+01  1.9182795e+00
4.3483372e+00   2003484  4.6863177e+01  4.6821238e+01  1.6550653e+00
4.6052142e+00   2378778  4.1909824e+01  4.1872179e+01  1.4275651e+00
4.8773359e+00   2828400  3.7506664e+01  3.7472758e+01  1.2309007e+00
5.1655179e+00   3356890  3.3557010e+01  3.3526593e+01  1.0610098e+00
5.4707002e+00   3990317  2.9948281e+01  2.9920980e+01  9.1430109e-01
5.7939476e+00   4738457  2.6746457e+01  2.6721989e+01  7.8763091e-01
6.1362572e+00   5629661  2.3802054e+01  2.3780183e+01  6.7832235e-01
6.4988210e+00   6687903  2.1205377e+01  2.1185811e+01  5.8400920e-01
6.8828355e+00   7945758  1.8881625e+01  1.8864130e+01  5.0266232e-01
7.2895050e+00   9436555  1.6796914e+01  1.6781298e+01  4.3253249e-01
7.7201584e+00  11210320  1.4927390e+01  1.4913457e+01  3.7209162e-01
8.1762927e+00  13318613  1.3257187e+01  1.3244763e+01  3.2000743e-01
8.6593661e+00  15819192  1.1755697e+01  1.1744643e+01  2.7514275e-01
9.1709925e+00  18795348  1.0414510e+01  1.0404678e+01  2.3650642e-01
9.7128705e+00  22326034  9.2196480e+00  9.2109152e+00  2.0324278e-01
1.0286736e+01  26520842  8.1494222e+00  8.1416769e+00  1.7461532e-01
1.0894484e+01  31503438  7.2082707e+00  7.2013971e+00  1.4998409e-01
1.1538156e+01  37426927  6.3730807e+00  6.3669822e+00  1.2879560e-01
1.2220385e+01  44525830  5.6199347e+00  5.6145247e+00  1.1056141e-01
