# Power spectrum from CO𝘕CEPT job 4775592 at t = 1.9262132 Gyr, a = 0.23255814
#
# Components:
#   0: matter  (upstream grid size 1024)
#
#                           grid size 1024
# ╭────────────────────────────────────────────────────────────────╮
#                         component 0    (corrected)      (linear)
#                        σ₈ = 2.44e-01  σ₈ = 2.45e-01  σ₈ = 2.42e-01
#  k [Mpc⁻¹]    modes       P [Mpc³]       P [Mpc³]       P [Mpc³]
2.4543693e-02         3  4.6802279e+03  4.6802279e+03  4.7079786e+03
4.6570361e-02        25  2.6867724e+03  2.7565447e+03  2.7628005e+03
8.3521561e-02       124  1.2010899e+03  1.1912299e+03  1.2094112e+03
1.3383638e-01       418  5.7104032e+02  5.8040252e+02  5.6345917e+02
1.8592088e-01       730  3.0404526e+02  3.0359893e+02  3.0012214e+02
2.3260504e-01      1012  2.1137153e+02  2.1066137e+02  1.9262315e+02
2.7635505e-01      1408  1.5406820e+02  1.5353531e+02  1.3550088e+02
3.1919121e-01      1841  1.1558698e+02  1.1530491e+02  1.0035920e+02
3.6464415e-01      2698  9.0122606e+01  8.9885079e+01  7.5640324e+01
4.1290034e-01      3532  7.0564251e+01  7.0375075e+01  5.7770179e+01
4.6319578e-01      4702  5.6311062e+01  5.6176670e+01  4.4892061e+01
5.1570195e-01      6019  4.7252086e+01  4.7151670e+01  3.5358652e+01
5.7047444e-01      7766  3.8954841e+01  3.8877288e+01  2.8176817e+01
6.2844883e-01     10012  3.3405266e+01  3.3342499e+01  2.2613614e+01
6.8955465e-01     12589  2.7923204e+01  2.7874915e+01  1.8278463e+01
7.5323141e-01     15650  2.3971985e+01  2.3933369e+01  1.4900679e+01
8.2032763e-01     19757  2.0586263e+01  2.0554057e+01  1.2213020e+01
8.9088605e-01     24241  1.7988745e+01  1.7962543e+01  1.0062410e+01
9.6481958e-01     29993  1.5697217e+01  1.5675231e+01  8.3346738e+00
1.0423453e+00     36494  1.3705565e+01  1.3687446e+01  6.9357315e+00
1.1237267e+00     44825  1.2176445e+01  1.2160762e+01  5.7947354e+00
1.2089588e+00     53906  1.0840072e+01  1.0826901e+01  4.8609337e+00
1.2983336e+00     65729  9.6689474e+00  9.6574535e+00  4.0916679e+00
1.3921058e+00     78746  8.6699471e+00  8.6601212e+00  3.4546346e+00
1.4900211e+00     94374  7.7877852e+00  7.7792746e+00  2.9271544e+00
1.5921784e+00    112166  7.0427112e+00  7.0353413e+00  2.4885942e+00
1.6991083e+00    134373  6.3668652e+00  6.3603332e+00  2.1212189e+00
1.8110248e+00    159077  5.8165981e+00  5.8108461e+00  1.8124028e+00
1.9277595e+00    188172  5.3171637e+00  5.3120680e+00  1.5527585e+00
2.0497441e+00    222492  4.8716682e+00  4.8671188e+00  1.3332815e+00
2.1771282e+00    261771  4.4722909e+00  4.4682355e+00  1.1473026e+00
2.3098450e+00    306759  4.1099838e+00  4.1063720e+00  9.8956865e-01
2.4484375e+00    360898  3.8064983e+00  3.8032138e+00  8.5508333e-01
2.5937215e+00    425046  3.5229756e+00  3.5199736e+00  7.3973183e-01
2.7470320e+00    505555  3.2566489e+00  3.2538508e+00  6.4003594e-01
2.9094444e+00    600292  3.0066437e+00  3.0040483e+00  5.5354324e-01
3.0813867e+00    712930  2.7817534e+00  2.7793398e+00  4.7858666e-01
3.2634403e+00    846715  2.5804764e+00  2.5782262e+00  4.1364367e-01
3.4562097e+00   1005596  2.3957181e+00  2.3936189e+00  3.5739496e-01
3.6603648e+00   1194719  2.2248655e+00  2.2229051e+00  3.0868651e-01
3.8766358e+00   1419743  2.0595176e+00  2.0576923e+00  2.6651451e-01
4.1057220e+00   1686576  1.9049111e+00  1.9032144e+00  2.3002100e-01
4.3483372e+00   2003484  1.7592048e+00  1.7576304e+00  1.9845995e-01
4.6052142e+00   2378778  1.6269468e+00  1.6254854e+00  1.7118120e-01
4.8773359e+00   2828400  1.4990120e+00  1.4976569e+00  1.4759984e-01
5.1655179e+00   3356890  1.3822395e+00  1.3809866e+00  1.2722876e-01
5.4707002e+00   3990317  1.2738970e+00  1.2727357e+00  1.0963735e-01
5.7939476e+00   4738457  1.1735169e+00  1.1724433e+00  9.4448670e-02
6.1362572e+00   5629661  1.0830560e+00  1.0820609e+00  8.1341747e-02
6.4988210e+00   6687903  1.0003231e+00  9.9940015e-01  7.0032858e-02
6.8828355e+00   7945758  9.2466658e-01  9.2380979e-01  6.0278700e-02
7.2895050e+00   9436555  8.5543205e-01  8.5463673e-01  5.1869529e-02
7.7201584e+00  11210320  7.9149835e-01  7.9075957e-01  4.4622122e-02
8.1762927e+00  13318613  7.3311548e-01  7.3242846e-01  3.8376731e-02
8.6593661e+00  15819192  6.7943511e-01  6.7879623e-01  3.2997003e-02
9.1709925e+00  18795348  6.2848958e-01  6.2789628e-01  2.8364091e-02
9.7128705e+00  22326034  5.8026626e-01  5.7971663e-01  2.4375400e-02
1.0286736e+01  26520842  5.3547927e-01  5.3497035e-01  2.0942618e-02
1.0894484e+01  31503438  4.9374365e-01  4.9327282e-01  1.7989011e-02
1.1538156e+01  37426927  4.5492558e-01  4.5449026e-01  1.5448214e-02
1.2220385e+01  44525830  4.1868424e-01  4.1828120e-01  1.3261652e-02
