# Power spectrum from CO𝘕CEPT job 4775592 at t = 5.8539328 Gyr, a = 0.5
#
# Components:
#   0: matter  (upstream grid size 1024)
#
#                           grid size 1024
# ╭────────────────────────────────────────────────────────────────╮
#                         component 0    (corrected)      (linear)
#                        σ₈ = 5.19e-01  σ₈ = 5.20e-01  σ₈ = 4.99e-01
#  k [Mpc⁻¹]    modes       P [Mpc³]       P [Mpc³]       P [Mpc³]
2.4543693e-02         3  1.9659214e+04  1.9659214e+04  1.9974024e+04
4.6570361e-02        25  1.1296571e+04  1.1589930e+04  1.1717969e+04
8.3521561e-02       124  5.1362028e+03  5.0940386e+03  5.1289761e+03
1.3383638e-01       418  2.5372027e+03  2.5788001e+03  2.3894878e+03
1.8592088e-01       730  1.4272713e+03  1.4251761e+03  1.2727286e+03
2.3260504e-01      1012  1.0528948e+03  1.0493572e+03  8.1685394e+02
2.7635505e-01      1408  8.1748239e+02  8.1465493e+02  5.7461516e+02
3.1919121e-01      1841  6.7087883e+02  6.6924171e+02  4.2559017e+02
3.6464415e-01      2698  5.3613538e+02  5.3472235e+02  3.2076527e+02
4.1290034e-01      3532  4.6678094e+02  4.6552954e+02  2.4498379e+02
4.6319578e-01      4702  3.9751245e+02  3.9656374e+02  1.9037194e+02
5.1570195e-01      6019  3.4397170e+02  3.4324072e+02  1.4994393e+02
5.7047444e-01      7766  2.9730362e+02  2.9671173e+02  1.1948818e+02
6.2844883e-01     10012  2.6539813e+02  2.6489946e+02  9.5896521e+01
6.8955465e-01     12589  2.4148894e+02  2.4107132e+02  7.7512621e+01
7.5323141e-01     15650  2.1857347e+02  2.1822138e+02  6.3188590e+01
8.2032763e-01     19757  1.9358045e+02  1.9327761e+02  5.1791152e+01
8.9088605e-01     24241  1.8005199e+02  1.7978973e+02  4.2671153e+01
9.6481958e-01     29993  1.6384458e+02  1.6361509e+02  3.5344417e+01
1.0423453e+00     36494  1.5106022e+02  1.5086052e+02  2.9411985e+01
1.1237267e+00     44825  1.3956559e+02  1.3938583e+02  2.4573415e+01
1.2089588e+00     53906  1.2953231e+02  1.2937493e+02  2.0613486e+01
1.2983336e+00     65729  1.2035627e+02  1.2021320e+02  1.7351297e+01
1.3921058e+00     78746  1.1096827e+02  1.1084251e+02  1.4649860e+01
1.4900211e+00     94374  1.0232622e+02  1.0221440e+02  1.2413000e+01
1.5921784e+00    112166  9.4091155e+01  9.3992692e+01  1.0553219e+01
1.6991083e+00    134373  8.6748219e+01  8.6659220e+01  8.9953087e+00
1.8110248e+00    159077  8.0025960e+01  7.9946822e+01  7.6857279e+00
1.9277595e+00    188172  7.3422181e+01  7.3351817e+01  6.5846675e+00
2.0497441e+00    222492  6.7342157e+01  6.7279269e+01  5.6539427e+00
2.1771282e+00    261771  6.1893075e+01  6.1836951e+01  4.8652718e+00
2.3098450e+00    306759  5.6677001e+01  5.6627193e+01  4.1963781e+00
2.4484375e+00    360898  5.1624891e+01  5.1580346e+01  3.6260736e+00
2.5937215e+00    425046  4.7250963e+01  4.7210700e+01  3.1369090e+00
2.7470320e+00    505555  4.3061769e+01  4.3024771e+01  2.7141344e+00
2.9094444e+00    600292  3.9279271e+01  3.9245364e+01  2.3473499e+00
3.0813867e+00    712930  3.5621851e+01  3.5590944e+01  2.0294861e+00
3.2634403e+00    846715  3.2370349e+01  3.2342122e+01  1.7540864e+00
3.4562097e+00   1005596  2.9193940e+01  2.9168359e+01  1.5155561e+00
3.6603648e+00   1194719  2.6251786e+01  2.6228655e+01  1.3090015e+00
3.8766358e+00   1419743  2.3657873e+01  2.3636905e+01  1.1301656e+00
4.1057220e+00   1686576  2.1254257e+01  2.1235326e+01  9.7541028e-01
4.3483372e+00   2003484  1.9066358e+01  1.9049295e+01  8.4157175e-01
4.6052142e+00   2378778  1.7146390e+01  1.7130988e+01  7.2589296e-01
4.8773359e+00   2828400  1.5310164e+01  1.5296324e+01  6.2589347e-01
5.1655179e+00   3356890  1.3694292e+01  1.3681880e+01  5.3950766e-01
5.4707002e+00   3990317  1.2226532e+01  1.2215386e+01  4.6490943e-01
5.7939476e+00   4738457  1.0881360e+01  1.0871405e+01  4.0050034e-01
6.1362572e+00   5629661  9.7059516e+00  9.6970332e+00  3.4491924e-01
6.4988210e+00   6687903  8.6390994e+00  8.6311281e+00  2.9696295e-01
6.8828355e+00   7945758  7.6921305e+00  7.6850030e+00  2.5559971e-01
7.2895050e+00   9436555  6.8370107e+00  6.8306541e+00  2.1994008e-01
7.7201584e+00  11210320  6.0695622e+00  6.0638968e+00  1.8920706e-01
8.1762927e+00  13318613  5.3917736e+00  5.3867209e+00  1.6272323e-01
8.6593661e+00  15819192  4.7882983e+00  4.7837959e+00  1.3991035e-01
9.1709925e+00  18795348  4.2460594e+00  4.2420511e+00  1.2026445e-01
9.7128705e+00  22326034  3.7644203e+00  3.7608547e+00  1.0335044e-01
1.0286736e+01  26520842  3.3342108e+00  3.3310419e+00  8.8793825e-02
1.0894484e+01  31503438  2.9513948e+00  2.9485804e+00  7.6269204e-02
1.1538156e+01  37426927  2.6095835e+00  2.6070864e+00  6.5495148e-02
1.2220385e+01  44525830  2.3063394e+00  2.3041192e+00  5.6223279e-02
