# Power spectrum from CO𝘕CEPT job 4775592 at t = 2.407584 Gyr, a = 0.27027027
#
# Components:
#   0: matter  (upstream grid size 1024)
#
#                           grid size 1024
# ╭────────────────────────────────────────────────────────────────╮
#                         component 0    (corrected)      (linear)
#                        σ₈ = 2.84e-01  σ₈ = 2.84e-01  σ₈ = 2.80e-01
#  k [Mpc⁻¹]    modes       P [Mpc³]       P [Mpc³]       P [Mpc³]
2.4543693e-02         3  6.2723733e+03  6.2723733e+03  6.3171342e+03
4.6570361e-02        25  3.6020957e+03  3.6956378e+03  3.7069267e+03
8.3521561e-02       124  1.6107589e+03  1.5975359e+03  1.6226740e+03
1.3383638e-01       418  7.7122080e+02  7.8386496e+02  7.5599266e+02
1.8592088e-01       730  4.1257313e+02  4.1196748e+02  4.0267297e+02
2.3260504e-01      1012  2.9006950e+02  2.8909492e+02  2.5844173e+02
2.7635505e-01      1408  2.1309395e+02  2.1235691e+02  1.8180094e+02
3.1919121e-01      1841  1.6198775e+02  1.6159246e+02  1.3465148e+02
3.6464415e-01      2698  1.2698285e+02  1.2664817e+02  1.0148626e+02
4.1290034e-01      3532  1.0051046e+02  1.0024100e+02  7.7509962e+01
4.6319578e-01      4702  8.1206222e+01  8.1012414e+01  6.0231450e+01
5.1570195e-01      6019  6.8488115e+01  6.8342570e+01  4.7440521e+01
5.7047444e-01      7766  5.7018017e+01  5.6904503e+01  3.7804687e+01
6.2844883e-01     10012  4.9514940e+01  4.9421904e+01  3.0340565e+01
6.8955465e-01     12589  4.2084119e+01  4.2011340e+01  2.4524115e+01
7.5323141e-01     15650  3.6437278e+01  3.6378583e+01  1.9992159e+01
8.2032763e-01     19757  3.1486415e+01  3.1437157e+01  1.6386142e+01
8.9088605e-01     24241  2.7915272e+01  2.7874611e+01  1.3500679e+01
9.6481958e-01     29993  2.4575566e+01  2.4541145e+01  1.1182584e+01
1.0423453e+00     36494  2.1760245e+01  2.1731478e+01  9.3056307e+00
1.1237267e+00     44825  1.9617238e+01  1.9591972e+01  7.7747622e+00
1.2089588e+00     53906  1.7623516e+01  1.7602104e+01  6.5218854e+00
1.2983336e+00     65729  1.5909400e+01  1.5890488e+01  5.4897657e+00
1.3921058e+00     78746  1.4420926e+01  1.4404582e+01  4.6350615e+00
1.4900211e+00     94374  1.3055117e+01  1.3040850e+01  3.9273443e+00
1.5921784e+00    112166  1.1951505e+01  1.1938998e+01  3.3389305e+00
1.6991083e+00    134373  1.0914223e+01  1.0903025e+01  2.8460250e+00
1.8110248e+00    159077  1.0048855e+01  1.0038918e+01  2.4316882e+00
1.9277595e+00    188172  9.2425142e+00  9.2336568e+00  2.0833249e+00
2.0497441e+00    222492  8.5798754e+00  8.5718630e+00  1.7888538e+00
2.1771282e+00    261771  7.9190154e+00  7.9118346e+00  1.5393270e+00
2.3098450e+00    306759  7.3362084e+00  7.3297613e+00  1.3276963e+00
2.4484375e+00    360898  6.8074566e+00  6.8015827e+00  1.1472581e+00
2.5937215e+00    425046  6.3357785e+00  6.3303797e+00  9.9249173e-01
2.7470320e+00    505555  5.8899976e+00  5.8849370e+00  8.5873036e-01
2.9094444e+00    600292  5.4786205e+00  5.4738912e+00  7.4268364e-01
3.0813867e+00    712930  5.0813587e+00  5.0769498e+00  6.4211487e-01
3.2634403e+00    846715  4.7175829e+00  4.7134691e+00  5.5498127e-01
3.4562097e+00   1005596  4.3721147e+00  4.3682837e+00  4.7951275e-01
3.6603648e+00   1194719  4.0465631e+00  4.0429976e+00  4.1416095e-01
3.8766358e+00   1419743  3.7413217e+00  3.7380058e+00  3.5757906e-01
4.1057220e+00   1686576  3.4488689e+00  3.4457970e+00  3.0861598e-01
4.3483372e+00   2003484  3.1795159e+00  3.1766705e+00  2.6627075e-01
4.6052142e+00   2378778  2.9278276e+00  2.9251977e+00  2.2967107e-01
4.8773359e+00   2828400  2.6905817e+00  2.6881494e+00  1.9803214e-01
5.1655179e+00   3356890  2.4715597e+00  2.4693194e+00  1.7070043e-01
5.4707002e+00   3990317  2.2568829e+00  2.2548255e+00  1.4709818e-01
5.7939476e+00   4738457  2.0663441e+00  2.0644538e+00  1.2671967e-01
6.1362572e+00   5629661  1.8872696e+00  1.8855355e+00  1.0913423e-01
6.4988210e+00   6687903  1.7240279e+00  1.7224372e+00  9.3961212e-02
6.8828355e+00   7945758  1.5714324e+00  1.5699763e+00  8.0874162e-02
7.2895050e+00   9436555  1.4305924e+00  1.4292624e+00  6.9591672e-02
7.7201584e+00  11210320  1.3020488e+00  1.3008334e+00  5.9867915e-02
8.1762927e+00  13318613  1.1842354e+00  1.1831256e+00  5.1488554e-02
8.6593661e+00  15819192  1.0764043e+00  1.0753922e+00  4.4270649e-02
9.1709925e+00  18795348  9.7611429e-01  9.7519283e-01  3.8054740e-02
9.7128705e+00  22326034  8.8425134e-01  8.8341378e-01  3.2703178e-02
1.0286736e+01  26520842  8.0054967e-01  7.9978882e-01  2.8097476e-02
1.0894484e+01  31503438  7.2460999e-01  7.2391902e-01  2.4134678e-02
1.1538156e+01  37426927  6.5555180e-01  6.5492449e-01  2.0725743e-02
1.2220385e+01  44525830  5.9340890e-01  5.9283767e-01  1.7792084e-02
