# Power spectrum from CO𝘕CEPT job 4775592 at t = 1.6871734 Gyr, a = 0.21276596
#
# Components:
#   0: matter  (upstream grid size 1024)
#
#                           grid size 1024
# ╭────────────────────────────────────────────────────────────────╮
#                         component 0    (corrected)      (linear)
#                        σ₈ = 2.23e-01  σ₈ = 2.24e-01  σ₈ = 2.22e-01
#  k [Mpc⁻¹]    modes       P [Mpc³]       P [Mpc³]       P [Mpc³]
2.4543693e-02         3  3.9314039e+03  3.9314039e+03  3.9521952e+03
4.6570361e-02        25  2.2563997e+03  2.3149956e+03  2.3193430e+03
8.3521561e-02       124  1.0088182e+03  1.0005366e+03  1.0152974e+03
1.3383638e-01       418  4.7777858e+02  4.8561176e+02  4.7302370e+02
1.8592088e-01       730  2.5394991e+02  2.5357711e+02  2.5195261e+02
2.3260504e-01      1012  1.7542668e+02  1.7483728e+02  1.6170723e+02
2.7635505e-01      1408  1.2735899e+02  1.2691849e+02  1.1375307e+02
3.1919121e-01      1841  9.4955673e+01  9.4723956e+01  8.4251626e+01
3.6464415e-01      2698  7.3803473e+01  7.3608957e+01  6.3500114e+01
4.1290034e-01      3532  5.7512384e+01  5.7358199e+01  4.8498115e+01
4.6319578e-01      4702  4.5608613e+01  4.5499763e+01  3.7686926e+01
5.1570195e-01      6019  3.8132836e+01  3.8051799e+01  2.9683622e+01
5.7047444e-01      7766  3.1295489e+01  3.1233184e+01  2.3654465e+01
6.2844883e-01     10012  2.6620674e+01  2.6570655e+01  1.8984151e+01
6.8955465e-01     12589  2.2086465e+01  2.2048270e+01  1.5344789e+01
7.5323141e-01     15650  1.8890796e+01  1.8860366e+01  1.2509135e+01
8.2032763e-01     19757  1.6145048e+01  1.6119790e+01  1.0252844e+01
8.9088605e-01     24241  1.3995552e+01  1.3975167e+01  8.4474046e+00
9.6481958e-01     29993  1.2142394e+01  1.2125387e+01  6.9969681e+00
1.0423453e+00     36494  1.0528583e+01  1.0514665e+01  5.8225547e+00
1.1237267e+00     44825  9.2631569e+00  9.2512262e+00  4.8646874e+00
1.2089588e+00     53906  8.2098646e+00  8.1998899e+00  4.0807599e+00
1.2983336e+00     65729  7.2689345e+00  7.2602936e+00  3.4349605e+00
1.3921058e+00     78746  6.4771531e+00  6.4698123e+00  2.9001704e+00
1.4900211e+00     94374  5.7779271e+00  5.7716129e+00  2.4573502e+00
1.5921784e+00    112166  5.1928144e+00  5.1873803e+00  2.0891785e+00
1.6991083e+00    134373  4.6640262e+00  4.6592412e+00  1.7807665e+00
1.8110248e+00    159077  4.2389976e+00  4.2348056e+00  1.5215150e+00
1.9277595e+00    188172  3.8481854e+00  3.8444975e+00  1.3035433e+00
2.0497441e+00    222492  3.5032330e+00  3.4999615e+00  1.1192921e+00
2.1771282e+00    261771  3.2011260e+00  3.1982233e+00  9.6316264e-01
2.3098450e+00    306759  2.9302153e+00  2.9276402e+00  8.3074484e-01
2.4484375e+00    360898  2.7022605e+00  2.6999289e+00  7.1784425e-01
2.5937215e+00    425046  2.4878146e+00  2.4856947e+00  6.2100652e-01
2.7470320e+00    505555  2.2904132e+00  2.2884453e+00  5.3731170e-01
2.9094444e+00    600292  2.1099970e+00  2.1081756e+00  4.6470097e-01
3.0813867e+00    712930  1.9478506e+00  1.9461605e+00  4.0177482e-01
3.2634403e+00    846715  1.8021539e+00  1.8005824e+00  3.4725508e-01
3.4562097e+00   1005596  1.6700078e+00  1.6685445e+00  3.0003422e-01
3.6603648e+00   1194719  1.5448232e+00  1.5434621e+00  2.5914340e-01
3.8766358e+00   1419743  1.4230687e+00  1.4218074e+00  2.2373994e-01
4.1057220e+00   1686576  1.3159950e+00  1.3148229e+00  1.9310358e-01
4.3483372e+00   2003484  1.2131578e+00  1.2120721e+00  1.6660802e-01
4.6052142e+00   2378778  1.1214864e+00  1.1204790e+00  1.4370746e-01
4.8773359e+00   2828400  1.0355032e+00  1.0345671e+00  1.2391086e-01
5.1655179e+00   3356890  9.5796976e-01  9.5710144e-01  1.0680930e-01
5.4707002e+00   3990317  8.8471029e-01  8.8390379e-01  9.2041272e-02
5.7939476e+00   4738457  8.1750363e-01  8.1675578e-01  7.9290340e-02
6.1362572e+00   5629661  7.5731469e-01  7.5661882e-01  6.8287045e-02
6.4988210e+00   6687903  7.0227447e-01  7.0162648e-01  5.8793202e-02
6.8828355e+00   7945758  6.5409610e-01  6.5349002e-01  5.0604559e-02
7.2895050e+00   9436555  6.1077226e-01  6.1020440e-01  4.3545033e-02
7.7201584e+00  11210320  5.7210301e-01  5.7156901e-01  3.7460810e-02
8.1762927e+00  13318613  5.3764765e-01  5.3714380e-01  3.2217780e-02
8.6593661e+00  15819192  5.0532335e-01  5.0484820e-01  2.7701476e-02
9.1709925e+00  18795348  4.7483959e-01  4.7439134e-01  2.3812125e-02
9.7128705e+00  22326034  4.4512559e-01  4.4470397e-01  2.0463599e-02
1.0286736e+01  26520842  4.1701498e-01  4.1661865e-01  1.7581760e-02
1.0894484e+01  31503438  3.9010855e-01  3.8973655e-01  1.5102189e-02
1.1538156e+01  37426927  3.6436219e-01  3.6401353e-01  1.2969172e-02
1.2220385e+01  44525830  3.4012492e-01  3.3979750e-01  1.1133537e-02
