# Power spectrum from CO𝘕CEPT job 4775592 at t = 3.6254177 Gyr, a = 0.35714286
#
# Components:
#   0: matter  (upstream grid size 1024)
#
#                           grid size 1024
# ╭────────────────────────────────────────────────────────────────╮
#                         component 0    (corrected)      (linear)
#                        σ₈ = 3.75e-01  σ₈ = 3.76e-01  σ₈ = 3.67e-01
#  k [Mpc⁻¹]    modes       P [Mpc³]       P [Mpc³]       P [Mpc³]
2.4543693e-02         3  1.0687538e+04  1.0687538e+04  1.0797950e+04
4.6570361e-02        25  6.1410897e+03  6.3005664e+03  6.3356389e+03
8.3521561e-02       124  2.7552996e+03  2.7326808e+03  2.7732687e+03
1.3383638e-01       418  1.3379805e+03  1.3599167e+03  1.2920324e+03
1.8592088e-01       730  7.2761358e+02  7.2654545e+02  6.8818748e+02
2.3260504e-01      1012  5.2277381e+02  5.2101739e+02  4.4168873e+02
2.7635505e-01      1408  3.9144862e+02  3.9009470e+02  3.1070589e+02
3.1919121e-01      1841  3.0716777e+02  3.0641819e+02  2.3012526e+02
3.6464415e-01      2698  2.4299972e+02  2.4235927e+02  1.7344439e+02
4.1290034e-01      3532  1.9908374e+02  1.9855001e+02  1.3246783e+02
4.6319578e-01      4702  1.6452723e+02  1.6413456e+02  1.0293810e+02
5.1570195e-01      6019  1.3957088e+02  1.3927428e+02  8.1077847e+01
5.7047444e-01      7766  1.1880182e+02  1.1856531e+02  6.4609793e+01
6.2844883e-01     10012  1.0535935e+02  1.0516138e+02  5.1853289e+01
6.8955465e-01     12589  9.2541017e+01  9.2380979e+01  4.1912730e+01
7.5323141e-01     15650  8.2100858e+01  8.1968604e+01  3.4167425e+01
8.2032763e-01     19757  7.1833195e+01  7.1720817e+01  2.8004589e+01
8.9088605e-01     24241  6.5456293e+01  6.5360951e+01  2.3073213e+01
9.6481958e-01     29993  5.8141168e+01  5.8059734e+01  1.9111491e+01
1.0423453e+00     36494  5.3060926e+01  5.2990779e+01  1.5903699e+01
1.1237267e+00     44825  4.8364571e+01  4.8302278e+01  1.3287382e+01
1.2089588e+00     53906  4.4629811e+01  4.4575588e+01  1.1146163e+01
1.2983336e+00     65729  4.0753724e+01  4.0705279e+01  9.3822276e+00
1.3921058e+00     78746  3.7613684e+01  3.7571055e+01  7.9215028e+00
1.4900211e+00     94374  3.4521284e+01  3.4483559e+01  6.7119848e+00
1.5921784e+00    112166  3.2251856e+01  3.2218105e+01  5.7063613e+00
1.6991083e+00    134373  2.9540568e+01  2.9510262e+01  4.8639656e+00
1.8110248e+00    159077  2.7418213e+01  2.7391099e+01  4.1558470e+00
1.9277595e+00    188172  2.5368872e+01  2.5344560e+01  3.5604799e+00
2.0497441e+00    222492  2.3470889e+01  2.3448971e+01  3.0572168e+00
2.1771282e+00    261771  2.1839535e+01  2.1819732e+01  2.6307654e+00
2.3098450e+00    306759  2.0265763e+01  2.0247953e+01  2.2690800e+00
2.4484375e+00    360898  1.8757297e+01  1.8741112e+01  1.9607039e+00
2.5937215e+00    425046  1.7395196e+01  1.7380373e+01  1.6962019e+00
2.7470320e+00    505555  1.6127372e+01  1.6113515e+01  1.4675984e+00
2.9094444e+00    600292  1.4870138e+01  1.4857302e+01  1.2692699e+00
3.0813867e+00    712930  1.3710299e+01  1.3698403e+01  1.0973939e+00
3.2634403e+00    846715  1.2584152e+01  1.2573179e+01  9.4847919e-01
3.4562097e+00   1005596  1.1554217e+01  1.1544092e+01  8.1950057e-01
3.6603648e+00   1194719  1.0567969e+01  1.0558657e+01  7.0781183e-01
3.8766358e+00   1419743  9.6695426e+00  9.6609726e+00  6.1111124e-01
4.1057220e+00   1686576  8.8175880e+00  8.8097343e+00  5.2743150e-01
4.3483372e+00   2003484  7.9951838e+00  7.9880287e+00  4.5506194e-01
4.6052142e+00   2378778  7.2630873e+00  7.2565632e+00  3.9251175e-01
4.8773359e+00   2828400  6.5738971e+00  6.5679543e+00  3.3843969e-01
5.1655179e+00   3356890  5.9307558e+00  5.9253800e+00  2.9172884e-01
5.4707002e+00   3990317  5.3442905e+00  5.3394186e+00  2.5139180e-01
5.7939476e+00   4738457  4.8037575e+00  4.7993630e+00  2.1656425e-01
6.1362572e+00   5629661  4.3154945e+00  4.3115291e+00  1.8651018e-01
6.4988210e+00   6687903  3.8748851e+00  3.8713097e+00  1.6057902e-01
6.8828355e+00   7945758  3.4685702e+00  3.4653563e+00  1.3821286e-01
7.2895050e+00   9436555  3.1018513e+00  3.0989674e+00  1.1893077e-01
7.7201584e+00  11210320  2.7749527e+00  2.7723625e+00  1.0231262e-01
8.1762927e+00  13318613  2.4770063e+00  2.4746850e+00  8.7992091e-02
8.6593661e+00  15819192  2.2098298e+00  2.2077519e+00  7.5656533e-02
9.1709925e+00  18795348  1.9719601e+00  1.9700986e+00  6.5033426e-02
9.7128705e+00  22326034  1.7585208e+00  1.7568551e+00  5.5887519e-02
1.0286736e+01  26520842  1.5670556e+00  1.5655663e+00  4.8016311e-02
1.0894484e+01  31503438  1.3964687e+00  1.3951371e+00  4.1243850e-02
1.1538156e+01  37426927  1.2438139e+00  1.2426237e+00  3.5417961e-02
1.2220385e+01  44525830  1.1088656e+00  1.1077982e+00  3.0404336e-02
