# Power spectrum from CO𝘕CEPT job 4775592 at t = 3.8219381 Gyr, a = 0.37037037
#
# Components:
#   0: matter  (upstream grid size 1024)
#
#                           grid size 1024
# ╭────────────────────────────────────────────────────────────────╮
#                         component 0    (corrected)      (linear)
#                        σ₈ = 3.88e-01  σ₈ = 3.89e-01  σ₈ = 3.79e-01
#  k [Mpc⁻¹]    modes       P [Mpc³]       P [Mpc³]       P [Mpc³]
2.4543693e-02         3  1.1440920e+04  1.1440920e+04  1.1564924e+04
4.6570361e-02        25  6.5743118e+03  6.7450388e+03  6.7855578e+03
8.3521561e-02       124  2.9521337e+03  2.9278991e+03  2.9701938e+03
1.3383638e-01       418  1.4362551e+03  1.4598024e+03  1.3837752e+03
1.8592088e-01       730  7.8338251e+02  7.8223251e+02  7.3705291e+02
2.3260504e-01      1012  5.6444897e+02  5.6255254e+02  4.7305118e+02
2.7635505e-01      1408  4.2395514e+02  4.2248879e+02  3.3276776e+02
3.1919121e-01      1841  3.3421745e+02  3.3340187e+02  2.4646544e+02
3.6464415e-01      2698  2.6468413e+02  2.6398652e+02  1.8575990e+02
4.1290034e-01      3532  2.1818176e+02  2.1759683e+02  1.4187378e+02
4.6319578e-01      4702  1.8077183e+02  1.8034039e+02  1.1024727e+02
5.1570195e-01      6019  1.5346317e+02  1.5313705e+02  8.6834814e+01
5.7047444e-01      7766  1.3091436e+02  1.3065373e+02  6.9197438e+01
6.2844883e-01     10012  1.1646235e+02  1.1624352e+02  5.5535152e+01
6.8955465e-01     12589  1.0261883e+02  1.0244137e+02  4.4888759e+01
7.5323141e-01     15650  9.1357031e+01  9.1209866e+01  3.6593495e+01
8.2032763e-01     19757  8.0091697e+01  7.9966399e+01  2.9993065e+01
8.9088605e-01     24241  7.3203215e+01  7.3096590e+01  2.4711534e+01
9.6481958e-01     29993  6.5107971e+01  6.5016779e+01  2.0468509e+01
1.0423453e+00     36494  5.9637513e+01  5.9558672e+01  1.7032946e+01
1.1237267e+00     44825  5.4340873e+01  5.4270884e+01  1.4230856e+01
1.2089588e+00     53906  5.0291019e+01  5.0229918e+01  1.1937599e+01
1.2983336e+00     65729  4.5996281e+01  4.5941604e+01  1.0048415e+01
1.3921058e+00     78746  4.2504863e+01  4.2456691e+01  8.4839708e+00
1.4900211e+00     94374  3.9052048e+01  3.9009371e+01  7.1885705e+00
1.5921784e+00    112166  3.6501789e+01  3.6463591e+01  6.1115424e+00
1.6991083e+00    134373  3.3561929e+01  3.3527496e+01  5.2093321e+00
1.8110248e+00    159077  3.1123769e+01  3.1092991e+01  4.4509333e+00
1.9277595e+00    188172  2.8855518e+01  2.8827864e+01  3.8132919e+00
2.0497441e+00    222492  2.6692584e+01  2.6667657e+01  3.2742945e+00
2.1771282e+00    261771  2.4770391e+01  2.4747930e+01  2.8175627e+00
2.3098450e+00    306759  2.2989699e+01  2.2969495e+01  2.4301958e+00
2.4484375e+00    360898  2.1250401e+01  2.1232065e+01  2.0999234e+00
2.5937215e+00    425046  1.9679070e+01  1.9662301e+01  1.8166403e+00
2.7470320e+00    505555  1.8200520e+01  1.8184883e+01  1.5718047e+00
2.9094444e+00    600292  1.6767509e+01  1.6753035e+01  1.3593939e+00
3.0813867e+00    712930  1.5447646e+01  1.5434243e+01  1.1753139e+00
3.2634403e+00    846715  1.4163285e+01  1.4150935e+01  1.0158254e+00
3.4562097e+00   1005596  1.2943169e+01  1.2931828e+01  8.7768864e-01
3.6603648e+00   1194719  1.1814644e+01  1.1804234e+01  7.5806943e-01
3.8766358e+00   1419743  1.0756453e+01  1.0746920e+01  6.5450260e-01
4.1057220e+00   1686576  9.8104671e+00  9.8017290e+00  5.6488118e-01
4.3483372e+00   2003484  8.8641584e+00  8.8562256e+00  4.8737302e-01
4.6052142e+00   2378778  8.0354335e+00  8.0282157e+00  4.2038145e-01
4.8773359e+00   2828400  7.2631175e+00  7.2565516e+00  3.6247000e-01
5.1655179e+00   3356890  6.5327578e+00  6.5268364e+00  3.1244246e-01
5.4707002e+00   3990317  5.8936090e+00  5.8882364e+00  2.6924130e-01
5.7939476e+00   4738457  5.2895348e+00  5.2846960e+00  2.3194082e-01
6.1362572e+00   5629661  4.7456197e+00  4.7412591e+00  1.9975278e-01
6.4988210e+00   6687903  4.2542630e+00  4.2503376e+00  1.7198038e-01
6.8828355e+00   7945758  3.8076821e+00  3.8041540e+00  1.4802613e-01
7.2895050e+00   9436555  3.4026041e+00  3.3994406e+00  1.2737493e-01
7.7201584e+00  11210320  3.0445925e+00  3.0417507e+00  1.0957682e-01
8.1762927e+00  13318613  2.7146697e+00  2.7121257e+00  9.4239476e-02
8.6593661e+00  15819192  2.4214449e+00  2.4191680e+00  8.1028046e-02
9.1709925e+00  18795348  2.1556919e+00  2.1536569e+00  6.9650660e-02
9.7128705e+00  22326034  1.9195804e+00  1.9177622e+00  5.9855362e-02
1.0286736e+01  26520842  1.7085463e+00  1.7069225e+00  5.1425273e-02
1.0894484e+01  31503438  1.5192103e+00  1.5177616e+00  4.4171948e-02
1.1538156e+01  37426927  1.3513392e+00  1.3500461e+00  3.7932405e-02
1.2220385e+01  44525830  1.2018996e+00  1.2007426e+00  3.2562802e-02
