# Power spectrum from CO𝘕CEPT job 4775592 at t = 4.8111704 Gyr, a = 0.43478261
#
# Components:
#   0: matter  (upstream grid size 1024)
#
#                           grid size 1024
# ╭────────────────────────────────────────────────────────────────╮
#                         component 0    (corrected)      (linear)
#                        σ₈ = 4.54e-01  σ₈ = 4.55e-01  σ₈ = 4.40e-01
#  k [Mpc⁻¹]    modes       P [Mpc³]       P [Mpc³]       P [Mpc³]
2.4543693e-02         3  1.5359824e+04  1.5359824e+04  1.5565370e+04
4.6570361e-02        25  8.8271413e+03  9.0563716e+03  9.1321491e+03
8.3521561e-02       124  3.9846565e+03  3.9519456e+03  3.9972516e+03
1.3383638e-01       418  1.9545779e+03  1.9866232e+03  1.8622538e+03
1.8592088e-01       730  1.0824701e+03  1.0808811e+03  9.9190685e+02
2.3260504e-01      1012  7.8982770e+02  7.8717404e+02  6.3661948e+02
2.7635505e-01      1408  6.0274317e+02  6.0065843e+02  4.4782961e+02
3.1919121e-01      1841  4.8524700e+02  4.8406287e+02  3.3168624e+02
3.6464415e-01      2698  3.8609344e+02  3.8507585e+02  2.4999038e+02
4.1290034e-01      3532  3.2786230e+02  3.2698333e+02  1.9092965e+02
4.6319578e-01      4702  2.7491798e+02  2.7426186e+02  1.4836758e+02
5.1570195e-01      6019  2.3475154e+02  2.3425267e+02  1.1685977e+02
5.7047444e-01      7766  2.0139056e+02  2.0098963e+02  9.3123894e+01
6.2844883e-01     10012  1.8099579e+02  1.8065571e+02  7.4737583e+01
6.8955465e-01     12589  1.6167687e+02  1.6139728e+02  6.0409973e+01
7.5323141e-01     15650  1.4560460e+02  1.4537005e+02  4.9246448e+01
8.2032763e-01     19757  1.2875788e+02  1.2855644e+02  4.0363781e+01
8.9088605e-01     24241  1.1906546e+02  1.1889203e+02  3.3256050e+01
9.6481958e-01     29993  1.0697951e+02  1.0682967e+02  2.7545911e+01
1.0423453e+00     36494  9.8818271e+01  9.8687634e+01  2.2922432e+01
1.1237267e+00     44825  9.0100641e+01  8.9984594e+01  1.9151460e+01
1.2089588e+00     53906  8.3553327e+01  8.3451813e+01  1.6065263e+01
1.2983336e+00     65729  7.7026566e+01  7.6935001e+01  1.3522854e+01
1.3921058e+00     78746  7.0672552e+01  7.0592456e+01  1.1417471e+01
1.4900211e+00     94374  6.5597676e+01  6.5525990e+01  9.6741596e+00
1.5921784e+00    112166  6.0602761e+01  6.0539342e+01  8.2247270e+00
1.6991083e+00    134373  5.6254364e+01  5.6196650e+01  7.0105591e+00
1.8110248e+00    159077  5.2061270e+01  5.2009786e+01  5.9899284e+00
1.9277595e+00    188172  4.8124142e+01  4.8078023e+01  5.1318096e+00
2.0497441e+00    222492  4.4606207e+01  4.4564551e+01  4.4064429e+00
2.1771282e+00    261771  4.1158380e+01  4.1121059e+01  3.7917868e+00
2.3098450e+00    306759  3.7941418e+01  3.7908075e+01  3.2704800e+00
2.4484375e+00    360898  3.4971682e+01  3.4941507e+01  2.8260092e+00
2.5937215e+00    425046  3.2122173e+01  3.2094802e+01  2.4447754e+00
2.7470320e+00    505555  2.9451352e+01  2.9426048e+01  2.1152830e+00
2.9094444e+00    600292  2.6951955e+01  2.6928689e+01  1.8294270e+00
3.0813867e+00    712930  2.4651400e+01  2.4630011e+01  1.5816976e+00
3.2634403e+00    846715  2.2352554e+01  2.2333063e+01  1.3670629e+00
3.4562097e+00   1005596  2.0329079e+01  2.0311266e+01  1.1811626e+00
3.6603648e+00   1194719  1.8375076e+01  1.8358886e+01  1.0201828e+00
3.8766358e+00   1419743  1.6632623e+01  1.6617882e+01  8.8080574e-01
4.1057220e+00   1686576  1.5040038e+01  1.5026642e+01  7.6019601e-01
4.3483372e+00   2003484  1.3563227e+01  1.3551089e+01  6.5588795e-01
4.6052142e+00   2378778  1.2201183e+01  1.2190223e+01  5.6573280e-01
4.8773359e+00   2828400  1.0941591e+01  1.0931700e+01  4.8779743e-01
5.1655179e+00   3356890  9.8260986e+00  9.8171921e+00  4.2047197e-01
5.4707002e+00   3990317  8.7887082e+00  8.7806964e+00  3.6233324e-01
5.7939476e+00   4738457  7.8638045e+00  7.8566107e+00  3.1213549e-01
6.1362572e+00   5629661  7.0347207e+00  7.0282567e+00  2.6881788e-01
6.4988210e+00   6687903  6.2768093e+00  6.2710177e+00  2.3144273e-01
6.8828355e+00   7945758  5.5997949e+00  5.5946062e+00  1.9920593e-01
7.2895050e+00   9436555  4.9910164e+00  4.9863761e+00  1.7141426e-01
7.7201584e+00  11210320  4.4363163e+00  4.4321754e+00  1.4746220e-01
8.1762927e+00  13318613  3.9509072e+00  3.9472047e+00  1.2682176e-01
8.6593661e+00  15819192  3.5139136e+00  3.5106095e+00  1.0904231e-01
9.1709925e+00  18795348  3.1167562e+00  3.1138140e+00  9.3731061e-02
9.7128705e+00  22326034  2.7680743e+00  2.7654524e+00  8.0548937e-02
1.0286736e+01  26520842  2.4569454e+00  2.4546103e+00  6.9204067e-02
1.0894484e+01  31503438  2.1788181e+00  2.1767405e+00  5.9442848e-02
1.1538156e+01  37426927  1.9295669e+00  1.9277205e+00  5.1045945e-02
1.2220385e+01  44525830  1.7096299e+00  1.7079841e+00  4.3819781e-02
