# Power spectrum from CO𝘕CEPT job 4775592 at t = 3.4448053 Gyr, a = 0.34482759
#
# Components:
#   0: matter  (upstream grid size 1024)
#
#                           grid size 1024
# ╭────────────────────────────────────────────────────────────────╮
#                         component 0    (corrected)      (linear)
#                        σ₈ = 3.62e-01  σ₈ = 3.63e-01  σ₈ = 3.55e-01
#  k [Mpc⁻¹]    modes       P [Mpc³]       P [Mpc³]       P [Mpc³]
2.4543693e-02         3  1.0003990e+04  1.0003990e+04  1.0102553e+04
4.6570361e-02        25  5.7480056e+03  5.8972744e+03  5.9277010e+03
8.3521561e-02       124  2.5771362e+03  2.5559799e+03  2.5947169e+03
1.3383638e-01       418  1.2492028e+03  1.2696834e+03  1.2088492e+03
1.8592088e-01       730  6.7751486e+02  6.7652027e+02  6.4388112e+02
2.3260504e-01      1012  4.8544620e+02  4.8381519e+02  4.1325234e+02
2.7635505e-01      1408  3.6247878e+02  3.6122505e+02  2.9070234e+02
3.1919121e-01      1841  2.8319285e+02  2.8250178e+02  2.1530959e+02
3.6464415e-01      2698  2.2379623e+02  2.2320639e+02  1.6227789e+02
4.1290034e-01      3532  1.8233329e+02  1.8184447e+02  1.2393945e+02
4.6319578e-01      4702  1.5030429e+02  1.4994557e+02  9.6310862e+01
5.1570195e-01      6019  1.2742631e+02  1.2715551e+02  7.5857991e+01
5.7047444e-01      7766  1.0820385e+02  1.0798844e+02  6.0450165e+01
6.2844883e-01     10012  9.5684615e+01  9.5504828e+01  4.8514936e+01
6.8955465e-01     12589  8.3763621e+01  8.3618763e+01  3.9214357e+01
7.5323141e-01     15650  7.4063419e+01  7.3944112e+01  3.1967701e+01
8.2032763e-01     19757  6.4682495e+01  6.4581303e+01  2.6201634e+01
8.9088605e-01     24241  5.8757781e+01  5.8672196e+01  2.1587743e+01
9.6481958e-01     29993  5.2136667e+01  5.2063643e+01  1.7881080e+01
1.0423453e+00     36494  4.7403030e+01  4.7340363e+01  1.4879809e+01
1.1237267e+00     44825  4.3221390e+01  4.3165722e+01  1.2431931e+01
1.2089588e+00     53906  3.9760498e+01  3.9712191e+01  1.0428566e+01
1.2983336e+00     65729  3.6261804e+01  3.6218698e+01  8.7781940e+00
1.3921058e+00     78746  3.3417516e+01  3.3379643e+01  7.4115117e+00
1.4900211e+00     94374  3.0647624e+01  3.0614132e+01  6.2798633e+00
1.5921784e+00    112166  2.8564902e+01  2.8535010e+01  5.3389826e+00
1.6991083e+00    134373  2.6128197e+01  2.6101391e+01  4.5508210e+00
1.8110248e+00    159077  2.4251784e+01  2.4227801e+01  3.8882915e+00
1.9277595e+00    188172  2.2426303e+01  2.2404811e+01  3.3312546e+00
2.0497441e+00    222492  2.0777592e+01  2.0758189e+01  2.8603919e+00
2.1771282e+00    261771  1.9366399e+01  1.9348838e+01  2.4613957e+00
2.3098450e+00    306759  1.7963958e+01  1.7948172e+01  2.1229959e+00
2.4484375e+00    360898  1.6669549e+01  1.6655165e+01  1.8344732e+00
2.5937215e+00    425046  1.5478953e+01  1.5465763e+01  1.5870000e+00
2.7470320e+00    505555  1.4373320e+01  1.4360970e+01  1.3731141e+00
2.9094444e+00    600292  1.3257939e+01  1.3246495e+01  1.1875542e+00
3.0813867e+00    712930  1.2238994e+01  1.2228375e+01  1.0267437e+00
3.2634403e+00    846715  1.1275929e+01  1.1266097e+01  8.8741618e-01
3.4562097e+00   1005596  1.0385441e+01  1.0376341e+01  7.6674127e-01
3.6603648e+00   1194719  9.5094626e+00  9.5010837e+00  6.6224311e-01
3.8766358e+00   1419743  8.7209404e+00  8.7132112e+00  5.7176815e-01
4.1057220e+00   1686576  7.9599039e+00  7.9528141e+00  4.9347575e-01
4.3483372e+00   2003484  7.2310899e+00  7.2246186e+00  4.2576538e-01
4.6052142e+00   2378778  6.5754268e+00  6.5695204e+00  3.6724219e-01
4.8773359e+00   2828400  5.9519998e+00  5.9466192e+00  3.1665131e-01
5.1655179e+00   3356890  5.3767352e+00  5.3718617e+00  2.7294772e-01
5.4707002e+00   3990317  4.8421137e+00  4.8376997e+00  2.3520759e-01
5.7939476e+00   4738457  4.3614202e+00  4.3574304e+00  2.0262224e-01
6.1362572e+00   5629661  3.9248781e+00  3.9212716e+00  1.7450306e-01
6.4988210e+00   6687903  3.5257755e+00  3.5225223e+00  1.5024134e-01
6.8828355e+00   7945758  3.1608646e+00  3.1579358e+00  1.2931512e-01
7.2895050e+00   9436555  2.8362698e+00  2.8336328e+00  1.1127441e-01
7.7201584e+00  11210320  2.5422469e+00  2.5398740e+00  9.5726125e-02
8.1762927e+00  13318613  2.2735710e+00  2.2714404e+00  8.2327546e-02
8.6593661e+00  15819192  2.0318329e+00  2.0299224e+00  7.0786144e-02
9.1709925e+00  18795348  1.8158132e+00  1.8140990e+00  6.0846945e-02
9.7128705e+00  22326034  1.6202990e+00  1.6187643e+00  5.2289843e-02
1.0286736e+01  26520842  1.4444805e+00  1.4431077e+00  4.4925375e-02
1.0894484e+01  31503438  1.2885128e+00  1.2872841e+00  3.8588916e-02
1.1538156e+01  37426927  1.1496130e+00  1.1485129e+00  3.3138087e-02
1.2220385e+01  44525830  1.0253838e+00  1.0243967e+00  2.8447230e-02
