# Power spectrum from CO𝘕CEPT job 4775592 at t = 7.3004497 Gyr, a = 0.58823529
#
# Components:
#   0: matter  (upstream grid size 1024)
#
#                           grid size 1024
# ╭────────────────────────────────────────────────────────────────╮
#                         component 0    (corrected)      (linear)
#                        σ₈ = 6.02e-01  σ₈ = 6.04e-01  σ₈ = 5.72e-01
#  k [Mpc⁻¹]    modes       P [Mpc³]       P [Mpc³]       P [Mpc³]
2.4543693e-02         3  2.5776819e+04  2.5776819e+04  2.6281061e+04
4.6570361e-02        25  1.4804697e+04  1.5189157e+04  1.5416921e+04
8.3521561e-02       124  6.8132319e+03  6.7573007e+03  6.7478205e+03
1.3383638e-01       418  3.3927829e+03  3.4484075e+03  3.1436458e+03
1.8592088e-01       730  1.9465908e+03  1.9437333e+03  1.6744156e+03
2.3260504e-01      1012  1.4533172e+03  1.4484343e+03  1.0746607e+03
2.7635505e-01      1408  1.1543603e+03  1.1503676e+03  7.5596859e+02
3.1919121e-01      1841  9.7011115e+02  9.6774382e+02  5.5990983e+02
3.6464415e-01      2698  7.7976165e+02  7.7770651e+02  4.2200123e+02
4.1290034e-01      3532  6.9167094e+02  6.8981664e+02  3.2230247e+02
4.6319578e-01      4702  6.0038808e+02  5.9895519e+02  2.5045468e+02
5.1570195e-01      6019  5.3269656e+02  5.3156451e+02  1.9726729e+02
5.7047444e-01      7766  4.7149533e+02  4.7055665e+02  1.5719947e+02
6.2844883e-01     10012  4.1769248e+02  4.1690765e+02  1.2616211e+02
6.8955465e-01     12589  3.8185394e+02  3.8119358e+02  1.0197612e+02
7.5323141e-01     15650  3.5198601e+02  3.5141901e+02  8.3131323e+01
8.2032763e-01     19757  3.1562603e+02  3.1513225e+02  6.8136775e+01
8.9088605e-01     24241  2.8836315e+02  2.8794313e+02  5.6138441e+01
9.6481958e-01     29993  2.6677741e+02  2.6640376e+02  4.6499338e+01
1.0423453e+00     36494  2.4107450e+02  2.4075580e+02  3.8694592e+01
1.1237267e+00     44825  2.2196736e+02  2.2168148e+02  3.2328936e+01
1.2089588e+00     53906  2.0658880e+02  2.0633780e+02  2.7119227e+01
1.2983336e+00     65729  1.8853839e+02  1.8831426e+02  2.2827469e+01
1.3921058e+00     78746  1.7282171e+02  1.7262585e+02  1.9273441e+01
1.4900211e+00     94374  1.5804824e+02  1.5787553e+02  1.6330614e+01
1.5921784e+00    112166  1.4463261e+02  1.4448126e+02  1.3883874e+01
1.6991083e+00    134373  1.3237761e+02  1.3224180e+02  1.1834277e+01
1.8110248e+00    159077  1.2109906e+02  1.2097930e+02  1.0111385e+01
1.9277595e+00    188172  1.1008762e+02  1.0998212e+02  8.6628226e+00
2.0497441e+00    222492  1.0003230e+02  9.9938883e+01  7.4383552e+00
2.1771282e+00    261771  9.1347577e+01  9.1264745e+01  6.4007748e+00
2.3098450e+00    306759  8.3663134e+01  8.3589610e+01  5.5207742e+00
2.4484375e+00    360898  7.5967009e+01  7.5901460e+01  4.7704781e+00
2.5937215e+00    425046  6.9117382e+01  6.9058486e+01  4.1269301e+00
2.7470320e+00    505555  6.2507255e+01  6.2453549e+01  3.5707253e+00
2.9094444e+00    600292  5.6551695e+01  5.6502877e+01  3.0881815e+00
3.0813867e+00    712930  5.1142546e+01  5.1098172e+01  2.6699980e+00
3.2634403e+00    846715  4.6200232e+01  4.6159945e+01  2.3076806e+00
3.4562097e+00   1005596  4.1736224e+01  4.1699653e+01  1.9938689e+00
3.6603648e+00   1194719  3.7488674e+01  3.7455642e+01  1.7221244e+00
3.8766358e+00   1419743  3.3693441e+01  3.3663579e+01  1.4868470e+00
4.1057220e+00   1686576  3.0150674e+01  3.0123819e+01  1.2832500e+00
4.3483372e+00   2003484  2.7043242e+01  2.7019040e+01  1.1071714e+00
4.6052142e+00   2378778  2.4228471e+01  2.4206707e+01  9.5498382e-01
4.8773359e+00   2828400  2.1667056e+01  2.1647469e+01  8.2342402e-01
5.1655179e+00   3356890  1.9372042e+01  1.9354483e+01  7.0977447e-01
5.4707002e+00   3990317  1.7312512e+01  1.7296730e+01  6.1163274e-01
5.7939476e+00   4738457  1.5431828e+01  1.5417711e+01  5.2689590e-01
6.1362572e+00   5629661  1.3754275e+01  1.3741637e+01  4.5377320e-01
6.4988210e+00   6687903  1.2260058e+01  1.2248745e+01  3.9068176e-01
6.8828355e+00   7945758  1.0902405e+01  1.0892303e+01  3.3626417e-01
7.2895050e+00   9436555  9.6856611e+00  9.6766560e+00  2.8935028e-01
7.7201584e+00  11210320  8.6018176e+00  8.5937886e+00  2.4891788e-01
8.1762927e+00  13318613  7.6389328e+00  7.6317741e+00  2.1407572e-01
8.6593661e+00  15819192  6.7723205e+00  6.7659525e+00  1.8406310e-01
9.1709925e+00  18795348  5.9957014e+00  5.9900414e+00  1.5821696e-01
9.7128705e+00  22326034  5.3033091e+00  5.2982859e+00  1.3596492e-01
1.0286736e+01  26520842  4.6905842e+00  4.6861263e+00  1.1681427e-01
1.0894484e+01  31503438  4.1490214e+00  4.1450650e+00  1.0033692e-01
1.1538156e+01  37426927  3.6625473e+00  3.6590426e+00  8.6162629e-02
1.2220385e+01  44525830  3.2327408e+00  3.2296288e+00  7.3964618e-02
