# Power spectrum from CO𝘕CEPT job 4775592 at t = 6.2824789 Gyr, a = 0.52631579
#
# Components:
#   0: matter  (upstream grid size 1024)
#
#                           grid size 1024
# ╭────────────────────────────────────────────────────────────────╮
#                         component 0    (corrected)      (linear)
#                        σ₈ = 5.44e-01  σ₈ = 5.46e-01  σ₈ = 5.21e-01
#  k [Mpc⁻¹]    modes       P [Mpc³]       P [Mpc³]       P [Mpc³]
2.4543693e-02         3  2.1459058e+04  2.1459058e+04  2.1825540e+04
4.6570361e-02        25  1.2329432e+04  1.2649613e+04  1.2803883e+04
8.3521561e-02       124  5.6247042e+03  5.5785298e+03  5.6042330e+03
1.3383638e-01       418  2.7855424e+03  2.8312113e+03  2.6108930e+03
1.8592088e-01       730  1.5766042e+03  1.5742898e+03  1.3906558e+03
2.3260504e-01      1012  1.1675740e+03  1.1636512e+03  8.9254084e+02
2.7635505e-01      1408  9.1285938e+02  9.0970203e+02  6.2785691e+02
3.1919121e-01      1841  7.5460865e+02  7.5276721e+02  4.6502376e+02
3.6464415e-01      2698  6.0407149e+02  6.0247940e+02  3.5048614e+02
4.1290034e-01      3532  5.2973826e+02  5.2831808e+02  2.6768303e+02
4.6319578e-01      4702  4.5403818e+02  4.5295457e+02  2.0801105e+02
5.1570195e-01      6019  3.9568557e+02  3.9484469e+02  1.6383714e+02
5.7047444e-01      7766  3.4400293e+02  3.4331808e+02  1.3055948e+02
6.2844883e-01     10012  3.0557039e+02  3.0499623e+02  1.0478190e+02
6.8955465e-01     12589  2.7932691e+02  2.7884385e+02  8.4694622e+01
7.5323141e-01     15650  2.5389920e+02  2.5349020e+02  6.9043384e+01
8.2032763e-01     19757  2.2481708e+02  2.2446537e+02  5.6589905e+01
8.9088605e-01     24241  2.0857777e+02  2.0827396e+02  4.6624884e+01
9.6481958e-01     29993  1.9070598e+02  1.9043887e+02  3.8619282e+01
1.0423453e+00     36494  1.7424470e+02  1.7401434e+02  3.2137176e+01
1.1237267e+00     44825  1.6138700e+02  1.6117914e+02  2.6850284e+01
1.2089588e+00     53906  1.4954987e+02  1.4936817e+02  2.2523443e+01
1.2983336e+00     65729  1.3851733e+02  1.3835267e+02  1.8958993e+01
1.3921058e+00     78746  1.2799689e+02  1.2785183e+02  1.6007252e+01
1.4900211e+00     94374  1.1803011e+02  1.1790112e+02  1.3563135e+01
1.5921784e+00    112166  1.0875302e+02  1.0863921e+02  1.1531034e+01
1.6991083e+00    134373  1.0024784e+02  1.0014499e+02  9.8287743e+00
1.8110248e+00    159077  9.2221792e+01  9.2130594e+01  8.3978532e+00
1.9277595e+00    188172  8.4633873e+01  8.4552764e+01  7.1947731e+00
2.0497441e+00    222492  7.7496161e+01  7.7423791e+01  6.1778113e+00
2.1771282e+00    261771  7.0966345e+01  7.0901994e+01  5.3160655e+00
2.3098450e+00    306759  6.4992880e+01  6.4935764e+01  4.5851949e+00
2.4484375e+00    360898  5.9039281e+01  5.8988339e+01  3.9620484e+00
2.5937215e+00    425046  5.3765475e+01  5.3719660e+01  3.4275599e+00
2.7470320e+00    505555  4.8900729e+01  4.8858714e+01  2.9656127e+00
2.9094444e+00    600292  4.4400579e+01  4.4362250e+01  2.5648436e+00
3.0813867e+00    712930  4.0140569e+01  4.0105741e+01  2.2175279e+00
3.2634403e+00    846715  3.6304302e+01  3.6272645e+01  1.9166109e+00
3.4562097e+00   1005596  3.2841604e+01  3.2812827e+01  1.6559795e+00
3.6603648e+00   1194719  2.9510413e+01  2.9484411e+01  1.4302864e+00
3.8766358e+00   1419743  2.6493416e+01  2.6469935e+01  1.2348804e+00
4.1057220e+00   1686576  2.3763381e+01  2.3742215e+01  1.0657861e+00
4.3483372e+00   2003484  2.1240914e+01  2.1221905e+01  9.1954669e-01
4.6052142e+00   2378778  1.9030923e+01  1.9013828e+01  7.9314963e-01
4.8773359e+00   2828400  1.7016759e+01  1.7001376e+01  6.8388465e-01
5.1655179e+00   3356890  1.5202593e+01  1.5188814e+01  5.8949474e-01
5.4707002e+00   3990317  1.3581424e+01  1.3569043e+01  5.0798460e-01
5.7939476e+00   4738457  1.2107447e+01  1.2096371e+01  4.3760768e-01
6.1362572e+00   5629661  1.0792347e+01  1.0782430e+01  3.7687671e-01
6.4988210e+00   6687903  9.5996872e+00  9.5908296e+00  3.2447703e-01
6.8828355e+00   7945758  8.5474939e+00  8.5395738e+00  2.7928129e-01
7.2895050e+00   9436555  7.6154358e+00  7.6083554e+00  2.4031762e-01
7.7201584e+00  11210320  6.7661086e+00  6.7597932e+00  2.0673706e-01
8.1762927e+00  13318613  6.0018439e+00  5.9962194e+00  1.7779938e-01
8.6593661e+00  15819192  5.3228827e+00  5.3178776e+00  1.5287280e-01
9.1709925e+00  18795348  4.7184536e+00  4.7139993e+00  1.3140663e-01
9.7128705e+00  22326034  4.1802356e+00  4.1762761e+00  1.1292547e-01
1.0286736e+01  26520842  3.6993531e+00  3.6958372e+00  9.7020137e-02
1.0894484e+01  31503438  3.2746578e+00  3.2715352e+00  8.3335072e-02
1.1538156e+01  37426927  2.8935938e+00  2.8908248e+00  7.1562771e-02
1.2220385e+01  44525830  2.5554577e+00  2.5529977e+00  6.1431841e-02
