# Power spectrum from CO𝘕CEPT job 4775592 at t = 1.8001485 Gyr, a = 0.22222222
#
# Components:
#   0: matter  (upstream grid size 1024)
#
#                           grid size 1024
# ╭────────────────────────────────────────────────────────────────╮
#                         component 0    (corrected)      (linear)
#                        σ₈ = 2.33e-01  σ₈ = 2.34e-01  σ₈ = 2.32e-01
#  k [Mpc⁻¹]    modes       P [Mpc³]       P [Mpc³]       P [Mpc³]
2.4543693e-02         3  4.2816081e+03  4.2816081e+03  4.3055025e+03
4.6570361e-02        25  2.4576608e+03  2.5214833e+03  2.5266488e+03
8.3521561e-02       124  1.0987115e+03  1.0896919e+03  1.1060413e+03
1.3383638e-01       418  5.2132031e+02  5.2986735e+02  5.1530033e+02
1.8592088e-01       730  2.7730337e+02  2.7689629e+02  2.7447083e+02
2.3260504e-01      1012  1.9214876e+02  1.9150318e+02  1.7615976e+02
2.7635505e-01      1408  1.3976390e+02  1.3928049e+02  1.2391971e+02
3.1919121e-01      1841  1.0450727e+02  1.0425225e+02  9.1781574e+01
3.6464415e-01      2698  8.1351917e+01  8.1137506e+01  6.9175403e+01
4.1290034e-01      3532  6.3534296e+01  6.3363967e+01  5.2832607e+01
4.6319578e-01      4702  5.0532987e+01  5.0412385e+01  4.1055172e+01
5.1570195e-01      6019  4.2327201e+01  4.2237251e+01  3.2336577e+01
5.7047444e-01      7766  3.4810819e+01  3.4741516e+01  2.5768568e+01
6.2844883e-01     10012  2.9729232e+01  2.9673372e+01  2.0680848e+01
6.8955465e-01     12589  2.4750007e+01  2.4707205e+01  1.6716219e+01
7.5323141e-01     15650  2.1205749e+01  2.1171590e+01  1.3627131e+01
8.2032763e-01     19757  1.8168330e+01  1.8139906e+01  1.1169185e+01
8.9088605e-01     24241  1.5810045e+01  1.5787016e+01  9.2023853e+00
9.6481958e-01     29993  1.3755244e+01  1.3735978e+01  7.6223170e+00
1.0423453e+00     36494  1.1966398e+01  1.1950578e+01  6.3429412e+00
1.1237267e+00     44825  1.0579113e+01  1.0565487e+01  5.2994650e+00
1.2089588e+00     53906  9.3963191e+00  9.3849029e+00  4.4454745e+00
1.2983336e+00     65729  8.3489684e+00  8.3390436e+00  3.7419572e+00
1.3921058e+00     78746  7.4623867e+00  7.4539293e+00  3.1593706e+00
1.4900211e+00     94374  6.6805446e+00  6.6732440e+00  2.6769737e+00
1.5921784e+00    112166  6.0209305e+00  6.0146298e+00  2.2758968e+00
1.6991083e+00    134373  5.4256182e+00  5.4200519e+00  1.9399207e+00
1.8110248e+00    159077  4.9441832e+00  4.9392938e+00  1.6574989e+00
1.9277595e+00    188172  4.5043894e+00  4.5000727e+00  1.4200461e+00
2.0497441e+00    222492  4.1125029e+00  4.1086624e+00  1.2193276e+00
2.1771282e+00    261771  3.7668158e+00  3.7634001e+00  1.0492441e+00
2.3098450e+00    306759  3.4548699e+00  3.4518337e+00  9.0499160e-01
2.4484375e+00    360898  3.1932763e+00  3.1905209e+00  7.8200061e-01
2.5937215e+00    425046  2.9473435e+00  2.9448320e+00  6.7650809e-01
2.7470320e+00    505555  2.7188539e+00  2.7165179e+00  5.8533311e-01
2.9094444e+00    600292  2.5075797e+00  2.5054151e+00  5.0623286e-01
3.0813867e+00    712930  2.3182592e+00  2.3162478e+00  4.3768274e-01
3.2634403e+00    846715  2.1480278e+00  2.1461547e+00  3.7829035e-01
3.4562097e+00   1005596  1.9929166e+00  1.9911703e+00  3.2684916e-01
3.6603648e+00   1194719  1.8483240e+00  1.8466954e+00  2.8230377e-01
3.8766358e+00   1419743  1.7054311e+00  1.7039196e+00  2.4373615e-01
4.1057220e+00   1686576  1.5781285e+00  1.5767228e+00  2.1036170e-01
4.3483372e+00   2003484  1.4544025e+00  1.4531009e+00  1.8149814e-01
4.6052142e+00   2378778  1.3444326e+00  1.3432249e+00  1.5655087e-01
4.8773359e+00   2828400  1.2402506e+00  1.2391294e+00  1.3498497e-01
5.1655179e+00   3356890  1.1459235e+00  1.1448848e+00  1.1635498e-01
5.4707002e+00   3990317  1.0573593e+00  1.0563954e+00  1.0026708e-01
5.7939476e+00   4738457  9.7654928e-01  9.7565594e-01  8.6376551e-02
6.1362572e+00   5629661  9.0295794e-01  9.0212824e-01  7.4389855e-02
6.4988210e+00   6687903  8.3572292e-01  8.3495180e-01  6.4047516e-02
6.8828355e+00   7945758  7.7585997e-01  7.7514106e-01  5.5127027e-02
7.2895050e+00   9436555  7.2198630e-01  7.2131504e-01  4.7436571e-02
7.7201584e+00  11210320  6.7212728e-01  6.7149992e-01  4.0808584e-02
8.1762927e+00  13318613  6.2688979e-01  6.2630232e-01  3.5096971e-02
8.6593661e+00  15819192  5.8525616e-01  5.8470585e-01  3.0177034e-02
9.1709925e+00  18795348  5.4578520e-01  5.4526997e-01  2.5940084e-02
9.7128705e+00  22326034  5.0747267e-01  5.0699200e-01  2.2292294e-02
1.0286736e+01  26520842  4.7163445e-01  4.7118621e-01  1.9152900e-02
1.0894484e+01  31503438  4.3795053e-01  4.3753292e-01  1.6451727e-02
1.1538156e+01  37426927  4.0600628e-01  4.0561777e-01  1.4128081e-02
1.2220385e+01  44525830  3.7618918e-01  3.7582704e-01  1.2128395e-02
