# Power spectrum from CO𝘕CEPT job 4775592 at t = 7.9073748 Gyr, a = 0.625
#
# Components:
#   0: matter  (upstream grid size 1024)
#
#                           grid size 1024
# ╭────────────────────────────────────────────────────────────────╮
#                         component 0    (corrected)      (linear)
#                        σ₈ = 6.35e-01  σ₈ = 6.37e-01  σ₈ = 6.00e-01
#  k [Mpc⁻¹]    modes       P [Mpc³]       P [Mpc³]       P [Mpc³]
2.4543693e-02         3  2.8362673e+04  2.8362673e+04  2.8958656e+04
4.6570361e-02        25  1.6285137e+04  1.6708042e+04  1.6987176e+04
8.3521561e-02       124  7.5364872e+03  7.4746186e+03  7.4350225e+03
1.3383638e-01       418  3.7645983e+03  3.8263188e+03  3.4637841e+03
1.8592088e-01       730  2.1760911e+03  2.1728966e+03  1.8449302e+03
2.3260504e-01      1012  1.6314169e+03  1.6259357e+03  1.1840985e+03
2.7635505e-01      1408  1.3067501e+03  1.3022303e+03  8.3295227e+02
3.1919121e-01      1841  1.1085362e+03  1.1058311e+03  6.1692787e+02
3.6464415e-01      2698  8.9321111e+02  8.9085696e+02  4.6497539e+02
4.1290034e-01      3532  7.9541355e+02  7.9328112e+02  3.5512386e+02
4.6319578e-01      4702  6.9321111e+02  6.9155669e+02  2.7595950e+02
5.1570195e-01      6019  6.2118813e+02  6.1986803e+02  2.1735580e+02
5.7047444e-01      7766  5.5555348e+02  5.5444746e+02  1.7320772e+02
6.2844883e-01     10012  4.9389526e+02  4.9296726e+02  1.3900969e+02
6.8955465e-01     12589  4.5066435e+02  4.4988498e+02  1.1236074e+02
7.5323141e-01     15650  4.1692179e+02  4.1625019e+02  9.1596908e+01
8.2032763e-01     19757  3.7941320e+02  3.7881963e+02  7.5075405e+01
8.9088605e-01     24241  3.4526397e+02  3.4476107e+02  6.1855233e+01
9.6481958e-01     29993  3.1811218e+02  3.1766662e+02  5.1234542e+01
1.0423453e+00     36494  2.9059008e+02  2.9020592e+02  4.2635008e+01
1.1237267e+00     44825  2.6452506e+02  2.6418436e+02  3.5621113e+01
1.2089588e+00     53906  2.4654106e+02  2.4624152e+02  2.9880878e+01
1.2983336e+00     65729  2.2639068e+02  2.2612156e+02  2.5152075e+01
1.3921058e+00     78746  2.0676646e+02  2.0653213e+02  2.1236126e+01
1.4900211e+00     94374  1.8889358e+02  1.8868715e+02  1.7993620e+01
1.5921784e+00    112166  1.7257564e+02  1.7239505e+02  1.5297719e+01
1.6991083e+00    134373  1.5789727e+02  1.5773527e+02  1.3039404e+01
1.8110248e+00    159077  1.4423138e+02  1.4408875e+02  1.1141062e+01
1.9277595e+00    188172  1.3120314e+02  1.3107740e+02  9.5449879e+00
2.0497441e+00    222492  1.1910074e+02  1.1898952e+02  8.1958284e+00
2.1771282e+00    261771  1.0780937e+02  1.0771161e+02  7.0525872e+00
2.3098450e+00    306759  9.8313530e+01  9.8227132e+01  6.0829728e+00
2.4484375e+00    360898  8.8930627e+01  8.8853893e+01  5.2562712e+00
2.5937215e+00    425046  8.0557703e+01  8.0489059e+01  4.5471884e+00
2.7470320e+00    505555  7.3179393e+01  7.3116518e+01  3.9343432e+00
2.9094444e+00    600292  6.6038080e+01  6.5981074e+01  3.4026602e+00
3.0813867e+00    712930  5.9763421e+01  5.9711567e+01  2.9418916e+00
3.2634403e+00    846715  5.3923879e+01  5.3876858e+01  2.5426780e+00
3.4562097e+00   1005596  4.8570696e+01  4.8528137e+01  2.1969097e+00
3.6603648e+00   1194719  4.3424523e+01  4.3386261e+01  1.8974926e+00
3.8766358e+00   1419743  3.9016685e+01  3.8982105e+01  1.6382560e+00
4.1057220e+00   1686576  3.4831969e+01  3.4800945e+01  1.4139261e+00
4.3483372e+00   2003484  3.1133646e+01  3.1105783e+01  1.2199168e+00
4.6052142e+00   2378778  2.7940585e+01  2.7915488e+01  1.0522314e+00
4.8773359e+00   2828400  2.4985531e+01  2.4962945e+01  9.0727444e-01
5.1655179e+00   3356890  2.2271606e+01  2.2251419e+01  7.8205158e-01
5.4707002e+00   3990317  1.9869996e+01  1.9851882e+01  6.7391577e-01
5.7939476e+00   4738457  1.7713736e+01  1.7697532e+01  5.8054991e-01
6.1362572e+00   5629661  1.5779140e+01  1.5764642e+01  4.9998091e-01
6.4988210e+00   6687903  1.4039605e+01  1.4026651e+01  4.3046468e-01
6.8828355e+00   7945758  1.2492177e+01  1.2480601e+01  3.7050561e-01
7.2895050e+00   9436555  1.1100892e+01  1.1090571e+01  3.1881435e-01
7.7201584e+00  11210320  9.8429026e+00  9.8337152e+00  2.7426462e-01
8.1762927e+00  13318613  8.7318460e+00  8.7236631e+00  2.3587440e-01
8.6593661e+00  15819192  7.7289849e+00  7.7217173e+00  2.0280553e-01
9.1709925e+00  18795348  6.8409100e+00  6.8344521e+00  1.7432743e-01
9.7128705e+00  22326034  6.0499354e+00  6.0442050e+00  1.4980943e-01
1.0286736e+01  26520842  5.3447122e+00  5.3396325e+00  1.2870864e-01
1.0894484e+01  31503438  4.7164821e+00  4.7119846e+00  1.1055339e-01
1.1538156e+01  37426927  4.1639798e+00  4.1599952e+00  9.4935721e-02
1.2220385e+01  44525830  3.6722793e+00  3.6687442e+00  8.1495584e-02
