# Power spectrum from CO𝘕CEPT job 4775592 at t = 1.5383709 Gyr, a = 0.2
#
# Components:
#   0: matter  (upstream grid size 1024)
#
#                           grid size 1024
# ╭────────────────────────────────────────────────────────────────╮
#                         component 0    (corrected)      (linear)
#                        σ₈ = 2.10e-01  σ₈ = 2.10e-01  σ₈ = 2.09e-01
#  k [Mpc⁻¹]    modes       P [Mpc³]       P [Mpc³]       P [Mpc³]
2.4543693e-02         3  3.4807475e+03  3.4807475e+03  3.4981287e+03
4.6570361e-02        25  1.9974440e+03  2.0493152e+03  2.0529103e+03
8.3521561e-02       124  8.9319887e+02  8.8586642e+02  8.9867114e+02
1.3383638e-01       418  4.2194532e+02  4.2886311e+02  4.1868862e+02
1.8592088e-01       730  2.2408882e+02  2.2375986e+02  2.2301155e+02
2.3260504e-01      1012  1.5414180e+02  1.5362391e+02  1.4313242e+02
2.7635505e-01      1408  1.1162276e+02  1.1123668e+02  1.0068662e+02
3.1919121e-01      1841  8.2917902e+01  8.2715560e+01  7.4573918e+01
3.6464415e-01      2698  6.4309732e+01  6.4140238e+01  5.6206067e+01
4.1290034e-01      3532  4.9974961e+01  4.9840983e+01  4.2927299e+01
4.6319578e-01      4702  3.9480671e+01  3.9386446e+01  3.3357956e+01
5.1570195e-01      6019  3.2918962e+01  3.2849005e+01  2.6273965e+01
5.7047444e-01      7766  2.6943521e+01  2.6889881e+01  2.0937358e+01
6.2844883e-01     10012  2.2789002e+01  2.2746182e+01  1.6803507e+01
6.8955465e-01     12589  1.8829233e+01  1.8796670e+01  1.3582186e+01
7.5323141e-01     15650  1.6067261e+01  1.6041378e+01  1.1072255e+01
8.2032763e-01     19757  1.3679028e+01  1.3657628e+01  9.0751356e+00
8.9088605e-01     24241  1.1796198e+01  1.1779016e+01  7.4770810e+00
9.6481958e-01     29993  1.0193834e+01  1.0179557e+01  6.1932512e+00
1.0423453e+00     36494  8.7997757e+00  8.7881425e+00  5.1537386e+00
1.1237267e+00     44825  7.6886105e+00  7.6787078e+00  4.3058982e+00
1.2089588e+00     53906  6.7940427e+00  6.7857882e+00  3.6120178e+00
1.2983336e+00     65729  5.9866610e+00  5.9795444e+00  3.0403991e+00
1.3921058e+00     78746  5.3108880e+00  5.3048690e+00  2.5670385e+00
1.4900211e+00     94374  4.7129211e+00  4.7077707e+00  2.1750836e+00
1.5921784e+00    112166  4.2198683e+00  4.2154523e+00  1.8492024e+00
1.6991083e+00    134373  3.7710262e+00  3.7671573e+00  1.5762166e+00
1.8110248e+00    159077  3.4121481e+00  3.4087738e+00  1.3467445e+00
1.9277595e+00    188172  3.0820165e+00  3.0790629e+00  1.1538104e+00
2.0497441e+00    222492  2.7950646e+00  2.7924544e+00  9.9072353e-01
2.1771282e+00    261771  2.5443749e+00  2.5420677e+00  8.5252807e-01
2.3098450e+00    306759  2.3205529e+00  2.3185136e+00  7.3532062e-01
2.4484375e+00    360898  2.1323974e+00  2.1305575e+00  6.3538852e-01
2.5937215e+00    425046  1.9561087e+00  1.9544419e+00  5.4967420e-01
2.7470320e+00    505555  1.7933914e+00  1.7918505e+00  4.7559309e-01
2.9094444e+00    600292  1.6473267e+00  1.6459046e+00  4.1132289e-01
3.0813867e+00    712930  1.5154213e+00  1.5141064e+00  3.5562484e-01
3.2634403e+00    846715  1.3983599e+00  1.3971405e+00  3.0736758e-01
3.4562097e+00   1005596  1.2924751e+00  1.2913425e+00  2.6557080e-01
3.6603648e+00   1194719  1.1899236e+00  1.1888752e+00  2.2937695e-01
3.8766358e+00   1419743  1.0951842e+00  1.0942135e+00  1.9804015e-01
4.1057220e+00   1686576  1.0100574e+00  1.0091578e+00  1.7092287e-01
4.3483372e+00   2003484  9.3217268e-01  9.3133846e-01  1.4747075e-01
4.6052142e+00   2378778  8.6077340e-01  8.6000021e-01  1.2720069e-01
4.8773359e+00   2828400  7.9542308e-01  7.9470402e-01  1.0967804e-01
5.1655179e+00   3356890  7.3564404e-01  7.3497724e-01  9.4540864e-02
5.4707002e+00   3990317  6.7979393e-01  6.7917423e-01  8.1469176e-02
5.7939476e+00   4738457  6.2802611e-01  6.2745160e-01  7.0182887e-02
6.1362572e+00   5629661  5.8309215e-01  5.8255637e-01  6.0443491e-02
6.4988210e+00   6687903  5.4205386e-01  5.4155371e-01  5.2040161e-02
6.8828355e+00   7945758  5.0639744e-01  5.0592822e-01  4.4792107e-02
7.2895050e+00   9436555  4.7567953e-01  4.7523727e-01  3.8543473e-02
7.7201584e+00  11210320  4.5010495e-01  4.4968482e-01  3.3158113e-02
8.1762927e+00  13318613  4.2743344e-01  4.2703288e-01  2.8517322e-02
8.6593661e+00  15819192  4.0710932e-01  4.0672651e-01  2.4519780e-02
9.1709925e+00  18795348  3.8731241e-01  3.8694678e-01  2.1077176e-02
9.7128705e+00  22326034  3.6799378e-01  3.6764522e-01  1.8113273e-02
1.0286736e+01  26520842  3.4917692e-01  3.4884506e-01  1.5562452e-02
1.0894484e+01  31503438  3.3062880e-01  3.3031352e-01  1.3367692e-02
1.1538156e+01  37426927  3.1253815e-01  3.1223908e-01  1.1479679e-02
1.2220385e+01  44525830  2.9474298e-01  2.9445925e-01  9.8548881e-03
