# Power spectrum from CO𝘕CEPT job 4775592 at t = 2.6137202 Gyr, a = 0.28571429
#
# Components:
#   0: matter  (upstream grid size 1024)
#
#                           grid size 1024
# ╭────────────────────────────────────────────────────────────────╮
#                         component 0    (corrected)      (linear)
#                        σ₈ = 3.00e-01  σ₈ = 3.01e-01  σ₈ = 2.96e-01
#  k [Mpc⁻¹]    modes       P [Mpc³]       P [Mpc³]       P [Mpc³]
2.4543693e-02         3  6.9840011e+03  6.9840011e+03  7.0377306e+03
4.6570361e-02        25  4.0112827e+03  4.1154509e+03  4.1296969e+03
8.3521561e-02       124  1.7943171e+03  1.7795872e+03  1.8077259e+03
1.3383638e-01       418  8.6146043e+02  8.7558407e+02  8.4220536e+02
1.8592088e-01       730  4.6196137e+02  4.6128322e+02  4.4859313e+02
2.3260504e-01      1012  3.2618502e+02  3.2508911e+02  2.8791392e+02
2.7635505e-01      1408  2.4041642e+02  2.3958488e+02  2.0253314e+02
3.1919121e-01      1841  1.8379452e+02  1.8334602e+02  1.5000684e+02
3.6464415e-01      2698  1.4435798e+02  1.4397751e+02  1.1305953e+02
4.1290034e-01      3532  1.1485713e+02  1.1454921e+02  8.6349021e+01
4.6319578e-01      4702  9.3247944e+01  9.3025398e+01  6.7100104e+01
5.1570195e-01      6019  7.8761958e+01  7.8594579e+01  5.2850525e+01
5.7047444e-01      7766  6.5857189e+01  6.5726078e+01  4.2115843e+01
6.2844883e-01     10012  5.7431672e+01  5.7323761e+01  3.3800530e+01
6.8955465e-01     12589  4.9158618e+01  4.9073605e+01  2.7320785e+01
7.5323141e-01     15650  4.2737281e+01  4.2668437e+01  2.2272015e+01
8.2032763e-01     19757  3.7008480e+01  3.6950583e+01  1.8254776e+01
8.9088605e-01     24241  3.2994679e+01  3.2946620e+01  1.5040263e+01
9.6481958e-01     29993  2.9118352e+01  2.9077569e+01  1.2457818e+01
1.0423453e+00     36494  2.5934145e+01  2.5899860e+01  1.0366821e+01
1.1237267e+00     44825  2.3488056e+01  2.3457805e+01  8.6613759e+00
1.2089588e+00     53906  2.1197416e+01  2.1171662e+01  7.2656240e+00
1.2983336e+00     65729  1.9197462e+01  1.9174641e+01  6.1158039e+00
1.3921058e+00     78746  1.7473163e+01  1.7453360e+01  5.1636314e+00
1.4900211e+00     94374  1.5867956e+01  1.5850615e+01  4.3752078e+00
1.5921784e+00    112166  1.4569854e+01  1.4554607e+01  3.7196927e+00
1.6991083e+00    134373  1.3347280e+01  1.3333586e+01  3.1705775e+00
1.8110248e+00    159077  1.2318087e+01  1.2305906e+01  2.7089908e+00
1.9277595e+00    188172  1.1357308e+01  1.1346424e+01  2.3209010e+00
2.0497441e+00    222492  1.0562473e+01  1.0552609e+01  1.9928492e+00
2.1771282e+00    261771  9.7764809e+00  9.7676158e+00  1.7148670e+00
2.3098450e+00    306759  9.0691216e+00  9.0611516e+00  1.4791025e+00
2.4484375e+00    360898  8.4165084e+00  8.4092462e+00  1.2780876e+00
2.5937215e+00    425046  7.8304608e+00  7.8237884e+00  1.1056720e+00
2.7470320e+00    505555  7.2793713e+00  7.2731170e+00  9.5665688e-01
2.9094444e+00    600292  6.7676292e+00  6.7617871e+00  8.2737651e-01
3.0813867e+00    712930  6.2897757e+00  6.2843183e+00  7.1533915e-01
3.2634403e+00    846715  5.8280451e+00  5.8229630e+00  6.1826907e-01
3.4562097e+00   1005596  5.4031373e+00  5.3984028e+00  5.3419433e-01
3.6603648e+00   1194719  5.0004511e+00  4.9960451e+00  4.6139000e-01
3.8766358e+00   1419743  4.6107444e+00  4.6066580e+00  3.9835568e-01
4.1057220e+00   1686576  4.2487053e+00  4.2449210e+00  3.4380899e-01
4.3483372e+00   2003484  3.9025521e+00  3.8990596e+00  2.9663484e-01
4.6052142e+00   2378778  3.5810102e+00  3.5777936e+00  2.5586144e-01
4.8773359e+00   2828400  3.2806105e+00  3.2776448e+00  2.2061451e-01
5.1655179e+00   3356890  2.9994666e+00  2.9967478e+00  1.9016598e-01
5.4707002e+00   3990317  2.7306082e+00  2.7281190e+00  1.6387222e-01
5.7939476e+00   4738457  2.4886099e+00  2.4863333e+00  1.4116981e-01
6.1362572e+00   5629661  2.2627957e+00  2.2607165e+00  1.2157900e-01
6.4988210e+00   6687903  2.0585574e+00  2.0566580e+00  1.0467571e-01
6.8828355e+00   7945758  1.8691028e+00  1.8673709e+00  9.0096262e-02
7.2895050e+00   9436555  1.6928034e+00  1.6912296e+00  7.7527165e-02
7.7201584e+00  11210320  1.5310128e+00  1.5295838e+00  6.6694554e-02
8.1762927e+00  13318613  1.3859306e+00  1.3846318e+00  5.7359651e-02
8.6593661e+00  15819192  1.2547412e+00  1.2535614e+00  4.9318652e-02
9.1709925e+00  18795348  1.1316146e+00  1.1305463e+00  4.2393915e-02
9.7128705e+00  22326034  1.0206244e+00  1.0196577e+00  3.6432092e-02
1.0286736e+01  26520842  9.2054787e-01  9.1967297e-01  3.1301183e-02
1.0894484e+01  31503438  8.2913077e-01  8.2834013e-01  2.6886495e-02
1.1538156e+01  37426927  7.4741241e-01  7.4669720e-01  2.3088829e-02
1.2220385e+01  44525830  6.7367792e-01  6.7302941e-01  1.9820639e-02
