# Power spectrum from CO𝘕CEPT job 4775592 at t = 1.7421462 Gyr, a = 0.2173913
#
# Components:
#   0: matter  (upstream grid size 1024)
#
#                           grid size 1024
# ╭────────────────────────────────────────────────────────────────╮
#                         component 0    (corrected)      (linear)
#                        σ₈ = 2.28e-01  σ₈ = 2.29e-01  σ₈ = 2.27e-01
#  k [Mpc⁻¹]    modes       P [Mpc³]       P [Mpc³]       P [Mpc³]
2.4543693e-02         3  4.1009749e+03  4.1009749e+03  4.1232168e+03
4.6570361e-02        25  2.3538488e+03  2.4149754e+03  2.4196917e+03
8.3521561e-02       124  1.0523397e+03  1.0437008e+03  1.0592231e+03
1.3383638e-01       418  4.9884531e+02  5.0702387e+02  4.9348822e+02
1.8592088e-01       730  2.6524155e+02  2.6485218e+02  2.6285283e+02
2.3260504e-01      1012  1.8350408e+02  1.8288754e+02  1.6870316e+02
2.7635505e-01      1408  1.3334650e+02  1.3288528e+02  1.1867436e+02
3.1919121e-01      1841  9.9559254e+01  9.9316303e+01  8.7896591e+01
3.6464415e-01      2698  7.7440039e+01  7.7235938e+01  6.6247308e+01
4.1290034e-01      3532  6.0410286e+01  6.0248332e+01  5.0596280e+01
4.6319578e-01      4702  4.7975315e+01  4.7860816e+01  3.9317367e+01
5.1570195e-01      6019  4.0148287e+01  4.0062967e+01  3.0967818e+01
5.7047444e-01      7766  3.2983050e+01  3.2917386e+01  2.4677823e+01
6.2844883e-01     10012  2.8111685e+01  2.8058865e+01  1.9805458e+01
6.8955465e-01     12589  2.3361705e+01  2.3321304e+01  1.6008646e+01
7.5323141e-01     15650  1.9998398e+01  1.9966183e+01  1.3050315e+01
8.2032763e-01     19757  1.7113034e+01  1.7086262e+01  1.0696410e+01
8.9088605e-01     24241  1.4862598e+01  1.4840950e+01  8.8128624e+00
9.6481958e-01     29993  1.2912528e+01  1.2894442e+01  7.2996760e+00
1.0423453e+00     36494  1.1214391e+01  1.1199565e+01  6.0744543e+00
1.1237267e+00     44825  9.8902240e+00  9.8774856e+00  5.0751469e+00
1.2089588e+00     53906  8.7748828e+00  8.7642217e+00  4.2573045e+00
1.2983336e+00     65729  7.7826911e+00  7.7734395e+00  3.5835661e+00
1.3921058e+00     78746  6.9454932e+00  6.9376216e+00  3.0256395e+00
1.4900211e+00     94374  6.2067854e+00  6.2000026e+00  2.5636617e+00
1.5921784e+00    112166  5.5857776e+00  5.5799323e+00  2.1795618e+00
1.6991083e+00    134373  5.0252746e+00  5.0201190e+00  1.8578071e+00
1.8110248e+00    159077  4.5734523e+00  4.5689296e+00  1.5873397e+00
1.9277595e+00    188172  4.1592016e+00  4.1552157e+00  1.3599380e+00
2.0497441e+00    222492  3.7916325e+00  3.7880917e+00  1.1677156e+00
2.1771282e+00    261771  3.4688098e+00  3.4656644e+00  1.0048315e+00
2.3098450e+00    306759  3.1784902e+00  3.1756969e+00  8.6668491e-01
2.4484375e+00    360898  2.9345344e+00  2.9320023e+00  7.4889994e-01
2.5937215e+00    425046  2.7049802e+00  2.7026752e+00  6.4787276e-01
2.7470320e+00    505555  2.4928655e+00  2.4907236e+00  5.6055707e-01
2.9094444e+00    600292  2.2979359e+00  2.2959522e+00  4.8480500e-01
3.0813867e+00    712930  2.1230891e+00  2.1212470e+00  4.1915650e-01
3.2634403e+00    846715  1.9657580e+00  1.9640438e+00  3.6227810e-01
3.4562097e+00   1005596  1.8227523e+00  1.8211551e+00  3.1301433e-01
3.6603648e+00   1194719  1.6884419e+00  1.6869542e+00  2.7035447e-01
3.8766358e+00   1419743  1.5562490e+00  1.5548697e+00  2.3341936e-01
4.1057220e+00   1686576  1.4397841e+00  1.4385017e+00  2.0145759e-01
4.3483372e+00   2003484  1.3267354e+00  1.3255481e+00  1.7381577e-01
4.6052142e+00   2378778  1.2264493e+00  1.2253476e+00  1.4992448e-01
4.8773359e+00   2828400  1.1320502e+00  1.1310268e+00  1.2927143e-01
5.1655179e+00   3356890  1.0467190e+00  1.0457703e+00  1.1143001e-01
5.4707002e+00   3990317  9.6625408e-01  9.6537324e-01  9.6023080e-02
5.7939476e+00   4738457  8.9277073e-01  8.9195402e-01  8.2720513e-02
6.1362572e+00   5629661  8.2622433e-01  8.2546514e-01  7.1241190e-02
6.4988210e+00   6687903  7.6549942e-01  7.6479310e-01  6.1336622e-02
6.8828355e+00   7945758  7.1198987e-01  7.1133014e-01  5.2793719e-02
7.2895050e+00   9436555  6.6375943e-01  6.6314231e-01  4.5428783e-02
7.7201584e+00  11210320  6.1979051e-01  6.1921200e-01  3.9081344e-02
8.1762927e+00  13318613  5.8030547e-01  5.7976165e-01  3.3611491e-02
8.6593661e+00  15819192  5.4358804e-01  5.4307691e-01  2.8899804e-02
9.1709925e+00  18795348  5.0885866e-01  5.0837829e-01  2.4842193e-02
9.7128705e+00  22326034  4.7490382e-01  4.7445400e-01  2.1348804e-02
1.0286736e+01  26520842  4.4313717e-01  4.4271600e-01  1.8342292e-02
1.0894484e+01  31503438  4.1310153e-01  4.1270760e-01  1.5755452e-02
1.1538156e+01  37426927  3.8438977e-01  3.8402194e-01  1.3530159e-02
1.2220385e+01  44525830  3.5751111e-01  3.5716696e-01  1.1615113e-02
