# Power spectrum from CO𝘕CEPT job 4775592 at t = 11.278566 Gyr, a = 0.83333333
#
# Components:
#   0: matter  (upstream grid size 1024)
#
#                           grid size 1024
# ╭────────────────────────────────────────────────────────────────╮
#                         component 0    (corrected)      (linear)
#                        σ₈ = 7.99e-01  σ₈ = 8.01e-01  σ₈ = 7.37e-01
#  k [Mpc⁻¹]    modes       P [Mpc³]       P [Mpc³]       P [Mpc³]
2.4543693e-02         3  4.2431606e+04  4.2431606e+04  4.3646499e+04
4.6570361e-02        25  2.4308161e+04  2.4939415e+04  2.5599857e+04
8.3521561e-02       124  1.1629466e+04  1.1533998e+04  1.1204079e+04
1.3383638e-01       418  5.9065941e+03  6.0034326e+03  5.2195985e+03
1.8592088e-01       730  3.5374988e+03  3.5323058e+03  2.7801211e+03
2.3260504e-01      1012  2.6898069e+03  2.6807697e+03  1.7843111e+03
2.7635505e-01      1408  2.2107727e+03  2.2031262e+03  1.2551694e+03
3.1919121e-01      1841  1.9610445e+03  1.9562590e+03  9.2964319e+02
3.6464415e-01      2698  1.6131627e+03  1.6089110e+03  7.0066697e+02
4.1290034e-01      3532  1.4550823e+03  1.4511814e+03  5.3513254e+02
4.6319578e-01      4702  1.2479992e+03  1.2450207e+03  4.1584044e+02
5.1570195e-01      6019  1.1289223e+03  1.1265232e+03  3.2753108e+02
5.7047444e-01      7766  1.0471032e+03  1.0450186e+03  2.6100477e+02
6.2844883e-01     10012  9.4190338e+02  9.4013359e+02  2.0947212e+02
6.8955465e-01     12589  8.5006782e+02  8.4859774e+02  1.6931510e+02
7.5323141e-01     15650  7.8216421e+02  7.8090424e+02  1.3802630e+02
8.2032763e-01     19757  7.1741073e+02  7.1628839e+02  1.1313023e+02
8.9088605e-01     24241  6.6658245e+02  6.6561153e+02  9.3208902e+01
9.6481958e-01     29993  5.9980495e+02  5.9896484e+02  7.7204704e+01
1.0423453e+00     36494  5.5548173e+02  5.5474738e+02  6.4246165e+01
1.1237267e+00     44825  5.0085977e+02  5.0021468e+02  5.3677009e+01
1.2089588e+00     53906  4.5851413e+02  4.5795705e+02  4.5027117e+01
1.2983336e+00     65729  4.1767042e+02  4.1717391e+02  3.7901339e+01
1.3921058e+00     78746  3.7900902e+02  3.7857948e+02  3.2000443e+01
1.4900211e+00     94374  3.4679304e+02  3.4641406e+02  2.7114349e+01
1.5921784e+00    112166  3.1480782e+02  3.1447838e+02  2.3051929e+01
1.6991083e+00    134373  2.8540790e+02  2.8511509e+02  1.9648901e+01
1.8110248e+00    159077  2.5764150e+02  2.5738672e+02  1.6788313e+01
1.9277595e+00    188172  2.3374425e+02  2.3352025e+02  1.4383208e+01
2.0497441e+00    222492  2.1239702e+02  2.1219867e+02  1.2350176e+01
2.1771282e+00    261771  1.9177291e+02  1.9159902e+02  1.0627441e+01
2.3098450e+00    306759  1.7384737e+02  1.7369459e+02  9.1663408e+00
2.4484375e+00    360898  1.5753469e+02  1.5739876e+02  7.9205947e+00
2.5937215e+00    425046  1.4256371e+02  1.4244223e+02  6.8520868e+00
2.7470320e+00    505555  1.2889679e+02  1.2878604e+02  5.9285982e+00
2.9094444e+00    600292  1.1644812e+02  1.1634759e+02  5.1274120e+00
3.0813867e+00    712930  1.0495909e+02  1.0486802e+02  4.4330857e+00
3.2634403e+00    846715  9.4699183e+01  9.4616605e+01  3.8315161e+00
3.4562097e+00   1005596  8.5268254e+01  8.5193538e+01  3.3104825e+00
3.6603648e+00   1194719  7.6742961e+01  7.6675342e+01  2.8592949e+00
3.8766358e+00   1419743  6.8839188e+01  6.8778177e+01  2.4686549e+00
4.1057220e+00   1686576  6.1816249e+01  6.1761189e+01  2.1306152e+00
4.3483372e+00   2003484  5.5440499e+01  5.5390884e+01  1.8382653e+00
4.6052142e+00   2378778  4.9707158e+01  4.9662508e+01  1.5855827e+00
4.8773359e+00   2828400  4.4507593e+01  4.4467358e+01  1.3671492e+00
5.1655179e+00   3356890  3.9604457e+01  3.9568559e+01  1.1784528e+00
5.4707002e+00   3990317  3.5331109e+01  3.5298901e+01  1.0155046e+00
5.7939476e+00   4738457  3.1451504e+01  3.1422733e+01  8.7481308e-01
6.1362572e+00   5629661  2.8025724e+01  2.7999972e+01  7.5340499e-01
6.4988210e+00   6687903  2.4925299e+01  2.4902300e+01  6.4865217e-01
6.8828355e+00   7945758  2.2117897e+01  2.2097403e+01  5.5830091e-01
7.2895050e+00   9436555  1.9671650e+01  1.9653361e+01  4.8040831e-01
7.7201584e+00  11210320  1.7489479e+01  1.7473154e+01  4.1327718e-01
8.1762927e+00  13318613  1.5536417e+01  1.5521858e+01  3.5542774e-01
8.6593661e+00  15819192  1.3796458e+01  1.3783486e+01  3.0559697e-01
9.1709925e+00  18795348  1.2225779e+01  1.2214238e+01  2.6268396e-01
9.7128705e+00  22326034  1.0809752e+01  1.0799513e+01  2.2573836e-01
1.0286736e+01  26520842  9.5583786e+00  9.5492943e+00  1.9394213e-01
1.0894484e+01  31503438  8.4477541e+00  8.4396985e+00  1.6658446e-01
1.1538156e+01  37426927  7.4497443e+00  7.4426155e+00  1.4305064e-01
1.2220385e+01  44525830  6.5770958e+00  6.5707645e+00  1.2279812e-01
