# Power spectrum from CO𝘕CEPT job 4775592 at t = 2.1448041 Gyr, a = 0.25
#
# Components:
#   0: matter  (upstream grid size 1024)
#
#                           grid size 1024
# ╭────────────────────────────────────────────────────────────────╮
#                         component 0    (corrected)      (linear)
#                        σ₈ = 2.62e-01  σ₈ = 2.63e-01  σ₈ = 2.60e-01
#  k [Mpc⁻¹]    modes       P [Mpc³]       P [Mpc³]       P [Mpc³]
2.4543693e-02         3  5.3902586e+03  5.3902586e+03  5.4251438e+03
4.6570361e-02        25  3.0949329e+03  3.1753046e+03  3.1835846e+03
8.3521561e-02       124  1.3836260e+03  1.3722675e+03  1.3935980e+03
1.3383638e-01       418  6.6000834e+02  6.7082917e+02  6.4926945e+02
1.8592088e-01       730  3.5210581e+02  3.5158893e+02  3.4582806e+02
2.3260504e-01      1012  2.4609765e+02  2.4527081e+02  2.2195787e+02
2.7635505e-01      1408  1.8002436e+02  1.7940170e+02  1.5613638e+02
3.1919121e-01      1841  1.3586296e+02  1.3553141e+02  1.1564295e+02
3.6464415e-01      2698  1.0620726e+02  1.0592734e+02  8.7159616e+01
4.1290034e-01      3532  8.3551227e+01  8.3327234e+01  6.6568016e+01
4.6319578e-01      4702  6.7058003e+01  6.6897962e+01  5.1728684e+01
5.1570195e-01      6019  5.6417654e+01  5.6297760e+01  4.0743429e+01
5.7047444e-01      7766  4.6713795e+01  4.6620795e+01  3.2467869e+01
6.2844883e-01     10012  4.0311449e+01  4.0235706e+01  2.6057444e+01
6.8955465e-01     12589  3.3948206e+01  3.3889497e+01  2.1062092e+01
7.5323141e-01     15650  2.9251219e+01  2.9204099e+01  1.7169904e+01
8.2032763e-01     19757  2.5200910e+01  2.5161485e+01  1.4072942e+01
8.9088605e-01     24241  2.2172761e+01  2.2140465e+01  1.1594815e+01
9.6481958e-01     29993  1.9437097e+01  1.9409873e+01  9.6039611e+00
1.0423453e+00     36494  1.7078957e+01  1.7056379e+01  7.9919737e+00
1.1237267e+00     44825  1.5286125e+01  1.5266437e+01  6.6772151e+00
1.2089588e+00     53906  1.3662554e+01  1.3645955e+01  5.6012045e+00
1.2983336e+00     65729  1.2261942e+01  1.2247366e+01  4.7147873e+00
1.3921058e+00     78746  1.1052138e+01  1.1039613e+01  3.9807400e+00
1.4900211e+00     94374  9.9692720e+00  9.9583774e+00  3.3729299e+00
1.5921784e+00    112166  9.0718844e+00  9.0623910e+00  2.8675813e+00
1.6991083e+00    134373  8.2417145e+00  8.2332589e+00  2.4442584e+00
1.8110248e+00    159077  7.5584238e+00  7.5509493e+00  2.0884126e+00
1.9277595e+00    188172  6.9353127e+00  6.9286663e+00  1.7892271e+00
2.0497441e+00    222492  6.3971733e+00  6.3911992e+00  1.5363259e+00
2.1771282e+00    261771  5.8885047e+00  5.8831652e+00  1.3220243e+00
2.3098450e+00    306759  5.4328474e+00  5.4280730e+00  1.1402691e+00
2.4484375e+00    360898  5.0404165e+00  5.0360674e+00  9.8530302e-01
2.5937215e+00    425046  4.6818819e+00  4.6778924e+00  8.5238465e-01
2.7470320e+00    505555  4.3434857e+00  4.3397538e+00  7.3750609e-01
2.9094444e+00    600292  4.0220903e+00  4.0186183e+00  6.3784144e-01
3.0813867e+00    712930  3.7236517e+00  3.7204209e+00  5.5146974e-01
3.2634403e+00    846715  3.4572386e+00  3.4542239e+00  4.7663660e-01
3.4562097e+00   1005596  3.2049483e+00  3.2021400e+00  4.1182180e-01
3.6603648e+00   1194719  2.9719526e+00  2.9693339e+00  3.5569556e-01
3.8766358e+00   1419743  2.7574729e+00  2.7550290e+00  3.0710120e-01
4.1057220e+00   1686576  2.5454595e+00  2.5431922e+00  2.6505012e-01
4.3483372e+00   2003484  2.3571797e+00  2.3550702e+00  2.2868266e-01
4.6052142e+00   2378778  2.1777129e+00  2.1757568e+00  1.9724965e-01
4.8773359e+00   2828400  2.0084741e+00  2.0066584e+00  1.7007710e-01
5.1655179e+00   3356890  1.8490840e+00  1.8474079e+00  1.4660374e-01
5.4707002e+00   3990317  1.6987604e+00  1.6972118e+00  1.2633335e-01
5.7939476e+00   4738457  1.5616683e+00  1.5602397e+00  1.0883161e-01
6.1362572e+00   5629661  1.4337353e+00  1.4324179e+00  9.3728651e-02
6.4988210e+00   6687903  1.3166041e+00  1.3153893e+00  8.0697552e-02
6.8828355e+00   7945758  1.2106079e+00  1.2094862e+00  6.9457954e-02
7.2895050e+00   9436555  1.1115712e+00  1.1105378e+00  5.9768169e-02
7.7201584e+00  11210320  1.0193776e+00  1.0184261e+00  5.1417075e-02
8.1762927e+00  13318613  9.3580253e-01  9.3492557e-01  4.4220592e-02
8.6593661e+00  15819192  8.5714689e-01  8.5634091e-01  3.8021603e-02
9.1709925e+00  18795348  7.8487381e-01  7.8413288e-01  3.2683163e-02
9.7128705e+00  22326034  7.1733015e-01  7.1665070e-01  2.8087051e-02
1.0286736e+01  26520842  6.5551554e-01  6.5489254e-01  2.4131508e-02
1.0894484e+01  31503438  5.9817083e-01  5.9760043e-01  2.0728113e-02
1.1538156e+01  37426927  5.4548686e-01  5.4496488e-01  1.7800394e-02
1.2220385e+01  44525830  4.9723448e-01  4.9675582e-01  1.5280856e-02
