# Power spectrum from CO𝘕CEPT job 4775592 at t = 6.7619795 Gyr, a = 0.55555556
#
# Components:
#   0: matter  (upstream grid size 1024)
#
#                           grid size 1024
# ╭────────────────────────────────────────────────────────────────╮
#                         component 0    (corrected)      (linear)
#                        σ₈ = 5.72e-01  σ₈ = 5.73e-01  σ₈ = 5.46e-01
#  k [Mpc⁻¹]    modes       P [Mpc³]       P [Mpc³]       P [Mpc³]
2.4543693e-02         3  2.3487462e+04  2.3487462e+04  2.3916267e+04
4.6570361e-02        25  1.3492732e+04  1.3843122e+04  1.4030058e+04
8.3521561e-02       124  6.1800783e+03  6.1293448e+03  6.1408682e+03
1.3383638e-01       418  3.0687222e+03  3.1190339e+03  2.8608911e+03
1.8592088e-01       730  1.7483390e+03  1.7457724e+03  1.5238122e+03
2.3260504e-01      1012  1.2999040e+03  1.2955366e+03  9.7800197e+02
2.7635505e-01      1408  1.0240740e+03  1.0205320e+03  6.8797431e+02
3.1919121e-01      1841  8.5323345e+02  8.5115133e+02  5.0954979e+02
3.6464415e-01      2698  6.8431719e+02  6.8251360e+02  3.8404516e+02
4.1290034e-01      3532  6.0383666e+02  6.0221783e+02  2.9331363e+02
4.6319578e-01      4702  5.2095381e+02  5.1971050e+02  2.2792806e+02
5.1570195e-01      6019  4.5780430e+02  4.5683142e+02  1.7952450e+02
5.7047444e-01      7766  4.0121272e+02  4.0041396e+02  1.4306051e+02
6.2844883e-01     10012  3.5525653e+02  3.5458903e+02  1.1481473e+02
6.8955465e-01     12589  3.2510669e+02  3.2454446e+02  9.2804102e+01
7.5323141e-01     15650  2.9748137e+02  2.9700217e+02  7.5654262e+01
8.2032763e-01     19757  2.6418499e+02  2.6377169e+02  6.2008366e+01
8.9088605e-01     24241  2.4343775e+02  2.4308317e+02  5.1089196e+01
9.6481958e-01     29993  2.2403401e+02  2.2372022e+02  4.2317061e+01
1.0423453e+00     36494  2.0266781e+02  2.0239988e+02  3.5214296e+01
1.1237267e+00     44825  1.8757541e+02  1.8733381e+02  2.9421185e+01
1.2089588e+00     53906  1.7365351e+02  1.7344253e+02  2.4680051e+01
1.2983336e+00     65729  1.5928098e+02  1.5909164e+02  2.0774307e+01
1.3921058e+00     78746  1.4663986e+02  1.4647366e+02  1.7539938e+01
1.4900211e+00     94374  1.3443253e+02  1.3428563e+02  1.4861796e+01
1.5921784e+00    112166  1.2376000e+02  1.2363049e+02  1.2635123e+01
1.6991083e+00    134373  1.1366081e+02  1.1354420e+02  1.0769873e+01
1.8110248e+00    159077  1.0430988e+02  1.0420673e+02  9.2019415e+00
1.9277595e+00    188172  9.5132753e+01  9.5041583e+01  7.8836671e+00
2.0497441e+00    222492  8.7030077e+01  8.6948803e+01  6.7693317e+00
2.1771282e+00    261771  7.9731708e+01  7.9659409e+01  5.8250741e+00
2.3098450e+00    306759  7.2930613e+01  7.2866522e+01  5.0242230e+00
2.4484375e+00    360898  6.6053175e+01  6.5996181e+01  4.3414105e+00
2.5937215e+00    425046  5.9960070e+01  5.9908978e+01  3.7557450e+00
2.7470320e+00    505555  5.4332341e+01  5.4285659e+01  3.2495667e+00
2.9094444e+00    600292  4.9347285e+01  4.9304686e+01  2.8104242e+00
3.0813867e+00    712930  4.4659907e+01  4.4621158e+01  2.4298532e+00
3.2634403e+00    846715  4.0233167e+01  4.0198083e+01  2.1001235e+00
3.4562097e+00   1005596  3.6279996e+01  3.6248206e+01  1.8145368e+00
3.6603648e+00   1194719  3.2662068e+01  3.2633289e+01  1.5672338e+00
3.8766358e+00   1419743  2.9398188e+01  2.9372133e+01  1.3531178e+00
4.1057220e+00   1686576  2.6380106e+01  2.6356610e+01  1.1678328e+00
4.3483372e+00   2003484  2.3674970e+01  2.3653783e+01  1.0075911e+00
4.6052142e+00   2378778  2.1243060e+01  2.1223979e+01  8.6909167e-01
4.8773359e+00   2828400  1.8997393e+01  1.8980220e+01  7.4936467e-01
5.1655179e+00   3356890  1.6987983e+01  1.6972584e+01  6.4593702e-01
5.4707002e+00   3990317  1.5209599e+01  1.5195734e+01  5.5662237e-01
5.7939476e+00   4738457  1.3588563e+01  1.3576132e+01  4.7950693e-01
6.1362572e+00   5629661  1.2134654e+01  1.2123504e+01  4.1296105e-01
6.4988210e+00   6687903  1.0815353e+01  1.0805374e+01  3.5554417e-01
6.8828355e+00   7945758  9.6222418e+00  9.6133259e+00  3.0602100e-01
7.2895050e+00   9436555  8.5571850e+00  8.5492290e+00  2.6332663e-01
7.7201584e+00  11210320  7.6029072e+00  7.5958106e+00  2.2653079e-01
8.1762927e+00  13318613  6.7537398e+00  6.7474107e+00  1.9482238e-01
8.6593661e+00  15819192  5.9854305e+00  5.9798024e+00  1.6750913e-01
9.1709925e+00  18795348  5.3036262e+00  5.2986195e+00  1.4398762e-01
9.7128705e+00  22326034  4.6971069e+00  4.6926579e+00  1.2373695e-01
1.0286736e+01  26520842  4.1618412e+00  4.1578858e+00  1.0630872e-01
1.0894484e+01  31503438  3.6795639e+00  3.6760552e+00  9.1313358e-02
1.1538156e+01  37426927  3.2517077e+00  3.2485961e+00  7.8413901e-02
1.2220385e+01  44525830  2.8732036e+00  2.8704377e+00  6.7312976e-02
