# Power spectrum from CO𝘕CEPT job 4775592 at t = 4.0363242 Gyr, a = 0.38461538
#
# Components:
#   0: matter  (upstream grid size 1024)
#
#                           grid size 1024
# ╭────────────────────────────────────────────────────────────────╮
#                         component 0    (corrected)      (linear)
#                        σ₈ = 4.03e-01  σ₈ = 4.04e-01  σ₈ = 3.93e-01
#  k [Mpc⁻¹]    modes       P [Mpc³]       P [Mpc³]       P [Mpc³]
2.4543693e-02         3  1.2273268e+04  1.2273268e+04  1.2413087e+04
4.6570361e-02        25  7.0529044e+03  7.2360599e+03  7.2830931e+03
8.3521561e-02       124  3.1701922e+03  3.1441675e+03  3.1879585e+03
1.3383638e-01       418  1.5453447e+03  1.5706806e+03  1.4852264e+03
1.8592088e-01       730  8.4565756e+02  8.4441615e+02  7.9108933e+02
2.3260504e-01      1012  6.1112685e+02  6.0907359e+02  5.0773242e+02
2.7635505e-01      1408  4.6056784e+02  4.5897485e+02  3.5716423e+02
3.1919121e-01      1841  3.6485363e+02  3.6396329e+02  2.6453474e+02
3.6464415e-01      2698  2.8926492e+02  2.8850253e+02  1.9937864e+02
4.1290034e-01      3532  2.4004221e+02  2.3939868e+02  1.5227506e+02
4.6319578e-01      4702  1.9940612e+02  1.9893022e+02  1.1832989e+02
5.1570195e-01      6019  1.6943310e+02  1.6907303e+02  9.3200984e+01
5.7047444e-01      7766  1.4481265e+02  1.4452435e+02  7.4270548e+01
6.2844883e-01     10012  1.2924102e+02  1.2899818e+02  5.9606631e+01
6.8955465e-01     12589  1.1422821e+02  1.1403067e+02  4.8179711e+01
7.5323141e-01     15650  1.0204246e+02  1.0187809e+02  3.9276292e+01
8.2032763e-01     19757  8.9649314e+01  8.9509063e+01  3.2191961e+01
8.9088605e-01     24241  8.2176214e+01  8.2056519e+01  2.6523222e+01
9.6481958e-01     29993  7.3208034e+01  7.3105497e+01  2.1969126e+01
1.0423453e+00     36494  6.7270463e+01  6.7181531e+01  1.8281690e+01
1.1237267e+00     44825  6.1276553e+01  6.1197630e+01  1.5274168e+01
1.2089588e+00     53906  5.6853212e+01  5.6784138e+01  1.2812785e+01
1.2983336e+00     65729  5.2093514e+01  5.2031588e+01  1.0785098e+01
1.3921058e+00     78746  4.8162966e+01  4.8108381e+01  9.1059590e+00
1.4900211e+00     94374  4.4324654e+01  4.4276215e+01  7.7155884e+00
1.5921784e+00    112166  4.1344330e+01  4.1301065e+01  6.5595996e+00
1.6991083e+00    134373  3.8210036e+01  3.8170835e+01  5.5912452e+00
1.8110248e+00    159077  3.5386759e+01  3.5351765e+01  4.7772455e+00
1.9277595e+00    188172  3.2876763e+01  3.2845256e+01  4.0928565e+00
2.0497441e+00    222492  3.0433955e+01  3.0405534e+01  3.5143433e+00
2.1771282e+00    261771  2.8174827e+01  2.8149279e+01  3.0241269e+00
2.3098450e+00    306759  2.6151815e+01  2.6128833e+01  2.6083608e+00
2.4484375e+00    360898  2.4148429e+01  2.4127592e+01  2.2538750e+00
2.5937215e+00    425046  2.2334502e+01  2.2315471e+01  1.9498235e+00
2.7470320e+00    505555  2.0625159e+01  2.0607438e+01  1.6870382e+00
2.9094444e+00    600292  1.8974528e+01  1.8958148e+01  1.4590548e+00
3.0813867e+00    712930  1.7456877e+01  1.7441730e+01  1.2614792e+00
3.2634403e+00    846715  1.6003941e+01  1.5989985e+01  1.0902981e+00
3.4562097e+00   1005596  1.4622588e+01  1.4609775e+01  9.4203411e-01
3.6603648e+00   1194719  1.3324429e+01  1.3312688e+01  8.1364523e-01
3.8766358e+00   1419743  1.2051806e+01  1.2041125e+01  7.0248559e-01
4.1057220e+00   1686576  1.0973815e+01  1.0964041e+01  6.0629373e-01
4.3483372e+00   2003484  9.9216987e+00  9.9128195e+00  5.2310320e-01
4.6052142e+00   2378778  8.9582287e+00  8.9501819e+00  4.5120027e-01
4.8773359e+00   2828400  8.0907694e+00  8.0834554e+00  3.8904317e-01
5.1655179e+00   3356890  7.2764696e+00  7.2698741e+00  3.3534796e-01
5.4707002e+00   3990317  6.5419850e+00  6.5360214e+00  2.8897959e-01
5.7939476e+00   4738457  5.8633042e+00  5.8579404e+00  2.4894451e-01
6.1362572e+00   5629661  5.2590772e+00  5.2542448e+00  2.1439667e-01
6.4988210e+00   6687903  4.7052623e+00  4.7009208e+00  1.8458821e-01
6.8828355e+00   7945758  4.2037001e+00  4.1998050e+00  1.5887781e-01
7.2895050e+00   9436555  3.7500215e+00  3.7465350e+00  1.3671262e-01
7.7201584e+00  11210320  3.3464706e+00  3.3433470e+00  1.1760969e-01
8.1762927e+00  13318613  2.9785099e+00  2.9757187e+00  1.0114793e-01
8.6593661e+00  15819192  2.6546663e+00  2.6521702e+00  8.6967941e-02
9.1709925e+00  18795348  2.3623691e+00  2.3601391e+00  7.4756460e-02
9.7128705e+00  22326034  2.0986287e+00  2.0966409e+00  6.4243053e-02
1.0286736e+01  26520842  1.8665479e+00  1.8647739e+00  5.5194944e-02
1.0894484e+01  31503438  1.6594853e+00  1.6579028e+00  4.7409870e-02
1.1538156e+01  37426927  1.4733935e+00  1.4719836e+00  4.0712901e-02
1.2220385e+01  44525830  1.3088487e+00  1.3075888e+00  3.4949652e-02
