# Power spectrum from CO𝘕CEPT job 4775592 at t = 2.0675706 Gyr, a = 0.24390244
#
# Components:
#   0: matter  (upstream grid size 1024)
#
#                           grid size 1024
# ╭────────────────────────────────────────────────────────────────╮
#                         component 0    (corrected)      (linear)
#                        σ₈ = 2.56e-01  σ₈ = 2.57e-01  σ₈ = 2.54e-01
#  k [Mpc⁻¹]    modes       P [Mpc³]       P [Mpc³]       P [Mpc³]
2.4543693e-02         3  5.1367415e+03  5.1367415e+03  5.1690589e+03
4.6570361e-02        25  2.9491906e+03  3.0257775e+03  3.0333328e+03
8.3521561e-02       124  1.3184234e+03  1.3076002e+03  1.3278296e+03
1.3383638e-01       418  6.2818384e+02  6.3848291e+02  6.1862882e+02
1.8592088e-01       730  3.3488271e+02  3.3439111e+02  3.2950767e+02
2.3260504e-01      1012  2.3362831e+02  2.3284336e+02  2.1148320e+02
2.7635505e-01      1408  1.7068741e+02  1.7009705e+02  1.4876798e+02
3.1919121e-01      1841  1.2854475e+02  1.2823107e+02  1.1018552e+02
3.6464415e-01      2698  1.0039720e+02  1.0013259e+02  8.3046378e+01
4.1290034e-01      3532  7.8845818e+01  7.8634440e+01  6.3426538e+01
4.6319578e-01      4702  6.3154197e+01  6.3003472e+01  4.9287504e+01
5.1570195e-01      6019  5.3087702e+01  5.2974885e+01  3.8820666e+01
5.7047444e-01      7766  4.3887993e+01  4.3800619e+01  3.0935647e+01
6.2844883e-01     10012  3.7793346e+01  3.7722334e+01  2.4827742e+01
6.8955465e-01     12589  3.1742382e+01  3.1687488e+01  2.0068131e+01
7.5323141e-01     15650  2.7314219e+01  2.7270219e+01  1.6359623e+01
8.2032763e-01     19757  2.3507653e+01  2.3470876e+01  1.3408813e+01
8.9088605e-01     24241  2.0633975e+01  2.0603920e+01  1.1047633e+01
9.6481958e-01     29993  1.8060623e+01  1.8035327e+01  9.1507318e+00
1.0423453e+00     36494  1.5833735e+01  1.5812803e+01  7.6148173e+00
1.1237267e+00     44825  1.4136833e+01  1.4118626e+01  6.3621047e+00
1.2089588e+00     53906  1.2617502e+01  1.2602172e+01  5.3368732e+00
1.2983336e+00     65729  1.1300517e+01  1.1287083e+01  4.4922877e+00
1.3921058e+00     78746  1.0167446e+01  1.0155923e+01  3.7928816e+00
1.4900211e+00     94374  9.1595839e+00  9.1495742e+00  3.2137551e+00
1.5921784e+00    112166  8.3169515e+00  8.3082481e+00  2.7322549e+00
1.6991083e+00    134373  7.5431764e+00  7.5354375e+00  2.3289094e+00
1.8110248e+00    159077  6.9087855e+00  6.9019534e+00  1.9898568e+00
1.9277595e+00    188172  6.3327845e+00  6.3267155e+00  1.7047904e+00
2.0497441e+00    222492  5.8273600e+00  5.8219180e+00  1.4638241e+00
2.1771282e+00    261771  5.3597655e+00  5.3549054e+00  1.2596358e+00
2.3098450e+00    306759  4.9377772e+00  4.9334379e+00  1.0864579e+00
2.4484375e+00    360898  4.5794142e+00  4.5754628e+00  9.3880499e-01
2.5937215e+00    425046  4.2492008e+00  4.2455800e+00  8.1215929e-01
2.7470320e+00    505555  3.9374645e+00  3.9340815e+00  7.0270206e-01
2.9094444e+00    600292  3.6412397e+00  3.6380965e+00  6.0774078e-01
3.0813867e+00    712930  3.3700895e+00  3.3671654e+00  5.2544512e-01
3.2634403e+00    846715  3.1281707e+00  3.1254429e+00  4.5414348e-01
3.4562097e+00   1005596  2.9020673e+00  2.8995244e+00  3.9238741e-01
3.6603648e+00   1194719  2.6934339e+00  2.6910607e+00  3.3890987e-01
3.8766358e+00   1419743  2.4990380e+00  2.4968231e+00  2.9260877e-01
4.1057220e+00   1686576  2.3084556e+00  2.3063995e+00  2.5254215e-01
4.3483372e+00   2003484  2.1372641e+00  2.1353514e+00  2.1789093e-01
4.6052142e+00   2378778  1.9761767e+00  1.9744015e+00  1.8794130e-01
4.8773359e+00   2828400  1.8222597e+00  1.8206124e+00  1.6205107e-01
5.1655179e+00   3356890  1.6777279e+00  1.6762072e+00  1.3968545e-01
5.4707002e+00   3990317  1.5436219e+00  1.5422147e+00  1.2037166e-01
5.7939476e+00   4738457  1.4189489e+00  1.4176509e+00  1.0369585e-01
6.1362572e+00   5629661  1.3047094e+00  1.3035106e+00  8.9305622e-02
6.4988210e+00   6687903  1.2007244e+00  1.1996165e+00  7.6889478e-02
6.8828355e+00   7945758  1.1065509e+00  1.1055256e+00  6.6180292e-02
7.2895050e+00   9436555  1.0183149e+00  1.0173681e+00  5.6947781e-02
7.7201584e+00  11210320  9.3674620e-01  9.3587184e-01  4.8990784e-02
8.1762927e+00  13318613  8.6203818e-01  8.6123034e-01  4.2133910e-02
8.6593661e+00  15819192  7.9272655e-01  7.9198115e-01  3.6227458e-02
9.1709925e+00  18795348  7.2841127e-01  7.2772365e-01  3.1140943e-02
9.7128705e+00  22326034  6.6806869e-01  6.6743590e-01  2.6761725e-02
1.0286736e+01  26520842  6.1210566e-01  6.1152391e-01  2.2992846e-02
1.0894484e+01  31503438  5.6012261e-01  5.5958849e-01  1.9750059e-02
1.1538156e+01  37426927  5.1269435e-01  5.1220374e-01  1.6960498e-02
1.2220385e+01  44525830  4.6896600e-01  4.6851455e-01  1.4559858e-02
