# Power spectrum from CO𝘕CEPT job 4775592 at t = 3.1247268 Gyr, a = 0.32258065
#
# Components:
#   0: matter  (upstream grid size 1024)
#
#                           grid size 1024
# ╭────────────────────────────────────────────────────────────────╮
#                         component 0    (corrected)      (linear)
#                        σ₈ = 3.39e-01  σ₈ = 3.39e-01  σ₈ = 3.33e-01
#  k [Mpc⁻¹]    modes       P [Mpc³]       P [Mpc³]       P [Mpc³]
2.4543693e-02         3  8.8148349e+03  8.8148349e+03  8.8943900e+03
4.6570361e-02        25  5.0641334e+03  5.1956428e+03  5.2189418e+03
8.3521561e-02       124  2.2680888e+03  2.2494696e+03  2.2844945e+03
1.3383638e-01       418  1.0956345e+03  1.1135974e+03  1.0643231e+03
1.8592088e-01       730  5.9149887e+02  5.9063056e+02  5.6690128e+02
2.3260504e-01      1012  4.2161485e+02  4.2019831e+02  3.6384569e+02
2.7635505e-01      1408  3.1325784e+02  3.1217435e+02  2.5594728e+02
3.1919121e-01      1841  2.4277059e+02  2.4217817e+02  1.8956817e+02
3.6464415e-01      2698  1.9145317e+02  1.9094858e+02  1.4287671e+02
4.1290034e-01      3532  1.5449657e+02  1.5408238e+02  1.0912183e+02
4.6319578e-01      4702  1.2671248e+02  1.2641006e+02  8.4796395e+01
5.1570195e-01      6019  1.0730534e+02  1.0707730e+02  6.6788775e+01
5.7047444e-01      7766  9.0647006e+01  9.0466541e+01  5.3223036e+01
6.2844883e-01     10012  7.9749920e+01  7.9600074e+01  4.2714726e+01
6.8955465e-01     12589  6.9314623e+01  6.9194752e+01  3.4526080e+01
7.5323141e-01     15650  6.0899116e+01  6.0801015e+01  2.8145800e+01
8.2032763e-01     19757  5.3018956e+01  5.2936012e+01  2.3069096e+01
8.9088605e-01     24241  4.7855682e+01  4.7785977e+01  1.9006820e+01
9.6481958e-01     29993  4.2395670e+01  4.2336289e+01  1.5743308e+01
1.0423453e+00     36494  3.8272020e+01  3.8221424e+01  1.3100853e+01
1.1237267e+00     44825  3.4887506e+01  3.4842571e+01  1.0945632e+01
1.2089588e+00     53906  3.1886519e+01  3.1847778e+01  9.1817794e+00
1.2983336e+00     65729  2.9024144e+01  2.8989642e+01  7.7287179e+00
1.3921058e+00     78746  2.6658765e+01  2.6628551e+01  6.5254295e+00
1.4900211e+00     94374  2.4403621e+01  2.4376952e+01  5.5290754e+00
1.5921784e+00    112166  2.2597143e+01  2.2573496e+01  4.7006818e+00
1.6991083e+00    134373  2.0714458e+01  2.0693206e+01  4.0067489e+00
1.8110248e+00    159077  1.9201290e+01  1.9182302e+01  3.4234282e+00
1.9277595e+00    188172  1.7787240e+01  1.7770194e+01  2.9329877e+00
2.0497441e+00    222492  1.6540974e+01  1.6525527e+01  2.5184191e+00
2.1771282e+00    261771  1.5422964e+01  1.5408979e+01  2.1671249e+00
2.3098450e+00    306759  1.4314123e+01  1.4301544e+01  1.8691824e+00
2.4484375e+00    360898  1.3342796e+01  1.3331283e+01  1.6151541e+00
2.5937215e+00    425046  1.2406382e+01  1.2395811e+01  1.3972675e+00
2.7470320e+00    505555  1.1518534e+01  1.1508637e+01  1.2089528e+00
2.9094444e+00    600292  1.0663639e+01  1.0654434e+01  1.0455774e+00
3.0813867e+00    712930  9.8832989e+00  9.8747237e+00  9.0399260e-01
3.2634403e+00    846715  9.1525502e+00  9.1445691e+00  7.8132236e-01
3.4562097e+00   1005596  8.4329301e+00  8.4255408e+00  6.7507471e-01
3.6603648e+00   1194719  7.7530277e+00  7.7461964e+00  5.8306980e-01
3.8766358e+00   1419743  7.1083661e+00  7.1020660e+00  5.0341155e-01
4.1057220e+00   1686576  6.5036878e+00  6.4978950e+00  4.3447937e-01
4.3483372e+00   2003484  5.9196225e+00  5.9143248e+00  3.7486408e-01
4.6052142e+00   2378778  5.3975591e+00  5.3927108e+00  3.2333760e-01
4.8773359e+00   2828400  4.8983347e+00  4.8939066e+00  2.7879508e-01
5.1655179e+00   3356890  4.4423418e+00  4.4383152e+00  2.4031645e-01
5.4707002e+00   3990317  4.0185765e+00  4.0149132e+00  2.0708830e-01
5.7939476e+00   4738457  3.6298406e+00  3.6265201e+00  1.7839867e-01
6.1362572e+00   5629661  3.2768420e+00  3.2738311e+00  1.5364124e-01
6.4988210e+00   6687903  2.9510896e+00  2.9483667e+00  1.3228011e-01
6.8828355e+00   7945758  2.6585657e+00  2.6561023e+00  1.1385569e-01
7.2895050e+00   9436555  2.3903927e+00  2.3881703e+00  9.7971811e-02
7.7201584e+00  11210320  2.1473620e+00  2.1453576e+00  8.4282376e-02
8.1762927e+00  13318613  1.9281871e+00  1.9263802e+00  7.2485637e-02
8.6593661e+00  15819192  1.7294278e+00  1.7278017e+00  6.2324041e-02
9.1709925e+00  18795348  1.5482193e+00  1.5467578e+00  5.3573097e-02
9.7128705e+00  22326034  1.3865614e+00  1.3852481e+00  4.6039015e-02
1.0286736e+01  26520842  1.2414355e+00  1.2402556e+00  3.9554981e-02
1.0894484e+01  31503438  1.1094103e+00  1.1083524e+00  3.3976054e-02
1.1538156e+01  37426927  9.9206522e-01  9.9111590e-01  2.9176877e-02
1.2220385e+01  44525830  8.8792643e-01  8.8707168e-01  2.5046812e-02
