# Power spectrum from CO𝘕CEPT job 4775592 at t = 12.44552 Gyr, a = 0.90909091
#
# Components:
#   0: matter  (upstream grid size 1024)
#
#                           grid size 1024
# ╭────────────────────────────────────────────────────────────────╮
#                         component 0    (corrected)      (linear)
#                        σ₈ = 8.49e-01  σ₈ = 8.51e-01  σ₈ = 7.77e-01
#  k [Mpc⁻¹]    modes       P [Mpc³]       P [Mpc³]       P [Mpc³]
2.4543693e-02         3  4.7044166e+04  4.7044166e+04  4.8504872e+04
4.6570361e-02        25  2.6926720e+04  2.7625974e+04  2.8448431e+04
8.3521561e-02       124  1.3034371e+04  1.2927369e+04  1.2450605e+04
1.3383638e-01       418  6.6615193e+03  6.7707348e+03  5.8002831e+03
1.8592088e-01       730  4.0363379e+03  4.0304126e+03  3.0894065e+03
2.3260504e-01      1012  3.0832909e+03  3.0729316e+03  1.9828124e+03
2.7635505e-01      1408  2.5391221e+03  2.5303399e+03  1.3948041e+03
3.1919121e-01      1841  2.2788495e+03  2.2732885e+03  1.0330636e+03
3.6464415e-01      2698  1.8964467e+03  1.8914484e+03  7.7861426e+02
4.1290034e-01      3532  1.7260588e+03  1.7214314e+03  5.9466451e+02
4.6319578e-01      4702  1.4795298e+03  1.4759987e+03  4.6210146e+02
5.1570195e-01      6019  1.3310399e+03  1.3282113e+03  3.6396792e+02
5.7047444e-01      7766  1.2337923e+03  1.2313360e+03  2.9004075e+02
6.2844883e-01     10012  1.1225455e+03  1.1204363e+03  2.3277523e+02
6.8955465e-01     12589  1.0099906e+03  1.0082439e+03  1.8815087e+02
7.5323141e-01     15650  9.2839812e+02  9.2690259e+02  1.5338128e+02
8.2032763e-01     19757  8.5058958e+02  8.4925889e+02  1.2571560e+02
8.9088605e-01     24241  7.8618103e+02  7.8503590e+02  1.0357809e+02
9.6481958e-01     29993  7.0789918e+02  7.0690768e+02  8.5793474e+01
1.0423453e+00     36494  6.5469046e+02  6.5382496e+02  7.1393338e+01
1.1237267e+00     44825  5.9031998e+02  5.8955966e+02  5.9648397e+01
1.2089588e+00     53906  5.4123017e+02  5.4057260e+02  5.0036232e+01
1.2983336e+00     65729  4.9515751e+02  4.9456890e+02  4.2117734e+01
1.3921058e+00     78746  4.5003899e+02  4.4952894e+02  3.5560382e+01
1.4900211e+00     94374  4.1148724e+02  4.1103756e+02  3.0130726e+01
1.5921784e+00    112166  3.7487994e+02  3.7448764e+02  2.5616375e+01
1.6991083e+00    134373  3.3879958e+02  3.3845199e+02  2.1834772e+01
1.8110248e+00    159077  3.0761630e+02  3.0731210e+02  1.8655953e+01
1.9277595e+00    188172  2.7942445e+02  2.7915667e+02  1.5983288e+01
2.0497441e+00    222492  2.5326752e+02  2.5303100e+02  1.3724088e+01
2.1771282e+00    261771  2.3055324e+02  2.3034418e+02  1.1809704e+01
2.3098450e+00    306759  2.0855256e+02  2.0836928e+02  1.0186062e+01
2.4484375e+00    360898  1.8877437e+02  1.8861149e+02  8.8017305e+00
2.5937215e+00    425046  1.7077694e+02  1.7063142e+02  7.6143547e+00
2.7470320e+00    505555  1.5362559e+02  1.5349359e+02  6.5881312e+00
2.9094444e+00    600292  1.3926778e+02  1.3914756e+02  5.6978157e+00
3.0813867e+00    712930  1.2587080e+02  1.2576159e+02  4.9262481e+00
3.2634403e+00    846715  1.1317991e+02  1.1308122e+02  4.2577560e+00
3.4562097e+00   1005596  1.0193019e+02  1.0184088e+02  3.6787591e+00
3.6603648e+00   1194719  9.1538383e+01  9.1457727e+01  3.1773785e+00
3.8766358e+00   1419743  8.2194413e+01  8.2121565e+01  2.7432812e+00
4.1057220e+00   1686576  7.3764594e+01  7.3698893e+01  2.3676358e+00
4.3483372e+00   2003484  6.5998708e+01  6.5939644e+01  2.0427631e+00
4.6052142e+00   2378778  5.9142429e+01  5.9089304e+01  1.7619704e+00
4.8773359e+00   2828400  5.2929140e+01  5.2881292e+01  1.5192370e+00
5.1655179e+00   3356890  4.7290906e+01  4.7248041e+01  1.3095489e+00
5.4707002e+00   3990317  4.2244312e+01  4.2205802e+01  1.1284733e+00
5.7939476e+00   4738457  3.7659711e+01  3.7625260e+01  9.7213044e-01
6.1362572e+00   5629661  3.3615564e+01  3.3584676e+01  8.3721620e-01
6.4988210e+00   6687903  2.9917949e+01  2.9890344e+01  7.2081006e-01
6.8828355e+00   7945758  2.6592205e+01  2.6567564e+01  6.2040760e-01
7.2895050e+00   9436555  2.3669099e+01  2.3647093e+01  5.3384980e-01
7.7201584e+00  11210320  2.1013407e+01  2.0993793e+01  4.5925064e-01
8.1762927e+00  13318613  1.8653888e+01  1.8636407e+01  3.9496572e-01
8.6593661e+00  15819192  1.6549953e+01  1.6534391e+01  3.3959151e-01
9.1709925e+00  18795348  1.4677503e+01  1.4663647e+01  2.9190465e-01
9.7128705e+00  22326034  1.2995124e+01  1.2982815e+01  2.5084905e-01
1.0286736e+01  26520842  1.1494346e+01  1.1483422e+01  2.1551566e-01
1.0894484e+01  31503438  1.0152349e+01  1.0142668e+01  1.8511461e-01
1.1538156e+01  37426927  8.9662488e+00  8.9576689e+00  1.5896280e-01
1.2220385e+01  44525830  7.9063231e+00  7.8987122e+00  1.3645732e-01
