# Power spectrum from CO𝘕CEPT job 4775592 at t = 2.9824877 Gyr, a = 0.3125
#
# Components:
#   0: matter  (upstream grid size 1024)
#
#                           grid size 1024
# ╭────────────────────────────────────────────────────────────────╮
#                         component 0    (corrected)      (linear)
#                        σ₈ = 3.28e-01  σ₈ = 3.29e-01  σ₈ = 3.23e-01
#  k [Mpc⁻¹]    modes       P [Mpc³]       P [Mpc³]       P [Mpc³]
2.4543693e-02         3  8.2964740e+03  8.2964740e+03  8.3681916e+03
4.6570361e-02        25  4.7660310e+03  4.8897991e+03  4.9102440e+03
8.3521561e-02       124  2.1337145e+03  2.1161984e+03  2.1493768e+03
1.3383638e-01       418  1.0290516e+03  1.0459229e+03  1.0013744e+03
1.8592088e-01       730  5.5446616e+02  5.5365221e+02  5.3337249e+02
2.3260504e-01      1012  3.9424111e+02  3.9291654e+02  3.4232646e+02
2.7635505e-01      1408  2.9227265e+02  2.9126175e+02  2.4080960e+02
3.1919121e-01      1841  2.2566769e+02  2.2511701e+02  1.7835641e+02
3.6464415e-01      2698  1.7778348e+02  1.7731491e+02  1.3442646e+02
4.1290034e-01      3532  1.4287987e+02  1.4249682e+02  1.0266797e+02
4.6319578e-01      4702  1.1688604e+02  1.1660708e+02  7.9781231e+01
5.1570195e-01      6019  9.8926185e+01  9.8715956e+01  6.2838647e+01
5.7047444e-01      7766  8.3346618e+01  8.3180688e+01  5.0075236e+01
6.2844883e-01     10012  7.3157968e+01  7.3020508e+01  4.0188425e+01
6.8955465e-01     12589  6.3344186e+01  6.3234640e+01  3.2484086e+01
7.5323141e-01     15650  5.5491870e+01  5.5402480e+01  2.6481158e+01
8.2032763e-01     19757  4.8242197e+01  4.8166725e+01  2.1704708e+01
8.9088605e-01     24241  4.3405494e+01  4.3342271e+01  1.7882690e+01
9.6481958e-01     29993  3.8422757e+01  3.8368941e+01  1.4812193e+01
1.0423453e+00     36494  3.4565408e+01  3.4519713e+01  1.2326023e+01
1.1237267e+00     44825  3.1479634e+01  3.1439089e+01  1.0298270e+01
1.2089588e+00     53906  2.8675501e+01  2.8640661e+01  8.6387373e+00
1.2983336e+00     65729  2.6074544e+01  2.6043548e+01  7.2716150e+00
1.3921058e+00     78746  2.3900180e+01  2.3873094e+01  6.1394933e+00
1.4900211e+00     94374  2.1842554e+01  2.1818684e+01  5.2020671e+00
1.5921784e+00    112166  2.0168469e+01  2.0147364e+01  4.4226676e+00
1.6991083e+00    134373  1.8510274e+01  1.8491283e+01  3.7697763e+00
1.8110248e+00    159077  1.7143133e+01  1.7126180e+01  3.2209553e+00
1.9277595e+00    188172  1.5882444e+01  1.5867223e+01  2.7595212e+00
2.0497441e+00    222492  1.4782135e+01  1.4768330e+01  2.3694716e+00
2.1771282e+00    261771  1.3766130e+01  1.3753647e+01  2.0389542e+00
2.3098450e+00    306759  1.2781043e+01  1.2769811e+01  1.7586331e+00
2.4484375e+00    360898  1.1911504e+01  1.1901226e+01  1.5196289e+00
2.5937215e+00    425046  1.1075093e+01  1.1065656e+01  1.3146289e+00
2.7470320e+00    505555  1.0284983e+01  1.0276146e+01  1.1374517e+00
2.9094444e+00    600292  9.5317159e+00  9.5234878e+00  9.8373892e-01
3.0813867e+00    712930  8.8496948e+00  8.8420163e+00  8.5052789e-01
3.2634403e+00    846715  8.1939752e+00  8.1868301e+00  7.3511278e-01
3.4562097e+00   1005596  7.5548820e+00  7.5482621e+00  6.3514898e-01
3.6603648e+00   1194719  6.9602771e+00  6.9541443e+00  5.4858555e-01
3.8766358e+00   1419743  6.3899901e+00  6.3843267e+00  4.7363855e-01
4.1057220e+00   1686576  5.8617486e+00  5.8565276e+00  4.0878325e-01
4.3483372e+00   2003484  5.3509686e+00  5.3461799e+00  3.5269380e-01
4.6052142e+00   2378778  4.8893375e+00  4.8849456e+00  3.0421476e-01
4.8773359e+00   2828400  4.4479326e+00  4.4439117e+00  2.6230663e-01
5.1655179e+00   3356890  4.0419864e+00  4.0383226e+00  2.2610374e-01
5.4707002e+00   3990317  3.6631307e+00  3.6597914e+00  1.9484082e-01
5.7939476e+00   4738457  3.3136322e+00  3.3106009e+00  1.6784797e-01
6.1362572e+00   5629661  2.9928552e+00  2.9901052e+00  1.4455477e-01
6.4988210e+00   6687903  2.7038759e+00  2.7013810e+00  1.2445700e-01
6.8828355e+00   7945758  2.4399771e+00  2.4377163e+00  1.0712225e-01
7.2895050e+00   9436555  2.1972968e+00  2.1952539e+00  9.2177788e-02
7.7201584e+00  11210320  1.9789644e+00  1.9771172e+00  7.9297981e-02
8.1762927e+00  13318613  1.7786140e+00  1.7769472e+00  6.8198930e-02
8.6593661e+00  15819192  1.5973510e+00  1.5958491e+00  5.8638315e-02
9.1709925e+00  18795348  1.4323727e+00  1.4310205e+00  5.0404921e-02
9.7128705e+00  22326034  1.2857100e+00  1.2844921e+00  4.3316418e-02
1.0286736e+01  26520842  1.1506619e+00  1.1495683e+00  3.7215862e-02
1.0894484e+01  31503438  1.0302511e+00  1.0292687e+00  3.1966882e-02
1.1538156e+01  37426927  9.2333032e-01  9.2244677e-01  2.7451534e-02
1.2220385e+01  44525830  8.2735939e-01  8.2656295e-01  2.3565726e-02
