# Power spectrum from CO𝘕CEPT job 4775592 at t = 4.5281033 Gyr, a = 0.41666667
#
# Components:
#   0: matter  (upstream grid size 1024)
#
#                           grid size 1024
# ╭────────────────────────────────────────────────────────────────╮
#                         component 0    (corrected)      (linear)
#                        σ₈ = 4.36e-01  σ₈ = 4.37e-01  σ₈ = 4.23e-01
#  k [Mpc⁻¹]    modes       P [Mpc³]       P [Mpc³]       P [Mpc³]
2.4543693e-02         3  1.4219356e+04  1.4219356e+04  1.4399333e+04
4.6570361e-02        25  8.1716761e+03  8.3838847e+03  8.4481935e+03
8.3521561e-02       124  3.6825996e+03  3.6523684e+03  3.6979011e+03
1.3383638e-01       418  1.8025002e+03  1.8320522e+03  1.7227950e+03
1.8592088e-01       730  9.9390743e+02  9.9244839e+02  9.1762647e+02
2.3260504e-01      1012  7.2278678e+02  7.2035836e+02  5.8894547e+02
2.7635505e-01      1408  5.4903372e+02  5.4713475e+02  4.1429342e+02
3.1919121e-01      1841  4.3951615e+02  4.3844362e+02  3.0684759e+02
3.6464415e-01      2698  3.4926717e+02  3.4834664e+02  2.3126962e+02
4.1290034e-01      3532  2.9418850e+02  2.9339981e+02  1.7663172e+02
4.6319578e-01      4702  2.4580731e+02  2.4522066e+02  1.3725695e+02
5.1570195e-01      6019  2.0942809e+02  2.0898303e+02  1.0810863e+02
5.7047444e-01      7766  1.7948301e+02  1.7912569e+02  8.6150237e+01
6.2844883e-01     10012  1.6107865e+02  1.6077599e+02  6.9140801e+01
6.8955465e-01     12589  1.4328783e+02  1.4304003e+02  5.5886127e+01
7.5323141e-01     15650  1.2877735e+02  1.2856991e+02  4.5558591e+01
8.2032763e-01     19757  1.1364361e+02  1.1346582e+02  3.7341110e+01
8.9088605e-01     24241  1.0476117e+02  1.0460858e+02  3.0765648e+01
9.6481958e-01     29993  9.3782188e+01  9.3650834e+01  2.5483116e+01
1.0423453e+00     36494  8.6501668e+01  8.6387313e+01  2.1205870e+01
1.1237267e+00     44825  7.8763437e+01  7.8661992e+01  1.7717290e+01
1.2089588e+00     53906  7.3174199e+01  7.3085296e+01  1.4862205e+01
1.2983336e+00     65729  6.7318590e+01  6.7238566e+01  1.2510187e+01
1.3921058e+00     78746  6.2039676e+01  6.1969365e+01  1.0562467e+01
1.4900211e+00     94374  5.7445742e+01  5.7382964e+01  8.9497047e+00
1.5921784e+00    112166  5.3196288e+01  5.3140620e+01  7.6088139e+00
1.6991083e+00    134373  4.9385968e+01  4.9335300e+01  6.4855698e+00
1.8110248e+00    159077  4.5683472e+01  4.5638296e+01  5.5413698e+00
1.9277595e+00    188172  4.2380908e+01  4.2340293e+01  4.7475118e+00
2.0497441e+00    222492  3.9246369e+01  3.9209718e+01  4.0764647e+00
2.1771282e+00    261771  3.6201369e+01  3.6168543e+01  3.5078375e+00
2.3098450e+00    306759  3.3509981e+01  3.3480533e+01  3.0255691e+00
2.4484375e+00    360898  3.0851646e+01  3.0825025e+01  2.6143828e+00
2.5937215e+00    425046  2.8416250e+01  2.8392036e+01  2.2616979e+00
2.7470320e+00    505555  2.6093312e+01  2.6070893e+01  1.9568798e+00
2.9094444e+00    600292  2.3935494e+01  2.3914832e+01  1.6924303e+00
3.0813867e+00    712930  2.1891643e+01  2.1872649e+01  1.4632522e+00
3.2634403e+00    846715  1.9925813e+01  1.9908438e+01  1.2646906e+00
3.4562097e+00   1005596  1.8156457e+01  1.8140548e+01  1.0927116e+00
3.6603648e+00   1194719  1.6466546e+01  1.6452037e+01  9.4378676e-01
3.8766358e+00   1419743  1.4954319e+01  1.4941065e+01  8.1484704e-01
4.1057220e+00   1686576  1.3506361e+01  1.3494331e+01  7.0326923e-01
4.3483372e+00   2003484  1.2185218e+01  1.2174313e+01  6.0677232e-01
4.6052142e+00   2378778  1.0959767e+01  1.0949923e+01  5.2336847e-01
4.8773359e+00   2828400  9.8369179e+00  9.8280254e+00  4.5126931e-01
5.1655179e+00   3356890  8.8271218e+00  8.8191208e+00  3.8898554e-01
5.4707002e+00   3990317  7.9238350e+00  7.9166117e+00  3.3520054e-01
5.7939476e+00   4738457  7.0866570e+00  7.0801741e+00  2.8876185e-01
6.1362572e+00   5629661  6.3411727e+00  6.3353460e+00  2.4868809e-01
6.4988210e+00   6687903  5.6565540e+00  5.6513347e+00  2.1411178e-01
6.8828355e+00   7945758  5.0462074e+00  5.0415317e+00  1.8428902e-01
7.2895050e+00   9436555  4.4970242e+00  4.4928432e+00  1.5857853e-01
7.7201584e+00  11210320  4.0046011e+00  4.0008632e+00  1.3642011e-01
8.1762927e+00  13318613  3.5610828e+00  3.5577456e+00  1.1732532e-01
8.6593661e+00  15819192  3.1627106e+00  3.1597367e+00  1.0087727e-01
9.1709925e+00  18795348  2.8092728e+00  2.8066208e+00  8.6712592e-02
9.7128705e+00  22326034  2.4967158e+00  2.4943510e+00  7.4517597e-02
1.0286736e+01  26520842  2.2173713e+00  2.2152639e+00  6.4022274e-02
1.0894484e+01  31503438  1.9698374e+00  1.9679590e+00  5.4992009e-02
1.1538156e+01  37426927  1.7503283e+00  1.7486534e+00  4.7223892e-02
1.2220385e+01  44525830  1.5514429e+00  1.5499494e+00  4.0538844e-02
