# Power spectrum from CO𝘕CEPT job 4775592 at t = 1.1712857 Gyr, a = 0.16666667
#
# Components:
#   0: matter  (upstream grid size 1024)
#
#                           grid size 1024
# ╭────────────────────────────────────────────────────────────────╮
#                         component 0    (corrected)      (linear)
#                        σ₈ = 1.75e-01  σ₈ = 1.75e-01  σ₈ = 1.74e-01
#  k [Mpc⁻¹]    modes       P [Mpc³]       P [Mpc³]       P [Mpc³]
2.4543693e-02         3  2.4291022e+03  2.4291022e+03  2.4388815e+03
4.6570361e-02        25  1.3933565e+03  1.4295403e+03  1.4313486e+03
8.3521561e-02       124  6.2358492e+02  6.1846578e+02  6.2658918e+02
1.3383638e-01       418  2.9259427e+02  2.9739135e+02  2.9192764e+02
1.8592088e-01       730  1.5523901e+02  1.5501112e+02  1.5549343e+02
2.3260504e-01      1012  1.0555736e+02  1.0520271e+02  9.9798260e+01
2.7635505e-01      1408  7.5948961e+01  7.5686272e+01  7.0203190e+01
3.1919121e-01      1841  5.5970886e+01  5.5834302e+01  5.1996260e+01
3.6464415e-01      2698  4.3159098e+01  4.3045348e+01  3.9189381e+01
4.1290034e-01      3532  3.3327006e+01  3.3237659e+01  2.9930834e+01
4.6319578e-01      4702  2.6106008e+01  2.6043703e+01  2.3258662e+01
5.1570195e-01      6019  2.1579281e+01  2.1533423e+01  1.8319387e+01
5.7047444e-01      7766  1.7549333e+01  1.7514395e+01  1.4598466e+01
6.2844883e-01     10012  1.4612477e+01  1.4585021e+01  1.1716160e+01
6.8955465e-01     12589  1.1978389e+01  1.1957674e+01  9.4701109e+00
7.5323141e-01     15650  1.0152045e+01  1.0135691e+01  7.7200744e+00
8.2032763e-01     19757  8.5372299e+00  8.5238740e+00  6.3275935e+00
8.9088605e-01     24241  7.2664748e+00  7.2558907e+00  5.2133581e+00
9.6481958e-01     29993  6.2114599e+00  6.2027599e+00  4.3182144e+00
1.0423453e+00     36494  5.2986403e+00  5.2916355e+00  3.5934196e+00
1.1237267e+00     44825  4.5479257e+00  4.5420681e+00  3.0022671e+00
1.2089588e+00     53906  3.9866993e+00  3.9818556e+00  2.5184625e+00
1.2983336e+00     65729  3.4698010e+00  3.4656763e+00  2.1199043e+00
1.3921058e+00     78746  3.0391226e+00  3.0356783e+00  1.7898560e+00
1.4900211e+00     94374  2.6626815e+00  2.6597717e+00  1.5165673e+00
1.5921784e+00    112166  2.3530895e+00  2.3506271e+00  1.2893483e+00
1.6991083e+00    134373  2.0743689e+00  2.0722407e+00  1.0990104e+00
1.8110248e+00    159077  1.8466584e+00  1.8448322e+00  9.3901204e-01
1.9277595e+00    188172  1.6479327e+00  1.6463535e+00  8.0448972e-01
2.0497441e+00    222492  1.4785350e+00  1.4771543e+00  6.9077816e-01
2.1771282e+00    261771  1.3275993e+00  1.3263954e+00  5.9442204e-01
2.3098450e+00    306759  1.1970120e+00  1.1959601e+00  5.1269971e-01
2.4484375e+00    360898  1.0812404e+00  1.0803075e+00  4.4302253e-01
2.5937215e+00    425046  9.7782765e-01  9.7699442e-01  3.8325862e-01
2.7470320e+00    505555  8.8440566e-01  8.8364579e-01  3.3160591e-01
2.9094444e+00    600292  8.0190362e-01  8.0121139e-01  2.8679381e-01
3.0813867e+00    712930  7.2895196e-01  7.2831948e-01  2.4795860e-01
3.2634403e+00    846715  6.6521081e-01  6.6463075e-01  2.1431144e-01
3.4562097e+00   1005596  6.0630684e-01  6.0577557e-01  1.8516881e-01
3.6603648e+00   1194719  5.5129978e-01  5.5081402e-01  1.5993281e-01
3.8766358e+00   1419743  5.0248431e-01  5.0203896e-01  1.3808335e-01
4.1057220e+00   1686576  4.5997247e-01  4.5956277e-01  1.1917594e-01
4.3483372e+00   2003484  4.2018484e-01  4.1980880e-01  1.0282404e-01
4.6052142e+00   2378778  3.8471648e-01  3.8437091e-01  8.8690820e-02
4.8773359e+00   2828400  3.5247788e-01  3.5215924e-01  7.6473218e-02
5.1655179e+00   3356890  3.2283835e-01  3.2254572e-01  6.5918872e-02
5.4707002e+00   3990317  2.9611092e-01  2.9584099e-01  5.6804679e-02
5.7939476e+00   4738457  2.7272137e-01  2.7247188e-01  4.8935348e-02
6.1362572e+00   5629661  2.5271895e-01  2.5248673e-01  4.2144580e-02
6.4988210e+00   6687903  2.3554475e-01  2.3532742e-01  3.6285378e-02
6.8828355e+00   7945758  2.2199087e-01  2.2178518e-01  3.1231687e-02
7.2895050e+00   9436555  2.1250757e-01  2.1230999e-01  2.6874837e-02
7.7201584e+00  11210320  2.0689581e-01  2.0670269e-01  2.3119902e-02
8.1762927e+00  13318613  2.0518166e-01  2.0498938e-01  1.9884113e-02
8.6593661e+00  15819192  2.0604823e-01  2.0585448e-01  1.7096828e-02
9.1709925e+00  18795348  2.0775563e-01  2.0755951e-01  1.4696470e-02
9.7128705e+00  22326034  2.0888075e-01  2.0868290e-01  1.2629885e-02
1.0286736e+01  26520842  2.0839938e-01  2.0820131e-01  1.0851320e-02
1.0894484e+01  31503438  2.0613306e-01  2.0593650e-01  9.3210171e-03
1.1538156e+01  37426927  2.0262502e-01  2.0243113e-01  8.0045925e-03
1.2220385e+01  44525830  1.9843159e-01  1.9824058e-01  6.8716988e-03
