# Power spectrum from CO𝘕CEPT job 4775592 at t = 2.2269176 Gyr, a = 0.25641026
#
# Components:
#   0: matter  (upstream grid size 1024)
#
#                           grid size 1024
# ╭────────────────────────────────────────────────────────────────╮
#                         component 0    (corrected)      (linear)
#                        σ₈ = 2.69e-01  σ₈ = 2.70e-01  σ₈ = 2.66e-01
#  k [Mpc⁻¹]    modes       P [Mpc³]       P [Mpc³]       P [Mpc³]
2.4543693e-02         3  5.6627477e+03  5.6627477e+03  5.7005098e+03
4.6570361e-02        25  3.2515901e+03  3.3360299e+03  3.3451473e+03
8.3521561e-02       124  1.4537442e+03  1.4418101e+03  1.4643171e+03
1.3383638e-01       418  6.9428413e+02  7.0566691e+02  6.8221652e+02
1.8592088e-01       730  3.7069526e+02  3.7015108e+02  3.6337695e+02
2.3260504e-01      1012  2.5958490e+02  2.5871275e+02  2.3322100e+02
2.7635505e-01      1408  1.9014404e+02  1.8948638e+02  1.6405942e+02
3.1919121e-01      1841  1.4382431e+02  1.4347334e+02  1.2151118e+02
3.6464415e-01      2698  1.1253313e+02  1.1223654e+02  9.1582472e+01
4.1290034e-01      3532  8.8692861e+01  8.8455084e+01  6.9945964e+01
4.6319578e-01      4702  7.1335303e+01  7.1165053e+01  5.4353619e+01
5.1570195e-01      6019  6.0066627e+01  5.9938979e+01  4.2810924e+01
5.7047444e-01      7766  4.9818946e+01  4.9719764e+01  3.4115427e+01
6.2844883e-01     10012  4.3081667e+01  4.3000719e+01  2.7379710e+01
6.8955465e-01     12589  3.6385577e+01  3.6322653e+01  2.2130872e+01
7.5323141e-01     15650  3.1397194e+01  3.1346617e+01  1.8041178e+01
8.2032763e-01     19757  2.7077135e+01  2.7034775e+01  1.4787062e+01
8.9088605e-01     24241  2.3882065e+01  2.3847279e+01  1.2183185e+01
9.6481958e-01     29993  2.0966628e+01  2.0937261e+01  1.0091306e+01
1.0423453e+00     36494  1.8467324e+01  1.8442910e+01  8.3975199e+00
1.1237267e+00     44825  1.6568997e+01  1.6547656e+01  7.0160449e+00
1.2089588e+00     53906  1.4831929e+01  1.4813908e+01  5.8854330e+00
1.2983336e+00     65729  1.3338582e+01  1.3322726e+01  4.9540351e+00
1.3921058e+00     78746  1.2044555e+01  1.2030904e+01  4.1827392e+00
1.4900211e+00     94374  1.0877319e+01  1.0865433e+01  3.5440862e+00
1.5921784e+00    112166  9.9194630e+00  9.9090826e+00  3.0130941e+00
1.6991083e+00    134373  9.0272742e+00  9.0180127e+00  2.5682900e+00
1.8110248e+00    159077  8.2897208e+00  8.2815230e+00  2.1943871e+00
1.9277595e+00    188172  7.6125781e+00  7.6052827e+00  1.8800196e+00
2.0497441e+00    222492  7.0386947e+00  7.0321215e+00  1.6142852e+00
2.1771282e+00    261771  6.4839372e+00  6.4780577e+00  1.3891090e+00
2.3098450e+00    306759  5.9911281e+00  5.9858631e+00  1.1981308e+00
2.4484375e+00    360898  5.5593256e+00  5.5545288e+00  1.0353011e+00
2.5937215e+00    425046  5.1681879e+00  5.1637840e+00  8.9563789e-01
2.7470320e+00    505555  4.7990535e+00  4.7949302e+00  7.7492991e-01
2.9094444e+00    600292  4.4508583e+00  4.4470162e+00  6.7020787e-01
3.0813867e+00    712930  4.1221041e+00  4.1185276e+00  5.7945331e-01
3.2634403e+00    846715  3.8279471e+00  3.8246091e+00  5.0082282e-01
3.4562097e+00   1005596  3.5465152e+00  3.5434076e+00  4.3271905e-01
3.6603648e+00   1194719  3.2853103e+00  3.2824155e+00  3.7374474e-01
3.8766358e+00   1419743  3.0455768e+00  3.0428775e+00  3.2268451e-01
4.1057220e+00   1686576  2.8093391e+00  2.8068368e+00  2.7849959e-01
4.3483372e+00   2003484  2.5993923e+00  2.5970660e+00  2.4028670e-01
4.6052142e+00   2378778  2.3984408e+00  2.3962864e+00  2.0725866e-01
4.8773359e+00   2828400  2.2101503e+00  2.2081524e+00  1.7870727e-01
5.1655179e+00   3356890  2.0341292e+00  2.0322854e+00  1.5404277e-01
5.4707002e+00   3990317  1.8643967e+00  1.8626971e+00  1.3274379e-01
5.7939476e+00   4738457  1.7125428e+00  1.7109762e+00  1.1435394e-01
6.1362572e+00   5629661  1.5697443e+00  1.5683019e+00  9.8484605e-02
6.4988210e+00   6687903  1.4381281e+00  1.4368011e+00  8.4792261e-02
6.8828355e+00   7945758  1.3185823e+00  1.3173605e+00  7.2982325e-02
7.2895050e+00   9436555  1.2084088e+00  1.2072853e+00  6.2800848e-02
7.7201584e+00  11210320  1.1046765e+00  1.1036454e+00  5.4025990e-02
8.1762927e+00  13318613  1.0108952e+00  1.0099479e+00  4.6464334e-02
8.6593661e+00  15819192  9.2363438e-01  9.2276589e-01  3.9950790e-02
9.1709925e+00  18795348  8.4280633e-01  8.4201071e-01  3.4341462e-02
9.7128705e+00  22326034  7.6780521e-01  7.6707795e-01  2.9512130e-02
1.0286736e+01  26520842  6.9964689e-01  6.9898194e-01  2.5355873e-02
1.0894484e+01  31503438  6.3713048e-01  6.3652293e-01  2.1779781e-02
1.1538156e+01  37426927  5.7940949e-01  5.7885505e-01  1.8703502e-02
1.2220385e+01  44525830  5.2695594e-01  5.2644867e-01  1.6056119e-02
