# Power spectrum from CO𝘕CEPT job 4547568 at t = 8.5936563 Gyr, a = 0.66666667
#
# Components:
#   0: matter  (upstream grid size 1024)
#
#                           grid size 1024
# ╭────────────────────────────────────────────────────────────────╮
#                         component 0    (corrected)      (linear)
#                        σ₈ = 6.24e-01  σ₈ = 6.24e-01  σ₈ = 5.87e-01
#  k [Mpc⁻¹]    modes       P [Mpc³]       P [Mpc³]       P [Mpc³]
2.4543693e-02         3  2.9780073e+04  2.9780073e+04  3.0413236e+04
4.6570361e-02        25  1.6095342e+04  1.6392090e+04  1.6649811e+04
8.3521561e-02       124  7.3518139e+03  7.2360899e+03  7.1747968e+03
1.3383638e-01       418  3.5896483e+03  3.5754122e+03  3.1959073e+03
1.8592088e-01       730  2.0711213e+03  2.1127992e+03  1.7986316e+03
2.3260504e-01      1012  1.5314486e+03  1.5152576e+03  1.0788976e+03
2.7635505e-01      1408  1.2292552e+03  1.2349033e+03  7.9236450e+02
3.1919121e-01      1841  1.0368370e+03  1.0270902e+03  5.5951980e+02
3.6464415e-01      2698  8.3153387e+02  8.3178246e+02  4.3368050e+02
4.1290034e-01      3532  7.3697883e+02  7.3774515e+02  3.2888965e+02
4.6319578e-01      4702  6.4131535e+02  6.3180890e+02  2.4817859e+02
5.1570195e-01      6019  5.7247677e+02  5.7955277e+02  2.0463976e+02
5.7047444e-01      7766  5.0992598e+02  5.0524269e+02  1.5636574e+02
6.2844883e-01     10012  4.5230422e+02  4.4825819e+02  1.2585547e+02
6.8955465e-01     12589  4.1182145e+02  4.1534952e+02  1.0418235e+02
7.5323141e-01     15650  3.8110832e+02  3.8193416e+02  8.3881559e+01
8.2032763e-01     19757  3.4632579e+02  3.4282555e+02  6.7547391e+01
8.9088605e-01     24241  3.1416405e+02  3.1109988e+02  5.5711310e+01
9.6481958e-01     29993  2.8940737e+02  2.8883646e+02  4.6528034e+01
1.0423453e+00     36494  2.6404647e+02  2.6426215e+02  3.8789775e+01
1.1237267e+00     44825  2.4045996e+02  2.4124181e+02  3.2450238e+01
1.2089588e+00     53906  2.2451495e+02  2.2514815e+02  2.7178605e+01
1.2983336e+00     65729  2.0603772e+02  2.0630427e+02  2.2817384e+01
1.3921058e+00     78746  1.8833162e+02  1.8835569e+02  1.9229580e+01
1.4900211e+00     94374  1.7212888e+02  1.7185555e+02  1.6251964e+01
1.5921784e+00    112166  1.5728391e+02  1.5683039e+02  1.3792048e+01
1.6991083e+00    134373  1.4389054e+02  1.4376647e+02  1.1768245e+01
1.8110248e+00    159077  1.3133647e+02  1.3123651e+02  1.0048685e+01
1.9277595e+00    188172  1.1941853e+02  1.1932026e+02  8.6032156e+00
2.0497441e+00    222492  1.0829340e+02  1.0817358e+02  7.3811095e+00
2.1771282e+00    261771  9.8234515e+01  9.8137326e+01  6.3483782e+00
2.3098450e+00    306759  8.9808155e+01  8.9717129e+01  5.4723553e+00
2.4484375e+00    360898  8.1258285e+01  8.1181088e+01  4.7263331e+00
2.5937215e+00    425046  7.3829537e+01  7.3762601e+01  4.0868911e+00
2.7470320e+00    505555  6.7123560e+01  6.7066220e+01  3.5346133e+00
2.9094444e+00    600292  6.0709561e+01  6.0656947e+01  3.0554631e+00
3.0813867e+00    712930  5.5060989e+01  5.5012779e+01  2.6404481e+00
3.2634403e+00    846715  4.9640296e+01  4.9596262e+01  2.2811221e+00
3.4562097e+00   1005596  4.4737270e+01  4.4697383e+01  1.9700604e+00
3.6603648e+00   1194719  4.0115723e+01  4.0080559e+01  1.7008832e+00
3.8766358e+00   1419743  3.6104256e+01  3.6071874e+01  1.4678301e+00
4.1057220e+00   1686576  3.2284564e+01  3.2255841e+01  1.2663738e+00
4.3483372e+00   2003484  2.8938005e+01  2.8911872e+01  1.0921203e+00
4.6052142e+00   2378778  2.5938396e+01  2.5914954e+01  9.4162155e-01
4.8773359e+00   2828400  2.3137536e+01  2.3116455e+01  8.1159069e-01
5.1655179e+00   3356890  2.0658897e+01  2.0640027e+01  6.9930867e-01
5.4707002e+00   3990317  1.8457981e+01  1.8441007e+01  6.0240173e-01
5.7939476e+00   4738457  1.6482198e+01  1.6467204e+01  5.1878388e-01
6.1362572e+00   5629661  1.4706100e+01  1.4692411e+01  4.4660587e-01
6.4988210e+00   6687903  1.3080717e+01  1.3068460e+01  3.8438172e-01
6.8828355e+00   7945758  1.1632983e+01  1.1622001e+01  3.3073076e-01
7.2895050e+00   9436555  1.0354462e+01  1.0344596e+01  2.8449227e-01
7.7201584e+00  11210320  9.1873769e+00  9.1788939e+00  2.4466688e-01
8.1762927e+00  13318613  8.1409734e+00  8.1333368e+00  2.1035190e-01
8.6593661e+00  15819192  7.2170755e+00  7.2101698e+00  1.8079718e-01
9.1709925e+00  18795348  6.3937352e+00  6.3877085e+00  1.5537230e-01
9.7128705e+00  22326034  5.6572124e+00  5.6518278e+00  1.3348231e-01
1.0286736e+01  26520842  5.0017266e+00  4.9968477e+00  1.1464980e-01
1.0894484e+01  31503438  4.4136360e+00  4.4094241e+00  9.8472163e-02
1.1538156e+01  37426927  3.8929790e+00  3.8892509e+00  8.4556574e-02
1.2220385e+01  44525830  3.4305398e+00  3.4272350e+00  7.2581885e-02
