# Power spectrum from CO𝘕CEPT job 4547568 at t = 5.4692525 Gyr, a = 0.47619048
#
# Components:
#   0: matter  (upstream grid size 1024)
#
#                           grid size 1024
# ╭────────────────────────────────────────────────────────────────╮
#                         component 0    (corrected)      (linear)
#                        σ₈ = 4.61e-01  σ₈ = 4.61e-01  σ₈ = 4.45e-01
#  k [Mpc⁻¹]    modes       P [Mpc³]       P [Mpc³]       P [Mpc³]
2.4543693e-02         3  1.7181829e+04  1.7181829e+04  1.7426964e+04
4.6570361e-02        25  9.2879501e+03  9.4591910e+03  9.5418926e+03
8.3521561e-02       124  4.1414588e+03  4.0762686e+03  4.1120726e+03
1.3383638e-01       418  1.9818484e+03  1.9739886e+03  1.8316978e+03
1.8592088e-01       730  1.1043282e+03  1.1265510e+03  1.0308717e+03
2.3260504e-01      1012  7.9202602e+02  7.8365244e+02  6.1836334e+02
2.7635505e-01      1408  6.1099790e+02  6.1380529e+02  4.5413933e+02
3.1919121e-01      1841  4.8876422e+02  4.8416960e+02  3.2068594e+02
3.6464415e-01      2698  3.8809126e+02  3.8820728e+02  2.4856193e+02
4.1290034e-01      3532  3.3023155e+02  3.3057494e+02  1.8850163e+02
4.6319578e-01      4702  2.7646915e+02  2.7237095e+02  1.4224249e+02
5.1570195e-01      6019  2.3626536e+02  2.3918568e+02  1.1728843e+02
5.7047444e-01      7766  2.0232180e+02  2.0046362e+02  8.9620393e+01
6.2844883e-01     10012  1.8144718e+02  1.7982406e+02  7.2133567e+01
6.8955465e-01     12589  1.6214177e+02  1.6353084e+02  5.9711714e+01
7.5323141e-01     15650  1.4603921e+02  1.4635567e+02  4.8076399e+01
8.2032763e-01     19757  1.2892880e+02  1.2762574e+02  3.8714537e+01
8.9088605e-01     24241  1.1910646e+02  1.1794477e+02  3.1930735e+01
9.6481958e-01     29993  1.0717153e+02  1.0696012e+02  2.6667377e+01
1.0423453e+00     36494  9.8855835e+01  9.8936586e+01  2.2232224e+01
1.1237267e+00     44825  9.0169473e+01  9.0462656e+01  1.8598743e+01
1.2089588e+00     53906  8.3467754e+01  8.3703158e+01  1.5577327e+01
1.2983336e+00     65729  7.7022438e+01  7.7122081e+01  1.3077710e+01
1.3921058e+00     78746  7.0561115e+01  7.0570135e+01  1.1021373e+01
1.4900211e+00     94374  6.5527625e+01  6.5423571e+01  9.3147637e+00
1.5921784e+00    112166  6.0492137e+01  6.0317710e+01  7.9048719e+00
1.6991083e+00    134373  5.6102858e+01  5.6054485e+01  6.7449363e+00
1.8110248e+00    159077  5.1952448e+01  5.1912907e+01  5.7593765e+00
1.9277595e+00    188172  4.7931736e+01  4.7892290e+01  4.9309111e+00
2.0497441e+00    222492  4.4404629e+01  4.4355500e+01  4.2304652e+00
2.1771282e+00    261771  4.0958910e+01  4.0918387e+01  3.6385589e+00
2.3098450e+00    306759  3.7679311e+01  3.7641121e+01  3.1364694e+00
2.4484375e+00    360898  3.4774552e+01  3.4741516e+01  2.7088892e+00
2.5937215e+00    425046  3.1937438e+01  3.1908483e+01  2.3423952e+00
2.7470320e+00    505555  2.9271917e+01  2.9246912e+01  2.0258590e+00
2.9094444e+00    600292  2.6756858e+01  2.6733670e+01  1.7512355e+00
3.0813867e+00    712930  2.4449760e+01  2.4428352e+01  1.5133710e+00
3.2634403e+00    846715  2.2170526e+01  2.2150860e+01  1.3074244e+00
3.4562097e+00   1005596  2.0173714e+01  2.0155727e+01  1.1291403e+00
3.6603648e+00   1194719  1.8247676e+01  1.8231680e+01  9.7486214e-01
3.8766358e+00   1419743  1.6483932e+01  1.6469147e+01  8.4128841e-01
4.1057220e+00   1686576  1.4907044e+01  1.4893781e+01  7.2582423e-01
4.3483372e+00   2003484  1.3456154e+01  1.3444002e+01  6.2595127e-01
4.6052142e+00   2378778  1.2086593e+01  1.2075670e+01  5.3969326e-01
4.8773359e+00   2828400  1.0824898e+01  1.0815035e+01  4.6516635e-01
5.1655179e+00   3356890  9.7261414e+00  9.7172574e+00  4.0081212e-01
5.4707002e+00   3990317  8.6943334e+00  8.6863378e+00  3.4527007e-01
5.7939476e+00   4738457  7.7707613e+00  7.7636921e+00  2.9734461e-01
6.1362572e+00   5629661  6.9535522e+00  6.9470794e+00  2.5597586e-01
6.4988210e+00   6687903  6.2029660e+00  6.1971536e+00  2.2031213e-01
6.8828355e+00   7945758  5.5319567e+00  5.5267341e+00  1.8956210e-01
7.2895050e+00   9436555  4.9285954e+00  4.9238993e+00  1.6306050e-01
7.7201584e+00  11210320  4.3795986e+00  4.3755548e+00  1.4023456e-01
8.1762927e+00  13318613  3.8990358e+00  3.8953783e+00  1.2056689e-01
8.6593661e+00  15819192  3.4688741e+00  3.4655549e+00  1.0362755e-01
9.1709925e+00  18795348  3.0761038e+00  3.0732043e+00  8.9055219e-02
9.7128705e+00  22326034  2.7296044e+00  2.7270064e+00  7.6508902e-02
1.0286736e+01  26520842  2.4225619e+00  2.4201988e+00  6.5714970e-02
1.0894484e+01  31503438  2.1469949e+00  2.1449460e+00  5.6442678e-02
1.1538156e+01  37426927  1.9000954e+00  1.8982758e+00  4.8466872e-02
1.2220385e+01  44525830  1.6832716e+00  1.6816500e+00  4.1603490e-02
