# Power spectrum from CO𝘕CEPT job 4547568 at t = 12.445167 Gyr, a = 0.90909091
#
# Components:
#   0: matter  (upstream grid size 1024)
#
#                           grid size 1024
# ╭────────────────────────────────────────────────────────────────╮
#                         component 0    (corrected)      (linear)
#                        σ₈ = 7.89e-01  σ₈ = 7.89e-01  σ₈ = 7.23e-01
#  k [Mpc⁻¹]    modes       P [Mpc³]       P [Mpc³]       P [Mpc³]
2.4543693e-02         3  4.4812277e+04  4.4812277e+04  4.6112475e+04
4.6570361e-02        25  2.4185847e+04  2.4631759e+04  2.5241082e+04
8.3521561e-02       124  1.1439980e+04  1.1259905e+04  1.0876381e+04
1.3383638e-01       418  5.7020172e+03  5.6794037e+03  4.8446329e+03
1.8592088e-01       730  3.4034121e+03  3.4719002e+03  2.7265044e+03
2.3260504e-01      1012  2.5636819e+03  2.5365778e+03  1.6354720e+03
2.7635505e-01      1408  2.1072124e+03  2.1168945e+03  1.2011226e+03
3.1919121e-01      1841  1.8658889e+03  1.8483486e+03  8.4815930e+02
3.6464415e-01      2698  1.5309461e+03  1.5314038e+03  6.5740290e+02
4.1290034e-01      3532  1.3759658e+03  1.3773966e+03  4.9855347e+02
4.6319578e-01      4702  1.1818939e+03  1.1643742e+03  3.7620599e+02
5.1570195e-01      6019  1.0695796e+03  1.0828000e+03  3.1020679e+02
5.7047444e-01      7766  9.9010185e+02  9.8100850e+02  2.3702972e+02
6.2844883e-01     10012  8.8817762e+02  8.8023253e+02  1.9078017e+02
6.8955465e-01     12589  8.0280172e+02  8.0967931e+02  1.5792658e+02
7.5323141e-01     15650  7.3862677e+02  7.4022731e+02  1.2715327e+02
8.2032763e-01     19757  6.7948013e+02  6.7261277e+02  1.0239283e+02
8.9088605e-01     24241  6.3220643e+02  6.2604026e+02  8.4450906e+01
9.6481958e-01     29993  5.6969076e+02  5.6856694e+02  7.0530279e+01
1.0423453e+00     36494  5.2709338e+02  5.2752394e+02  5.8800107e+01
1.1237267e+00     44825  4.7612804e+02  4.7767616e+02  4.9190213e+01
1.2089588e+00     53906  4.3606573e+02  4.3729557e+02  4.1199120e+01
1.2983336e+00     65729  3.9853385e+02  3.9904943e+02  3.4588091e+01
1.3921058e+00     78746  3.6165222e+02  3.6169845e+02  2.9149457e+01
1.4900211e+00     94374  3.3078405e+02  3.3025879e+02  2.4635790e+01
1.5921784e+00    112166  3.0070301e+02  2.9983595e+02  2.0906886e+01
1.6991083e+00    134373  2.7341378e+02  2.7317804e+02  1.7839071e+01
1.8110248e+00    159077  2.4685656e+02  2.4666868e+02  1.5232447e+01
1.9277595e+00    188172  2.2453849e+02  2.2435371e+02  1.3041309e+01
2.0497441e+00    222492  2.0430588e+02  2.0407983e+02  1.1188760e+01
2.1771282e+00    261771  1.8480125e+02  1.8461842e+02  9.6232777e+00
2.3098450e+00    306759  1.6773219e+02  1.6756218e+02  8.2953444e+00
2.4484375e+00    360898  1.5225699e+02  1.5211235e+02  7.1644748e+00
2.5937215e+00    425046  1.3807596e+02  1.3795078e+02  6.1951665e+00
2.7470320e+00    505555  1.2486152e+02  1.2475486e+02  5.3579875e+00
2.9094444e+00    600292  1.1283792e+02  1.1274013e+02  4.6316602e+00
3.0813867e+00    712930  1.0179389e+02  1.0170476e+02  4.0025533e+00
3.2634403e+00    846715  9.1928131e+01  9.1846586e+01  3.4578635e+00
3.4562097e+00   1005596  8.2718177e+01  8.2644427e+01  2.9863360e+00
3.6603648e+00   1194719  7.4687141e+01  7.4621673e+01  2.5782996e+00
3.8766358e+00   1419743  6.6975223e+01  6.6915154e+01  2.2250227e+00
4.1057220e+00   1686576  6.0295678e+01  6.0242034e+01  1.9196422e+00
4.3483372e+00   2003484  5.4115543e+01  5.4066672e+01  1.6554975e+00
4.6052142e+00   2378778  4.8613447e+01  4.8569512e+01  1.4273619e+00
4.8773359e+00   2828400  4.3487733e+01  4.3448110e+01  1.2302529e+00
5.1655179e+00   3356890  3.8852522e+01  3.8817033e+01  1.0600487e+00
5.4707002e+00   3990317  3.4767204e+01  3.4735231e+01  9.1315102e-01
5.7939476e+00   4738457  3.1062484e+01  3.1034226e+01  7.8639785e-01
6.1362572e+00   5629661  2.7716465e+01  2.7690664e+01  6.7698596e-01
6.4988210e+00   6687903  2.4667053e+01  2.4643939e+01  5.8266276e-01
6.8828355e+00   7945758  2.1924657e+01  2.1903959e+01  5.0133537e-01
7.2895050e+00   9436555  1.9518967e+01  1.9500369e+01  4.3124428e-01
7.7201584e+00  11210320  1.7316141e+01  1.7300153e+01  3.7087460e-01
8.1762927e+00  13318613  1.5382369e+01  1.5367940e+01  3.1885795e-01
8.6593661e+00  15819192  1.3634727e+01  1.3621681e+01  2.7405720e-01
9.1709925e+00  18795348  1.2100027e+01  1.2088622e+01  2.3551674e-01
9.7128705e+00  22326034  1.0724442e+01  1.0714234e+01  2.0233470e-01
1.0286736e+01  26520842  9.4859116e+00  9.4766585e+00  1.7378737e-01
1.0894484e+01  31503438  8.3829186e+00  8.3749187e+00  1.4926447e-01
1.1538156e+01  37426927  7.4005726e+00  7.3934856e+00  1.2817053e-01
1.2220385e+01  44525830  6.5243978e+00  6.5181126e+00  1.1001872e-01
