# Power spectrum from CO𝘕CEPT job 4547568 at t = 2.3141157 Gyr, a = 0.26315789
#
# Components:
#   0: matter  (upstream grid size 1024)
#
#                           grid size 1024
# ╭────────────────────────────────────────────────────────────────╮
#                         component 0    (corrected)      (linear)
#                        σ₈ = 2.57e-01  σ₈ = 2.57e-01  σ₈ = 2.54e-01
#  k [Mpc⁻¹]    modes       P [Mpc³]       P [Mpc³]       P [Mpc³]
2.4543693e-02         3  5.6636442e+03  5.6636442e+03  5.7015940e+03
4.6570361e-02        25  3.0571809e+03  3.1135458e+03  3.1225589e+03
8.3521561e-02       124  1.3469084e+03  1.3257069e+03  1.3457784e+03
1.3383638e-01       418  6.2312559e+02  6.2065435e+02  5.9948456e+02
1.8592088e-01       730  3.3545815e+02  3.4220870e+02  3.3739022e+02
2.3260504e-01      1012  2.2736269e+02  2.2495893e+02  2.0238254e+02
2.7635505e-01      1408  1.6911067e+02  1.6988769e+02  1.4863434e+02
3.1919121e-01      1841  1.2492554e+02  1.2375118e+02  1.0495677e+02
3.6464415e-01      2698  9.8209774e+01  9.8239133e+01  8.1351484e+01
4.1290034e-01      3532  7.6746746e+01  7.6826549e+01  6.1694470e+01
4.6319578e-01      4702  6.1246792e+01  6.0338908e+01  4.6554393e+01
5.1570195e-01      6019  5.1565871e+01  5.2203242e+01  3.8387218e+01
5.7047444e-01      7766  4.2409877e+01  4.2020374e+01  2.9331782e+01
6.2844883e-01     10012  3.6496049e+01  3.6169578e+01  2.3608540e+01
6.8955465e-01     12589  3.0600362e+01  3.0862515e+01  1.9543006e+01
7.5323141e-01     15650  2.6287911e+01  2.6344875e+01  1.5734896e+01
8.2032763e-01     19757  2.2580397e+01  2.2352182e+01  1.2670860e+01
8.9088605e-01     24241  1.9789025e+01  1.9596015e+01  1.0450596e+01
9.6481958e-01     29993  1.7292083e+01  1.7257972e+01  8.7279560e+00
1.0423453e+00     36494  1.5132699e+01  1.5145060e+01  7.2763783e+00
1.1237267e+00     44825  1.3490405e+01  1.3534268e+01  6.0871791e+00
1.2089588e+00     53906  1.2025798e+01  1.2059714e+01  5.0983019e+00
1.2983336e+00     65729  1.0750942e+01  1.0764850e+01  4.2802038e+00
1.3921058e+00     78746  9.6636626e+00  9.6648978e+00  3.6071866e+00
1.4900211e+00     94374  8.6919432e+00  8.6781408e+00  3.0486315e+00
1.5921784e+00    112166  7.8782376e+00  7.8555210e+00  2.5871888e+00
1.6991083e+00    134373  7.1372993e+00  7.1311454e+00  2.2075541e+00
1.8110248e+00    159077  6.5253057e+00  6.5203392e+00  1.8849907e+00
1.9277595e+00    188172  5.9745544e+00  5.9696377e+00  1.6138426e+00
2.0497441e+00    222492  5.4934347e+00  5.4873567e+00  1.3845939e+00
2.1771282e+00    261771  5.0441660e+00  5.0391755e+00  1.1908691e+00
2.3098450e+00    306759  4.6435130e+00  4.6388065e+00  1.0265403e+00
2.4484375e+00    360898  4.3017945e+00  4.2977077e+00  8.8659769e-01
2.5937215e+00    425046  3.9885440e+00  3.9849279e+00  7.6664789e-01
2.7470320e+00    505555  3.6916978e+00  3.6885442e+00  6.6304876e-01
2.9094444e+00    600292  3.4106874e+00  3.4077315e+00  5.7316725e-01
3.0813867e+00    712930  3.1532266e+00  3.1504657e+00  4.9531652e-01
3.2634403e+00    846715  2.9250432e+00  2.9224485e+00  4.2791220e-01
3.4562097e+00   1005596  2.7127998e+00  2.7103811e+00  3.6956154e-01
3.6603648e+00   1194719  2.5165976e+00  2.5143917e+00  3.1906775e-01
3.8766358e+00   1419743  2.3327221e+00  2.3306299e+00  2.7535031e-01
4.1057220e+00   1686576  2.1536582e+00  2.1517422e+00  2.3755994e-01
4.3483372e+00   2003484  1.9932258e+00  1.9914258e+00  2.0487241e-01
4.6052142e+00   2378778  1.8421473e+00  1.8404825e+00  1.7664091e-01
4.8773359e+00   2828400  1.6971309e+00  1.6955846e+00  1.5224888e-01
5.1655179e+00   3356890  1.5620070e+00  1.5605803e+00  1.3118626e-01
5.4707002e+00   3990317  1.4365759e+00  1.4352548e+00  1.1300778e-01
5.7939476e+00   4738457  1.3208304e+00  1.3196289e+00  9.7322134e-02
6.1362572e+00   5629661  1.2141592e+00  1.2130290e+00  8.3782432e-02
6.4988210e+00   6687903  1.1178719e+00  1.1168244e+00  7.2109927e-02
6.8828355e+00   7945758  1.0311103e+00  1.0301369e+00  6.2045627e-02
7.2895050e+00   9436555  9.4964114e-01  9.4873630e-01  5.3371797e-02
7.7201584e+00  11210320  8.7513525e-01  8.7432721e-01  4.5900973e-02
8.1762927e+00  13318613  8.0662983e-01  8.0587318e-01  3.9463824e-02
8.6593661e+00  15819192  7.4339507e-01  7.4268375e-01  3.3919630e-02
9.1709925e+00  18795348  6.8453951e-01  6.8389427e-01  2.9150137e-02
9.7128705e+00  22326034  6.2913422e-01  6.2853541e-01  2.5043740e-02
1.0286736e+01  26520842  5.7759583e-01  5.7703242e-01  2.1510885e-02
1.0894484e+01  31503438  5.2976138e-01  5.2925582e-01  1.8476050e-02
1.1538156e+01  37426927  4.8622718e-01  4.8576155e-01  1.5865544e-02
1.2220385e+01  44525830  4.4571151e-01  4.4528213e-01  1.3619126e-02
