# Power spectrum from CO𝘕CEPT job 4547568 at t = 10.261846 Gyr, a = 0.76923077
#
# Components:
#   0: matter  (upstream grid size 1024)
#
#                           grid size 1024
# ╭────────────────────────────────────────────────────────────────╮
#                         component 0    (corrected)      (linear)
#                        σ₈ = 7.00e-01  σ₈ = 7.00e-01  σ₈ = 6.51e-01
#  k [Mpc⁻¹]    modes       P [Mpc³]       P [Mpc³]       P [Mpc³]
2.4543693e-02         3  3.6453820e+04  3.6453820e+04  3.7356387e+04
4.6570361e-02        25  1.9692507e+04  2.0055576e+04  2.0449571e+04
8.3521561e-02       124  9.1303056e+03  8.9865865e+03  8.8119747e+03
1.3383638e-01       418  4.4986535e+03  4.4808123e+03  3.9251299e+03
1.8592088e-01       730  2.6358175e+03  2.6888590e+03  2.2090260e+03
2.3260504e-01      1012  1.9678459e+03  1.9470411e+03  1.3250684e+03
2.7635505e-01      1408  1.6023400e+03  1.6097023e+03  9.7315684e+02
3.1919121e-01      1841  1.3833817e+03  1.3703773e+03  6.8718414e+02
3.6464415e-01      2698  1.1183482e+03  1.1186825e+03  5.3263223e+02
4.1290034e-01      3532  9.9619985e+02  9.9723572e+02  4.0393145e+02
4.6319578e-01      4702  8.6654101e+02  8.5369596e+02  3.0480474e+02
5.1570195e-01      6019  7.8538328e+02  7.9509088e+02  2.5133176e+02
5.7047444e-01      7766  7.1442591e+02  7.0786444e+02  1.9204319e+02
6.2844883e-01     10012  6.3755469e+02  6.3185152e+02  1.5457148e+02
6.8955465e-01     12589  5.8045863e+02  5.8543141e+02  1.2795328e+02
7.5323141e-01     15650  5.3520010e+02  5.3635983e+02  1.0302052e+02
8.2032763e-01     19757  4.9525889e+02  4.9025342e+02  8.2959435e+01
8.9088605e-01     24241  4.5679153e+02  4.5233625e+02  6.8422755e+01
9.6481958e-01     29993  4.1221946e+02  4.1140628e+02  5.7144162e+01
1.0423453e+00     36494  3.8240348e+02  3.8271585e+02  4.7640291e+01
1.1237267e+00     44825  3.4837663e+02  3.4950937e+02  3.9854284e+01
1.2089588e+00     53906  3.2019525e+02  3.2109830e+02  3.3379842e+01
1.2983336e+00     65729  2.9526186e+02  2.9564384e+02  2.8023537e+01
1.3921058e+00     78746  2.7149893e+02  2.7153363e+02  2.3617115e+01
1.4900211e+00     94374  2.4771113e+02  2.4731778e+02  1.9960108e+01
1.5921784e+00    112166  2.2534956e+02  2.2469977e+02  1.6938922e+01
1.6991083e+00    134373  2.0440948e+02  2.0423323e+02  1.4453355e+01
1.8110248e+00    159077  1.8606723e+02  1.8592562e+02  1.2341449e+01
1.9277595e+00    188172  1.7008365e+02  1.6994368e+02  1.0566173e+01
2.0497441e+00    222492  1.5427591e+02  1.5410522e+02  9.0652235e+00
2.1771282e+00    261771  1.3994307e+02  1.3980462e+02  7.7968579e+00
2.3098450e+00    306759  1.2674842e+02  1.2661995e+02  6.7209562e+00
2.4484375e+00    360898  1.1470271e+02  1.1459374e+02  5.8047170e+00
2.5937215e+00    425046  1.0356056e+02  1.0346667e+02  5.0193760e+00
2.7470320e+00    505555  9.3834111e+01  9.3753955e+01  4.3410872e+00
2.9094444e+00    600292  8.4467365e+01  8.4394161e+01  3.7526112e+00
3.0813867e+00    712930  7.5585737e+01  7.5519556e+01  3.2429039e+00
3.2634403e+00    846715  6.8053724e+01  6.7993356e+01  2.8015920e+00
3.4562097e+00   1005596  6.1330231e+01  6.1275550e+01  2.4195567e+00
3.6603648e+00   1194719  5.4945429e+01  5.4897266e+01  2.0889624e+00
3.8766358e+00   1419743  4.9206266e+01  4.9162134e+01  1.8027347e+00
4.1057220e+00   1686576  4.4245431e+01  4.4206067e+01  1.5553129e+00
4.3483372e+00   2003484  3.9609341e+01  3.9573571e+01  1.3413008e+00
4.6052142e+00   2378778  3.5362801e+01  3.5330842e+01  1.1564635e+00
4.8773359e+00   2828400  3.1567485e+01  3.1538723e+01  9.9676410e-01
5.1655179e+00   3356890  2.8176957e+01  2.8151219e+01  8.5886325e-01
5.4707002e+00   3990317  2.5139902e+01  2.5116782e+01  7.3984555e-01
5.7939476e+00   4738457  2.2423132e+01  2.2402733e+01  6.3714905e-01
6.1362572e+00   5629661  1.9972129e+01  1.9953538e+01  5.4850259e-01
6.4988210e+00   6687903  1.7757701e+01  1.7741061e+01  4.7208110e-01
6.8828355e+00   7945758  1.5763957e+01  1.5749074e+01  4.0618892e-01
7.2895050e+00   9436555  1.3987759e+01  1.3974431e+01  3.4940049e-01
7.7201584e+00  11210320  1.2408915e+01  1.2397458e+01  3.0048840e-01
8.1762927e+00  13318613  1.0997126e+01  1.0986811e+01  2.5834402e-01
8.6593661e+00  15819192  9.7333146e+00  9.7240012e+00  2.2204601e-01
9.1709925e+00  18795348  8.6278361e+00  8.6197037e+00  1.9082014e-01
9.7128705e+00  22326034  7.6331315e+00  7.6258662e+00  1.6393570e-01
1.0286736e+01  26520842  6.7478239e+00  6.7412417e+00  1.4080634e-01
1.0894484e+01  31503438  5.9579443e+00  5.9522586e+00  1.2093762e-01
1.1538156e+01  37426927  5.2585920e+00  5.2535562e+00  1.0384706e-01
1.2220385e+01  44525830  4.6343204e+00  4.6298560e+00  8.9140238e-02
