# Power spectrum from CO𝘕CEPT job 4547568 at t = 7.9070419 Gyr, a = 0.625
#
# Components:
#   0: matter  (upstream grid size 1024)
#
#                           grid size 1024
# ╭────────────────────────────────────────────────────────────────╮
#                         component 0    (corrected)      (linear)
#                        σ₈ = 5.90e-01  σ₈ = 5.90e-01  σ₈ = 5.59e-01
#  k [Mpc⁻¹]    modes       P [Mpc³]       P [Mpc³]       P [Mpc³]
2.4543693e-02         3  2.6996610e+04  2.6996610e+04  2.7530453e+04
4.6570361e-02        25  1.4592946e+04  1.4861994e+04  1.5072063e+04
8.3521561e-02       124  6.6263462e+03  6.5220416e+03  6.4949842e+03
1.3383638e-01       418  3.2226955e+03  3.2099146e+03  2.8931061e+03
1.8592088e-01       730  1.8465392e+03  1.8836978e+03  1.6282196e+03
2.3260504e-01      1012  1.3581325e+03  1.3437739e+03  9.7667750e+02
2.7635505e-01      1408  1.0816004e+03  1.0865701e+03  7.1729218e+02
3.1919121e-01      1841  9.0265036e+02  8.9416502e+02  5.0650836e+02
3.6464415e-01      2698  7.2210397e+02  7.2231984e+02  3.9259169e+02
4.1290034e-01      3532  6.3751351e+02  6.3817641e+02  2.9772922e+02
4.6319578e-01      4702  5.5185143e+02  5.4367113e+02  2.2466508e+02
5.1570195e-01      6019  4.8763432e+02  4.9366164e+02  1.8525132e+02
5.7047444e-01      7766  4.2980331e+02  4.2585589e+02  1.4155099e+02
6.2844883e-01     10012  3.8013430e+02  3.7673385e+02  1.1393140e+02
6.8955465e-01     12589  3.4686999e+02  3.4984162e+02  9.4311684e+01
7.5323141e-01     15650  3.1952588e+02  3.2021827e+02  7.5934274e+01
8.2032763e-01     19757  2.8614101e+02  2.8324904e+02  6.1147674e+01
8.9088605e-01     24241  2.6106854e+02  2.5852223e+02  5.0432993e+01
9.6481958e-01     29993  2.4132333e+02  2.4084727e+02  4.2119779e+01
1.0423453e+00     36494  2.1820175e+02  2.1837998e+02  3.5114675e+01
1.1237267e+00     44825  2.0102142e+02  2.0167504e+02  2.9375772e+01
1.2089588e+00     53906  1.8728691e+02  1.8781511e+02  2.4603596e+01
1.2983336e+00     65729  1.7109982e+02  1.7132117e+02  2.0655575e+01
1.3921058e+00     78746  1.5702377e+02  1.5704384e+02  1.7407693e+01
1.4900211e+00     94374  1.4358044e+02  1.4335244e+02  1.4712189e+01
1.5921784e+00    112166  1.3180314e+02  1.3142309e+02  1.2485336e+01
1.6991083e+00    134373  1.2104975e+02  1.2094538e+02  1.0653276e+01
1.8110248e+00    159077  1.1090873e+02  1.1082432e+02  9.0966338e+00
1.9277595e+00    188172  1.0098922e+02  1.0090611e+02  7.7881143e+00
2.0497441e+00    222492  9.1994565e+01  9.1892782e+01  6.6817955e+00
2.1771282e+00    261771  8.4194416e+01  8.4111117e+01  5.7469093e+00
2.3098450e+00    306759  7.7157182e+01  7.7078978e+01  4.9538844e+00
2.4484375e+00    360898  7.0069502e+01  7.0002935e+01  4.2785433e+00
2.5937215e+00    425046  6.3792598e+01  6.3734762e+01  3.6996846e+00
2.7470320e+00    505555  5.7602054e+01  5.7552848e+01  3.1997317e+00
2.9094444e+00    600292  5.2166627e+01  5.2121417e+01  2.7659781e+00
3.0813867e+00    712930  4.7281175e+01  4.7239777e+01  2.3902833e+00
3.2634403e+00    846715  4.2654902e+01  4.2617065e+01  2.0650012e+00
3.4562097e+00   1005596  3.8452206e+01  3.8417922e+01  1.7834108e+00
3.6603648e+00   1194719  3.4520252e+01  3.4489993e+01  1.5397364e+00
3.8766358e+00   1419743  3.1051595e+01  3.1023745e+01  1.3287637e+00
4.1057220e+00   1686576  2.7842224e+01  2.7817453e+01  1.1463941e+00
4.3483372e+00   2003484  2.4981704e+01  2.4959144e+01  9.8865005e-01
4.6052142e+00   2378778  2.2396596e+01  2.2376355e+01  8.5241013e-01
4.8773359e+00   2828400  2.0026891e+01  2.0008644e+01  7.3469887e-01
5.1655179e+00   3356890  1.7862607e+01  1.7846291e+01  6.3305486e-01
5.4707002e+00   3990317  1.5979527e+01  1.5964831e+01  5.4532923e-01
5.7939476e+00   4738457  1.4273216e+01  1.4260232e+01  4.6963362e-01
6.1362572e+00   5629661  1.2719523e+01  1.2707682e+01  4.0429401e-01
6.4988210e+00   6687903  1.1315758e+01  1.1305154e+01  3.4796518e-01
6.8828355e+00   7945758  1.0053405e+01  1.0043914e+01  2.9939728e-01
7.2895050e+00   9436555  8.9429052e+00  8.9343842e+00  2.5753956e-01
7.7201584e+00  11210320  7.9382437e+00  7.9309140e+00  2.2148735e-01
8.1762927e+00  13318613  7.0530885e+00  7.0464724e+00  1.9042347e-01
8.6593661e+00  15819192  6.2575949e+00  6.2516073e+00  1.6366884e-01
9.1709925e+00  18795348  5.5449715e+00  5.5397449e+00  1.4065278e-01
9.7128705e+00  22326034  4.9107627e+00  4.9060886e+00  1.2083670e-01
1.0286736e+01  26520842  4.3446389e+00  4.3404010e+00  1.0378842e-01
1.0894484e+01  31503438  3.8417941e+00  3.8381278e+00  8.9143481e-02
1.1538156e+01  37426927  3.3941755e+00  3.3909252e+00  7.6546276e-02
1.2220385e+01  44525830  2.9926757e+00  2.9897927e+00  6.5706083e-02
