# Power spectrum from CO𝘕CEPT job 4547568 at t = 3.6251479 Gyr, a = 0.35714286
#
# Components:
#   0: matter  (upstream grid size 1024)
#
#                           grid size 1024
# ╭────────────────────────────────────────────────────────────────╮
#                         component 0    (corrected)      (linear)
#                        σ₈ = 3.49e-01  σ₈ = 3.49e-01  σ₈ = 3.41e-01
#  k [Mpc⁻¹]    modes       P [Mpc³]       P [Mpc³]       P [Mpc³]
2.4543693e-02         3  1.0165027e+04  1.0165027e+04  1.0265635e+04
4.6570361e-02        25  5.4916611e+03  5.5929103e+03  5.6214906e+03
8.3521561e-02       124  2.4265046e+03  2.3883093e+03  2.4226870e+03
1.3383638e-01       418  1.1415940e+03  1.1370666e+03  1.0791866e+03
1.8592088e-01       730  6.2211307e+02  6.3463208e+02  6.0736441e+02
2.3260504e-01      1012  4.3383634e+02  4.2924967e+02  3.6432521e+02
2.7635505e-01      1408  3.2730426e+02  3.2880814e+02  2.6756852e+02
3.1919121e-01      1841  2.5107356e+02  2.4871335e+02  1.8894094e+02
3.6464415e-01      2698  1.9843833e+02  1.9849765e+02  1.4644716e+02
4.1290034e-01      3532  1.6036582e+02  1.6053258e+02  1.1106100e+02
4.6319578e-01      4702  1.3136388e+02  1.2941662e+02  8.3806158e+01
5.1570195e-01      6019  1.1129664e+02  1.1267230e+02  6.9103784e+01
5.7047444e-01      7766  9.3871298e+01  9.3009160e+01  5.2802389e+01
6.2844883e-01     10012  8.2659968e+01  8.1920542e+01  4.2499537e+01
6.8955465e-01     12589  7.1920204e+01  7.2536343e+01  3.5180855e+01
7.5323141e-01     15650  6.3290938e+01  6.3428084e+01  2.8325581e+01
8.2032763e-01     19757  5.4982866e+01  5.4427166e+01  2.2809776e+01
8.9088605e-01     24241  4.9756919e+01  4.9271619e+01  1.8812907e+01
9.6481958e-01     29993  4.4044149e+01  4.3957264e+01  1.5711851e+01
1.0423453e+00     36494  3.9806687e+01  3.9839203e+01  1.3098755e+01
1.1237267e+00     44825  3.6245785e+01  3.6363637e+01  1.0957986e+01
1.2089588e+00     53906  3.3164095e+01  3.3257627e+01  9.1778331e+00
1.2983336e+00     65729  3.0193127e+01  3.0232187e+01  7.7051124e+00
1.3921058e+00     78746  2.7740875e+01  2.7744421e+01  6.4935629e+00
1.4900211e+00     94374  2.5398165e+01  2.5357834e+01  5.4880654e+00
1.5921784e+00    112166  2.3561367e+01  2.3493428e+01  4.6573874e+00
1.6991083e+00    134373  2.1552492e+01  2.1533910e+01  3.9739781e+00
1.8110248e+00    159077  1.9973666e+01  1.9958464e+01  3.3933074e+00
1.9277595e+00    188172  1.8480460e+01  1.8465252e+01  2.9051932e+00
2.0497441e+00    222492  1.7151854e+01  1.7132877e+01  2.4925054e+00
2.1771282e+00    261771  1.6003824e+01  1.5987990e+01  2.1437667e+00
2.3098450e+00    306759  1.4834374e+01  1.4819339e+01  1.8479462e+00
2.4484375e+00    360898  1.3805932e+01  1.3792816e+01  1.5960251e+00
2.5937215e+00    425046  1.2834003e+01  1.2822367e+01  1.3800945e+00
2.7470320e+00    505555  1.1914632e+01  1.1904454e+01  1.1935980e+00
2.9094444e+00    600292  1.1004456e+01  1.0994919e+01  1.0317956e+00
3.0813867e+00    712930  1.0190374e+01  1.0181452e+01  8.9165079e-01
3.2634403e+00    846715  9.4234994e+00  9.4151402e+00  7.7031133e-01
3.4562097e+00   1005596  8.6834274e+00  8.6756853e+00  6.6527003e-01
3.6603648e+00   1194719  7.9689252e+00  7.9619400e+00  5.7437250e-01
3.8766358e+00   1419743  7.3034317e+00  7.2968814e+00  4.9567358e-01
4.1057220e+00   1686576  6.6732027e+00  6.6672657e+00  4.2764442e-01
4.3483372e+00   2003484  6.0625811e+00  6.0571062e+00  3.6880128e-01
4.6052142e+00   2378778  5.5192351e+00  5.5142471e+00  3.1797978e-01
4.8773359e+00   2828400  4.9986919e+00  4.9941375e+00  2.7406999e-01
5.1655179e+00   3356890  4.5257638e+00  4.5216299e+00  2.3615373e-01
5.4707002e+00   3990317  4.0890867e+00  4.0853262e+00  2.0342942e-01
5.7939476e+00   4738457  3.6885323e+00  3.6851768e+00  1.7519264e-01
6.1362572e+00   5629661  3.3288014e+00  3.3257027e+00  1.5081894e-01
6.4988210e+00   6687903  2.9953828e+00  2.9925760e+00  1.2980652e-01
6.8828355e+00   7945758  2.6942053e+00  2.6916617e+00  1.1168915e-01
7.2895050e+00   9436555  2.4217597e+00  2.4194522e+00  9.6074861e-02
7.7201584e+00  11210320  2.1737948e+00  2.1717877e+00  8.2626195e-02
8.1762927e+00  13318613  1.9478892e+00  1.9460620e+00  7.1038322e-02
8.6593661e+00  15819192  1.7468589e+00  1.7451874e+00  6.1057922e-02
9.1709925e+00  18795348  1.5630495e+00  1.5615762e+00  5.2472116e-02
9.7128705e+00  22326034  1.3981239e+00  1.3967932e+00  4.5079998e-02
1.0286736e+01  26520842  1.2503658e+00  1.2491461e+00  3.8720350e-02
1.0894484e+01  31503438  1.1170880e+00  1.1160220e+00  3.3257223e-02
1.1538156e+01  37426927  9.9819502e-01  9.9723912e-01  2.8557960e-02
1.2220385e+01  44525830  8.9255410e-01  8.9169426e-01  2.4514117e-02
