# Power spectrum from CO𝘕CEPT job 4547568 at t = 7.3001224 Gyr, a = 0.58823529
#
# Components:
#   0: matter  (upstream grid size 1024)
#
#                           grid size 1024
# ╭────────────────────────────────────────────────────────────────╮
#                         component 0    (corrected)      (linear)
#                        σ₈ = 5.60e-01  σ₈ = 5.60e-01  σ₈ = 5.32e-01
#  k [Mpc⁻¹]    modes       P [Mpc³]       P [Mpc³]       P [Mpc³]
2.4543693e-02         3  2.4532682e+04  2.4532682e+04  2.4984947e+04
4.6570361e-02        25  1.3262127e+04  1.3506640e+04  1.3678855e+04
8.3521561e-02       124  5.9920189e+03  5.8976992e+03  5.8946757e+03
1.3383638e-01       418  2.9036444e+03  2.8921289e+03  2.6257160e+03
1.8592088e-01       730  1.6529767e+03  1.6862401e+03  1.4777361e+03
2.3260504e-01      1012  1.2093672e+03  1.1965814e+03  8.8641132e+02
2.7635505e-01      1408  9.5582375e+02  9.6021552e+02  6.5099898e+02
3.1919121e-01      1841  7.8993830e+02  7.8251250e+02  4.5969619e+02
3.6464415e-01      2698  6.3062136e+02  6.3080988e+02  3.5630789e+02
4.1290034e-01      3532  5.5384229e+02  5.5441818e+02  2.7021274e+02
4.6319578e-01      4702  4.7603729e+02  4.6898081e+02  2.0390129e+02
5.1570195e-01      6019  4.1668632e+02  4.2183670e+02  1.6813020e+02
5.7047444e-01      7766  3.6368968e+02  3.6034946e+02  1.2846870e+02
6.2844883e-01     10012  3.2183238e+02  3.1895347e+02  1.0340174e+02
6.8955465e-01     12589  2.9394935e+02  2.9646761e+02  8.5595307e+01
7.5323141e-01     15650  2.6859622e+02  2.6917824e+02  6.8916356e+01
8.2032763e-01     19757  2.3846094e+02  2.3605087e+02  5.5496349e+01
8.9088605e-01     24241  2.1954985e+02  2.1740848e+02  4.5771930e+01
9.6481958e-01     29993  2.0169543e+02  2.0129755e+02  3.8227031e+01
1.0423453e+00     36494  1.8288095e+02  1.8303034e+02  3.1869346e+01
1.1237267e+00     44825  1.6928313e+02  1.6983355e+02  2.6660838e+01
1.2089588e+00     53906  1.5699979e+02  1.5744258e+02  2.2329711e+01
1.2983336e+00     65729  1.4453034e+02  1.4471732e+02  1.8746570e+01
1.3921058e+00     78746  1.3321389e+02  1.3323091e+02  1.5798861e+01
1.4900211e+00     94374  1.2241228e+02  1.2221789e+02  1.3352478e+01
1.5921784e+00    112166  1.1302628e+02  1.1270037e+02  1.1331432e+01
1.6991083e+00    134373  1.0406164e+02  1.0397191e+02  9.6686928e+00
1.8110248e+00    159077  9.5646663e+01  9.5573865e+01  8.2559169e+00
1.9277595e+00    188172  8.7484092e+01  8.7412096e+01  7.0683320e+00
2.0497441e+00    222492  8.0269080e+01  8.0180269e+01  6.0642601e+00
2.1771282e+00    261771  7.3510085e+01  7.3437357e+01  5.2157769e+00
2.3098450e+00    306759  6.7221363e+01  6.7153230e+01  4.4960440e+00
2.4484375e+00    360898  6.1015187e+01  6.0957222e+01  3.8831185e+00
2.5937215e+00    425046  5.5522008e+01  5.5471670e+01  3.3577584e+00
2.7470320e+00    505555  5.0392097e+01  5.0349051e+01  2.9040116e+00
2.9094444e+00    600292  4.5785706e+01  4.5746026e+01  2.5103459e+00
3.0813867e+00    712930  4.1332794e+01  4.1296604e+01  2.1693730e+00
3.2634403e+00    846715  3.7280431e+01  3.7247362e+01  1.8741538e+00
3.4562097e+00   1005596  3.3661807e+01  3.3631794e+01  1.6185881e+00
3.6603648e+00   1194719  3.0320718e+01  3.0294140e+01  1.3974343e+00
3.8766358e+00   1419743  2.7219798e+01  2.7195385e+01  1.2059598e+00
4.1057220e+00   1686576  2.4398817e+01  2.4377110e+01  1.0404449e+00
4.3483372e+00   2003484  2.1856197e+01  2.1836459e+01  8.9727967e-01
4.6052142e+00   2378778  1.9607740e+01  1.9590020e+01  7.7363112e-01
4.8773359e+00   2828400  1.7541203e+01  1.7525221e+01  6.6679880e-01
5.1655179e+00   3356890  1.5682004e+01  1.5667680e+01  5.7454877e-01
5.4707002e+00   3990317  1.4009305e+01  1.3996421e+01  4.9493078e-01
5.7939476e+00   4738457  1.2487057e+01  1.2475698e+01  4.2623098e-01
6.1362572e+00   5629661  1.1136717e+01  1.1126350e+01  3.6693006e-01
6.4988210e+00   6687903  9.9061551e+00  9.8968727e+00  3.1580715e-01
6.8828355e+00   7945758  8.8121658e+00  8.8038464e+00  2.7172790e-01
7.2895050e+00   9436555  7.8434060e+00  7.8359326e+00  2.3373867e-01
7.7201584e+00  11210320  6.9719922e+00  6.9655547e+00  2.0101840e-01
8.1762927e+00  13318613  6.1851465e+00  6.1793445e+00  1.7282543e-01
8.6593661e+00  15819192  5.4876812e+00  5.4824303e+00  1.4854345e-01
9.1709925e+00  18795348  4.8635719e+00  4.8589876e+00  1.2765452e-01
9.7128705e+00  22326034  4.3066422e+00  4.3025431e+00  1.0966982e-01
1.0286736e+01  26520842  3.8115142e+00  3.8077962e+00  9.4197121e-02
1.0894484e+01  31503438  3.3728361e+00  3.3696173e+00  8.0905650e-02
1.1538156e+01  37426927  2.9831679e+00  2.9803111e+00  6.9472657e-02
1.2220385e+01  44525830  2.6324945e+00  2.6299585e+00  5.9634293e-02
