# Power spectrum from CO𝘕CEPT job 4547568 at t = 4.0360452 Gyr, a = 0.38461538
#
# Components:
#   0: matter  (upstream grid size 1024)
#
#                           grid size 1024
# ╭────────────────────────────────────────────────────────────────╮
#                         component 0    (corrected)      (linear)
#                        σ₈ = 3.75e-01  σ₈ = 3.75e-01  σ₈ = 3.66e-01
#  k [Mpc⁻¹]    modes       P [Mpc³]       P [Mpc³]       P [Mpc³]
2.4543693e-02         3  1.1674020e+04  1.1674020e+04  1.1801099e+04
4.6570361e-02        25  6.3080773e+03  6.4243786e+03  6.4621208e+03
8.3521561e-02       124  2.7916391e+03  2.7476962e+03  2.7849421e+03
1.3383638e-01       418  1.3190879e+03  1.3138565e+03  1.2405489e+03
1.8592088e-01       730  7.2225621e+02  7.3679044e+02  6.9817813e+02
2.3260504e-01      1012  5.0730153e+02  5.0193816e+02  4.1879929e+02
2.7635505e-01      1408  3.8450130e+02  3.8626799e+02  3.0757542e+02
3.1919121e-01      1841  2.9806356e+02  2.9526162e+02  2.1719140e+02
3.6464415e-01      2698  2.3584074e+02  2.3591124e+02  1.6834393e+02
4.1290034e-01      3532  1.9287888e+02  1.9307944e+02  1.2766683e+02
4.6319578e-01      4702  1.5884788e+02  1.5649322e+02  9.6336837e+01
5.1570195e-01      6019  1.3474321e+02  1.3640868e+02  7.9436163e+01
5.7047444e-01      7766  1.1428933e+02  1.1323967e+02  6.0697387e+01
6.2844883e-01     10012  1.0123415e+02  1.0032857e+02  4.8854053e+01
6.8955465e-01     12589  8.8723279e+01  8.9483370e+01  4.0441083e+01
7.5323141e-01     15650  7.8658637e+01  7.8829084e+01  3.2560810e+01
8.2032763e-01     19757  6.8576377e+01  6.7883290e+01  2.6220283e+01
8.9088605e-01     24241  6.2467044e+01  6.1857776e+01  2.1625804e+01
9.6481958e-01     29993  5.5432374e+01  5.5323024e+01  1.8061079e+01
1.0423453e+00     36494  5.0495066e+01  5.0536313e+01  1.5057273e+01
1.1237267e+00     44825  4.5961525e+01  4.6110967e+01  1.2596418e+01
1.2089588e+00     53906  4.2346207e+01  4.2465636e+01  1.0550097e+01
1.2983336e+00     65729  3.8666134e+01  3.8716156e+01  8.8571755e+00
1.3921058e+00     78746  3.5631635e+01  3.5636190e+01  7.4644756e+00
1.4900211e+00     94374  3.2673310e+01  3.2621427e+01  6.3086366e+00
1.5921784e+00    112166  3.0489520e+01  3.0401605e+01  5.3537559e+00
1.6991083e+00    134373  2.7915656e+01  2.7891587e+01  4.5681637e+00
1.8110248e+00    159077  2.5873975e+01  2.5854282e+01  3.9006713e+00
1.9277595e+00    188172  2.3935487e+01  2.3915789e+01  3.3395745e+00
2.0497441e+00    222492  2.2131964e+01  2.2107477e+01  2.8651818e+00
2.1771282e+00    261771  2.0594269e+01  2.0573894e+01  2.4643000e+00
2.3098450e+00    306759  1.9107547e+01  1.9088180e+01  2.1242486e+00
2.4484375e+00    360898  1.7678838e+01  1.7662043e+01  1.8346603e+00
2.5937215e+00    425046  1.6407588e+01  1.6392712e+01  1.5864439e+00
2.7470320e+00    505555  1.5208571e+01  1.5195579e+01  1.3720626e+00
2.9094444e+00    600292  1.4017324e+01  1.4005176e+01  1.1860676e+00
3.0813867e+00    712930  1.2919756e+01  1.2908443e+01  1.0249684e+00
3.2634403e+00    846715  1.1872013e+01  1.1861482e+01  8.8548640e-01
3.4562097e+00   1005596  1.0901190e+01  1.0891471e+01  7.6473942e-01
3.6603648e+00   1194719  9.9714385e+00  9.9626980e+00  6.6025097e-01
3.8766358e+00   1419743  9.1293857e+00  9.1211976e+00  5.6978507e-01
4.1057220e+00   1686576  8.3223430e+00  8.3149388e+00  4.9158426e-01
4.3483372e+00   2003484  7.5502305e+00  7.5434122e+00  4.2394296e-01
4.6052142e+00   2378778  6.8568964e+00  6.8506995e+00  3.6552269e-01
4.8773359e+00   2828400  6.2076204e+00  6.2019644e+00  3.1504757e-01
5.1655179e+00   3356890  5.5979816e+00  5.5928683e+00  2.7146213e-01
5.4707002e+00   3990317  5.0436322e+00  5.0389939e+00  2.3384493e-01
5.7939476e+00   4738457  4.5332485e+00  4.5291245e+00  2.0138624e-01
6.1362572e+00   5629661  4.0736573e+00  4.0698653e+00  1.7336824e-01
6.4988210e+00   6687903  3.6555174e+00  3.6520920e+00  1.4921408e-01
6.8828355e+00   7945758  3.2747085e+00  3.2716169e+00  1.2838784e-01
7.2895050e+00   9436555  2.9289845e+00  2.9261937e+00  1.1043895e-01
7.7201584e+00  11210320  2.6228783e+00  2.6204565e+00  9.4979482e-02
8.1762927e+00  13318613  2.3443194e+00  2.3421203e+00  8.1659029e-02
8.6593661e+00  15819192  2.0920643e+00  2.0900625e+00  7.0186396e-02
9.1709925e+00  18795348  1.8688561e+00  1.8670946e+00  6.0316876e-02
9.7128705e+00  22326034  1.6665053e+00  1.6649191e+00  5.1819522e-02
1.0286736e+01  26520842  1.4849736e+00  1.4835251e+00  4.4509013e-02
1.0894484e+01  31503438  1.3235876e+00  1.3223245e+00  3.8229070e-02
1.1538156e+01  37426927  1.1795119e+00  1.1783824e+00  3.2827203e-02
1.2220385e+01  44525830  1.0514680e+00  1.0504551e+00  2.8178753e-02
