# Power spectrum from CO𝘕CEPT job 4547568 at t = 9.3733038 Gyr, a = 0.71428571
#
# Components:
#   0: matter  (upstream grid size 1024)
#
#                           grid size 1024
# ╭────────────────────────────────────────────────────────────────╮
#                         component 0    (corrected)      (linear)
#                        σ₈ = 6.60e-01  σ₈ = 6.60e-01  σ₈ = 6.18e-01
#  k [Mpc⁻¹]    modes       P [Mpc³]       P [Mpc³]       P [Mpc³]
2.4543693e-02         3  3.2920461e+04  3.2920461e+04  3.3674922e+04
4.6570361e-02        25  1.7788936e+04  1.8116909e+04  1.8434864e+04
8.3521561e-02       124  8.1816858e+03  8.0528987e+03  7.9439186e+03
1.3383638e-01       418  4.0120815e+03  3.9961701e+03  3.5384864e+03
1.8592088e-01       730  2.3320534e+03  2.3789822e+03  1.9914297e+03
2.3260504e-01      1012  1.7330779e+03  1.7147551e+03  1.1945456e+03
2.7635505e-01      1408  1.4016139e+03  1.4080540e+03  8.7729851e+02
3.1919121e-01      1841  1.1957231e+03  1.1844828e+03  6.1949494e+02
3.6464415e-01      2698  9.6215804e+02  9.6244567e+02  4.8016682e+02
4.1290034e-01      3532  8.5503495e+02  8.5592403e+02  3.6414338e+02
4.6319578e-01      4702  7.4542029e+02  7.3437066e+02  2.7478087e+02
5.1570195e-01      6019  6.7144330e+02  6.7974256e+02  2.2657509e+02
5.7047444e-01      7766  6.0439796e+02  5.9884702e+02  1.7312658e+02
6.2844883e-01     10012  5.3811598e+02  5.3330233e+02  1.3934591e+02
6.8955465e-01     12589  4.8948711e+02  4.9368055e+02  1.1534965e+02
7.5323141e-01     15650  4.5240709e+02  4.5338742e+02  9.2872810e+01
8.2032763e-01     19757  4.1659878e+02  4.1238831e+02  7.4787784e+01
8.9088605e-01     24241  3.7999262e+02  3.7628639e+02  6.1682994e+01
9.6481958e-01     29993  3.4588315e+02  3.4520083e+02  5.1515363e+01
1.0423453e+00     36494  3.1958150e+02  3.1984255e+02  4.2947641e+01
1.1237267e+00     44825  2.8952055e+02  2.9046191e+02  3.5928570e+01
1.2089588e+00     53906  2.6772802e+02  2.6848309e+02  3.0091872e+01
1.2983336e+00     65729  2.4743334e+02  2.4775344e+02  2.5263172e+01
1.3921058e+00     78746  2.2611727e+02  2.2614618e+02  2.1290791e+01
1.4900211e+00     94374  2.0578034e+02  2.0545358e+02  1.7994006e+01
1.5921784e+00    112166  1.8738387e+02  1.8684356e+02  1.5270412e+01
1.6991083e+00    134373  1.7065357e+02  1.7050643e+02  1.3029678e+01
1.8110248e+00    159077  1.5627879e+02  1.5615984e+02  1.1125798e+01
1.9277595e+00    188172  1.4227395e+02  1.4215687e+02  9.5253895e+00
2.0497441e+00    222492  1.2951943e+02  1.2937613e+02  8.1722861e+00
2.1771282e+00    261771  1.1702737e+02  1.1691159e+02  7.0288566e+00
2.3098450e+00    306759  1.0657497e+02  1.0646695e+02  6.0589331e+00
2.4484375e+00    360898  9.6370807e+01  9.6279253e+01  5.2329450e+00
2.5937215e+00    425046  8.7093797e+01  8.7014835e+01  4.5249614e+00
2.7470320e+00    505555  7.8764110e+01  7.8696827e+01  3.9134851e+00
2.9094444e+00    600292  7.1174243e+01  7.1112560e+01  3.3829750e+00
3.0813867e+00    712930  6.4037467e+01  6.3981397e+01  2.9234747e+00
3.2634403e+00    846715  5.7813611e+01  5.7762327e+01  2.5256326e+00
3.4562097e+00   1005596  5.2074758e+01  5.2028329e+01  2.1812284e+00
3.6603648e+00   1194719  4.6898028e+01  4.6856919e+01  1.8831982e+00
3.8766358e+00   1419743  4.2066567e+01  4.2028838e+01  1.6251643e+00
4.1057220e+00   1686576  3.7723444e+01  3.7689882e+01  1.4021140e+00
4.3483372e+00   2003484  3.3654519e+01  3.3624126e+01  1.2091823e+00
4.6052142e+00   2378778  3.0070916e+01  3.0043739e+01  1.0425518e+00
4.8773359e+00   2828400  2.6984038e+01  2.6959452e+01  8.9858299e-01
5.1655179e+00   3356890  2.4095049e+01  2.4073040e+01  7.7426555e-01
5.4707002e+00   3990317  2.1524238e+01  2.1504443e+01  6.6697124e-01
5.7939476e+00   4738457  1.9198966e+01  1.9181500e+01  5.7439047e-01
6.1362572e+00   5629661  1.7123281e+01  1.7107342e+01  4.9447578e-01
6.4988210e+00   6687903  1.5248091e+01  1.5233803e+01  4.2558189e-01
6.8828355e+00   7945758  1.3562426e+01  1.3549622e+01  3.6618015e-01
7.2895050e+00   9436555  1.2063228e+01  1.2051734e+01  3.1498542e-01
7.7201584e+00  11210320  1.0721634e+01  1.0711735e+01  2.7089120e-01
8.1762927e+00  13318613  9.5096040e+00  9.5006835e+00  2.3289807e-01
8.6593661e+00  15819192  8.4243818e+00  8.4163209e+00  2.0017543e-01
9.1709925e+00  18795348  7.4532530e+00  7.4462277e+00  1.7202531e-01
9.7128705e+00  22326034  6.5929066e+00  6.5866314e+00  1.4778899e-01
1.0286736e+01  26520842  5.8230902e+00  5.8174101e+00  1.2693787e-01
1.0894484e+01  31503438  5.1370184e+00  5.1321161e+00  1.0902620e-01
1.1538156e+01  37426927  4.5327160e+00  4.5283753e+00  9.3619045e-02
1.2220385e+01  44525830  3.9945600e+00  3.9907118e+00  8.0360834e-02
