# Power spectrum from CO𝘕CEPT job 4547568 at t = 11.278216 Gyr, a = 0.83333333
#
# Components:
#   0: matter  (upstream grid size 1024)
#
#                           grid size 1024
# ╭────────────────────────────────────────────────────────────────╮
#                         component 0    (corrected)      (linear)
#                        σ₈ = 7.42e-01  σ₈ = 7.42e-01  σ₈ = 6.86e-01
#  k [Mpc⁻¹]    modes       P [Mpc³]       P [Mpc³]       P [Mpc³]
2.4543693e-02         3  4.0411106e+04  4.0411106e+04  4.1493752e+04
4.6570361e-02        25  2.1821526e+04  2.2223847e+04  2.2713675e+04
8.3521561e-02       124  1.0212003e+04  1.0051257e+04  9.7874669e+03
1.3383638e-01       418  5.0585434e+03  5.0384818e+03  4.3596237e+03
1.8592088e-01       730  2.9898638e+03  3.0500300e+03  2.4535510e+03
2.3260504e-01      1012  2.2417520e+03  2.2180514e+03  1.4717441e+03
2.7635505e-01      1408  1.8354646e+03  1.8438981e+03  1.0808780e+03
3.1919121e-01      1841  1.6044057e+03  1.5893235e+03  7.6325010e+02
3.6464415e-01      2698  1.3048818e+03  1.3052719e+03  5.9159041e+02
4.1290034e-01      3532  1.1658588e+03  1.1670711e+03  4.4864342e+02
4.6319578e-01      4702  1.0082590e+03  9.9331325e+02  3.3854415e+02
5.1570195e-01      6019  9.1502120e+02  9.2633116e+02  2.7915212e+02
5.7047444e-01      7766  8.4037333e+02  8.3265513e+02  2.1330079e+02
6.2844883e-01     10012  7.5024277e+02  7.4353156e+02  1.7168127e+02
6.8955465e-01     12589  6.8200666e+02  6.8784941e+02  1.4211664e+02
7.5323141e-01     15650  6.2802486e+02  6.2938574e+02  1.1442403e+02
8.2032763e-01     19757  5.7997631e+02  5.7411462e+02  9.2142349e+01
8.9088605e-01     24241  5.3878157e+02  5.3352660e+02  7.5996578e+01
9.6481958e-01     29993  4.8360636e+02  4.8265235e+02  6.3469538e+01
1.0423453e+00     36494  4.4671622e+02  4.4708112e+02  5.2913667e+01
1.1237267e+00     44825  4.0592414e+02  4.0724399e+02  4.4265815e+01
1.2089588e+00     53906  3.7338010e+02  3.7443314e+02  3.7074706e+01
1.2983336e+00     65729  3.4155084e+02  3.4199270e+02  3.1125502e+01
1.3921058e+00     78746  3.1167617e+02  3.1171601e+02  2.6231327e+01
1.4900211e+00     94374  2.8672411e+02  2.8626881e+02  2.2169520e+01
1.5921784e+00    112166  2.6030152e+02  2.5955094e+02  1.8813915e+01
1.6991083e+00    134373  2.3696636e+02  2.3676205e+02  1.6053216e+01
1.8110248e+00    159077  2.1302503e+02  2.1286290e+02  1.3707540e+01
1.9277595e+00    188172  1.9492733e+02  1.9476691e+02  1.1735756e+01
2.0497441e+00    222492  1.7651801e+02  1.7632271e+02  1.0068664e+01
2.1771282e+00    261771  1.5921696e+02  1.5905943e+02  8.6599009e+00
2.3098450e+00    306759  1.4422116e+02  1.4407498e+02  7.4649060e+00
2.4484375e+00    360898  1.3010669e+02  1.2998309e+02  6.4472470e+00
2.5937215e+00    425046  1.1760939e+02  1.1750277e+02  5.5749754e+00
2.7470320e+00    505555  1.0602927e+02  1.0593870e+02  4.8216058e+00
2.9094444e+00    600292  9.5747146e+01  9.5664167e+01  4.1679906e+00
3.0813867e+00    712930  8.6897344e+01  8.6821259e+01  3.6018631e+00
3.2634403e+00    846715  7.7834901e+01  7.7765857e+01  3.1117017e+00
3.4562097e+00   1005596  6.9771497e+01  6.9709289e+01  2.6873785e+00
3.6603648e+00   1194719  6.2901788e+01  6.2846650e+01  2.3201903e+00
3.8766358e+00   1419743  5.6489316e+01  5.6438651e+01  2.0022796e+00
4.1057220e+00   1686576  5.0798225e+01  5.0753031e+01  1.7274704e+00
4.3483372e+00   2003484  4.5610083e+01  4.5568894e+01  1.4897691e+00
4.6052142e+00   2378778  4.0985716e+01  4.0948676e+01  1.2844719e+00
4.8773359e+00   2828400  3.6728682e+01  3.6695217e+01  1.1070952e+00
5.1655179e+00   3356890  3.2818026e+01  3.2788049e+01  9.5392998e-01
5.4707002e+00   3990317  2.9320607e+01  2.9293643e+01  8.2173810e-01
5.7939476e+00   4738457  2.6134714e+01  2.6110939e+01  7.0767403e-01
6.1362572e+00   5629661  2.3289572e+01  2.3267892e+01  6.0921522e-01
6.4988210e+00   6687903  2.0729322e+01  2.0709897e+01  5.2433460e-01
6.8828355e+00   7945758  1.8478663e+01  1.8461218e+01  4.5114877e-01
7.2895050e+00   9436555  1.6389932e+01  1.6374315e+01  3.8807440e-01
7.7201584e+00  11210320  1.4559967e+01  1.4546523e+01  3.3374822e-01
8.1762927e+00  13318613  1.2921042e+01  1.2908921e+01  2.8693887e-01
8.6593661e+00  15819192  1.1464368e+01  1.1453398e+01  2.4662304e-01
9.1709925e+00  18795348  1.0147064e+01  1.0137499e+01  2.1194079e-01
9.7128705e+00  22326034  8.9668741e+00  8.9583393e+00  1.8208052e-01
1.0286736e+01  26520842  7.9296725e+00  7.9219375e+00  1.5639099e-01
1.0894484e+01  31503438  7.0081855e+00  7.0014976e+00  1.3432302e-01
1.1538156e+01  37426927  6.1896165e+00  6.1836891e+00  1.1534073e-01
1.2220385e+01  44525830  5.4648552e+00  5.4595907e+00  9.9006039e-02
