# Power spectrum from CO𝘕CEPT job 4547568 at t = 2.6134779 Gyr, a = 0.28571429
#
# Components:
#   0: matter  (upstream grid size 1024)
#
#                           grid size 1024
# ╭────────────────────────────────────────────────────────────────╮
#                         component 0    (corrected)      (linear)
#                        σ₈ = 2.79e-01  σ₈ = 2.79e-01  σ₈ = 2.76e-01
#  k [Mpc⁻¹]    modes       P [Mpc³]       P [Mpc³]       P [Mpc³]
2.4543693e-02         3  6.6414808e+03  6.6414808e+03  6.6908923e+03
4.6570361e-02        25  3.5858449e+03  3.6519567e+03  3.6642587e+03
8.3521561e-02       124  1.5803625e+03  1.5554861e+03  1.5792279e+03
1.3383638e-01       418  7.3426518e+02  7.3135317e+02  7.0347389e+02
1.8592088e-01       730  3.9616903e+02  4.0414128e+02  3.9591510e+02
2.3260504e-01      1012  2.7050566e+02  2.6764578e+02  2.3748843e+02
2.7635505e-01      1408  2.0184702e+02  2.0277445e+02  1.7441688e+02
3.1919121e-01      1841  1.5045039e+02  1.4903609e+02  1.2316285e+02
3.6464415e-01      2698  1.1846042e+02  1.1849584e+02  9.5462921e+01
4.1290034e-01      3532  9.3205985e+01  9.3302903e+01  7.2396145e+01
4.6319578e-01      4702  7.4918284e+01  7.3807743e+01  5.4629831e+01
5.1570195e-01      6019  6.3204040e+01  6.3985263e+01  4.5045956e+01
5.7047444e-01      7766  5.2296470e+01  5.1816165e+01  3.4419741e+01
6.2844883e-01     10012  4.5302727e+01  4.4897477e+01  2.7703731e+01
6.8955465e-01     12589  3.8344591e+01  3.8673089e+01  2.2932980e+01
7.5323141e-01     15650  3.3105269e+01  3.3177006e+01  1.8464305e+01
8.2032763e-01     19757  2.8517352e+01  2.8229133e+01  1.4868776e+01
8.9088605e-01     24241  2.5205307e+01  2.4959469e+01  1.2263379e+01
9.6481958e-01     29993  2.2129750e+01  2.2086095e+01  1.0241926e+01
1.0423453e+00     36494  1.9518643e+01  1.9534587e+01  8.5385538e+00
1.1237267e+00     44825  1.7537238e+01  1.7594259e+01  7.1430734e+00
1.2089588e+00     53906  1.5714025e+01  1.5758343e+01  5.9826633e+00
1.2983336e+00     65729  1.4142972e+01  1.4161268e+01  5.0226561e+00
1.3921058e+00     78746  1.2788119e+01  1.2789753e+01  4.2328958e+00
1.4900211e+00     94374  1.1549335e+01  1.1530996e+01  3.5774525e+00
1.5921784e+00    112166  1.0540554e+01  1.0510161e+01  3.0359669e+00
1.6991083e+00    134373  9.6027598e+00  9.5944801e+00  2.5904799e+00
1.8110248e+00    159077  8.8186959e+00  8.8119839e+00  2.2119640e+00
1.9277595e+00    188172  8.0977240e+00  8.0910599e+00  1.8937819e+00
2.0497441e+00    222492  7.5016497e+00  7.4933498e+00  1.6247673e+00
2.1771282e+00    261771  6.9091538e+00  6.9023182e+00  1.3974386e+00
2.3098450e+00    306759  6.3870692e+00  6.3805955e+00  1.2046050e+00
2.4484375e+00    360898  5.9225033e+00  5.9168769e+00  1.0403877e+00
2.5937215e+00    425046  5.5083810e+00  5.5033869e+00  8.9963115e-01
2.7470320e+00    505555  5.1148521e+00  5.1104828e+00  7.7806151e-01
2.9094444e+00    600292  4.7505151e+00  4.7463981e+00  6.7258898e-01
3.0813867e+00    712930  4.3969391e+00  4.3930892e+00  5.8123413e-01
3.2634403e+00    846715  4.0811358e+00  4.0775156e+00  5.0213773e-01
3.4562097e+00   1005596  3.7781358e+00  3.7747673e+00  4.3366547e-01
3.6603648e+00   1194719  3.4956601e+00  3.4925960e+00  3.7441294e-01
3.8766358e+00   1419743  3.2351440e+00  3.2322424e+00  3.2311221e-01
4.1057220e+00   1686576  2.9812538e+00  2.9786014e+00  2.7876666e-01
4.3483372e+00   2003484  2.7532133e+00  2.7507270e+00  2.4040911e-01
4.6052142e+00   2378778  2.5381018e+00  2.5358080e+00  2.0728054e-01
4.8773359e+00   2828400  2.3337839e+00  2.3316575e+00  1.7865744e-01
5.1655179e+00   3356890  2.1459798e+00  2.1440196e+00  1.5394129e-01
5.4707002e+00   3990317  1.9628022e+00  1.9609971e+00  1.3260956e-01
5.7939476e+00   4738457  1.8006061e+00  1.7989681e+00  1.1420307e-01
6.1362572e+00   5629661  1.6476943e+00  1.6461605e+00  9.8314765e-02
6.4988210e+00   6687903  1.5074130e+00  1.5060005e+00  8.4617547e-02
6.8828355e+00   7945758  1.3772611e+00  1.3759608e+00  7.2807496e-02
7.2895050e+00   9436555  1.2588531e+00  1.2576537e+00  6.2629109e-02
7.7201584e+00  11210320  1.1491629e+00  1.1481018e+00  5.3862402e-02
8.1762927e+00  13318613  1.0489274e+00  1.0479434e+00  4.6308674e-02
8.6593661e+00  15819192  9.5664700e-01  9.5573162e-01  3.9802795e-02
9.1709925e+00  18795348  8.7062507e-01  8.6980444e-01  3.4205997e-02
9.7128705e+00  22326034  7.9138036e-01  7.9062712e-01  2.9387317e-02
1.0286736e+01  26520842  7.1933507e-01  7.1863339e-01  2.5241665e-02
1.0894484e+01  31503438  6.5399734e-01  6.5337322e-01  2.1680421e-02
1.1538156e+01  37426927  5.9385493e-01  5.9328623e-01  1.8617110e-02
1.2220385e+01  44525830  5.3930697e-01  5.3878743e-01  1.5981042e-02
