# Power spectrum from CO𝘕CEPT job 4547568 at t = 2.5069316 Gyr, a = 0.27777778
#
# Components:
#   0: matter  (upstream grid size 1024)
#
#                           grid size 1024
# ╭────────────────────────────────────────────────────────────────╮
#                         component 0    (corrected)      (linear)
#                        σ₈ = 2.72e-01  σ₈ = 2.72e-01  σ₈ = 2.68e-01
#  k [Mpc⁻¹]    modes       P [Mpc³]       P [Mpc³]       P [Mpc³]
2.4543693e-02         3  6.2895704e+03  6.2895704e+03  6.3347127e+03
4.6570361e-02        25  3.3955705e+03  3.4581743e+03  3.4692315e+03
8.3521561e-02       124  1.4962858e+03  1.4727329e+03  1.4951799e+03
1.3383638e-01       418  6.9416644e+02  6.9141345e+02  6.6603502e+02
1.8592088e-01       730  3.7421932e+02  3.8174988e+02  3.7484462e+02
2.3260504e-01      1012  2.5486392e+02  2.5216941e+02  2.2484940e+02
2.7635505e-01      1408  1.8995809e+02  1.9083090e+02  1.6513450e+02
3.1919121e-01      1841  1.4113871e+02  1.3981194e+02  1.1660819e+02
3.6464415e-01      2698  1.1107022e+02  1.1110342e+02  9.0382440e+01
4.1290034e-01      3532  8.7173667e+01  8.7264312e+01  6.8543266e+01
4.6319578e-01      4702  6.9894827e+01  6.8858750e+01  5.1722465e+01
5.1570195e-01      6019  5.8926829e+01  5.9655184e+01  4.2648639e+01
5.7047444e-01      7766  4.8652413e+01  4.8205576e+01  3.2587945e+01
6.2844883e-01     10012  4.2053017e+01  4.1676837e+01  2.6229357e+01
6.8955465e-01     12589  3.5474202e+01  3.5778109e+01  2.1712502e+01
7.5323141e-01     15650  3.0571064e+01  3.0637309e+01  1.7481648e+01
8.2032763e-01     19757  2.6310105e+01  2.6044194e+01  1.4077470e+01
8.9088605e-01     24241  2.3185875e+01  2.2959733e+01  1.1610730e+01
9.6481958e-01     29993  2.0325930e+01  2.0285833e+01  9.6968575e+00
1.0423453e+00     36494  1.7877617e+01  1.7892220e+01  8.0841382e+00
1.1237267e+00     44825  1.6021201e+01  1.6073293e+01  6.7629243e+00
1.2089588e+00     53906  1.4328688e+01  1.4369099e+01  5.6642705e+00
1.2983336e+00     65729  1.2868288e+01  1.2884936e+01  4.7553542e+00
1.3921058e+00     78746  1.1611832e+01  1.1613316e+01  4.0076244e+00
1.4900211e+00     94374  1.0472617e+01  1.0455987e+01  3.3870633e+00
1.5921784e+00    112166  9.5373092e+00  9.5098087e+00  2.8743952e+00
1.6991083e+00    134373  8.6720507e+00  8.6645735e+00  2.4526168e+00
1.8110248e+00    159077  7.9520669e+00  7.9460145e+00  2.0942452e+00
1.9277595e+00    188172  7.2955576e+00  7.2895537e+00  1.7929966e+00
2.0497441e+00    222492  6.7434160e+00  6.7359550e+00  1.5382987e+00
2.1771282e+00    261771  6.2027930e+00  6.1966562e+00  1.3230682e+00
2.3098450e+00    306759  5.7272286e+00  5.7214237e+00  1.1404972e+00
2.4484375e+00    360898  5.3098700e+00  5.3048255e+00  9.8501934e-01
2.5937215e+00    425046  4.9344776e+00  4.9300038e+00  8.5175377e-01
2.7470320e+00    505555  4.5778921e+00  4.5739815e+00  7.3665398e-01
2.9094444e+00    600292  4.2439525e+00  4.2402745e+00  6.3679462e-01
3.0813867e+00    712930  3.9258158e+00  3.9223785e+00  5.5030160e-01
3.2634403e+00    846715  3.6437252e+00  3.6404930e+00  4.7541465e-01
3.4562097e+00   1005596  3.3736211e+00  3.3706132e+00  4.1058642e-01
3.6603648e+00   1194719  3.1241993e+00  3.1214608e+00  3.5448727e-01
3.8766358e+00   1419743  2.8947768e+00  2.8921805e+00  3.0591671e-01
4.1057220e+00   1686576  2.6696111e+00  2.6672360e+00  2.6393120e-01
4.3483372e+00   2003484  2.4693092e+00  2.4670792e+00  2.2761500e-01
4.6052142e+00   2378778  2.2788126e+00  2.2767532e+00  1.9624950e-01
4.8773359e+00   2828400  2.0980738e+00  2.0961622e+00  1.6914969e-01
5.1655179e+00   3356890  1.9311852e+00  1.9294212e+00  1.4574891e-01
5.4707002e+00   3990317  1.7698753e+00  1.7682477e+00  1.2555243e-01
5.7939476e+00   4738457  1.6261287e+00  1.6246493e+00  1.0812551e-01
6.1362572e+00   5629661  1.4901533e+00  1.4887662e+00  9.3082764e-02
6.4988210e+00   6687903  1.3654626e+00  1.3641831e+00  8.0114494e-02
6.8828355e+00   7945758  1.2518458e+00  1.2506640e+00  6.8932958e-02
7.2895050e+00   9436555  1.1476867e+00  1.1465932e+00  5.9296250e-02
7.7201584e+00  11210320  1.0496445e+00  1.0486753e+00  5.0996094e-02
8.1762927e+00  13318613  9.6134454e-01  9.6044276e-01  4.3844362e-02
8.6593661e+00  15819192  8.7925043e-01  8.7840912e-01  3.7684714e-02
9.1709925e+00  18795348  8.0326342e-01  8.0250627e-01  3.2385767e-02
9.7128705e+00  22326034  7.3279944e-01  7.3210195e-01  2.7823527e-02
1.0286736e+01  26520842  6.6874353e-01  6.6809121e-01  2.3898497e-02
1.0894484e+01  31503438  6.1006717e-01  6.0948498e-01  2.0526773e-02
1.1538156e+01  37426927  5.5547242e-01  5.5494049e-01  1.7626483e-02
1.2220385e+01  44525830  5.0603221e-01  5.0554472e-01  1.5130699e-02
