# Power spectrum from CO𝘕CEPT job 4547568 at t = 4.2705543 Gyr, a = 0.4
#
# Components:
#   0: matter  (upstream grid size 1024)
#
#                           grid size 1024
# ╭────────────────────────────────────────────────────────────────╮
#                         component 0    (corrected)      (linear)
#                        σ₈ = 3.90e-01  σ₈ = 3.90e-01  σ₈ = 3.79e-01
#  k [Mpc⁻¹]    modes       P [Mpc³]       P [Mpc³]       P [Mpc³]
2.4543693e-02         3  1.2551541e+04  1.2551541e+04  1.2695197e+04
4.6570361e-02        25  6.7828653e+03  6.9079203e+03  6.9516032e+03
8.3521561e-02       124  3.0048370e+03  2.9575382e+03  2.9958735e+03
1.3383638e-01       418  1.4231161e+03  1.4174722e+03  1.3345056e+03
1.8592088e-01       730  7.8140570e+02  7.9713021e+02  7.5105626e+02
2.3260504e-01      1012  5.5095177e+02  5.4512691e+02  4.5051792e+02
2.7635505e-01      1408  4.1872022e+02  4.2064414e+02  3.3087024e+02
3.1919121e-01      1841  3.2643870e+02  3.2337002e+02  2.3364079e+02
3.6464415e-01      2698  2.5844481e+02  2.5852207e+02  1.8109375e+02
4.1290034e-01      3532  2.1282487e+02  2.1304617e+02  1.3733589e+02
4.6319578e-01      4702  1.7575373e+02  1.7314847e+02  1.0363307e+02
5.1570195e-01      6019  1.4919898e+02  1.5104313e+02  8.5452393e+01
5.7047444e-01      7766  1.2686721e+02  1.2570203e+02  6.5294403e+01
6.2844883e-01     10012  1.1274486e+02  1.1173632e+02  5.2554094e+01
6.8955465e-01     12589  9.9147483e+01  9.9996878e+01  4.3503953e+01
7.5323141e-01     15650  8.8239789e+01  8.8430998e+01  3.5026855e+01
8.2032763e-01     19757  7.7097060e+01  7.6317857e+01  2.8206118e+01
8.9088605e-01     24241  7.0439527e+01  6.9752500e+01  2.3263668e+01
9.6481958e-01     29993  6.2614781e+01  6.2491262e+01  1.9428962e+01
1.0423453e+00     36494  5.7256969e+01  5.7303740e+01  1.6197659e+01
1.1237267e+00     44825  5.2101050e+01  5.2270455e+01  1.3550427e+01
1.2089588e+00     53906  4.8159562e+01  4.8295386e+01  1.1349124e+01
1.2983336e+00     65729  4.4060470e+01  4.4117471e+01  9.5279866e+00
1.3921058e+00     78746  4.0653055e+01  4.0658251e+01  8.0298083e+00
1.4900211e+00     94374  3.7324144e+01  3.7264875e+01  6.7864300e+00
1.5921784e+00    112166  3.4832553e+01  3.4732115e+01  5.7592299e+00
1.6991083e+00    134373  3.2031441e+01  3.2003823e+01  4.9141396e+00
1.8110248e+00    159077  2.9659263e+01  2.9636689e+01  4.1960937e+00
1.9277595e+00    188172  2.7497445e+01  2.7474816e+01  3.5925014e+00
2.0497441e+00    222492  2.5418864e+01  2.5390740e+01  3.0821799e+00
2.1771282e+00    261771  2.3576144e+01  2.3552819e+01  2.6509366e+00
2.3098450e+00    306759  2.1876598e+01  2.1854425e+01  2.2851309e+00
2.4484375e+00    360898  2.0211433e+01  2.0192232e+01  1.9736102e+00
2.5937215e+00    425046  1.8736361e+01  1.8719374e+01  1.7065948e+00
2.7470320e+00    505555  1.7324167e+01  1.7309368e+01  1.4759770e+00
2.9094444e+00    600292  1.5952023e+01  1.5938198e+01  1.2758954e+00
3.0813867e+00    712930  1.4692262e+01  1.4679398e+01  1.1025952e+00
3.2634403e+00    846715  1.3473943e+01  1.3461991e+01  9.5254925e-01
3.4562097e+00   1005596  1.2321743e+01  1.2310757e+01  8.2265733e-01
3.6603648e+00   1194719  1.1246436e+01  1.1236578e+01  7.1025531e-01
3.8766358e+00   1419743  1.0243128e+01  1.0233941e+01  6.1293786e-01
4.1057220e+00   1686576  9.3435661e+00  9.3352533e+00  5.2881441e-01
4.3483372e+00   2003484  8.4431852e+00  8.4355604e+00  4.5605021e-01
4.6052142e+00   2378778  7.6517873e+00  7.6448720e+00  3.9320542e-01
4.8773359e+00   2828400  6.9187791e+00  6.9124752e+00  3.3890751e-01
5.1655179e+00   3356890  6.2272464e+00  6.2215583e+00  2.9202107e-01
5.4707002e+00   3990317  5.6192539e+00  5.6140862e+00  2.5155490e-01
5.7939476e+00   4738457  5.0425337e+00  5.0379465e+00  2.1663792e-01
6.1362572e+00   5629661  4.5234045e+00  4.5191938e+00  1.8649795e-01
6.4988210e+00   6687903  4.0577286e+00  4.0539264e+00  1.6051447e-01
6.8828355e+00   7945758  3.6316365e+00  3.6282080e+00  1.3811094e-01
7.2895050e+00   9436555  3.2448876e+00  3.2417958e+00  1.1880268e-01
7.7201584e+00  11210320  2.9023778e+00  2.8996980e+00  1.0217238e-01
8.1762927e+00  13318613  2.5888633e+00  2.5864348e+00  8.7843100e-02
8.6593661e+00  15819192  2.3087182e+00  2.3065091e+00  7.5501587e-02
9.1709925e+00  18795348  2.0568449e+00  2.0549061e+00  6.4884601e-02
9.7128705e+00  22326034  1.8324394e+00  1.8306953e+00  5.5743704e-02
1.0286736e+01  26520842  1.6318208e+00  1.6302290e+00  4.7879538e-02
1.0894484e+01  31503438  1.4513865e+00  1.4500014e+00  4.1123990e-02
1.1538156e+01  37426927  1.2912221e+00  1.2899856e+00  3.5313019e-02
1.2220385e+01  44525830  1.1488741e+00  1.1477674e+00  3.0312526e-02
