# Power spectrum from CO𝘕CEPT job 4547568 at t = 3.1244696 Gyr, a = 0.32258065
#
# Components:
#   0: matter  (upstream grid size 1024)
#
#                           grid size 1024
# ╭────────────────────────────────────────────────────────────────╮
#                         component 0    (corrected)      (linear)
#                        σ₈ = 3.15e-01  σ₈ = 3.15e-01  σ₈ = 3.10e-01
#  k [Mpc⁻¹]    modes       P [Mpc³]       P [Mpc³]       P [Mpc³]
2.4543693e-02         3  8.3831762e+03  8.3831762e+03  8.4559728e+03
4.6570361e-02        25  4.5277625e+03  4.6112404e+03  4.6306976e+03
8.3521561e-02       124  1.9975724e+03  1.9661289e+03  1.9957143e+03
1.3383638e-01       418  9.3432296e+02  9.3061753e+02  8.8899533e+02
1.8592088e-01       730  5.0645913e+02  5.1665079e+02  5.0032580e+02
2.3260504e-01      1012  3.4975482e+02  3.4605709e+02  3.0011868e+02
2.7635505e-01      1408  2.6242818e+02  2.6363397e+02  2.2041388e+02
3.1919121e-01      1841  1.9855172e+02  1.9668524e+02  1.5564318e+02
3.6464415e-01      2698  1.5667079e+02  1.5671762e+02  1.2063824e+02
4.1290034e-01      3532  1.2486964e+02  1.2499948e+02  9.1488328e+01
4.6319578e-01      4702  1.0145029e+02  9.9946461e+01  6.9036707e+01
5.1570195e-01      6019  8.5805723e+01  8.6866310e+01  5.6925387e+01
5.7047444e-01      7766  7.1728647e+01  7.1069873e+01  4.3496845e+01
6.2844883e-01     10012  6.2694719e+01  6.2133891e+01  3.5009701e+01
6.8955465e-01     12589  5.3890512e+01  5.4352191e+01  2.8980816e+01
7.5323141e-01     15650  4.6971817e+01  4.7073601e+01  2.3333671e+01
8.2032763e-01     19757  4.0630859e+01  4.0220211e+01  1.8789935e+01
8.9088605e-01     24241  3.6383917e+01  3.6029050e+01  1.5497448e+01
9.6481958e-01     29993  3.2107068e+01  3.2043731e+01  1.2942901e+01
1.0423453e+00     36494  2.8690099e+01  2.8713535e+01  1.0790320e+01
1.1237267e+00     44825  2.6028495e+01  2.6113126e+01  9.0268264e+00
1.2089588e+00     53906  2.3563728e+01  2.3630185e+01  7.5603955e+00
1.2983336e+00     65729  2.1359113e+01  2.1386745e+01  6.3472172e+00
1.3921058e+00     78746  1.9491380e+01  1.9493871e+01  5.3491831e+00
1.4900211e+00     94374  1.7742283e+01  1.7714109e+01  4.5208877e+00
1.5921784e+00    112166  1.6304270e+01  1.6257257e+01  3.8366028e+00
1.6991083e+00    134373  1.4947026e+01  1.4934139e+01  3.2736330e+00
1.8110248e+00    159077  1.3800568e+01  1.3790064e+01  2.7952957e+00
1.9277595e+00    188172  1.2749319e+01  1.2738827e+01  2.3932034e+00
2.0497441e+00    222492  1.1846939e+01  1.1833831e+01  2.0532449e+00
2.1771282e+00    261771  1.1000215e+01  1.0989332e+01  1.7659656e+00
2.3098450e+00    306759  1.0188120e+01  1.0177793e+01  1.5222785e+00
2.4484375e+00    360898  9.4719101e+00  9.4629116e+00  1.3147541e+00
2.5937215e+00    425046  8.8008115e+00  8.7928324e+00  1.1368777e+00
2.7470320e+00    505555  8.1693877e+00  8.1624091e+00  9.8324803e-01
2.9094444e+00    600292  7.5773278e+00  7.5707609e+00  8.4996058e-01
3.0813867e+00    712930  7.0400997e+00  7.0339356e+00  7.3451388e-01
3.2634403e+00    846715  6.5142663e+00  6.5084878e+00  6.3455842e-01
3.4562097e+00   1005596  6.0221631e+00  6.0167938e+00  5.4802885e-01
3.6603648e+00   1194719  5.5671553e+00  5.5622754e+00  4.7315044e-01
3.8766358e+00   1419743  5.1189448e+00  5.1143537e+00  4.0832085e-01
4.1057220e+00   1686576  4.7106622e+00  4.7064713e+00  3.5228065e-01
4.3483372e+00   2003484  4.3162683e+00  4.3123705e+00  3.0380758e-01
4.6052142e+00   2378778  3.9500895e+00  3.9465197e+00  2.6194248e-01
4.8773359e+00   2828400  3.6093480e+00  3.6060594e+00  2.2577101e-01
5.1655179e+00   3356890  3.2911998e+00  3.2881935e+00  1.9453682e-01
5.4707002e+00   3990317  2.9875233e+00  2.9847758e+00  1.6757958e-01
5.7939476e+00   4738457  2.7126562e+00  2.7101885e+00  1.4431902e-01
6.1362572e+00   5629661  2.4605417e+00  2.4582513e+00  1.2424074e-01
6.4988210e+00   6687903  2.2307973e+00  2.2287070e+00  1.0693137e-01
6.8828355e+00   7945758  2.0205639e+00  2.0186563e+00  9.2006841e-02
7.2895050e+00   9436555  1.8271582e+00  1.8254173e+00  7.9144277e-02
7.7201584e+00  11210320  1.6501517e+00  1.6486281e+00  6.8065678e-02
8.1762927e+00  13318613  1.4883717e+00  1.4869756e+00  5.8519939e-02
8.6593661e+00  15819192  1.3423462e+00  1.3410618e+00  5.0298385e-02
9.1709925e+00  18795348  1.2094906e+00  1.2083505e+00  4.3225652e-02
9.7128705e+00  22326034  1.0888960e+00  1.0878596e+00  3.7136239e-02
1.0286736e+01  26520842  9.7854530e-01  9.7759078e-01  3.1897343e-02
1.0894484e+01  31503438  8.7974348e-01  8.7890393e-01  2.7396971e-02
1.1538156e+01  37426927  7.9110712e-01  7.9034953e-01  2.3525846e-02
1.2220385e+01  44525830  7.1170151e-01  7.1101590e-01  2.0194635e-02
