# Power spectrum from CO𝘕CEPT job 4547568 at t = 3.4445399 Gyr, a = 0.34482759
#
# Components:
#   0: matter  (upstream grid size 1024)
#
#                           grid size 1024
# ╭────────────────────────────────────────────────────────────────╮
#                         component 0    (corrected)      (linear)
#                        σ₈ = 3.37e-01  σ₈ = 3.37e-01  σ₈ = 3.30e-01
#  k [Mpc⁻¹]    modes       P [Mpc³]       P [Mpc³]       P [Mpc³]
2.4543693e-02         3  9.5145278e+03  9.5145278e+03  9.6045410e+03
4.6570361e-02        25  5.1397467e+03  5.2345076e+03  5.2595467e+03
8.3521561e-02       124  2.2696489e+03  2.2339226e+03  2.2667118e+03
1.3383638e-01       418  1.0656309e+03  1.0614047e+03  1.0097089e+03
1.8592088e-01       730  5.7956308e+02  5.9122584e+02  5.6826278e+02
2.3260504e-01      1012  4.0280060e+02  3.9854205e+02  3.4087032e+02
2.7635505e-01      1408  3.0328706e+02  3.0468059e+02  2.5034275e+02
3.1919121e-01      1841  2.3152479e+02  2.2934835e+02  1.7677714e+02
3.6464415e-01      2698  1.8288801e+02  1.8294268e+02  1.3701906e+02
4.1290034e-01      3532  1.4704642e+02  1.4719932e+02  1.0391103e+02
4.6319578e-01      4702  1.2012673e+02  1.1834604e+02  7.8410822e+01
5.1570195e-01      6019  1.0172041e+02  1.0297771e+02  6.4654970e+01
5.7047444e-01      7766  8.5538744e+01  8.4753134e+01  4.9403039e+01
6.2844883e-01     10012  7.5125978e+01  7.4453947e+01  3.9763472e+01
6.8955465e-01     12589  6.5109223e+01  6.5667013e+01  3.2915957e+01
7.5323141e-01     15650  5.7101529e+01  5.7225263e+01  2.6502018e+01
8.2032763e-01     19757  4.9531409e+01  4.9030806e+01  2.1341313e+01
8.9088605e-01     24241  4.4667484e+01  4.4231823e+01  1.7601758e+01
9.6481958e-01     29993  3.9499928e+01  3.9422007e+01  1.4700343e+01
1.0423453e+00     36494  3.5563622e+01  3.5592673e+01  1.2255475e+01
1.1237267e+00     44825  3.2364841e+01  3.2470074e+01  1.0252526e+01
1.2089588e+00     53906  2.9508022e+01  2.9591243e+01  8.5869772e+00
1.2983336e+00     65729  2.6828321e+01  2.6863028e+01  7.2090683e+00
1.3921058e+00     78746  2.4602997e+01  2.4606142e+01  6.0755167e+00
1.4900211e+00     94374  2.2495873e+01  2.2460151e+01  5.1347518e+00
1.5921784e+00    112166  2.0792107e+01  2.0732154e+01  4.3575517e+00
1.6991083e+00    134373  1.9049771e+01  1.9033346e+01  3.7181395e+00
1.8110248e+00    159077  1.7637728e+01  1.7624303e+01  3.1748515e+00
1.9277595e+00    188172  1.6331705e+01  1.6318265e+01  2.7181615e+00
2.0497441e+00    222492  1.5178005e+01  1.5161212e+01  2.3320420e+00
2.1771282e+00    261771  1.4153682e+01  1.4139679e+01  2.0057546e+00
2.3098450e+00    306759  1.3119801e+01  1.3106503e+01  1.7289786e+00
2.4484375e+00    360898  1.2231101e+01  1.2219482e+01  1.4932758e+00
2.5937215e+00    425046  1.1371252e+01  1.1360942e+01  1.2912465e+00
2.7470320e+00    505555  1.0553665e+01  1.0544650e+01  1.1167564e+00
2.9094444e+00    600292  9.7689717e+00  9.7605054e+00  9.6537065e-01
3.0813867e+00    712930  9.0631301e+00  9.0551947e+00  8.3424813e-01
3.2634403e+00    846715  8.3904841e+00  8.3830413e+00  7.2072032e-01
3.4562097e+00   1005596  7.7305820e+00  7.7236895e+00  6.2244143e-01
3.6603648e+00   1194719  7.1104136e+00  7.1041809e+00  5.3739574e-01
3.8766358e+00   1419743  6.5247297e+00  6.5188778e+00  4.6376334e-01
4.1057220e+00   1686576  5.9763412e+00  5.9710241e+00  4.0011379e-01
4.3483372e+00   2003484  5.4412255e+00  5.4363117e+00  3.4505887e-01
4.6052142e+00   2378778  4.9688707e+00  4.9643801e+00  2.9750917e-01
4.8773359e+00   2828400  4.5113020e+00  4.5071916e+00  2.5642622e-01
5.1655179e+00   3356890  4.0960877e+00  4.0923463e+00  2.2095094e-01
5.4707002e+00   3990317  3.7080728e+00  3.7046627e+00  1.9033336e-01
5.7939476e+00   4738457  3.3506333e+00  3.3475852e+00  1.6391442e-01
6.1362572e+00   5629661  3.0235533e+00  3.0207388e+00  1.4110985e-01
6.4988210e+00   6687903  2.7251375e+00  2.7225840e+00  1.2145016e-01
6.8828355e+00   7945758  2.4579506e+00  2.4556301e+00  1.0449915e-01
7.2895050e+00   9436555  2.2109190e+00  2.2088124e+00  8.9890077e-02
7.7201584e+00  11210320  1.9883206e+00  1.9864847e+00  7.7307204e-02
8.1762927e+00  13318613  1.7867138e+00  1.7850378e+00  6.6465330e-02
8.6593661e+00  15819192  1.6038872e+00  1.6023525e+00  5.7127442e-02
9.1709925e+00  18795348  1.4370396e+00  1.4356851e+00  4.9094367e-02
9.7128705e+00  22326034  1.2881590e+00  1.2869329e+00  4.2178131e-02
1.0286736e+01  26520842  1.1532522e+00  1.1521272e+00  3.6227897e-02
1.0894484e+01  31503438  1.0314824e+00  1.0304980e+00  3.1116468e-02
1.1538156e+01  37426927  9.2368476e-01  9.2280021e-01  2.6719726e-02
1.2220385e+01  44525830  8.2716195e-01  8.2636511e-01  2.2936209e-02
