# Power spectrum from CO𝘕CEPT job 4547568 at t = 4.5278144 Gyr, a = 0.41666667
#
# Components:
#   0: matter  (upstream grid size 1024)
#
#                           grid size 1024
# ╭────────────────────────────────────────────────────────────────╮
#                         component 0    (corrected)      (linear)
#                        σ₈ = 4.06e-01  σ₈ = 4.06e-01  σ₈ = 3.94e-01
#  k [Mpc⁻¹]    modes       P [Mpc³]       P [Mpc³]       P [Mpc³]
2.4543693e-02         3  1.3526289e+04  1.3526289e+04  1.3689363e+04
4.6570361e-02        25  7.3102630e+03  7.4450416e+03  7.4958568e+03
8.3521561e-02       124  3.2424440e+03  3.1914050e+03  3.2304053e+03
1.3383638e-01       418  1.5393660e+03  1.5332610e+03  1.4389744e+03
1.8592088e-01       730  8.4788727e+02  8.6494962e+02  8.0985051e+02
2.3260504e-01      1012  6.0021947e+02  5.9387374e+02  4.8578527e+02
2.7635505e-01      1408  4.5755885e+02  4.5966122e+02  3.5677131e+02
3.1919121e-01      1841  3.5885489e+02  3.5548148e+02  2.5193056e+02
3.6464415e-01      2698  2.8428671e+02  2.8437170e+02  1.9527005e+02
4.1290034e-01      3532  2.3586110e+02  2.3610636e+02  1.4808675e+02
4.6319578e-01      4702  1.9533294e+02  1.9243744e+02  1.1174562e+02
5.1570195e-01      6019  1.6598070e+02  1.6803228e+02  9.2141726e+01
5.7047444e-01      7766  1.4144546e+02  1.4014638e+02  7.0405738e+01
6.2844883e-01     10012  1.2611923e+02  1.2499105e+02  5.6668100e+01
6.8955465e-01     12589  1.1128152e+02  1.1223487e+02  4.6909500e+01
7.5323141e-01     15650  9.9413944e+01  9.9629366e+01  3.7768803e+01
8.2032763e-01     19757  8.7072499e+01  8.6192476e+01  3.0414129e+01
8.9088605e-01     24241  7.9774182e+01  7.8996110e+01  2.5084778e+01
9.6481958e-01     29993  7.1060297e+01  7.0920118e+01  2.0949886e+01
1.0423453e+00     36494  6.5190150e+01  6.5243401e+01  1.7465632e+01
1.1237267e+00     44825  5.9307630e+01  5.9500466e+01  1.4611170e+01
1.2089588e+00     53906  5.4970269e+01  5.5125302e+01  1.2237547e+01
1.2983336e+00     65729  5.0405045e+01  5.0470253e+01  1.0273849e+01
1.3921058e+00     78746  4.6536885e+01  4.6542834e+01  8.6583910e+00
1.4900211e+00     94374  4.2818999e+01  4.2751005e+01  7.3176794e+00
1.5921784e+00    112166  3.9859482e+01  3.9744549e+01  6.2100688e+00
1.6991083e+00    134373  3.6844412e+01  3.6812644e+01  5.2988237e+00
1.8110248e+00    159077  3.4085924e+01  3.4059981e+01  4.5245682e+00
1.9277595e+00    188172  3.1667957e+01  3.1641896e+01  3.8737259e+00
2.0497441e+00    222492  2.9299962e+01  2.9267545e+01  3.3234558e+00
2.1771282e+00    261771  2.7106491e+01  2.7079673e+01  2.8584542e+00
2.3098450e+00    306759  2.5154693e+01  2.5129197e+01  2.4640128e+00
2.4484375e+00    360898  2.3210495e+01  2.3188444e+01  2.1281059e+00
2.5937215e+00    425046  2.1475946e+01  2.1456475e+01  1.8401882e+00
2.7470320e+00    505555  1.9827425e+01  1.9810488e+01  1.5915173e+00
2.9094444e+00    600292  1.8236005e+01  1.8220201e+01  1.3757732e+00
3.0813867e+00    712930  1.6775322e+01  1.6760634e+01  1.1889068e+00
3.2634403e+00    846715  1.5357997e+01  1.5344374e+01  1.0271151e+00
3.4562097e+00   1005596  1.4041128e+01  1.4028609e+01  8.8705511e-01
3.6603648e+00   1194719  1.2795092e+01  1.2783876e+01  7.6585414e-01
3.8766358e+00   1419743  1.1580989e+01  1.1570602e+01  6.6091858e-01
4.1057220e+00   1686576  1.0546127e+01  1.0536744e+01  5.7020986e-01
4.3483372e+00   2003484  9.5402102e+00  9.5315947e+00  4.9174961e-01
4.6052142e+00   2378778  8.6099005e+00  8.6021194e+00  4.2398527e-01
4.8773359e+00   2828400  7.7741577e+00  7.7670744e+00  3.6543687e-01
5.1655179e+00   3356890  6.9914123e+00  6.9850262e+00  3.1488014e-01
5.4707002e+00   3990317  6.2822665e+00  6.2764890e+00  2.7124624e-01
5.7939476e+00   4738457  5.6313547e+00  5.6262318e+00  2.3359594e-01
6.1362572e+00   5629661  5.0482462e+00  5.0435470e+00  2.0109659e-01
6.4988210e+00   6687903  4.5155431e+00  4.5113119e+00  1.7307911e-01
6.8828355e+00   7945758  4.0355645e+00  4.0317547e+00  1.4892183e-01
7.2895050e+00   9436555  3.5998015e+00  3.5963715e+00  1.2810212e-01
7.7201584e+00  11210320  3.2134184e+00  3.2104513e+00  1.1017000e-01
8.1762927e+00  13318613  2.8614145e+00  2.8587304e+00  9.4719020e-02
8.6593661e+00  15819192  2.5489398e+00  2.5465008e+00  8.1411417e-02
9.1709925e+00  18795348  2.2669118e+00  2.2647751e+00  6.9963339e-02
9.7128705e+00  22326034  2.0133566e+00  2.0114402e+00  6.0106898e-02
1.0286736e+01  26520842  1.7894206e+00  1.7876751e+00  5.1627133e-02
1.0894484e+01  31503438  1.5906950e+00  1.5891770e+00  4.4342769e-02
1.1538156e+01  37426927  1.4123784e+00  1.4110259e+00  3.8076926e-02
1.2220385e+01  44525830  1.2556899e+00  1.2544802e+00  3.2685004e-02
