# Power spectrum from CO𝘕CEPT job 4547568 at t = 2.7276758 Gyr, a = 0.29411765
#
# Components:
#   0: matter  (upstream grid size 1024)
#
#                           grid size 1024
# ╭────────────────────────────────────────────────────────────────╮
#                         component 0    (corrected)      (linear)
#                        σ₈ = 2.88e-01  σ₈ = 2.88e-01  σ₈ = 2.83e-01
#  k [Mpc⁻¹]    modes       P [Mpc³]       P [Mpc³]       P [Mpc³]
2.4543693e-02         3  7.0232055e+03  7.0232055e+03  7.0774075e+03
4.6570361e-02        25  3.7922567e+03  3.8621742e+03  3.8758934e+03
8.3521561e-02       124  1.6716425e+03  1.6453293e+03  1.6704326e+03
1.3383638e-01       418  7.7788673e+02  7.7480172e+02  7.4410059e+02
1.8592088e-01       730  4.2010612e+02  4.2856007e+02  4.1877966e+02
2.3260504e-01      1012  2.8761622e+02  2.8457544e+02  2.5120363e+02
2.7635505e-01      1408  2.1487854e+02  2.1586585e+02  1.8448962e+02
3.1919121e-01      1841  1.6070835e+02  1.5919761e+02  1.3027561e+02
3.6464415e-01      2698  1.2660460e+02  1.2664245e+02  1.0097599e+02
4.1290034e-01      3532  9.9888066e+01  9.9991931e+01  7.6577083e+01
4.6319578e-01      4702  8.0497450e+01  7.9304207e+01  5.7784748e+01
5.1570195e-01      6019  6.7955358e+01  6.8795309e+01  4.7647396e+01
5.7047444e-01      7766  5.6358019e+01  5.5840413e+01  3.6407509e+01
6.2844883e-01     10012  4.8929262e+01  4.8491571e+01  2.9303643e+01
6.8955465e-01     12589  4.1562982e+01  4.1919052e+01  2.4257377e+01
7.5323141e-01     15650  3.5956933e+01  3.6034849e+01  1.9530633e+01
8.2032763e-01     19757  3.1002524e+01  3.0689188e+01  1.5727458e+01
8.9088605e-01     24241  2.7486405e+01  2.7218318e+01  1.2971598e+01
9.6481958e-01     29993  2.4166758e+01  2.4119085e+01  1.0833404e+01
1.0423453e+00     36494  2.1378856e+01  2.1396320e+01  9.0316613e+00
1.1237267e+00     44825  1.9258079e+01  1.9320696e+01  7.5555908e+00
1.2089588e+00     53906  1.7292066e+01  1.7340835e+01  6.3281661e+00
1.2983336e+00     65729  1.5594661e+01  1.5614835e+01  5.3127177e+00
1.3921058e+00     78746  1.4130789e+01  1.4132595e+01  4.4773482e+00
1.4900211e+00     94374  1.2781692e+01  1.2761395e+01  3.7840525e+00
1.5921784e+00    112166  1.1687348e+01  1.1653648e+01  3.2112957e+00
1.6991083e+00    134373  1.0667929e+01  1.0658731e+01  2.7400816e+00
1.8110248e+00    159077  9.8113328e+00  9.8038653e+00  2.3397061e+00
1.9277595e+00    188172  9.0185940e+00  9.0111721e+00  2.0031488e+00
2.0497441e+00    222492  8.3684948e+00  8.3592358e+00  1.7185984e+00
2.1771282e+00    261771  7.7208250e+00  7.7131863e+00  1.4781412e+00
2.3098450e+00    306759  7.1438226e+00  7.1365819e+00  1.2741714e+00
2.4484375e+00    360898  6.6250751e+00  6.6187812e+00  1.1004704e+00
2.5937215e+00    425046  6.1651441e+00  6.1595545e+00  9.5158508e-01
2.7470320e+00    505555  5.7287149e+00  5.7238212e+00  8.2299472e-01
2.9094444e+00    600292  5.3279674e+00  5.3233499e+00  7.1143108e-01
3.0813867e+00    712930  4.9370021e+00  4.9326794e+00  6.1480043e-01
3.2634403e+00    846715  4.5804895e+00  4.5764264e+00  5.3113617e-01
3.4562097e+00   1005596  4.2432029e+00  4.2394197e+00  4.5870959e-01
3.6603648e+00   1194719  3.9247331e+00  3.9212928e+00  3.9603520e-01
3.8766358e+00   1419743  3.6274388e+00  3.6241854e+00  3.4177182e-01
4.1057220e+00   1686576  3.3411854e+00  3.3382128e+00  2.9486529e-01
4.3483372e+00   2003484  3.0789605e+00  3.0761800e+00  2.5429258e-01
4.6052142e+00   2378778  2.8351016e+00  2.8325394e+00  2.1925082e-01
4.8773359e+00   2828400  2.6033209e+00  2.6009489e+00  1.8897473e-01
5.1655179e+00   3356890  2.3898665e+00  2.3876836e+00  1.6283121e-01
5.4707002e+00   3990317  2.1816141e+00  2.1796078e+00  1.4026756e-01
5.7939476e+00   4738457  1.9973467e+00  1.9955297e+00  1.2079809e-01
6.1362572e+00   5629661  1.8241063e+00  1.8224083e+00  1.0399224e-01
6.4988210e+00   6687903  1.6663468e+00  1.6647854e+00  8.9504005e-02
6.8828355e+00   7945758  1.5188401e+00  1.5174062e+00  7.7011924e-02
7.2895050e+00   9436555  1.3823472e+00  1.3810301e+00  6.6245736e-02
7.7201584e+00  11210320  1.2589579e+00  1.2577954e+00  5.6972754e-02
8.1762927e+00  13318613  1.1455766e+00  1.1445020e+00  4.8982802e-02
8.6593661e+00  15819192  1.0414255e+00  1.0404290e+00  4.2101211e-02
9.1709925e+00  18795348  9.4478622e-01  9.4389568e-01  3.6181202e-02
9.7128705e+00  22326034  8.5644080e-01  8.5562563e-01  3.1084247e-02
1.0286736e+01  26520842  7.7557623e-01  7.7481970e-01  2.6699188e-02
1.0894484e+01  31503438  7.0223855e-01  7.0156840e-01  2.2932287e-02
1.1538156e+01  37426927  6.3590477e-01  6.3529581e-01  1.9692074e-02
1.2220385e+01  44525830  5.7596150e-01  5.7540666e-01  1.6903779e-02
