# Power spectrum from CO𝘕CEPT job 4547568 at t = 2.4073483 Gyr, a = 0.27027027
#
# Components:
#   0: matter  (upstream grid size 1024)
#
#                           grid size 1024
# ╭────────────────────────────────────────────────────────────────╮
#                         component 0    (corrected)      (linear)
#                        σ₈ = 2.64e-01  σ₈ = 2.64e-01  σ₈ = 2.61e-01
#  k [Mpc⁻¹]    modes       P [Mpc³]       P [Mpc³]       P [Mpc³]
2.4543693e-02         3  5.9644955e+03  5.9644955e+03  6.0058369e+03
4.6570361e-02        25  3.2198207e+03  3.2791842e+03  3.2891523e+03
8.3521561e-02       124  1.4186809e+03  1.3963496e+03  1.4175734e+03
1.3383638e-01       418  6.5722592e+02  6.5461943e+02  6.3146546e+02
1.8592088e-01       730  3.5404400e+02  3.6116855e+02  3.5538898e+02
2.3260504e-01      1012  2.4052948e+02  2.3798652e+02  2.1317902e+02
2.7635505e-01      1408  1.7908294e+02  1.7990578e+02  1.5656352e+02
3.1919121e-01      1841  1.3266217e+02  1.3141508e+02  1.1055588e+02
3.6464415e-01      2698  1.0434534e+02  1.0437653e+02  8.5691322e+01
4.1290034e-01      3532  8.1710152e+01  8.1795116e+01  6.4985668e+01
4.6319578e-01      4702  6.5357435e+01  6.4388618e+01  4.9037917e+01
5.1570195e-01      6019  5.5064304e+01  5.5744917e+01  4.0435050e+01
5.7047444e-01      7766  4.5372099e+01  4.4955390e+01  3.0896536e+01
6.2844883e-01     10012  3.9131253e+01  3.8781209e+01  2.4867977e+01
6.8955465e-01     12589  3.2905778e+01  3.3187682e+01  2.0585561e+01
7.5323141e-01     15650  2.8310800e+01  2.8372148e+01  1.6574300e+01
8.2032763e-01     19757  2.4341914e+01  2.4095896e+01  1.3346808e+01
8.9088605e-01     24241  2.1390786e+01  2.1182152e+01  1.1008100e+01
9.6481958e-01     29993  1.8722464e+01  1.8685530e+01  9.1935629e+00
1.0423453e+00     36494  1.6424346e+01  1.6437762e+01  7.6645484e+00
1.1237267e+00     44825  1.4680477e+01  1.4728210e+01  6.4119094e+00
1.2089588e+00     53906  1.3107260e+01  1.3144226e+01  5.3702789e+00
1.2983336e+00     65729  1.1744792e+01  1.1759986e+01  4.5085380e+00
1.3921058e+00     78746  1.0577206e+01  1.0578558e+01  3.7996175e+00
1.4900211e+00     94374  9.5268544e+00  9.5117263e+00  3.2112654e+00
1.5921784e+00    112166  8.6557789e+00  8.6308202e+00  2.7252062e+00
1.6991083e+00    134373  7.8557870e+00  7.8490137e+00  2.3253193e+00
1.8110248e+00    159077  7.1928334e+00  7.1873589e+00  1.9855482e+00
1.9277595e+00    188172  6.5930336e+00  6.5876078e+00  1.6999353e+00
2.0497441e+00    222492  6.0783516e+00  6.0716264e+00  1.4584570e+00
2.1771282e+00    261771  5.5857766e+00  5.5802502e+00  1.2543976e+00
2.3098450e+00    306759  5.1501163e+00  5.1448963e+00  1.0813024e+00
2.4484375e+00    360898  4.7735164e+00  4.7689814e+00  9.3389436e-01
2.5937215e+00    425046  4.4315160e+00  4.4274982e+00  8.0754565e-01
2.7470320e+00    505555  4.1068796e+00  4.1033714e+00  6.9841986e-01
2.9094444e+00    600292  3.8003472e+00  3.7970536e+00  6.0374348e-01
3.0813867e+00    712930  3.5143801e+00  3.5113030e+00  5.2173968e-01
3.2634403e+00    846715  3.2611037e+00  3.2582110e+00  4.5073958e-01
3.4562097e+00   1005596  3.0217639e+00  3.0190698e+00  3.8927611e-01
3.6603648e+00   1194719  2.8013086e+00  2.7988531e+00  3.3608866e-01
3.8766358e+00   1419743  2.5973870e+00  2.5950574e+00  2.9003905e-01
4.1057220e+00   1686576  2.3969431e+00  2.3948106e+00  2.5023269e-01
4.3483372e+00   2003484  2.2189966e+00  2.2169927e+00  2.1580140e-01
4.6052142e+00   2378778  2.0499200e+00  2.0480674e+00  1.8606385e-01
4.8773359e+00   2828400  1.8890322e+00  1.8873111e+00  1.6037059e-01
5.1655179e+00   3356890  1.7391199e+00  1.7375313e+00  1.3818437e-01
5.4707002e+00   3990317  1.5972224e+00  1.5957535e+00  1.1903613e-01
5.7939476e+00   4738457  1.4687499e+00  1.4674138e+00  1.0251372e-01
6.1362572e+00   5629661  1.3479086e+00  1.3466538e+00  8.8251725e-02
6.4988210e+00   6687903  1.2380369e+00  1.2368768e+00  7.5956538e-02
6.8828355e+00   7945758  1.1388777e+00  1.1378025e+00  6.5355349e-02
7.2895050e+00   9436555  1.0464183e+00  1.0454212e+00  5.6218806e-02
7.7201584e+00  11210320  9.6085458e-01  9.5996740e-01  4.8349445e-02
8.1762927e+00  13318613  8.8323073e-01  8.8240222e-01  4.1568902e-02
8.6593661e+00  15819192  8.1036527e-01  8.0958987e-01  3.5728951e-02
9.1709925e+00  18795348  7.4344469e-01  7.4274394e-01  3.0705028e-02
9.7128705e+00  22326034  6.8070022e-01  6.8005232e-01  2.6379575e-02
1.0286736e+01  26520842  6.2312064e-01  6.2251282e-01  2.2658260e-02
1.0894484e+01  31503438  5.6953640e-01  5.6899289e-01  1.9461532e-02
1.1538156e+01  37426927  5.2039453e-01  5.1989618e-01  1.6711770e-02
1.2220385e+01  44525830  4.7537400e-01  4.7491605e-01  1.4345518e-02
