# Power spectrum from CO𝘕CEPT job 4547568 at t = 13.790394 Gyr, a = 1
#
# Components:
#   0: matter  (upstream grid size 1024)
#
#                           grid size 1024
# ╭────────────────────────────────────────────────────────────────╮
#                         component 0    (corrected)      (linear)
#                        σ₈ = 8.39e-01  σ₈ = 8.39e-01  σ₈ = 7.62e-01
#  k [Mpc⁻¹]    modes       P [Mpc³]       P [Mpc³]       P [Mpc³]
2.4543693e-02         3  4.9658531e+04  4.9658531e+04  5.1219327e+04
4.6570361e-02        25  2.6785311e+04  2.7279150e+04  2.8035470e+04
8.3521561e-02       124  1.2824204e+04  1.2622340e+04  1.2080295e+04
1.3383638e-01       418  6.4388431e+03  6.4133073e+03  5.3808594e+03
1.8592088e-01       730  3.8871008e+03  3.9653224e+03  3.0282811e+03
2.3260504e-01      1012  2.9442149e+03  2.9130876e+03  1.8164889e+03
2.7635505e-01      1408  2.4237339e+03  2.4348704e+03  1.3340644e+03
3.1919121e-01      1841  2.1725876e+03  2.1521642e+03  9.4203449e+02
3.6464415e-01      2698  1.8041738e+03  1.8047132e+03  7.3016483e+02
4.1290034e-01      3532  1.6374174e+03  1.6391200e+03  5.5373374e+02
4.6319578e-01      4702  1.4051115e+03  1.3842830e+03  4.1784471e+02
5.1570195e-01      6019  1.2650491e+03  1.2806855e+03  3.4454066e+02
5.7047444e-01      7766  1.1717677e+03  1.1610059e+03  2.6326429e+02
6.2844883e-01     10012  1.0643236e+03  1.0548028e+03  2.1189581e+02
6.8955465e-01     12589  9.5864586e+02  9.6685857e+02  1.7540596e+02
7.5323141e-01     15650  8.8072777e+02  8.8263624e+02  1.4122664e+02
8.2032763e-01     19757  8.0942118e+02  8.0124054e+02  1.1372571e+02
8.9088605e-01     24241  7.4971194e+02  7.4239968e+02  9.3797958e+01
9.6481958e-01     29993  6.7757820e+02  6.7624155e+02  7.8336590e+01
1.0423453e+00     36494  6.2584949e+02  6.2636072e+02  6.5308118e+01
1.1237267e+00     44825  5.6702434e+02  5.6886800e+02  5.4634597e+01
1.2089588e+00     53906  5.2010681e+02  5.2157366e+02  4.5759047e+01
1.2983336e+00     65729  4.7810570e+02  4.7872422e+02  3.8416307e+01
1.3921058e+00     78746  4.3537776e+02  4.3543341e+02  3.2375724e+01
1.4900211e+00     94374  3.9839554e+02  3.9776291e+02  2.7362482e+01
1.5921784e+00    112166  3.6365648e+02  3.6260789e+02  2.3220862e+01
1.6991083e+00    134373  3.2922395e+02  3.2894009e+02  1.9813500e+01
1.8110248e+00    159077  2.9950903e+02  2.9928107e+02  1.6918375e+01
1.9277595e+00    188172  2.7317047e+02  2.7294566e+02  1.4484721e+01
2.0497441e+00    222492  2.4852661e+02  2.4825164e+02  1.2427131e+01
2.1771282e+00    261771  2.2650446e+02  2.2628037e+02  1.0688381e+01
2.3098450e+00    306759  2.0525123e+02  2.0504320e+02  9.2134717e+00
2.4484375e+00    360898  1.8559009e+02  1.8541377e+02  7.9574372e+00
2.5937215e+00    425046  1.6834222e+02  1.6818960e+02  6.8808457e+00
2.7470320e+00    505555  1.5184688e+02  1.5171717e+02  5.9510076e+00
2.9094444e+00    600292  1.3759291e+02  1.3747366e+02  5.1442903e+00
3.0813867e+00    712930  1.2473106e+02  1.2462184e+02  4.4455538e+00
3.2634403e+00    846715  1.1229238e+02  1.1219277e+02  3.8405776e+00
3.4562097e+00   1005596  1.0133216e+02  1.0124181e+02  3.3168614e+00
3.6603648e+00   1194719  9.0866364e+01  9.0786714e+01  2.8636636e+00
3.8766358e+00   1419743  8.1796533e+01  8.1723170e+01  2.4712859e+00
4.1057220e+00   1686576  7.3403411e+01  7.3338106e+01  2.1321059e+00
4.3483372e+00   2003484  6.5812083e+01  6.5752650e+01  1.8387257e+00
4.6052142e+00   2378778  5.9074459e+01  5.9021071e+01  1.5853401e+00
4.8773359e+00   2828400  5.2823338e+01  5.2775209e+01  1.3664150e+00
5.1655179e+00   3356890  4.7242435e+01  4.7199283e+01  1.1773727e+00
5.4707002e+00   3990317  4.2226777e+01  4.2187943e+01  1.0142165e+00
5.7939476e+00   4738457  3.7721774e+01  3.7687458e+01  8.7343429e-01
6.1362572e+00   5629661  3.3631286e+01  3.3599980e+01  7.5191273e-01
6.4988210e+00   6687903  2.9991275e+01  2.9963172e+01  6.4714989e-01
6.8828355e+00   7945758  2.6717670e+01  2.6692446e+01  5.5682124e-01
7.2895050e+00   9436555  2.3801937e+01  2.3779258e+01  4.7897253e-01
7.7201584e+00  11210320  2.1130116e+01  2.1110606e+01  4.1192118e-01
8.1762927e+00  13318613  1.8746071e+01  1.8728486e+01  3.5414739e-01
8.6593661e+00  15819192  1.6624349e+01  1.6608442e+01  3.0438814e-01
9.1709925e+00  18795348  1.4719519e+01  1.4705645e+01  2.6158208e-01
9.7128705e+00  22326034  1.3039590e+01  1.3027179e+01  2.2472750e-01
1.0286736e+01  26520842  1.1552353e+01  1.1541084e+01  1.9302060e-01
1.0894484e+01  31503438  1.0216070e+01  1.0206320e+01  1.6578357e-01
1.1538156e+01  37426927  9.0428589e+00  9.0341992e+00  1.4235499e-01
1.2220385e+01  44525830  7.9844680e+00  7.9767762e+00  1.2219420e-01
