# Power spectrum from CO𝘕CEPT job 4547568 at t = 2.8503019 Gyr, a = 0.3030303
#
# Components:
#   0: matter  (upstream grid size 1024)
#
#                           grid size 1024
# ╭────────────────────────────────────────────────────────────────╮
#                         component 0    (corrected)      (linear)
#                        σ₈ = 2.96e-01  σ₈ = 2.96e-01  σ₈ = 2.92e-01
#  k [Mpc⁻¹]    modes       P [Mpc³]       P [Mpc³]       P [Mpc³]
2.4543693e-02         3  7.4380703e+03  7.4380703e+03  7.4977081e+03
4.6570361e-02        25  4.0166067e+03  4.0906605e+03  4.1060238e+03
8.3521561e-02       124  1.7709454e+03  1.7430691e+03  1.7696075e+03
1.3383638e-01       418  8.2544034e+02  8.2216673e+02  7.8827754e+02
1.8592088e-01       730  4.4627109e+02  4.5525157e+02  4.4364227e+02
2.3260504e-01      1012  3.0637854e+02  3.0313940e+02  2.6611735e+02
2.7635505e-01      1408  2.2919904e+02  2.3025215e+02  1.9544257e+02
3.1919121e-01      1841  1.7203971e+02  1.7042245e+02  1.3800994e+02
3.6464415e-01      2698  1.3560404e+02  1.3564457e+02  1.0697082e+02
4.1290034e-01      3532  1.0731384e+02  1.0742542e+02  8.1123377e+01
4.6319578e-01      4702  8.6712268e+01  8.5426901e+01  6.1215361e+01
5.1570195e-01      6019  7.3249012e+01  7.4154394e+01  5.0476165e+01
5.7047444e-01      7766  6.0898918e+01  6.0339607e+01  3.8568979e+01
6.2844883e-01     10012  5.2988985e+01  5.2514978e+01  3.1043365e+01
6.8955465e-01     12589  4.5182358e+01  4.5569435e+01  2.5697508e+01
7.5323141e-01     15650  3.9176347e+01  3.9261239e+01  2.0690142e+01
8.2032763e-01     19757  3.3811065e+01  3.3469344e+01  1.6661178e+01
8.9088605e-01     24241  3.0072633e+01  2.9779322e+01  1.3741705e+01
9.6481958e-01     29993  2.6475323e+01  2.6423096e+01  1.1476569e+01
1.0423453e+00     36494  2.3495132e+01  2.3514324e+01  9.5678594e+00
1.1237267e+00     44825  2.1217529e+01  2.1286517e+01  8.0041563e+00
1.2089588e+00     53906  1.9096536e+01  1.9150394e+01  6.7038610e+00
1.2983336e+00     65729  1.7253446e+01  1.7275767e+01  5.6281267e+00
1.3921058e+00     78746  1.5668557e+01  1.5670560e+01  4.7431622e+00
1.4900211e+00     94374  1.4198284e+01  1.4175738e+01  4.0087065e+00
1.5921784e+00    112166  1.3003506e+01  1.2966010e+01  3.4019458e+00
1.6991083e+00    134373  1.1890477e+01  1.1880224e+01  2.9027563e+00
1.8110248e+00    159077  1.0950538e+01  1.0942204e+01  2.4786110e+00
1.9277595e+00    188172  1.0079116e+01  1.0070821e+01  2.1220727e+00
2.0497441e+00    222492  9.3610676e+00  9.3507104e+00  1.8206289e+00
2.1771282e+00    261771  8.6538420e+00  8.6452803e+00  1.5658961e+00
2.3098450e+00    306759  8.0114746e+00  8.0033545e+00  1.3498169e+00
2.4484375e+00    360898  7.4317488e+00  7.4246885e+00  1.1658035e+00
2.5937215e+00    425046  6.9153689e+00  6.9090992e+00  1.0080790e+00
2.7470320e+00    505555  6.4273959e+00  6.4219054e+00  8.7185443e-01
2.9094444e+00    600292  5.9791977e+00  5.9740158e+00  7.5366741e-01
3.0813867e+00    712930  5.5488573e+00  5.5439989e+00  6.5129993e-01
3.2634403e+00    846715  5.1434771e+00  5.1389145e+00  5.6266864e-01
3.4562097e+00   1005596  4.7679169e+00  4.7636659e+00  4.8594219e-01
3.6603648e+00   1194719  4.4109182e+00  4.4070517e+00  4.1954691e-01
3.8766358e+00   1419743  4.0705739e+00  4.0669230e+00  3.6206200e-01
4.1057220e+00   1686576  3.7495043e+00  3.7461685e+00  3.1237070e-01
4.3483372e+00   2003484  3.4473092e+00  3.4441961e+00  2.6938924e-01
4.6052142e+00   2378778  3.1686820e+00  3.1658183e+00  2.3226711e-01
4.8773359e+00   2828400  2.9048431e+00  2.9021964e+00  2.0019358e-01
5.1655179e+00   3356890  2.6598775e+00  2.6574479e+00  1.7249796e-01
5.4707002e+00   3990317  2.4244651e+00  2.4222355e+00  1.4859475e-01
5.7939476e+00   4738457  2.2134285e+00  2.2114149e+00  1.2796941e-01
6.1362572e+00   5629661  2.0165260e+00  2.0146489e+00  1.1016583e-01
6.4988210e+00   6687903  1.8373041e+00  1.8355825e+00  9.4817455e-02
6.8828355e+00   7945758  1.6716600e+00  1.6700818e+00  8.1583745e-02
7.2895050e+00   9436555  1.5164912e+00  1.5150463e+00  7.0178391e-02
7.7201584e+00  11210320  1.3755223e+00  1.3742523e+00  6.0354894e-02
8.1762927e+00  13318613  1.2492837e+00  1.2481118e+00  5.1890597e-02
8.6593661e+00  15819192  1.1333004e+00  1.1322160e+00  4.4600463e-02
9.1709925e+00  18795348  1.0252524e+00  1.0242860e+00  3.8328999e-02
9.7128705e+00  22326034  9.2737022e-01  9.2648754e-01  3.2929453e-02
1.0286736e+01  26520842  8.3835721e-01  8.3753943e-01  2.8284068e-02
1.0894484e+01  31503438  7.5682984e-01  7.5610759e-01  2.4293538e-02
1.1538156e+01  37426927  6.8355689e-01  6.8290229e-01  2.0860966e-02
1.2220385e+01  44525830  6.1765429e-01  6.1705928e-01  1.7907140e-02
