# Power spectrum from CO𝘕CEPT job 4547568 at t = 3.8216638 Gyr, a = 0.37037037
#
# Components:
#   0: matter  (upstream grid size 1024)
#
#                           grid size 1024
# ╭────────────────────────────────────────────────────────────────╮
#                         component 0    (corrected)      (linear)
#                        σ₈ = 3.61e-01  σ₈ = 3.61e-01  σ₈ = 3.53e-01
#  k [Mpc⁻¹]    modes       P [Mpc³]       P [Mpc³]       P [Mpc³]
2.4543693e-02         3  1.0881918e+04  1.0881918e+04  1.0994775e+04
4.6570361e-02        25  5.8795153e+03  5.9879153e+03  6.0206820e+03
8.3521561e-02       124  2.5997455e+03  2.5588232e+03  2.5947124e+03
1.3383638e-01       418  1.2256965e+03  1.2208355e+03  1.1558134e+03
1.8592088e-01       730  6.6943962e+02  6.8291100e+02  6.5048951e+02
2.3260504e-01      1012  4.6848384e+02  4.6353086e+02  3.9019356e+02
2.7635505e-01      1408  3.5421799e+02  3.5584553e+02  2.8656678e+02
3.1919121e-01      1841  2.7311185e+02  2.7054447e+02  2.0235637e+02
3.6464415e-01      2698  2.1597548e+02  2.1604004e+02  1.5684538e+02
4.1290034e-01      3532  1.7552921e+02  1.7571172e+02  1.1894668e+02
4.6319578e-01      4702  1.4417207e+02  1.4203495e+02  8.9756658e+01
5.1570195e-01      6019  1.2221651e+02  1.2372715e+02  7.4010368e+01
5.7047444e-01      7766  1.0338041e+02  1.0243094e+02  5.6551523e+01
6.2844883e-01     10012  9.1290779e+01  9.0474147e+01  4.5517135e+01
6.8955465e-01     12589  7.9726060e+01  8.0409072e+01  3.7678803e+01
7.5323141e-01     15650  7.0415269e+01  7.0567853e+01  3.0336784e+01
8.2032763e-01     19757  6.1272760e+01  6.0653489e+01  2.4429339e+01
8.9088605e-01     24241  5.5636084e+01  5.5093441e+01  2.0148680e+01
9.6481958e-01     29993  4.9302396e+01  4.9205137e+01  1.6827439e+01
1.0423453e+00     36494  4.4732422e+01  4.4768961e+01  1.4028805e+01
1.1237267e+00     44825  4.0728862e+01  4.0861290e+01  1.1736036e+01
1.2089588e+00     53906  3.7396054e+01  3.7501522e+01  9.8294863e+00
1.2983336e+00     65729  3.4092110e+01  3.4136214e+01  8.2521979e+00
1.3921058e+00     78746  3.1371310e+01  3.1375320e+01  6.9546247e+00
1.4900211e+00     94374  2.8744424e+01  2.8698779e+01  5.8777338e+00
1.5921784e+00    112166  2.6759579e+01  2.6682419e+01  4.9880751e+00
1.6991083e+00    134373  2.4459629e+01  2.4438540e+01  4.2561418e+00
1.8110248e+00    159077  2.2677648e+01  2.2660388e+01  3.6342416e+00
1.9277595e+00    188172  2.0964743e+01  2.0947490e+01  3.1114698e+00
2.0497441e+00    222492  1.9416974e+01  1.9395491e+01  2.6694800e+00
2.1771282e+00    261771  1.8104892e+01  1.8086980e+01  2.2959799e+00
2.3098450e+00    306759  1.6786723e+01  1.6769708e+01  1.9791552e+00
2.4484375e+00    360898  1.5572926e+01  1.5558131e+01  1.7093469e+00
2.5937215e+00    425046  1.4466809e+01  1.4453693e+01  1.4780846e+00
2.7470320e+00    505555  1.3430089e+01  1.3418616e+01  1.2783463e+00
2.9094444e+00    600292  1.2379562e+01  1.2368833e+01  1.1050555e+00
3.0813867e+00    712930  1.1432589e+01  1.1422579e+01  9.5495998e-01
3.2634403e+00    846715  1.0541895e+01  1.0532544e+01  8.2500506e-01
3.4562097e+00   1005596  9.7081038e+00  9.6994481e+00  7.1250554e-01
3.6603648e+00   1194719  8.8909578e+00  8.8831644e+00  6.1515402e-01
3.8766358e+00   1419743  8.1528513e+00  8.1455391e+00  5.3086726e-01
4.1057220e+00   1686576  7.4376016e+00  7.4309846e+00  4.5800784e-01
4.3483372e+00   2003484  6.7521845e+00  6.7460868e+00  3.9498668e-01
4.6052142e+00   2378778  6.1360060e+00  6.1304606e+00  3.4055672e-01
4.8773359e+00   2828400  5.5524499e+00  5.5473908e+00  2.9352922e-01
5.1655179e+00   3356890  5.0108513e+00  5.0062743e+00  2.5292081e-01
5.4707002e+00   3990317  4.5146961e+00  4.5105442e+00  2.1787299e-01
5.7939476e+00   4738457  4.0666516e+00  4.0629521e+00  1.8763133e-01
6.1362572e+00   5629661  3.6605311e+00  3.6571236e+00  1.6152704e-01
6.4988210e+00   6687903  3.2905185e+00  3.2874352e+00  1.3902269e-01
6.8828355e+00   7945758  2.9547638e+00  2.9519743e+00  1.1961895e-01
7.2895050e+00   9436555  2.6524272e+00  2.6498999e+00  1.0289602e-01
7.7201584e+00  11210320  2.3796421e+00  2.3774449e+00  8.8492469e-02
8.1762927e+00  13318613  2.1280086e+00  2.1260125e+00  7.6081838e-02
8.6593661e+00  15819192  1.9042288e+00  1.9024068e+00  6.5392814e-02
9.1709925e+00  18795348  1.7019808e+00  1.7003766e+00  5.6197405e-02
9.7128705e+00  22326034  1.5197879e+00  1.5183414e+00  4.8280437e-02
1.0286736e+01  26520842  1.3553743e+00  1.3540522e+00  4.1469249e-02
1.0894484e+01  31503438  1.2108713e+00  1.2097158e+00  3.5618237e-02
1.1538156e+01  37426927  1.0806140e+00  1.0795792e+00  3.0585325e-02
1.2220385e+01  44525830  9.6457606e-01  9.6364684e-01  2.6254369e-02
