# Power spectrum from CO𝘕CEPT job 4563714 at t = 11.277962 Gyr, a = 0.83333333
#
# Components:
#   0: matter  (upstream grid size 1024)
#
#                           grid size 1024
# ╭────────────────────────────────────────────────────────────────╮
#                         component 0    (corrected)      (linear)
#                        σ₈ = 7.10e-01  σ₈ = 7.08e-01  σ₈ = 6.56e-01
#  k [Mpc⁻¹]    modes       P [Mpc³]       P [Mpc³]       P [Mpc³]
2.4543693e-02         3  3.9147946e+04  3.9147946e+04  4.0155424e+04
4.6570361e-02        25  2.0403168e+04  2.0709439e+04  2.1082830e+04
8.3521561e-02       124  9.4152179e+03  9.2044333e+03  8.9732506e+03
1.3383638e-01       418  4.6004666e+03  4.5478502e+03  3.9031911e+03
1.8592088e-01       730  2.6980852e+03  2.7588294e+03  2.2745944e+03
2.3260504e-01      1012  2.0036500e+03  1.9895549e+03  1.3013517e+03
2.7635505e-01      1408  1.6372322e+03  1.6392897e+03  9.9337495e+02
3.1919121e-01      1841  1.4170838e+03  1.4092150e+03  6.7116854e+02
3.6464415e-01      2698  1.1458525e+03  1.1385738e+03  5.3925844e+02
4.1290034e-01      3532  1.0190701e+03  1.0274582e+03  3.9829159e+02
4.6319578e-01      4702  8.8531575e+02  8.6847800e+02  3.0181829e+02
5.1570195e-01      6019  8.0278429e+02  8.1178463e+02  2.5334827e+02
5.7047444e-01      7766  7.3175488e+02  7.3100082e+02  1.8691098e+02
6.2844883e-01     10012  6.5256156e+02  6.4225213e+02  1.5378983e+02
6.8955465e-01     12589  5.9436209e+02  5.9612073e+02  1.2801767e+02
7.5323141e-01     15650  5.4802536e+02  5.5269972e+02  1.0114182e+02
8.2032763e-01     19757  5.0750149e+02  5.0590204e+02  8.1127910e+01
8.9088605e-01     24241  4.7004959e+02  4.6528512e+02  6.7487664e+01
9.6481958e-01     29993  4.2364429e+02  4.2019450e+02  5.6736178e+01
1.0423453e+00     36494  3.9256529e+02  3.9040920e+02  4.7208558e+01
1.1237267e+00     44825  3.5847020e+02  3.5693595e+02  3.9496882e+01
1.2089588e+00     53906  3.2975384e+02  3.2884353e+02  3.2977608e+01
1.2983336e+00     65729  3.0333890e+02  3.0248187e+02  2.7656059e+01
1.3921058e+00     78746  2.7879150e+02  2.7791163e+02  2.3281302e+01
1.4900211e+00     94374  2.5552971e+02  2.5473711e+02  1.9657876e+01
1.5921784e+00    112166  2.3271408e+02  2.3251964e+02  1.6647570e+01
1.6991083e+00    134373  2.1161485e+02  2.1164192e+02  1.4177217e+01
1.8110248e+00    159077  1.9204758e+02  1.9179069e+02  1.2120695e+01
1.9277595e+00    188172  1.7623294e+02  1.7601523e+02  1.0374393e+01
2.0497441e+00    222492  1.6015163e+02  1.6008364e+02  8.8900278e+00
2.1771282e+00    261771  1.4542089e+02  1.4529512e+02  7.6484245e+00
2.3098450e+00    306759  1.3193578e+02  1.3183392e+02  6.5903923e+00
2.4484375e+00    360898  1.1971382e+02  1.1961257e+02  5.6906156e+00
2.5937215e+00    425046  1.0808408e+02  1.0799398e+02  4.9184789e+00
2.7470320e+00    505555  9.8023243e+01  9.7936506e+01  4.2526503e+00
2.9094444e+00    600292  8.8685527e+01  8.8605893e+01  3.6755329e+00
3.0813867e+00    712930  7.9441555e+01  7.9371215e+01  3.1752572e+00
3.2634403e+00    846715  7.1489694e+01  7.1426105e+01  2.7424414e+00
3.4562097e+00   1005596  6.4490100e+01  6.4433381e+01  2.3677364e+00
3.6603648e+00   1194719  5.7871935e+01  5.7820654e+01  2.0436355e+00
3.8766358e+00   1419743  5.1762531e+01  5.1716011e+01  1.7633425e+00
4.1057220e+00   1686576  4.6619066e+01  4.6577220e+01  1.5207726e+00
4.3483372e+00   2003484  4.1856994e+01  4.1819269e+01  1.3112943e+00
4.6052142e+00   2378778  3.7456431e+01  3.7422471e+01  1.1303878e+00
4.8773359e+00   2828400  3.3455420e+01  3.3424902e+01  9.7405849e-01
5.1655179e+00   3356890  2.9900765e+01  2.9873473e+01  8.3911582e-01
5.4707002e+00   3990317  2.6674776e+01  2.6650433e+01  7.2263589e-01
5.7939476e+00   4738457  2.3747350e+01  2.3725272e+01  6.2212094e-01
6.1362572e+00   5629661  2.1151791e+01  2.1132557e+01  5.3552017e-01
6.4988210e+00   6687903  1.8822233e+01  1.8804655e+01  4.6079423e-01
6.8828355e+00   7945758  1.6711643e+01  1.6696154e+01  3.9639267e-01
7.2895050e+00   9436555  1.4806029e+01  1.4792322e+01  3.4090602e-01
7.7201584e+00  11210320  1.3118715e+01  1.3106239e+01  2.9311509e-01
8.1762927e+00  13318613  1.1621206e+01  1.1610197e+01  2.5194474e-01
8.6593661e+00  15819192  1.0282433e+01  1.0272828e+01  2.1652875e-01
9.1709925e+00  18795348  9.1046501e+00  9.0959533e+00  1.8602341e-01
9.7128705e+00  22326034  8.0505807e+00  8.0429004e+00  1.5979748e-01
1.0286736e+01  26520842  7.1127583e+00  7.1057968e+00  1.3722371e-01
1.0894484e+01  31503438  6.2793074e+00  6.2733116e+00  1.1785558e-01
1.1538156e+01  37426927  5.5436296e+00  5.5383179e+00  1.0119642e-01
1.2220385e+01  44525830  4.8868874e+00  4.8821771e+00  8.6861483e-02
