# Power spectrum from CO𝘕CEPT job 4563714 at t = 10.261595 Gyr, a = 0.76923077
#
# Components:
#   0: matter  (upstream grid size 1024)
#
#                           grid size 1024
# ╭────────────────────────────────────────────────────────────────╮
#                         component 0    (corrected)      (linear)
#                        σ₈ = 6.69e-01  σ₈ = 6.68e-01  σ₈ = 6.23e-01
#  k [Mpc⁻¹]    modes       P [Mpc³]       P [Mpc³]       P [Mpc³]
2.4543693e-02         3  3.5311112e+04  3.5311112e+04  3.6151523e+04
4.6570361e-02        25  1.8407076e+04  1.8683384e+04  1.8981298e+04
8.3521561e-02       124  8.4198745e+03  8.2313732e+03  8.0789133e+03
1.3383638e-01       418  4.0915123e+03  4.0447169e+03  3.5141886e+03
1.8592088e-01       730  2.3804573e+03  2.4340504e+03  2.0479055e+03
2.3260504e-01      1012  1.7584589e+03  1.7460886e+03  1.1716582e+03
2.7635505e-01      1408  1.4283476e+03  1.4301426e+03  8.9437487e+02
3.1919121e-01      1841  1.2205074e+03  1.2137302e+03  6.0427978e+02
3.6464415e-01      2698  9.8144020e+02  9.7520589e+02  4.8551594e+02
4.1290034e-01      3532  8.7038147e+02  8.7754572e+02  3.5859789e+02
4.6319578e-01      4702  7.5851463e+02  7.4408851e+02  2.7173913e+02
5.1570195e-01      6019  6.8412581e+02  6.9179582e+02  2.2809963e+02
5.7047444e-01      7766  6.1698907e+02  6.1635327e+02  1.6828348e+02
6.2844883e-01     10012  5.4932733e+02  5.4064884e+02  1.3846318e+02
6.8955465e-01     12589  4.9937523e+02  5.0085282e+02  1.1525947e+02
7.5323141e-01     15650  4.6121750e+02  4.6515143e+02  9.1062064e+01
8.2032763e-01     19757  4.2602128e+02  4.2467862e+02  7.3042734e+01
8.9088605e-01     24241  3.8987951e+02  3.8592765e+02  6.0761870e+01
9.6481958e-01     29993  3.5319775e+02  3.5032162e+02  5.1081875e+01
1.0423453e+00     36494  3.2686188e+02  3.2506666e+02  4.2503774e+01
1.1237267e+00     44825  2.9661221e+02  2.9534271e+02  3.5560641e+01
1.2089588e+00     53906  2.7335219e+02  2.7259758e+02  2.9691076e+01
1.2983336e+00     65729  2.5287895e+02  2.5216449e+02  2.4899870e+01
1.3921058e+00     78746  2.3153822e+02  2.3080748e+02  2.0961100e+01
1.4900211e+00     94374  2.1079694e+02  2.1014310e+02  1.7698783e+01
1.5921784e+00    112166  1.9185272e+02  1.9169241e+02  1.4988483e+01
1.6991083e+00    134373  1.7465287e+02  1.7467521e+02  1.2764325e+01
1.8110248e+00    159077  1.5972954e+02  1.5951588e+02  1.0912754e+01
1.9277595e+00    188172  1.4558331e+02  1.4540346e+02  9.3404878e+00
2.0497441e+00    222492  1.3242921e+02  1.3237299e+02  8.0040541e+00
2.1771282e+00    261771  1.1995060e+02  1.1984686e+02  6.8861884e+00
2.3098450e+00    306759  1.0920515e+02  1.0912084e+02  5.9335992e+00
2.4484375e+00    360898  9.8813240e+01  9.8729668e+01  5.1234938e+00
2.5937215e+00    425046  8.9535364e+01  8.9460726e+01  4.4283079e+00
2.7470320e+00    505555  8.1053059e+01  8.0981339e+01  3.8288354e+00
2.9094444e+00    600292  7.3310754e+01  7.3244926e+01  3.3092332e+00
3.0813867e+00    712930  6.5995565e+01  6.5937130e+01  2.8588147e+00
3.2634403e+00    846715  5.9599775e+01  5.9546762e+01  2.4691331e+00
3.4562097e+00   1005596  5.3658937e+01  5.3611744e+01  2.1317709e+00
3.6603648e+00   1194719  4.8302715e+01  4.8259913e+01  1.8399697e+00
3.8766358e+00   1419743  4.3357269e+01  4.3318302e+01  1.5876105e+00
4.1057220e+00   1686576  3.8899182e+01  3.8864265e+01  1.3692150e+00
4.3483372e+00   2003484  3.4795546e+01  3.4764185e+01  1.1806132e+00
4.6052142e+00   2378778  3.1055944e+01  3.1027788e+01  1.0177357e+00
4.8773359e+00   2828400  2.7836074e+01  2.7810682e+01  8.7698601e-01
5.1655179e+00   3356890  2.4869276e+01  2.4846577e+01  7.5549161e-01
5.4707002e+00   3990317  2.2184041e+01  2.2163796e+01  6.5061997e-01
5.7939476e+00   4738457  1.9783724e+01  1.9765331e+01  5.6012224e-01
6.1362572e+00   5629661  1.7614265e+01  1.7598248e+01  4.8215201e-01
6.4988210e+00   6687903  1.5692057e+01  1.5677403e+01  4.1487317e-01
6.8828355e+00   7945758  1.3943334e+01  1.3930410e+01  3.5688979e-01
7.2895050e+00   9436555  1.2388652e+01  1.2377182e+01  3.0693287e-01
7.7201584e+00  11210320  1.1007463e+01  1.0996994e+01  2.6390471e-01
8.1762927e+00  13318613  9.7494789e+00  9.7402430e+00  2.2683733e-01
8.6593661e+00  15819192  8.6316630e+00  8.6235999e+00  1.9495084e-01
9.1709925e+00  18795348  7.6422174e+00  7.6349175e+00  1.6748560e-01
9.7128705e+00  22326034  6.7611392e+00  6.7546890e+00  1.4387329e-01
1.0286736e+01  26520842  5.9727508e+00  5.9669051e+00  1.2354917e-01
1.0894484e+01  31503438  5.2796952e+00  5.2746538e+00  1.0611122e-01
1.1538156e+01  37426927  4.6592009e+00  4.6547366e+00  9.1112263e-02
1.2220385e+01  44525830  4.1091750e+00  4.1052143e+00  7.8205905e-02
