# Power spectrum from CO𝘕CEPT job 4563714 at t = 3.2779515 Gyr, a = 0.33333333
#
# Components:
#   0: matter  (upstream grid size 1024)
#
#                           grid size 1024
# ╭────────────────────────────────────────────────────────────────╮
#                         component 0    (corrected)      (linear)
#                        σ₈ = 3.12e-01  σ₈ = 3.11e-01  σ₈ = 3.06e-01
#  k [Mpc⁻¹]    modes       P [Mpc³]       P [Mpc³]       P [Mpc³]
2.4543693e-02         3  8.6374354e+03  8.6374354e+03  8.7133903e+03
4.6570361e-02        25  4.4970638e+03  4.5645690e+03  4.5766169e+03
8.3521561e-02       124  1.9650154e+03  1.9210233e+03  1.9481957e+03
1.3383638e-01       418  9.0514899e+02  8.9479662e+02  8.4747016e+02
1.8592088e-01       730  4.9266296e+02  5.0375468e+02  4.9387348e+02
2.3260504e-01      1012  3.3378310e+02  3.3143504e+02  2.8255909e+02
2.7635505e-01      1408  2.5341902e+02  2.5373749e+02  2.1568964e+02
3.1919121e-01      1841  1.8908029e+02  1.8803037e+02  1.4572988e+02
3.6464415e-01      2698  1.4983135e+02  1.4887959e+02  1.1708860e+02
4.1290034e-01      3532  1.1871008e+02  1.1968720e+02  8.6480718e+01
4.6319578e-01      4702  9.6318595e+01  9.4486720e+01  6.5533607e+01
5.1570195e-01      6019  8.1385671e+01  8.2298118e+01  5.5009378e+01
5.7047444e-01      7766  6.7799347e+01  6.7729480e+01  4.0583905e+01
6.2844883e-01     10012  5.9171863e+01  5.8237042e+01  3.3392339e+01
6.8955465e-01     12589  5.0712965e+01  5.0863018e+01  2.7796449e+01
7.5323141e-01     15650  4.4110067e+01  4.4486303e+01  2.1960910e+01
8.2032763e-01     19757  3.8073209e+01  3.7953217e+01  1.7615298e+01
8.9088605e-01     24241  3.4036770e+01  3.3691770e+01  1.4653597e+01
9.6481958e-01     29993  2.9985207e+01  2.9741034e+01  1.2319131e+01
1.0423453e+00     36494  2.6724856e+01  2.6578075e+01  1.0250402e+01
1.1237267e+00     44825  2.4201188e+01  2.4097607e+01  8.5759674e+00
1.2089588e+00     53906  2.1860374e+01  2.1800027e+01  7.1604387e+00
1.2983336e+00     65729  1.9786186e+01  1.9730284e+01  6.0049715e+00
1.3921058e+00     78746  1.8025904e+01  1.7969014e+01  5.0550811e+00
1.4900211e+00     94374  1.6382037e+01  1.6331224e+01  4.2683268e+00
1.5921784e+00    112166  1.5025314e+01  1.5012760e+01  3.6146991e+00
1.6991083e+00    134373  1.3760470e+01  1.3762230e+01  3.0783114e+00
1.8110248e+00    159077  1.2687475e+01  1.2670504e+01  2.6317786e+00
1.9277595e+00    188172  1.1703785e+01  1.1689327e+01  2.2526039e+00
2.0497441e+00    222492  1.0865668e+01  1.0861055e+01  1.9303036e+00
2.1771282e+00    261771  1.0080293e+01  1.0071575e+01  1.6607141e+00
2.3098450e+00    306759  9.3241430e+00  9.3169445e+00  1.4309833e+00
2.4484375e+00    360898  8.6627525e+00  8.6554258e+00  1.2356145e+00
2.5937215e+00    425046  8.0482925e+00  8.0415833e+00  1.0679602e+00
2.7470320e+00    505555  7.4709928e+00  7.4643821e+00  9.2338860e-01
2.9094444e+00    600292  6.9353851e+00  6.9291576e+00  7.9807883e-01
3.0813867e+00    712930  6.4423907e+00  6.4366864e+00  6.8945369e-01
3.2634403e+00    846715  5.9631865e+00  5.9578824e+00  5.9547612e-01
3.4562097e+00   1005596  5.5174594e+00  5.5126068e+00  5.1411614e-01
3.6603648e+00   1194719  5.1038176e+00  5.0992951e+00  4.4374383e-01
3.8766358e+00   1419743  4.6951763e+00  4.6909566e+00  3.8288353e-01
4.1057220e+00   1686576  4.3234861e+00  4.3196052e+00  3.3021405e-01
4.3483372e+00   2003484  3.9652292e+00  3.9616554e+00  2.8472977e-01
4.6052142e+00   2378778  3.6331360e+00  3.6298420e+00  2.4544928e-01
4.8773359e+00   2828400  3.3240291e+00  3.3209969e+00  2.1150523e-01
5.1655179e+00   3356890  3.0318093e+00  3.0290421e+00  1.8220487e-01
5.4707002e+00   3990317  2.7549635e+00  2.7524493e+00  1.5691333e-01
5.7939476e+00   4738457  2.5047300e+00  2.5024013e+00  1.3508827e-01
6.1362572e+00   5629661  2.2745153e+00  2.2724470e+00  1.1628440e-01
6.4988210e+00   6687903  2.0650382e+00  2.0631097e+00  1.0005893e-01
6.8828355e+00   7945758  1.8726955e+00  1.8709598e+00  8.6075186e-02
7.2895050e+00   9436555  1.6952160e+00  1.6936466e+00  7.4027145e-02
7.7201584e+00  11210320  1.5307876e+00  1.5293318e+00  6.3650083e-02
8.1762927e+00  13318613  1.3830315e+00  1.3817214e+00  5.4710551e-02
8.6593661e+00  15819192  1.2501823e+00  1.2490145e+00  4.7020471e-02
9.1709925e+00  18795348  1.1280288e+00  1.1269513e+00  4.0396643e-02
9.7128705e+00  22326034  1.0168450e+00  1.0158749e+00  3.4702011e-02
1.0286736e+01  26520842  9.1609768e-01  9.1520106e-01  2.9800379e-02
1.0894484e+01  31503438  8.2525711e-01  8.2446911e-01  2.5594797e-02
1.1538156e+01  37426927  7.4326736e-01  7.4255518e-01  2.1977417e-02
1.2220385e+01  44525830  6.6981756e-01  6.6917194e-01  1.8864698e-02
