# Power spectrum from CO𝘕CEPT job 4563714 at t = 4.8106637 Gyr, a = 0.43478261
#
# Components:
#   0: matter  (upstream grid size 1024)
#
#                           grid size 1024
# ╭────────────────────────────────────────────────────────────────╮
#                         component 0    (corrected)      (linear)
#                        σ₈ = 4.04e-01  σ₈ = 4.04e-01  σ₈ = 3.92e-01
#  k [Mpc⁻¹]    modes       P [Mpc³]       P [Mpc³]       P [Mpc³]
2.4543693e-02         3  1.4146578e+04  1.4146578e+04  1.4320752e+04
4.6570361e-02        25  7.3713534e+03  7.4820043e+03  7.5210055e+03
8.3521561e-02       124  3.2398250e+03  3.1672929e+03  3.2014497e+03
1.3383638e-01       418  1.5171595e+03  1.4998075e+03  1.3926216e+03
1.8592088e-01       730  8.3791958e+02  8.5678434e+02  8.1156383e+02
2.3260504e-01      1012  5.8459999e+02  5.8048750e+02  4.6431805e+02
2.7635505e-01      1408  4.4946312e+02  4.5002797e+02  3.5443387e+02
3.1919121e-01      1841  3.4953208e+02  3.4759120e+02  2.3947175e+02
3.6464415e-01      2698  2.7704192e+02  2.7528210e+02  1.9240668e+02
4.1290034e-01      3532  2.2930590e+02  2.3119335e+02  1.4211002e+02
4.6319578e-01      4702  1.8958816e+02  1.8598240e+02  1.0768852e+02
5.1570195e-01      6019  1.6101971e+02  1.6282497e+02  9.0394498e+01
5.7047444e-01      7766  1.3696373e+02  1.3682259e+02  6.6689741e+01
6.2844883e-01     10012  1.2196345e+02  1.2003662e+02  5.4872151e+01
6.8955465e-01     12589  1.0745971e+02  1.0777767e+02  4.5676667e+01
7.5323141e-01     15650  9.5917609e+01  9.6735735e+01  3.6087383e+01
8.2032763e-01     19757  8.3845471e+01  8.3581222e+01  2.8946430e+01
8.9088605e-01     24241  7.6754132e+01  7.5976145e+01  2.4079597e+01
9.6481958e-01     29993  6.8335540e+01  6.7779075e+01  2.0243472e+01
1.0423453e+00     36494  6.2593790e+01  6.2250006e+01  1.6844020e+01
1.1237267e+00     44825  5.6899277e+01  5.6655749e+01  1.4092496e+01
1.2089588e+00     53906  5.2689181e+01  5.2543729e+01  1.1766421e+01
1.2983336e+00     65729  4.8316366e+01  4.8179857e+01  9.8676931e+00
1.3921058e+00     78746  4.4565616e+01  4.4424966e+01  8.3067807e+00
1.4900211e+00     94374  4.0985106e+01  4.0857979e+01  7.0139425e+00
1.5921784e+00    112166  3.8128675e+01  3.8096816e+01  5.9398654e+00
1.6991083e+00    134373  3.5218052e+01  3.5222556e+01  5.0584436e+00
1.8110248e+00    159077  3.2574120e+01  3.2530548e+01  4.3246763e+00
1.9277595e+00    188172  3.0245697e+01  3.0208333e+01  3.7015957e+00
2.0497441e+00    222492  2.7980463e+01  2.7968584e+01  3.1719741e+00
2.1771282e+00    261771  2.5885279e+01  2.5862891e+01  2.7289699e+00
2.3098450e+00    306759  2.4016033e+01  2.3997492e+01  2.3514637e+00
2.4484375e+00    360898  2.2164166e+01  2.2145420e+01  2.0304232e+00
2.5937215e+00    425046  2.0518629e+01  2.0501524e+01  1.7549245e+00
2.7470320e+00    505555  1.8944776e+01  1.8928013e+01  1.5173566e+00
2.9094444e+00    600292  1.7422940e+01  1.7407295e+01  1.3114409e+00
3.0813867e+00    712930  1.6035170e+01  1.6020972e+01  1.1329422e+00
3.2634403e+00    846715  1.4678265e+01  1.4665209e+01  9.7851323e-01
3.4562097e+00   1005596  1.3426528e+01  1.3414720e+01  8.4481819e-01
3.6603648e+00   1194719  1.2238300e+01  1.2227455e+01  7.2917871e-01
3.8766358e+00   1419743  1.1092098e+01  1.1082129e+01  6.2916987e-01
4.1057220e+00   1686576  1.0110098e+01  1.0101023e+01  5.4262065e-01
4.3483372e+00   2003484  9.1463122e+00  9.1380688e+00  4.6787852e-01
4.6052142e+00   2378778  8.2573044e+00  8.2498180e+00  4.0333082e-01
4.8773359e+00   2828400  7.4569621e+00  7.4501597e+00  3.4755224e-01
5.1655179e+00   3356890  6.7046784e+00  6.6985588e+00  2.9940443e-01
5.4707002e+00   3990317  6.0273676e+00  6.0218670e+00  2.5784413e-01
5.7939476e+00   4738457  5.4071795e+00  5.4021524e+00  2.2198014e-01
6.1362572e+00   5629661  4.8464278e+00  4.8420209e+00  1.9108074e-01
6.4988210e+00   6687903  4.3382260e+00  4.3341747e+00  1.6441828e-01
6.8828355e+00   7945758  3.8799129e+00  3.8763168e+00  1.4143957e-01
7.2895050e+00   9436555  3.4621213e+00  3.4589162e+00  1.2164170e-01
7.7201584e+00  11210320  3.0931284e+00  3.0901867e+00  1.0458967e-01
8.1762927e+00  13318613  2.7550013e+00  2.7523914e+00  8.9899868e-02
8.6593661e+00  15819192  2.4543322e+00  2.4520396e+00  7.7263229e-02
9.1709925e+00  18795348  2.1830058e+00  2.1809205e+00  6.6378713e-02
9.7128705e+00  22326034  1.9394236e+00  1.9375734e+00  5.7021099e-02
1.0286736e+01  26520842  1.7240099e+00  1.7223226e+00  4.8966582e-02
1.0894484e+01  31503438  1.5329364e+00  1.5314726e+00  4.2055848e-02
1.1538156e+01  37426927  1.3622655e+00  1.3609602e+00  3.6111676e-02
1.2220385e+01  44525830  1.2117189e+00  1.2105510e+00  3.0996792e-02
