# Power spectrum from CO𝘕CEPT job 4563714 at t = 5.1230837 Gyr, a = 0.45454545
#
# Components:
#   0: matter  (upstream grid size 1024)
#
#                           grid size 1024
# ╭────────────────────────────────────────────────────────────────╮
#                         component 0    (corrected)      (linear)
#                        σ₈ = 4.22e-01  σ₈ = 4.21e-01  σ₈ = 4.08e-01
#  k [Mpc⁻¹]    modes       P [Mpc³]       P [Mpc³]       P [Mpc³]
2.4543693e-02         3  1.5320801e+04  1.5320801e+04  1.5520219e+04
4.6570361e-02        25  7.9841503e+03  8.1039999e+03  8.1507866e+03
8.3521561e-02       124  3.5147861e+03  3.4360982e+03  3.4695020e+03
1.3383638e-01       418  1.6505892e+03  1.6317111e+03  1.5092201e+03
1.8592088e-01       730  9.1460819e+02  9.3519951e+02  8.7951211e+02
2.3260504e-01      1012  6.4128813e+02  6.3677686e+02  5.0319298e+02
2.7635505e-01      1408  4.9453052e+02  4.9515201e+02  3.8410871e+02
3.1919121e-01      1841  3.8733831e+02  3.8518749e+02  2.5952141e+02
3.6464415e-01      2698  3.0706614e+02  3.0511559e+02  2.0851583e+02
4.1290034e-01      3532  2.5634597e+02  2.5845599e+02  1.5400810e+02
4.6319578e-01      4702  2.1260949e+02  2.0856589e+02  1.1670467e+02
5.1570195e-01      6019  1.8081716e+02  1.8284437e+02  9.7962716e+01
5.7047444e-01      7766  1.5412290e+02  1.5396408e+02  7.2273293e+01
6.2844883e-01     10012  1.3765386e+02  1.3547915e+02  5.9466282e+01
6.8955465e-01     12589  1.2174268e+02  1.2210290e+02  4.9500912e+01
7.5323141e-01     15650  1.0906284e+02  1.0999309e+02  3.9108771e+01
8.2032763e-01     19757  9.5619298e+01  9.5317942e+01  3.1369947e+01
8.9088605e-01     24241  8.7750728e+01  8.6861278e+01  2.6095642e+01
9.6481958e-01     29993  7.8344892e+01  7.7706920e+01  2.1938340e+01
1.0423453e+00     36494  7.1937541e+01  7.1542438e+01  1.8254271e+01
1.1237267e+00     44825  6.5382926e+01  6.5103088e+01  1.5272378e+01
1.2089588e+00     53906  6.0642369e+01  6.0474962e+01  1.2751554e+01
1.2983336e+00     65729  5.5745719e+01  5.5588219e+01  1.0693857e+01
1.3921058e+00     78746  5.1401284e+01  5.1239060e+01  9.0022581e+00
1.4900211e+00     94374  4.7454739e+01  4.7307545e+01  7.6011780e+00
1.5921784e+00    112166  4.3982018e+01  4.3945268e+01  6.4371747e+00
1.6991083e+00    134373  4.0723223e+01  4.0728431e+01  5.4819566e+00
1.8110248e+00    159077  3.7672031e+01  3.7621639e+01  4.6867552e+00
1.9277595e+00    188172  3.4966655e+01  3.4923458e+01  4.0115076e+00
2.0497441e+00    222492  3.2375828e+01  3.2362083e+01  3.4375439e+00
2.1771282e+00    261771  2.9899324e+01  2.9873465e+01  2.9574495e+00
2.3098450e+00    306759  2.7727153e+01  2.7705747e+01  2.5483370e+00
2.4484375e+00    360898  2.5572389e+01  2.5550760e+01  2.2004176e+00
2.5937215e+00    425046  2.3594196e+01  2.3574528e+01  1.9018531e+00
2.7470320e+00    505555  2.1698032e+01  2.1678832e+01  1.6443950e+00
2.9094444e+00    600292  1.9936610e+01  1.9918708e+01  1.4212392e+00
3.0813867e+00    712930  1.8299462e+01  1.8283259e+01  1.2277959e+00
3.2634403e+00    846715  1.6701735e+01  1.6686879e+01  1.0604375e+00
3.4562097e+00   1005596  1.5248886e+01  1.5235475e+01  9.1554897e-01
3.6603648e+00   1194719  1.3873873e+01  1.3861579e+01  7.9022768e-01
3.8766358e+00   1419743  1.2540975e+01  1.2529704e+01  6.8184572e-01
4.1057220e+00   1686576  1.1357579e+01  1.1347384e+01  5.8805025e-01
4.3483372e+00   2003484  1.0269416e+01  1.0260161e+01  5.0705043e-01
4.6052142e+00   2378778  9.2565163e+00  9.2481240e+00  4.3709855e-01
4.8773359e+00   2828400  8.3322458e+00  8.3246451e+00  3.7664998e-01
5.1655179e+00   3356890  7.4841100e+00  7.4772789e+00  3.2447106e-01
5.4707002e+00   3990317  6.7192951e+00  6.7131631e+00  2.7943119e-01
5.7939476e+00   4738457  6.0140011e+00  6.0084099e+00  2.4056453e-01
6.1362572e+00   5629661  5.3860607e+00  5.3811631e+00  2.0707813e-01
6.4988210e+00   6687903  4.8144158e+00  4.8099198e+00  1.7818340e-01
6.8828355e+00   7945758  4.2985150e+00  4.2945308e+00  1.5328083e-01
7.2895050e+00   9436555  3.8277463e+00  3.8242026e+00  1.3182543e-01
7.7201584e+00  11210320  3.4108022e+00  3.4075584e+00  1.1334575e-01
8.1762927e+00  13318613  3.0375295e+00  3.0346520e+00  9.7426080e-02
8.6593661e+00  15819192  2.7024905e+00  2.6999661e+00  8.3731470e-02
9.1709925e+00  18795348  2.4043187e+00  2.4020221e+00  7.1935677e-02
9.7128705e+00  22326034  2.1356927e+00  2.1336552e+00  6.1794623e-02
1.0286736e+01  26520842  1.8969093e+00  1.8950527e+00  5.3065768e-02
1.0894484e+01  31503438  1.6848167e+00  1.6832079e+00  4.5576456e-02
1.1538156e+01  37426927  1.4965821e+00  1.4951481e+00  3.9134631e-02
1.2220385e+01  44525830  1.3284129e+00  1.3271325e+00  3.3591524e-02
