# Power spectrum from CO𝘕CEPT job 4563714 at t = 2.9820513 Gyr, a = 0.3125
#
# Components:
#   0: matter  (upstream grid size 1024)
#
#                           grid size 1024
# ╭────────────────────────────────────────────────────────────────╮
#                         component 0    (corrected)      (linear)
#                        σ₈ = 2.93e-01  σ₈ = 2.92e-01  σ₈ = 2.87e-01
#  k [Mpc⁻¹]    modes       P [Mpc³]       P [Mpc³]       P [Mpc³]
2.4543693e-02         3  7.6374421e+03  7.6374421e+03  7.6993214e+03
4.6570361e-02        25  3.9756093e+03  4.0352869e+03  4.0440866e+03
8.3521561e-02       124  1.7359684e+03  1.6971041e+03  1.7215206e+03
1.3383638e-01       418  7.9662095e+02  7.8750984e+02  7.4886787e+02
1.8592088e-01       730  4.3261685e+02  4.4235671e+02  4.3641218e+02
2.3260504e-01      1012  2.9109320e+02  2.8904544e+02  2.4968392e+02
2.7635505e-01      1408  2.2053993e+02  2.2081708e+02  1.9059463e+02
3.1919121e-01      1841  1.6303713e+02  1.6213182e+02  1.2877454e+02
3.6464415e-01      2698  1.2919097e+02  1.2837032e+02  1.0346562e+02
4.1290034e-01      3532  1.0154925e+02  1.0238512e+02  7.6418897e+01
4.6319578e-01      4702  8.1958949e+01  8.0400179e+01  5.7908934e+01
5.1570195e-01      6019  6.9159305e+01  6.9934678e+01  4.8609175e+01
5.7047444e-01      7766  5.7284648e+01  5.7225617e+01  3.5862071e+01
6.2844883e-01     10012  4.9768283e+01  4.8982024e+01  2.9507226e+01
6.8955465e-01     12589  4.2299094e+01  4.2424251e+01  2.4562404e+01
7.5323141e-01     15650  3.6596993e+01  3.6909145e+01  1.9405816e+01
8.2032763e-01     19757  3.1523691e+01  3.1424340e+01  1.5565805e+01
8.9088605e-01     24241  2.7978824e+01  2.7695228e+01  1.2948690e+01
9.6481958e-01     29993  2.4586513e+01  2.4386302e+01  1.0885833e+01
1.0423453e+00     36494  2.1759665e+01  2.1640154e+01  9.0577953e+00
1.1237267e+00     44825  1.9606298e+01  1.9522383e+01  7.5781770e+00
1.2089588e+00     53906  1.7611033e+01  1.7562417e+01  6.3273414e+00
1.2983336e+00     65729  1.5882516e+01  1.5837643e+01  5.3063099e+00
1.3921058e+00     78746  1.4397942e+01  1.4352502e+01  4.4669367e+00
1.4900211e+00     94374  1.3024840e+01  1.2984440e+01  3.7717192e+00
1.5921784e+00    112166  1.1905557e+01  1.1895609e+01  3.1941394e+00
1.6991083e+00    134373  1.0870092e+01  1.0871482e+01  2.7201590e+00
1.8110248e+00    159077  9.9950294e+00  9.9816597e+00  2.3255791e+00
1.9277595e+00    188172  9.1879651e+00  9.1766145e+00  1.9905204e+00
2.0497441e+00    222492  8.5244375e+00  8.5208185e+00  1.7057188e+00
2.1771282e+00    261771  7.8701501e+00  7.8633434e+00  1.4674953e+00
2.3098450e+00    306759  7.2761226e+00  7.2705052e+00  1.2644931e+00
2.4484375e+00    360898  6.7469589e+00  6.7412526e+00  1.0918550e+00
2.5937215e+00    425046  6.2772318e+00  6.2719990e+00  9.4370679e-01
2.7470320e+00    505555  5.8323019e+00  5.8271412e+00  8.1595566e-01
2.9094444e+00    600292  5.4250675e+00  5.4201962e+00  7.0522534e-01
3.0813867e+00    712930  5.0261452e+00  5.0216949e+00  6.0923843e-01
3.2634403e+00    846715  4.6597730e+00  4.6556282e+00  5.2619487e-01
3.4562097e+00   1005596  4.3163085e+00  4.3125123e+00  4.5430089e-01
3.6603648e+00   1194719  3.9910013e+00  3.9874648e+00  3.9211619e-01
3.8766358e+00   1419743  3.6862540e+00  3.6829410e+00  3.3833680e-01
4.1057220e+00   1686576  3.3935851e+00  3.3905389e+00  2.9179526e-01
4.3483372e+00   2003484  3.1240035e+00  3.1211879e+00  2.5160293e-01
4.6052142e+00   2378778  2.8753134e+00  2.8727065e+00  2.1689260e-01
4.8773359e+00   2828400  2.6380601e+00  2.6356536e+00  1.8689783e-01
5.1655179e+00   3356890  2.4186197e+00  2.4164121e+00  1.6100647e-01
5.4707002e+00   3990317  2.2063858e+00  2.2043723e+00  1.3865751e-01
5.7939476e+00   4738457  2.0178340e+00  2.0159580e+00  1.1937172e-01
6.1362572e+00   5629661  1.8417179e+00  1.8400432e+00  1.0275561e-01
6.4988210e+00   6687903  1.6809249e+00  1.6793551e+00  8.8417904e-02
6.8828355e+00   7945758  1.5313351e+00  1.5299157e+00  7.6061116e-02
7.2895050e+00   9436555  1.3922184e+00  1.3909296e+00  6.5414814e-02
7.7201584e+00  11210320  1.2665219e+00  1.2653174e+00  5.6245077e-02
8.1762927e+00  13318613  1.1523511e+00  1.1512595e+00  4.8345619e-02
8.6593661e+00  15819192  1.0471461e+00  1.0461679e+00  4.1550241e-02
9.1709925e+00  18795348  9.4959179e-01  9.4868473e-01  3.5697061e-02
9.7128705e+00  22326034  8.6102651e-01  8.6020508e-01  3.0664967e-02
1.0286736e+01  26520842  7.7937866e-01  7.7861585e-01  2.6333612e-02
1.0894484e+01  31503438  7.0520231e-01  7.0452894e-01  2.2617323e-02
1.1538156e+01  37426927  6.3832623e-01  6.3771460e-01  1.9420800e-02
1.2220385e+01  44525830  5.7790294e-01  5.7734592e-01  1.6670223e-02
