# Power spectrum from CO𝘕CEPT job 4563714 at t = 4.270349 Gyr, a = 0.4
#
# Components:
#   0: matter  (upstream grid size 1024)
#
#                           grid size 1024
# ╭────────────────────────────────────────────────────────────────╮
#                         component 0    (corrected)      (linear)
#                        σ₈ = 3.73e-01  σ₈ = 3.72e-01  σ₈ = 3.63e-01
#  k [Mpc⁻¹]    modes       P [Mpc³]       P [Mpc³]       P [Mpc³]
2.4543693e-02         3  1.2151227e+04  1.2151227e+04  1.2285902e+04
4.6570361e-02        25  6.3301156e+03  6.4251365e+03  6.4525679e+03
8.3521561e-02       124  2.7753414e+03  2.7132080e+03  2.7466864e+03
1.3383638e-01       418  1.2928112e+03  1.2780250e+03  1.1948058e+03
1.8592088e-01       730  7.1007735e+02  7.2606390e+02  6.9628568e+02
2.3260504e-01      1012  4.9080933e+02  4.8735663e+02  3.9836445e+02
2.7635505e-01      1408  3.7554210e+02  3.7601405e+02  3.0408874e+02
3.1919121e-01      1841  2.8817441e+02  2.8657423e+02  2.0545632e+02
3.6464415e-01      2698  2.2836820e+02  2.2691756e+02  1.6507656e+02
4.1290034e-01      3532  1.8611367e+02  1.8764560e+02  1.2192423e+02
4.6319578e-01      4702  1.5302765e+02  1.5011723e+02  9.2392077e+01
5.1570195e-01      6019  1.2972497e+02  1.3117937e+02  7.7554562e+01
5.7047444e-01      7766  1.0977449e+02  1.0966137e+02  5.7216911e+01
6.2844883e-01     10012  9.7102467e+01  9.5568403e+01  4.7077932e+01
6.8955465e-01     12589  8.4944885e+01  8.5196226e+01  3.9188606e+01
7.5323141e-01     15650  7.5209175e+01  7.5850669e+01  3.0961415e+01
8.2032763e-01     19757  6.5423045e+01  6.5216856e+01  2.4834787e+01
8.9088605e-01     24241  5.9550033e+01  5.8946428e+01  2.0659255e+01
9.6481958e-01     29993  5.2791289e+01  5.2361403e+01  1.7368026e+01
1.0423453e+00     36494  4.7999798e+01  4.7736168e+01  1.4451444e+01
1.1237267e+00     44825  4.3655469e+01  4.3468625e+01  1.2090755e+01
1.2089588e+00     53906  4.0161235e+01  4.0050367e+01  1.0095083e+01
1.2983336e+00     65729  3.6659318e+01  3.6555743e+01  8.4660566e+00
1.3921058e+00     78746  3.3742655e+01  3.3636163e+01  7.1268611e+00
1.4900211e+00     94374  3.0922715e+01  3.0826799e+01  6.0176618e+00
1.5921784e+00    112166  2.8827368e+01  2.8803281e+01  5.0961500e+00
1.6991083e+00    134373  2.6377483e+01  2.6380856e+01  4.3399282e+00
1.8110248e+00    159077  2.4433626e+01  2.4400943e+01  3.7103875e+00
1.9277595e+00    188172  2.2595286e+01  2.2567372e+01  3.1758112e+00
2.0497441e+00    222492  2.0893096e+01  2.0884226e+01  2.7214187e+00
2.1771282e+00    261771  1.9450121e+01  1.9433299e+01  2.3413401e+00
2.3098450e+00    306759  1.8044390e+01  1.8030460e+01  2.0174561e+00
2.4484375e+00    360898  1.6696825e+01  1.6682703e+01  1.7420172e+00
2.5937215e+00    425046  1.5506186e+01  1.5493260e+01  1.5056512e+00
2.7470320e+00    505555  1.4374698e+01  1.4361979e+01  1.3018281e+00
2.9094444e+00    600292  1.3248363e+01  1.3236467e+01  1.1251613e+00
3.0813867e+00    712930  1.2214940e+01  1.2204125e+01  9.7201708e-01
3.2634403e+00    846715  1.1237003e+01  1.1227008e+01  8.3952364e-01
3.4562097e+00   1005596  1.0323194e+01  1.0314115e+01  7.2481903e-01
3.6603648e+00   1194719  9.4459169e+00  9.4375468e+00  6.2560530e-01
3.8766358e+00   1419743  8.6565189e+00  8.6487391e+00  5.3980199e-01
4.1057220e+00   1686576  7.8886146e+00  7.8815337e+00  4.6554645e-01
4.3483372e+00   2003484  7.1621505e+00  7.1556954e+00  4.0142089e-01
4.6052142e+00   2378778  6.5036123e+00  6.4977159e+00  3.4604171e-01
4.8773359e+00   2828400  5.8866133e+00  5.8812435e+00  2.9818605e-01
5.1655179e+00   3356890  5.3066068e+00  5.3017632e+00  2.5687727e-01
5.4707002e+00   3990317  4.7801791e+00  4.7758168e+00  2.2122029e-01
5.7939476e+00   4738457  4.2986997e+00  4.2947032e+00  1.9045049e-01
6.1362572e+00   5629661  3.8636798e+00  3.8601665e+00  1.6394010e-01
6.4988210e+00   6687903  3.4667614e+00  3.4635240e+00  1.4106483e-01
6.8828355e+00   7945758  3.1086235e+00  3.1057422e+00  1.2135005e-01
7.2895050e+00   9436555  2.7831237e+00  2.7805471e+00  1.0436430e-01
7.7201584e+00  11210320  2.4956786e+00  2.4933051e+00  8.9734357e-02
8.1762927e+00  13318613  2.2319918e+00  2.2298774e+00  7.7131108e-02
8.6593661e+00  15819192  1.9922395e+00  1.9903785e+00  6.6289386e-02
9.1709925e+00  18795348  1.7798278e+00  1.7781277e+00  5.6950910e-02
9.7128705e+00  22326034  1.5874314e+00  1.5859170e+00  4.8922449e-02
1.0286736e+01  26520842  1.4145663e+00  1.4131818e+00  4.2011993e-02
1.0894484e+01  31503438  1.2615490e+00  1.2603444e+00  3.6082853e-02
1.1538156e+01  37426927  1.1252922e+00  1.1242140e+00  3.0982982e-02
1.2220385e+01  44525830  1.0039142e+00  1.0029466e+00  2.6594605e-02
