# Power spectrum from CO𝘕CEPT job 4563714 at t = 13.790139 Gyr, a = 1
#
# Components:
#   0: matter  (upstream grid size 1024)
#
#                           grid size 1024
# ╭────────────────────────────────────────────────────────────────╮
#                         component 0    (corrected)      (linear)
#                        σ₈ = 8.01e-01  σ₈ = 8.00e-01  σ₈ = 7.29e-01
#  k [Mpc⁻¹]    modes       P [Mpc³]       P [Mpc³]       P [Mpc³]
2.4543693e-02         3  4.8116709e+04  4.8116709e+04  4.9567281e+04
4.6570361e-02        25  2.5060785e+04  2.5436971e+04  2.6022502e+04
8.3521561e-02       124  1.1816333e+04  1.1551793e+04  1.1075332e+04
1.3383638e-01       418  5.8507143e+03  5.7837986e+03  4.8175051e+03
1.8592088e-01       730  3.4972443e+03  3.5759806e+03  2.8074032e+03
2.3260504e-01      1012  2.6248475e+03  2.6063825e+03  1.6061825e+03
2.7635505e-01      1408  2.1604550e+03  2.1631701e+03  1.2260638e+03
3.1919121e-01      1841  1.9197016e+03  1.9090419e+03  8.2838314e+02
3.6464415e-01      2698  1.5798178e+03  1.5697825e+03  6.6557418e+02
4.1290034e-01      3532  1.4218159e+03  1.4335191e+03  4.9158718e+02
4.6319578e-01      4702  1.2205919e+03  1.1973776e+03  3.7251596e+02
5.1570195e-01      6019  1.1031338e+03  1.1155014e+03  3.1269232e+02
5.7047444e-01      7766  1.0215660e+03  1.0205133e+03  2.3069279e+02
6.2844883e-01     10012  9.1873525e+02  9.0422070e+02  1.8981337e+02
6.8955465e-01     12589  8.2984852e+02  8.3230394e+02  1.5800436e+02
7.5323141e-01     15650  7.6356741e+02  7.7008023e+02  1.2483314e+02
8.2032763e-01     19757  7.0319812e+02  7.0098191e+02  1.0013119e+02
8.9088605e-01     24241  6.5393853e+02  6.4731014e+02  8.3295870e+01
9.6481958e-01     29993  5.9159730e+02  5.8677985e+02  7.0025970e+01
1.0423453e+00     36494  5.4740362e+02  5.4439711e+02  5.8266612e+01
1.1237267e+00     44825  4.9711325e+02  4.9498561e+02  4.8748563e+01
1.2089588e+00     53906  4.5545566e+02  4.5419834e+02  4.0702224e+01
1.2983336e+00     65729  4.1807884e+02  4.1689764e+02  3.4134163e+01
1.3921058e+00     78746  3.7994229e+02  3.7874319e+02  2.8734670e+01
1.4900211e+00     94374  3.4716742e+02  3.4609059e+02  2.4262498e+01
1.5921784e+00    112166  3.1654173e+02  3.1627724e+02  2.0547063e+01
1.6991083e+00    134373  2.8760948e+02  2.8764627e+02  1.7498059e+01
1.8110248e+00    159077  2.6131701e+02  2.6096746e+02  1.4959819e+01
1.9277595e+00    188172  2.3795075e+02  2.3765679e+02  1.2804467e+01
2.0497441e+00    222492  2.1665332e+02  2.1656134e+02  1.0972407e+01
2.1771282e+00    261771  1.9641077e+02  1.9624090e+02  9.4399722e+00
2.3098450e+00    306759  1.7819516e+02  1.7805759e+02  8.1341084e+00
2.4484375e+00    360898  1.6217168e+02  1.6203452e+02  7.0235697e+00
2.5937215e+00    425046  1.4751034e+02  1.4738737e+02  6.0705691e+00
2.7470320e+00    505555  1.3324324e+02  1.3312534e+02  5.2487780e+00
2.9094444e+00    600292  1.2072217e+02  1.2061377e+02  4.5364777e+00
3.0813867e+00    712930  1.0866548e+02  1.0856926e+02  3.9190185e+00
3.2634403e+00    846715  9.8159488e+01  9.8072177e+01  3.3848207e+00
3.4562097e+00   1005596  8.8210782e+01  8.8133200e+01  2.9223456e+00
3.6603648e+00   1194719  7.9679559e+01  7.9608954e+01  2.5223280e+00
3.8766358e+00   1419743  7.1606654e+01  7.1542299e+01  2.1763797e+00
4.1057220e+00   1686576  6.4487815e+01  6.4429929e+01  1.8769908e+00
4.3483372e+00   2003484  5.7827455e+01  5.7775336e+01  1.6184448e+00
4.6052142e+00   2378778  5.2041111e+01  5.1993928e+01  1.3951633e+00
4.8773359e+00   2828400  4.6665566e+01  4.6622997e+01  1.2022158e+00
5.1655179e+00   3356890  4.1703887e+01  4.1665822e+01  1.0356645e+00
5.4707002e+00   3990317  3.7266712e+01  3.7232703e+01  8.9190068e-01
5.7939476e+00   4738457  3.3271533e+01  3.3240600e+01  7.6784141e-01
6.1362572e+00   5629661  2.9677720e+01  2.9650734e+01  6.6095556e-01
6.4988210e+00   6687903  2.6418814e+01  2.6394142e+01  5.6872607e-01
6.8828355e+00   7945758  2.3512952e+01  2.3491159e+01  4.8923933e-01
7.2895050e+00   9436555  2.0934618e+01  2.0915237e+01  4.2075571e-01
7.7201584e+00  11210320  1.8606842e+01  1.8589146e+01  3.6177044e-01
8.1762927e+00  13318613  1.6524401e+01  1.6508747e+01  3.1095653e-01
8.6593661e+00  15819192  1.4665181e+01  1.4651482e+01  2.6724488e-01
9.1709925e+00  18795348  1.3026222e+01  1.3013779e+01  2.2959413e-01
9.7128705e+00  22326034  1.1545671e+01  1.1534656e+01  1.9722520e-01
1.0286736e+01  26520842  1.0210766e+01  1.0200772e+01  1.6936389e-01
1.0894484e+01  31503438  9.0241160e+00  9.0154992e+00  1.4545911e-01
1.1538156e+01  37426927  7.9625389e+00  7.9549094e+00  1.2489783e-01
1.2220385e+01  44525830  7.0234652e+00  7.0166955e+00  1.0720521e-01
