# Power spectrum from CO𝘕CEPT job 4563714 at t = 2.3139476 Gyr, a = 0.26315789
#
# Components:
#   0: matter  (upstream grid size 1024)
#
#                           grid size 1024
# ╭────────────────────────────────────────────────────────────────╮
#                         component 0    (corrected)      (linear)
#                        σ₈ = 2.47e-01  σ₈ = 2.46e-01  σ₈ = 2.43e-01
#  k [Mpc⁻¹]    modes       P [Mpc³]       P [Mpc³]       P [Mpc³]
2.4543693e-02         3  5.4821152e+03  5.4821152e+03  5.5178911e+03
4.6570361e-02        25  2.8521557e+03  2.8949693e+03  2.8984610e+03
8.3521561e-02       124  1.2442770e+03  1.2164205e+03  1.2338670e+03
1.3383638e-01       418  5.6563648e+02  5.5916718e+02  5.3674020e+02
1.8592088e-01       730  3.0598187e+02  3.1287069e+02  3.1279275e+02
2.3260504e-01      1012  2.0233310e+02  2.0090975e+02  1.7895785e+02
2.7635505e-01      1408  1.5260542e+02  1.5279720e+02  1.3660639e+02
3.1919121e-01      1841  1.1039311e+02  1.0978012e+02  9.2297617e+01
3.6464415e-01      2698  8.7454698e+01  8.6899168e+01  7.4157763e+01
4.1290034e-01      3532  6.7614262e+01  6.8170806e+01  5.4772351e+01
4.6319578e-01      4702  5.3812636e+01  5.2789179e+01  4.1505556e+01
5.1570195e-01      6019  4.5224857e+01  4.5731891e+01  3.4840065e+01
5.7047444e-01      7766  3.6963017e+01  3.6924927e+01  2.5703727e+01
6.2844883e-01     10012  3.1691841e+01  3.1191160e+01  2.1148967e+01
6.8955465e-01     12589  2.6406453e+01  2.6484586e+01  1.7604823e+01
7.5323141e-01     15650  2.2605080e+01  2.2797889e+01  1.3908898e+01
8.2032763e-01     19757  1.9363760e+01  1.9302732e+01  1.1156615e+01
8.9088605e-01     24241  1.6873404e+01  1.6702373e+01  9.2808280e+00
9.6481958e-01     29993  1.4683774e+01  1.4564202e+01  7.8022992e+00
1.0423453e+00     36494  1.2785276e+01  1.2715055e+01  6.4920739e+00
1.1237267e+00     44825  1.1333036e+01  1.1284531e+01  5.4315744e+00
1.2089588e+00     53906  1.0068628e+01  1.0040833e+01  4.5350523e+00
1.2983336e+00     65729  8.9545506e+00  8.9292511e+00  3.8032395e+00
1.3921058e+00     78746  8.0168709e+00  7.9915695e+00  3.2016284e+00
1.4900211e+00     94374  7.1837251e+00  7.1614428e+00  2.7033391e+00
1.5921784e+00    112166  6.4765561e+00  6.4711445e+00  2.2893653e+00
1.6991083e+00    134373  5.8459674e+00  5.8467151e+00  1.9496453e+00
1.8110248e+00    159077  5.3245189e+00  5.3173966e+00  1.6668346e+00
1.9277595e+00    188172  4.8589066e+00  4.8529040e+00  1.4266850e+00
2.0497441e+00    222492  4.4453058e+00  4.4434186e+00  1.2225567e+00
2.1771282e+00    261771  4.0717914e+00  4.0682698e+00  1.0518126e+00
2.3098450e+00    306759  3.7367628e+00  3.7338780e+00  9.0631303e-01
2.4484375e+00    360898  3.4537386e+00  3.4508175e+00  7.8257656e-01
2.5937215e+00    425046  3.1916632e+00  3.1890026e+00  6.7639299e-01
2.7470320e+00    505555  2.9460664e+00  2.9434595e+00  5.8482877e-01
2.9094444e+00    600292  2.7148023e+00  2.7123646e+00  5.0546402e-01
3.0813867e+00    712930  2.5076510e+00  2.5054306e+00  4.3666644e-01
3.2634403e+00    846715  2.3233233e+00  2.3212568e+00  3.7714586e-01
3.4562097e+00   1005596  2.1556082e+00  2.1537124e+00  3.2561662e-01
3.6603648e+00   1194719  1.9988397e+00  1.9970685e+00  2.8104640e-01
3.8766358e+00   1419743  1.8470802e+00  1.8454202e+00  2.4250058e-01
4.1057220e+00   1686576  1.7063114e+00  1.7047798e+00  2.0914241e-01
4.3483372e+00   2003484  1.5747007e+00  1.5732814e+00  1.8033497e-01
4.6052142e+00   2378778  1.4548340e+00  1.4535150e+00  1.5545669e-01
4.8773359e+00   2828400  1.3389817e+00  1.3377603e+00  1.3395823e-01
5.1655179e+00   3356890  1.2346362e+00  1.2335093e+00  1.1540085e-01
5.4707002e+00   3990317  1.1377488e+00  1.1367105e+00  9.9382446e-02
5.7939476e+00   4738457  1.0482209e+00  1.0472463e+00  8.5559531e-02
6.1362572e+00   5629661  9.6740123e-01  9.6652156e-01  7.3650084e-02
6.4988210e+00   6687903  8.9395445e-01  8.9311962e-01  6.3373655e-02
6.8828355e+00   7945758  8.2736786e-01  8.2660100e-01  5.4517029e-02
7.2895050e+00   9436555  7.6706429e-01  7.6635416e-01  4.6886375e-02
7.7201584e+00  11210320  7.1180788e-01  7.1113092e-01  4.0314034e-02
8.1762927e+00  13318613  6.6130700e-01  6.6068054e-01  3.4652150e-02
8.6593661e+00  15819192  6.1513171e-01  6.1455710e-01  2.9781606e-02
9.1709925e+00  18795348  5.7124303e-01  5.7069738e-01  2.5586371e-02
9.7128705e+00  22326034  5.2956782e-01  5.2906260e-01  2.1979642e-02
1.0286736e+01  26520842  4.9065555e-01  4.9017532e-01  1.8875160e-02
1.0894484e+01  31503438  4.5432887e-01  4.5389505e-01  1.6211522e-02
1.1538156e+01  37426927  4.2002775e-01  4.1962529e-01  1.3920421e-02
1.2220385e+01  44525830  3.8791451e-01  3.8754061e-01  1.1948947e-02
