# Power spectrum from CO𝘕CEPT job 4563714 at t = 8.5934117 Gyr, a = 0.66666667
#
# Components:
#   0: matter  (upstream grid size 1024)
#
#                           grid size 1024
# ╭────────────────────────────────────────────────────────────────╮
#                         component 0    (corrected)      (linear)
#                        σ₈ = 5.96e-01  σ₈ = 5.95e-01  σ₈ = 5.62e-01
#  k [Mpc⁻¹]    modes       P [Mpc³]       P [Mpc³]       P [Mpc³]
2.4543693e-02         3  2.8841800e+04  2.8841800e+04  2.9432351e+04
4.6570361e-02        25  1.5037530e+04  1.5263258e+04  1.5454382e+04
8.3521561e-02       124  6.7824951e+03  6.6306509e+03  6.5779401e+03
1.3383638e-01       418  3.2645846e+03  3.2272469e+03  2.8613159e+03
1.8592088e-01       730  1.8727402e+03  1.9149028e+03  1.6674466e+03
2.3260504e-01      1012  1.3671847e+03  1.3575669e+03  9.5398914e+02
2.7635505e-01      1408  1.0949361e+03  1.0963121e+03  7.2821960e+02
3.1919121e-01      1841  9.1327810e+02  9.0820684e+02  4.9201801e+02
3.6464415e-01      2698  7.2943560e+02  7.2480208e+02  3.9531796e+02
4.1290034e-01      3532  6.4314130e+02  6.4843510e+02  2.9197849e+02
4.6319578e-01      4702  5.5726733e+02  5.4666871e+02  2.2125617e+02
5.1570195e-01      6019  4.9323522e+02  4.9876508e+02  1.8572392e+02
5.7047444e-01      7766  4.3551584e+02  4.3506705e+02  1.3702025e+02
6.2844883e-01     10012  3.8511482e+02  3.7903062e+02  1.1273989e+02
6.8955465e-01     12589  3.5075198e+02  3.5178981e+02  9.3846906e+01
7.5323141e-01     15650  3.2383712e+02  3.2659928e+02  7.4144828e+01
8.2032763e-01     19757  2.9127419e+02  2.9035620e+02  5.9473078e+01
8.9088605e-01     24241  2.6463097e+02  2.6194864e+02  4.9473718e+01
9.6481958e-01     29993  2.4456346e+02  2.4257195e+02  4.1592044e+01
1.0423453e+00     36494  2.2164908e+02  2.2043171e+02  3.4607558e+01
1.1237267e+00     44825  2.0351700e+02  2.0264595e+02  2.8954299e+01
1.2089588e+00     53906  1.9014995e+02  1.8962503e+02  2.4175164e+01
1.2983336e+00     65729  1.7382185e+02  1.7333075e+02  2.0274054e+01
1.3921058e+00     78746  1.5930299e+02  1.5880023e+02  1.7067017e+01
1.4900211e+00     94374  1.4561128e+02  1.4515963e+02  1.4410763e+01
1.5921784e+00    112166  1.3346335e+02  1.3335183e+02  1.2203974e+01
1.6991083e+00    134373  1.2264254e+02  1.2265823e+02  1.0393013e+01
1.8110248e+00    159077  1.1216783e+02  1.1201779e+02  8.8854213e+00
1.9277595e+00    188172  1.0225965e+02  1.0213332e+02  7.6052457e+00
2.0497441e+00    222492  9.2944601e+01  9.2905142e+01  6.5170904e+00
2.1771282e+00    261771  8.5016101e+01  8.4942573e+01  5.6068983e+00
2.3098450e+00    306759  7.7892715e+01  7.7832581e+01  4.8312780e+00
2.4484375e+00    360898  7.0776173e+01  7.0716313e+01  4.1716714e+00
2.5937215e+00    425046  6.4564941e+01  6.4511118e+01  3.6056348e+00
2.7470320e+00    505555  5.8291645e+01  5.8240065e+01  3.1175303e+00
2.9094444e+00    600292  5.2805118e+01  5.2757702e+01  2.6944582e+00
3.0813867e+00    712930  4.7796226e+01  4.7753905e+01  2.3277169e+00
3.2634403e+00    846715  4.3088775e+01  4.3050448e+01  2.0104290e+00
3.4562097e+00   1005596  3.8922640e+01  3.8888408e+01  1.7357408e+00
3.6603648e+00   1194719  3.4907739e+01  3.4876807e+01  1.4981494e+00
3.8766358e+00   1419743  3.1396584e+01  3.1368367e+01  1.2926726e+00
4.1057220e+00   1686576  2.8129918e+01  2.8104668e+01  1.1148498e+00
4.3483372e+00   2003484  2.5239133e+01  2.5216385e+01  9.6128574e-01
4.6052142e+00   2378778  2.2638212e+01  2.2617687e+01  8.2866706e-01
4.8773359e+00   2828400  2.0242639e+01  2.0224173e+01  7.1406530e-01
5.1655179e+00   3356890  1.8052076e+01  1.8035599e+01  6.1514165e-01
5.4707002e+00   3990317  1.6135786e+01  1.6121061e+01  5.2975264e-01
5.7939476e+00   4738457  1.4407792e+01  1.4394398e+01  4.5606720e-01
6.1362572e+00   5629661  1.2843876e+01  1.2832197e+01  3.9258194e-01
6.4988210e+00   6687903  1.1448726e+01  1.1438034e+01  3.3780187e-01
6.8828355e+00   7945758  1.0185901e+01  1.0176460e+01  2.9059037e-01
7.2895050e+00   9436555  9.0685392e+00  9.0601438e+00  2.4991421e-01
7.7201584e+00  11210320  8.0556595e+00  8.0479982e+00  2.1487961e-01
8.1762927e+00  13318613  7.1503166e+00  7.1435430e+00  1.8469840e-01
8.6593661e+00  15819192  6.3345489e+00  6.3286316e+00  1.5873561e-01
9.1709925e+00  18795348  5.6177823e+00  5.6124161e+00  1.3637270e-01
9.7128705e+00  22326034  4.9775860e+00  4.9728373e+00  1.1714693e-01
1.0286736e+01  26520842  4.3975561e+00  4.3932520e+00  1.0059849e-01
1.0894484e+01  31503438  3.8850559e+00  3.8813462e+00  8.6400043e-02
1.1538156e+01  37426927  3.4301350e+00  3.4268483e+00  7.4187477e-02
1.2220385e+01  44525830  3.0264514e+00  3.0235343e+00  6.3678755e-02
