# Power spectrum from CO𝘕CEPT job 4563714 at t = 12.444912 Gyr, a = 0.90909091
#
# Components:
#   0: matter  (upstream grid size 1024)
#
#                           grid size 1024
# ╭────────────────────────────────────────────────────────────────╮
#                         component 0    (corrected)      (linear)
#                        σ₈ = 7.54e-01  σ₈ = 7.52e-01  σ₈ = 6.92e-01
#  k [Mpc⁻¹]    modes       P [Mpc³]       P [Mpc³]       P [Mpc³]
2.4543693e-02         3  4.3415912e+04  4.3415912e+04  4.4625159e+04
4.6570361e-02        25  2.2620971e+04  2.2960533e+04  2.3428760e+04
8.3521561e-02       124  1.0544405e+04  1.0308340e+04  9.9715743e+03
1.3383638e-01       418  5.1839637e+03  5.1246737e+03  4.3374204e+03
1.8592088e-01       730  3.0674119e+03  3.1364711e+03  2.5276383e+03
2.3260504e-01      1012  2.2894492e+03  2.2733436e+03  1.4461234e+03
2.7635505e-01      1408  1.8792388e+03  1.8816005e+03  1.1038847e+03
3.1919121e-01      1841  1.6479224e+03  1.6387719e+03  7.4583367e+02
3.6464415e-01      2698  1.3422069e+03  1.3336809e+03  5.9924894e+02
4.1290034e-01      3532  1.1985702e+03  1.2084358e+03  4.4260000e+02
4.6319578e-01      4702  1.0346624e+03  1.0149843e+03  3.3539439e+02
5.1570195e-01      6019  9.3850399e+02  9.4902594e+02  2.8153225e+02
5.7047444e-01      7766  8.6355435e+02  8.6266447e+02  2.0770406e+02
6.2844883e-01     10012  7.7053308e+02  7.5835988e+02  1.7089831e+02
6.8955465e-01     12589  6.9990750e+02  7.0197844e+02  1.4225910e+02
7.5323141e-01     15650  6.4479389e+02  6.5029364e+02  1.1239343e+02
8.2032763e-01     19757  5.9560809e+02  5.9373096e+02  9.0153048e+01
8.9088605e-01     24241  5.5485868e+02  5.4923458e+02  7.4995379e+01
9.6481958e-01     29993  4.9906772e+02  4.9500375e+02  6.3047835e+01
1.0423453e+00     36494  4.6099122e+02  4.5845931e+02  5.2460307e+01
1.1237267e+00     44825  4.1816466e+02  4.1637493e+02  4.3890738e+01
1.2089588e+00     53906  3.8508831e+02  3.8402524e+02  3.6646223e+01
1.2983336e+00     65729  3.5308314e+02  3.5208556e+02  3.0732674e+01
1.3921058e+00     78746  3.2133146e+02  3.2031733e+02  2.5871244e+01
1.4900211e+00     94374  2.9560925e+02  2.9469234e+02  2.1844727e+01
1.5921784e+00    112166  2.6912151e+02  2.6889664e+02  1.8499537e+01
1.6991083e+00    134373  2.4560537e+02  2.4563678e+02  1.5754369e+01
1.8110248e+00    159077  2.2129975e+02  2.2100373e+02  1.3469067e+01
1.9277595e+00    188172  2.0252563e+02  2.0227543e+02  1.1528496e+01
2.0497441e+00    222492  1.8420183e+02  1.8412363e+02  9.8790021e+00
2.1771282e+00    261771  1.6607320e+02  1.6592957e+02  8.4992758e+00
2.3098450e+00    306759  1.5065202e+02  1.5053572e+02  7.3235421e+00
2.4484375e+00    360898  1.3611355e+02  1.3599843e+02  6.3236692e+00
2.5937215e+00    425046  1.2320674e+02  1.2310403e+02  5.4656357e+00
2.7470320e+00    505555  1.1129910e+02  1.1120061e+02  4.7257365e+00
2.9094444e+00    600292  1.0029638e+02  1.0020632e+02  4.0844174e+00
3.0813867e+00    712930  9.1034155e+01  9.0953550e+01  3.5284883e+00
3.2634403e+00    846715  8.1944335e+01  8.1871447e+01  3.0475236e+00
3.4562097e+00   1005596  7.3519558e+01  7.3454897e+01  2.6311343e+00
3.6603648e+00   1194719  6.6111385e+01  6.6052803e+01  2.2709787e+00
3.8766358e+00   1419743  5.9384708e+01  5.9331337e+01  1.9595044e+00
4.1057220e+00   1686576  5.3399121e+01  5.3351189e+01  1.6899497e+00
4.3483372e+00   2003484  4.7877394e+01  4.7834243e+01  1.4571679e+00
4.6052142e+00   2378778  4.2986228e+01  4.2947254e+01  1.2561365e+00
4.8773359e+00   2828400  3.8651318e+01  3.8616060e+01  1.0824162e+00
5.1655179e+00   3356890  3.4532211e+01  3.4500692e+01  9.3246181e-01
5.4707002e+00   3990317  3.0868791e+01  3.0840620e+01  8.0302406e-01
5.7939476e+00   4738457  2.7534302e+01  2.7508704e+01  6.9132732e-01
6.1362572e+00   5629661  2.4512368e+01  2.4490079e+01  5.9509265e-01
6.4988210e+00   6687903  2.1840534e+01  2.1820138e+01  5.1205383e-01
6.8828355e+00   7945758  1.9459206e+01  1.9441170e+01  4.4048794e-01
7.2895050e+00   9436555  1.7295704e+01  1.7279692e+01  3.7882870e-01
7.7201584e+00  11210320  1.5349693e+01  1.5335095e+01  3.2572129e-01
8.1762927e+00  13318613  1.3631065e+01  1.3618152e+01  2.7997097e-01
8.6593661e+00  15819192  1.2093012e+01  1.2081715e+01  2.4061516e-01
9.1709925e+00  18795348  1.0701220e+01  1.0690998e+01  2.0671628e-01
9.7128705e+00  22326034  9.4721472e+00  9.4631106e+00  1.7757288e-01
1.0286736e+01  26520842  8.3873138e+00  8.3791048e+00  1.5248793e-01
1.0894484e+01  31503438  7.4138864e+00  7.4068072e+00  1.3096523e-01
1.1538156e+01  37426927  6.5460500e+00  6.5397777e+00  1.1245285e-01
1.2220385e+01  44525830  5.7782713e+00  5.7727018e+00  9.6523265e-02
