# Power spectrum from CO𝘕CEPT job 4563714 at t = 7.9068012 Gyr, a = 0.625
#
# Components:
#   0: matter  (upstream grid size 1024)
#
#                           grid size 1024
# ╭────────────────────────────────────────────────────────────────╮
#                         component 0    (corrected)      (linear)
#                        σ₈ = 5.65e-01  σ₈ = 5.64e-01  σ₈ = 5.34e-01
#  k [Mpc⁻¹]    modes       P [Mpc³]       P [Mpc³]       P [Mpc³]
2.4543693e-02         3  2.6144334e+04  2.6144334e+04  2.6642567e+04
4.6570361e-02        25  1.3631268e+04  1.3835886e+04  1.3989925e+04
8.3521561e-02       124  6.1144158e+03  5.9775283e+03  5.9546849e+03
1.3383638e-01       418  2.9307284e+03  2.8972091e+03  2.5902183e+03
1.8592088e-01       730  1.6706697e+03  1.7082828e+03  1.5094650e+03
2.3260504e-01      1012  1.2121688e+03  1.2036416e+03  8.6360426e+02
2.7635505e-01      1408  9.6377605e+02  9.6498724e+02  6.5922523e+02
3.1919121e-01      1841  7.9519253e+02  7.9077699e+02  4.4540238e+02
3.6464415e-01      2698  6.3377685e+02  6.2975097e+02  3.5786409e+02
4.1290034e-01      3532  5.5616639e+02  5.6074429e+02  2.6431541e+02
4.6319578e-01      4702  4.7845028e+02  4.6935067e+02  2.0029358e+02
5.1570195e-01      6019  4.1933992e+02  4.2404131e+02  1.6812779e+02
5.7047444e-01      7766  3.6651839e+02  3.6614070e+02  1.2403848e+02
6.2844883e-01     10012  3.2397337e+02  3.1885511e+02  1.0205853e+02
6.8955465e-01     12589  2.9555680e+02  2.9643132e+02  8.4955535e+01
7.5323141e-01     15650  2.7068457e+02  2.7299337e+02  6.7120099e+01
8.2032763e-01     19757  2.4087186e+02  2.4011272e+02  5.3838401e+01
8.9088605e-01     24241  2.2090030e+02  2.1866124e+02  4.4786415e+01
9.6481958e-01     29993  2.0328924e+02  2.0163383e+02  3.7651477e+01
1.0423453e+00     36494  1.8409504e+02  1.8308393e+02  3.1328725e+01
1.1237267e+00     44825  1.7024257e+02  1.6951394e+02  2.6211075e+01
1.2089588e+00     53906  1.5818401e+02  1.5774733e+02  2.1884731e+01
1.2983336e+00     65729  1.4532943e+02  1.4491883e+02  1.8353225e+01
1.3921058e+00     78746  1.3381939e+02  1.3339705e+02  1.5450034e+01
1.4900211e+00     94374  1.2278042e+02  1.2239959e+02  1.3045442e+01
1.5921784e+00    112166  1.1344118e+02  1.1334639e+02  1.1047731e+01
1.6991083e+00    134373  1.0447219e+02  1.0448555e+02  9.4083467e+00
1.8110248e+00    159077  9.5997982e+01  9.5869571e+01  8.0435894e+00
1.9277595e+00    188172  8.7705339e+01  8.7596990e+01  6.8847019e+00
2.0497441e+00    222492  8.0492125e+01  8.0457953e+01  5.8996419e+00
2.1771282e+00    261771  7.3717411e+01  7.3653655e+01  5.0756843e+00
2.3098450e+00    306759  6.7447299e+01  6.7395228e+01  4.3735488e+00
2.4484375e+00    360898  6.1224745e+01  6.1172964e+01  3.7764355e+00
2.5937215e+00    425046  5.5719745e+01  5.5673296e+01  3.2640270e+00
2.7470320e+00    505555  5.0478495e+01  5.0433829e+01  2.8221671e+00
2.9094444e+00    600292  4.5878132e+01  4.5836937e+01  2.4391782e+00
3.0813867e+00    712930  4.1464606e+01  4.1427892e+01  2.1071831e+00
3.2634403e+00    846715  3.7386043e+01  3.7352789e+01  1.8199561e+00
3.4562097e+00   1005596  3.3721615e+01  3.3691957e+01  1.5712927e+00
3.6603648e+00   1194719  3.0403634e+01  3.0376693e+01  1.3562115e+00
3.8766358e+00   1419743  2.7303410e+01  2.7278872e+01  1.1702022e+00
4.1057220e+00   1686576  2.4461431e+01  2.4439474e+01  1.0092268e+00
4.3483372e+00   2003484  2.1932777e+01  2.1913009e+01  8.7021186e-01
4.6052142e+00   2378778  1.9671499e+01  1.9653664e+01  7.5015786e-01
4.8773359e+00   2828400  1.7614595e+01  1.7598527e+01  6.4641380e-01
5.1655179e+00   3356890  1.5766361e+01  1.5751970e+01  5.5686246e-01
5.4707002e+00   3990317  1.4084870e+01  1.4072016e+01  4.7956344e-01
5.7939476e+00   4738457  1.2558779e+01  1.2547104e+01  4.1285916e-01
6.1362572e+00   5629661  1.1208566e+01  1.1198374e+01  3.5538866e-01
6.4988210e+00   6687903  9.9707061e+00  9.9613949e+00  3.0579859e-01
6.8828355e+00   7945758  8.8644480e+00  8.8562318e+00  2.6306002e-01
7.2895050e+00   9436555  7.8850632e+00  7.8777635e+00  2.2623761e-01
7.7201584e+00  11210320  7.0119858e+00  7.0053171e+00  1.9452226e-01
8.1762927e+00  13318613  6.2217773e+00  6.2158833e+00  1.6720049e-01
8.6593661e+00  15819192  5.5194494e+00  5.5142935e+00  1.4369746e-01
9.1709925e+00  18795348  4.8935103e+00  4.8888359e+00  1.2345325e-01
9.7128705e+00  22326034  4.3346006e+00  4.3304653e+00  1.0604896e-01
1.0286736e+01  26520842  3.8324125e+00  3.8286616e+00  9.1068342e-02
1.0894484e+01  31503438  3.3891767e+00  3.3859405e+00  7.8215069e-02
1.1538156e+01  37426927  2.9961078e+00  2.9932370e+00  6.7159530e-02
1.2220385e+01  44525830  2.6427565e+00  2.6402092e+00  5.7646409e-02
