# Power spectrum from CO𝘕CEPT job 4563714 at t = 2.6133026 Gyr, a = 0.28571429
#
# Components:
#   0: matter  (upstream grid size 1024)
#
#                           grid size 1024
# ╭────────────────────────────────────────────────────────────────╮
#                         component 0    (corrected)      (linear)
#                        σ₈ = 2.68e-01  σ₈ = 2.67e-01  σ₈ = 2.64e-01
#  k [Mpc⁻¹]    modes       P [Mpc³]       P [Mpc³]       P [Mpc³]
2.4543693e-02         3  6.4287649e+03  6.4287649e+03  6.4752815e+03
4.6570361e-02        25  3.3455039e+03  3.3957231e+03  3.4012670e+03
8.3521561e-02       124  1.4599253e+03  1.4272410e+03  1.4478961e+03
1.3383638e-01       418  6.6657851e+02  6.5895473e+02  6.2984241e+02
1.8592088e-01       730  3.6113174e+02  3.6926219e+02  3.6704900e+02
2.3260504e-01      1012  2.4075415e+02  2.3906052e+02  2.0999935e+02
2.7635505e-01      1408  1.8194270e+02  1.8217135e+02  1.6030170e+02
3.1919121e-01      1841  1.3291341e+02  1.3217537e+02  1.0830725e+02
3.6464415e-01      2698  1.0531176e+02  1.0464280e+02  8.7020914e+01
4.1290034e-01      3532  8.2006778e+01  8.2681789e+01  6.4272971e+01
4.6319578e-01      4702  6.5695525e+01  6.4446068e+01  4.8704962e+01
5.1570195e-01      6019  5.5323250e+01  5.5943501e+01  4.0883297e+01
5.7047444e-01      7766  4.5490049e+01  4.5443172e+01  3.0162202e+01
6.2844883e-01     10012  3.9258960e+01  3.8638731e+01  2.4817388e+01
6.8955465e-01     12589  3.3001358e+01  3.3099005e+01  2.0658490e+01
7.5323141e-01     15650  2.8378300e+01  2.8620352e+01  1.6321483e+01
8.2032763e-01     19757  2.4380591e+01  2.4303752e+01  1.3091799e+01
8.9088605e-01     24241  2.1427626e+01  2.1210433e+01  1.0890645e+01
9.6481958e-01     29993  1.8743609e+01  1.8590977e+01  9.1556557e+00
1.0423453e+00     36494  1.6439463e+01  1.6349173e+01  7.6181635e+00
1.1237267e+00     44825  1.4693130e+01  1.4630243e+01  6.3737137e+00
1.2089588e+00     53906  1.3116739e+01  1.3080530e+01  5.3216842e+00
1.2983336e+00     65729  1.1750504e+01  1.1717305e+01  4.4629339e+00
1.3921058e+00     78746  1.0582215e+01  1.0548818e+01  3.7569696e+00
1.4900211e+00     94374  9.5269315e+00  9.4973811e+00  3.1722489e+00
1.5921784e+00    112166  8.6529906e+00  8.6457604e+00  2.6864688e+00
1.6991083e+00    134373  7.8532246e+00  7.8542290e+00  2.2878222e+00
1.8110248e+00    159077  7.1865008e+00  7.1768879e+00  1.9559562e+00
1.9277595e+00    188172  6.5852642e+00  6.5771289e+00  1.6741512e+00
2.0497441e+00    222492  6.0738402e+00  6.0712616e+00  1.4346156e+00
2.1771282e+00    261771  5.5778672e+00  5.5730431e+00  1.2342549e+00
2.3098450e+00    306759  5.1427666e+00  5.1387963e+00  1.0635176e+00
2.4484375e+00    360898  4.7643489e+00  4.7603194e+00  9.1831827e-01
2.5937215e+00    425046  4.4230587e+00  4.4193716e+00  7.9371652e-01
2.7470320e+00    505555  4.0977371e+00  4.0941112e+00  6.8626994e-01
2.9094444e+00    600292  3.7928789e+00  3.7894732e+00  5.9313891e-01
3.0813867e+00    712930  3.5049908e+00  3.5018874e+00  5.1240799e-01
3.2634403e+00    846715  3.2515142e+00  3.2486221e+00  4.4256322e-01
3.4562097e+00   1005596  3.0110234e+00  3.0083752e+00  3.8209594e-01
3.6603648e+00   1194719  2.7903872e+00  2.7879147e+00  3.2979476e-01
3.8766358e+00   1419743  2.5861748e+00  2.5838505e+00  2.8456296e-01
4.1057220e+00   1686576  2.3855402e+00  2.3833989e+00  2.4541863e-01
4.3483372e+00   2003484  2.2074236e+00  2.2054341e+00  2.1161438e-01
4.6052142e+00   2378778  2.0386835e+00  2.0368351e+00  1.8242084e-01
4.8773359e+00   2828400  1.8773551e+00  1.8756426e+00  1.5719337e-01
5.1655179e+00   3356890  1.7281721e+00  1.7265947e+00  1.3541711e-01
5.4707002e+00   3990317  1.5863322e+00  1.5848845e+00  1.1662024e-01
5.7939476e+00   4738457  1.4587010e+00  1.4573449e+00  1.0039968e-01
6.1362572e+00   5629661  1.3381707e+00  1.3369539e+00  8.6424490e-02
6.4988210e+00   6687903  1.2283412e+00  1.2271941e+00  7.4365574e-02
6.8828355e+00   7945758  1.1291325e+00  1.1280859e+00  6.3972732e-02
7.2895050e+00   9436555  1.0373297e+00  1.0363693e+00  5.5018515e-02
7.7201584e+00  11210320  9.5214169e-01  9.5123616e-01  4.7306181e-02
8.1762927e+00  13318613  8.7522804e-01  8.7439892e-01  4.0662229e-02
8.6593661e+00  15819192  8.0302330e-01  8.0227318e-01  3.4946878e-02
9.1709925e+00  18795348  7.3670251e-01  7.3599880e-01  3.0023973e-02
9.7128705e+00  22326034  6.7448620e-01  6.7384273e-01  2.5791653e-02
1.0286736e+01  26520842  6.1746199e-01  6.1685766e-01  2.2148697e-02
1.0894484e+01  31503438  5.6445237e-01  5.6391339e-01  1.9023052e-02
1.1538156e+01  37426927  5.1568675e-01  5.1519264e-01  1.6334561e-02
1.2220385e+01  44525830  4.7109201e-01  4.7063794e-01  1.4021139e-02
