# Power spectrum from CO𝘕CEPT job 4563714 at t = 6.2819341 Gyr, a = 0.52631579
#
# Components:
#   0: matter  (upstream grid size 1024)
#
#                           grid size 1024
# ╭────────────────────────────────────────────────────────────────╮
#                         component 0    (corrected)      (linear)
#                        σ₈ = 4.84e-01  σ₈ = 4.83e-01  σ₈ = 4.64e-01
#  k [Mpc⁻¹]    modes       P [Mpc³]       P [Mpc³]       P [Mpc³]
2.4543693e-02         3  1.9771995e+04  1.9771995e+04  2.0080103e+04
4.6570361e-02        25  1.0307114e+04  1.0461833e+04  1.0544821e+04
8.3521561e-02       124  4.5689950e+03  4.4667059e+03  4.4884456e+03
1.3383638e-01       418  2.1659302e+03  2.1411580e+03  1.9524410e+03
1.8592088e-01       730  1.2148797e+03  1.2422313e+03  1.1378002e+03
2.3260504e-01      1012  8.6579997e+02  8.5970932e+02  6.5096603e+02
2.7635505e-01      1408  6.7596071e+02  6.7681020e+02  4.9690993e+02
3.1919121e-01      1841  5.4211726e+02  5.3910699e+02  3.3573496e+02
3.6464415e-01      2698  4.3038979e+02  4.2765587e+02  2.6975052e+02
4.1290034e-01      3532  3.6932236e+02  3.7236231e+02  1.9923551e+02
4.6319578e-01      4702  3.1059539e+02  3.0468820e+02  1.5097720e+02
5.1570195e-01      6019  2.6642632e+02  2.6941334e+02  1.2673130e+02
5.7047444e-01      7766  2.2851800e+02  2.2828252e+02  9.3497692e+01
6.2844883e-01     10012  2.0426194e+02  2.0103493e+02  7.6929659e+01
6.8955465e-01     12589  1.8368558e+02  1.8422908e+02  6.4037768e+01
7.5323141e-01     15650  1.6562532e+02  1.6703801e+02  5.0593780e+01
8.2032763e-01     19757  1.4638047e+02  1.4591914e+02  4.0582306e+01
8.9088605e-01     24241  1.3535259e+02  1.3398064e+02  3.3759102e+01
9.6481958e-01     29993  1.2239388e+02  1.2139721e+02  2.8380931e+01
1.0423453e+00     36494  1.1285284e+02  1.1223302e+02  2.3614968e+01
1.1237267e+00     44825  1.0341788e+02  1.0297526e+02  1.9757387e+01
1.2089588e+00     53906  9.5727014e+01  9.5462753e+01  1.6496276e+01
1.2983336e+00     65729  8.8509939e+01  8.8259870e+01  1.3834298e+01
1.3921058e+00     78746  8.1028387e+01  8.0772660e+01  1.1645931e+01
1.4900211e+00     94374  7.4946034e+01  7.4713569e+01  9.8333978e+00
1.5921784e+00    112166  6.8955396e+01  6.8897779e+01  8.3275636e+00
1.6991083e+00    134373  6.3860647e+01  6.3868815e+01  7.0918283e+00
1.8110248e+00    159077  5.9152790e+01  5.9073665e+01  6.0631016e+00
1.9277595e+00    188172  5.4514226e+01  5.4446880e+01  5.1895553e+00
2.0497441e+00    222492  5.0289045e+01  5.0267696e+01  4.4470367e+00
2.1771282e+00    261771  4.6439925e+01  4.6399760e+01  3.8259539e+00
2.3098450e+00    306759  4.2575714e+01  4.2542845e+01  3.2966981e+00
2.4484375e+00    360898  3.9205123e+01  3.9171965e+01  2.8466060e+00
2.5937215e+00    425046  3.5950608e+01  3.5920639e+01  2.4603626e+00
2.7470320e+00    505555  3.2914941e+01  3.2885816e+01  2.1272974e+00
2.9094444e+00    600292  3.0066003e+01  3.0039006e+01  1.8386078e+00
3.0813867e+00    712930  2.7385526e+01  2.7361277e+01  1.5883565e+00
3.2634403e+00    846715  2.4832490e+01  2.4810402e+01  1.3718504e+00
3.4562097e+00   1005596  2.2573533e+01  2.2553679e+01  1.1844128e+00
3.6603648e+00   1194719  2.0395182e+01  2.0377109e+01  1.0222888e+00
3.8766358e+00   1419743  1.8393393e+01  1.8376862e+01  8.8207859e-01
4.1057220e+00   1686576  1.6567098e+01  1.6552227e+01  7.6073848e-01
4.3483372e+00   2003484  1.4955797e+01  1.4942317e+01  6.5595168e-01
4.6052142e+00   2378778  1.3428635e+01  1.3416460e+01  5.6545727e-01
4.8773359e+00   2828400  1.2014352e+01  1.2003393e+01  4.8725698e-01
5.1655179e+00   3356890  1.0770285e+01  1.0760454e+01  4.1975486e-01
5.4707002e+00   3990317  9.6422982e+00  9.6334987e+00  3.6148831e-01
5.7939476e+00   4738457  8.6084605e+00  8.6004573e+00  3.1120785e-01
6.1362572e+00   5629661  7.6787596e+00  7.6717772e+00  2.6788765e-01
6.4988210e+00   6687903  6.8341484e+00  6.8277662e+00  2.3050755e-01
6.8828355e+00   7945758  6.0936675e+00  6.0880195e+00  1.9829198e-01
7.2895050e+00   9436555  5.4209581e+00  5.4159395e+00  1.7053589e-01
7.7201584e+00  11210320  4.8215192e+00  4.8169338e+00  1.4662941e-01
8.1762927e+00  13318613  4.2807153e+00  4.2766601e+00  1.2603472e-01
8.6593661e+00  15819192  3.7937327e+00  3.7901889e+00  1.0831852e-01
9.1709925e+00  18795348  3.3679433e+00  3.3647262e+00  9.3058758e-02
9.7128705e+00  22326034  2.9852845e+00  2.9824365e+00  7.9939676e-02
1.0286736e+01  26520842  2.6451042e+00  2.6425154e+00  6.8647509e-02
1.0894484e+01  31503438  2.3403420e+00  2.3381072e+00  5.8958895e-02
1.1538156e+01  37426927  2.0740143e+00  2.0720270e+00  5.0625381e-02
1.2220385e+01  44525830  1.8368196e+00  1.8350492e+00  4.3454510e-02
