# Power spectrum from CO𝘕CEPT job 4563714 at t = 2.1444136 Gyr, a = 0.25
#
# Components:
#   0: matter  (upstream grid size 1024)
#
#                           grid size 1024
# ╭────────────────────────────────────────────────────────────────╮
#                         component 0    (corrected)      (linear)
#                        σ₈ = 2.34e-01  σ₈ = 2.34e-01  σ₈ = 2.31e-01
#  k [Mpc⁻¹]    modes       P [Mpc³]       P [Mpc³]       P [Mpc³]
2.4543693e-02         3  4.9612998e+03  4.9612998e+03  4.9916728e+03
4.6570361e-02        25  2.5808012e+03  2.6195414e+03  2.6220911e+03
8.3521561e-02       124  1.1258176e+03  1.1006132e+03  1.1162235e+03
1.3383638e-01       418  5.1045806e+02  5.0461985e+02  4.8556535e+02
1.8592088e-01       730  2.7595257e+02  2.8216532e+02  2.8297006e+02
2.3260504e-01      1012  1.8158704e+02  1.8030963e+02  1.6189545e+02
2.7635505e-01      1408  1.3680708e+02  1.3697901e+02  1.2358193e+02
3.1919121e-01      1841  9.8417576e+01  9.7871082e+01  8.3497691e+01
3.6464415e-01      2698  7.7956729e+01  7.7461532e+01  6.7087348e+01
4.1290034e-01      3532  6.0037053e+01  6.0531227e+01  4.9550199e+01
4.6319578e-01      4702  4.7599980e+01  4.6694681e+01  3.7548299e+01
5.1570195e-01      6019  3.9950346e+01  4.0398246e+01  3.1518316e+01
5.7047444e-01      7766  3.2538997e+01  3.2505466e+01  2.3253062e+01
6.2844883e-01     10012  2.7780801e+01  2.7341908e+01  1.9132566e+01
6.8955465e-01     12589  2.3039489e+01  2.3107660e+01  1.5926331e+01
7.5323141e-01     15650  1.9675153e+01  1.9842972e+01  1.2582786e+01
8.2032763e-01     19757  1.6815221e+01  1.6762226e+01  1.0092913e+01
8.9088605e-01     24241  1.4579019e+01  1.4431245e+01  8.3959689e+00
9.6481958e-01     29993  1.2644522e+01  1.2541556e+01  7.0584072e+00
1.0423453e+00     36494  1.0964707e+01  1.0904485e+01  5.8731024e+00
1.1237267e+00     44825  9.6656349e+00  9.6242661e+00  4.9137138e+00
1.2089588e+00     53906  8.5631576e+00  8.5395184e+00  4.1026686e+00
1.2983336e+00     65729  7.5816281e+00  7.5602076e+00  3.4406289e+00
1.3921058e+00     78746  6.7630071e+00  6.7416629e+00  2.8963770e+00
1.4900211e+00     94374  6.0373925e+00  6.0186659e+00  2.4455960e+00
1.5921784e+00    112166  5.4207789e+00  5.4162495e+00  2.0710916e+00
1.6991083e+00    134373  4.8756325e+00  4.8762561e+00  1.7637613e+00
1.8110248e+00    159077  4.4275869e+00  4.4216643e+00  1.5079146e+00
1.9277595e+00    188172  4.0246508e+00  4.0196788e+00  1.2906615e+00
2.0497441e+00    222492  3.6658546e+00  3.6642983e+00  1.1059953e+00
2.1771282e+00    261771  3.3510095e+00  3.3481113e+00  9.5153047e-01
2.3098450e+00    306759  3.0667724e+00  3.0644048e+00  8.1990320e-01
2.4484375e+00    360898  2.8268972e+00  2.8245063e+00  7.0796410e-01
2.5937215e+00    425046  2.6036461e+00  2.6014756e+00  6.1190434e-01
2.7470320e+00    505555  2.3981051e+00  2.3959831e+00  5.2907009e-01
2.9094444e+00    600292  2.2063582e+00  2.2043770e+00  4.5727218e-01
3.0813867e+00    712930  2.0363558e+00  2.0345528e+00  3.9503394e-01
3.2634403e+00    846715  1.8833820e+00  1.8817068e+00  3.4118820e-01
3.4562097e+00   1005596  1.7447055e+00  1.7431711e+00  2.9457188e-01
3.6603648e+00   1194719  1.6149763e+00  1.6135453e+00  2.5425109e-01
3.8766358e+00   1419743  1.4872395e+00  1.4859028e+00  2.1938033e-01
4.1057220e+00   1686576  1.3743665e+00  1.3731329e+00  1.8920261e-01
4.3483372e+00   2003484  1.2651532e+00  1.2640129e+00  1.6314173e-01
4.6052142e+00   2378778  1.1684977e+00  1.1674383e+00  1.4063540e-01
4.8773359e+00   2828400  1.0770084e+00  1.0760260e+00  1.2118665e-01
5.1655179e+00   3356890  9.9500826e-01  9.9410007e-01  1.0439857e-01
5.4707002e+00   3990317  9.1752253e-01  9.1668520e-01  8.9907394e-02
5.7939476e+00   4738457  8.4704230e-01  8.4625481e-01  7.7402382e-02
6.1362572e+00   5629661  7.8256558e-01  7.8185399e-01  6.6628403e-02
6.4988210e+00   6687903  7.2462376e-01  7.2394706e-01  5.7331746e-02
6.8828355e+00   7945758  6.7366790e-01  6.7304350e-01  4.9319524e-02
7.2895050e+00   9436555  6.2804504e-01  6.2746361e-01  4.2416388e-02
7.7201584e+00  11210320  5.8650236e-01  5.8594457e-01  3.6470661e-02
8.1762927e+00  13318613  5.4975364e-01  5.4923285e-01  3.1348587e-02
8.6593661e+00  15819192  5.1584905e-01  5.1536718e-01  2.6942404e-02
9.1709925e+00  18795348  4.8376238e-01  4.8330029e-01  2.3147145e-02
9.7128705e+00  22326034  4.5251010e-01  4.5207840e-01  1.9884282e-02
1.0286736e+01  26520842  4.2296555e-01  4.2255158e-01  1.7075782e-02
1.0894484e+01  31503438  3.9507013e-01  3.9469289e-01  1.4666093e-02
1.1538156e+01  37426927  3.6820677e-01  3.6785396e-01  1.2593424e-02
1.2220385e+01  44525830  3.4307957e-01  3.4274889e-01  1.0809907e-02
