# Power spectrum from CO𝘕CEPT job 4563714 at t = 4.0358434 Gyr, a = 0.38461538
#
# Components:
#   0: matter  (upstream grid size 1024)
#
#                           grid size 1024
# ╭────────────────────────────────────────────────────────────────╮
#                         component 0    (corrected)      (linear)
#                        σ₈ = 3.59e-01  σ₈ = 3.58e-01  σ₈ = 3.50e-01
#  k [Mpc⁻¹]    modes       P [Mpc³]       P [Mpc³]       P [Mpc³]
2.4543693e-02         3  1.1301475e+04  1.1301475e+04  1.1420648e+04
4.6570361e-02        25  5.8867393e+03  5.9751047e+03  5.9982331e+03
8.3521561e-02       124  2.5785294e+03  2.5208021e+03  2.5533034e+03
1.3383638e-01       418  1.1981853e+03  1.1844814e+03  1.1106865e+03
1.8592088e-01       730  6.5659006e+02  6.7137241e+02  6.4726465e+02
2.3260504e-01      1012  4.5186668e+02  4.4868793e+02  3.7031824e+02
2.7635505e-01      1408  3.4507299e+02  3.4550665e+02  2.8267990e+02
3.1919121e-01      1841  2.6315650e+02  2.6169524e+02  1.9099154e+02
3.6464415e-01      2698  2.0853656e+02  2.0721189e+02  1.5345465e+02
4.1290034e-01      3532  1.6880030e+02  1.7018972e+02  1.1334038e+02
4.6319578e-01      4702  1.3842781e+02  1.3579506e+02  8.5887390e+01
5.1570195e-01      6019  1.1726656e+02  1.1858128e+02  7.2094483e+01
5.7047444e-01      7766  9.8935750e+01  9.8833798e+01  5.3188666e+01
6.2844883e-01     10012  8.7244768e+01  8.5866439e+01  4.3763503e+01
6.8955465e-01     12589  7.6036846e+01  7.6261829e+01  3.6429610e+01
7.5323141e-01     15650  6.7053414e+01  6.7625344e+01  2.8781639e+01
8.2032763e-01     19757  5.8217044e+01  5.8033566e+01  2.3086344e+01
8.9088605e-01     24241  5.2817655e+01  5.2282290e+01  1.9204782e+01
9.6481958e-01     29993  4.6751008e+01  4.6370309e+01  1.6145266e+01
1.0423453e+00     36494  4.2333590e+01  4.2101081e+01  1.3434019e+01
1.1237267e+00     44825  3.8514454e+01  3.8349612e+01  1.1239531e+01
1.2089588e+00     53906  3.5301332e+01  3.5203880e+01  9.3843598e+00
1.2983336e+00     65729  3.2167055e+01  3.2076173e+01  7.8700218e+00
1.3921058e+00     78746  2.9567422e+01  2.9474106e+01  6.6251097e+00
1.4900211e+00     94374  2.7076047e+01  2.6992063e+01  5.5940014e+00
1.5921784e+00    112166  2.5174362e+01  2.5153328e+01  4.7373668e+00
1.6991083e+00    134373  2.3004058e+01  2.3007000e+01  4.0343852e+00
1.8110248e+00    159077  2.1316054e+01  2.1287541e+01  3.4491660e+00
1.9277595e+00    188172  1.9705287e+01  1.9680944e+01  2.9522255e+00
2.0497441e+00    222492  1.8255253e+01  1.8247503e+01  2.5298236e+00
2.1771282e+00    261771  1.7028228e+01  1.7013501e+01  2.1765036e+00
2.3098450e+00    306759  1.5784838e+01  1.5772652e+01  1.8754220e+00
2.4484375e+00    360898  1.4649203e+01  1.4636813e+01  1.6193748e+00
2.5937215e+00    425046  1.3616167e+01  1.3604817e+01  1.3996496e+00
2.7470320e+00    505555  1.2639604e+01  1.2628420e+01  1.2101763e+00
2.9094444e+00    600292  1.1652913e+01  1.1642450e+01  1.0459473e+00
3.0813867e+00    712930  1.0772778e+01  1.0763240e+01  9.0358489e-01
3.2634403e+00    846715  9.9431935e+00  9.9343492e+00  7.8041937e-01
3.4562097e+00   1005596  9.1573487e+00  9.1492948e+00  6.7379028e-01
3.6603648e+00   1194719  8.3931739e+00  8.3857367e+00  5.8156147e-01
3.8766358e+00   1419743  7.6950000e+00  7.6880843e+00  5.0179896e-01
4.1057220e+00   1686576  7.0212136e+00  7.0149112e+00  4.3277121e-01
4.3483372e+00   2003484  6.3744894e+00  6.3687441e+00  3.7316026e-01
4.6052142e+00   2378778  5.7925486e+00  5.7872969e+00  3.2167992e-01
4.8773359e+00   2828400  5.2422981e+00  5.2375160e+00  2.7719343e-01
5.1655179e+00   3356890  4.7331617e+00  4.7288415e+00  2.3879289e-01
5.4707002e+00   3990317  4.2698183e+00  4.2659217e+00  2.0564625e-01
5.7939476e+00   4738457  3.8483623e+00  3.8447845e+00  1.7704272e-01
6.1362572e+00   5629661  3.4667292e+00  3.4635769e+00  1.5239872e-01
6.4988210e+00   6687903  3.1184898e+00  3.1155776e+00  1.3113391e-01
6.8828355e+00   7945758  2.8022261e+00  2.7996288e+00  1.1280710e-01
7.2895050e+00   9436555  2.5165615e+00  2.5142317e+00  9.7017178e-02
7.7201584e+00  11210320  2.2585130e+00  2.2563650e+00  8.3417216e-02
8.1762927e+00  13318613  2.0203719e+00  2.0184579e+00  7.1701258e-02
8.6593661e+00  15819192  1.8096594e+00  1.8079689e+00  6.1622810e-02
9.1709925e+00  18795348  1.6175188e+00  1.6159738e+00  5.2941776e-02
9.7128705e+00  22326034  1.4454452e+00  1.4440662e+00  4.5478530e-02
1.0286736e+01  26520842  1.2910716e+00  1.2898079e+00  3.9054577e-02
1.0894484e+01  31503438  1.1533619e+00  1.1522606e+00  3.3542853e-02
1.1538156e+01  37426927  1.0297534e+00  1.0287667e+00  2.8802016e-02
1.2220385e+01  44525830  9.2015037e-01  9.1926347e-01  2.4722582e-02
