# Power spectrum from CO𝘕CEPT job 4563714 at t = 2.727498 Gyr, a = 0.29411765
#
# Components:
#   0: matter  (upstream grid size 1024)
#
#                           grid size 1024
# ╭────────────────────────────────────────────────────────────────╮
#                         component 0    (corrected)      (linear)
#                        σ₈ = 2.75e-01  σ₈ = 2.75e-01  σ₈ = 2.71e-01
#  k [Mpc⁻¹]    modes       P [Mpc³]       P [Mpc³]       P [Mpc³]
2.4543693e-02         3  6.7983041e+03  6.7983041e+03  6.8493300e+03
4.6570361e-02        25  3.5381294e+03  3.5912401e+03  3.5977061e+03
8.3521561e-02       124  1.5442341e+03  1.5096624e+03  1.5315135e+03
1.3383638e-01       418  7.0620230e+02  6.9812533e+02  6.6621565e+02
1.8592088e-01       730  3.8286012e+02  3.9147976e+02  3.8824585e+02
2.3260504e-01      1012  2.5599483e+02  2.5419398e+02  2.2212665e+02
2.7635505e-01      1408  1.9360890e+02  1.9385221e+02  1.6955899e+02
3.1919121e-01      1841  1.4196276e+02  1.4117447e+02  1.1456190e+02
3.6464415e-01      2698  1.1248590e+02  1.1177137e+02  9.2046293e+01
4.1290034e-01      3532  8.7842639e+01  8.8565685e+01  6.7984675e+01
4.6319578e-01      4702  7.0538937e+01  6.9197363e+01  5.1517626e+01
5.1570195e-01      6019  5.9442231e+01  6.0108661e+01  4.3244267e+01
5.7047444e-01      7766  4.8988475e+01  4.8937992e+01  3.1904039e+01
6.2844883e-01     10012  4.2371629e+01  4.1702225e+01  2.6250568e+01
6.8955465e-01     12589  3.5740608e+01  3.5846360e+01  2.1851497e+01
7.5323141e-01     15650  3.0790000e+01  3.1052622e+01  1.7264032e+01
8.2032763e-01     19757  2.6475678e+01  2.6392237e+01  1.3847836e+01
8.9088605e-01     24241  2.3341811e+01  2.3105216e+01  1.1519568e+01
9.6481958e-01     29993  2.0451305e+01  2.0284767e+01  9.6843851e+00
1.0423453e+00     36494  1.7987680e+01  1.7888886e+01  8.0581042e+00
1.1237267e+00     44825  1.6120629e+01  1.6051633e+01  6.7417887e+00
1.2089588e+00     53906  1.4417727e+01  1.4377926e+01  5.6290055e+00
1.2983336e+00     65729  1.2946694e+01  1.2910116e+01  4.7206633e+00
1.3921058e+00     78746  1.1683972e+01  1.1647097e+01  3.9739303e+00
1.4900211e+00     94374  1.0533935e+01  1.0501262e+01  3.3554426e+00
1.5921784e+00    112166  9.5905527e+00  9.5825392e+00  2.8416092e+00
1.6991083e+00    134373  8.7213941e+00  8.7225096e+00  2.4199411e+00
1.8110248e+00    159077  7.9939230e+00  7.9832300e+00  2.0689102e+00
1.9277595e+00    188172  7.3320837e+00  7.3230258e+00  1.7708313e+00
2.0497441e+00    222492  6.7800258e+00  6.7771474e+00  1.5174627e+00
2.1771282e+00    261771  6.2341838e+00  6.2287919e+00  1.3055315e+00
2.3098450e+00    306759  5.7550375e+00  5.7505945e+00  1.1249342e+00
2.4484375e+00    360898  5.3332244e+00  5.3287137e+00  9.7134981e-01
2.5937215e+00    425046  4.9564857e+00  4.9523538e+00  8.3955245e-01
2.7470320e+00    505555  4.5971383e+00  4.5930705e+00  7.2590095e-01
2.9094444e+00    600292  4.2636803e+00  4.2598518e+00  6.2739170e-01
3.0813867e+00    712930  3.9411482e+00  3.9376586e+00  5.4199867e-01
3.2634403e+00    846715  3.6568850e+00  3.6536323e+00  4.6812045e-01
3.4562097e+00   1005596  3.3838519e+00  3.3808758e+00  4.0416125e-01
3.6603648e+00   1194719  3.1323239e+00  3.1295483e+00  3.4883974e-01
3.8766358e+00   1419743  2.9010641e+00  2.8984568e+00  3.0099586e-01
4.1057220e+00   1686576  2.6739098e+00  2.6715097e+00  2.5959100e-01
4.3483372e+00   2003484  2.4718377e+00  2.4696099e+00  2.2383460e-01
4.6052142e+00   2378778  2.2804303e+00  2.2783628e+00  1.9295517e-01
4.8773359e+00   2828400  2.0977803e+00  2.0958667e+00  1.6627084e-01
5.1655179e+00   3356890  1.9300595e+00  1.9282978e+00  1.4323704e-01
5.4707002e+00   3990317  1.7679701e+00  1.7663567e+00  1.2335468e-01
5.7939476e+00   4738457  1.6236599e+00  1.6221503e+00  1.0619741e-01
6.1362572e+00   5629661  1.4873113e+00  1.4859589e+00  9.1415172e-02
6.4988210e+00   6687903  1.3622274e+00  1.3609553e+00  7.8659873e-02
6.8828355e+00   7945758  1.2476284e+00  1.2464720e+00  6.7666864e-02
7.2895050e+00   9436555  1.1432620e+00  1.1422036e+00  5.8195558e-02
7.7201584e+00  11210320  1.0454785e+00  1.0444842e+00  5.0037852e-02
8.1762927e+00  13318613  9.5702220e-01  9.5611560e-01  4.3010226e-02
8.6593661e+00  15819192  8.7510925e-01  8.7429178e-01  3.6964827e-02
9.1709925e+00  18795348  7.9908909e-01  7.9832580e-01  3.1757637e-02
9.7128705e+00  22326034  7.2896341e-01  7.2826797e-01  2.7280911e-02
1.0286736e+01  26520842  6.6498776e-01  6.6433691e-01  2.3427586e-02
1.0894484e+01  31503438  6.0650156e-01  6.0592243e-01  2.0121443e-02
1.1538156e+01  37426927  5.5214545e-01  5.5161640e-01  1.7277702e-02
1.2220385e+01  44525830  5.0306430e-01  5.0257941e-01  1.4830688e-02
