# Power spectrum from CO𝘕CEPT job 4563714 at t = 5.8533978 Gyr, a = 0.5
#
# Components:
#   0: matter  (upstream grid size 1024)
#
#                           grid size 1024
# ╭────────────────────────────────────────────────────────────────╮
#                         component 0    (corrected)      (linear)
#                        σ₈ = 4.62e-01  σ₈ = 4.61e-01  σ₈ = 4.44e-01
#  k [Mpc⁻¹]    modes       P [Mpc³]       P [Mpc³]       P [Mpc³]
2.4543693e-02         3  1.8111525e+04  1.8111525e+04  1.8376711e+04
4.6570361e-02        25  9.4405842e+03  9.5822963e+03  9.6505282e+03
8.3521561e-02       124  4.1734464e+03  4.0800127e+03  4.1078230e+03
1.3383638e-01       418  1.9719055e+03  1.9493524e+03  1.7868781e+03
1.8592088e-01       730  1.1011161e+03  1.1259064e+03  1.0413181e+03
2.3260504e-01      1012  7.8029977e+02  7.7481059e+02  5.9576625e+02
2.7635505e-01      1408  6.0632461e+02  6.0708659e+02  4.5477369e+02
3.1919121e-01      1841  4.8224508e+02  4.7956727e+02  3.0726584e+02
3.6464415e-01      2698  3.8259728e+02  3.8016695e+02  2.4687666e+02
4.1290034e-01      3532  3.2529074e+02  3.2796826e+02  1.8234108e+02
4.6319578e-01      4702  2.7200473e+02  2.6683149e+02  1.3817490e+02
5.1570195e-01      6019  2.3240869e+02  2.3501432e+02  1.1598497e+02
5.7047444e-01      7766  1.9882169e+02  1.9861680e+02  8.5569445e+01
6.2844883e-01     10012  1.7801448e+02  1.7520214e+02  7.0406319e+01
6.8955465e-01     12589  1.5900424e+02  1.5947472e+02  5.8607613e+01
7.5323141e-01     15650  1.4314406e+02  1.4436500e+02  4.6303624e+01
8.2032763e-01     19757  1.2625992e+02  1.2586199e+02  3.7141085e+01
8.9088605e-01     24241  1.1648885e+02  1.1530811e+02  3.0896463e+01
9.6481958e-01     29993  1.0483407e+02  1.0398039e+02  2.5974340e+01
1.0423453e+00     36494  9.6589190e+01  9.6058693e+01  2.1612512e+01
1.1237267e+00     44825  8.8067116e+01  8.7690189e+01  1.8082039e+01
1.2089588e+00     53906  8.1486031e+01  8.1261082e+01  1.5097458e+01
1.2983336e+00     65729  7.5189265e+01  7.4976831e+01  1.2661205e+01
1.3921058e+00     78746  6.8886067e+01  6.8668662e+01  1.0658403e+01
1.4900211e+00     94374  6.3982924e+01  6.3784463e+01  8.9995657e+00
1.5921784e+00    112166  5.9056674e+01  5.9007328e+01  7.6214204e+00
1.6991083e+00    134373  5.4739461e+01  5.4746462e+01  6.4904706e+00
1.8110248e+00    159077  5.0708244e+01  5.0640415e+01  5.5489758e+00
1.9277595e+00    188172  4.6767594e+01  4.6709819e+01  4.7495028e+00
2.0497441e+00    222492  4.3307307e+01  4.3288922e+01  4.0699469e+00
2.1771282e+00    261771  3.9943622e+01  3.9909076e+01  3.5015294e+00
2.3098450e+00    306759  3.6732720e+01  3.6704361e+01  3.0171525e+00
2.4484375e+00    360898  3.3905256e+01  3.3876581e+01  2.6052263e+00
2.5937215e+00    425046  3.1153112e+01  3.1127142e+01  2.2517349e+00
2.7470320e+00    505555  2.8561489e+01  2.8536216e+01  1.9469122e+00
2.9094444e+00    600292  2.6098270e+01  2.6074836e+01  1.6827024e+00
3.0813867e+00    712930  2.3843570e+01  2.3822458e+01  1.4536714e+00
3.2634403e+00    846715  2.1633309e+01  2.1614067e+01  1.2555241e+00
3.4562097e+00   1005596  1.9701757e+01  1.9684429e+01  1.0839804e+00
3.6603648e+00   1194719  1.7822294e+01  1.7806502e+01  9.3560383e-01
3.8766358e+00   1419743  1.6107180e+01  1.6092704e+01  8.0728288e-01
4.1057220e+00   1686576  1.4563303e+01  1.4550230e+01  6.9623190e-01
4.3483372e+00   2003484  1.3152343e+01  1.3140489e+01  6.0033058e-01
4.6052142e+00   2378778  1.1810172e+01  1.1799464e+01  5.1750971e-01
4.8773359e+00   2828400  1.0577131e+01  1.0567483e+01  4.4594046e-01
5.1655179e+00   3356890  9.4975812e+00  9.4889124e+00  3.8416223e-01
5.4707002e+00   3990317  8.4926214e+00  8.4848711e+00  3.3083642e-01
5.7939476e+00   4738457  7.5894633e+00  7.5824074e+00  2.8481952e-01
6.1362572e+00   5629661  6.7925404e+00  6.7863638e+00  2.4517267e-01
6.4988210e+00   6687903  6.0587042e+00  6.0530462e+00  2.1096223e-01
6.8828355e+00   7945758  5.4039192e+00  5.3989105e+00  1.8147839e-01
7.2895050e+00   9436555  4.8117290e+00  4.8072745e+00  1.5607588e-01
7.7201584e+00  11210320  4.2783864e+00  4.2743175e+00  1.3419655e-01
8.1762927e+00  13318613  3.8075144e+00  3.8039074e+00  1.1534818e-01
8.6593661e+00  15819192  3.3834511e+00  3.3802905e+00  9.9134218e-02
9.1709925e+00  18795348  2.9986958e+00  2.9958314e+00  8.5168400e-02
9.7128705e+00  22326034  2.6617473e+00  2.6592080e+00  7.3161740e-02
1.0286736e+01  26520842  2.3608733e+00  2.3585626e+00  6.2827081e-02
1.0894484e+01  31503438  2.0931108e+00  2.0911122e+00  5.3960002e-02
1.1538156e+01  37426927  1.8546285e+00  1.8528515e+00  4.6333115e-02
1.2220385e+01  44525830  1.6433377e+00  1.6417537e+00  3.9770285e-02
