# Power spectrum from CO𝘕CEPT job 4563714 at t = 3.4443479 Gyr, a = 0.34482759
#
# Components:
#   0: matter  (upstream grid size 1024)
#
#                           grid size 1024
# ╭────────────────────────────────────────────────────────────────╮
#                         component 0    (corrected)      (linear)
#                        σ₈ = 3.23e-01  σ₈ = 3.22e-01  σ₈ = 3.16e-01
#  k [Mpc⁻¹]    modes       P [Mpc³]       P [Mpc³]       P [Mpc³]
2.4543693e-02         3  9.2104012e+03  9.2104012e+03  9.2949474e+03
4.6570361e-02        25  4.7958914e+03  4.8678823e+03  4.8820095e+03
8.3521561e-02       124  2.0965446e+03  2.0496079e+03  2.0781869e+03
1.3383638e-01       418  9.6770151e+02  9.5663373e+02  9.0401535e+02
1.8592088e-01       730  5.2743492e+02  5.3930950e+02  5.2682563e+02
2.3260504e-01      1012  3.5865487e+02  3.5613184e+02  3.0141189e+02
2.7635505e-01      1408  2.7263737e+02  2.7298000e+02  2.3008079e+02
3.1919121e-01      1841  2.0444606e+02  2.0331081e+02  1.5545319e+02
3.6464415e-01      2698  1.6200870e+02  1.6097959e+02  1.2490092e+02
4.1290034e-01      3532  1.2894892e+02  1.3001032e+02  9.2250831e+01
4.6319578e-01      4702  1.0490779e+02  1.0291256e+02  6.9906098e+01
5.1570195e-01      6019  8.8701692e+01  8.9696163e+01  5.8679678e+01
5.7047444e-01      7766  7.4124034e+01  7.4047650e+01  4.3291717e+01
6.2844883e-01     10012  6.4845533e+01  6.3821077e+01  3.5620320e+01
6.8955465e-01     12589  5.5817116e+01  5.5982272e+01  2.9651064e+01
7.5323141e-01     15650  4.8698524e+01  4.9113897e+01  2.3426170e+01
8.2032763e-01     19757  4.2087258e+01  4.1954615e+01  1.8790613e+01
8.9088605e-01     24241  3.7766817e+01  3.7384008e+01  1.5631304e+01
9.6481958e-01     29993  3.3310168e+01  3.3038920e+01  1.3141079e+01
1.0423453e+00     36494  2.9802562e+01  2.9638877e+01  1.0934321e+01
1.1237267e+00     44825  2.7045722e+01  2.6929967e+01  9.1481662e+00
1.2089588e+00     53906  2.4513803e+01  2.4446131e+01  7.6381916e+00
1.2983336e+00     65729  2.2226418e+01  2.2163621e+01  6.4056302e+00
1.3921058e+00     78746  2.0303628e+01  2.0239550e+01  5.3923619e+00
1.4900211e+00     94374  1.8500773e+01  1.8443388e+01  4.5531143e+00
1.5921784e+00    112166  1.7010341e+01  1.6996128e+01  3.8558757e+00
1.6991083e+00    134373  1.5588464e+01  1.5590458e+01  3.2836996e+00
1.8110248e+00    159077  1.4394931e+01  1.4375676e+01  2.8073736e+00
1.9277595e+00    188172  1.3305383e+01  1.3288946e+01  2.4028999e+00
2.0497441e+00    222492  1.2355823e+01  1.2350577e+01  2.0590953e+00
2.1771282e+00    261771  1.1491361e+01  1.1481423e+01  1.7715184e+00
2.3098450e+00    306759  1.0634632e+01  1.0626422e+01  1.5264597e+00
2.4484375e+00    360898  9.8989020e+00  9.8905299e+00  1.3180557e+00
2.5937215e+00    425046  9.1932384e+00  9.1855748e+00  1.1392153e+00
2.7470320e+00    505555  8.5275154e+00  8.5199698e+00  9.8499769e-01
2.9094444e+00    600292  7.9024192e+00  7.8953234e+00  8.5132711e-01
3.0813867e+00    712930  7.3383332e+00  7.3318356e+00  7.3545438e-01
3.2634403e+00    846715  6.7905001e+00  6.7844601e+00  6.3520652e-01
3.4562097e+00   1005596  6.2659131e+00  6.2604022e+00  5.4841811e-01
3.6603648e+00   1194719  5.7869008e+00  5.7817729e+00  4.7335049e-01
3.8766358e+00   1419743  5.3178056e+00  5.3130264e+00  4.0842953e-01
4.1057220e+00   1686576  4.8873341e+00  4.8829472e+00  3.5224589e-01
4.3483372e+00   2003484  4.4704921e+00  4.4664629e+00  3.0372685e-01
4.6052142e+00   2378778  4.0890432e+00  4.0853359e+00  2.6182553e-01
4.8773359e+00   2828400  3.7320100e+00  3.7286057e+00  2.2561670e-01
5.1655179e+00   3356890  3.3997266e+00  3.3966236e+00  1.9436140e-01
5.4707002e+00   3990317  3.0829917e+00  3.0801782e+00  1.6738239e-01
5.7939476e+00   4738457  2.7948850e+00  2.7922866e+00  1.4410115e-01
6.1362572e+00   5629661  2.5325523e+00  2.5302494e+00  1.2404268e-01
6.4988210e+00   6687903  2.2939880e+00  2.2918457e+00  1.0673463e-01
6.8828355e+00   7945758  2.0753874e+00  2.0734637e+00  9.1817887e-02
7.2895050e+00   9436555  1.8742127e+00  1.8724776e+00  7.8965998e-02
7.7201584e+00  11210320  1.6923868e+00  1.6907773e+00  6.7896577e-02
8.1762927e+00  13318613  1.5248328e+00  1.5233883e+00  5.8360600e-02
8.6593661e+00  15819192  1.3733666e+00  1.3720837e+00  5.0157438e-02
9.1709925e+00  18795348  1.2355306e+00  1.2343504e+00  4.3091671e-02
9.7128705e+00  22326034  1.1117521e+00  1.1106915e+00  3.7017096e-02
1.0286736e+01  26520842  9.9810093e-01  9.9712405e-01  3.1788432e-02
1.0894484e+01  31503438  8.9660408e-01  8.9574795e-01  2.7302257e-02
1.1538156e+01  37426927  8.0522783e-01  8.0445629e-01  2.3443530e-02
1.2220385e+01  44525830  7.2347768e-01  7.2278034e-01  2.0123136e-02
