# Power spectrum from CO𝘕CEPT job 4563714 at t = 3.1242836 Gyr, a = 0.32258065
#
# Components:
#   0: matter  (upstream grid size 1024)
#
#                           grid size 1024
# ╭────────────────────────────────────────────────────────────────╮
#                         component 0    (corrected)      (linear)
#                        σ₈ = 3.02e-01  σ₈ = 3.01e-01  σ₈ = 2.96e-01
#  k [Mpc⁻¹]    modes       P [Mpc³]       P [Mpc³]       P [Mpc³]
2.4543693e-02         3  8.1149702e+03  8.1149702e+03  8.1834287e+03
4.6570361e-02        25  4.2246057e+03  4.2880210e+03  4.2983139e+03
8.3521561e-02       124  1.8452668e+03  1.8039555e+03  1.8297345e+03
1.3383638e-01       418  8.4834279e+02  8.3864013e+02  7.9594032e+02
1.8592088e-01       730  4.6118888e+02  4.7157200e+02  4.6384405e+02
2.3260504e-01      1012  3.1136355e+02  3.0917320e+02  2.6537844e+02
2.7635505e-01      1408  2.3613488e+02  2.3643164e+02  2.0257492e+02
3.1919121e-01      1841  1.7534923e+02  1.7437555e+02  1.3686897e+02
3.6464415e-01      2698  1.3894919e+02  1.3806655e+02  1.0996919e+02
4.1290034e-01      3532  1.0963158e+02  1.1053397e+02  8.1222384e+01
4.6319578e-01      4702  8.8715292e+01  8.7028023e+01  6.1548933e+01
5.1570195e-01      6019  7.4910970e+01  7.5750827e+01  5.1664616e+01
5.7047444e-01      7766  6.2221450e+01  6.2157332e+01  3.8116262e+01
6.2844883e-01     10012  5.4179178e+01  5.3323234e+01  3.1361969e+01
6.8955465e-01     12589  4.6237032e+01  4.6373841e+01  2.6106328e+01
7.5323141e-01     15650  4.0104954e+01  4.0447028e+01  2.0625611e+01
8.2032763e-01     19757  3.4578385e+01  3.4469407e+01  1.6544228e+01
8.9088605e-01     24241  3.0799180e+01  3.0486996e+01  1.3762608e+01
9.6481958e-01     29993  2.7100123e+01  2.6879444e+01  1.1570086e+01
1.0423453e+00     36494  2.4066169e+01  2.3933990e+01  9.6271426e+00
1.1237267e+00     44825  2.1740730e+01  2.1647680e+01  8.0545196e+00
1.2089588e+00     53906  1.9579009e+01  1.9524960e+01  6.7250599e+00
1.2983336e+00     65729  1.7690298e+01  1.7640317e+01  5.6398491e+00
1.3921058e+00     78746  1.6075356e+01  1.6024622e+01  4.7477154e+00
1.4900211e+00     94374  1.4573482e+01  1.4528279e+01  4.0087984e+00
1.5921784e+00    112166  1.3342693e+01  1.3331545e+01  3.3949135e+00
1.6991083e+00    134373  1.2203474e+01  1.2205035e+01  2.8911401e+00
1.8110248e+00    159077  1.1236816e+01  1.1221785e+01  2.4717580e+00
1.9277595e+00    188172  1.0345746e+01  1.0332966e+01  2.1156384e+00
2.0497441e+00    222492  9.6036506e+00  9.5995735e+00  1.8129350e+00
2.1771282e+00    261771  8.8881010e+00  8.8804138e+00  1.5597375e+00
2.3098450e+00    306759  8.2197511e+00  8.2134053e+00  1.3439751e+00
2.4484375e+00    360898  7.6271165e+00  7.6206657e+00  1.1604854e+00
2.5937215e+00    425046  7.0928334e+00  7.0869207e+00  1.0030251e+00
2.7470320e+00    505555  6.5898011e+00  6.5839701e+00  8.6724388e-01
2.9094444e+00    600292  6.1277302e+00  6.1222280e+00  7.4955337e-01
3.0813867e+00    712930  5.6873341e+00  5.6822983e+00  6.4753300e-01
3.2634403e+00    846715  5.2681014e+00  5.2634155e+00  5.5926957e-01
3.4562097e+00   1005596  4.8812632e+00  4.8769702e+00  4.8285655e-01
3.6603648e+00   1194719  4.5153657e+00  4.5113646e+00  4.1676310e-01
3.8766358e+00   1419743  4.1625123e+00  4.1587714e+00  3.5960331e-01
4.1057220e+00   1686576  3.8337649e+00  3.8303236e+00  3.1013630e-01
4.3483372e+00   2003484  3.5216063e+00  3.5184323e+00  2.6741760e-01
4.6052142e+00   2378778  3.2343826e+00  3.2314501e+00  2.3052550e-01
4.8773359e+00   2828400  2.9628138e+00  2.9601111e+00  1.9864535e-01
5.1655179e+00   3356890  2.7085260e+00  2.7060538e+00  1.7112654e-01
5.4707002e+00   3990317  2.4671078e+00  2.4648563e+00  1.4737280e-01
5.7939476e+00   4738457  2.2491918e+00  2.2471007e+00  1.2687477e-01
6.1362572e+00   5629661  2.0475699e+00  2.0457080e+00  1.0921423e-01
6.4988210e+00   6687903  1.8639097e+00  1.8621690e+00  9.3975306e-02
6.8828355e+00   7945758  1.6943797e+00  1.6928092e+00  8.0841815e-02
7.2895050e+00   9436555  1.5363198e+00  1.5348975e+00  6.9526326e-02
7.7201584e+00  11210320  1.3910841e+00  1.3897611e+00  5.9780215e-02
8.1762927e+00  13318613  1.2624583e+00  1.2612624e+00  5.1384228e-02
8.6593661e+00  15819192  1.1447964e+00  1.1437271e+00  4.4161722e-02
9.1709925e+00  18795348  1.0347651e+00  1.0337767e+00  3.7940636e-02
9.7128705e+00  22326034  9.3537588e-01  9.3448352e-01  3.2592248e-02
1.0286736e+01  26520842  8.4520573e-01  8.4437849e-01  2.7988644e-02
1.0894484e+01  31503438  7.6269808e-01  7.6196980e-01  2.4038767e-02
1.1538156e+01  37426927  6.8845303e-01  6.8779338e-01  2.0641328e-02
1.2220385e+01  44525830  6.2173845e-01  6.2113918e-01  1.7717866e-02
