# Power spectrum from CO𝘕CEPT job 4563714 at t = 3.6249528 Gyr, a = 0.35714286
#
# Components:
#   0: matter  (upstream grid size 1024)
#
#                           grid size 1024
# ╭────────────────────────────────────────────────────────────────╮
#                         component 0    (corrected)      (linear)
#                        σ₈ = 3.34e-01  σ₈ = 3.33e-01  σ₈ = 3.26e-01
#  k [Mpc⁻¹]    modes       P [Mpc³]       P [Mpc³]       P [Mpc³]
2.4543693e-02         3  9.8402708e+03  9.8402708e+03  9.9347156e+03
4.6570361e-02        25  5.1244352e+03  5.2013578e+03  5.2179643e+03
8.3521561e-02       124  2.2413941e+03  2.1912146e+03  2.2211860e+03
1.3383638e-01       418  1.0367680e+03  1.0249103e+03  9.6621874e+02
1.8592088e-01       730  5.6596724e+02  5.7870932e+02  5.6307511e+02
2.3260504e-01      1012  3.8633369e+02  3.8361595e+02  3.2215119e+02
2.7635505e-01      1408  2.9407806e+02  2.9444764e+02  2.4591196e+02
3.1919121e-01      1841  2.2170101e+02  2.2046995e+02  1.6614945e+02
3.6464415e-01      2698  1.7568293e+02  1.7456695e+02  1.3349497e+02
4.1290034e-01      3532  1.4054337e+02  1.4170021e+02  9.8598324e+01
4.6319578e-01      4702  1.1464761e+02  1.1246714e+02  7.4716118e+01
5.1570195e-01      6019  9.6999448e+01  9.8086947e+01  6.2717241e+01
5.7047444e-01      7766  8.1318438e+01  8.1234640e+01  4.6270483e+01
6.2844883e-01     10012  7.1316485e+01  7.0189799e+01  3.8071240e+01
6.8955465e-01     12589  6.1652595e+01  6.1835018e+01  3.1691258e+01
7.5323141e-01     15650  5.3968716e+01  5.4429040e+01  2.5038049e+01
8.2032763e-01     19757  4.6708710e+01  4.6561502e+01  2.0083535e+01
8.9088605e-01     24241  4.2071859e+01  4.1645414e+01  1.6706843e+01
9.6481958e-01     29993  3.7150061e+01  3.6847544e+01  1.4045274e+01
1.0423453e+00     36494  3.3371006e+01  3.3187722e+01  1.1686676e+01
1.1237267e+00     44825  3.0332601e+01  3.0202778e+01  9.7776213e+00
1.2089588e+00     53906  2.7595375e+01  2.7519196e+01  8.1637502e+00
1.2983336e+00     65729  2.5063904e+01  2.4993090e+01  6.8463802e+00
1.3921058e+00     78746  2.2954529e+01  2.2882084e+01  5.7633922e+00
1.4900211e+00     94374  2.0966636e+01  2.0901603e+01  4.8663986e+00
1.5921784e+00    112166  1.9342372e+01  1.9326211e+01  4.1211854e+00
1.6991083e+00    134373  1.7718415e+01  1.7720681e+01  3.5096396e+00
1.8110248e+00    159077  1.6388681e+01  1.6366759e+01  3.0005392e+00
1.9277595e+00    188172  1.5167003e+01  1.5148266e+01  2.5682349e+00
2.0497441e+00    222492  1.4088177e+01  1.4082196e+01  2.2007742e+00
2.1771282e+00    261771  1.3132397e+01  1.3121039e+01  1.8934102e+00
2.3098450e+00    306759  1.2162833e+01  1.2153444e+01  1.6314898e+00
2.4484375e+00    360898  1.1337716e+01  1.1328127e+01  1.4087462e+00
2.5937215e+00    425046  1.0536835e+01  1.0528051e+01  1.2176004e+00
2.7470320e+00    505555  9.7756568e+00  9.7670068e+00  1.0527716e+00
2.9094444e+00    600292  9.0500309e+00  9.0419046e+00  9.0990357e-01
3.0813867e+00    712930  8.3993068e+00  8.3918697e+00  7.8605803e-01
3.2634403e+00    846715  7.7737505e+00  7.7668359e+00  6.7891245e-01
3.4562097e+00   1005596  7.1620016e+00  7.1557027e+00  5.8615243e-01
3.6603648e+00   1194719  6.5945135e+00  6.5886701e+00  5.0591967e-01
3.8766358e+00   1419743  6.0568614e+00  6.0514179e+00  4.3653172e-01
4.1057220e+00   1686576  5.5522869e+00  5.5473031e+00  3.7648228e-01
4.3483372e+00   2003484  5.0611941e+00  5.0566325e+00  3.2462482e-01
4.6052142e+00   2378778  4.6265151e+00  4.6223206e+00  2.7984043e-01
4.8773359e+00   2828400  4.2060640e+00  4.2022272e+00  2.4114020e-01
5.1655179e+00   3356890  3.8230771e+00  3.8195876e+00  2.0773433e-01
5.4707002e+00   3990317  3.4625512e+00  3.4593912e+00  1.7889900e-01
5.7939476e+00   4738457  3.1293702e+00  3.1264608e+00  1.5401587e-01
6.1362572e+00   5629661  2.8258504e+00  2.8232808e+00  1.3257725e-01
6.4988210e+00   6687903  2.5517747e+00  2.5493917e+00  1.1407830e-01
6.8828355e+00   7945758  2.3046545e+00  2.3025184e+00  9.8135204e-02
7.2895050e+00   9436555  2.0738549e+00  2.0719349e+00  8.4399031e-02
7.7201584e+00  11210320  1.8676110e+00  1.8658348e+00  7.2567971e-02
8.1762927e+00  13318613  1.6792807e+00  1.6776899e+00  6.2375866e-02
8.6593661e+00  15819192  1.5090459e+00  1.5076363e+00  5.3608284e-02
9.1709925e+00  18795348  1.3524729e+00  1.3511810e+00  4.6056356e-02
9.7128705e+00  22326034  1.2138107e+00  1.2126527e+00  3.9563821e-02
1.0286736e+01  26520842  1.0870119e+00  1.0859480e+00  3.3975400e-02
1.0894484e+01  31503438  9.7348336e-01  9.7255382e-01  2.9180557e-02
1.1538156e+01  37426927  8.7282484e-01  8.7198853e-01  2.5056333e-02
1.2220385e+01  44525830  7.8250863e-01  7.8175440e-01  2.1507484e-02
