# Power spectrum from CO𝘕CEPT job 4701172 at t = 11.277962 Gyr, a = 0.83333333
#
# Components:
#   0: matter  (upstream grid size 1024)
#
#                           grid size 1024
# ╭────────────────────────────────────────────────────────────────╮
#                         component 0    (corrected)      (linear)
#                        σ₈ = 7.36e-01  σ₈ = 7.36e-01  σ₈ = 6.79e-01
#  k [Mpc⁻¹]    modes       P [Mpc³]       P [Mpc³]       P [Mpc³]
3.0679616e-03         3  3.6491773e+04  3.6491773e+04  3.6487118e+04
5.8212951e-03        25  5.3125484e+04  5.3391360e+04  5.3357436e+04
1.0440195e-02       124  6.1041483e+04  6.1742296e+04  6.2352805e+04
1.6729547e-02       418  5.5314038e+04  5.5819497e+04  5.5801489e+04
2.3240110e-02       730  4.2283755e+04  4.2292080e+04  4.3077816e+04
2.9075630e-02      1012  3.3903987e+04  3.3821843e+04  3.3922542e+04
3.4544381e-02      1408  2.8631675e+04  2.8565038e+04  2.8550103e+04
3.9898901e-02      1841  2.4949215e+04  2.4929449e+04  2.5411794e+04
4.5580519e-02      2698  2.2654439e+04  2.2675367e+04  2.2957455e+04
5.1612543e-02      3532  1.9702364e+04  1.9733352e+04  2.0189888e+04
5.7899473e-02      4702  1.6567615e+04  1.6570761e+04  1.6911991e+04
6.4462744e-02      6019  1.3859155e+04  1.3826238e+04  1.3737921e+04
7.1309305e-02      7766  1.1640335e+04  1.1595893e+04  1.1421143e+04
7.8556104e-02     10012  1.0382015e+04  1.0358862e+04  1.0123875e+04
8.6194331e-02     12589  9.6056645e+03  9.6181222e+03  9.3688043e+03
9.4153926e-02     15650  8.6158122e+03  8.6398163e+03  8.4332027e+03
1.0254095e-01     19757  7.4162083e+03  7.4181683e+03  7.0849909e+03
1.1136076e-01     24241  6.3958315e+03  6.3732372e+03  5.7852598e+03
1.2060245e-01     29993  5.6228885e+03  5.6040365e+03  4.9696482e+03
1.3029316e-01     36494  5.0792340e+03  5.0818675e+03  4.5102985e+03
1.4046583e-01     44825  4.5757026e+03  4.5817453e+03  4.0109529e+03
1.5111985e-01     53906  4.1143855e+03  4.1044349e+03  3.4132608e+03
1.6229170e-01     65729  3.6790541e+03  3.6687726e+03  2.9658420e+03
1.7401323e-01     78746  3.3646557e+03  3.3711061e+03  2.6926587e+03
1.8625264e-01     94374  3.0528067e+03  3.0585268e+03  2.3761497e+03
1.9902230e-01    112166  2.7507830e+03  2.7452193e+03  2.0074759e+03
2.1238854e-01    134373  2.4947342e+03  2.4875330e+03  1.7423250e+03
2.2637810e-01    159077  2.3031946e+03  2.3007970e+03  1.5626912e+03
2.4096993e-01    188172  2.1152898e+03  2.1142570e+03  1.3973873e+03
2.5621802e-01    222492  1.9519953e+03  1.9538700e+03  1.2370708e+03
2.7214102e-01    261771  1.8088916e+03  1.8107344e+03  1.0840927e+03
2.8873063e-01    306759  1.6694311e+03  1.6656662e+03  9.3735898e+02
3.0605468e-01    360898  1.5521132e+03  1.5466154e+03  8.3052696e+02
3.2421519e-01    425046  1.4424462e+03  1.4431844e+03  7.5465990e+02
3.4337900e-01    505555  1.3452412e+03  1.3486807e+03  6.6770238e+02
3.6368055e-01    600292  1.2553628e+03  1.2537190e+03  5.7511470e+02
3.8517334e-01    712930  1.1729220e+03  1.1672269e+03  5.0724827e+02
4.0793004e-01    846715  1.0995783e+03  1.1005064e+03  4.5905401e+02
4.3202621e-01   1005596  1.0277266e+03  1.0311630e+03  4.0090019e+02
4.5754560e-01   1194719  9.6396134e+02  9.5876337e+02  3.4584323e+02
4.8457948e-01   1419743  9.0319477e+02  9.0207164e+02  3.1151709e+02
5.1321525e-01   1686576  8.4978189e+02  8.5346698e+02  2.7246760e+02
5.4354215e-01   2003484  7.9644255e+02  7.9058054e+02  2.3555178e+02
5.7565178e-01   2378778  7.5082452e+02  7.5282439e+02  2.1183624e+02
6.0966698e-01   2828400  7.0677091e+02  7.0655475e+02  1.8186244e+02
6.4568974e-01   3356890  6.6672552e+02  6.6446927e+02  1.6148257e+02
6.8383752e-01   3990317  6.2944576e+02  6.3220093e+02  1.4036532e+02
7.2424344e-01   4738457  5.9545274e+02  5.9221484e+02  1.2344038e+02
7.6703215e-01   5629661  5.6382735e+02  5.6602115e+02  1.0743876e+02
8.1235262e-01   6687903  5.3482707e+02  5.3259831e+02  9.4537833e+01
8.6035444e-01   7945758  5.0766825e+02  5.0805712e+02  8.1780575e+01
9.1118812e-01   9436555  4.8217264e+02  4.8334639e+02  7.2059833e+01
9.6501980e-01  11210320  4.5738652e+02  4.5523051e+02  6.2497297e+01
1.0220366e+00  13318613  4.3332833e+02  4.3423045e+02  5.4373893e+01
1.0824208e+00  15819192  4.0959001e+02  4.0977367e+02  4.7620211e+01
1.1463741e+00  18795348  3.8655224e+02  3.8512541e+02  4.1468305e+01
1.2141088e+00  22326034  3.6392676e+02  3.6311570e+02  3.5992566e+01
1.2858419e+00  26520842  3.4179947e+02  3.4144240e+02  3.1295526e+01
1.3618105e+00  31503438  3.2041074e+02  3.2076793e+02  2.7214418e+01
1.4422695e+00  37426927  2.9967467e+02  2.9985670e+02  2.3651694e+01
1.5275481e+00  44525830  2.7982891e+02  2.7996516e+02  2.0547996e+01
