# Power spectrum from CO𝘕CEPT job 4701172 at t = 6.7614249 Gyr, a = 0.55555556
#
# Components:
#   0: matter  (upstream grid size 1024)
#
#                           grid size 1024
# ╭────────────────────────────────────────────────────────────────╮
#                         component 0    (corrected)      (linear)
#                        σ₈ = 5.26e-01  σ₈ = 5.26e-01  σ₈ = 5.03e-01
#  k [Mpc⁻¹]    modes       P [Mpc³]       P [Mpc³]       P [Mpc³]
3.0679616e-03         3  1.9986862e+04  1.9986862e+04  1.9973758e+04
5.8212951e-03        25  2.9105988e+04  2.9251654e+04  2.9216647e+04
1.0440195e-02       124  3.3555348e+04  3.3940594e+04  3.4152610e+04
1.6729547e-02       418  3.0352125e+04  3.0629483e+04  3.0571834e+04
2.3240110e-02       730  2.3326966e+04  2.3331559e+04  2.3604422e+04
2.9075630e-02      1012  1.8635154e+04  1.8590004e+04  1.8589314e+04
3.4544381e-02      1408  1.5723922e+04  1.5687327e+04  1.5646061e+04
3.9898901e-02      1841  1.3774111e+04  1.3763198e+04  1.3926702e+04
4.5580519e-02      2698  1.2485397e+04  1.2496931e+04  1.2581976e+04
5.1612543e-02      3532  1.0890175e+04  1.0907303e+04  1.1065436e+04
5.7899473e-02      4702  9.1440554e+03  9.1457915e+03  9.2690838e+03
6.4462744e-02      6019  7.5750262e+03  7.5570343e+03  7.5295489e+03
7.1309305e-02      7766  6.3271893e+03  6.3030323e+03  6.2598252e+03
7.8556104e-02     10012  5.6242098e+03  5.6116673e+03  5.5488529e+03
8.6194331e-02     12589  5.2078432e+03  5.2145974e+03  5.1350391e+03
9.4153926e-02     15650  4.6741762e+03  4.6871987e+03  4.6222634e+03
1.0254095e-01     19757  3.9777483e+03  3.9787995e+03  3.8833235e+03
1.1136076e-01     24241  3.3606115e+03  3.3487397e+03  3.1709465e+03
1.2060245e-01     29993  2.9243968e+03  2.9145921e+03  2.7239127e+03
1.3029316e-01     36494  2.6348370e+03  2.6362031e+03  2.4721457e+03
1.4046583e-01     44825  2.3682906e+03  2.3714182e+03  2.1984541e+03
1.5111985e-01     53906  2.0858888e+03  2.0808441e+03  1.8708553e+03
1.6229170e-01     65729  1.8417176e+03  1.8365707e+03  1.6256218e+03
1.7401323e-01     78746  1.6740374e+03  1.6772467e+03  1.4758881e+03
1.8625264e-01     94374  1.5031786e+03  1.5059951e+03  1.3024063e+03
1.9902230e-01    112166  1.3232990e+03  1.3206225e+03  1.1003314e+03
2.1238854e-01    134373  1.1847408e+03  1.1813210e+03  9.5499865e+02
2.2637810e-01    159077  1.0801691e+03  1.0790447e+03  8.5653893e+02
2.4096993e-01    188172  9.7749796e+02  9.7702067e+02  7.6593345e+02
2.5621802e-01    222492  8.9142978e+02  8.9228589e+02  6.7806150e+02
2.7214102e-01    261771  8.0990181e+02  8.1072687e+02  5.9421166e+02
2.8873063e-01    306759  7.3376707e+02  7.3211230e+02  5.1378440e+02
3.0605468e-01    360898  6.6941610e+02  6.6704492e+02  4.5522792e+02
3.2421519e-01    425046  6.1628358e+02  6.1659902e+02  4.1364387e+02
3.4337900e-01    505555  5.6364504e+02  5.6508614e+02  3.6598087e+02
3.6368055e-01    600292  5.1662795e+02  5.1595149e+02  3.1523183e+02
3.8517334e-01    712930  4.7535458e+02  4.7304652e+02  2.7803296e+02
4.0793004e-01    846715  4.3703693e+02  4.3740582e+02  2.5161678e+02
4.3202621e-01   1005596  4.0213641e+02  4.0348105e+02  2.1974154e+02
4.5754560e-01   1194719  3.7016455e+02  3.6816851e+02  1.8956374e+02
4.8457948e-01   1419743  3.4119426e+02  3.4076999e+02  1.7074892e+02
5.1321525e-01   1686576  3.1503839e+02  3.1640456e+02  1.4934511e+02
5.4354215e-01   2003484  2.9130553e+02  2.8916145e+02  1.2911081e+02
5.7565178e-01   2378778  2.6960252e+02  2.7032063e+02  1.1611185e+02
6.0966698e-01   2828400  2.5031982e+02  2.5024327e+02  9.9682597e+01
6.4568974e-01   3356890  2.3272731e+02  2.3193975e+02  8.8511973e+01
6.8383752e-01   3990317  2.1720311e+02  2.1815384e+02  7.6937177e+01
7.2424344e-01   4738457  2.0363207e+02  2.0252477e+02  6.7660267e+01
7.6703215e-01   5629661  1.9212190e+02  1.9286942e+02  5.8889453e+01
8.1235262e-01   6687903  1.8253260e+02  1.8177194e+02  5.1818185e+01
8.6035444e-01   7945758  1.7489982e+02  1.7503379e+02  4.4825667e+01
9.1118812e-01   9436555  1.6912502e+02  1.6953672e+02  3.9497526e+01
9.6501980e-01  11210320  1.6474525e+02  1.6396868e+02  3.4256100e+01
1.0220366e+00  13318613  1.6134201e+02  1.6167790e+02  2.9803492e+01
1.0824208e+00  15819192  1.5831231e+02  1.5838330e+02  2.6101657e+01
1.1463741e+00  18795348  1.5528692e+02  1.5471372e+02  2.2729669e+01
1.2141088e+00  22326034  1.5171163e+02  1.5137352e+02  1.9728301e+01
1.2858419e+00  26520842  1.4756719e+02  1.4741303e+02  1.7153754e+01
1.3618105e+00  31503438  1.4298409e+02  1.4314349e+02  1.4916812e+01
1.4422695e+00  37426927  1.3815690e+02  1.3824082e+02  1.2964008e+01
1.5275481e+00  44525830  1.3311755e+02  1.3318237e+02  1.1262805e+01
