# Power spectrum from CO𝘕CEPT job 4701172 at t = 9.3730558 Gyr, a = 0.71428571
#
# Components:
#   0: matter  (upstream grid size 1024)
#
#                           grid size 1024
# ╭────────────────────────────────────────────────────────────────╮
#                         component 0    (corrected)      (linear)
#                        σ₈ = 6.54e-01  σ₈ = 6.54e-01  σ₈ = 6.12e-01
#  k [Mpc⁻¹]    modes       P [Mpc³]       P [Mpc³]       P [Mpc³]
3.0679616e-03         3  2.9609504e+04  2.9609504e+04  2.9601562e+04
5.8212951e-03        25  4.3111043e+04  4.3326800e+04  4.3292157e+04
1.0440195e-02       124  4.9599127e+04  5.0168570e+04  5.0595962e+04
1.6729547e-02       418  4.4916358e+04  4.5326803e+04  4.5283900e+04
2.3240110e-02       730  3.4406571e+04  3.4413345e+04  3.4960265e+04
2.9075630e-02      1012  2.7549996e+04  2.7483247e+04  2.7531018e+04
3.4544381e-02      1408  2.3258543e+04  2.3204411e+04  2.3171266e+04
3.9898901e-02      1841  2.0307866e+04  2.0291777e+04  2.0624489e+04
4.5580519e-02      2698  1.8427947e+04  1.8444970e+04  1.8632714e+04
5.1612543e-02      3532  1.6044854e+04  1.6070090e+04  1.6386638e+04
5.7899473e-02      4702  1.3483897e+04  1.3486457e+04  1.3726300e+04
6.4462744e-02      6019  1.1236561e+04  1.1209872e+04  1.1150182e+04
7.1309305e-02      7766  9.4157281e+03  9.3797792e+03  9.2698413e+03
7.8556104e-02     10012  8.3864469e+03  8.3677444e+03  8.2169553e+03
8.6194331e-02     12589  7.7627988e+03  7.7728665e+03  7.6041299e+03
9.4153926e-02     15650  6.9654462e+03  6.9848523e+03  6.8447702e+03
1.0254095e-01     19757  5.9680479e+03  5.9696251e+03  5.7505111e+03
1.1136076e-01     24241  5.1057534e+03  5.0877165e+03  4.6955957e+03
1.2060245e-01     29993  4.4708878e+03  4.4558982e+03  4.0336113e+03
1.3029316e-01     36494  4.0338239e+03  4.0359154e+03  3.6607845e+03
1.4046583e-01     44825  3.6310324e+03  3.6358276e+03  3.2554936e+03
1.5111985e-01     53906  3.2398264e+03  3.2319909e+03  2.7703784e+03
1.6229170e-01     65729  2.8830044e+03  2.8749476e+03  2.4072319e+03
1.7401323e-01     78746  2.6299930e+03  2.6350349e+03  2.1855033e+03
1.8625264e-01     94374  2.3775257e+03  2.3819805e+03  1.9286090e+03
1.9902230e-01    112166  2.1234110e+03  2.1191162e+03  1.6293745e+03
2.1238854e-01    134373  1.9168728e+03  1.9113397e+03  1.4141644e+03
2.2637810e-01    159077  1.7616466e+03  1.7598127e+03  1.2683644e+03
2.4096993e-01    188172  1.6088233e+03  1.6080377e+03  1.1341951e+03
2.5621802e-01    222492  1.4786482e+03  1.4800682e+03  1.0040738e+03
2.7214102e-01    261771  1.3612117e+03  1.3625984e+03  8.7990867e+02
2.8873063e-01    306759  1.2477136e+03  1.2448998e+03  7.6081175e+02
3.0605468e-01    360898  1.1517901e+03  1.1477103e+03  6.7410116e+02
3.2421519e-01    425046  1.0668656e+03  1.0674117e+03  6.1252339e+02
3.4337900e-01    505555  9.8826867e+02  9.9079544e+02  5.4194396e+02
3.6368055e-01    600292  9.1635834e+02  9.1515847e+02  4.6679477e+02
3.8517334e-01    712930  8.5184628e+02  8.4771017e+02  4.1171068e+02
4.0793004e-01    846715  7.9336215e+02  7.9403180e+02  3.7259359e+02
4.3202621e-01   1005596  7.3764491e+02  7.4011140e+02  3.2539277e+02
4.5754560e-01   1194719  6.8750304e+02  6.8379582e+02  2.8070551e+02
4.8457948e-01   1419743  6.4089905e+02  6.4010209e+02  2.5284454e+02
5.1321525e-01   1686576  5.9919208e+02  6.0179049e+02  2.2114982e+02
5.4354215e-01   2003484  5.5906500e+02  5.5495015e+02  1.9118690e+02
5.7565178e-01   2378778  5.2422077e+02  5.2561707e+02  1.7193807e+02
6.0966698e-01   2828400  4.9136444e+02  4.9121417e+02  1.4760967e+02
6.4568974e-01   3356890  4.6183202e+02  4.6026915e+02  1.3106824e+02
6.8383752e-01   3990317  4.3486612e+02  4.3676960e+02  1.1392831e+02
7.2424344e-01   4738457  4.1057555e+02  4.0834296e+02  1.0019109e+02
7.6703215e-01   5629661  3.8861447e+02  3.9012653e+02  8.7203289e+01
8.1235262e-01   6687903  3.6932558e+02  3.6778651e+02  7.6732177e+01
8.6035444e-01   7945758  3.5179870e+02  3.5206817e+02  6.6377677e+01
9.1118812e-01   9436555  3.3614738e+02  3.3696566e+02  5.8487783e+01
9.6501980e-01  11210320  3.2109769e+02  3.1958411e+02  5.0726296e+01
1.0220366e+00  13318613  3.0677290e+02  3.0741156e+02  4.4132890e+01
1.0824208e+00  15819192  2.9271752e+02  2.9284877e+02  3.8651225e+01
1.1463741e+00  18795348  2.7880802e+02  2.7777889e+02  3.3657996e+01
1.2141088e+00  22326034  2.6506696e+02  2.6447622e+02  2.9213581e+01
1.2858419e+00  26520842  2.5126173e+02  2.5099925e+02  2.5401201e+01
1.3618105e+00  31503438  2.3765090e+02  2.3791583e+02  2.2088746e+01
1.4422695e+00  37426927  2.2427555e+02  2.2441178e+02  1.9197041e+01
1.5275481e+00  44525830  2.1143982e+02  2.1154278e+02  1.6677906e+01
