# Power spectrum from CO𝘕CEPT job 4701172 at t = 5.8533978 Gyr, a = 0.5
#
# Components:
#   0: matter  (upstream grid size 1024)
#
#                           grid size 1024
# ╭────────────────────────────────────────────────────────────────╮
#                         component 0    (corrected)      (linear)
#                        σ₈ = 4.77e-01  σ₈ = 4.77e-01  σ₈ = 4.60e-01
#  k [Mpc⁻¹]    modes       P [Mpc³]       P [Mpc³]       P [Mpc³]
3.0679616e-03         3  1.6687728e+04  1.6687728e+04  1.6676549e+04
5.8212951e-03        25  2.4303435e+04  2.4425066e+04  2.4395709e+04
1.0440195e-02       124  2.8041228e+04  2.8363167e+04  2.8519855e+04
1.6729547e-02       418  2.5351667e+04  2.5583330e+04  2.5531468e+04
2.3240110e-02       730  1.9508942e+04  1.9512783e+04  1.9713579e+04
2.9075630e-02      1012  1.5570252e+04  1.5532527e+04  1.5525480e+04
3.4544381e-02      1408  1.3134822e+04  1.3104252e+04  1.3067504e+04
3.9898901e-02      1841  1.1520947e+04  1.1511819e+04  1.1631615e+04
4.5580519e-02      2698  1.0438330e+04  1.0447972e+04  1.0508572e+04
5.1612543e-02      3532  9.1108364e+03  9.1251664e+03  9.2419977e+03
5.7899473e-02      4702  7.6476343e+03  7.6490863e+03  7.7416942e+03
6.4462744e-02      6019  6.3212264e+03  6.3062125e+03  6.2888270e+03
7.1309305e-02      7766  5.2742436e+03  5.2541067e+03  5.2283430e+03
7.8556104e-02     10012  4.6847838e+03  4.6743363e+03  4.6345335e+03
8.6194331e-02     12589  4.3378935e+03  4.3435194e+03  4.2889141e+03
9.4153926e-02     15650  3.8933753e+03  3.9042225e+03  3.8606365e+03
1.0254095e-01     19757  3.3052601e+03  3.3061336e+03  3.2434583e+03
1.1136076e-01     24241  2.7793495e+03  2.7695310e+03  2.6484642e+03
1.2060245e-01     29993  2.4128317e+03  2.4047422e+03  2.2750908e+03
1.3029316e-01     36494  2.1731182e+03  2.1742449e+03  2.0648091e+03
1.4046583e-01     44825  1.9516924e+03  1.9542698e+03  1.8362149e+03
1.5111985e-01     53906  1.7102448e+03  1.7061086e+03  1.5625953e+03
1.6229170e-01     65729  1.5054857e+03  1.5012785e+03  1.3577694e+03
1.7401323e-01     78746  1.3666976e+03  1.3693177e+03  1.2327077e+03
1.8625264e-01     94374  1.2237097e+03  1.2260026e+03  1.0878106e+03
1.9902230e-01    112166  1.0711915e+03  1.0690249e+03  9.1903155e+02
2.1238854e-01    134373  9.5540438e+02  9.5264656e+02  7.9764522e+02
2.2637810e-01    159077  8.6833145e+02  8.6742751e+02  7.1540867e+02
2.4096993e-01    188172  7.8304043e+02  7.8265809e+02  6.3973219e+02
2.5621802e-01    222492  7.1148308e+02  7.1216637e+02  5.6633880e+02
2.7214102e-01    261771  6.4274480e+02  6.4339957e+02  4.9630478e+02
2.8873063e-01    306759  5.7942911e+02  5.7812240e+02  4.2912939e+02
3.0605468e-01    360898  5.2619984e+02  5.2433596e+02  3.8022115e+02
3.2421519e-01    425046  4.8292467e+02  4.8317185e+02  3.4548883e+02
3.4337900e-01    505555  4.3924138e+02  4.4036441e+02  3.0567917e+02
3.6368055e-01    600292  4.0042059e+02  3.9989628e+02  2.6329193e+02
3.8517334e-01    712930  3.6655929e+02  3.6477948e+02  2.3222224e+02
4.0793004e-01    846715  3.3514194e+02  3.3542483e+02  2.1015859e+02
4.3202621e-01   1005596  3.0677068e+02  3.0779644e+02  1.8353536e+02
4.5754560e-01   1194719  2.8074420e+02  2.7923034e+02  1.5832987e+02
4.8457948e-01   1419743  2.5730967e+02  2.5698970e+02  1.4261512e+02
5.1321525e-01   1686576  2.3625785e+02  2.3728239e+02  1.2473796e+02
5.4354215e-01   2003484  2.1717987e+02  2.1558137e+02  1.0783760e+02
5.7565178e-01   2378778  1.9979791e+02  2.0033008e+02  9.6980449e+01
6.0966698e-01   2828400  1.8433218e+02  1.8427581e+02  8.3258198e+01
6.4568974e-01   3356890  1.7030389e+02  1.6972757e+02  7.3928127e+01
6.8383752e-01   3990317  1.5804760e+02  1.5873940e+02  6.4260476e+01
7.2424344e-01   4738457  1.4738614e+02  1.4658470e+02  5.6512096e+01
7.6703215e-01   5629661  1.3849429e+02  1.3903316e+02  4.9186422e+01
8.1235262e-01   6687903  1.3136748e+02  1.3082004e+02  4.3280266e+01
8.6035444e-01   7945758  1.2604258e+02  1.2613913e+02  3.7439884e+01
9.1118812e-01   9436555  1.2254275e+02  1.2284106e+02  3.2989645e+01
9.6501980e-01  11210320  1.2069027e+02  1.2012137e+02  2.8611833e+01
1.0220366e+00  13318613  1.2000665e+02  1.2025649e+02  2.4892868e+01
1.0824208e+00  15819192  1.2007530e+02  1.2012914e+02  2.1800973e+01
1.1463741e+00  18795348  1.2020598e+02  1.1976228e+02  1.8984576e+01
1.2141088e+00  22326034  1.1979951e+02  1.1953252e+02  1.6477734e+01
1.2858419e+00  26520842  1.1850734e+02  1.1838354e+02  1.4327388e+01
1.3618105e+00  31503438  1.1655387e+02  1.1668380e+02  1.2459020e+01
1.4422695e+00  37426927  1.1402946e+02  1.1409872e+02  1.0827973e+01
1.5275481e+00  44525830  1.1116838e+02  1.1122251e+02  9.4070719e+00
