# Power spectrum from CO𝘕CEPT job 4701172 at t = 6.2819341 Gyr, a = 0.52631579
#
# Components:
#   0: matter  (upstream grid size 1024)
#
#                           grid size 1024
# ╭────────────────────────────────────────────────────────────────╮
#                         component 0    (corrected)      (linear)
#                        σ₈ = 5.01e-01  σ₈ = 5.00e-01  σ₈ = 4.80e-01
#  k [Mpc⁻¹]    modes       P [Mpc³]       P [Mpc³]       P [Mpc³]
3.0679616e-03         3  1.8237717e+04  1.8237717e+04  1.8224992e+04
5.8212951e-03        25  2.6559818e+04  2.6692741e+04  2.6659777e+04
1.0440195e-02       124  3.0632778e+04  3.0984470e+04  3.1165241e+04
1.6729547e-02       418  2.7701421e+04  2.7954557e+04  2.7898693e+04
2.3240110e-02       730  2.1304026e+04  2.1308220e+04  2.1540950e+04
2.9075630e-02      1012  1.7010741e+04  1.6969527e+04  1.6964449e+04
3.4544381e-02      1408  1.4351594e+04  1.4318193e+04  1.4278562e+04
3.9898901e-02      1841  1.2580401e+04  1.2570434e+04  1.2709541e+04
4.5580519e-02      2698  1.1400722e+04  1.1411254e+04  1.1482383e+04
5.1612543e-02      3532  9.9476124e+03  9.9632585e+03  1.0098410e+04
5.7899473e-02      4702  8.3512551e+03  8.3528407e+03  8.4590629e+03
6.4462744e-02      6019  6.9101752e+03  6.8937624e+03  6.8715572e+03
7.1309305e-02      7766  5.7685553e+03  5.7465311e+03  5.7128002e+03
7.8556104e-02     10012  5.1256506e+03  5.1142199e+03  5.0639631e+03
8.6194331e-02     12589  4.7462151e+03  4.7523706e+03  4.6863150e+03
9.4153926e-02     15650  4.2598813e+03  4.2717495e+03  4.2183512e+03
1.0254095e-01     19757  3.6205468e+03  3.6215036e+03  3.5439851e+03
1.1136076e-01     24241  3.0512920e+03  3.0405128e+03  2.8938596e+03
1.2060245e-01     29993  2.6519253e+03  2.6430341e+03  2.4858900e+03
1.3029316e-01     36494  2.3888511e+03  2.3900897e+03  2.2561239e+03
1.4046583e-01     44825  2.1463332e+03  2.1491677e+03  2.0063487e+03
1.5111985e-01     53906  1.8853847e+03  1.8808249e+03  1.7073766e+03
1.6229170e-01     65729  1.6620578e+03  1.6574130e+03  1.4835723e+03
1.7401323e-01     78746  1.5097302e+03  1.5126245e+03  1.3469229e+03
1.8625264e-01     94374  1.3536433e+03  1.3561796e+03  1.1886004e+03
1.9902230e-01    112166  1.1881545e+03  1.1857514e+03  1.0041832e+03
2.1238854e-01    134373  1.0617000e+03  1.0586353e+03  8.7154988e+02
2.2637810e-01    159077  9.6639150e+02  9.6538547e+02  7.8169376e+02
2.4096993e-01    188172  8.7293071e+02  8.7250447e+02  6.9900552e+02
2.5621802e-01    222492  7.9459216e+02  7.9535527e+02  6.1881195e+02
2.7214102e-01    261771  7.1979838e+02  7.2053165e+02  5.4228902e+02
2.8873063e-01    306759  6.5047477e+02  6.4900784e+02  4.6888958e+02
3.0605468e-01    360898  5.9200924e+02  5.8991225e+02  4.1544982e+02
3.2421519e-01    425046  5.4416763e+02  5.4444615e+02  3.7749943e+02
3.4337900e-01    505555  4.9627238e+02  4.9754123e+02  3.3400127e+02
3.6368055e-01    600292  4.5362943e+02  4.5303545e+02  2.8768671e+02
3.8517334e-01    712930  4.1631701e+02  4.1429560e+02  2.5373831e+02
4.0793004e-01    846715  3.8165357e+02  3.8197571e+02  2.2963039e+02
4.3202621e-01   1005596  3.5025078e+02  3.5142192e+02  2.0054044e+02
4.5754560e-01   1194719  3.2145258e+02  3.1971922e+02  1.7299959e+02
4.8457948e-01   1419743  2.9544796e+02  2.9508057e+02  1.5582881e+02
5.1321525e-01   1686576  2.7202458e+02  2.7320422e+02  1.3629528e+02
5.4354215e-01   2003484  2.5081188e+02  2.4896584e+02  1.1782906e+02
5.7565178e-01   2378778  2.3141223e+02  2.3202861e+02  1.0596596e+02
6.0966698e-01   2828400  2.1420106e+02  2.1413555e+02  9.0972300e+01
6.4568974e-01   3356890  1.9852766e+02  1.9785583e+02  8.0777770e+01
6.8383752e-01   3990317  1.8476903e+02  1.8557779e+02  7.0214385e+01
7.2424344e-01   4738457  1.7278764e+02  1.7184807e+02  6.1748095e+01
7.6703215e-01   5629661  1.6270584e+02  1.6333891e+02  5.3743677e+01
8.1235262e-01   6687903  1.5447474e+02  1.5383100e+02  4.7290299e+01
8.6035444e-01   7945758  1.4813045e+02  1.4824392e+02  4.0908789e+01
9.1118812e-01   9436555  1.4363275e+02  1.4398240e+02  3.6046223e+01
9.6501980e-01  11210320  1.4068652e+02  1.4002336e+02  3.1262795e+01
1.0220366e+00  13318613  1.3879858e+02  1.3908753e+02  2.7199257e+01
1.0824208e+00  15819192  1.3747204e+02  1.3753368e+02  2.3820890e+01
1.1463741e+00  18795348  1.3614932e+02  1.3564677e+02  2.0743546e+01
1.2141088e+00  22326034  1.3426770e+02  1.3396846e+02  1.8004439e+01
1.2858419e+00  26520842  1.3164984e+02  1.3151231e+02  1.5654857e+01
1.3618105e+00  31503438  1.2849904e+02  1.2864229e+02  1.3613380e+01
1.4422695e+00  37426927  1.2494794e+02  1.2502384e+02  1.1831212e+01
1.5275481e+00  44525830  1.2109015e+02  1.2114911e+02  1.0278660e+01
