# Power spectrum from CO𝘕CEPT job 4701172 at t = 4.270349 Gyr, a = 0.4
#
# Components:
#   0: matter  (upstream grid size 1024)
#
#                           grid size 1024
# ╭────────────────────────────────────────────────────────────────╮
#                         component 0    (corrected)      (linear)
#                        σ₈ = 3.84e-01  σ₈ = 3.84e-01  σ₈ = 3.76e-01
#  k [Mpc⁻¹]    modes       P [Mpc³]       P [Mpc³]       P [Mpc³]
3.0679616e-03         3  1.1142062e+04  1.1142062e+04  1.1141930e+04
5.8212951e-03        25  1.6229493e+04  1.6310717e+04  1.6302430e+04
1.0440195e-02       124  1.8754544e+04  1.8969864e+04  1.9062395e+04
1.6729547e-02       418  1.6938056e+04  1.7092836e+04  1.7067596e+04
2.3240110e-02       730  1.3066264e+04  1.3068837e+04  1.3179516e+04
2.9075630e-02      1012  1.0408539e+04  1.0383321e+04  1.0380035e+04
3.4544381e-02      1408  8.7763267e+03  8.7559008e+03  8.7369250e+03
3.9898901e-02      1841  7.7170935e+03  7.7109795e+03  7.7770389e+03
4.5580519e-02      2698  6.9855228e+03  6.9919758e+03  7.0262613e+03
5.1612543e-02      3532  6.1048195e+03  6.1144215e+03  6.1794714e+03
5.7899473e-02      4702  5.1216043e+03  5.1225767e+03  5.1763691e+03
6.4462744e-02      6019  4.2159964e+03  4.2059827e+03  4.2049593e+03
7.1309305e-02      7766  3.5115283e+03  3.4981214e+03  3.4958963e+03
7.8556104e-02     10012  3.1149315e+03  3.1079849e+03  3.0988629e+03
8.6194331e-02     12589  2.8833340e+03  2.8870734e+03  2.8677758e+03
9.4153926e-02     15650  2.5875221e+03  2.5947311e+03  2.5814159e+03
1.0254095e-01     19757  2.1875463e+03  2.1881244e+03  2.1687446e+03
1.1136076e-01     24241  1.8240240e+03  1.8175803e+03  1.7709041e+03
1.2060245e-01     29993  1.5766310e+03  1.5713450e+03  1.5212492e+03
1.3029316e-01     36494  1.4193879e+03  1.4201238e+03  1.3806453e+03
1.4046583e-01     44825  1.2720266e+03  1.2737065e+03  1.2277960e+03
1.5111985e-01     53906  1.1043870e+03  1.1017160e+03  1.0448396e+03
1.6229170e-01     65729  9.6676809e+02  9.6406636e+02  9.0788216e+02
1.7401323e-01     78746  8.7571907e+02  8.7739790e+02  8.2425933e+02
1.8625264e-01     94374  7.7979260e+02  7.8125371e+02  7.2737324e+02
1.9902230e-01    112166  6.7530830e+02  6.7394240e+02  6.1451809e+02
2.1238854e-01    134373  5.9744105e+02  5.9571651e+02  5.3335235e+02
2.2637810e-01    159077  5.3992684e+02  5.3936477e+02  4.7836435e+02
2.4096993e-01    188172  4.8379053e+02  4.8355430e+02  4.2776274e+02
2.5621802e-01    222492  4.3608470e+02  4.3650351e+02  3.7868770e+02
2.7214102e-01    261771  3.8973159e+02  3.9012862e+02  3.3185888e+02
2.8873063e-01    306759  3.4756795e+02  3.4678413e+02  2.8694148e+02
3.0605468e-01    360898  3.1300535e+02  3.1189664e+02  2.5423857e+02
3.2421519e-01    425046  2.8525121e+02  2.8539721e+02  2.3101451e+02
3.4337900e-01    505555  2.5663622e+02  2.5729238e+02  2.0439542e+02
3.6368055e-01    600292  2.3105590e+02  2.3075336e+02  1.7605279e+02
3.8517334e-01    712930  2.0913847e+02  2.0812301e+02  1.5527775e+02
4.0793004e-01    846715  1.8927104e+02  1.8943080e+02  1.4052468e+02
4.3202621e-01   1005596  1.7123559e+02  1.7180815e+02  1.2272280e+02
4.5754560e-01   1194719  1.5461553e+02  1.5378180e+02  1.0586890e+02
4.8457948e-01   1419743  1.3994656e+02  1.3977254e+02  9.5361080e+01
5.1321525e-01   1686576  1.2681499e+02  1.2736493e+02  8.3407338e+01
5.4354215e-01   2003484  1.1486345e+02  1.1401803e+02  7.2106745e+01
5.7565178e-01   2378778  1.0425260e+02  1.0453028e+02  6.4846999e+01
6.0966698e-01   2828400  9.4594689e+01  9.4565758e+01  5.5671475e+01
6.4568974e-01   3356890  8.6023154e+01  8.5732046e+01  4.9432827e+01
6.8383752e-01   3990317  7.8646507e+01  7.8990755e+01  4.2968453e+01
7.2424344e-01   4738457  7.2198018e+01  7.1805426e+01  3.7787418e+01
7.6703215e-01   5629661  6.7005497e+01  6.7266208e+01  3.2889030e+01
8.1235262e-01   6687903  6.3040316e+01  6.2777612e+01  2.8939817e+01
8.6035444e-01   7945758  6.0424283e+01  6.0470567e+01  2.5034584e+01
9.1118812e-01   9436555  5.9377079e+01  5.9521620e+01  2.2058885e+01
9.6501980e-01  11210320  5.9969283e+01  5.9686602e+01  1.9131614e+01
1.0220366e+00  13318613  6.2205655e+01  6.2335157e+01  1.6644889e+01
1.0824208e+00  15819192  6.5975666e+01  6.6005249e+01  1.4577460e+01
1.1463741e+00  18795348  7.0761911e+01  7.0500716e+01  1.2694247e+01
1.2141088e+00  22326034  7.5510505e+01  7.5342219e+01  1.1018020e+01
1.2858419e+00  26520842  7.9277399e+01  7.9194581e+01  9.5801677e+00
1.3618105e+00  31503438  8.1523399e+01  8.1614280e+01  8.3308636e+00
1.4422695e+00  37426927  8.2302692e+01  8.2352685e+01  7.2402466e+00
1.5275481e+00  44525830  8.2209819e+01  8.2249849e+01  6.2901458e+00
