# Power spectrum from CO𝘕CEPT job 4701172 at t = 7.9068012 Gyr, a = 0.625
#
# Components:
#   0: matter  (upstream grid size 1024)
#
#                           grid size 1024
# ╭────────────────────────────────────────────────────────────────╮
#                         component 0    (corrected)      (linear)
#                        σ₈ = 5.85e-01  σ₈ = 5.84e-01  σ₈ = 5.53e-01
#  k [Mpc⁻¹]    modes       P [Mpc³]       P [Mpc³]       P [Mpc³]
3.0679616e-03         3  2.4202068e+04  2.4202068e+04  2.4192381e+04
5.8212951e-03        25  3.5241380e+04  3.5417753e+04  3.5384386e+04
1.0440195e-02       124  4.0590240e+04  4.1056253e+04  4.1358307e+04
1.6729547e-02       418  3.6735772e+04  3.7071463e+04  3.7019180e+04
2.3240110e-02       730  2.8190337e+04  2.8195887e+04  2.8581110e+04
2.9075630e-02      1012  2.2544751e+04  2.2490129e+04  2.2508078e+04
3.4544381e-02      1408  1.9027580e+04  1.8983296e+04  1.8944074e+04
3.9898901e-02      1841  1.6642923e+04  1.6629738e+04  1.6862114e+04
4.5580519e-02      2698  1.5093490e+04  1.5107433e+04  1.5233826e+04
5.1612543e-02      3532  1.3154352e+04  1.3175042e+04  1.3397566e+04
5.7899473e-02      4702  1.1049431e+04  1.1051529e+04  1.1222562e+04
6.4462744e-02      6019  9.1781266e+03  9.1563271e+03  9.1163804e+03
7.1309305e-02      7766  7.6768972e+03  7.6475870e+03  7.5790424e+03
7.8556104e-02     10012  6.8301249e+03  6.8148930e+03  6.7182202e+03
8.6194331e-02     12589  6.3238251e+03  6.3320266e+03  6.2171863e+03
9.4153926e-02     15650  5.6753874e+03  5.6911993e+03  5.5963398e+03
1.0254095e-01     19757  4.8444189e+03  4.8456992e+03  4.7016723e+03
1.1136076e-01     24241  4.1162178e+03  4.1016767e+03  3.8391687e+03
1.2060245e-01     29993  3.5921518e+03  3.5801084e+03  3.2979270e+03
1.3029316e-01     36494  3.2382963e+03  3.2399753e+03  2.9931023e+03
1.4046583e-01     44825  2.9128731e+03  2.9167199e+03  2.6617337e+03
1.5111985e-01     53906  2.5810151e+03  2.5747729e+03  2.2650988e+03
1.6229170e-01     65729  2.2870757e+03  2.2806842e+03  1.9681864e+03
1.7401323e-01     78746  2.0821477e+03  2.0861393e+03  1.7868989e+03
1.8625264e-01     94374  1.8756844e+03  1.8791989e+03  1.5768591e+03
1.9902230e-01    112166  1.6622204e+03  1.6588584e+03  1.3322010e+03
2.1238854e-01    134373  1.4941698e+03  1.4898568e+03  1.1562424e+03
2.2637810e-01    159077  1.3673747e+03  1.3659513e+03  1.0370344e+03
2.4096993e-01    188172  1.2425983e+03  1.2419916e+03  9.2733572e+02
2.5621802e-01    222492  1.1375555e+03  1.1386480e+03  8.2094670e+02
2.7214102e-01    261771  1.0401317e+03  1.0411913e+03  7.1942741e+02
2.8873063e-01    306759  9.4753097e+02  9.4539413e+02  6.2205197e+02
3.0605468e-01    360898  8.6916151e+02  8.6608281e+02  5.5115607e+02
3.2421519e-01    425046  8.0264788e+02  8.0305871e+02  5.0080914e+02
3.4337900e-01    505555  7.3863224e+02  7.4052075e+02  4.4310230e+02
3.6368055e-01    600292  6.8083884e+02  6.7994736e+02  3.8165911e+02
3.8517334e-01    712930  6.2967886e+02  6.2662148e+02  3.3662148e+02
4.0793004e-01    846715  5.8258098e+02  5.8307272e+02  3.0463873e+02
4.3202621e-01   1005596  5.3890088e+02  5.4070282e+02  2.6604657e+02
4.5754560e-01   1194719  4.9912582e+02  4.9643439e+02  2.2950954e+02
4.8457948e-01   1419743  4.6271242e+02  4.6213703e+02  2.0672995e+02
5.1321525e-01   1686576  4.2982696e+02  4.3169091e+02  1.8081582e+02
5.4354215e-01   2003484  3.9942754e+02  3.9648766e+02  1.5631764e+02
5.7565178e-01   2378778  3.7212650e+02  3.7311768e+02  1.4057948e+02
6.0966698e-01   2828400  3.4732452e+02  3.4721829e+02  1.2068817e+02
6.4568974e-01   3356890  3.2482648e+02  3.2372724e+02  1.0716362e+02
6.8383752e-01   3990317  3.0467505e+02  3.0600866e+02  9.3149727e+01
7.2424344e-01   4738457  2.8679334e+02  2.8523384e+02  8.1917942e+01
7.6703215e-01   5629661  2.7130606e+02  2.7236168e+02  7.1298900e+01
8.1235262e-01   6687903  2.5793318e+02  2.5685831e+02  6.2737542e+01
8.6035444e-01   7945758  2.4656139e+02  2.4675025e+02  5.4271527e+01
9.1118812e-01   9436555  2.3707535e+02  2.3765246e+02  4.7820616e+01
9.6501980e-01  11210320  2.2851419e+02  2.2743702e+02  4.1474693e+01
1.0220366e+00  13318613  2.2083552e+02  2.2129527e+02  3.6083811e+01
1.0824208e+00  15819192  2.1329750e+02  2.1339315e+02  3.1601909e+01
1.1463741e+00  18795348  2.0580322e+02  2.0504356e+02  2.7519359e+01
1.2141088e+00  22326034  1.9804812e+02  1.9760674e+02  2.3885530e+01
1.2858419e+00  26520842  1.8994426e+02  1.8974583e+02  2.0768463e+01
1.3618105e+00  31503438  1.8166129e+02  1.8186380e+02  1.8060143e+01
1.4422695e+00  37426927  1.7339626e+02  1.7350158e+02  1.5695835e+01
1.5275481e+00  44525830  1.6523751e+02  1.6531797e+02  1.3636147e+01
