# Power spectrum from CO𝘕CEPT job 4701172 at t = 10.261595 Gyr, a = 0.76923077
#
# Components:
#   0: matter  (upstream grid size 1024)
#
#                           grid size 1024
# ╭────────────────────────────────────────────────────────────────╮
#                         component 0    (corrected)      (linear)
#                        σ₈ = 6.93e-01  σ₈ = 6.93e-01  σ₈ = 6.44e-01
#  k [Mpc⁻¹]    modes       P [Mpc³]       P [Mpc³]       P [Mpc³]
3.0679616e-03         3  3.2852010e+04  3.2852010e+04  3.2843277e+04
5.8212951e-03        25  4.7829461e+04  4.8068833e+04  4.8031016e+04
1.0440195e-02       124  5.4993260e+04  5.5624633e+04  5.6131377e+04
1.6729547e-02       418  4.9817120e+04  5.0272348e+04  5.0235969e+04
2.3240110e-02       730  3.8122523e+04  3.8130028e+04  3.8782371e+04
2.9075630e-02      1012  3.0545928e+04  3.0471920e+04  3.0540462e+04
3.4544381e-02      1408  2.5791745e+04  2.5731717e+04  2.5703904e+04
3.9898901e-02      1841  2.2497757e+04  2.2479933e+04  2.2878613e+04
4.5580519e-02      2698  2.0421631e+04  2.0440495e+04  2.0669045e+04
5.1612543e-02      3532  1.7770978e+04  1.7798929e+04  1.8177427e+04
5.7899473e-02      4702  1.4938790e+04  1.4941627e+04  1.5226311e+04
6.4462744e-02      6019  1.2471873e+04  1.2442250e+04  1.2368644e+04
7.1309305e-02      7766  1.0462323e+04  1.0422378e+04  1.0282804e+04
7.8556104e-02     10012  9.3246504e+03  9.3038555e+03  9.1148493e+03
8.6194331e-02     12589  8.6295489e+03  8.6407408e+03  8.4350472e+03
9.4153926e-02     15650  7.7419188e+03  7.7634882e+03  7.5927027e+03
1.0254095e-01     19757  6.6479486e+03  6.6497055e+03  6.3788674e+03
1.1136076e-01     24241  5.7094776e+03  5.6893080e+03  5.2086778e+03
1.2060245e-01     29993  5.0091590e+03  4.9923647e+03  4.4743563e+03
1.3029316e-01     36494  4.5219442e+03  4.5242887e+03  4.0607893e+03
1.4046583e-01     44825  4.0719506e+03  4.0773281e+03  3.6112117e+03
1.5111985e-01     53906  3.6470438e+03  3.6382235e+03  3.0730883e+03
1.6229170e-01     65729  3.2530225e+03  3.2439316e+03  2.6702611e+03
1.7401323e-01     78746  2.9711043e+03  2.9768001e+03  2.4243044e+03
1.8625264e-01     94374  2.6907765e+03  2.6958182e+03  2.1393397e+03
1.9902230e-01    112166  2.4135824e+03  2.4087007e+03  1.8074088e+03
2.1238854e-01    134373  2.1837485e+03  2.1774450e+03  1.5686834e+03
2.2637810e-01    159077  2.0114387e+03  2.0093447e+03  1.4069523e+03
2.4096993e-01    188172  1.8420217e+03  1.8411223e+03  1.2581228e+03
2.5621802e-01    222492  1.6963787e+03  1.6980079e+03  1.1137838e+03
2.7214102e-01    261771  1.5669303e+03  1.5685266e+03  9.7605160e+02
2.8873063e-01    306759  1.4411402e+03  1.4378902e+03  8.4394152e+02
3.0605468e-01    360898  1.3350033e+03  1.3302745e+03  7.4775648e+02
3.2421519e-01    425046  1.2385313e+03  1.2391652e+03  6.7945039e+02
3.4337900e-01    505555  1.1511934e+03  1.1541367e+03  6.0115911e+02
3.6368055e-01    600292  1.0707824e+03  1.0693804e+03  5.1779876e+02
3.8517334e-01    712930  9.9795891e+02  9.9311336e+02  4.5669592e+02
4.0793004e-01    846715  9.3253686e+02  9.3332399e+02  4.1330472e+02
4.3202621e-01   1005596  8.6928109e+02  8.7218773e+02  3.6094652e+02
4.5754560e-01   1194719  8.1277523e+02  8.0839251e+02  3.1137655e+02
4.8457948e-01   1419743  7.5967415e+02  7.5872949e+02  2.8047136e+02
5.1321525e-01   1686576  7.1255918e+02  7.1564921e+02  2.4531354e+02
5.4354215e-01   2003484  6.6623984e+02  6.6133615e+02  2.1207674e+02
5.7565178e-01   2378778  6.2648984e+02  6.2815854e+02  1.9072470e+02
6.0966698e-01   2828400  5.8845003e+02  5.8827006e+02  1.6373808e+02
6.4568974e-01   3356890  5.5419655e+02  5.5232111e+02  1.4538926e+02
6.8383752e-01   3990317  5.2263902e+02  5.2492669e+02  1.2637656e+02
7.2424344e-01   4738457  4.9402231e+02  4.9133596e+02  1.1113835e+02
7.6703215e-01   5629661  4.6767924e+02  4.6949893e+02  9.6731455e+01
8.1235262e-01   6687903  4.4413154e+02  4.4228073e+02  8.5116228e+01
8.6035444e-01   7945758  4.2232926e+02  4.2265276e+02  7.3630355e+01
9.1118812e-01   9436555  4.0229385e+02  4.0327315e+02  6.4878380e+01
9.6501980e-01  11210320  3.8286116e+02  3.8105644e+02  5.6268843e+01
1.0220366e+00  13318613  3.6409210e+02  3.6485008e+02  4.8955015e+01
1.0824208e+00  15819192  3.4565393e+02  3.4580892e+02  4.2874402e+01
1.1463741e+00  18795348  3.2763765e+02  3.2642829e+02  3.7335593e+01
1.2141088e+00  22326034  3.0988345e+02  3.0919283e+02  3.2405565e+01
1.2858419e+00  26520842  2.9231770e+02  2.9201233e+02  2.8176630e+01
1.3618105e+00  31503438  2.7519721e+02  2.7550399e+02  2.4502243e+01
1.4422695e+00  37426927  2.5851018e+02  2.5866721e+02  2.1294579e+01
1.5275481e+00  44525830  2.4248015e+02  2.4259823e+02  1.8500194e+01
