# Power spectrum from CO𝘕CEPT job 4701172 at t = 3.6249528 Gyr, a = 0.35714286
#
# Components:
#   0: matter  (upstream grid size 1024)
#
#                           grid size 1024
# ╭────────────────────────────────────────────────────────────────╮
#                         component 0    (corrected)      (linear)
#                        σ₈ = 3.43e-01  σ₈ = 3.43e-01  σ₈ = 3.38e-01
#  k [Mpc⁻¹]    modes       P [Mpc³]       P [Mpc³]       P [Mpc³]
3.0679616e-03         3  9.0049427e+03  9.0049427e+03  9.0065659e+03
5.8212951e-03        25  1.3117646e+04  1.3183296e+04  1.3179455e+04
1.0440195e-02       124  1.5169100e+04  1.5343255e+04  1.5412439e+04
1.6729547e-02       418  1.3693069e+04  1.3818196e+04  1.3800655e+04
2.3240110e-02       730  1.0574477e+04  1.0576559e+04  1.0657253e+04
2.9075630e-02      1012  8.4162038e+03  8.3958127e+03  8.3937153e+03
3.4544381e-02      1408  7.0948317e+03  7.0783193e+03  7.0651244e+03
3.9898901e-02      1841  6.2454536e+03  6.2405055e+03  6.2889682e+03
4.5580519e-02      2698  5.6509760e+03  5.6561962e+03  5.6818844e+03
5.1612543e-02      3532  4.9412164e+03  4.9489882e+03  4.9971420e+03
5.7899473e-02      4702  4.1445226e+03  4.1453095e+03  4.1859819e+03
6.4462744e-02      6019  3.4057985e+03  3.3977092e+03  3.4004411e+03
7.1309305e-02      7766  2.8349000e+03  2.8240765e+03  2.8270472e+03
7.8556104e-02     10012  2.5133342e+03  2.5077292e+03  2.5059808e+03
8.6194331e-02     12589  2.3258326e+03  2.3288490e+03  2.3191096e+03
9.4153926e-02     15650  2.0870037e+03  2.0928182e+03  2.0875391e+03
1.0254095e-01     19757  1.7615707e+03  1.7620363e+03  1.7538220e+03
1.1136076e-01     24241  1.4637936e+03  1.4586225e+03  1.4320973e+03
1.2060245e-01     29993  1.2629837e+03  1.2587493e+03  1.2302069e+03
1.3029316e-01     36494  1.1369422e+03  1.1375317e+03  1.1165037e+03
1.4046583e-01     44825  1.0176685e+03  1.0190125e+03  9.9289764e+02
1.5111985e-01     53906  8.8021512e+02  8.7808633e+02  8.4494435e+02
1.6229170e-01     65729  7.6874780e+02  7.6659945e+02  7.3418939e+02
1.7401323e-01     78746  6.9572046e+02  6.9705422e+02  6.6656519e+02
1.8625264e-01     94374  6.1804972e+02  6.1920777e+02  5.8821514e+02
1.9902230e-01    112166  5.3273526e+02  5.3165774e+02  4.9695109e+02
2.1238854e-01    134373  4.6949321e+02  4.6813800e+02  4.3131372e+02
2.2637810e-01    159077  4.2331571e+02  4.2287503e+02  3.8684585e+02
2.4096993e-01    188172  3.7830654e+02  3.7812182e+02  3.4592516e+02
2.5621802e-01    222492  3.3969001e+02  3.4001625e+02  3.0623897e+02
2.7214102e-01    261771  3.0220074e+02  3.0250859e+02  2.6836925e+02
2.8873063e-01    306759  2.6805703e+02  2.6745252e+02  2.3204525e+02
3.0605468e-01    360898  2.4053861e+02  2.3968659e+02  2.0559892e+02
3.2421519e-01    425046  2.1848379e+02  2.1859562e+02  1.8681798e+02
3.4337900e-01    505555  1.9562240e+02  1.9612256e+02  1.6529153e+02
3.6368055e-01    600292  1.7496961e+02  1.7474050e+02  1.4237128e+02
3.8517334e-01    712930  1.5749838e+02  1.5673365e+02  1.2557082e+02
4.0793004e-01    846715  1.4193681e+02  1.4205662e+02  1.1364024e+02
4.3202621e-01   1005596  1.2765685e+02  1.2808370e+02  9.9244124e+01
4.5754560e-01   1194719  1.1441479e+02  1.1379784e+02  8.5614630e+01
4.8457948e-01   1419743  1.0293074e+02  1.0280275e+02  7.7117109e+01
5.1321525e-01   1686576  9.2616255e+01  9.3017888e+01  6.7450296e+01
5.4354215e-01   2003484  8.3250117e+01  8.2637376e+01  5.8311674e+01
5.7565178e-01   2378778  7.4986490e+01  7.5186222e+01  5.2440824e+01
6.0966698e-01   2828400  6.7447281e+01  6.7426653e+01  4.5020713e+01
6.4568974e-01   3356890  6.0804810e+01  6.0599043e+01  3.9975610e+01
6.8383752e-01   3990317  5.5074979e+01  5.5316050e+01  3.4747966e+01
7.2424344e-01   4738457  5.0095333e+01  4.9822929e+01  3.0558138e+01
7.6703215e-01   5629661  4.6097847e+01  4.6277209e+01  2.6596884e+01
8.1235262e-01   6687903  4.3071861e+01  4.2892370e+01  2.3403213e+01
8.6035444e-01   7945758  4.1189712e+01  4.1221262e+01  2.0245108e+01
9.1118812e-01   9436555  4.0654100e+01  4.0753064e+01  1.7838703e+01
9.6501980e-01  11210320  4.1595191e+01  4.1399121e+01  1.5471462e+01
1.0220366e+00  13318613  4.4214854e+01  4.4306903e+01  1.3460483e+01
1.0824208e+00  15819192  4.8631356e+01  4.8653162e+01  1.1788584e+01
1.1463741e+00  18795348  5.4659836e+01  5.4458077e+01  1.0265657e+01
1.2141088e+00  22326034  6.1357841e+01  6.1221095e+01  8.9101164e+00
1.2858419e+00  26520842  6.7575758e+01  6.7505164e+01  7.7473460e+00
1.3618105e+00  31503438  7.2042434e+01  7.2122746e+01  6.7370518e+00
1.4422695e+00  37426927  7.4203861e+01  7.4248935e+01  5.8550856e+00
1.5275481e+00  44525830  7.4747188e+01  7.4783584e+01  5.0867527e+00
