# Power spectrum from CO𝘕CEPT job 4701172 at t = 12.444912 Gyr, a = 0.90909091
#
# Components:
#   0: matter  (upstream grid size 1024)
#
#                           grid size 1024
# ╭────────────────────────────────────────────────────────────────╮
#                         component 0    (corrected)      (linear)
#                        σ₈ = 7.82e-01  σ₈ = 7.82e-01  σ₈ = 7.16e-01
#  k [Mpc⁻¹]    modes       P [Mpc³]       P [Mpc³]       P [Mpc³]
3.0679616e-03         3  4.0557496e+04  4.0557496e+04  4.0555125e+04
5.8212951e-03        25  5.9040722e+04  5.9336202e+04  5.9304358e+04
1.0440195e-02       124  6.7789468e+04  6.8567753e+04  6.9298659e+04
1.6729547e-02       418  6.1449177e+04  6.2010699e+04  6.2014758e+04
2.3240110e-02       730  4.6920201e+04  4.6929439e+04  4.7873039e+04
2.9075630e-02      1012  3.7649344e+04  3.7558125e+04  3.7698057e+04
3.4544381e-02      1408  3.1799781e+04  3.1725770e+04  3.1727358e+04
3.9898901e-02      1841  2.7679873e+04  2.7657943e+04  2.8239597e+04
4.5580519e-02      2698  2.5142775e+04  2.5166001e+04  2.5512000e+04
5.1612543e-02      3532  2.1852893e+04  2.1887265e+04  2.2436378e+04
5.7899473e-02      4702  1.8382492e+04  1.8385982e+04  1.8793691e+04
6.4462744e-02      6019  1.5410058e+04  1.5373457e+04  1.5266418e+04
7.1309305e-02      7766  1.2960653e+04  1.2911169e+04  1.2691845e+04
7.8556104e-02     10012  1.1568831e+04  1.1543031e+04  1.1250223e+04
8.6194331e-02     12589  1.0700430e+04  1.0714308e+04  1.0411131e+04
9.4153926e-02     15650  9.5952659e+03  9.6219988e+03  9.3714270e+03
1.0254095e-01     19757  8.2810400e+03  8.2832286e+03  7.8732136e+03
1.1136076e-01     24241  7.1733691e+03  7.1480281e+03  6.4288787e+03
1.2060245e-01     29993  6.3204369e+03  6.2992463e+03  5.5225251e+03
1.3029316e-01     36494  5.7135588e+03  5.7165212e+03  5.0120694e+03
1.4046583e-01     44825  5.1497185e+03  5.1565193e+03  4.4571693e+03
1.5111985e-01     53906  4.6492067e+03  4.6379626e+03  3.7929826e+03
1.6229170e-01     65729  4.1683008e+03  4.1566520e+03  3.2957877e+03
1.7401323e-01     78746  3.8176053e+03  3.8249240e+03  2.9922121e+03
1.8625264e-01     94374  3.4701824e+03  3.4766846e+03  2.6404914e+03
1.9902230e-01    112166  3.1416412e+03  3.1352869e+03  2.2308028e+03
2.1238854e-01    134373  2.8563877e+03  2.8481426e+03  1.9361541e+03
2.2637810e-01    159077  2.6432638e+03  2.6405121e+03  1.7365362e+03
2.4096993e-01    188172  2.4347587e+03  2.4335699e+03  1.5528424e+03
2.5621802e-01    222492  2.2514048e+03  2.2535670e+03  1.3746911e+03
2.7214102e-01    261771  2.0927434e+03  2.0948753e+03  1.2046945e+03
2.8873063e-01    306759  1.9380064e+03  1.9336359e+03  1.0416370e+03
3.0605468e-01    360898  1.8083626e+03  1.8019571e+03  9.2292021e+02
3.2421519e-01    425046  1.6838291e+03  1.6846909e+03  8.3861313e+02
3.4337900e-01    505555  1.5754485e+03  1.5794765e+03  7.4198184e+02
3.6368055e-01    600292  1.4750638e+03  1.4731324e+03  6.3909408e+02
3.8517334e-01    712930  1.3814650e+03  1.3747573e+03  5.6367773e+02
4.0793004e-01    846715  1.2989841e+03  1.3000805e+03  5.1012201e+02
4.3202621e-01   1005596  1.2174445e+03  1.2215153e+03  4.4549878e+02
4.5754560e-01   1194719  1.1453822e+03  1.1392060e+03  3.8431693e+02
4.8457948e-01   1419743  1.0756504e+03  1.0743129e+03  3.4617213e+02
5.1321525e-01   1686576  1.0145378e+03  1.0189374e+03  3.0277853e+02
5.4354215e-01   2003484  9.5348078e+02  9.4646293e+02  2.6175596e+02
5.7565178e-01   2378778  9.0076837e+02  9.0316763e+02  2.3540216e+02
6.0966698e-01   2828400  8.4988129e+02  8.4962136e+02  2.0209389e+02
6.4568974e-01   3356890  8.0298247e+02  8.0026512e+02  1.7944684e+02
6.8383752e-01   3990317  7.5870290e+02  7.6202386e+02  1.5598038e+02
7.2424344e-01   4738457  7.1799794e+02  7.1409367e+02  1.3717260e+02
7.6703215e-01   5629661  6.7997479e+02  6.8262050e+02  1.1939088e+02
8.1235262e-01   6687903  6.4420422e+02  6.4151966e+02  1.0505477e+02
8.6035444e-01   7945758  6.1047768e+02  6.1094530e+02  9.0878317e+01
9.1118812e-01   9436555  5.7826760e+02  5.7967528e+02  8.0076183e+01
9.6501980e-01  11210320  5.4678730e+02  5.4420987e+02  6.9449853e+01
1.0220366e+00  13318613  5.1652472e+02  5.1760005e+02  6.0422755e+01
1.0824208e+00  15819192  4.8665813e+02  4.8687634e+02  5.2917754e+01
1.1463741e+00  18795348  4.5755532e+02  4.5586640e+02  4.6081474e+01
1.2141088e+00  22326034  4.2918099e+02  4.2822450e+02  3.9996582e+01
1.2858419e+00  26520842  4.0174354e+02  4.0132385e+02  3.4777016e+01
1.3618105e+00  31503438  3.7522258e+02  3.7564087e+02  3.0241902e+01
1.4422695e+00  37426927  3.4973096e+02  3.4994339e+02  2.6282840e+01
1.5275481e+00  44525830  3.2540550e+02  3.2556395e+02  2.2833868e+01
