# Power spectrum from CO𝘕CEPT job 4701172 at t = 2.2265221 Gyr, a = 0.25641026
#
# Components:
#   0: matter  (upstream grid size 1024)
#
#                           grid size 1024
# ╭────────────────────────────────────────────────────────────────╮
#                         component 0    (corrected)      (linear)
#                        σ₈ = 2.46e-01  σ₈ = 2.46e-01  σ₈ = 2.46e-01
#  k [Mpc⁻¹]    modes       P [Mpc³]       P [Mpc³]       P [Mpc³]
3.0679616e-03         3  4.7496959e+03  4.7496959e+03  4.7501424e+03
5.8212951e-03        25  6.9207067e+03  6.9553426e+03  6.9532711e+03
1.0440195e-02       124  8.0167608e+03  8.1088006e+03  8.1341511e+03
1.6729547e-02       418  7.2274874e+03  7.2935320e+03  7.2850763e+03
2.3240110e-02       730  5.5959495e+03  5.5970512e+03  5.6263884e+03
2.9075630e-02      1012  4.4441172e+03  4.4333498e+03  4.4316362e+03
3.4544381e-02      1408  3.7442887e+03  3.7355743e+03  3.7303090e+03
3.9898901e-02      1841  3.3048423e+03  3.3022239e+03  3.3205841e+03
4.5580519e-02      2698  2.9871053e+03  2.9898647e+03  3.0000953e+03
5.1612543e-02      3532  2.6152852e+03  2.6193986e+03  2.6385791e+03
5.7899473e-02      4702  2.1927161e+03  2.1931324e+03  2.2102945e+03
6.4462744e-02      6019  1.7950745e+03  1.7908109e+03  1.7955250e+03
7.1309305e-02      7766  1.4925234e+03  1.4868250e+03  1.4927666e+03
7.8556104e-02     10012  1.3216673e+03  1.3187198e+03  1.3232402e+03
8.6194331e-02     12589  1.2219165e+03  1.2235012e+03  1.2245708e+03
9.4153926e-02     15650  1.0961742e+03  1.0992282e+03  1.1022970e+03
1.0254095e-01     19757  9.2245134e+02  9.2269513e+02  9.2608464e+02
1.1136076e-01     24241  7.6105244e+02  7.5836391e+02  7.5620341e+02
1.2060245e-01     29993  6.5418920e+02  6.5199589e+02  6.4959853e+02
1.3029316e-01     36494  5.8899031e+02  5.8929569e+02  5.8955957e+02
1.4046583e-01     44825  5.2542599e+02  5.2611988e+02  5.2429117e+02
1.5111985e-01     53906  4.5096420e+02  4.4987355e+02  4.4616617e+02
1.6229170e-01     65729  3.9197750e+02  3.9088208e+02  3.8768324e+02
1.7401323e-01     78746  3.5406449e+02  3.5474326e+02  3.5197505e+02
1.8625264e-01     94374  3.1294740e+02  3.1353377e+02  3.1060305e+02
1.9902230e-01    112166  2.6696226e+02  2.6642229e+02  2.6241184e+02
2.1238854e-01    134373  2.3314090e+02  2.3246792e+02  2.2775255e+02
2.2637810e-01    159077  2.0919276e+02  2.0897498e+02  2.0427165e+02
2.4096993e-01    188172  1.8598055e+02  1.8588973e+02  1.8266379e+02
2.5621802e-01    222492  1.6548209e+02  1.6564101e+02  1.6170778e+02
2.7214102e-01    261771  1.4577969e+02  1.4592820e+02  1.4171092e+02
2.8873063e-01    306759  1.2756428e+02  1.2727660e+02  1.2253026e+02
3.0605468e-01    360898  1.1354565e+02  1.1314346e+02  1.0856544e+02
3.2421519e-01    425046  1.0241056e+02  1.0246298e+02  9.8648283e+01
3.4337900e-01    505555  9.0732598e+01  9.0964580e+01  8.7281367e+01
3.6368055e-01    600292  7.9729516e+01  7.9625120e+01  7.5178455e+01
3.8517334e-01    712930  7.0809059e+01  7.0465248e+01  6.6307063e+01
4.0793004e-01    846715  6.3272038e+01  6.3325445e+01  6.0007185e+01
4.3202621e-01   1005596  5.6032857e+01  5.6220216e+01  5.2405392e+01
4.5754560e-01   1194719  4.9210443e+01  4.8945086e+01  4.5208407e+01
4.8457948e-01   1419743  4.3685458e+01  4.3631135e+01  4.0721334e+01
5.1321525e-01   1686576  3.8573937e+01  3.8741214e+01  3.5616822e+01
5.4354215e-01   2003484  3.3970366e+01  3.3720335e+01  3.0791217e+01
5.7565178e-01   2378778  2.9967276e+01  3.0047096e+01  2.7691144e+01
6.0966698e-01   2828400  2.6343772e+01  2.6335716e+01  2.3772989e+01
6.4568974e-01   3356890  2.3186084e+01  2.3107621e+01  2.1108946e+01
6.8383752e-01   3990317  2.0426435e+01  2.0515845e+01  1.8348513e+01
7.2424344e-01   4738457  1.8054742e+01  1.7956565e+01  1.6136094e+01
7.6703215e-01   5629661  1.6132455e+01  1.6195224e+01  1.4044372e+01
8.1235262e-01   6687903  1.4692616e+01  1.4631389e+01  1.2357968e+01
8.6035444e-01   7945758  1.3901244e+01  1.3911892e+01  1.0690345e+01
9.1118812e-01   9436555  1.3872019e+01  1.3905788e+01  9.4196542e+00
9.6501980e-01  11210320  1.4721553e+01  1.4652159e+01  8.1696431e+00
1.0220366e+00  13318613  1.6771669e+01  1.6806585e+01  7.1077547e+00
1.0824208e+00  15819192  2.0445177e+01  2.0454345e+01  6.2249157e+00
1.1463741e+00  18795348  2.6368189e+01  2.6270860e+01  5.4207404e+00
1.2141088e+00  22326034  3.4978140e+01  3.4900186e+01  4.7049533e+00
1.2858419e+00  26520842  4.6535207e+01  4.6486594e+01  4.0909574e+00
1.3618105e+00  31503438  5.9580750e+01  5.9647170e+01  3.5574759e+00
1.4422695e+00  37426927  6.9895742e+01  6.9938199e+01  3.0917574e+00
1.5275481e+00  44525830  7.3217182e+01  7.3252834e+01  2.6860425e+00
