# Power spectrum from CO𝘕CEPT job 4701172 at t = 3.2779515 Gyr, a = 0.33333333
#
# Components:
#   0: matter  (upstream grid size 1024)
#
#                           grid size 1024
# ╭────────────────────────────────────────────────────────────────╮
#                         component 0    (corrected)      (linear)
#                        σ₈ = 3.21e-01  σ₈ = 3.21e-01  σ₈ = 3.16e-01
#  k [Mpc⁻¹]    modes       P [Mpc³]       P [Mpc³]       P [Mpc³]
3.0679616e-03         3  7.8959962e+03  7.8959962e+03  7.8976720e+03
5.8212951e-03        25  1.1502807e+04  1.1560375e+04  1.1557564e+04
1.0440195e-02       124  1.3306971e+04  1.3459747e+04  1.3516697e+04
1.6729547e-02       418  1.2008670e+04  1.2118405e+04  1.2103723e+04
2.3240110e-02       730  9.2793403e+03  9.2811673e+03  9.3470699e+03
2.9075630e-02      1012  7.3817056e+03  7.3638209e+03  7.3619027e+03
3.4544381e-02      1408  6.2219531e+03  6.2074722e+03  6.1966796e+03
3.9898901e-02      1841  5.4804906e+03  5.4761486e+03  5.5159573e+03
4.5580519e-02      2698  4.9576135e+03  4.9621932e+03  4.9835131e+03
5.1612543e-02      3532  4.3362532e+03  4.3430735e+03  4.3829470e+03
5.7899473e-02      4702  3.6366999e+03  3.6373904e+03  3.6714944e+03
6.4462744e-02      6019  2.9856931e+03  2.9786016e+03  2.9825076e+03
7.1309305e-02      7766  2.4844298e+03  2.4749443e+03  2.4795905e+03
7.8556104e-02     10012  2.2019646e+03  2.1970540e+03  2.1979871e+03
8.6194331e-02     12589  2.0373137e+03  2.0399559e+03  2.0340848e+03
9.4153926e-02     15650  1.8279977e+03  1.8330906e+03  1.8309763e+03
1.0254095e-01     19757  1.5416871e+03  1.5420946e+03  1.5382746e+03
1.1136076e-01     24241  1.2787411e+03  1.2742238e+03  1.2560910e+03
1.2060245e-01     29993  1.1022574e+03  1.0985619e+03  1.0790136e+03
1.3029316e-01     36494  9.9225031e+02  9.9276478e+02  9.7928496e+02
1.4046583e-01     44825  8.8749596e+02  8.8866799e+02  8.7087037e+02
1.5111985e-01     53906  7.6609213e+02  7.6423935e+02  7.4110075e+02
1.6229170e-01     65729  6.6825135e+02  6.6638385e+02  6.4395770e+02
1.7401323e-01     78746  6.0447853e+02  6.0563737e+02  5.8464460e+02
1.8625264e-01     94374  5.3630833e+02  5.3731322e+02  5.1592381e+02
1.9902230e-01    112166  4.6108974e+02  4.6015713e+02  4.3587613e+02
2.1238854e-01    134373  4.0546505e+02  4.0429466e+02  3.7830559e+02
2.2637810e-01    159077  3.6513530e+02  3.6475520e+02  3.3930282e+02
2.4096993e-01    188172  3.2586027e+02  3.2570115e+02  3.0341128e+02
2.5621802e-01    222492  2.9195565e+02  2.9223604e+02  2.6860250e+02
2.7214102e-01    261771  2.5909624e+02  2.5936019e+02  2.3538695e+02
2.8873063e-01    306759  2.2909898e+02  2.2858233e+02  2.0352714e+02
3.0605468e-01    360898  2.0517546e+02  2.0444870e+02  1.8033104e+02
3.2421519e-01    425046  1.8602397e+02  1.8611919e+02  1.6385827e+02
3.4337900e-01    505555  1.6612027e+02  1.6654500e+02  1.4497740e+02
3.6368055e-01    600292  1.4799573e+02  1.4780194e+02  1.2487403e+02
3.8517334e-01    712930  1.3279388e+02  1.3214910e+02  1.1013832e+02
4.0793004e-01    846715  1.1940585e+02  1.1950663e+02  9.9673999e+01
4.3202621e-01   1005596  1.0701935e+02  1.0737719e+02  8.7047151e+01
4.5754560e-01   1194719  9.5484617e+01  9.4969736e+01  7.5092706e+01
4.8457948e-01   1419743  8.5608496e+01  8.5502041e+01  6.7639520e+01
5.1321525e-01   1686576  7.6705287e+01  7.7037921e+01  5.9160747e+01
5.4354215e-01   2003484  6.8636937e+01  6.8131753e+01  5.1145250e+01
5.7565178e-01   2378778  6.1532451e+01  6.1696347e+01  4.5995921e+01
6.0966698e-01   2828400  5.5060869e+01  5.5044029e+01  3.9487732e+01
6.4568974e-01   3356890  4.9377358e+01  4.9210262e+01  3.5062665e+01
6.8383752e-01   3990317  4.4458945e+01  4.4653548e+01  3.0477491e+01
7.2424344e-01   4738457  4.0200981e+01  3.9982380e+01  2.6802588e+01
7.6703215e-01   5629661  3.6782549e+01  3.6925666e+01  2.3328166e+01
8.1235262e-01   6687903  3.4201888e+01  3.4059361e+01  2.0526993e+01
8.6035444e-01   7945758  3.2647527e+01  3.2672535e+01  1.7757015e+01
9.1118812e-01   9436555  3.2300043e+01  3.2378671e+01  1.5646354e+01
9.6501980e-01  11210320  3.3307854e+01  3.3150849e+01  1.3570043e+01
1.0220366e+00  13318613  3.5944926e+01  3.6019758e+01  1.1806211e+01
1.0824208e+00  15819192  4.0447960e+01  4.0466096e+01  1.0339786e+01
1.1463741e+00  18795348  4.6862350e+01  4.6689372e+01  9.0040240e+00
1.2141088e+00  22326034  5.4457146e+01  5.4335780e+01  7.8150777e+00
1.2858419e+00  26520842  6.2114754e+01  6.2049865e+01  6.7952101e+00
1.3618105e+00  31503438  6.8136194e+01  6.8212151e+01  5.9090796e+00
1.4422695e+00  37426927  7.1299543e+01  7.1342852e+01  5.1355057e+00
1.5275481e+00  44525830  7.2124193e+01  7.2159313e+01  4.4615998e+00
