# Power spectrum from CO𝘕CEPT job 4701172 at t = 4.8106637 Gyr, a = 0.43478261
#
# Components:
#   0: matter  (upstream grid size 1024)
#
#                           grid size 1024
# ╭────────────────────────────────────────────────────────────────╮
#                         component 0    (corrected)      (linear)
#                        σ₈ = 4.17e-01  σ₈ = 4.17e-01  σ₈ = 4.06e-01
#  k [Mpc⁻¹]    modes       P [Mpc³]       P [Mpc³]       P [Mpc³]
3.0679616e-03         3  1.2994332e+04  1.2994332e+04  1.2990549e+04
5.8212951e-03        25  1.8926377e+04  1.9021098e+04  1.9005822e+04
1.0440195e-02       124  2.1858969e+04  2.2109930e+04  2.2221679e+04
1.6729547e-02       418  1.9749344e+04  1.9929814e+04  1.9895136e+04
2.3240110e-02       730  1.5221759e+04  1.5224756e+04  1.5362439e+04
2.9075630e-02      1012  1.2133914e+04  1.2104515e+04  1.2099077e+04
3.4544381e-02      1408  1.0232908e+04  1.0209092e+04  1.0183746e+04
3.9898901e-02      1841  8.9899475e+03  8.9828250e+03  9.0648416e+03
4.5580519e-02      2698  8.1404205e+03  8.1479404e+03  8.1896992e+03
5.1612543e-02      3532  7.1109768e+03  7.1221613e+03  7.2026649e+03
5.7899473e-02      4702  5.9668099e+03  5.9679428e+03  6.0334506e+03
6.4462744e-02      6019  4.9187546e+03  4.9070717e+03  4.9011870e+03
7.1309305e-02      7766  4.0992141e+03  4.0835634e+03  4.0747145e+03
7.8556104e-02     10012  3.6379114e+03  3.6297985e+03  3.6119384e+03
8.6194331e-02     12589  3.3679745e+03  3.3723425e+03  3.3425863e+03
9.4153926e-02     15650  3.0226407e+03  3.0310619e+03  3.0088115e+03
1.0254095e-01     19757  2.5589737e+03  2.5596500e+03  2.5278136e+03
1.1136076e-01     24241  2.1399161e+03  2.1323565e+03  2.0641030e+03
1.2060245e-01     29993  1.8524554e+03  1.8462446e+03  1.7731131e+03
1.3029316e-01     36494  1.6678846e+03  1.6687494e+03  1.6092295e+03
1.4046583e-01     44825  1.4960049e+03  1.4979806e+03  1.4310734e+03
1.5111985e-01     53906  1.3029911e+03  1.2998398e+03  1.2178258e+03
1.6229170e-01     65729  1.1428296e+03  1.1396358e+03  1.0581930e+03
1.7401323e-01     78746  1.0359791e+03  1.0379651e+03  9.6072520e+02
1.8625264e-01     94374  9.2428628e+02  9.2601812e+02  8.4779830e+02
1.9902230e-01    112166  8.0348296e+02  8.0185782e+02  7.1625854e+02
2.1238854e-01    134373  7.1296742e+02  7.1090941e+02  6.2165479e+02
2.2637810e-01    159077  6.4558423e+02  6.4491217e+02  5.5756284e+02
2.4096993e-01    188172  5.7974070e+02  5.7945763e+02  4.9858352e+02
2.5621802e-01    222492  5.2412465e+02  5.2462801e+02  4.4138352e+02
2.7214102e-01    261771  4.7017964e+02  4.7065862e+02  3.8680166e+02
2.8873063e-01    306759  4.2101319e+02  4.2006374e+02  3.3444768e+02
3.0605468e-01    360898  3.8025462e+02  3.7890769e+02  2.9633043e+02
3.2421519e-01    425046  3.4744285e+02  3.4762069e+02  2.6926136e+02
3.4337900e-01    505555  3.1380547e+02  3.1460780e+02  2.3823519e+02
3.6368055e-01    600292  2.8388068e+02  2.8350897e+02  2.0520014e+02
3.8517334e-01    712930  2.5803689e+02  2.5678401e+02  1.8098557e+02
4.0793004e-01    846715  2.3434937e+02  2.3454717e+02  1.6378998e+02
4.3202621e-01   1005596  2.1295102e+02  2.1366307e+02  1.4304080e+02
4.5754560e-01   1194719  1.9329455e+02  1.9225225e+02  1.2339657e+02
4.8457948e-01   1419743  1.7577652e+02  1.7555794e+02  1.1114907e+02
5.1321525e-01   1686576  1.6010115e+02  1.6079543e+02  9.7216260e+01
5.4354215e-01   2003484  1.4583858e+02  1.4476517e+02  8.4044738e+01
5.7565178e-01   2378778  1.3306771e+02  1.3342214e+02  7.5583067e+01
6.0966698e-01   2828400  1.2152319e+02  1.2148602e+02  6.4888442e+01
6.4568974e-01   3356890  1.1120238e+02  1.1082606e+02  5.7616922e+01
6.8383752e-01   3990317  1.0229265e+02  1.0274040e+02  5.0082305e+01
7.2424344e-01   4738457  9.4504975e+01  9.3991084e+01  4.4043498e+01
7.6703215e-01   5629661  8.8178313e+01  8.8521406e+01  3.8334132e+01
8.1235262e-01   6687903  8.3290288e+01  8.2943197e+01  3.3731088e+01
8.6035444e-01   7945758  7.9916487e+01  7.9977702e+01  2.9179304e+01
9.1118812e-01   9436555  7.8237601e+01  7.8428055e+01  2.5710948e+01
9.6501980e-01  11210320  7.8267085e+01  7.7898152e+01  2.2299039e+01
1.0220366e+00  13318613  7.9814303e+01  7.9980465e+01  1.9400612e+01
1.0824208e+00  15819192  8.2614429e+01  8.2651473e+01  1.6990900e+01
1.1463741e+00  18795348  8.5996791e+01  8.5679362e+01  1.4795902e+01
1.2141088e+00  22326034  8.9010919e+01  8.8812544e+01  1.2842159e+01
1.2858419e+00  26520842  9.0959408e+01  9.0864386e+01  1.1166256e+01
1.3618105e+00  31503438  9.1697059e+01  9.1799281e+01  9.7101174e+00
1.4422695e+00  37426927  9.1405102e+01  9.1460624e+01  8.4389379e+00
1.5275481e+00  44525830  9.0578188e+01  9.0622293e+01  7.3315386e+00
