# Power spectrum from CO𝘕CEPT job 4701172 at t = 4.5276054 Gyr, a = 0.41666667
#
# Components:
#   0: matter  (upstream grid size 1024)
#
#                           grid size 1024
# ╭────────────────────────────────────────────────────────────────╮
#                         component 0    (corrected)      (linear)
#                        σ₈ = 4.00e-01  σ₈ = 4.00e-01  σ₈ = 3.90e-01
#  k [Mpc⁻¹]    modes       P [Mpc³]       P [Mpc³]       P [Mpc³]
3.0679616e-03         3  1.2017510e+04  1.2017510e+04  1.2015915e+04
5.8212951e-03        25  1.7504156e+04  1.7591759e+04  1.7580554e+04
1.0440195e-02       124  2.0222152e+04  2.0454320e+04  2.0556089e+04
1.6729547e-02       418  1.8266907e+04  1.8433829e+04  1.8404466e+04
2.3240110e-02       730  1.4085495e+04  1.4088268e+04  1.4211620e+04
2.9075630e-02      1012  1.1224176e+04  1.1196981e+04  1.1192817e+04
3.4544381e-02      1408  9.4648539e+03  9.4428255e+03  9.4210001e+03
3.9898901e-02      1841  8.3189883e+03  8.3123974e+03  8.3859295e+03
4.5580519e-02      2698  7.5315724e+03  7.5385299e+03  7.5763516e+03
5.1612543e-02      3532  6.5806337e+03  6.5909840e+03  6.6632529e+03
5.7899473e-02      4702  5.5212665e+03  5.5223148e+03  5.5816108e+03
6.4462744e-02      6019  4.5480861e+03  4.5372836e+03  4.5341470e+03
7.1309305e-02      7766  3.7891491e+03  3.7746823e+03  3.7695711e+03
7.8556104e-02     10012  3.3619332e+03  3.3544358e+03  3.3414536e+03
8.6194331e-02     12589  3.1122327e+03  3.1162690e+03  3.0922743e+03
9.4153926e-02     15650  2.7930318e+03  2.8008133e+03  2.7834959e+03
1.0254095e-01     19757  2.3628465e+03  2.3634710e+03  2.3385187e+03
1.1136076e-01     24241  1.9729109e+03  1.9659413e+03  1.9095337e+03
1.2060245e-01     29993  1.7065458e+03  1.7008242e+03  1.6403349e+03
1.3029316e-01     36494  1.5364171e+03  1.5372137e+03  1.4887240e+03
1.4046583e-01     44825  1.3774919e+03  1.3793110e+03  1.3239091e+03
1.5111985e-01     53906  1.1977681e+03  1.1948713e+03  1.1266306e+03
1.6229170e-01     65729  1.0494805e+03  1.0465476e+03  9.7895183e+02
1.7401323e-01     78746  9.5098304e+02  9.5280616e+02  8.8878285e+02
1.8625264e-01     94374  8.4759828e+02  8.4918644e+02  7.8431238e+02
1.9902230e-01    112166  7.3536717e+02  7.3387980e+02  6.6262281e+02
2.1238854e-01    134373  6.5152086e+02  6.4964021e+02  5.7510334e+02
2.2637810e-01    159077  5.8934583e+02  5.8873231e+02  5.1581083e+02
2.4096993e-01    188172  5.2862746e+02  5.2836934e+02  4.6124809e+02
2.5621802e-01    222492  4.7718811e+02  4.7764640e+02  4.0833142e+02
2.7214102e-01    261771  4.2723463e+02  4.2766986e+02  3.5783683e+02
2.8873063e-01    306759  3.8176842e+02  3.8090747e+02  3.0940327e+02
3.0605468e-01    360898  3.4428560e+02  3.4306608e+02  2.7414037e+02
3.2421519e-01    425046  3.1415552e+02  3.1431632e+02  2.4909832e+02
3.4337900e-01    505555  2.8316991e+02  2.8389391e+02  2.2039548e+02
3.6368055e-01    600292  2.5554539e+02  2.5521079e+02  1.8983419e+02
3.8517334e-01    712930  2.3178016e+02  2.3065476e+02  1.6743288e+02
4.0793004e-01    846715  2.1011532e+02  2.1029267e+02  1.5152494e+02
4.3202621e-01   1005596  1.9050270e+02  1.9113969e+02  1.3232952e+02
4.5754560e-01   1194719  1.7246102e+02  1.7153106e+02  1.1415631e+02
4.8457948e-01   1419743  1.5645575e+02  1.5626120e+02  1.0282593e+02
5.1321525e-01   1686576  1.4213423e+02  1.4275060e+02  8.9936449e+01
5.4354215e-01   2003484  1.2909799e+02  1.2814780e+02  7.7751247e+01
5.7565178e-01   2378778  1.1748049e+02  1.1779341e+02  6.9923208e+01
6.0966698e-01   2828400  1.0693630e+02  1.0690360e+02  6.0029426e+01
6.4568974e-01   3356890  9.7546705e+01  9.7216600e+01  5.3302417e+01
6.8383752e-01   3990317  8.9458885e+01  8.9850460e+01  4.6332012e+01
7.2424344e-01   4738457  8.2384404e+01  8.1936421e+01  4.0745407e+01
7.6703215e-01   5629661  7.6668333e+01  7.6966641e+01  3.5463574e+01
8.1235262e-01   6687903  7.2281443e+01  7.1980228e+01  3.1205217e+01
8.6035444e-01   7945758  6.9322808e+01  6.9375908e+01  2.6994284e+01
9.1118812e-01   9436555  6.7999412e+01  6.8164942e+01  2.3785647e+01
9.6501980e-01  11210320  6.8357484e+01  6.8035262e+01  2.0629231e+01
1.0220366e+00  13318613  7.0308160e+01  7.0454531e+01  1.7947845e+01
1.0824208e+00  15819192  7.3660698e+01  7.3693727e+01  1.5718579e+01
1.1463741e+00  18795348  7.7811328e+01  7.7524113e+01  1.3687948e+01
1.2141088e+00  22326034  8.1737672e+01  8.1555507e+01  1.1880506e+01
1.2858419e+00  26520842  8.4616902e+01  8.4528506e+01  1.0330099e+01
1.3618105e+00  31503438  8.6120406e+01  8.6216412e+01  8.9830001e+00
1.4422695e+00  37426927  8.6394516e+01  8.6446995e+01  7.8070098e+00
1.5275481e+00  44525830  8.5979161e+01  8.6021027e+01  6.7825354e+00
