# Power spectrum from CO𝘕CEPT job 4701172 at t = 2.3139476 Gyr, a = 0.26315789
#
# Components:
#   0: matter  (upstream grid size 1024)
#
#                           grid size 1024
# ╭────────────────────────────────────────────────────────────────╮
#                         component 0    (corrected)      (linear)
#                        σ₈ = 2.53e-01  σ₈ = 2.53e-01  σ₈ = 2.52e-01
#  k [Mpc⁻¹]    modes       P [Mpc³]       P [Mpc³]       P [Mpc³]
3.0679616e-03         3  4.9971278e+03  4.9971278e+03  4.9976739e+03
5.8212951e-03        25  7.2810832e+03  7.3175228e+03  7.3154102e+03
1.0440195e-02       124  8.4332095e+03  8.5300305e+03  8.5575571e+03
1.6729547e-02       418  7.6036122e+03  7.6730939e+03  7.6641614e+03
2.3240110e-02       730  5.8861322e+03  5.8872911e+03  5.9191121e+03
2.9075630e-02      1012  4.6752712e+03  4.6639438e+03  4.6621809e+03
3.4544381e-02      1408  3.9391920e+03  3.9300240e+03  3.9243591e+03
3.9898901e-02      1841  3.4762410e+03  3.4734869e+03  3.4933147e+03
4.5580519e-02      2698  3.1422521e+03  3.1451548e+03  3.1561507e+03
5.1612543e-02      3532  2.7508817e+03  2.7552084e+03  2.7758270e+03
5.7899473e-02      4702  2.3064534e+03  2.3068913e+03  2.3252632e+03
6.4462744e-02      6019  1.8886325e+03  1.8841467e+03  1.8889184e+03
7.1309305e-02      7766  1.5703965e+03  1.5644008e+03  1.5704115e+03
7.8556104e-02     10012  1.3907248e+03  1.3876233e+03  1.3920669e+03
8.6194331e-02     12589  1.2858580e+03  1.2875257e+03  1.2882650e+03
9.4153926e-02     15650  1.1535505e+03  1.1567643e+03  1.1596311e+03
1.0254095e-01     19757  9.7089122e+02  9.7114781e+02  9.7425312e+02
1.1136076e-01     24241  8.0135824e+02  7.9852732e+02  7.9553573e+02
1.2060245e-01     29993  6.8898682e+02  6.8667685e+02  6.8338595e+02
1.3029316e-01     36494  6.2030449e+02  6.2062611e+02  6.2022413e+02
1.4046583e-01     44825  5.5349236e+02  5.5422331e+02  5.5156089e+02
1.5111985e-01     53906  4.7526607e+02  4.7411665e+02  4.6937238e+02
1.6229170e-01     65729  4.1321410e+02  4.1205933e+02  4.0784758e+02
1.7401323e-01     78746  3.7328975e+02  3.7400538e+02  3.7028210e+02
1.8625264e-01     94374  3.3004003e+02  3.3065843e+02  3.2675824e+02
1.9902230e-01    112166  2.8172277e+02  2.8115295e+02  2.7606048e+02
2.1238854e-01    134373  2.4617363e+02  2.4546304e+02  2.3959848e+02
2.2637810e-01    159077  2.2095124e+02  2.2072123e+02  2.1489628e+02
2.4096993e-01    188172  1.9648934e+02  1.9639340e+02  1.9216454e+02
2.5621802e-01    222492  1.7493307e+02  1.7510107e+02  1.7011855e+02
2.7214102e-01    261771  1.5419779e+02  1.5435487e+02  1.4908161e+02
2.8873063e-01    306759  1.3505193e+02  1.3474737e+02  1.2890332e+02
3.0605468e-01    360898  1.2027244e+02  1.1984642e+02  1.1421216e+02
3.2421519e-01    425046  1.0852043e+02  1.0857598e+02  1.0377919e+02
3.4337900e-01    505555  9.6206880e+01  9.6452858e+01  9.1821053e+01
3.6368055e-01    600292  8.4644108e+01  8.4533277e+01  7.9088643e+01
3.8517334e-01    712930  7.5238964e+01  7.4873644e+01  6.9755830e+01
4.0793004e-01    846715  6.7262007e+01  6.7318781e+01  6.3128282e+01
4.3202621e-01   1005596  5.9630267e+01  5.9829655e+01  5.5131103e+01
4.5754560e-01   1194719  5.2443487e+01  5.2160696e+01  4.7559788e+01
4.8457948e-01   1419743  4.6590529e+01  4.6532593e+01  4.2839334e+01
5.1321525e-01   1686576  4.1192904e+01  4.1371538e+01  3.7469325e+01
5.4354215e-01   2003484  3.6329905e+01  3.6062508e+01  3.2392730e+01
5.7565178e-01   2378778  3.2092592e+01  3.2178073e+01  2.9131416e+01
6.0966698e-01   2828400  2.8257301e+01  2.8248659e+01  2.5009470e+01
6.4568974e-01   3356890  2.4912480e+01  2.4828174e+01  2.2206865e+01
6.8383752e-01   3990317  2.1991017e+01  2.2087275e+01  1.9302856e+01
7.2424344e-01   4738457  1.9479690e+01  1.9373765e+01  1.6975364e+01
7.6703215e-01   5629661  1.7447737e+01  1.7515625e+01  1.4774847e+01
8.1235262e-01   6687903  1.5924537e+01  1.5858176e+01  1.3000731e+01
8.6035444e-01   7945758  1.5081056e+01  1.5092608e+01  1.1246371e+01
9.1118812e-01   9436555  1.5036395e+01  1.5072998e+01  9.9095889e+00
9.6501980e-01  11210320  1.5913298e+01  1.5838287e+01  8.5945621e+00
1.0220366e+00  13318613  1.8039846e+01  1.8077402e+01  7.4774428e+00
1.0824208e+00  15819192  2.1837648e+01  2.1847440e+01  6.5486855e+00
1.1463741e+00  18795348  2.7904582e+01  2.7801581e+01  5.7026835e+00
1.2141088e+00  22326034  3.6574457e+01  3.6492945e+01  4.9496669e+00
1.2858419e+00  26520842  4.7916696e+01  4.7866639e+01  4.3037359e+00
1.3618105e+00  31503438  6.0269322e+01  6.0336509e+01  3.7425070e+00
1.4422695e+00  37426927  6.9573202e+01  6.9615463e+01  3.2525655e+00
1.5275481e+00  44525830  7.2387845e+01  7.2423093e+01  2.8257486e+00
