# Power spectrum from CO𝘕CEPT job 4701172 at t = 2.1444136 Gyr, a = 0.25
#
# Components:
#   0: matter  (upstream grid size 1024)
#
#                           grid size 1024
# ╭────────────────────────────────────────────────────────────────╮
#                         component 0    (corrected)      (linear)
#                        σ₈ = 2.40e-01  σ₈ = 2.40e-01  σ₈ = 2.40e-01
#  k [Mpc⁻¹]    modes       P [Mpc³]       P [Mpc³]       P [Mpc³]
3.0679616e-03         3  4.5199923e+03  4.5199923e+03  4.5203477e+03
5.8212951e-03        25  6.5861453e+03  6.6191069e+03  6.6170739e+03
1.0440195e-02       124  7.6300797e+03  7.7176800e+03  7.7410657e+03
1.6729547e-02       418  6.8782918e+03  6.9411455e+03  6.9331313e+03
2.3240110e-02       730  5.3264726e+03  5.3275213e+03  5.3546189e+03
2.9075630e-02      1012  4.2295040e+03  4.2192565e+03  4.2175936e+03
3.4544381e-02      1408  3.5633426e+03  3.5550493e+03  3.5501481e+03
3.9898901e-02      1841  3.1456750e+03  3.1431828e+03  3.1602165e+03
4.5580519e-02      2698  2.8430457e+03  2.8456721e+03  2.8552090e+03
5.1612543e-02      3532  2.4893628e+03  2.4932782e+03  2.5111540e+03
5.7899473e-02      4702  2.0870989e+03  2.0874951e+03  2.1035541e+03
6.4462744e-02      6019  1.7082318e+03  1.7041745e+03  1.7088156e+03
7.1309305e-02      7766  1.4202499e+03  1.4148274e+03  1.4206786e+03
7.8556104e-02     10012  1.2575841e+03  1.2547796e+03  1.2593393e+03
8.6194331e-02     12589  1.1625860e+03  1.1640937e+03  1.1654351e+03
9.4153926e-02     15650  1.0429376e+03  1.0458433e+03  1.0490662e+03
1.0254095e-01     19757  8.7752287e+02  8.7775479e+02  8.8136343e+02
1.1136076e-01     24241  7.2369820e+02  7.2114163e+02  7.1968598e+02
1.2060245e-01     29993  6.2195365e+02  6.1986842e+02  6.1822918e+02
1.3029316e-01     36494  5.5998194e+02  5.6027228e+02  5.6108957e+02
1.4046583e-01     44825  4.9943537e+02  5.0009493e+02  4.9897304e+02
1.5111985e-01     53906  4.2847906e+02  4.2744279e+02  4.2462074e+02
1.6229170e-01     65729  3.7233940e+02  3.7129886e+02  3.6896198e+02
1.7401323e-01     78746  3.3629011e+02  3.3693480e+02  3.3497816e+02
1.8625264e-01     94374  2.9715358e+02  2.9771036e+02  2.9560403e+02
1.9902230e-01    112166  2.5333870e+02  2.5282629e+02  2.4973998e+02
2.1238854e-01    134373  2.2112373e+02  2.2048545e+02  2.1675440e+02
2.2637810e-01    159077  1.9835605e+02  1.9814956e+02  1.9440739e+02
2.4096993e-01    188172  1.7630152e+02  1.7621544e+02  1.7384298e+02
2.5621802e-01    222492  1.5678581e+02  1.5693639e+02  1.5389893e+02
2.7214102e-01    261771  1.3804164e+02  1.3818227e+02  1.3486772e+02
2.8873063e-01    306759  1.2069100e+02  1.2041882e+02  1.1661330e+02
3.0605468e-01    360898  1.0737575e+02  1.0699541e+02  1.0332284e+02
3.2421519e-01    425046  9.6810971e+01  9.6860522e+01  9.3884576e+01
3.4337900e-01    505555  8.5721003e+01  8.5940171e+01  8.3066567e+01
3.6368055e-01    600292  7.5237830e+01  7.5139314e+01  7.1548104e+01
3.8517334e-01    712930  6.6765697e+01  6.6441518e+01  6.3105109e+01
4.0793004e-01    846715  5.9633590e+01  5.9683925e+01  5.7109452e+01
4.3202621e-01   1005596  5.2756962e+01  5.2933367e+01  4.9874748e+01
4.5754560e-01   1194719  4.6271912e+01  4.6022400e+01  4.3025304e+01
4.8457948e-01   1419743  4.1048724e+01  4.0997680e+01  3.8754911e+01
5.1321525e-01   1686576  3.6200913e+01  3.6357899e+01  3.3896895e+01
5.4354215e-01   2003484  3.1836088e+01  3.1601767e+01  2.9304317e+01
5.7565178e-01   2378778  2.8048894e+01  2.8123604e+01  2.6353946e+01
6.0966698e-01   2828400  2.4619836e+01  2.4612307e+01  2.2624998e+01
6.4568974e-01   3356890  2.1634016e+01  2.1560805e+01  2.0089601e+01
6.8383752e-01   3990317  1.9023212e+01  1.9106480e+01  1.7462468e+01
7.2424344e-01   4738457  1.6779778e+01  1.6688535e+01  1.5356887e+01
7.6703215e-01   5629661  1.4958155e+01  1.5016356e+01  1.3366173e+01
8.1235262e-01   6687903  1.3594654e+01  1.3538002e+01  1.1761206e+01
8.6035444e-01   7945758  1.2850566e+01  1.2860409e+01  1.0174112e+01
9.1118812e-01   9436555  1.2834421e+01  1.2865663e+01  8.9647821e+00
9.6501980e-01  11210320  1.3656706e+01  1.3592331e+01  7.7751336e+00
1.0220366e+00  13318613  1.5631891e+01  1.5664435e+01  6.7645236e+00
1.0824208e+00  15819192  1.9181331e+01  1.9189932e+01  5.9243166e+00
1.1463741e+00  18795348  2.4952917e+01  2.4860811e+01  5.1589748e+00
1.2141088e+00  22326034  3.3477200e+01  3.3402591e+01  4.4777528e+00
1.2858419e+00  26520842  4.5200162e+01  4.5152943e+01  3.8934066e+00
1.3618105e+00  31503438  5.8897599e+01  5.8963257e+01  3.3856868e+00
1.4422695e+00  37426927  7.0260952e+01  7.0303631e+01  2.9424577e+00
1.5275481e+00  44525830  7.4172044e+01  7.4208160e+01  2.5563346e+00
