# Power spectrum from CO𝘕CEPT job 4547590 at t = 3.2777 Gyr, a = 0.33333333
#
# Components:
#   0: matter  (upstream grid size 1024)
#
#                           grid size 1024
# ╭────────────────────────────────────────────────────────────────╮
#                         component 0    (corrected)      (linear)
#                        σ₈ = 3.08e-01  σ₈ = 3.07e-01  σ₈ = 3.02e-01
#  k [Mpc⁻¹]    modes       P [Mpc³]       P [Mpc³]       P [Mpc³]
2.4543693e-02         3  8.4180770e+03  8.4180770e+03  8.4902769e+03
4.6570361e-02        25  4.4191367e+03  4.4689681e+03  4.4844374e+03
8.3521561e-02       124  1.9249966e+03  1.8643388e+03  1.8875608e+03
1.3383638e-01       418  8.8820148e+02  8.7135146e+02  8.3033679e+02
1.8592088e-01       730  4.7731805e+02  4.8869644e+02  4.7331303e+02
2.3260504e-01      1012  3.2740304e+02  3.2527998e+02  2.8212084e+02
2.7635505e-01      1408  2.4444132e+02  2.4472774e+02  2.0473965e+02
3.1919121e-01      1841  1.8451118e+02  1.8340304e+02  1.4579831e+02
3.6464415e-01      2698  1.4475476e+02  1.4377946e+02  1.1080571e+02
4.1290034e-01      3532  1.1518428e+02  1.1613881e+02  8.5895360e+01
4.6319578e-01      4702  9.3002872e+01  9.1232889e+01  6.3249678e+01
5.1570195e-01      6019  7.8579489e+01  7.9459437e+01  5.2678529e+01
5.7047444e-01      7766  6.5402120e+01  6.5334316e+01  4.0515477e+01
6.2844883e-01     10012  5.6994639e+01  5.6093782e+01  3.1872497e+01
6.8955465e-01     12589  4.8769482e+01  4.8913435e+01  2.6549640e+01
7.5323141e-01     15650  4.2382172e+01  4.2743490e+01  2.1636471e+01
8.2032763e-01     19757  3.6541083e+01  3.6425785e+01  1.7363840e+01
8.9088605e-01     24241  3.2621324e+01  3.2290547e+01  1.4175641e+01
9.6481958e-01     29993  2.8715995e+01  2.8482048e+01  1.1780309e+01
1.0423453e+00     36494  2.5549394e+01  2.5408981e+01  9.8195438e+00
1.1237267e+00     44825  2.3120480e+01  2.3021450e+01  8.2057088e+00
1.2089588e+00     53906  2.0852302e+01  2.0794677e+01  6.8787857e+00
1.2983336e+00     65729  1.8855149e+01  1.8801826e+01  5.7802002e+00
1.3921058e+00     78746  1.7160481e+01  1.7106280e+01  4.8680588e+00
1.4900211e+00     94374  1.5575922e+01  1.5527574e+01  4.1175950e+00
1.5921784e+00    112166  1.4273971e+01  1.4262014e+01  3.5023836e+00
1.6991083e+00    134373  1.3065459e+01  1.3067105e+01  2.9853752e+00
1.8110248e+00    159077  1.2037986e+01  1.2021862e+01  2.5445596e+00
1.9277595e+00    188172  1.1097858e+01  1.1084130e+01  2.1775207e+00
2.0497441e+00    222492  1.0299836e+01  1.0295448e+01  1.8690137e+00
2.1771282e+00    261771  9.5471106e+00  9.5388403e+00  1.6058800e+00
2.3098450e+00    306759  8.8285877e+00  8.8217600e+00  1.3837990e+00
2.4484375e+00    360898  8.1974605e+00  8.1905167e+00  1.1944842e+00
2.5937215e+00    425046  7.6174665e+00  7.6111068e+00  1.0324070e+00
2.7470320e+00    505555  7.0722001e+00  7.0659334e+00  8.9241069e-01
2.9094444e+00    600292  6.5672297e+00  6.5613248e+00  7.7110785e-01
3.0813867e+00    712930  6.0999985e+00  6.0945900e+00  6.6613367e-01
3.2634403e+00    846715  5.6476470e+00  5.6426169e+00  5.7522975e-01
3.4562097e+00   1005596  5.2292436e+00  5.2246385e+00  4.9659537e-01
3.6603648e+00   1194719  4.8378504e+00  4.8335583e+00  4.2858739e-01
3.8766358e+00   1419743  4.4536971e+00  4.4496897e+00  3.6972400e-01
4.1057220e+00   1686576  4.1023882e+00  4.0987016e+00  3.1886326e-01
4.3483372e+00   2003484  3.7644180e+00  3.7610214e+00  2.7488871e-01
4.6052142e+00   2378778  3.4510699e+00  3.4479376e+00  2.3692736e-01
4.8773359e+00   2828400  3.1581599e+00  3.1552759e+00  2.0414373e-01
5.1655179e+00   3356890  2.8831794e+00  2.8805450e+00  1.7583968e-01
5.4707002e+00   3990317  2.6226521e+00  2.6202562e+00  1.5142160e-01
5.7939476e+00   4738457  2.3868006e+00  2.3845793e+00  1.3036283e-01
6.1362572e+00   5629661  2.1692403e+00  2.1672658e+00  1.1218913e-01
6.4988210e+00   6687903  1.9719345e+00  1.9700912e+00  9.6530030e-02
6.8828355e+00   7945758  1.7898326e+00  1.7881721e+00  8.3031517e-02
7.2895050e+00   9436555  1.6213696e+00  1.6198672e+00  7.1402789e-02
7.7201584e+00  11210320  1.4655064e+00  1.4641114e+00  6.1389614e-02
8.1762927e+00  13318613  1.3263057e+00  1.3250482e+00  5.2765535e-02
8.6593661e+00  15819192  1.2007418e+00  1.1996192e+00  4.5338481e-02
9.1709925e+00  18795348  1.0842470e+00  1.0832105e+00  3.8953601e-02
9.7128705e+00  22326034  9.7826651e-01  9.7733248e-01  3.3456308e-02
1.0286736e+01  26520842  8.8252510e-01  8.8166067e-01  2.8729304e-02
1.0894484e+01  31503438  7.9544424e-01  7.9468411e-01  2.4673500e-02
1.1538156e+01  37426927  7.1731133e-01  7.1662350e-01  2.1185165e-02
1.2220385e+01  44525830  6.4694441e-01  6.4632038e-01  1.8183688e-02
