# Power spectrum from CO𝘕CEPT job 4547590 at t = 4.8103804 Gyr, a = 0.43478261
#
# Components:
#   0: matter  (upstream grid size 1024)
#
#                           grid size 1024
# ╭────────────────────────────────────────────────────────────────╮
#                         component 0    (corrected)      (linear)
#                        σ₈ = 4.00e-01  σ₈ = 3.98e-01  σ₈ = 3.87e-01
#  k [Mpc⁻¹]    modes       P [Mpc³]       P [Mpc³]       P [Mpc³]
2.4543693e-02         3  1.3788177e+04  1.3788177e+04  1.3953858e+04
4.6570361e-02        25  7.2440760e+03  7.3257622e+03  7.3694164e+03
8.3521561e-02       124  3.1742995e+03  3.0742753e+03  3.1017646e+03
1.3383638e-01       418  1.4877630e+03  1.4595388e+03  1.3644473e+03
1.8592088e-01       730  8.1291895e+02  8.3229745e+02  7.7776648e+02
2.3260504e-01      1012  5.7197679e+02  5.6826779e+02  4.6359126e+02
2.7635505e-01      1408  4.3447919e+02  4.3498828e+02  3.3643538e+02
3.1919121e-01      1841  3.3986647e+02  3.3782530e+02  2.3958078e+02
3.6464415e-01      2698  2.6809883e+02  2.6629249e+02  1.8207968e+02
4.1290034e-01      3532  2.2189595e+02  2.2373480e+02  1.4114611e+02
4.6319578e-01      4702  1.8298085e+02  1.7949845e+02  1.0393395e+02
5.1570195e-01      6019  1.5531539e+02  1.5705464e+02  8.6563079e+01
5.7047444e-01      7766  1.3198228e+02  1.3184545e+02  6.6576345e+01
6.2844883e-01     10012  1.1744467e+02  1.1558834e+02  5.2373913e+01
6.8955465e-01     12589  1.0329861e+02  1.0360352e+02  4.3627219e+01
7.5323141e-01     15650  9.2144848e+01  9.2930406e+01  3.5553738e+01
8.2032763e-01     19757  8.0441691e+01  8.0187874e+01  2.8532811e+01
8.9088605e-01     24241  7.3561658e+01  7.2815750e+01  2.3293861e+01
9.6481958e-01     29993  6.5450318e+01  6.4917100e+01  1.9357773e+01
1.0423453e+00     36494  5.9877321e+01  5.9548251e+01  1.6135780e+01
1.1237267e+00     44825  5.4432932e+01  5.4199787e+01  1.3483874e+01
1.2089588e+00     53906  5.0355464e+01  5.0216309e+01  1.1303432e+01
1.2983336e+00     65729  4.6121971e+01  4.5991536e+01  9.4982011e+00
1.3921058e+00     78746  4.2535877e+01  4.2401528e+01  7.9993412e+00
1.4900211e+00     94374  3.9078333e+01  3.8957033e+01  6.7661552e+00
1.5921784e+00    112166  3.6377157e+01  3.6346686e+01  5.7552203e+00
1.6991083e+00    134373  3.3557765e+01  3.3561991e+01  4.9056559e+00
1.8110248e+00    159077  3.1045360e+01  3.1003777e+01  4.1812938e+00
1.9277595e+00    188172  2.8815037e+01  2.8779393e+01  3.5781639e+00
2.0497441e+00    222492  2.6634146e+01  2.6622799e+01  3.0712156e+00
2.1771282e+00    261771  2.4652205e+01  2.4630850e+01  2.6388261e+00
2.3098450e+00    306759  2.2863138e+01  2.2845457e+01  2.2738957e+00
2.4484375e+00    360898  2.1102940e+01  2.1085065e+01  1.9628077e+00
2.5937215e+00    425046  1.9555132e+01  1.9538805e+01  1.6964774e+00
2.7470320e+00    505555  1.8066978e+01  1.8050969e+01  1.4664313e+00
2.9094444e+00    600292  1.6614622e+01  1.6599683e+01  1.2671028e+00
3.0813867e+00    712930  1.5294430e+01  1.5280870e+01  1.0946061e+00
3.2634403e+00    846715  1.4008739e+01  1.3996262e+01  9.4523001e-01
3.4562097e+00   1005596  1.2815724e+01  1.2804438e+01  8.1601566e-01
3.6603648e+00   1194719  1.1684900e+01  1.1674533e+01  7.0426297e-01
3.8766358e+00   1419743  1.0599786e+01  1.0590248e+01  6.0753693e-01
4.1057220e+00   1686576  9.6682404e+00  9.6595520e+00  5.2396112e-01
4.3483372e+00   2003484  8.7405956e+00  8.7327090e+00  4.5170090e-01
4.6052142e+00   2378778  7.8991348e+00  7.8919653e+00  3.8932176e-01
4.8773359e+00   2828400  7.1360246e+00  7.1295081e+00  3.3545081e-01
5.1655179e+00   3356890  6.4181187e+00  6.4122544e+00  2.8894086e-01
5.4707002e+00   3990317  5.7777093e+00  5.7724311e+00  2.4881644e-01
5.7939476e+00   4738457  5.1874646e+00  5.1826370e+00  2.1421214e-01
6.1362572e+00   5629661  4.6512538e+00  4.6470202e+00  1.8434869e-01
6.4988210e+00   6687903  4.1700548e+00  4.1661569e+00  1.5861730e-01
6.8828355e+00   7945758  3.7308024e+00  3.7273412e+00  1.3643625e-01
7.2895050e+00   9436555  3.3319584e+00  3.3288710e+00  1.1732769e-01
7.7201584e+00  11210320  2.9792160e+00  2.9763802e+00  1.0087385e-01
8.1762927e+00  13318613  2.6544239e+00  2.6519072e+00  8.6702610e-02
8.6593661e+00  15819192  2.3655118e+00  2.3633002e+00  7.4498363e-02
9.1709925e+00  18795348  2.1044757e+00  2.1024639e+00  6.4006643e-02
9.7128705e+00  22326034  1.8709238e+00  1.8691374e+00  5.4973433e-02
1.0286736e+01  26520842  1.6649112e+00  1.6632804e+00  4.7205980e-02
1.0894484e+01  31503438  1.4805115e+00  1.4790967e+00  4.0541461e-02
1.1538156e+01  37426927  1.3163201e+00  1.3150579e+00  3.4809420e-02
1.2220385e+01  44525830  1.1703336e+00  1.1692047e+00  2.9877401e-02
