# Power spectrum from CO𝘕CEPT job 4547590 at t = 5.8530988 Gyr, a = 0.5
#
# Components:
#   0: matter  (upstream grid size 1024)
#
#                           grid size 1024
# ╭────────────────────────────────────────────────────────────────╮
#                         component 0    (corrected)      (linear)
#                        σ₈ = 4.57e-01  σ₈ = 4.55e-01  σ₈ = 4.38e-01
#  k [Mpc⁻¹]    modes       P [Mpc³]       P [Mpc³]       P [Mpc³]
2.4543693e-02         3  1.7653472e+04  1.7653472e+04  1.7905808e+04
4.6570361e-02        25  9.2779499e+03  9.3825706e+03  9.4559671e+03
8.3521561e-02       124  4.0892829e+03  3.9604270e+03  3.9798944e+03
1.3383638e-01       418  1.9328536e+03  1.8961856e+03  1.7507182e+03
1.8592088e-01       730  1.0691370e+03  1.0946233e+03  9.9794740e+02
2.3260504e-01      1012  7.6250646e+02  7.5756196e+02  5.9483053e+02
2.7635505e-01      1408  5.8666452e+02  5.8735193e+02  4.3167754e+02
3.1919121e-01      1841  4.6820297e+02  4.6539103e+02  3.0740408e+02
3.6464415e-01      2698  3.7038201e+02  3.6788653e+02  2.3362485e+02
4.1290034e-01      3532  3.1452260e+02  3.1712906e+02  1.8110332e+02
4.6319578e-01      4702  2.6240306e+02  2.5740914e+02  1.3335671e+02
5.1570195e-01      6019  2.2396916e+02  2.2647721e+02  1.1106829e+02
5.7047444e-01      7766  1.9137617e+02  1.9117776e+02  8.5423489e+01
6.2844883e-01     10012  1.7142651e+02  1.6871694e+02  6.7200476e+01
6.8955465e-01     12589  1.5278666e+02  1.5323764e+02  5.5977671e+01
7.5323141e-01     15650  1.3755179e+02  1.3872445e+02  4.5618663e+01
8.2032763e-01     19757  1.2118418e+02  1.2080181e+02  3.6610176e+01
8.9088605e-01     24241  1.1174228e+02  1.1060923e+02  2.9888127e+01
9.6481958e-01     29993  1.0045095e+02  9.9632583e+01  2.4837770e+01
1.0423453e+00     36494  9.2478676e+01  9.1970437e+01  2.0703661e+01
1.1237267e+00     44825  8.4250455e+01  8.3889595e+01  1.7301026e+01
1.2089588e+00     53906  7.7937386e+01  7.7722010e+01  1.4503321e+01
1.2983336e+00     65729  7.1876245e+01  7.1672976e+01  1.2187046e+01
1.3921058e+00     78746  6.5894881e+01  6.5686753e+01  1.0263873e+01
1.4900211e+00     94374  6.1195496e+01  6.1005543e+01  8.6815843e+00
1.5921784e+00    112166  5.6527911e+01  5.6480562e+01  7.3844634e+00
1.6991083e+00    134373  5.2370168e+01  5.2376763e+01  6.2943954e+00
1.8110248e+00    159077  4.8489345e+01  4.8424397e+01  5.3649735e+00
1.9277595e+00    188172  4.4744518e+01  4.4689170e+01  4.5911034e+00
2.0497441e+00    222492  4.1461769e+01  4.1444105e+01  3.9406430e+00
2.1771282e+00    261771  3.8252011e+01  3.8218874e+01  3.3858483e+00
2.3098450e+00    306759  3.5210137e+01  3.5182907e+01  2.9176096e+00
2.4484375e+00    360898  3.2492882e+01  3.2465358e+01  2.5184558e+00
2.5937215e+00    425046  2.9852823e+01  2.9827899e+01  2.1767301e+00
2.7470320e+00    505555  2.7346916e+01  2.7322683e+01  1.8815601e+00
2.9094444e+00    600292  2.5016047e+01  2.4993553e+01  1.6258038e+00
3.0813867e+00    712930  2.2879387e+01  2.2859102e+01  1.4044750e+00
3.2634403e+00    846715  2.0774264e+01  2.0755762e+01  1.2128121e+00
3.4562097e+00   1005596  1.8923108e+01  1.8906444e+01  1.0470185e+00
3.6603648e+00   1194719  1.7117604e+01  1.7102417e+01  9.0362980e-01
3.8766358e+00   1419743  1.5487249e+01  1.5473314e+01  7.7952166e-01
4.1057220e+00   1686576  1.4000427e+01  1.3987846e+01  6.7228644e-01
4.3483372e+00   2003484  1.2632845e+01  1.2621447e+01  5.7957014e-01
4.6052142e+00   2378778  1.1345719e+01  1.1335421e+01  4.9953216e-01
4.8773359e+00   2828400  1.0163288e+01  1.0154007e+01  4.3041096e-01
5.1655179e+00   3356890  9.1213221e+00  9.1129879e+00  3.7073458e-01
5.4707002e+00   3990317  8.1643082e+00  8.1568498e+00  3.1925140e-01
5.7939476e+00   4738457  7.3023278e+00  7.2955320e+00  2.7485105e-01
6.1362572e+00   5629661  6.5403864e+00  6.5344332e+00  2.3653364e-01
6.4988210e+00   6687903  5.8330942e+00  5.8276418e+00  2.0351801e-01
6.8828355e+00   7945758  5.2021853e+00  5.1973590e+00  1.7505780e-01
7.2895050e+00   9436555  4.6314940e+00  4.6272023e+00  1.5053986e-01
7.7201584e+00  11210320  4.1248276e+00  4.1209013e+00  1.2942818e-01
8.1762927e+00  13318613  3.6682647e+00  3.6647867e+00  1.1124527e-01
8.6593661e+00  15819192  3.2603464e+00  3.2572983e+00  9.5586194e-02
9.1709925e+00  18795348  2.8905593e+00  2.8877959e+00  8.2124440e-02
9.7128705e+00  22326034  2.5684482e+00  2.5659958e+00  7.0534084e-02
1.0286736e+01  26520842  2.2797526e+00  2.2775196e+00  6.0567805e-02
1.0894484e+01  31503438  2.0217898e+00  2.0198577e+00  5.2016687e-02
1.1538156e+01  37426927  1.7927995e+00  1.7910804e+00  4.4662023e-02
1.2220385e+01  44525830  1.5871678e+00  1.5856368e+00  3.8333857e-02
