# Power spectrum from CO𝘕CEPT job 4547590 at t = 9.3727255 Gyr, a = 0.71428571
#
# Components:
#   0: matter  (upstream grid size 1024)
#
#                           grid size 1024
# ╭────────────────────────────────────────────────────────────────╮
#                         component 0    (corrected)      (linear)
#                        σ₈ = 6.24e-01  σ₈ = 6.21e-01  σ₈ = 5.83e-01
#  k [Mpc⁻¹]    modes       P [Mpc³]       P [Mpc³]       P [Mpc³]
2.4543693e-02         3  3.1084039e+04  3.1084039e+04  3.1753475e+04
4.6570361e-02        25  1.6339211e+04  1.6523456e+04  1.6766149e+04
8.3521561e-02       124  7.3948102e+03  7.1617950e+03  7.0562038e+03
1.3383638e-01       418  3.5718824e+03  3.5041205e+03  3.1038926e+03
1.8592088e-01       730  2.0501865e+03  2.0990592e+03  1.7692739e+03
2.3260504e-01      1012  1.5093894e+03  1.4996017e+03  1.0545799e+03
2.7635505e-01      1408  1.2111056e+03  1.2125247e+03  7.6532352e+02
3.1919121e-01      1841  1.0213995e+03  1.0152651e+03  5.4499792e+02
3.6464415e-01      2698  8.1724736e+02  8.1174110e+02  4.1419416e+02
4.1290034e-01      3532  7.2265033e+02  7.2863895e+02  3.2107844e+02
4.6319578e-01      4702  6.2868160e+02  6.1671686e+02  2.3642830e+02
5.1570195e-01      6019  5.6103079e+02  5.6731331e+02  1.9691308e+02
5.7047444e-01      7766  4.9952837e+02  4.9901049e+02  1.5144735e+02
6.2844883e-01     10012  4.4284032e+02  4.3584079e+02  1.1913974e+02
6.8955465e-01     12589  4.0243630e+02  4.0362417e+02  9.9242810e+01
7.5323141e-01     15650  3.7263681e+02  3.7581363e+02  8.0877312e+01
8.2032763e-01     19757  3.3919859e+02  3.3812832e+02  6.4906161e+01
8.9088605e-01     24241  3.0723735e+02  3.0412200e+02  5.2988637e+01
9.6481958e-01     29993  2.8238314e+02  2.8008259e+02  4.4034858e+01
1.0423453e+00     36494  2.5824667e+02  2.5682742e+02  3.6705495e+01
1.1237267e+00     44825  2.3489662e+02  2.3389052e+02  3.0672963e+01
1.2089588e+00     53906  2.1929254e+02  2.1868654e+02  2.5712912e+01
1.2983336e+00     65729  2.0164917e+02  2.0107890e+02  2.1606390e+01
1.3921058e+00     78746  1.8442663e+02  1.8384412e+02  1.8196798e+01
1.4900211e+00     94374  1.6867537e+02  1.6815180e+02  1.5391558e+01
1.5921784e+00    112166  1.5425513e+02  1.5412593e+02  1.3091894e+01
1.6991083e+00    134373  1.4118975e+02  1.4120753e+02  1.1159313e+01
1.8110248e+00    159077  1.2912314e+02  1.2895019e+02  9.5115418e+00
1.9277595e+00    188172  1.1750811e+02  1.1736275e+02  8.1395483e+00
2.0497441e+00    222492  1.0674216e+02  1.0669669e+02  6.9863478e+00
2.1771282e+00    261771  9.6901610e+01  9.6817667e+01  6.0027530e+00
2.3098450e+00    306759  8.8711308e+01  8.8642702e+01  5.1726134e+00
2.4484375e+00    360898  8.0318273e+01  8.0250238e+01  4.4649541e+00
2.5937215e+00    425046  7.2968961e+01  7.2908040e+01  3.8591092e+00
2.7470320e+00    505555  6.6393254e+01  6.6334422e+01  3.3358031e+00
2.9094444e+00    600292  6.0104416e+01  6.0050372e+01  2.8823731e+00
3.0813867e+00    712930  5.4597131e+01  5.4548723e+01  2.4899798e+00
3.2634403e+00    846715  4.9314861e+01  4.9270939e+01  2.1501813e+00
3.4562097e+00   1005596  4.4480499e+01  4.4441328e+01  1.8562463e+00
3.6603648e+00   1194719  3.9870346e+01  3.9834972e+01  1.6020329e+00
3.8766358e+00   1419743  3.5848321e+01  3.5816065e+01  1.3820021e+00
4.1057220e+00   1686576  3.2086982e+01  3.2058147e+01  1.1918852e+00
4.3483372e+00   2003484  2.8764915e+01  2.8738960e+01  1.0275089e+00
4.6052142e+00   2378778  2.5781469e+01  2.5758069e+01  8.8560992e-01
4.8773359e+00   2828400  2.2996347e+01  2.2975347e+01  7.6306533e-01
5.1655179e+00   3356890  2.0560297e+01  2.0541511e+01  6.5726545e-01
5.4707002e+00   3990317  1.8362028e+01  1.8345253e+01  5.6599129e-01
5.7939476e+00   4738457  1.6380608e+01  1.6365364e+01  4.8727426e-01
6.1362572e+00   5629661  1.4612528e+01  1.4599227e+01  4.1934165e-01
6.4988210e+00   6687903  1.2988367e+01  1.2976226e+01  3.6080857e-01
6.8828355e+00   7945758  1.1539691e+01  1.1528985e+01  3.1035177e-01
7.2895050e+00   9436555  1.0272928e+01  1.0263408e+01  2.6688422e-01
7.7201584e+00  11210320  9.1144343e+00  9.1057585e+00  2.2945561e-01
8.1762927e+00  13318613  8.0889853e+00  8.0813159e+00  1.9721942e-01
8.6593661e+00  15819192  7.1675415e+00  7.1608404e+00  1.6945771e-01
9.1709925e+00  18795348  6.3502654e+00  6.3441946e+00  1.4559163e-01
9.7128705e+00  22326034  5.6218412e+00  5.6164736e+00  1.2504334e-01
1.0286736e+01  26520842  4.9720537e+00  4.9671836e+00  1.0737437e-01
1.0894484e+01  31503438  4.3867693e+00  4.3825773e+00  9.2214329e-02
1.1538156e+01  37426927  3.8724302e+00  3.8687169e+00  7.9175471e-02
1.2220385e+01  44525830  3.4171393e+00  3.4138432e+00  6.7956489e-02
