# Power spectrum from CO𝘕CEPT job 4547590 at t = 4.5273272 Gyr, a = 0.41666667
#
# Components:
#   0: matter  (upstream grid size 1024)
#
#                           grid size 1024
# ╭────────────────────────────────────────────────────────────────╮
#                         component 0    (corrected)      (linear)
#                        σ₈ = 3.84e-01  σ₈ = 3.82e-01  σ₈ = 3.72e-01
#  k [Mpc⁻¹]    modes       P [Mpc³]       P [Mpc³]       P [Mpc³]
2.4543693e-02         3  1.2763261e+04  1.2763261e+04  1.2908611e+04
4.6570361e-02        25  6.7048020e+03  6.7804072e+03  6.8175177e+03
8.3521561e-02       124  2.9340272e+03  2.8415741e+03  2.8694916e+03
1.3383638e-01       418  1.3716360e+03  1.3456148e+03  1.2622746e+03
1.8592088e-01       730  7.4700846e+02  7.6481578e+02  7.1952615e+02
2.3260504e-01      1012  5.2343657e+02  5.2004233e+02  4.2887697e+02
2.7635505e-01      1408  3.9629771e+02  3.9676207e+02  3.1124272e+02
3.1919121e-01      1841  3.0814646e+02  3.0629579e+02  2.2164072e+02
3.6464415e-01      2698  2.4287640e+02  2.4124000e+02  1.6844537e+02
4.1290034e-01      3532  1.9951637e+02  2.0116977e+02  1.3057696e+02
4.6319578e-01      4702  1.6401804e+02  1.6089654e+02  9.6151284e+01
5.1570195e-01      6019  1.3908764e+02  1.4064517e+02  8.0081159e+01
5.7047444e-01      7766  1.1790205e+02  1.1777982e+02  6.1591051e+01
6.2844883e-01     10012  1.0454484e+02  1.0289241e+02  4.8452111e+01
6.8955465e-01     12589  9.1628576e+01  9.1899036e+01  4.0360377e+01
7.5323141e-01     15650  8.1396162e+01  8.2090085e+01  3.2891446e+01
8.2032763e-01     19757  7.0876731e+01  7.0653094e+01  2.6396252e+01
8.9088605e-01     24241  6.4632801e+01  6.3977431e+01  2.1549598e+01
9.6481958e-01     29993  5.7375109e+01  5.6907679e+01  1.7908249e+01
1.0423453e+00     36494  5.2299917e+01  5.2012490e+01  1.4927521e+01
1.1237267e+00     44825  4.7554027e+01  4.7350344e+01  1.2474192e+01
1.2089588e+00     53906  4.3846354e+01  4.3725186e+01  1.0457023e+01
1.2983336e+00     65729  4.0061756e+01  3.9948460e+01  8.7869693e+00
1.3921058e+00     78746  3.6910632e+01  3.6794050e+01  7.4003452e+00
1.4900211e+00     94374  3.3840341e+01  3.3735300e+01  6.2595012e+00
1.5921784e+00    112166  3.1558645e+01  3.1532210e+01  5.3242659e+00
1.6991083e+00    134373  2.8958140e+01  2.8961787e+01  4.5383175e+00
1.8110248e+00    159077  2.6804580e+01  2.6768678e+01  3.8681962e+00
1.9277595e+00    188172  2.4818308e+01  2.4787608e+01  3.3102291e+00
2.0497441e+00    222492  2.2923902e+01  2.2914136e+01  2.8412415e+00
2.1771282e+00    261771  2.1289881e+01  2.1271439e+01  2.4412297e+00
2.3098450e+00    306759  1.9749057e+01  1.9733784e+01  2.1036255e+00
2.4484375e+00    360898  1.8253895e+01  1.8238432e+01  1.8158320e+00
2.5937215e+00    425046  1.6942820e+01  1.6928674e+01  1.5694448e+00
2.7470320e+00    505555  1.5678183e+01  1.5664290e+01  1.3566246e+00
2.9094444e+00    600292  1.4442019e+01  1.4429033e+01  1.1722220e+00
3.0813867e+00    712930  1.3304753e+01  1.3292957e+01  1.0126419e+00
3.2634403e+00    846715  1.2217134e+01  1.2206253e+01  8.7445124e-01
3.4562097e+00   1005596  1.1192082e+01  1.1182226e+01  7.5491254e-01
3.6603648e+00   1194719  1.0225550e+01  1.0216478e+01  6.5152795e-01
3.8766358e+00   1419743  9.3427642e+00  9.3343577e+00  5.6204482e-01
4.1057220e+00   1686576  8.5193529e+00  8.5116969e+00  4.8472721e-01
4.3483372e+00   2003484  7.7141170e+00  7.7071567e+00  4.1787787e-01
4.6052142e+00   2378778  6.9999800e+00  6.9936266e+00  3.6016970e-01
4.8773359e+00   2828400  6.3313907e+00  6.3256090e+00  3.1033263e-01
5.1655179e+00   3356890  5.7051261e+00  5.6999133e+00  2.6730536e-01
5.4707002e+00   3990317  5.1463260e+00  5.1416246e+00  2.3018547e-01
5.7939476e+00   4738457  4.6188118e+00  4.6145134e+00  1.9817235e-01
6.1362572e+00   5629661  4.1480746e+00  4.1442989e+00  1.7054508e-01
6.4988210e+00   6687903  3.7205905e+00  3.7171126e+00  1.4674045e-01
6.8828355e+00   7945758  3.3297521e+00  3.3266630e+00  1.2622032e-01
7.2895050e+00   9436555  2.9778847e+00  2.9751254e+00  1.0854260e-01
7.7201584e+00  11210320  2.6629954e+00  2.6604605e+00  9.3320821e-02
8.1762927e+00  13318613  2.3776826e+00  2.3754283e+00  8.0210722e-02
8.6593661e+00  15819192  2.1211580e+00  2.1191749e+00  6.8920321e-02
9.1709925e+00  18795348  1.8932948e+00  1.8914848e+00  5.9214213e-02
9.7128705e+00  22326034  1.6874831e+00  1.6858719e+00  5.0857401e-02
1.0286736e+01  26520842  1.5041278e+00  1.5026545e+00  4.3671565e-02
1.0894484e+01  31503438  1.3396191e+00  1.3383390e+00  3.7506076e-02
1.1538156e+01  37426927  1.1933864e+00  1.1922421e+00  3.2203241e-02
1.2220385e+01  44525830  1.0626298e+00  1.0616048e+00  2.7640520e-02
