# Power spectrum from CO𝘕CEPT job 4547590 at t = 7.2995702 Gyr, a = 0.58823529
#
# Components:
#   0: matter  (upstream grid size 1024)
#
#                           grid size 1024
# ╭────────────────────────────────────────────────────────────────╮
#                         component 0    (corrected)      (linear)
#                        σ₈ = 5.29e-01  σ₈ = 5.27e-01  σ₈ = 5.02e-01
#  k [Mpc⁻¹]    modes       P [Mpc³]       P [Mpc³]       P [Mpc³]
2.4543693e-02         3  2.3157479e+04  2.3157479e+04  2.3559481e+04
4.6570361e-02        25  1.2173392e+04  1.2310662e+04  1.2440727e+04
8.3521561e-02       124  5.4188109e+03  5.2480606e+03  5.2359907e+03
1.3383638e-01       418  2.5865742e+03  2.5375045e+03  2.3032418e+03
1.8592088e-01       730  1.4542569e+03  1.4889237e+03  1.3128938e+03
2.3260504e-01      1012  1.0532458e+03  1.0464160e+03  7.8255464e+02
2.7635505e-01      1408  8.2541195e+02  8.2637911e+02  5.6791142e+02
3.1919121e-01      1841  6.7497877e+02  6.7092498e+02  4.0441812e+02
3.6464415e-01      2698  5.3621463e+02  5.3260185e+02  3.0735472e+02
4.1290034e-01      3532  4.6706335e+02  4.7093392e+02  2.3825782e+02
4.6319578e-01      4702  3.9775300e+02  3.9018317e+02  1.7544281e+02
5.1570195e-01      6019  3.4494005e+02  3.4880275e+02  1.4612036e+02
5.7047444e-01      7766  2.9819205e+02  2.9788290e+02  1.1238230e+02
6.2844883e-01     10012  2.6459498e+02  2.6041280e+02  8.8408275e+01
6.8955465e-01     12589  2.4069043e+02  2.4140088e+02  7.3643660e+01
7.5323141e-01     15650  2.1842228e+02  2.2028438e+02  6.0015448e+01
8.2032763e-01     19757  1.9322666e+02  1.9261697e+02  4.8163972e+01
8.9088605e-01     24241  1.7863570e+02  1.7682435e+02  3.9320511e+01
9.6481958e-01     29993  1.6303093e+02  1.6170273e+02  3.2676312e+01
1.0423453e+00     36494  1.4905969e+02  1.4824050e+02  2.7237519e+01
1.1237267e+00     44825  1.3788567e+02  1.3729508e+02  2.2761046e+01
1.2089588e+00     53906  1.2792603e+02  1.2757251e+02  1.9080414e+01
1.2983336e+00     65729  1.1857460e+02  1.1823926e+02  1.6033147e+01
1.3921058e+00     78746  1.0940194e+02  1.0905639e+02  1.3503040e+01
1.4900211e+00     94374  1.0083994e+02  1.0052693e+02  1.1421397e+01
1.5921784e+00    112166  9.3010825e+01  9.2932916e+01  9.7149180e+00
1.6991083e+00    134373  8.5673893e+01  8.5684683e+01  8.2808358e+00
1.8110248e+00    159077  7.8911083e+01  7.8805388e+01  7.0580980e+00
1.9277595e+00    188172  7.2518830e+01  7.2429124e+01  6.0400025e+00
2.0497441e+00    222492  6.6472991e+01  6.6444671e+01  5.1842637e+00
2.1771282e+00    261771  6.0941016e+01  6.0888225e+01  4.4543816e+00
2.3098450e+00    306759  5.5790595e+01  5.5747449e+01  3.8383718e+00
2.4484375e+00    360898  5.0855584e+01  5.0812506e+01  3.3132491e+00
2.5937215e+00    425046  4.6444643e+01  4.6405867e+01  2.8636785e+00
2.7470320e+00    505555  4.2272016e+01  4.2234558e+01  2.4753561e+00
2.9094444e+00    600292  3.8574302e+01  3.8539618e+01  2.1388858e+00
3.0813867e+00    712930  3.4949821e+01  3.4918833e+01  1.8477080e+00
3.2634403e+00    846715  3.1738636e+01  3.1710368e+01  1.5955585e+00
3.4562097e+00   1005596  2.8698304e+01  2.8673031e+01  1.3774423e+00
3.6603648e+00   1194719  2.5803205e+01  2.5780312e+01  1.1888017e+00
3.8766358e+00   1419743  2.3148383e+01  2.3127555e+01  1.0255264e+00
4.1057220e+00   1686576  2.0801508e+01  2.0782815e+01  8.8444902e-01
4.3483372e+00   2003484  1.8685540e+01  1.8668680e+01  7.6247255e-01
4.6052142e+00   2378778  1.6768634e+01  1.6753415e+01  6.5717553e-01
4.8773359e+00   2828400  1.4982027e+01  1.4968346e+01  5.6624052e-01
5.1655179e+00   3356890  1.3405478e+01  1.3393229e+01  4.8773101e-01
5.4707002e+00   3990317  1.1963511e+01  1.1952582e+01  4.2000039e-01
5.7939476e+00   4738457  1.0659743e+01  1.0649823e+01  3.6158787e-01
6.1362572e+00   5629661  9.4918580e+00  9.4832183e+00  3.1117798e-01
6.4988210e+00   6687903  8.4430709e+00  8.4351788e+00  2.6774308e-01
6.8828355e+00   7945758  7.5253247e+00  7.5183431e+00  2.3030122e-01
7.2895050e+00   9436555  6.6877346e+00  6.6815376e+00  1.9804579e-01
7.7201584e+00  11210320  5.9356104e+00  5.9299605e+00  1.7027157e-01
8.1762927e+00  13318613  5.2697301e+00  5.2647337e+00  1.4635043e-01
8.6593661e+00  15819192  4.6807847e+00  4.6764085e+00  1.2574961e-01
9.1709925e+00  18795348  4.1513361e+00  4.1473674e+00  1.0803956e-01
9.7128705e+00  22326034  3.6793331e+00  3.6758201e+00  9.2791495e-02
1.0286736e+01  26520842  3.2578650e+00  3.2546739e+00  7.9680050e-02
1.0894484e+01  31503438  2.8828702e+00  2.8801153e+00  6.8430373e-02
1.1538156e+01  37426927  2.5496894e+00  2.5472445e+00  5.8754735e-02
1.2220385e+01  44525830  2.2502603e+00  2.2480898e+00  5.0429546e-02
