# Power spectrum from CO𝘕CEPT job 4547590 at t = 6.761115 Gyr, a = 0.55555556
#
# Components:
#   0: matter  (upstream grid size 1024)
#
#                           grid size 1024
# ╭────────────────────────────────────────────────────────────────╮
#                         component 0    (corrected)      (linear)
#                        σ₈ = 5.03e-01  σ₈ = 5.01e-01  σ₈ = 4.79e-01
#  k [Mpc⁻¹]    modes       P [Mpc³]       P [Mpc³]       P [Mpc³]
2.4543693e-02         3  2.1097222e+04  2.1097222e+04  2.1439662e+04
4.6570361e-02        25  1.1089770e+04  1.1214821e+04  1.1321638e+04
8.3521561e-02       124  4.9172634e+03  4.7623173e+03  4.7650431e+03
1.3383638e-01       418  2.3390797e+03  2.2947052e+03  2.0960853e+03
1.8592088e-01       730  1.3073343e+03  1.3384988e+03  1.1948118e+03
2.3260504e-01      1012  9.4183875e+02  9.3573137e+02  7.1217177e+02
2.7635505e-01      1408  7.3309970e+02  7.3395869e+02  5.1683365e+02
3.1919121e-01      1841  5.9427205e+02  5.9070296e+02  3.6804494e+02
3.6464415e-01      2698  4.7132327e+02  4.6814769e+02  2.7971141e+02
4.1290034e-01      3532  4.0740050e+02  4.1077664e+02  2.1682906e+02
4.6319578e-01      4702  3.4422128e+02  3.3767024e+02  1.5966360e+02
5.1570195e-01      6019  2.9643109e+02  2.9975058e+02  1.3297840e+02
5.7047444e-01      7766  2.5479031e+02  2.5452616e+02  1.0227472e+02
6.2844883e-01     10012  2.2716936e+02  2.2357873e+02  8.0456902e+01
6.8955465e-01     12589  2.0534608e+02  2.0595220e+02  6.7020207e+01
7.5323141e-01     15650  1.8553599e+02  1.8711773e+02  5.4617708e+01
8.2032763e-01     19757  1.6399171e+02  1.6347427e+02  4.3832144e+01
8.9088605e-01     24241  1.5183045e+02  1.5029091e+02  3.5784058e+01
9.6481958e-01     29993  1.3782138e+02  1.3669856e+02  2.9737433e+01
1.0423453e+00     36494  1.2684222e+02  1.2614513e+02  2.4787801e+01
1.1237267e+00     44825  1.1678854e+02  1.1628832e+02  2.0713939e+01
1.2089588e+00     53906  1.0823349e+02  1.0793439e+02  1.7364339e+01
1.2983336e+00     65729  1.0026595e+02  9.9982395e+01  1.4591141e+01
1.3921058e+00     78746  9.2108298e+01  9.1817375e+01  1.2288590e+01
1.4900211e+00     94374  8.4899779e+01  8.4636248e+01  1.0394168e+01
1.5921784e+00    112166  7.8032278e+01  7.7966916e+01  8.8411683e+00
1.6991083e+00    134373  7.1998962e+01  7.2008029e+01  7.5360663e+00
1.8110248e+00    159077  6.6518491e+01  6.6429394e+01  6.4233004e+00
1.9277595e+00    188172  6.1253436e+01  6.1177666e+01  5.4967716e+00
2.0497441e+00    222492  5.6248593e+01  5.6224629e+01  4.7179971e+00
2.1771282e+00    261771  5.1862258e+01  5.1817331e+01  4.0537600e+00
2.3098450e+00    306759  4.7474309e+01  4.7437595e+01  3.4931535e+00
2.4484375e+00    360898  4.3533887e+01  4.3497011e+01  3.0152599e+00
2.5937215e+00    425046  3.9987837e+01  3.9954452e+01  2.6061232e+00
2.7470320e+00    505555  3.6522005e+01  3.6489642e+01  2.2527262e+00
2.9094444e+00    600292  3.3384627e+01  3.3354608e+01  1.9465177e+00
3.0813867e+00    712930  3.0297073e+01  3.0270211e+01  1.6815282e+00
3.2634403e+00    846715  2.7469434e+01  2.7444968e+01  1.4520567e+00
3.4562097e+00   1005596  2.4847897e+01  2.4826015e+01  1.2535577e+00
3.6603648e+00   1194719  2.2438363e+01  2.2418455e+01  1.0818832e+00
3.8766358e+00   1419743  2.0240215e+01  2.0222003e+01  9.3329275e-01
4.1057220e+00   1686576  1.8232462e+01  1.8216078e+01  8.0490367e-01
4.3483372e+00   2003484  1.6385519e+01  1.6370735e+01  6.9389762e-01
4.6052142e+00   2378778  1.4733122e+01  1.4719750e+01  5.9807088e-01
4.8773359e+00   2828400  1.3146915e+01  1.3134909e+01  5.1531445e-01
5.1655179e+00   3356890  1.1750299e+01  1.1739563e+01  4.4386598e-01
5.4707002e+00   3990317  1.0507783e+01  1.0498184e+01  3.8222697e-01
5.7939476e+00   4738457  9.3817808e+00  9.3730498e+00  3.2906798e-01
6.1362572e+00   5629661  8.3658422e+00  8.3582274e+00  2.8319188e-01
6.4988210e+00   6687903  7.4477229e+00  7.4407611e+00  2.4366344e-01
6.8828355e+00   7945758  6.6329786e+00  6.6268249e+00  2.0958904e-01
7.2895050e+00   9436555  5.8997452e+00  5.8942783e+00  1.8023460e-01
7.7201584e+00  11210320  5.2448335e+00  5.2398411e+00  1.5495834e-01
8.1762927e+00  13318613  4.6530752e+00  4.6486635e+00  1.3318862e-01
8.6593661e+00  15819192  4.1290669e+00  4.1252065e+00  1.1444059e-01
9.1709925e+00  18795348  3.6625678e+00  3.6590664e+00  9.8323334e-02
9.7128705e+00  22326034  3.2447844e+00  3.2416863e+00  8.4446642e-02
1.0286736e+01  26520842  2.8747881e+00  2.8719723e+00  7.2514402e-02
1.0894484e+01  31503438  2.5478247e+00  2.5453900e+00  6.2276485e-02
1.1538156e+01  37426927  2.2520508e+00  2.2498913e+00  5.3471041e-02
1.2220385e+01  44525830  1.9924836e+00  1.9905616e+00  4.5894588e-02
