# Power spectrum from CO𝘕CEPT job 4547590 at t = 8.593086 Gyr, a = 0.66666667
#
# Components:
#   0: matter  (upstream grid size 1024)
#
#                           grid size 1024
# ╭────────────────────────────────────────────────────────────────╮
#                         component 0    (corrected)      (linear)
#                        σ₈ = 5.90e-01  σ₈ = 5.87e-01  σ₈ = 5.54e-01
#  k [Mpc⁻¹]    modes       P [Mpc³]       P [Mpc³]       P [Mpc³]
2.4543693e-02         3  2.8115700e+04  2.8115700e+04  2.8677946e+04
4.6570361e-02        25  1.4779922e+04  1.4946584e+04  1.5142705e+04
8.3521561e-02       124  6.6460152e+03  6.4365950e+03  6.3730408e+03
1.3383638e-01       418  3.1964966e+03  3.1358561e+03  2.8033937e+03
1.8592088e-01       730  1.8212732e+03  1.8646890e+03  1.5979865e+03
2.3260504e-01      1012  1.3334798e+03  1.3248328e+03  9.5248411e+02
2.7635505e-01      1408  1.0612952e+03  1.0625388e+03  6.9123137e+02
3.1919121e-01      1841  8.8510548e+02  8.7978970e+02  4.9223593e+02
3.6464415e-01      2698  7.0619704e+02  7.0143899e+02  3.7409550e+02
4.1290034e-01      3532  6.2220346e+02  6.2735968e+02  2.8999446e+02
4.6319578e-01      4702  5.3831274e+02  5.2806784e+02  2.1353942e+02
5.1570195e-01      6019  4.7546030e+02  4.8078459e+02  1.7784971e+02
5.7047444e-01      7766  4.1873819e+02  4.1830408e+02  1.3678558e+02
6.2844883e-01     10012  3.7002642e+02  3.6417778e+02  1.0760570e+02
6.8955465e-01     12589  3.3707684e+02  3.3807179e+02  8.9635018e+01
7.5323141e-01     15650  3.1086141e+02  3.1351158e+02  7.3047504e+01
8.2032763e-01     19757  2.7863072e+02  2.7775156e+02  5.8622536e+01
8.9088605e-01     24241  2.5365782e+02  2.5108576e+02  4.7858760e+01
9.6481958e-01     29993  2.3449096e+02  2.3258058e+02  3.9771805e+01
1.0423453e+00     36494  2.1224404e+02  2.1107760e+02  3.3152005e+01
1.1237267e+00     44825  1.9533550e+02  1.9449884e+02  2.7703488e+01
1.2089588e+00     53906  1.8232248e+02  1.8181864e+02  2.3223624e+01
1.2983336e+00     65729  1.6668875e+02  1.6621735e+02  1.9514658e+01
1.3921058e+00     78746  1.5300410e+02  1.5252084e+02  1.6435152e+01
1.4900211e+00     94374  1.3991195e+02  1.3947766e+02  1.3901490e+01
1.5921784e+00    112166  1.2846666e+02  1.2835905e+02  1.1824458e+01
1.6991083e+00    134373  1.1806989e+02  1.1808476e+02  1.0078972e+01
1.8110248e+00    159077  1.0815554e+02  1.0801067e+02  8.5907233e+00
1.9277595e+00    188172  9.8567287e+01  9.8445359e+01  7.3515537e+00
2.0497441e+00    222492  8.9785338e+01  8.9747087e+01  6.3099955e+00
2.1771282e+00    261771  8.2196685e+01  8.2125480e+01  5.4216234e+00
2.3098450e+00    306759  7.5310487e+01  7.5252245e+01  4.6718503e+00
2.4484375e+00    360898  6.8487814e+01  6.8429800e+01  4.0327000e+00
2.5937215e+00    425046  6.2405326e+01  6.2353224e+01  3.4855075e+00
2.7470320e+00    505555  5.6335543e+01  5.6285623e+01  3.0128630e+00
2.9094444e+00    600292  5.1051618e+01  5.1005715e+01  2.6033300e+00
3.0813867e+00    712930  4.6258431e+01  4.6217416e+01  2.2489246e+00
3.2634403e+00    846715  4.1709759e+01  4.1672610e+01  1.9420221e+00
3.4562097e+00   1005596  3.7641211e+01  3.7608063e+01  1.6765432e+00
3.6603648e+00   1194719  3.3782962e+01  3.3752989e+01  1.4469404e+00
3.8766358e+00   1419743  3.0418649e+01  3.0391278e+01  1.2482109e+00
4.1057220e+00   1686576  2.7302210e+01  2.7277674e+01  1.0764993e+00
4.3483372e+00   2003484  2.4497660e+01  2.4475556e+01  9.2803639e-01
4.6052142e+00   2378778  2.1980914e+01  2.1960963e+01  7.9987475e-01
4.8773359e+00   2828400  1.9646899e+01  1.9628957e+01  6.8919377e-01
5.1655179e+00   3356890  1.7535670e+01  1.7519648e+01  5.9363642e-01
5.4707002e+00   3990317  1.5698308e+01  1.5683967e+01  5.1119854e-01
5.7939476e+00   4738457  1.4012482e+01  1.3999442e+01  4.4010213e-01
6.1362572e+00   5629661  1.2485825e+01  1.2474460e+01  3.7874609e-01
6.4988210e+00   6687903  1.1106376e+01  1.1095994e+01  3.2587960e-01
6.8828355e+00   7945758  9.8753700e+00  9.8662082e+00  2.8030753e-01
7.2895050e+00   9436555  8.7811928e+00  8.7730560e+00  2.4104808e-01
7.7201584e+00  11210320  7.7924857e+00  7.7850683e+00  2.0724292e-01
8.1762927e+00  13318613  6.9267088e+00  6.9201414e+00  1.7812750e-01
8.6593661e+00  15819192  6.1444656e+00  6.1387210e+00  1.5305339e-01
9.1709925e+00  18795348  5.4500238e+00  5.4448136e+00  1.3149777e-01
9.7128705e+00  22326034  4.8234817e+00  4.8188763e+00  1.1293874e-01
1.0286736e+01  26520842  4.2625563e+00  4.2583811e+00  9.6980286e-02
1.0894484e+01  31503438  3.7696659e+00  3.7660636e+00  8.3287867e-02
1.1538156e+01  37426927  3.3277633e+00  3.3245723e+00  7.1511280e-02
1.2220385e+01  44525830  2.9373558e+00  2.9345225e+00  6.1378385e-02
