# Power spectrum from CO𝘕CEPT job 4547590 at t = 10.261261 Gyr, a = 0.76923077
#
# Components:
#   0: matter  (upstream grid size 1024)
#
#                           grid size 1024
# ╭────────────────────────────────────────────────────────────────╮
#                         component 0    (corrected)      (linear)
#                        σ₈ = 6.61e-01  σ₈ = 6.59e-01  σ₈ = 6.14e-01
#  k [Mpc⁻¹]    modes       P [Mpc³]       P [Mpc³]       P [Mpc³]
2.4543693e-02         3  3.4424606e+04  3.4424606e+04  3.5224828e+04
4.6570361e-02        25  1.8092743e+04  1.8296762e+04  1.8598458e+04
8.3521561e-02       124  8.2503425e+03  7.9903689e+03  7.8272450e+03
1.3383638e-01       418  4.0037988e+03  3.9278430e+03  3.4430438e+03
1.8592088e-01       730  2.3161737e+03  2.3713870e+03  1.9625932e+03
2.3260504e-01      1012  1.7141130e+03  1.7029978e+03  1.1698076e+03
2.7635505e-01      1408  1.3859301e+03  1.3875540e+03  8.4894560e+02
3.1919121e-01      1841  1.1828963e+03  1.1757920e+03  6.0454630e+02
3.6464415e-01      2698  9.5009273e+02  9.4369141e+02  4.5945040e+02
4.1290034e-01      3532  8.4228639e+02  8.4926644e+02  3.5616051e+02
4.6319578e-01      4702  7.3409528e+02  7.2012436e+02  2.6226120e+02
5.1570195e-01      6019  6.6101958e+02  6.6842180e+02  2.1842840e+02
5.7047444e-01      7766  5.9502961e+02  5.9441273e+02  1.6799495e+02
6.2844883e-01     10012  5.2950156e+02  5.2113226e+02  1.3215730e+02
6.8955465e-01     12589  4.8102221e+02  4.8244204e+02  1.1008637e+02
7.5323141e-01     15650  4.4448298e+02  4.4827231e+02  8.9714203e+01
8.2032763e-01     19757  4.0985328e+02  4.0856007e+02  7.1997995e+01
8.9088605e-01     24241  3.7410533e+02  3.7031194e+02  5.8778327e+01
9.6481958e-01     29993  3.3942684e+02  3.3666156e+02  4.8846232e+01
1.0423453e+00     36494  3.1378184e+02  3.1205737e+02  4.0716040e+01
1.1237267e+00     44825  2.8457637e+02  2.8335747e+02  3.4024377e+01
1.2089588e+00     53906  2.6250174e+02  2.6177633e+02  2.8522376e+01
1.2983336e+00     65729  2.4279645e+02  2.4210982e+02  2.3967163e+01
1.3921058e+00     78746  2.2201980e+02  2.2131856e+02  2.0185029e+01
1.4900211e+00     94374  2.0209184e+02  2.0146455e+02  1.7073281e+01
1.5921784e+00    112166  1.8410761e+02  1.8395339e+02  1.4522349e+01
1.6991083e+00    134373  1.6759282e+02  1.6761392e+02  1.2378609e+01
1.8110248e+00    159077  1.5345853e+02  1.5325298e+02  1.0550797e+01
1.9277595e+00    188172  1.3975642e+02  1.3958354e+02  9.0288958e+00
2.0497441e+00    222492  1.2722074e+02  1.2716654e+02  7.7496934e+00
2.1771282e+00    261771  1.1509366e+02  1.1499396e+02  6.6586283e+00
2.3098450e+00    306759  1.0499060e+02  1.0490940e+02  5.7377853e+00
2.4484375e+00    360898  9.5035760e+01  9.4955258e+01  4.9528052e+00
2.5937215e+00    425046  8.6059817e+01  8.5987967e+01  4.2807640e+00
2.7470320e+00    505555  7.7940276e+01  7.7871212e+01  3.7002800e+00
2.9094444e+00    600292  7.0552913e+01  7.0489475e+01  3.1973071e+00
3.0813867e+00    712930  6.3512112e+01  6.3455800e+01  2.7620399e+00
3.2634403e+00    846715  5.7300993e+01  5.7249958e+01  2.3851140e+00
3.4562097e+00   1005596  5.1601198e+01  5.1555756e+01  2.0590629e+00
3.6603648e+00   1194719  4.6480263e+01  4.6439026e+01  1.7770735e+00
3.8766358e+00   1419743  4.1689801e+01  4.1652289e+01  1.5330015e+00
4.1057220e+00   1686576  3.7367939e+01  3.7334358e+01  1.3221120e+00
4.3483372e+00   2003484  3.3405683e+01  3.3375541e+01  1.1397755e+00
4.6052142e+00   2378778  2.9889786e+01  2.9862657e+01  9.8237235e-01
4.8773359e+00   2828400  2.6845177e+01  2.6820662e+01  8.4643825e-01
5.1655179e+00   3356890  2.3973362e+01  2.3951457e+01  7.2907844e-01
5.4707002e+00   3990317  2.1401528e+01  2.1381977e+01  6.2783146e-01
5.7939476e+00   4738457  1.9076297e+01  1.9058544e+01  5.4051364e-01
6.1362572e+00   5629661  1.7018429e+01  1.7002939e+01  4.6515857e-01
6.4988210e+00   6687903  1.5170429e+01  1.5156249e+01  4.0023005e-01
6.8828355e+00   7945758  1.3498917e+01  1.3486394e+01  3.4426025e-01
7.2895050e+00   9436555  1.2004924e+01  1.1993800e+01  2.9604337e-01
7.7201584e+00  11210320  1.0655670e+01  1.0645527e+01  2.5452524e-01
8.1762927e+00  13318613  9.4442509e+00  9.4352965e+00  2.1876689e-01
8.6593661e+00  15819192  8.3660044e+00  8.3581828e+00  1.8797190e-01
9.1709925e+00  18795348  7.4031037e+00  7.3960264e+00  1.6149819e-01
9.7128705e+00  22326034  6.5439598e+00  6.5377118e+00  1.3870478e-01
1.0286736e+01  26520842  5.7815119e+00  5.7758489e+00  1.1910529e-01
1.0894484e+01  31503438  5.1024766e+00  5.0976006e+00  1.0228886e-01
1.1538156e+01  37426927  4.4993102e+00  4.4949958e+00  8.7825378e-02
1.2220385e+01  44525830  3.9652332e+00  3.9614084e+00  7.5380617e-02
