# Power spectrum from CO𝘕CEPT job 4547590 at t = 2.9818075 Gyr, a = 0.3125
#
# Components:
#   0: matter  (upstream grid size 1024)
#
#                           grid size 1024
# ╭────────────────────────────────────────────────────────────────╮
#                         component 0    (corrected)      (linear)
#                        σ₈ = 2.89e-01  σ₈ = 2.88e-01  σ₈ = 2.84e-01
#  k [Mpc⁻¹]    modes       P [Mpc³]       P [Mpc³]       P [Mpc³]
2.4543693e-02         3  7.4433809e+03  7.4433809e+03  7.5022068e+03
4.6570361e-02        25  3.9066594e+03  3.9507120e+03  3.9626502e+03
8.3521561e-02       124  1.7005511e+03  1.6469656e+03  1.6679479e+03
1.3383638e-01       418  7.8180933e+02  7.6697767e+02  7.3373114e+02
1.8592088e-01       730  4.1902643e+02  4.2901525e+02  4.1824571e+02
2.3260504e-01      1012  2.8569911e+02  2.8384648e+02  2.4929775e+02
2.7635505e-01      1408  2.1261250e+02  2.1286162e+02  1.8091943e+02
3.1919121e-01      1841  1.5925336e+02  1.5829691e+02  1.2883557e+02
3.6464415e-01      2698  1.2475059e+02  1.2391007e+02  9.7914156e+01
4.1290034e-01      3532  9.8611500e+01  9.9428696e+01  7.5901975e+01
4.6319578e-01      4702  7.9145086e+01  7.7638837e+01  5.5890978e+01
5.1570195e-01      6019  6.6789593e+01  6.7537516e+01  4.6549718e+01
5.7047444e-01      7766  5.5286244e+01  5.5228927e+01  3.5801760e+01
6.2844883e-01     10012  4.7946030e+01  4.7188195e+01  2.8164336e+01
6.8955465e-01     12589  4.0693240e+01  4.0813354e+01  2.3460760e+01
7.5323141e-01     15650  3.5180130e+01  3.5480049e+01  1.9119208e+01
8.2032763e-01     19757  3.0268569e+01  3.0173063e+01  1.5343669e+01
8.9088605e-01     24241  2.6828326e+01  2.6556289e+01  1.2526398e+01
9.6481958e-01     29993  2.3554010e+01  2.3362117e+01  1.0409747e+01
1.0423453e+00     36494  2.0812138e+01  2.0697760e+01  8.6771042e+00
1.1237267e+00     44825  1.8735904e+01  1.8655655e+01  7.2510286e+00
1.2089588e+00     53906  1.6806709e+01  1.6760264e+01  6.0784844e+00
1.2983336e+00     65729  1.5140367e+01  1.5097550e+01  5.1077123e+00
1.3921058e+00     78746  1.3710873e+01  1.3667568e+01  4.3016926e+00
1.4900211e+00     94374  1.2389235e+01  1.2350779e+01  3.6385405e+00
1.5921784e+00    112166  1.1315766e+01  1.1306287e+01  3.0949049e+00
1.6991083e+00    134373  1.0323772e+01  1.0325072e+01  2.6380471e+00
1.8110248e+00    159077  9.4848157e+00  9.4721115e+00  2.2485176e+00
1.9277595e+00    188172  8.7134686e+00  8.7026901e+00  1.9241812e+00
2.0497441e+00    222492  8.0789685e+00  8.0755265e+00  1.6515671e+00
2.1771282e+00    261771  7.4519972e+00  7.4455418e+00  1.4190473e+00
2.3098450e+00    306759  6.8866164e+00  6.8812906e+00  1.2228039e+00
2.4484375e+00    360898  6.3838576e+00  6.3784500e+00  1.0555146e+00
2.5937215e+00    425046  5.9371586e+00  5.9322017e+00  9.1229400e-01
2.7470320e+00    505555  5.5143569e+00  5.5094705e+00  7.8858535e-01
2.9094444e+00    600292  5.1261115e+00  5.1215023e+00  6.8139529e-01
3.0813867e+00    712930  4.7470621e+00  4.7428532e+00  5.8863416e-01
3.2634403e+00    846715  4.4020139e+00  4.3980932e+00  5.0830630e-01
3.4562097e+00   1005596  4.0760139e+00  4.0724244e+00  4.3882050e-01
3.6603648e+00   1194719  3.7692661e+00  3.7659219e+00  3.7872479e-01
3.8766358e+00   1419743  3.4826118e+00  3.4794782e+00  3.2670974e-01
4.1057220e+00   1686576  3.2063665e+00  3.2034850e+00  2.8176630e-01
4.3483372e+00   2003484  2.9540607e+00  2.9513952e+00  2.4290788e-01
4.6052142e+00   2378778  2.7202333e+00  2.7177643e+00  2.0936306e-01
4.8773359e+00   2828400  2.4971263e+00  2.4948460e+00  1.8039358e-01
5.1655179e+00   3356890  2.2921009e+00  2.2900066e+00  1.5538250e-01
5.4707002e+00   3990317  2.0922763e+00  2.0903649e+00  1.3380528e-01
5.7939476e+00   4738457  1.9156970e+00  1.9139142e+00  1.1519654e-01
6.1362572e+00   5629661  1.7501514e+00  1.7485584e+00  9.9137222e-02
6.4988210e+00   6687903  1.5988582e+00  1.5973637e+00  8.5299935e-02
6.8828355e+00   7945758  1.4578495e+00  1.4564969e+00  7.3371868e-02
7.2895050e+00   9436555  1.3275209e+00  1.3262908e+00  6.3096049e-02
7.7201584e+00  11210320  1.2095558e+00  1.2084045e+00  5.4247824e-02
8.1762927e+00  13318613  1.1015111e+00  1.1004668e+00  4.6627083e-02
8.6593661e+00  15819192  1.0020749e+00  1.0011380e+00  4.0064102e-02
9.1709925e+00  18795348  9.0976643e-01  9.0889669e-01  3.4422044e-02
9.7128705e+00  22326034  8.2556384e-01  8.2477561e-01  2.9564310e-02
1.0286736e+01  26520842  7.4806318e-01  7.4733046e-01  2.5387246e-02
1.0894484e+01  31503438  6.7825288e-01  6.7760474e-01  2.1803295e-02
1.1538156e+01  37426927  6.1478750e-01  6.1419798e-01  1.8720790e-02
1.2220385e+01  44525830  5.5740714e-01  5.5686947e-01  1.6068501e-02
