# Power spectrum from CO𝘕CEPT job 4547590 at t = 12.444573 Gyr, a = 0.90909091
#
# Components:
#   0: matter  (upstream grid size 1024)
#
#                           grid size 1024
# ╭────────────────────────────────────────────────────────────────╮
#                         component 0    (corrected)      (linear)
#                        σ₈ = 7.45e-01  σ₈ = 7.42e-01  σ₈ = 6.82e-01
#  k [Mpc⁻¹]    modes       P [Mpc³]       P [Mpc³]       P [Mpc³]
2.4543693e-02         3  4.2329508e+04  4.2329508e+04  4.3481204e+04
4.6570361e-02        25  2.2236030e+04  2.2486770e+04  2.2956190e+04
8.3521561e-02       124  1.0331448e+04  1.0005898e+04  9.6609359e+03
1.3383638e-01       418  5.0691417e+03  4.9729753e+03  4.2496043e+03
1.8592088e-01       730  2.9847842e+03  3.0559360e+03  2.4223382e+03
2.3260504e-01      1012  2.2295971e+03  2.2151392e+03  1.4438376e+03
2.7635505e-01      1408  1.8246829e+03  1.8268209e+03  1.0478122e+03
3.1919121e-01      1841  1.5973062e+03  1.5877131e+03  7.4616175e+02
3.6464415e-01      2698  1.2985765e+03  1.2898272e+03  5.6707684e+02
4.1290034e-01      3532  1.1585080e+03  1.1681086e+03  4.3959115e+02
4.6319578e-01      4702  1.0012295e+03  9.8217465e+02  3.2369587e+02
5.1570195e-01      6019  9.0758026e+02  9.1774351e+02  2.6959520e+02
5.7047444e-01      7766  8.3437502e+02  8.3351000e+02  2.0734770e+02
6.2844883e-01     10012  7.4447038e+02  7.3270329e+02  1.6311509e+02
6.8955465e-01     12589  6.7651182e+02  6.7850868e+02  1.3587404e+02
7.5323141e-01     15650  6.2320819e+02  6.2852119e+02  1.1072970e+02
8.2032763e-01     19757  5.7593129e+02  5.7411405e+02  8.8863475e+01
8.9088605e-01     24241  5.3618705e+02  5.3075017e+02  7.2547105e+01
9.6481958e-01     29993  4.8221436e+02  4.7828580e+02  6.0288421e+01
1.0423453e+00     36494  4.4513142e+02  4.4268509e+02  5.0253737e+01
1.1237267e+00     44825  4.0492558e+02  4.0319121e+02  4.1994555e+01
1.2089588e+00     53906  3.7292888e+02  3.7189831e+02  3.5203714e+01
1.2983336e+00     65729  3.4170932e+02  3.4074295e+02  2.9581446e+01
1.3921058e+00     78746  3.1152953e+02  3.1054557e+02  2.4913349e+01
1.4900211e+00     94374  2.8683880e+02  2.8594845e+02  2.1072677e+01
1.5921784e+00    112166  2.6090419e+02  2.6068564e+02  1.7924190e+01
1.6991083e+00    134373  2.3813132e+02  2.3816131e+02  1.5278281e+01
1.8110248e+00    159077  2.1458357e+02  2.1429615e+02  1.3022306e+01
1.9277595e+00    188172  1.9653207e+02  1.9628896e+02  1.1143901e+01
2.0497441e+00    222492  1.7852805e+02  1.7845199e+02  9.5650463e+00
2.1771282e+00    261771  1.6093887e+02  1.6079945e+02  8.2184002e+00
2.3098450e+00    306759  1.4601045e+02  1.4589753e+02  7.0818506e+00
2.4484375e+00    360898  1.3180546e+02  1.3169381e+02  6.1129897e+00
2.5937215e+00    425046  1.1932737e+02  1.1922774e+02  5.2835236e+00
2.7470320e+00    505555  1.0764523e+02  1.0754985e+02  4.5670619e+00
2.9094444e+00    600292  9.7164925e+01  9.7077558e+01  3.9462681e+00
3.0813867e+00    712930  8.8129600e+01  8.8051461e+01  3.4090401e+00
3.2634403e+00    846715  7.9094468e+01  7.9024023e+01  2.9438198e+00
3.4562097e+00   1005596  7.0907305e+01  7.0844862e+01  2.5413917e+00
3.6603648e+00   1194719  6.3876312e+01  6.3819640e+01  2.1933466e+00
3.8766358e+00   1419743  5.7382614e+01  5.7330982e+01  1.8921011e+00
4.1057220e+00   1686576  5.1589319e+01  5.1542958e+01  1.6318110e+00
4.3483372e+00   2003484  4.6328697e+01  4.6286895e+01  1.4067625e+00
4.6052142e+00   2378778  4.1636949e+01  4.1599158e+01  1.2124880e+00
4.8773359e+00   2828400  3.7367330e+01  3.7333207e+01  1.0447116e+00
5.1655179e+00   3356890  3.3383427e+01  3.3352924e+01  8.9986044e-01
5.4707002e+00   3990317  2.9814012e+01  2.9786776e+01  7.7489658e-01
5.7939476e+00   4738457  2.6615939e+01  2.6591169e+01  6.6712476e-01
6.1362572e+00   5629661  2.3712121e+01  2.3690538e+01  5.7411796e-01
6.4988210e+00   6687903  2.1115482e+01  2.1095744e+01  4.9398012e-01
6.8828355e+00   7945758  1.8806310e+01  1.8788863e+01  4.2489956e-01
7.2895050e+00   9436555  1.6678333e+01  1.6662878e+01  3.6538803e-01
7.7201584e+00  11210320  1.4825388e+01  1.4811276e+01  3.1414444e-01
8.1762927e+00  13318613  1.3178335e+01  1.3165840e+01  2.7000983e-01
8.6593661e+00  15819192  1.1689913e+01  1.1678983e+01  2.3200125e-01
9.1709925e+00  18795348  1.0345269e+01  1.0335378e+01  1.9932620e-01
9.7128705e+00  22326034  9.1523613e+00  9.1436228e+00  1.7119356e-01
1.0286736e+01  26520842  8.1027028e+00  8.0947662e+00  1.4700300e-01
1.0894484e+01  31503438  7.1681831e+00  7.1613332e+00  1.2624743e-01
1.1538156e+01  37426927  6.3285019e+00  6.3224335e+00  1.0839598e-01
1.2220385e+01  44525830  5.5781137e+00  5.5727332e+00  9.3036139e-02
