# Power spectrum from CO𝘕CEPT job 4547590 at t = 7.9064805 Gyr, a = 0.625
#
# Components:
#   0: matter  (upstream grid size 1024)
#
#                           grid size 1024
# ╭────────────────────────────────────────────────────────────────╮
#                         component 0    (corrected)      (linear)
#                        σ₈ = 5.58e-01  σ₈ = 5.56e-01  σ₈ = 5.27e-01
#  k [Mpc⁻¹]    modes       P [Mpc³]       P [Mpc³]       P [Mpc³]
2.4543693e-02         3  2.5485411e+04  2.5485411e+04  2.5959699e+04
4.6570361e-02        25  1.3397441e+04  1.3548514e+04  1.3707799e+04
8.3521561e-02       124  5.9913739e+03  5.8025818e+03  5.7692063e+03
1.3383638e-01       418  2.8703502e+03  2.8158970e+03  2.5377869e+03
1.8592088e-01       730  1.6242195e+03  1.6629379e+03  1.4465875e+03
2.3260504e-01      1012  1.1826827e+03  1.1750136e+03  8.6224281e+02
2.7635505e-01      1408  9.3378339e+02  9.3487753e+02  6.2574214e+02
3.1919121e-01      1841  7.7082891e+02  7.6619945e+02  4.4560016e+02
3.6464415e-01      2698  6.1357828e+02  6.0944425e+02  3.3865272e+02
4.1290034e-01      3532  5.3788548e+02  5.4234295e+02  2.6251965e+02
4.6319578e-01      4702  4.6181423e+02  4.5302522e+02  1.9330817e+02
5.1570195e-01      6019  4.0393650e+02  4.0845986e+02  1.6099980e+02
5.7047444e-01      7766  3.5210325e+02  3.5173822e+02  1.2382619e+02
6.2844883e-01     10012  3.1124844e+02  3.0632885e+02  9.7410886e+01
6.8955465e-01     12589  2.8387368e+02  2.8471159e+02  8.1142788e+01
7.5323141e-01     15650  2.5956110e+02  2.6177393e+02  6.6126815e+01
8.2032763e-01     19757  2.3041233e+02  2.2968531e+02  5.3068503e+01
8.9088605e-01     24241  2.1176729e+02  2.0961999e+02  4.3324513e+01
9.6481958e-01     29993  1.9465401e+02  1.9306818e+02  3.6003735e+01
1.0423453e+00     36494  1.7638388e+02  1.7541452e+02  3.0011110e+01
1.1237267e+00     44825  1.6326360e+02  1.6256431e+02  2.5078799e+01
1.2089588e+00     53906  1.5158729e+02  1.5116839e+02  2.1023368e+01
1.2983336e+00     65729  1.3953822e+02  1.3914360e+02  1.7665798e+01
1.3921058e+00     78746  1.2858308e+02  1.2817695e+02  1.4878051e+01
1.4900211e+00     94374  1.1810414e+02  1.1773754e+02  1.2584434e+01
1.5921784e+00    112166  1.0918072e+02  1.0908927e+02  1.0704185e+01
1.6991083e+00    134373  1.0052174e+02  1.0053440e+02  9.1240700e+00
1.8110248e+00    159077  9.2470497e+01  9.2346640e+01  7.7768210e+00
1.9277595e+00    188172  8.4610738e+01  8.4506074e+01  6.6550530e+00
2.0497441e+00    222492  7.7732593e+01  7.7699476e+01  5.7121744e+00
2.1771282e+00    261771  7.1205624e+01  7.1143940e+01  4.9079686e+00
2.3098450e+00    306759  6.5147664e+01  6.5097281e+01  4.2292306e+00
2.4484375e+00    360898  5.9197801e+01  5.9147656e+01  3.6506349e+00
2.5937215e+00    425046  5.3903533e+01  5.3858529e+01  3.1552845e+00
2.7470320e+00    505555  4.8934775e+01  4.8891413e+01  2.7274194e+00
2.9094444e+00    600292  4.4502454e+01  4.4462440e+01  2.3566864e+00
3.0813867e+00    712930  4.0206982e+01  4.0171334e+01  2.0358581e+00
3.2634403e+00    846715  3.6288345e+01  3.6256025e+01  1.7580323e+00
3.4562097e+00   1005596  3.2789477e+01  3.2760601e+01  1.5177054e+00
3.6603648e+00   1194719  2.9555072e+01  2.9528850e+01  1.3098556e+00
3.8766358e+00   1419743  2.6521141e+01  2.6497277e+01  1.1299541e+00
4.1057220e+00   1686576  2.3779770e+01  2.3758401e+01  9.7451084e-01
4.3483372e+00   2003484  2.1312706e+01  2.1293476e+01  8.4011357e-01
4.6052142e+00   2378778  1.9123877e+01  1.9106519e+01  7.2409421e-01
4.8773359e+00   2828400  1.7115161e+01  1.7099531e+01  6.2389935e-01
5.1655179e+00   3356890  1.5298221e+01  1.5284243e+01  5.3739527e-01
5.4707002e+00   3990317  1.3660497e+01  1.3648018e+01  4.6276770e-01
5.7939476e+00   4738457  1.2173294e+01  1.2161965e+01  3.9840708e-01
6.1362572e+00   5629661  1.0865203e+01  1.0855313e+01  3.4286401e-01
6.4988210e+00   6687903  9.6615772e+00  9.6525461e+00  2.9500617e-01
6.8828355e+00   7945758  8.6021769e+00  8.5941964e+00  2.5375166e-01
7.2895050e+00   9436555  7.6517573e+00  7.6446670e+00  2.1821170e-01
7.7201584e+00  11210320  6.7980709e+00  6.7916000e+00  1.8760927e-01
8.1762927e+00  13318613  6.0245829e+00  6.0188708e+00  1.6125229e-01
8.6593661e+00  15819192  5.3409924e+00  5.3359990e+00  1.3855372e-01
9.1709925e+00  18795348  4.7331346e+00  4.7286097e+00  1.1904029e-01
9.7128705e+00  22326034  4.1905858e+00  4.1865847e+00  1.0223955e-01
1.0286736e+01  26520842  3.7072160e+00  3.7035848e+00  8.7793003e-02
1.0894484e+01  31503438  3.2818411e+00  3.2787049e+00  7.5397804e-02
1.1538156e+01  37426927  2.9031413e+00  2.9003575e+00  6.4736927e-02
1.2220385e+01  44525830  2.5637282e+00  2.5612553e+00  5.5564016e-02
