# Power spectrum from CO𝘕CEPT job 4547590 at t = 2.2263012 Gyr, a = 0.25641026
#
# Components:
#   0: matter  (upstream grid size 1024)
#
#                           grid size 1024
# ╭────────────────────────────────────────────────────────────────╮
#                         component 0    (corrected)      (linear)
#                        σ₈ = 2.38e-01  σ₈ = 2.37e-01  σ₈ = 2.34e-01
#  k [Mpc⁻¹]    modes       P [Mpc³]       P [Mpc³]       P [Mpc³]
2.4543693e-02         3  5.0795233e+03  5.0795233e+03  5.1108155e+03
4.6570361e-02        25  2.6643466e+03  2.6943905e+03  2.6997092e+03
8.3521561e-02       124  1.1585992e+03  1.1220910e+03  1.1363814e+03
1.3383638e-01       418  5.2720015e+02  5.1719867e+02  4.9989844e+02
1.8592088e-01       730  2.8106764e+02  2.8776778e+02  2.8495570e+02
2.3260504e-01      1012  1.8831093e+02  1.8708982e+02  1.6984963e+02
2.7635505e-01      1408  1.3898144e+02  1.3914429e+02  1.2326270e+02
3.1919121e-01      1841  1.0204246e+02  1.0142962e+02  8.7777332e+01
3.6464415e-01      2698  7.9539243e+01  7.9003342e+01  6.6710188e+01
4.1290034e-01      3532  6.1971539e+01  6.2485099e+01  5.1713011e+01
4.6319578e-01      4702  4.8844229e+01  4.7914651e+01  3.8079261e+01
5.1570195e-01      6019  4.1038084e+01  4.1497636e+01  3.1714940e+01
5.7047444e-01      7766  3.3504958e+01  3.3470222e+01  2.4392217e+01
6.2844883e-01     10012  2.8573625e+01  2.8121991e+01  1.9188739e+01
6.8955465e-01     12589  2.3736872e+01  2.3806936e+01  1.5984132e+01
7.5323141e-01     15650  2.0287645e+01  2.0460602e+01  1.3026174e+01
8.2032763e-01     19757  1.7331411e+01  1.7276725e+01  1.0453850e+01
8.9088605e-01     24241  1.5044564e+01  1.4892013e+01  8.5344052e+00
9.6481958e-01     29993  1.3056130e+01  1.2949763e+01  7.0923030e+00
1.0423453e+00     36494  1.1329856e+01  1.1267590e+01  5.9118301e+00
1.1237267e+00     44825  1.0001326e+01  9.9584885e+00  4.9402257e+00
1.2089588e+00     53906  8.8625580e+00  8.8380667e+00  4.1413557e+00
1.2983336e+00     65729  7.8525752e+00  7.8303679e+00  3.4799556e+00
1.3921058e+00     78746  7.0097229e+00  6.9875828e+00  2.9308035e+00
1.4900211e+00     94374  6.2625239e+00  6.2430849e+00  2.4789890e+00
1.5921784e+00    112166  5.6281866e+00  5.6234723e+00  2.1086028e+00
1.6991083e+00    134373  5.0654254e+00  5.0660633e+00  1.7973394e+00
1.8110248e+00    159077  4.6022917e+00  4.5961273e+00  1.5319476e+00
1.9277595e+00    188172  4.1867616e+00  4.1815826e+00  1.3109728e+00
2.0497441e+00    222492  3.8170370e+00  3.8154108e+00  1.1252371e+00
2.1771282e+00    261771  3.4901412e+00  3.4871178e+00  9.6681814e-01
2.3098450e+00    306759  3.1953131e+00  3.1928420e+00  8.3311484e-01
2.4484375e+00    360898  2.9473683e+00  2.9448717e+00  7.1913833e-01
2.5937215e+00    425046  2.7165306e+00  2.7142626e+00  6.2156016e-01
2.7470320e+00    505555  2.5027466e+00  2.5005289e+00  5.3727574e-01
2.9094444e+00    600292  2.3030576e+00  2.3009868e+00  4.6424566e-01
3.0813867e+00    712930  2.1257561e+00  2.1238714e+00  4.0104620e-01
3.2634403e+00    846715  1.9669566e+00  1.9652047e+00  3.4631769e-01
3.4562097e+00   1005596  1.8227282e+00  1.8211231e+00  2.9897602e-01
3.6603648e+00   1194719  1.6878621e+00  1.6863646e+00  2.5803195e-01
3.8766358e+00   1419743  1.5552362e+00  1.5538369e+00  2.2259335e-01
4.1057220e+00   1686576  1.4370771e+00  1.4357856e+00  1.9197273e-01
4.3483372e+00   2003484  1.3229720e+00  1.3217783e+00  1.6549792e-01
4.6052142e+00   2378778  1.2217270e+00  1.2206182e+00  1.4264333e-01
4.8773359e+00   2828400  1.1254083e+00  1.1243806e+00  1.2290598e-01
5.1655179e+00   3356890  1.0392836e+00  1.0383340e+00  1.0586556e-01
5.4707002e+00   3990317  9.5811739e-01  9.5724210e-01  9.1164659e-02
5.7939476e+00   4738457  8.8422042e-01  8.8339755e-01  7.8486230e-02
6.1362572e+00   5629661  8.1669248e-01  8.1594911e-01  6.7544754e-02
6.4988210e+00   6687903  7.5568706e-01  7.5498068e-01  5.8117182e-02
6.8828355e+00   7945758  7.0181860e-01  7.0116749e-01  4.9990388e-02
7.2895050e+00   9436555  6.5367970e-01  6.5307399e-01  4.2989294e-02
7.7201584e+00  11210320  6.0976541e-01  6.0918499e-01  3.6960840e-02
8.1762927e+00  13318613  5.7030414e-01  5.6976342e-01  3.1768688e-02
8.6593661e+00  15819192  5.3420844e-01  5.3370900e-01  2.7297204e-02
9.1709925e+00  18795348  4.9987979e-01  4.9940191e-01  2.3453158e-02
9.7128705e+00  22326034  4.6665915e-01  4.6621360e-01  2.0143483e-02
1.0286736e+01  26520842  4.3542565e-01  4.3499915e-01  1.7297560e-02
1.0894484e+01  31503438  4.0592820e-01  4.0554030e-01  1.4855733e-02
1.1538156e+01  37426927  3.7766006e-01  3.7729792e-01  1.2755550e-02
1.2220385e+01  44525830  3.5121669e-01  3.5087791e-01  1.0948479e-02
