# Power spectrum from CO𝘕CEPT job 4547590 at t = 3.4440924 Gyr, a = 0.34482759
#
# Components:
#   0: matter  (upstream grid size 1024)
#
#                           grid size 1024
# ╭────────────────────────────────────────────────────────────────╮
#                         component 0    (corrected)      (linear)
#                        σ₈ = 3.19e-01  σ₈ = 3.18e-01  σ₈ = 3.12e-01
#  k [Mpc⁻¹]    modes       P [Mpc³]       P [Mpc³]       P [Mpc³]
2.4543693e-02         3  8.9765420e+03  8.9765420e+03  9.0569233e+03
4.6570361e-02        25  4.7128150e+03  4.7659580e+03  4.7836686e+03
8.3521561e-02       124  2.0538840e+03  1.9891648e+03  2.0135019e+03
1.3383638e-01       418  9.4951101e+02  9.3149789e+02  8.8573689e+02
1.8592088e-01       730  5.1108442e+02  5.2326774e+02  5.0489226e+02
2.3260504e-01      1012  3.5168631e+02  3.4940578e+02  3.0094376e+02
2.7635505e-01      1408  2.6305352e+02  2.6336175e+02  2.1839972e+02
3.1919121e-01      1841  1.9940495e+02  1.9820736e+02  1.5552585e+02
3.6464415e-01      2698  1.5655894e+02  1.5550412e+02  1.1819857e+02
4.1290034e-01      3532  1.2506837e+02  1.2610482e+02  9.1626221e+01
4.6319578e-01      4702  1.0129121e+02  9.9363486e+01  6.7469638e+01
5.1570195e-01      6019  8.5633371e+01  8.6592309e+01  5.6193191e+01
5.7047444e-01      7766  7.1488004e+01  7.1413891e+01  4.3218631e+01
6.2844883e-01     10012  6.2453875e+01  6.1466730e+01  3.3998998e+01
6.8955465e-01     12589  5.3669728e+01  5.3828145e+01  2.8321006e+01
7.5323141e-01     15650  4.6782015e+01  4.7180843e+01  2.3080035e+01
8.2032763e-01     19757  4.0385742e+01  4.0258313e+01  1.8522337e+01
8.9088605e-01     24241  3.6188945e+01  3.5821993e+01  1.5121426e+01
9.6481958e-01     29993  3.1895688e+01  3.1635837e+01  1.2566279e+01
1.0423453e+00     36494  2.8486520e+01  2.8329966e+01  1.0474693e+01
1.1237267e+00     44825  2.5837000e+01  2.5726336e+01  8.7531847e+00
1.2089588e+00     53906  2.3379980e+01  2.3315371e+01  7.3377306e+00
1.2983336e+00     65729  2.1177641e+01  2.1117750e+01  6.1658486e+00
1.3921058e+00     78746  1.9326835e+01  1.9265791e+01  5.1928500e+00
1.4900211e+00     94374  1.7588485e+01  1.7533890e+01  4.3923161e+00
1.5921784e+00    112166  1.6154351e+01  1.6140820e+01  3.7360584e+00
1.6991083e+00    134373  1.4798968e+01  1.4800832e+01  3.1845558e+00
1.8110248e+00    159077  1.3654773e+01  1.3636483e+01  2.7143294e+00
1.9277595e+00    188172  1.2614974e+01  1.2599369e+01  2.3228020e+00
2.0497441e+00    222492  1.1710479e+01  1.1705490e+01  1.9937118e+00
2.1771282e+00    261771  1.0881136e+01  1.0871710e+01  1.7130221e+00
2.3098450e+00    306759  1.0065959e+01  1.0058174e+01  1.4761241e+00
2.4484375e+00    360898  9.3627447e+00  9.3548138e+00  1.2741784e+00
2.5937215e+00    425046  8.6947684e+00  8.6875092e+00  1.1012875e+00
2.7470320e+00    505555  8.0648957e+00  8.0577493e+00  9.5195087e-01
2.9094444e+00    600292  7.4752165e+00  7.4684951e+00  8.2255485e-01
3.0813867e+00    712930  6.9425152e+00  6.9363598e+00  7.1057692e-01
3.2634403e+00    846715  6.4248271e+00  6.4191048e+00  6.1360799e-01
3.4562097e+00   1005596  5.9337673e+00  5.9285418e+00  5.2972722e-01
3.6603648e+00   1194719  5.4841786e+00  5.4793130e+00  4.5718183e-01
3.8766358e+00   1419743  5.0412298e+00  5.0366938e+00  3.9439114e-01
4.1057220e+00   1686576  4.6371844e+00  4.6330172e+00  3.4013705e-01
4.3483372e+00   2003484  4.2458444e+00  4.2420134e+00  2.9322857e-01
4.6052142e+00   2378778  3.8845670e+00  3.8810412e+00  2.5273449e-01
4.8773359e+00   2828400  3.5484934e+00  3.5452530e+00  2.1776358e-01
5.1655179e+00   3356890  3.2335406e+00  3.2305861e+00  1.8757114e-01
5.4707002e+00   3990317  2.9343949e+00  2.9317142e+00  1.6152391e-01
5.7939476e+00   4738457  2.6625517e+00  2.6600738e+00  1.3906014e-01
6.1362572e+00   5629661  2.4138107e+00  2.4116136e+00  1.1967392e-01
6.4988210e+00   6687903  2.1878616e+00  2.1858165e+00  1.0297007e-01
6.8828355e+00   7945758  1.9814267e+00  1.9795885e+00  8.8570964e-02
7.2895050e+00   9436555  1.7913209e+00  1.7896611e+00  7.6166392e-02
7.7201584e+00  11210320  1.6180035e+00  1.6164633e+00  6.5485159e-02
8.1762927e+00  13318613  1.4593829e+00  1.4579992e+00  5.6285701e-02
8.6593661e+00  15819192  1.3159308e+00  1.3147005e+00  4.8363132e-02
9.1709925e+00  18795348  1.1857882e+00  1.1846546e+00  4.1552269e-02
9.7128705e+00  22326034  1.0677273e+00  1.0667079e+00  3.5688213e-02
1.0286736e+01  26520842  9.5944708e-01  9.5850731e-01  3.0645838e-02
1.0894484e+01  31503438  8.6287745e-01  8.6205288e-01  2.6319444e-02
1.1538156e+01  37426927  7.7589556e-01  7.7515155e-01  2.2598380e-02
1.2220385e+01  44525830  6.9803660e-01  6.9736328e-01  1.9396656e-02
