# Power spectrum from CO𝘕CEPT job 4547590 at t = 3.8212013 Gyr, a = 0.37037037
#
# Components:
#   0: matter  (upstream grid size 1024)
#
#                           grid size 1024
# ╭────────────────────────────────────────────────────────────────╮
#                         component 0    (corrected)      (linear)
#                        σ₈ = 3.42e-01  σ₈ = 3.41e-01  σ₈ = 3.33e-01
#  k [Mpc⁻¹]    modes       P [Mpc³]       P [Mpc³]       P [Mpc³]
2.4543693e-02         3  1.0267111e+04  1.0267111e+04  1.0367815e+04
4.6570361e-02        25  5.3915992e+03  5.4523964e+03  5.4758969e+03
8.3521561e-02       124  2.3525866e+03  2.2784551e+03  2.3048452e+03
1.3383638e-01       418  1.0921369e+03  1.0714181e+03  1.0138952e+03
1.8592088e-01       730  5.9013298e+02  6.0420067e+02  5.7794513e+02
2.3260504e-01      1012  4.0885324e+02  4.0620202e+02  3.4448717e+02
2.7635505e-01      1408  3.0708997e+02  3.0744979e+02  2.4999982e+02
3.1919121e-01      1841  2.3496457e+02  2.3355341e+02  1.7802876e+02
3.6464415e-01      2698  1.8476160e+02  1.8351676e+02  1.3530061e+02
4.1290034e-01      3532  1.4898651e+02  1.5022116e+02  1.0488352e+02
4.6319578e-01      4702  1.2139368e+02  1.1908338e+02  7.7231747e+01
5.1570195e-01      6019  1.0274598e+02  1.0389655e+02  6.4323720e+01
5.7047444e-01      7766  8.6320259e+01  8.6230769e+01  4.9471883e+01
6.2844883e-01     10012  7.5814521e+01  7.4616197e+01  3.8918272e+01
6.8955465e-01     12589  6.5704095e+01  6.5898034e+01  3.2418737e+01
7.5323141e-01     15650  5.7667547e+01  5.8159177e+01  2.6419455e+01
8.2032763e-01     19757  4.9931578e+01  4.9774029e+01  2.1202310e+01
8.9088605e-01     24241  4.5079813e+01  4.4622708e+01  1.7309324e+01
9.6481958e-01     29993  3.9829513e+01  3.9505025e+01  1.4384477e+01
1.0423453e+00     36494  3.5861565e+01  3.5664479e+01  1.1990262e+01
1.1237267e+00     44825  3.2620134e+01  3.2480416e+01  1.0019670e+01
1.2089588e+00     53906  2.9740637e+01  2.9658450e+01  8.3994159e+00
1.2983336e+00     65729  2.7032812e+01  2.6956362e+01  7.0579757e+00
1.3921058e+00     78746  2.4795286e+01  2.4716971e+01  5.9441952e+00
1.4900211e+00     94374  2.2666793e+01  2.2596434e+01  5.0278330e+00
1.5921784e+00    112166  2.0967928e+01  2.0950364e+01  4.2766223e+00
1.6991083e+00    134373  1.9184898e+01  1.9187314e+01  3.6453234e+00
1.8110248e+00    159077  1.7756410e+01  1.7732626e+01  3.1070607e+00
1.9277595e+00    188172  1.6433734e+01  1.6413406e+01  2.6588837e+00
2.0497441e+00    222492  1.5257146e+01  1.5250646e+01  2.2821779e+00
2.1771282e+00    261771  1.4235048e+01  1.4222717e+01  1.9608756e+00
2.3098450e+00    306759  1.3187459e+01  1.3177260e+01  1.6897012e+00
2.4484375e+00    360898  1.2288607e+01  1.2278197e+01  1.4585362e+00
2.5937215e+00    425046  1.1426977e+01  1.1417437e+01  1.2606301e+00
2.7470320e+00    505555  1.0604720e+01  1.0595323e+01  1.0896861e+00
2.9094444e+00    600292  9.8038061e+00  9.7949909e+00  9.4156797e-01
3.0813867e+00    712930  9.0934589e+00  9.0853964e+00  8.1338814e-01
3.2634403e+00    846715  8.4137465e+00  8.4062528e+00  7.0238894e-01
3.4562097e+00   1005596  7.7513992e+00  7.7445731e+00  6.0637160e-01
3.6603648e+00   1194719  7.1239781e+00  7.1176576e+00  5.2332975e-01
3.8766358e+00   1419743  6.5348738e+00  6.5289938e+00  4.5145400e-01
4.1057220e+00   1686576  5.9798281e+00  5.9744543e+00  3.8934998e-01
4.3483372e+00   2003484  5.4378475e+00  5.4329409e+00  3.3565441e-01
4.6052142e+00   2378778  4.9629466e+00  4.9584421e+00  2.8930132e-01
4.8773359e+00   2828400  4.5006902e+00  4.4965803e+00  2.4927055e-01
5.1655179e+00   3356890  4.0841385e+00  4.0804068e+00  2.1470963e-01
5.4707002e+00   3990317  3.6968589e+00  3.6934816e+00  1.8489370e-01
5.7939476e+00   4738457  3.3378790e+00  3.3347727e+00  1.5917970e-01
6.1362572e+00   5629661  3.0119089e+00  3.0091674e+00  1.3698855e-01
6.4988210e+00   6687903  2.7122774e+00  2.7097421e+00  1.1786787e-01
6.8828355e+00   7945758  2.4446908e+00  2.4424228e+00  1.0138540e-01
7.2895050e+00   9436555  2.1996343e+00  2.1975961e+00  8.7186055e-02
7.7201584e+00  11210320  1.9762982e+00  1.9744170e+00  7.4959394e-02
8.1762927e+00  13318613  1.7748675e+00  1.7731847e+00  6.4428904e-02
8.6593661e+00  15819192  1.5938693e+00  1.5923791e+00  5.5360055e-02
9.1709925e+00  18795348  1.4280781e+00  1.4267128e+00  4.7563762e-02
9.7128705e+00  22326034  1.2796044e+00  1.2783827e+00  4.0851267e-02
1.0286736e+01  26520842  1.1462415e+00  1.1451188e+00  3.5079339e-02
1.0894484e+01  31503438  1.0246885e+00  1.0237093e+00  3.0126988e-02
1.1538156e+01  37426927  9.1757766e-01  9.1669780e-01  2.5867548e-02
1.2220385e+01  44525830  8.2149830e-01  8.2070590e-01  2.2202593e-02
