# Power spectrum from CO𝘕CEPT job 4547590 at t = 13.789798 Gyr, a = 1
#
# Components:
#   0: matter  (upstream grid size 1024)
#
#                           grid size 1024
# ╭────────────────────────────────────────────────────────────────╮
#                         component 0    (corrected)      (linear)
#                        σ₈ = 7.91e-01  σ₈ = 7.88e-01  σ₈ = 7.19e-01
#  k [Mpc⁻¹]    modes       P [Mpc³]       P [Mpc³]       P [Mpc³]
2.4543693e-02         3  4.6914913e+04  4.6914913e+04  4.8296620e+04
4.6570361e-02        25  2.4635112e+04  2.4912905e+04  2.5497606e+04
8.3521561e-02       124  1.1577017e+04  1.1212217e+04  1.0730305e+04
1.3383638e-01       418  5.7185763e+03  5.6100895e+03  4.7199675e+03
1.8592088e-01       730  3.4023063e+03  3.4834111e+03  2.6904473e+03
2.3260504e-01      1012  2.5541167e+03  2.5375544e+03  1.6036431e+03
2.7635505e-01      1408  2.0977448e+03  2.1002028e+03  1.1637848e+03
3.1919121e-01      1841  1.8606032e+03  1.8494288e+03  8.2874724e+02
3.6464415e-01      2698  1.5273752e+03  1.5170844e+03  6.2984104e+02
4.1290034e-01      3532  1.3723042e+03  1.3836765e+03  4.8824514e+02
4.6319578e-01      4702  1.1787461e+03  1.1563128e+03  3.5952252e+02
5.1570195e-01      6019  1.0649120e+03  1.0768371e+03  2.9943398e+02
5.7047444e-01      7766  9.8636930e+02  9.8534670e+02  2.3029691e+02
6.2844883e-01     10012  8.8553576e+02  8.7153898e+02  1.8116863e+02
6.8955465e-01     12589  8.0039253e+02  8.0275504e+02  1.5091255e+02
7.5323141e-01     15650  7.3671590e+02  7.4299658e+02  1.2298523e+02
8.2032763e-01     19757  6.7857588e+02  6.7643477e+02  9.8698856e+01
8.9088605e-01     24241  6.3167815e+02  6.2527299e+02  8.0576593e+01
9.6481958e-01     29993  5.7142372e+02  5.6676837e+02  6.6961120e+01
1.0423453e+00     36494  5.2862880e+02  5.2572359e+02  5.5815800e+01
1.1237267e+00     44825  4.7984206e+02  4.7778681e+02  4.6642494e+01
1.2089588e+00     53906  4.4010159e+02  4.3888539e+02  3.9100045e+01
1.2983336e+00     65729  4.0358038e+02  4.0243904e+02  3.2855506e+01
1.3921058e+00     78746  3.6676871e+02  3.6561028e+02  2.7670746e+01
1.4900211e+00     94374  3.3584017e+02  3.3479771e+02  2.3404989e+01
1.5921784e+00    112166  3.0571738e+02  3.0546130e+02  1.9908029e+01
1.6991083e+00    134373  2.7815015e+02  2.7818518e+02  1.6969272e+01
1.8110248e+00    159077  2.5219064e+02  2.5185285e+02  1.4463607e+01
1.9277595e+00    188172  2.2972475e+02  2.2944058e+02  1.2377300e+01
2.0497441e+00    222492  2.0931158e+02  2.0922240e+02  1.0623699e+01
2.1771282e+00    261771  1.8959303e+02  1.8942879e+02  9.1280063e+00
2.3098450e+00    306759  1.7222473e+02  1.7209154e+02  7.8656640e+00
2.4484375e+00    360898  1.5682864e+02  1.5669580e+02  6.7895700e+00
2.5937215e+00    425046  1.4237299e+02  1.4225413e+02  5.8682990e+00
2.7470320e+00    505555  1.2863423e+02  1.2852025e+02  5.0725396e+00
2.9094444e+00    600292  1.1654534e+02  1.1644055e+02  4.3830367e+00
3.0813867e+00    712930  1.0511028e+02  1.0501709e+02  3.7863485e+00
3.2634403e+00    846715  9.5123739e+01  9.5039017e+01  3.2696379e+00
3.4562097e+00   1005596  8.5660043e+01  8.5584607e+01  2.8226693e+00
3.6603648e+00   1194719  7.7468097e+01  7.7399367e+01  2.4361029e+00
3.8766358e+00   1419743  6.9727124e+01  6.9664384e+01  2.1015157e+00
4.1057220e+00   1686576  6.2756708e+01  6.2700312e+01  1.8124169e+00
4.3483372e+00   2003484  5.6258224e+01  5.6207462e+01  1.5624602e+00
4.6052142e+00   2378778  5.0599123e+01  5.0553198e+01  1.3466835e+00
4.8773359e+00   2828400  4.5370968e+01  4.5329536e+01  1.1603377e+00
5.1655179e+00   3356890  4.0556410e+01  4.0519353e+01  9.9945458e-01
5.4707002e+00   3990317  3.6271857e+01  3.6238721e+01  8.6065983e-01
5.7939476e+00   4738457  3.2384307e+01  3.2354169e+01  7.4095994e-01
6.1362572e+00   5629661  2.8868440e+01  2.8842163e+01  6.3765925e-01
6.4988210e+00   6687903  2.5676543e+01  2.5652542e+01  5.4865184e-01
6.8828355e+00   7945758  2.2810445e+01  2.2789282e+01  4.7192554e-01
7.2895050e+00   9436555  2.0302061e+01  2.0283249e+01  4.0582736e-01
7.7201584e+00  11210320  1.8056889e+01  1.8039701e+01  3.4891220e-01
8.1762927e+00  13318613  1.6033665e+01  1.6018463e+01  2.9989285e-01
8.6593661e+00  15819192  1.4236952e+01  1.4223641e+01  2.5767756e-01
9.1709925e+00  18795348  1.2638861e+01  1.2626778e+01  2.2138610e-01
9.7128705e+00  22326034  1.1195179e+01  1.1184490e+01  1.9013980e-01
1.0286736e+01  26520842  9.9061680e+00  9.8964649e+00  1.6327190e-01
1.0894484e+01  31503438  8.7557189e+00  8.7473519e+00  1.4021915e-01
1.1538156e+01  37426927  7.7325623e+00  7.7251476e+00  1.2039196e-01
1.2220385e+01  44525830  6.8184357e+00  6.8118587e+00  1.0333214e-01
