# Power spectrum from CO𝘕CEPT job 4547590 at t = 5.4687383 Gyr, a = 0.47619048
#
# Components:
#   0: matter  (upstream grid size 1024)
#
#                           grid size 1024
# ╭────────────────────────────────────────────────────────────────╮
#                         component 0    (corrected)      (linear)
#                        σ₈ = 4.36e-01  σ₈ = 4.34e-01  σ₈ = 4.20e-01
#  k [Mpc⁻¹]    modes       P [Mpc³]       P [Mpc³]       P [Mpc³]
2.4543693e-02         3  1.6214636e+04  1.6214636e+04  1.6432885e+04
4.6570361e-02        25  8.5208556e+03  8.6169391e+03  8.6783127e+03
8.3521561e-02       124  3.7469898e+03  3.6289197e+03  3.6526201e+03
1.3383638e-01       418  1.7658463e+03  1.7323466e+03  1.6067576e+03
1.8592088e-01       730  9.7236823e+02  9.9554771e+02  9.1588752e+02
2.3260504e-01      1012  6.9022907e+02  6.8575326e+02  5.4591860e+02
2.7635505e-01      1408  5.2849984e+02  5.2911910e+02  3.9618148e+02
3.1919121e-01      1841  4.1881716e+02  4.1630182e+02  2.8212684e+02
3.6464415e-01      2698  3.3097122e+02  3.2874128e+02  2.1441434e+02
4.1290034e-01      3532  2.7855007e+02  2.8085842e+02  1.6621156e+02
4.6319578e-01      4702  2.3133479e+02  2.2693215e+02  1.2239107e+02
5.1570195e-01      6019  1.9694990e+02  1.9915538e+02  1.0193538e+02
5.7047444e-01      7766  1.6800742e+02  1.6783325e+02  7.8399299e+01
6.2844883e-01     10012  1.5035765e+02  1.4798110e+02  6.1674727e+01
6.8955465e-01     12589  1.3330163e+02  1.3369509e+02  5.1374750e+01
7.5323141e-01     15650  1.1974658e+02  1.2076745e+02  4.1867541e+01
8.2032763e-01     19757  1.0517778e+02  1.0484591e+02  3.3599803e+01
8.9088605e-01     24241  9.6697825e+01  9.5717319e+01  2.7430493e+01
9.6481958e-01     29993  8.6554991e+01  8.5849834e+01  2.2795417e+01
1.0423453e+00     36494  7.9548545e+01  7.9111367e+01  1.9001246e+01
1.1237267e+00     44825  7.2320141e+01  7.2010381e+01  1.5878402e+01
1.2089588e+00     53906  6.7030041e+01  6.6844806e+01  1.3310746e+01
1.2983336e+00     65729  6.1703775e+01  6.1529274e+01  1.1184934e+01
1.3921058e+00     78746  5.6800415e+01  5.6621012e+01  9.4198993e+00
1.4900211e+00     94374  5.2621774e+01  5.2458435e+01  7.9677183e+00
1.5921784e+00    112166  4.8679048e+01  4.8638273e+01  6.7772568e+00
1.6991083e+00    134373  4.5057009e+01  4.5062683e+01  5.7768227e+00
1.8110248e+00    159077  4.1695853e+01  4.1640005e+01  4.9238250e+00
1.9277595e+00    188172  3.8632161e+01  3.8584374e+01  4.2135885e+00
2.0497441e+00    222492  3.5790656e+01  3.5775408e+01  3.6166140e+00
2.1771282e+00    261771  3.3030697e+01  3.3002083e+01  3.1074388e+00
2.3098450e+00    306759  3.0547870e+01  3.0524245e+01  2.6777023e+00
2.4484375e+00    360898  2.8171048e+01  2.8147185e+01  2.3113700e+00
2.5937215e+00    425046  2.5946909e+01  2.5925246e+01  1.9977436e+00
2.7470320e+00    505555  2.3802471e+01  2.3781379e+01  1.7268448e+00
2.9094444e+00    600292  2.1858433e+01  2.1838778e+01  1.4921187e+00
3.0813867e+00    712930  2.0023021e+01  2.0005268e+01  1.2889892e+00
3.2634403e+00    846715  1.8230171e+01  1.8213935e+01  1.1130863e+00
3.4562097e+00   1005596  1.6608861e+01  1.6594234e+01  9.6092554e-01
3.6603648e+00   1194719  1.5078129e+01  1.5064751e+01  8.2932734e-01
3.8766358e+00   1419743  1.3657928e+01  1.3645638e+01  7.1542430e-01
4.1057220e+00   1686576  1.2340934e+01  1.2329844e+01  6.1700676e-01
4.3483372e+00   2003484  1.1122875e+01  1.1112839e+01  5.3191429e-01
4.6052142e+00   2378778  1.0011380e+01  1.0002294e+01  4.5845762e-01
4.8773359e+00   2828400  8.9872766e+00  8.9790695e+00  3.9502007e-01
5.1655179e+00   3356890  8.0712700e+00  8.0638952e+00  3.4025072e-01
5.4707002e+00   3990317  7.2418763e+00  7.2352605e+00  2.9300087e-01
5.7939476e+00   4738457  6.4698580e+00  6.4638370e+00  2.5225143e-01
6.1362572e+00   5629661  5.7904300e+00  5.7851594e+00  2.1708474e-01
6.4988210e+00   6687903  5.1694191e+00  5.1645870e+00  1.8678389e-01
6.8828355e+00   7945758  4.6106973e+00  4.6064197e+00  1.6066388e-01
7.2895050e+00   9436555  4.1090288e+00  4.1052213e+00  1.3816197e-01
7.7201584e+00  11210320  3.6572244e+00  3.6537432e+00  1.1878623e-01
8.1762927e+00  13318613  3.2526451e+00  3.2495611e+00  1.0209845e-01
8.6593661e+00  15819192  2.8939486e+00  2.8912430e+00  8.7726954e-02
9.1709925e+00  18795348  2.5725715e+00  2.5701122e+00  7.5372108e-02
9.7128705e+00  22326034  2.2852638e+00  2.2830819e+00  6.4734779e-02
1.0286736e+01  26520842  2.0278478e+00  2.0258615e+00  5.5587985e-02
1.0894484e+01  31503438  1.7994954e+00  1.7977758e+00  4.7739987e-02
1.1538156e+01  37426927  1.5969109e+00  1.5953796e+00  4.0990062e-02
1.2220385e+01  44525830  1.4157276e+00  1.4143621e+00  3.5182228e-02
