# Power spectrum from CO𝘕CEPT job 4547590 at t = 2.406951 Gyr, a = 0.27027027
#
# Components:
#   0: matter  (upstream grid size 1024)
#
#                           grid size 1024
# ╭────────────────────────────────────────────────────────────────╮
#                         component 0    (corrected)      (linear)
#                        σ₈ = 2.50e-01  σ₈ = 2.49e-01  σ₈ = 2.46e-01
#  k [Mpc⁻¹]    modes       P [Mpc³]       P [Mpc³]       P [Mpc³]
2.4543693e-02         3  5.6265721e+03  5.6265721e+03  5.6635805e+03
4.6570361e-02        25  2.9517612e+03  2.9850461e+03  2.9916461e+03
8.3521561e-02       124  1.2837482e+03  1.2432964e+03  1.2592581e+03
1.3383638e-01       418  5.8567265e+02  5.7456189e+02  5.5395132e+02
1.8592088e-01       730  3.1256405e+02  3.2001500e+02  3.1576712e+02
2.3260504e-01      1012  2.1035792e+02  2.0899385e+02  1.8821493e+02
2.7635505e-01      1408  1.5556252e+02  1.5574480e+02  1.3659068e+02
3.1919121e-01      1841  1.1475822e+02  1.1406901e+02  9.7268398e+01
3.6464415e-01      2698  8.9571971e+01  8.8968474e+01  7.3923330e+01
4.1290034e-01      3532  7.0006037e+01  7.0586179e+01  5.7304558e+01
4.6319578e-01      4702  5.5432319e+01  5.4377360e+01  4.2196638e+01
5.1570195e-01      6019  4.6632524e+01  4.7154724e+01  3.5144164e+01
5.7047444e-01      7766  3.8195845e+01  3.8156247e+01  2.7029660e+01
6.2844883e-01     10012  3.2729114e+01  3.2211798e+01  2.1263549e+01
6.8955465e-01     12589  2.7322322e+01  2.7402969e+01  1.7712438e+01
7.5323141e-01     15650  2.3410253e+01  2.3609832e+01  1.4434647e+01
8.2032763e-01     19757  2.0045097e+01  1.9981849e+01  1.1584186e+01
8.9088605e-01     24241  1.7492339e+01  1.7314968e+01  9.4571988e+00
9.6481958e-01     29993  1.5232095e+01  1.5108000e+01  7.8591674e+00
1.0423453e+00     36494  1.3275034e+01  1.3202078e+01  6.5510542e+00
1.1237267e+00     44825  1.1784987e+01  1.1734510e+01  5.4743936e+00
1.2089588e+00     53906  1.0473564e+01  1.0444620e+01  4.5891447e+00
1.2983336e+00     65729  9.3234023e+00  9.2970354e+00  3.8562298e+00
1.3921058e+00     78746  8.3538245e+00  8.3274391e+00  3.2476999e+00
1.4900211e+00     94374  7.4903647e+00  7.4671144e+00  2.7470324e+00
1.5921784e+00    112166  6.7616422e+00  6.7559784e+00  2.3365976e+00
1.6991083e+00    134373  6.1078992e+00  6.1086684e+00  1.9916784e+00
1.8110248e+00    159077  5.5660464e+00  5.5585911e+00  1.6975908e+00
1.9277595e+00    188172  5.0826232e+00  5.0763360e+00  1.4527229e+00
2.0497441e+00    222492  4.6558391e+00  4.6538556e+00  1.2469042e+00
2.1771282e+00    261771  4.2654051e+00  4.2617101e+00  1.0713560e+00
2.3098450e+00    306759  3.9164972e+00  3.9134684e+00  9.2319589e-01
2.4484375e+00    360898  3.6217927e+00  3.6187248e+00  7.9689554e-01
2.5937215e+00    425046  3.3492235e+00  3.3464272e+00  6.8876661e-01
2.7470320e+00    505555  3.0927753e+00  3.0900347e+00  5.9536884e-01
2.9094444e+00    600292  2.8510825e+00  2.8485189e+00  5.1444230e-01
3.0813867e+00    712930  2.6331331e+00  2.6307985e+00  4.4440932e-01
3.2634403e+00    846715  2.4404402e+00  2.4382666e+00  3.8376324e-01
3.4562097e+00   1005596  2.2638106e+00  2.2618170e+00  3.3130270e-01
3.6603648e+00   1194719  2.0992521e+00  2.0973896e+00  2.8593152e-01
3.8766358e+00   1419743  1.9412423e+00  1.9394955e+00  2.4666108e-01
4.1057220e+00   1686576  1.7926753e+00  1.7910643e+00  2.1272958e-01
4.3483372e+00   2003484  1.6559008e+00  1.6544067e+00  1.8339216e-01
4.6052142e+00   2378778  1.5293762e+00  1.5279881e+00  1.5806640e-01
4.8773359e+00   2828400  1.4073399e+00  1.4060547e+00  1.3619494e-01
5.1655179e+00   3356890  1.2962254e+00  1.2950410e+00  1.1731201e-01
5.4707002e+00   3990317  1.1935912e+00  1.1925008e+00  1.0102157e-01
5.7939476e+00   4738457  1.0986355e+00  1.0976131e+00  8.6972282e-02
6.1362572e+00   5629661  1.0128079e+00  1.0118861e+00  7.4847757e-02
6.4988210e+00   6687903  9.3510987e-01  9.3423577e-01  6.4400828e-02
6.8828355e+00   7945758  8.6457432e-01  8.6377222e-01  5.5395325e-02
7.2895050e+00   9436555  7.9966503e-01  7.9892404e-01  4.7637240e-02
7.7201584e+00  11210320  7.4069041e-01  7.3998537e-01  4.0956963e-02
8.1762927e+00  13318613  6.8678570e-01  6.8613454e-01  3.5203415e-02
8.6593661e+00  15819192  6.3745712e-01  6.3686115e-01  3.0248456e-02
9.1709925e+00  18795348  5.9067178e-01  5.9010710e-01  2.5988778e-02
9.7128705e+00  22326034  5.4638621e-01  5.4586453e-01  2.2321251e-02
1.0286736e+01  26520842  5.0510070e-01  5.0460596e-01  1.9167618e-02
1.0894484e+01  31503438  4.6670067e-01  4.6625469e-01  1.6461775e-02
1.1538156e+01  37426927  4.3107149e-01  4.3065814e-01  1.4134516e-02
1.2220385e+01  44525830  3.9747550e-01  3.9709210e-01  1.2132062e-02
