# Power spectrum from CO𝘕CEPT job 4701040 at t = 2.5065862 Gyr, a = 0.27777778
#
# Components:
#   0: matter  (upstream grid size 1024)
#
#                           grid size 1024
# ╭────────────────────────────────────────────────────────────────╮
#                         component 0    (corrected)      (linear)
#                        σ₈ = 2.56e-01  σ₈ = 2.56e-01  σ₈ = 2.55e-01
#  k [Mpc⁻¹]    modes       P [Mpc³]       P [Mpc³]       P [Mpc³]
3.0679616e-03         3  5.5284442e+03  5.5284442e+03  5.5291503e+03
5.8212951e-03        25  8.0188200e+03  8.0609238e+03  8.0587197e+03
1.0440195e-02       124  9.2309196e+03  9.3371438e+03  9.3692705e+03
1.6729547e-02       418  8.2693865e+03  8.3446154e+03  8.3355049e+03
2.3240110e-02       730  6.3450066e+03  6.3464458e+03  6.3824212e+03
2.9075630e-02      1012  4.9833016e+03  4.9711248e+03  4.9686760e+03
3.4544381e-02      1408  4.1455167e+03  4.1354302e+03  4.1280935e+03
3.9898901e-02      1841  3.6169586e+03  3.6135443e+03  3.6337697e+03
4.5580519e-02      2698  3.2460344e+03  3.2485504e+03  3.2589711e+03
5.1612543e-02      3532  2.8322458e+03  2.8367223e+03  2.8572566e+03
5.7899473e-02      4702  2.3709484e+03  2.3718519e+03  2.3900825e+03
6.4462744e-02      6019  1.9364396e+03  1.9322621e+03  1.9356893e+03
7.1309305e-02      7766  1.6029434e+03  1.5967823e+03  1.6013629e+03
7.8556104e-02     10012  1.4175673e+03  1.4139331e+03  1.4171469e+03
8.6194331e-02     12589  1.3195848e+03  1.3208318e+03  1.3211018e+03
9.4153926e-02     15650  1.1981014e+03  1.2015484e+03  1.2050832e+03
1.0254095e-01     19757  1.0151623e+03  1.0159514e+03  1.0200781e+03
1.1136076e-01     24241  8.3061958e+02  8.2791559e+02  8.2450997e+02
1.2060245e-01     29993  6.9927840e+02  6.9660867e+02  6.9135655e+02
1.3029316e-01     36494  6.2025160e+02  6.2020420e+02  6.1712658e+02
1.4046583e-01     44825  5.5371618e+02  5.5458329e+02  5.4952133e+02
1.5111985e-01     53906  4.7837327e+02  4.7752124e+02  4.7107066e+02
1.6229170e-01     65729  4.1820479e+02  4.1692084e+02  4.1189212e+02
1.7401323e-01     78746  3.8114485e+02  3.8163698e+02  3.7830400e+02
1.8625264e-01     94374  3.3958034e+02  3.4032671e+02  3.3725972e+02
1.9902230e-01    112166  2.8718269e+02  2.8669578e+02  2.8162990e+02
2.1238854e-01    134373  2.4588602e+02  2.4506262e+02  2.3688155e+02
2.2637810e-01    159077  2.1918131e+02  2.1889992e+02  2.1072118e+02
2.4096993e-01    188172  1.9718045e+02  1.9717873e+02  1.9198429e+02
2.5621802e-01    222492  1.7793997e+02  1.7809974e+02  1.7400976e+02
2.7214102e-01    261771  1.5712130e+02  1.5733248e+02  1.5289037e+02
2.8873063e-01    306759  1.3572627e+02  1.3540840e+02  1.2876996e+02
3.0605468e-01    360898  1.1947256e+02  1.1901568e+02  1.1128496e+02
3.2421519e-01    425046  1.0854514e+02  1.0859368e+02  1.0301074e+02
3.4337900e-01    505555  9.7376671e+01  9.7683576e+01  9.4144162e+01
3.6368055e-01    600292  8.5295949e+01  8.5193997e+01  7.9931595e+01
3.8517334e-01    712930  7.4931330e+01  7.4565450e+01  6.7877460e+01
4.0793004e-01    846715  6.7228420e+01  6.7290729e+01  6.2606181e+01
4.3202621e-01   1005596  6.0030358e+01  6.0254229e+01  5.6502595e+01
4.5754560e-01   1194719  5.2437920e+01  5.2178371e+01  4.6957235e+01
4.8457948e-01   1419743  4.6458212e+01  4.6380828e+01  4.1925256e+01
5.1321525e-01   1686576  4.1269523e+01  4.1443442e+01  3.8226558e+01
5.4354215e-01   2003484  3.6255022e+01  3.6006729e+01  3.1777165e+01
5.7565178e-01   2378778  3.2016252e+01  3.2090028e+01  2.8858329e+01
6.0966698e-01   2828400  2.8208156e+01  2.8207004e+01  2.5233780e+01
6.4568974e-01   3356890  2.4818027e+01  2.4722307e+01  2.1640632e+01
6.8383752e-01   3990317  2.1915994e+01  2.2030016e+01  1.9557178e+01
7.2424344e-01   4738457  1.9393476e+01  1.9281596e+01  1.6529305e+01
7.6703215e-01   5629661  1.7371558e+01  1.7449587e+01  1.4902397e+01
8.1235262e-01   6687903  1.5853585e+01  1.5781826e+01  1.2695977e+01
8.6035444e-01   7945758  1.5017077e+01  1.5035689e+01  1.1249895e+01
9.1118812e-01   9436555  1.4978502e+01  1.5011284e+01  9.8052185e+00
9.6501980e-01  11210320  1.5865595e+01  1.5787802e+01  8.4534014e+00
1.0220366e+00  13318613  1.8005820e+01  1.8048951e+01  7.4641140e+00
1.0824208e+00  15819192  2.1833283e+01  2.1839010e+01  6.4740224e+00
1.1463741e+00  18795348  2.7948188e+01  2.7839349e+01  5.5999899e+00
1.2141088e+00  22326034  3.6685646e+01  3.6604300e+01  4.8846343e+00
1.2858419e+00  26520842  4.8075101e+01  4.8035164e+01  4.2581583e+00
1.3618105e+00  31503438  6.0384342e+01  6.0466526e+01  3.7069585e+00
1.4422695e+00  37426927  6.9530266e+01  6.9579301e+01  3.2183415e+00
1.5275481e+00  44525830  7.2236727e+01  7.2280132e+01  2.7928763e+00
