# Power spectrum from CO𝘕CEPT job 4701040 at t = 5.1228674 Gyr, a = 0.45454545
#
# Components:
#   0: matter  (upstream grid size 1024)
#
#                           grid size 1024
# ╭────────────────────────────────────────────────────────────────╮
#                         component 0    (corrected)      (linear)
#                        σ₈ = 4.17e-01  σ₈ = 4.17e-01  σ₈ = 4.05e-01
#  k [Mpc⁻¹]    modes       P [Mpc³]       P [Mpc³]       P [Mpc³]
3.0679616e-03         3  1.4025029e+04  1.4025029e+04  1.4018306e+04
5.8212951e-03        25  2.0335696e+04  2.0442472e+04  2.0422034e+04
1.0440195e-02       124  2.3343002e+04  2.3611620e+04  2.3731444e+04
1.6729547e-02       418  2.0955615e+04  2.1146254e+04  2.1106057e+04
2.3240110e-02       730  1.6009098e+04  1.6012730e+04  1.6157804e+04
2.9075630e-02      1012  1.2620232e+04  1.2589394e+04  1.2577579e+04
3.4544381e-02      1408  1.0509951e+04  1.0484379e+04  1.0449162e+04
3.9898901e-02      1841  9.1298017e+03  9.1211834e+03  9.1975659e+03
4.5580519e-02      2698  8.2087623e+03  8.2151248e+03  8.2486639e+03
5.1612543e-02      3532  7.1473691e+03  7.1586659e+03  7.2317407e+03
5.7899473e-02      4702  5.9882019e+03  5.9904837e+03  6.0492178e+03
6.4462744e-02      6019  4.9249102e+03  4.9142858e+03  4.8991004e+03
7.1309305e-02      7766  4.0873791e+03  4.0716689e+03  4.0529013e+03
7.8556104e-02     10012  3.6225679e+03  3.6132806e+03  3.5866384e+03
8.6194331e-02     12589  3.3745264e+03  3.3777154e+03  3.3435372e+03
9.4153926e-02     15650  3.0620380e+03  3.0708477e+03  3.0498927e+03
1.0254095e-01     19757  2.6078638e+03  2.6098910e+03  2.5816600e+03
1.1136076e-01     24241  2.1640182e+03  2.1569735e+03  2.0866996e+03
1.2060245e-01     29993  1.8398057e+03  1.8327816e+03  1.7497048e+03
1.3029316e-01     36494  1.6355452e+03  1.6354202e+03  1.5618376e+03
1.4046583e-01     44825  1.4668710e+03  1.4691681e+03  1.3907378e+03
1.5111985e-01     53906  1.2838016e+03  1.2815150e+03  1.1921914e+03
1.6229170e-01     65729  1.1306635e+03  1.1271922e+03  1.0424200e+03
1.7401323e-01     78746  1.0311387e+03  1.0324701e+03  9.5741368e+02
1.8625264e-01     94374  9.2443127e+02  9.2646312e+02  8.5353767e+02
1.9902230e-01    112166  7.9849600e+02  7.9714215e+02  7.1274893e+02
2.1238854e-01    134373  6.9963112e+02  6.9728827e+02  5.9949930e+02
2.2637810e-01    159077  6.3078986e+02  6.2998002e+02  5.3329232e+02
2.4096993e-01    188172  5.6963490e+02  5.6962993e+02  4.8587277e+02
2.5621802e-01    222492  5.1816123e+02  5.1862648e+02  4.4038270e+02
2.7214102e-01    261771  4.6495428e+02  4.6557921e+02  3.8693373e+02
2.8873063e-01    306759  4.1383931e+02  4.1287013e+02  3.2588984e+02
3.0605468e-01    360898  3.7201812e+02  3.7059547e+02  2.8163887e+02
3.2421519e-01    425046  3.4043839e+02  3.4059065e+02  2.6069845e+02
3.4337900e-01    505555  3.0829631e+02  3.0926798e+02  2.3825895e+02
3.6368055e-01    600292  2.7842624e+02  2.7809345e+02  2.0228990e+02
3.8517334e-01    712930  2.5231679e+02  2.5108476e+02  1.7178340e+02
4.0793004e-01    846715  2.2911432e+02  2.2932667e+02  1.5844288e+02
4.3202621e-01   1005596  2.0823684e+02  2.0901342e+02  1.4299598e+02
4.5754560e-01   1194719  1.8874802e+02  1.8781378e+02  1.1883870e+02
4.8457948e-01   1419743  1.7143214e+02  1.7114659e+02  1.0610382e+02
5.1321525e-01   1686576  1.5606337e+02  1.5672105e+02  9.6743193e+01
5.4354215e-01   2003484  1.4201270e+02  1.4104012e+02  8.0421154e+01
5.7565178e-01   2378778  1.2944300e+02  1.2974127e+02  7.3034200e+01
6.0966698e-01   2828400  1.1811571e+02  1.1811089e+02  6.3861241e+01
6.4568974e-01   3356890  1.0797579e+02  1.0755935e+02  5.4767753e+01
6.8383752e-01   3990317  9.9217930e+01  9.9734127e+01  4.9494976e+01
7.2424344e-01   4738457  9.1584438e+01  9.1056091e+01  4.1832082e+01
7.6703215e-01   5629661  8.5376343e+01  8.5759835e+01  3.7714726e+01
8.1235262e-01   6687903  8.0583602e+01  8.0218852e+01  3.2130752e+01
8.6035444e-01   7945758  7.7295812e+01  7.7391607e+01  2.8471029e+01
9.1118812e-01   9436555  7.5693104e+01  7.5858766e+01  2.4814865e+01
9.6501980e-01  11210320  7.5804204e+01  7.5432520e+01  2.1393708e+01
1.0220366e+00  13318613  7.7456277e+01  7.7641814e+01  1.8890035e+01
1.0824208e+00  15819192  8.0410178e+01  8.0431269e+01  1.6384328e+01
1.1463741e+00  18795348  8.3994020e+01  8.3666921e+01  1.4172341e+01
1.2141088e+00  22326034  8.7247539e+01  8.7054080e+01  1.2361931e+01
1.2858419e+00  26520842  8.9416723e+01  8.9342443e+01  1.0776456e+01
1.3618105e+00  31503438  9.0339642e+01  9.0462595e+01  9.3814895e+00
1.4422695e+00  37426927  9.0186845e+01  9.0250448e+01  8.1449059e+00
1.5275481e+00  44525830  8.9480525e+01  8.9534291e+01  7.0681461e+00
