# Power spectrum from CO𝘕CEPT job 4701040 at t = 12.444658 Gyr, a = 0.90909091
#
# Components:
#   0: matter  (upstream grid size 1024)
#
#                           grid size 1024
# ╭────────────────────────────────────────────────────────────────╮
#                         component 0    (corrected)      (linear)
#                        σ₈ = 7.48e-01  σ₈ = 7.48e-01  σ₈ = 6.87e-01
#  k [Mpc⁻¹]    modes       P [Mpc³]       P [Mpc³]       P [Mpc³]
3.0679616e-03         3  4.0379895e+04  4.0379895e+04  4.0375742e+04
5.8212951e-03        25  5.8521956e+04  5.8829233e+04  5.8792578e+04
1.0440195e-02       124  6.6811891e+04  6.7580724e+04  6.8283199e+04
1.6729547e-02       418  6.0171852e+04  6.0719253e+04  6.0703015e+04
2.3240110e-02       730  4.5576277e+04  4.5586615e+04  4.6459620e+04
2.9075630e-02      1012  3.6162389e+04  3.6074025e+04  3.6160150e+04
3.4544381e-02      1408  3.0173331e+04  3.0099916e+04  3.0038394e+04
3.9898901e-02      1841  2.5996424e+04  2.5971884e+04  2.6438799e+04
4.5580519e-02      2698  2.3450056e+04  2.3468231e+04  2.3710022e+04
5.1612543e-02      3532  2.0328500e+04  2.0360631e+04  2.0786202e+04
5.7899473e-02      4702  1.7073118e+04  1.7079624e+04  1.7386776e+04
6.4462744e-02      6019  1.4267508e+04  1.4236728e+04  1.4080767e+04
7.1309305e-02      7766  1.1949786e+04  1.1903856e+04  1.1648450e+04
7.8556104e-02     10012  1.0649485e+04  1.0622183e+04  1.0308211e+04
8.6194331e-02     12589  9.8981146e+03  9.9074684e+03  9.6094082e+03
9.4153926e-02     15650  8.9525396e+03  8.9782966e+03  8.7653806e+03
1.0254095e-01     19757  7.7453064e+03  7.7513269e+03  7.4196209e+03
1.1136076e-01     24241  6.6536925e+03  6.6320322e+03  5.9970771e+03
1.2060245e-01     29993  5.7871034e+03  5.7650092e+03  5.0285415e+03
1.3029316e-01     36494  5.1881186e+03  5.1877221e+03  4.4886016e+03
1.4046583e-01     44825  4.6703038e+03  4.6776174e+03  3.9968577e+03
1.5111985e-01     53906  4.2151571e+03  4.2076495e+03  3.4262410e+03
1.6229170e-01     65729  3.7796989e+03  3.7680947e+03  2.9958041e+03
1.7401323e-01     78746  3.4643347e+03  3.4688078e+03  2.7514981e+03
1.8625264e-01     94374  3.1475871e+03  3.1545053e+03  2.4529651e+03
1.9902230e-01    112166  2.8350465e+03  2.8302397e+03  2.0483513e+03
2.1238854e-01    134373  2.5640329e+03  2.5554467e+03  1.7228833e+03
2.2637810e-01    159077  2.3661312e+03  2.3630934e+03  1.5326109e+03
2.4096993e-01    188172  2.1762578e+03  2.1762388e+03  1.3963318e+03
2.5621802e-01    222492  2.0099647e+03  2.0117694e+03  1.2655983e+03
2.7214102e-01    261771  1.8636234e+03  1.8661282e+03  1.1119924e+03
2.8873063e-01    306759  1.7203766e+03  1.7163476e+03  9.3656020e+02
3.0605468e-01    360898  1.6003343e+03  1.5942143e+03  8.0938875e+02
3.2421519e-01    425046  1.4873747e+03  1.4880399e+03  7.4920861e+02
3.4337900e-01    505555  1.3882218e+03  1.3925971e+03  6.8472045e+02
3.6368055e-01    600292  1.2962759e+03  1.2947265e+03  5.8135050e+02
3.8517334e-01    712930  1.2115251e+03  1.2056094e+03  4.9367923e+02
4.0793004e-01    846715  1.1364536e+03  1.1375069e+03  4.5534043e+02
4.3202621e-01   1005596  1.0628123e+03  1.0667758e+03  4.1094827e+02
4.5754560e-01   1194719  9.9755505e+02  9.9261750e+02  3.4152387e+02
4.8457948e-01   1419743  9.3494464e+02  9.3338734e+02  3.0492572e+02
5.1321525e-01   1686576  8.8028132e+02  8.8399101e+02  2.7802468e+02
5.4354215e-01   2003484  8.2561233e+02  8.1995812e+02  2.3111766e+02
5.7565178e-01   2378778  7.7865994e+02  7.8045422e+02  2.0988867e+02
6.0966698e-01   2828400  7.3339512e+02  7.3336518e+02  1.8352701e+02
6.4568974e-01   3356890  6.9214320e+02  6.8947370e+02  1.5739374e+02
6.8383752e-01   3990317  6.5359539e+02  6.5699582e+02  1.4224060e+02
7.2424344e-01   4738457  6.1836868e+02  6.1480133e+02  1.2021865e+02
7.6703215e-01   5629661  5.8570814e+02  5.8833902e+02  1.0838602e+02
8.1235262e-01   6687903  5.5551432e+02  5.5299986e+02  9.2338566e+01
8.6035444e-01   7945758  5.2731691e+02  5.2797043e+02  8.1821103e+01
9.1118812e-01   9436555  5.0073876e+02  5.0183468e+02  7.1313871e+01
9.6501980e-01  11210320  4.7491656e+02  4.7258794e+02  6.1482014e+01
1.0220366e+00  13318613  4.4995733e+02  4.5103515e+02  5.4286859e+01
1.0824208e+00  15819192  4.2519244e+02  4.2530397e+02  4.7085859e+01
1.1463741e+00  18795348  4.0120161e+02  3.9963920e+02  4.0728966e+01
1.2141088e+00  22326034  3.7761284e+02  3.7677554e+02  3.5526139e+01
1.2858419e+00  26520842  3.5462790e+02  3.5433330e+02  3.0969741e+01
1.3618105e+00  31503438  3.3236093e+02  3.3281328e+02  2.6960832e+01
1.4422695e+00  37426927  3.1080163e+02  3.1102082e+02  2.3407092e+01
1.5275481e+00  44525830  2.9012603e+02  2.9030036e+02  2.0312659e+01
