# Power spectrum from CO𝘕CEPT job 4701040 at t = 2.6131276 Gyr, a = 0.28571429
#
# Components:
#   0: matter  (upstream grid size 1024)
#
#                           grid size 1024
# ╭────────────────────────────────────────────────────────────────╮
#                         component 0    (corrected)      (linear)
#                        σ₈ = 2.63e-01  σ₈ = 2.63e-01  σ₈ = 2.62e-01
#  k [Mpc⁻¹]    modes       P [Mpc³]       P [Mpc³]       P [Mpc³]
3.0679616e-03         3  5.8396910e+03  5.8396910e+03  5.8405219e+03
5.8212951e-03        25  8.4700889e+03  8.5145622e+03  8.5123018e+03
1.0440195e-02       124  9.7490798e+03  9.8612667e+03  9.8963245e+03
1.6729547e-02       418  8.7344752e+03  8.8139352e+03  8.8042478e+03
2.3240110e-02       730  6.7005137e+03  6.7020336e+03  6.7412693e+03
2.9075630e-02      1012  5.2634419e+03  5.2505805e+03  5.2480119e+03
3.4544381e-02      1408  4.3787801e+03  4.3681260e+03  4.3601600e+03
3.9898901e-02      1841  3.8196982e+03  3.8160926e+03  3.8380398e+03
4.5580519e-02      2698  3.4282809e+03  3.4309381e+03  3.4421673e+03
5.1612543e-02      3532  2.9909737e+03  2.9957011e+03  3.0178681e+03
5.7899473e-02      4702  2.5038932e+03  2.5048473e+03  2.5244312e+03
6.4462744e-02      6019  2.0456060e+03  2.0411930e+03  2.0444948e+03
7.1309305e-02      7766  1.6934434e+03  1.6869345e+03  1.6913750e+03
7.8556104e-02     10012  1.4977296e+03  1.4938898e+03  1.4968038e+03
8.6194331e-02     12589  1.3942903e+03  1.3956079e+03  1.3953596e+03
9.4153926e-02     15650  1.2659019e+03  1.2695440e+03  1.2728193e+03
1.0254095e-01     19757  1.0727904e+03  1.0736243e+03  1.0774152e+03
1.1136076e-01     24241  8.7824790e+02  8.7538886e+02  8.7085428e+02
1.2060245e-01     29993  7.3965609e+02  7.3683221e+02  7.3021643e+02
1.3029316e-01     36494  6.5610551e+02  6.5605536e+02  6.5181406e+02
1.4046583e-01     44825  5.8587086e+02  5.8678832e+02  5.8040878e+02
1.5111985e-01     53906  5.0639450e+02  5.0549256e+02  4.9754852e+02
1.6229170e-01     65729  4.4282134e+02  4.4146182e+02  4.3504366e+02
1.7401323e-01     78746  4.0358573e+02  4.0410683e+02  3.9956759e+02
1.8625264e-01     94374  3.5965815e+02  3.6044866e+02  3.5621629e+02
1.9902230e-01    112166  3.0443027e+02  3.0391411e+02  2.9745964e+02
2.1238854e-01    134373  2.6092513e+02  2.6005137e+02  2.5019608e+02
2.2637810e-01    159077  2.3269403e+02  2.3239528e+02  2.2256529e+02
2.4096993e-01    188172  2.0934510e+02  2.0934328e+02  2.0277524e+02
2.5621802e-01    222492  1.8897378e+02  1.8914346e+02  1.8379041e+02
2.7214102e-01    261771  1.6696806e+02  1.6719247e+02  1.6148395e+02
2.8873063e-01    306759  1.4444697e+02  1.4410869e+02  1.3600779e+02
3.0605468e-01    360898  1.2727688e+02  1.2679015e+02  1.1754000e+02
3.2421519e-01    425046  1.1565131e+02  1.1570304e+02  1.0880070e+02
3.4337900e-01    505555  1.0376746e+02  1.0409451e+02  9.9435758e+01
3.6368055e-01    600292  9.1041067e+01  9.0932249e+01  8.4424339e+01
3.8517334e-01    712930  8.0111280e+01  7.9720107e+01  7.1692671e+01
4.0793004e-01    846715  7.1894052e+01  7.1960686e+01  6.6125107e+01
4.3202621e-01   1005596  6.4238089e+01  6.4477651e+01  5.9678455e+01
4.5754560e-01   1194719  5.6233602e+01  5.5955265e+01  4.9596575e+01
4.8457948e-01   1419743  4.9873175e+01  4.9790103e+01  4.4281762e+01
5.1321525e-01   1686576  4.4345348e+01  4.4532228e+01  4.0375170e+01
5.4354215e-01   2003484  3.9035932e+01  3.8768594e+01  3.3563273e+01
5.7565178e-01   2378778  3.4525289e+01  3.4604846e+01  3.0480377e+01
6.0966698e-01   2828400  3.0468640e+01  3.0467396e+01  2.6652102e+01
6.4568974e-01   3356890  2.6864013e+01  2.6760403e+01  2.2856993e+01
6.8383752e-01   3990317  2.3772381e+01  2.3896060e+01  2.0656434e+01
7.2424344e-01   4738457  2.1089440e+01  2.0967775e+01  1.7458372e+01
7.6703215e-01   5629661  1.8939078e+01  1.9024148e+01  1.5740020e+01
8.1235262e-01   6687903  1.7324575e+01  1.7246158e+01  1.3409583e+01
8.6035444e-01   7945758  1.6426339e+01  1.6446696e+01  1.1882220e+01
9.1118812e-01   9436555  1.6368045e+01  1.6403868e+01  1.0356343e+01
9.6501980e-01  11210320  1.7283933e+01  1.7199186e+01  8.9285435e+00
1.0220366e+00  13318613  1.9506146e+01  1.9552871e+01  7.8836509e+00
1.0824208e+00  15819192  2.3464085e+01  2.3470239e+01  6.8379091e+00
1.1463741e+00  18795348  2.9718797e+01  2.9603062e+01  5.9147496e+00
1.2141088e+00  22326034  3.8482811e+01  3.8397481e+01  5.1591857e+00
1.2858419e+00  26520842  4.9580243e+01  4.9539056e+01  4.4974972e+00
1.3618105e+00  31503438  6.1111102e+01  6.1194275e+01  3.9153161e+00
1.4422695e+00  37426927  6.9254836e+01  6.9303677e+01  3.3992352e+00
1.5275481e+00  44525830  7.1533110e+01  7.1576093e+01  2.9498558e+00
