# Power spectrum from CO𝘕CEPT job 4701040 at t = 4.8104512 Gyr, a = 0.43478261
#
# Components:
#   0: matter  (upstream grid size 1024)
#
#                           grid size 1024
# ╭────────────────────────────────────────────────────────────────╮
#                         component 0    (corrected)      (linear)
#                        σ₈ = 3.99e-01  σ₈ = 3.99e-01  σ₈ = 3.89e-01
#  k [Mpc⁻¹]    modes       P [Mpc³]       P [Mpc³]       P [Mpc³]
3.0679616e-03         3  1.2937300e+04  1.2937300e+04  1.2933234e+04
5.8212951e-03        25  1.8759094e+04  1.8857591e+04  1.8842024e+04
1.0440195e-02       124  2.1539740e+04  2.1787608e+04  2.1896312e+04
1.6729547e-02       418  1.9332671e+04  1.9508546e+04  1.9474538e+04
2.3240110e-02       730  1.4776193e+04  1.4779544e+04  1.4909046e+04
2.9075630e-02      1012  1.1643787e+04  1.1615335e+04  1.1605625e+04
3.4544381e-02      1408  9.6956668e+03  9.6720762e+03  9.6417391e+03
3.9898901e-02      1841  8.4263940e+03  8.4184398e+03  8.4868877e+03
4.5580519e-02      2698  7.5748383e+03  7.5807095e+03  7.6113276e+03
5.1612543e-02      3532  6.5969311e+03  6.6073579e+03  6.6729923e+03
5.7899473e-02      4702  5.5264421e+03  5.5285479e+03  5.5818447e+03
6.4462744e-02      6019  4.5414585e+03  4.5316613e+03  4.5205934e+03
7.1309305e-02      7766  3.7677759e+03  3.7532942e+03  3.7397760e+03
7.8556104e-02     10012  3.3384399e+03  3.3298811e+03  3.3095392e+03
8.6194331e-02     12589  3.1098252e+03  3.1127640e+03  3.0852218e+03
9.4153926e-02     15650  2.8221008e+03  2.8302202e+03  2.8142653e+03
1.0254095e-01     19757  2.4018750e+03  2.4037421e+03  2.3822083e+03
1.1136076e-01     24241  1.9896787e+03  1.9832015e+03  1.9254878e+03
1.2060245e-01     29993  1.6895970e+03  1.6831465e+03  1.6145287e+03
1.3029316e-01     36494  1.5015229e+03  1.5014081e+03  1.4411759e+03
1.4046583e-01     44825  1.3461487e+03  1.3482567e+03  1.2832949e+03
1.5111985e-01     53906  1.1762543e+03  1.1741593e+03  1.1000876e+03
1.6229170e-01     65729  1.0350036e+03  1.0318260e+03  9.6188710e+02
1.7401323e-01     78746  9.4379659e+02  9.4501520e+02  8.8344811e+02
1.8625264e-01     94374  8.4548881e+02  8.4734715e+02  7.8759719e+02
1.9902230e-01    112166  7.2857090e+02  7.2733561e+02  6.5768522e+02
2.1238854e-01    134373  6.3684565e+02  6.3471305e+02  5.5318479e+02
2.2637810e-01    159077  5.7341658e+02  5.7268040e+02  4.9209269e+02
2.4096993e-01    188172  5.1748077e+02  5.1747626e+02  4.4833658e+02
2.5621802e-01    222492  4.7028203e+02  4.7070429e+02  4.0636087e+02
2.7214102e-01    261771  4.2117342e+02  4.2173951e+02  3.5704112e+02
2.8873063e-01    306759  3.7382115e+02  3.7294569e+02  3.0071320e+02
3.0605468e-01    360898  3.3532772e+02  3.3404537e+02  2.5988085e+02
3.2421519e-01    425046  3.0654535e+02  3.0668245e+02  2.4055819e+02
3.4337900e-01    505555  2.7718435e+02  2.7805796e+02  2.1985227e+02
3.6368055e-01    600292  2.4965053e+02  2.4935213e+02  1.8666201e+02
3.8517334e-01    712930  2.2561680e+02  2.2451514e+02  1.5851229e+02
4.0793004e-01    846715  2.0450686e+02  2.0469641e+02  1.4620240e+02
4.3202621e-01   1005596  1.8549017e+02  1.8618192e+02  1.3194885e+02
4.5754560e-01   1194719  1.6762947e+02  1.6679977e+02  1.0965783e+02
4.8457948e-01   1419743  1.5186045e+02  1.5160750e+02  9.7906785e+01
5.1321525e-01   1686576  1.3788751e+02  1.3846860e+02  8.9269315e+01
5.4354215e-01   2003484  1.2508235e+02  1.2422572e+02  7.4208233e+01
5.7565178e-01   2378778  1.1369576e+02  1.1395775e+02  6.7391958e+01
6.0966698e-01   2828400  1.0338996e+02  1.0338574e+02  5.8927654e+01
6.4568974e-01   3356890  9.4199804e+01  9.3836488e+01  5.0536682e+01
6.8383752e-01   3990317  8.6283015e+01  8.6731916e+01  4.5671254e+01
7.2424344e-01   4738457  7.9375840e+01  7.8917924e+01  3.8600354e+01
7.6703215e-01   5629661  7.3791125e+01  7.4122579e+01  3.4801085e+01
8.1235262e-01   6687903  6.9509938e+01  6.9195311e+01  2.9648499e+01
8.6035444e-01   7945758  6.6640168e+01  6.6722757e+01  2.6271508e+01
9.1118812e-01   9436555  6.5390215e+01  6.5533327e+01  2.2897800e+01
9.6501980e-01  11210320  6.5821613e+01  6.5498876e+01  1.9740944e+01
1.0220366e+00  13318613  6.7865765e+01  6.8028330e+01  1.7430692e+01
1.0824208e+00  15819192  7.1363825e+01  7.1382544e+01  1.5118562e+01
1.1463741e+00  18795348  7.5720943e+01  7.5426062e+01  1.3077462e+01
1.2141088e+00  22326034  7.9909480e+01  7.9732292e+01  1.1406915e+01
1.2858419e+00  26520842  8.3039735e+01  8.2970753e+01  9.9439252e+00
1.3618105e+00  31503438  8.4754927e+01  8.4870279e+01  8.6567262e+00
1.4422695e+00  37426927  8.5176301e+01  8.5236370e+01  7.5156746e+00
1.5275481e+00  44525830  8.4879683e+01  8.4930686e+01  6.5220996e+00
