# Power spectrum from CO𝘕CEPT job 4701040 at t = 7.9065606 Gyr, a = 0.625
#
# Components:
#   0: matter  (upstream grid size 1024)
#
#                           grid size 1024
# ╭────────────────────────────────────────────────────────────────╮
#                         component 0    (corrected)      (linear)
#                        σ₈ = 5.59e-01  σ₈ = 5.59e-01  σ₈ = 5.31e-01
#  k [Mpc⁻¹]    modes       P [Mpc³]       P [Mpc³]       P [Mpc³]
3.0679616e-03         3  2.4095876e+04  2.4095876e+04  2.4085446e+04
5.8212951e-03        25  3.4930536e+04  3.5113944e+04  3.5079139e+04
1.0440195e-02       124  4.0000505e+04  4.0460808e+04  4.0752397e+04
1.6729547e-02       418  3.5965307e+04  3.6292494e+04  3.6236261e+04
2.3240110e-02       730  2.7372590e+04  2.7378799e+04  2.7737359e+04
2.9075630e-02      1012  2.1642471e+04  2.1589587e+04  2.1589920e+04
3.4544381e-02      1408  1.8039333e+04  1.7995442e+04  1.7935667e+04
3.9898901e-02      1841  1.5612693e+04  1.5597955e+04  1.5786891e+04
4.5580519e-02      2698  1.4058470e+04  1.4069366e+04  1.4157866e+04
5.1612543e-02      3532  1.2217563e+04  1.2236874e+04  1.2412225e+04
5.7899473e-02      4702  1.0245929e+04  1.0249833e+04  1.0382461e+04
6.4462744e-02      6019  8.4839617e+03  8.4656594e+03  8.4083922e+03
7.1309305e-02      7766  7.0654691e+03  7.0383124e+03  6.9559923e+03
7.8556104e-02     10012  6.2760658e+03  6.2599758e+03  6.1557047e+03
8.6194331e-02     12589  5.8434307e+03  5.8489528e+03  5.7384419e+03
9.4153926e-02     15650  5.2968011e+03  5.3120403e+03  5.2344431e+03
1.0254095e-01     19757  4.5393384e+03  4.5428669e+03  4.4308127e+03
1.1136076e-01     24241  3.8224496e+03  3.8100060e+03  3.5813186e+03
1.2060245e-01     29993  3.2819605e+03  3.2694305e+03  3.0029405e+03
1.3029316e-01     36494  2.9269058e+03  2.9266821e+03  2.6805068e+03
1.4046583e-01     44825  2.6305662e+03  2.6346856e+03  2.3868521e+03
1.5111985e-01     53906  2.3339087e+03  2.3297517e+03  2.0460939e+03
1.6229170e-01     65729  2.0714014e+03  2.0650419e+03  1.7890471e+03
1.7401323e-01     78746  1.8917365e+03  1.8941791e+03  1.6431537e+03
1.8625264e-01     94374  1.7065161e+03  1.7102669e+03  1.4648760e+03
1.9902230e-01    112166  1.5021436e+03  1.4995967e+03  1.2232476e+03
2.1238854e-01    134373  1.3380069e+03  1.3335263e+03  1.0288835e+03
2.2637810e-01    159077  1.2195834e+03  1.2180176e+03  9.1525599e+02
2.4096993e-01    188172  1.1090068e+03  1.1089971e+03  8.3387238e+02
2.5621802e-01    222492  1.0160315e+03  1.0169438e+03  7.5580033e+02
2.7214102e-01    261771  9.2640228e+02  9.2764742e+02  6.6406905e+02
2.8873063e-01    306759  8.3992146e+02  8.3795442e+02  5.5930322e+02
3.0605468e-01    360898  7.6728907e+02  7.6435484e+02  4.8335805e+02
3.2421519e-01    425046  7.0760598e+02  7.0792245e+02  4.4741929e+02
3.4337900e-01    505555  6.4970779e+02  6.5175549e+02  4.0890779e+02
3.6368055e-01    600292  5.9698921e+02  5.9627565e+02  3.4717645e+02
3.8517334e-01    712930  5.5044277e+02  5.4775503e+02  2.9482015e+02
4.0793004e-01    846715  5.0772935e+02  5.0819993e+02  2.7192468e+02
4.3202621e-01   1005596  4.6842500e+02  4.7017189e+02  2.4541418e+02
4.5754560e-01   1194719  4.3251077e+02  4.3036999e+02  2.0395466e+02
4.8457948e-01   1419743  3.9972897e+02  3.9906316e+02  1.8209864e+02
5.1321525e-01   1686576  3.7019833e+02  3.7175842e+02  1.6603363e+02
5.4354215e-01   2003484  3.4315722e+02  3.4080711e+02  1.3802123e+02
5.7565178e-01   2378778  3.1862831e+02  3.1936253e+02  1.2534350e+02
6.0966698e-01   2828400  2.9661270e+02  2.9660060e+02  1.0960058e+02
6.4568974e-01   3356890  2.7660407e+02  2.7553725e+02  9.3994057e+01
6.8383752e-01   3990317  2.5880023e+02  2.6014668e+02  8.4944753e+01
7.2424344e-01   4738457  2.4313297e+02  2.4173034e+02  7.1793458e+01
7.6703215e-01   5629661  2.2970609e+02  2.3073788e+02  6.4727125e+01
8.1235262e-01   6687903  2.1828251e+02  2.1729449e+02  5.5143740e+01
8.6035444e-01   7945758  2.0888424e+02  2.0914312e+02  4.8862812e+01
9.1118812e-01   9436555  2.0138511e+02  2.0182586e+02  4.2587993e+01
9.6501980e-01  11210320  1.9504177e+02  1.9408544e+02  3.6716501e+01
1.0220366e+00  13318613  1.8965815e+02  1.9011245e+02  3.2419622e+01
1.0824208e+00  15819192  1.8449801e+02  1.8454640e+02  2.8119253e+01
1.1463741e+00  18795348  1.7934926e+02  1.7865082e+02  2.4322975e+01
1.2141088e+00  22326034  1.7379290e+02  1.7340754e+02  2.1215895e+01
1.2858419e+00  26520842  1.6778127e+02  1.6764190e+02  1.8494857e+01
1.3618105e+00  31503438  1.6141686e+02  1.6163655e+02  1.6100773e+01
1.4422695e+00  37426927  1.5498001e+02  1.5508931e+02  1.3978512e+01
1.5275481e+00  44525830  1.4845982e+02  1.4854902e+02  1.2130546e+01
