# Power spectrum from CO𝘕CEPT job 4701040 at t = 3.8212673 Gyr, a = 0.37037037
#
# Components:
#   0: matter  (upstream grid size 1024)
#
#                           grid size 1024
# ╭────────────────────────────────────────────────────────────────╮
#                         component 0    (corrected)      (linear)
#                        σ₈ = 3.41e-01  σ₈ = 3.41e-01  σ₈ = 3.35e-01
#  k [Mpc⁻¹]    modes       P [Mpc³]       P [Mpc³]       P [Mpc³]
3.0679616e-03         3  9.6036756e+03  9.6036756e+03  9.6048251e+03
5.8212951e-03        25  1.3926864e+04  1.3999989e+04  1.3995034e+04
1.0440195e-02       124  1.6007432e+04  1.6191636e+04  1.6266170e+04
1.6729547e-02       418  1.4356658e+04  1.4487265e+04  1.4468686e+04
2.3240110e-02       730  1.0990170e+04  1.0992663e+04  1.1077410e+04
2.9075630e-02      1012  8.6489405e+03  8.6278065e+03  8.6232454e+03
3.4544381e-02      1408  7.1990852e+03  7.1815690e+03  7.1641723e+03
3.9898901e-02      1841  6.2664703e+03  6.2605550e+03  6.3061574e+03
4.5580519e-02      2698  5.6294618e+03  5.6338251e+03  5.6556314e+03
5.1612543e-02      3532  4.9064180e+03  4.9141729e+03  4.9584351e+03
5.7899473e-02      4702  4.1088913e+03  4.1104570e+03  4.1476711e+03
6.4462744e-02      6019  3.3677482e+03  3.3604830e+03  3.3591082e+03
7.1309305e-02      7766  2.7910189e+03  2.7802914e+03  2.7789178e+03
7.8556104e-02     10012  2.4709317e+03  2.4645969e+03  2.4592286e+03
8.6194331e-02     12589  2.3013790e+03  2.3035538e+03  2.2925498e+03
9.4153926e-02     15650  2.0889593e+03  2.0949694e+03  2.0912129e+03
1.0254095e-01     19757  1.7742141e+03  1.7755933e+03  1.7701645e+03
1.1136076e-01     24241  1.4618057e+03  1.4570469e+03  1.4307878e+03
1.2060245e-01     29993  1.2366769e+03  1.2319555e+03  1.1997222e+03
1.3029316e-01     36494  1.0979750e+03  1.0978911e+03  1.0709083e+03
1.4046583e-01     44825  9.8287307e+02  9.8441223e+02  9.5359091e+02
1.5111985e-01     53906  8.5449801e+02  8.5297606e+02  8.1745372e+02
1.6229170e-01     65729  7.4972373e+02  7.4742197e+02  7.1476002e+02
1.7401323e-01     78746  6.8345921e+02  6.8434168e+02  6.5647380e+02
1.8625264e-01     94374  6.1079813e+02  6.1214063e+02  5.8524900e+02
1.9902230e-01    112166  5.2221110e+02  5.2132570e+02  4.8871397e+02
2.1238854e-01    134373  4.5270290e+02  4.5118694e+02  4.1106172e+02
2.2637810e-01    159077  4.0586262e+02  4.0534155e+02  3.6566536e+02
2.4096993e-01    188172  3.6560873e+02  3.6560554e+02  3.3315104e+02
2.5621802e-01    222492  3.3124710e+02  3.3154452e+02  3.0195969e+02
2.7214102e-01    261771  2.9483075e+02  2.9522702e+02  2.6531109e+02
2.8873063e-01    306759  2.5901949e+02  2.5841288e+02  2.2345481e+02
3.0605468e-01    360898  2.3063812e+02  2.2975612e+02  1.9311302e+02
3.2421519e-01    425046  2.1016817e+02  2.1026216e+02  1.7875471e+02
3.4337900e-01    505555  1.8921925e+02  1.8981562e+02  1.6336850e+02
3.6368055e-01    600292  1.6870482e+02  1.6850317e+02  1.3870539e+02
3.8517334e-01    712930  1.5090595e+02  1.5016910e+02  1.1778782e+02
4.0793004e-01    846715  1.3606889e+02  1.3619501e+02  1.0864055e+02
4.3202621e-01   1005596  1.2257530e+02  1.2303242e+02  9.8048987e+01
4.5754560e-01   1194719  1.0948789e+02  1.0894596e+02  8.1484910e+01
4.8457948e-01   1419743  9.8291185e+01  9.8127465e+01  7.2752908e+01
5.1321525e-01   1686576  8.8433910e+01  8.8806589e+01  6.6334551e+01
5.4354215e-01   2003484  7.9310443e+01  7.8767284e+01  5.5142913e+01
5.7565178e-01   2378778  7.1327530e+01  7.1491891e+01  5.0077854e+01
6.0966698e-01   2828400  6.4065208e+01  6.4062593e+01  4.3788171e+01
6.4568974e-01   3356890  5.7644039e+01  5.7421714e+01  3.7552980e+01
6.8383752e-01   3990317  5.2122450e+01  5.2393625e+01  3.3937561e+01
7.2424344e-01   4738457  4.7325965e+01  4.7052943e+01  2.8683293e+01
7.6703215e-01   5629661  4.3476766e+01  4.3672054e+01  2.5860118e+01
8.1235262e-01   6687903  4.0571046e+01  4.0387407e+01  2.2031317e+01
8.6035444e-01   7945758  3.8774738e+01  3.8822792e+01  1.9521931e+01
9.1118812e-01   9436555  3.8291894e+01  3.8375699e+01  1.7014984e+01
9.6501980e-01  11210320  3.9263512e+01  3.9070995e+01  1.4669176e+01
1.0220366e+00  13318613  4.1912691e+01  4.2013088e+01  1.2952466e+01
1.0824208e+00  15819192  4.6395538e+01  4.6407707e+01  1.1234360e+01
1.1463741e+00  18795348  5.2577116e+01  5.2372365e+01  9.7176519e+00
1.2141088e+00  22326034  5.9551091e+01  5.9419045e+01  8.4762956e+00
1.2858419e+00  26520842  6.6137449e+01  6.6082508e+01  7.3891721e+00
1.3618105e+00  31503438  7.0955498e+01  7.1052069e+01  6.4326756e+00
1.4422695e+00  37426927  7.3334823e+01  7.3386541e+01  5.5847787e+00
1.5275481e+00  44525830  7.3963937e+01  7.4008380e+01  4.8464693e+00
