# Power spectrum from CO𝘕CEPT job 4701040 at t = 4.270144 Gyr, a = 0.4
#
# Components:
#   0: matter  (upstream grid size 1024)
#
#                           grid size 1024
# ╭────────────────────────────────────────────────────────────────╮
#                         component 0    (corrected)      (linear)
#                        σ₈ = 3.68e-01  σ₈ = 3.68e-01  σ₈ = 3.60e-01
#  k [Mpc⁻¹]    modes       P [Mpc³]       P [Mpc³]       P [Mpc³]
3.0679616e-03         3  1.1093174e+04  1.1093174e+04  1.1092803e+04
5.8212951e-03        25  1.6086017e+04  1.6170478e+04  1.6161978e+04
1.0440195e-02       124  1.8480436e+04  1.8693098e+04  1.8783341e+04
1.6729547e-02       418  1.6580377e+04  1.6731213e+04  1.6706823e+04
2.3240110e-02       730  1.2683232e+04  1.2686109e+04  1.2790586e+04
2.9075630e-02      1012  9.9874864e+03  9.9630816e+03  9.9567219e+03
3.4544381e-02      1408  8.3147546e+03  8.2945239e+03  8.2719457e+03
3.9898901e-02      1841  7.2323320e+03  7.2255049e+03  7.2812136e+03
4.5580519e-02      2698  6.4991489e+03  6.5041863e+03  6.5300729e+03
5.1612543e-02      3532  5.6624234e+03  5.6713731e+03  5.7250594e+03
5.7899473e-02      4702  4.7427098e+03  4.7445170e+03  4.7889299e+03
6.4462744e-02      6019  3.8918824e+03  3.8834865e+03  3.8784414e+03
7.1309305e-02      7766  3.2269185e+03  3.2145156e+03  3.2085456e+03
7.8556104e-02     10012  2.8579186e+03  2.8505917e+03  2.8394278e+03
8.6194331e-02     12589  2.6620565e+03  2.6645721e+03  2.6469774e+03
9.4153926e-02     15650  2.4160973e+03  2.4230486e+03  2.4145117e+03
1.0254095e-01     19757  2.0539565e+03  2.0555531e+03  2.0438281e+03
1.1136076e-01     24241  1.6964362e+03  1.6909136e+03  1.6519835e+03
1.2060245e-01     29993  1.4376290e+03  1.4321403e+03  1.3851952e+03
1.3029316e-01     36494  1.2769162e+03  1.2768186e+03  1.2364666e+03
1.4046583e-01     44825  1.1439033e+03  1.1456947e+03  1.1010120e+03
1.5111985e-01     53906  9.9676520e+02  9.9498985e+02  9.4382826e+02
1.6229170e-01     65729  8.7568680e+02  8.7299832e+02  8.2525839e+02
1.7401323e-01     78746  7.9838538e+02  7.9941624e+02  7.5796124e+02
1.8625264e-01     94374  7.1428509e+02  7.1585505e+02  6.7572534e+02
1.9902230e-01    112166  6.1290695e+02  6.1186777e+02  5.6426642e+02
2.1238854e-01    134373  5.3339854e+02  5.3161235e+02  4.7460950e+02
2.2637810e-01    159077  4.7914977e+02  4.7853461e+02  4.2219507e+02
2.4096993e-01    188172  4.3195561e+02  4.3195184e+02  3.8465420e+02
2.5621802e-01    222492  3.9190867e+02  3.9226056e+02  3.4864082e+02
2.7214102e-01    261771  3.4980126e+02  3.5027141e+02  3.0632654e+02
2.8873063e-01    306759  3.0882531e+02  3.0810207e+02  2.5799953e+02
3.0605468e-01    360898  2.7594399e+02  2.7488873e+02  2.2296707e+02
3.2421519e-01    425046  2.5180930e+02  2.5192192e+02  2.0638904e+02
3.4337900e-01    505555  2.2712941e+02  2.2784526e+02  1.8862422e+02
3.6368055e-01    600292  2.0350206e+02  2.0325882e+02  1.6014835e+02
3.8517334e-01    712930  1.8294046e+02  1.8204718e+02  1.3599705e+02
4.0793004e-01    846715  1.6533336e+02  1.6548660e+02  1.2543567e+02
4.3202621e-01   1005596  1.4940683e+02  1.4996401e+02  1.1320671e+02
4.5754560e-01   1194719  1.3422490e+02  1.3356053e+02  9.4081934e+01
4.8457948e-01   1419743  1.2101659e+02  1.2081502e+02  8.4000021e+01
5.1321525e-01   1686576  1.0935023e+02  1.0981106e+02  7.6589427e+01
5.4354215e-01   2003484  9.8609029e+01  9.7933704e+01  6.3667635e+01
5.7565178e-01   2378778  8.9147512e+01  8.9352936e+01  5.7819551e+01
6.0966698e-01   2828400  8.0542724e+01  8.0539436e+01  5.0557525e+01
6.4568974e-01   3356890  7.2911048e+01  7.2629841e+01  4.3358414e+01
6.8383752e-01   3990317  6.6351318e+01  6.6696520e+01  3.9184075e+01
7.2424344e-01   4738457  6.0635376e+01  6.0285573e+01  3.3117532e+01
7.6703215e-01   5629661  5.6040346e+01  5.6292067e+01  2.9857914e+01
8.1235262e-01   6687903  5.2552272e+01  5.2314402e+01  2.5437206e+01
8.6035444e-01   7945758  5.0311682e+01  5.0374035e+01  2.2539886e+01
9.1118812e-01   9436555  4.9542339e+01  4.9650767e+01  1.9645382e+01
9.6501980e-01  11210320  5.0349308e+01  5.0102434e+01  1.6936928e+01
1.0220366e+00  13318613  5.2842860e+01  5.2969438e+01  1.4954826e+01
1.0824208e+00  15819192  5.7029046e+01  5.7044005e+01  1.2971113e+01
1.1463741e+00  18795348  6.2525667e+01  6.2282173e+01  1.1219932e+01
1.2141088e+00  22326034  6.8291793e+01  6.8140366e+01  9.7866705e+00
1.2858419e+00  26520842  7.3224511e+01  7.3163682e+01  8.5314852e+00
1.3618105e+00  31503438  7.6478131e+01  7.6582219e+01  7.4271209e+00
1.4422695e+00  37426927  7.7896206e+01  7.7951141e+01  6.4481450e+00
1.5275481e+00  44525830  7.8162874e+01  7.8209840e+01  5.5956981e+00
