# Power spectrum from CO𝘕CEPT job 4701040 at t = 2.8499413 Gyr, a = 0.3030303
#
# Components:
#   0: matter  (upstream grid size 1024)
#
#                           grid size 1024
# ╭────────────────────────────────────────────────────────────────╮
#                         component 0    (corrected)      (linear)
#                        σ₈ = 2.79e-01  σ₈ = 2.79e-01  σ₈ = 2.77e-01
#  k [Mpc⁻¹]    modes       P [Mpc³]       P [Mpc³]       P [Mpc³]
3.0679616e-03         3  6.5448121e+03  6.5448121e+03  6.5459445e+03
5.8212951e-03        25  9.4923979e+03  9.5422390e+03  9.5398558e+03
1.0440195e-02       124  1.0922561e+04  1.1048251e+04  1.1090268e+04
1.6729547e-02       418  9.7880129e+03  9.8770572e+03  9.8660622e+03
2.3240110e-02       730  7.5054299e+03  7.5071324e+03  7.5541302e+03
2.9075630e-02      1012  5.8979832e+03  5.8835713e+03  5.8807557e+03
3.4544381e-02      1408  4.9072078e+03  4.8952681e+03  4.8858273e+03
3.9898901e-02      1841  4.2787538e+03  4.2747148e+03  4.3007421e+03
4.5580519e-02      2698  3.8410221e+03  3.8439992e+03  3.8571327e+03
5.1612543e-02      3532  3.3503684e+03  3.3556639e+03  3.3816749e+03
5.7899473e-02      4702  2.8049419e+03  2.8060108e+03  2.8287488e+03
6.4462744e-02      6019  2.2930142e+03  2.2880675e+03  2.2909535e+03
7.1309305e-02      7766  1.8986161e+03  1.8913186e+03  1.8952640e+03
7.8556104e-02     10012  1.6795137e+03  1.6752079e+03  1.6772365e+03
8.6194331e-02     12589  1.5637117e+03  1.5651894e+03  1.5635626e+03
9.4153926e-02     15650  1.4196564e+03  1.4237408e+03  1.4262500e+03
1.0254095e-01     19757  1.2035621e+03  1.2044977e+03  1.2072905e+03
1.1136076e-01     24241  9.8651020e+02  9.8329873e+02  9.7582968e+02
1.2060245e-01     29993  8.3154680e+02  8.2837210e+02  8.1823867e+02
1.3029316e-01     36494  7.3772486e+02  7.3766848e+02  7.3038528e+02
1.4046583e-01     44825  6.5910887e+02  6.6014102e+02  6.5037251e+02
1.5111985e-01     53906  5.7031687e+02  5.6930107e+02  5.5752398e+02
1.6229170e-01     65729  4.9902865e+02  4.9749656e+02  4.8748459e+02
1.7401323e-01     78746  4.5482940e+02  4.5541667e+02  4.4773212e+02
1.8625264e-01     94374  4.0554044e+02  4.0643180e+02  3.9915513e+02
1.9902230e-01    112166  3.4394310e+02  3.4335995e+02  3.3331584e+02
2.1238854e-01    134373  2.9547119e+02  2.9448175e+02  2.8035504e+02
2.2637810e-01    159077  2.6377336e+02  2.6343471e+02  2.4939358e+02
2.4096993e-01    188172  2.3733900e+02  2.3733693e+02  2.2721800e+02
2.5621802e-01    222492  2.1439040e+02  2.1458290e+02  2.0594470e+02
2.7214102e-01    261771  1.8969092e+02  1.8994588e+02  1.8094939e+02
2.8873063e-01    306759  1.6463817e+02  1.6425260e+02  1.5240230e+02
3.0605468e-01    360898  1.4538617e+02  1.4483019e+02  1.3170838e+02
3.2421519e-01    425046  1.3215738e+02  1.3221649e+02  1.2191563e+02
3.4337900e-01    505555  1.1862967e+02  1.1900356e+02  1.1142183e+02
3.6368055e-01    600292  1.0444410e+02  1.0431926e+02  9.4600919e+01
3.8517334e-01    712930  9.2233887e+01  9.1783521e+01  8.0334564e+01
4.0793004e-01    846715  8.2829848e+01  8.2906618e+01  7.4095879e+01
4.3202621e-01   1005596  7.4120752e+01  7.4397170e+01  6.6872141e+01
4.5754560e-01   1194719  6.5180009e+01  6.4857391e+01  5.5574983e+01
4.8457948e-01   1419743  5.7944576e+01  5.7848060e+01  4.9619517e+01
5.1321525e-01   1686576  5.1636487e+01  5.1854094e+01  4.5242021e+01
5.4354215e-01   2003484  4.5646908e+01  4.5334294e+01  3.7609013e+01
5.7565178e-01   2378778  4.0511983e+01  4.0605336e+01  3.4154502e+01
6.0966698e-01   2828400  3.5881241e+01  3.5879776e+01  2.9864764e+01
6.4568974e-01   3356890  3.1779709e+01  3.1657139e+01  2.5612189e+01
6.8383752e-01   3990317  2.8251980e+01  2.8398966e+01  2.3146373e+01
7.2424344e-01   4738457  2.5197238e+01  2.5051876e+01  1.9562815e+01
7.6703215e-01   5629661  2.2749109e+01  2.2851294e+01  1.7637331e+01
8.1235262e-01   6687903  2.0910143e+01  2.0815497e+01  1.5025982e+01
8.6035444e-01   7945758  1.9865543e+01  1.9890163e+01  1.3314510e+01
9.1118812e-01   9436555  1.9754963e+01  1.9798198e+01  1.1604702e+01
9.6501980e-01  11210320  2.0724690e+01  2.0623073e+01  1.0004795e+01
1.0220366e+00  13318613  2.3108961e+01  2.3164316e+01  8.8339501e+00
1.0824208e+00  15819192  2.7313210e+01  2.7320375e+01  7.6621538e+00
1.1463741e+00  18795348  3.3791130e+01  3.3659537e+01  6.6277161e+00
1.2141088e+00  22326034  4.2479910e+01  4.2385717e+01  5.7810761e+00
1.2858419e+00  26520842  5.2810969e+01  5.2767098e+01  5.0396273e+00
1.3618105e+00  31503438  6.2695286e+01  6.2780615e+01  4.3872696e+00
1.4422695e+00  37426927  6.9014975e+01  6.9063647e+01  3.8089800e+00
1.5275481e+00  44525830  7.0647539e+01  7.0689990e+01  3.3054322e+00
