# Power spectrum from CO𝘕CEPT job 4701040 at t = 13.789883 Gyr, a = 1
#
# Components:
#   0: matter  (upstream grid size 1024)
#
#                           grid size 1024
# ╭────────────────────────────────────────────────────────────────╮
#                         component 0    (corrected)      (linear)
#                        σ₈ = 7.95e-01  σ₈ = 7.94e-01  σ₈ = 7.24e-01
#  k [Mpc⁻¹]    modes       P [Mpc³]       P [Mpc³]       P [Mpc³]
3.0679616e-03         3  4.4853044e+04  4.4853044e+04  4.4855387e+04
5.8212951e-03        25  6.5000876e+04  6.5342172e+04  6.5312157e+04
1.0440195e-02       124  7.4153726e+04  7.5007045e+04  7.5851230e+04
1.6729547e-02       418  6.6807629e+04  6.7415396e+04  6.7427858e+04
2.3240110e-02       730  5.0544240e+04  5.0555705e+04  5.1605103e+04
2.9075630e-02      1012  4.0136700e+04  4.0038624e+04  4.0164313e+04
3.4544381e-02      1408  3.3497518e+04  3.3416015e+04  3.3364327e+04
3.9898901e-02      1841  2.8830430e+04  2.8803215e+04  2.9365961e+04
4.5580519e-02      2698  2.6017283e+04  2.6037449e+04  2.6334917e+04
5.1612543e-02      3532  2.2540608e+04  2.2576235e+04  2.3087301e+04
5.7899473e-02      4702  1.8938601e+04  1.8945818e+04  1.9311478e+04
6.4462744e-02      6019  1.5862146e+04  1.5827927e+04  1.5639452e+04
7.1309305e-02      7766  1.3306020e+04  1.3254877e+04  1.2937857e+04
7.8556104e-02     10012  1.1868497e+04  1.1838069e+04  1.1449241e+04
8.6194331e-02     12589  1.1025116e+04  1.1035535e+04  1.0673069e+04
9.4153926e-02     15650  9.9654221e+03  9.9940933e+03  9.7356039e+03
1.0254095e-01     19757  8.6429271e+03  8.6496454e+03  8.2408756e+03
1.1136076e-01     24241  7.4606731e+03  7.4363858e+03  6.6608689e+03
1.2060245e-01     29993  6.5090789e+03  6.4842283e+03  5.5851257e+03
1.3029316e-01     36494  5.8434224e+03  5.8429758e+03  4.9854194e+03
1.4046583e-01     44825  5.2629416e+03  5.2711832e+03  4.4392448e+03
1.5111985e-01     53906  4.7679421e+03  4.7594499e+03  3.8054683e+03
1.6229170e-01     65729  4.2859683e+03  4.2728098e+03  3.3273880e+03
1.7401323e-01     78746  3.9328510e+03  3.9379290e+03  3.0560405e+03
1.8625264e-01     94374  3.5788182e+03  3.5866842e+03  2.7244642e+03
1.9902230e-01    112166  3.2400570e+03  3.2345635e+03  2.2750664e+03
2.1238854e-01    134373  2.9397143e+03  2.9298701e+03  1.9135747e+03
2.2637810e-01    159077  2.7197068e+03  2.7162151e+03  1.7022423e+03
2.4096993e-01    188172  2.5083911e+03  2.5083692e+03  1.5508794e+03
2.5621802e-01    222492  2.3210303e+03  2.3231143e+03  1.4056759e+03
2.7214102e-01    261771  2.1585877e+03  2.1614890e+03  1.2350686e+03
2.8873063e-01    306759  1.9998259e+03  1.9951425e+03  1.0402193e+03
3.0605468e-01    360898  1.8672165e+03  1.8600760e+03  8.9897237e+02
3.2421519e-01    425046  1.7390290e+03  1.7398067e+03  8.3213138e+02
3.4337900e-01    505555  1.6282639e+03  1.6333958e+03  7.6050559e+02
3.6368055e-01    600292  1.5256834e+03  1.5238598e+03  6.4569457e+02
3.8517334e-01    712930  1.4295018e+03  1.4225217e+03  5.4831977e+02
4.0793004e-01    846715  1.3448392e+03  1.3460856e+03  5.0573760e+02
4.3202621e-01   1005596  1.2614022e+03  1.2661063e+03  4.5643209e+02
4.5754560e-01   1194719  1.1876411e+03  1.1817627e+03  3.7932376e+02
4.8457948e-01   1419743  1.1158589e+03  1.1140003e+03  3.3867492e+02
5.1321525e-01   1686576  1.0530388e+03  1.0574765e+03  3.0879645e+02
5.4354215e-01   2003484  9.9069998e+02  9.8391516e+02  2.5669775e+02
5.7565178e-01   2378778  9.3629659e+02  9.3845411e+02  2.3311914e+02
6.0966698e-01   2828400  8.8417133e+02  8.8413524e+02  2.0383976e+02
6.4568974e-01   3356890  8.3598333e+02  8.3275907e+02  1.7481406e+02
6.8383752e-01   3990317  7.9026833e+02  7.9437983e+02  1.5798377e+02
7.2424344e-01   4738457  7.4809894e+02  7.4378319e+02  1.3352443e+02
7.6703215e-01   5629661  7.0889348e+02  7.1207767e+02  1.2038216e+02
8.1235262e-01   6687903  6.7172523e+02  6.6868477e+02  1.0255858e+02
8.6035444e-01   7945758  6.3672374e+02  6.3751285e+02  9.0877043e+01
9.1118812e-01   9436555  6.0322031e+02  6.0454051e+02  7.9206872e+01
9.6501980e-01  11210320  5.7036337e+02  5.6756676e+02  6.8286826e+01
1.0220366e+00  13318613  5.3894752e+02  5.4023850e+02  6.0295312e+01
1.0824208e+00  15819192  5.0794921e+02  5.0808245e+02  5.2297307e+01
1.1463741e+00  18795348  4.7759557e+02  4.7573567e+02  4.5236834e+01
1.2141088e+00  22326034  4.4806350e+02  4.4706998e+02  3.9458159e+01
1.2858419e+00  26520842  4.1952404e+02  4.1917554e+02  3.4397460e+01
1.3618105e+00  31503438  3.9195633e+02  3.9248979e+02  2.9944846e+01
1.4422695e+00  37426927  3.6546288e+02  3.6572062e+02  2.5997779e+01
1.5275481e+00  44525830  3.4006978e+02  3.4027412e+02  2.2560855e+01
