# Power spectrum from CO𝘕CEPT job 4701040 at t = 2.4070076 Gyr, a = 0.27027027
#
# Components:
#   0: matter  (upstream grid size 1024)
#
#                           grid size 1024
# ╭────────────────────────────────────────────────────────────────╮
#                         component 0    (corrected)      (linear)
#                        σ₈ = 2.49e-01  σ₈ = 2.49e-01  σ₈ = 2.48e-01
#  k [Mpc⁻¹]    modes       P [Mpc³]       P [Mpc³]       P [Mpc³]
3.0679616e-03         3  5.2410787e+03  5.2410787e+03  5.2416661e+03
5.8212951e-03        25  7.6021687e+03  7.6420849e+03  7.6399330e+03
1.0440195e-02       124  8.7524173e+03  8.8531352e+03  8.8826348e+03
1.6729547e-02       418  7.8399564e+03  7.9112787e+03  7.9026998e+03
2.3240110e-02       730  6.0166588e+03  6.0180236e+03  6.0510816e+03
2.9075630e-02      1012  4.7246295e+03  4.7130847e+03  4.7107519e+03
3.4544381e-02      1408  3.9301458e+03  3.9205833e+03  3.9138147e+03
3.9898901e-02      1841  3.4297141e+03  3.4264766e+03  3.4451561e+03
4.5580519e-02      2698  3.0777388e+03  3.0801243e+03  3.0898159e+03
5.1612543e-02      3532  2.6856480e+03  2.6898928e+03  2.7089550e+03
5.7899473e-02      4702  2.2481713e+03  2.2490280e+03  2.2660306e+03
6.4462744e-02      6019  1.8356722e+03  1.8317122e+03  1.8352227e+03
7.1309305e-02      7766  1.5194224e+03  1.5135824e+03  1.5182493e+03
7.8556104e-02     10012  1.3435987e+03  1.3401541e+03  1.3435950e+03
8.6194331e-02     12589  1.2506549e+03  1.2518368e+03  1.2525351e+03
9.4153926e-02     15650  1.1355410e+03  1.1388080e+03  1.1425383e+03
1.0254095e-01     19757  9.6200849e+02  9.6275628e+02  9.6713534e+02
1.1136076e-01     24241  7.8673322e+02  7.8417210e+02  7.8171744e+02
1.2060245e-01     29993  6.6209959e+02  6.5957181e+02  6.5547485e+02
1.3029316e-01     36494  5.8724368e+02  5.8719879e+02  5.8509751e+02
1.4046583e-01     44825  5.2412409e+02  5.2494486e+02  5.2100104e+02
1.5111985e-01     53906  4.5260892e+02  4.5180277e+02  4.4662201e+02
1.6229170e-01     65729  3.9558331e+02  3.9436881e+02  3.9051488e+02
1.7401323e-01     78746  3.6052366e+02  3.6098916e+02  3.5867000e+02
1.8625264e-01     94374  3.2113892e+02  3.2184476e+02  3.1975594e+02
1.9902230e-01    112166  2.7136471e+02  2.7090461e+02  2.6701332e+02
2.1238854e-01    134373  2.3211618e+02  2.3133889e+02  2.2458741e+02
2.2637810e-01    159077  2.0681853e+02  2.0655300e+02  1.9978477e+02
2.4096993e-01    188172  1.8605439e+02  1.8605277e+02  1.8202033e+02
2.5621802e-01    222492  1.6785414e+02  1.6800486e+02  1.6497868e+02
2.7214102e-01    261771  1.4813014e+02  1.4832924e+02  1.4495539e+02
2.8873063e-01    306759  1.2777990e+02  1.2748065e+02  1.2208682e+02
3.0605468e-01    360898  1.1237095e+02  1.1194122e+02  1.0550930e+02
3.2421519e-01    425046  1.0208255e+02  1.0212820e+02  9.7664501e+01
3.4337900e-01    505555  9.1568565e+01  9.1857164e+01  8.9258102e+01
3.6368055e-01    600292  8.0085158e+01  7.9989434e+01  7.5783165e+01
3.8517334e-01    712930  7.0242516e+01  6.9899531e+01  6.4354637e+01
4.0793004e-01    846715  6.3008914e+01  6.3067312e+01  5.9356936e+01
4.3202621e-01   1005596  5.6229582e+01  5.6439278e+01  5.3570126e+01
4.5754560e-01   1194719  4.9017152e+01  4.8774534e+01  4.4520168e+01
4.8457948e-01   1419743  4.3385753e+01  4.3313487e+01  3.9749347e+01
5.1321525e-01   1686576  3.8507135e+01  3.8669412e+01  3.6242611e+01
5.4354215e-01   2003484  3.3762086e+01  3.3530866e+01  3.0127939e+01
5.7565178e-01   2378778  2.9772289e+01  2.9840894e+01  2.7360591e+01
6.0966698e-01   2828400  2.6190846e+01  2.6189776e+01  2.3924155e+01
6.4568974e-01   3356890  2.2996089e+01  2.2907397e+01  2.0517490e+01
6.8383752e-01   3990317  2.0267455e+01  2.0372900e+01  1.8542167e+01
7.2424344e-01   4738457  1.7891052e+01  1.7787839e+01  1.5671440e+01
7.6703215e-01   5629661  1.5986144e+01  1.6057950e+01  1.4128968e+01
8.1235262e-01   6687903  1.4555848e+01  1.4489964e+01  1.2037060e+01
8.6035444e-01   7945758  1.3774797e+01  1.3791868e+01  1.0666029e+01
9.1118812e-01   9436555  1.3752717e+01  1.3782816e+01  9.2963312e+00
9.6501980e-01  11210320  1.4610686e+01  1.4539047e+01  8.0146730e+00
1.0220366e+00  13318613  1.6669875e+01  1.6709806e+01  7.0767293e+00
1.0824208e+00  15819192  2.0365295e+01  2.0370637e+01  6.1380232e+00
1.1463741e+00  18795348  2.6328011e+01  2.6225482e+01  5.3093527e+00
1.2141088e+00  22326034  3.5004289e+01  3.4926672e+01  4.6311237e+00
1.2858419e+00  26520842  4.6628071e+01  4.6589336e+01  4.0371617e+00
1.3618105e+00  31503438  5.9676823e+01  5.9758044e+01  3.5145690e+00
1.4422695e+00  37426927  6.9876372e+01  6.9925651e+01  3.0513110e+00
1.5275481e+00  44525830  7.3092445e+01  7.3136364e+01  2.6479273e+00
