# Power spectrum from CO𝘕CEPT job 4701040 at t = 4.0356418 Gyr, a = 0.38461538
#
# Components:
#   0: matter  (upstream grid size 1024)
#
#                           grid size 1024
# ╭────────────────────────────────────────────────────────────────╮
#                         component 0    (corrected)      (linear)
#                        σ₈ = 3.54e-01  σ₈ = 3.54e-01  σ₈ = 3.48e-01
#  k [Mpc⁻¹]    modes       P [Mpc³]       P [Mpc³]       P [Mpc³]
3.0679616e-03         3  1.0309785e+04  1.0309785e+04  1.0310366e+04
5.8212951e-03        25  1.4950441e+04  1.5028940e+04  1.5022532e+04
1.0440195e-02       124  1.7180012e+04  1.7377710e+04  1.7459757e+04
1.6729547e-02       418  1.5410907e+04  1.5551105e+04  1.5529978e+04
2.3240110e-02       730  1.1793076e+04  1.1795751e+04  1.1889781e+04
2.9075630e-02      1012  9.2835725e+03  9.2608878e+03  9.2555699e+03
3.4544381e-02      1408  7.7280094e+03  7.7092063e+03  7.6894717e+03
3.9898901e-02      1841  6.7245062e+03  6.7181584e+03  6.7685242e+03
4.5580519e-02      2698  6.0418396e+03  6.0465225e+03  6.0702879e+03
5.1612543e-02      3532  5.2649442e+03  5.2732657e+03  5.3219656e+03
5.7899473e-02      4702  4.4094482e+03  4.4111284e+03  4.4517540e+03
6.4462744e-02      6019  3.6161570e+03  3.6083559e+03  3.6053746e+03
7.1309305e-02      7766  2.9975529e+03  2.9860316e+03  2.9826463e+03
7.8556104e-02     10012  2.6542579e+03  2.6474531e+03  2.6395182e+03
8.6194331e-02     12589  2.4722473e+03  2.4745836e+03  2.4606186e+03
9.4153926e-02     15650  2.2439491e+03  2.2504051e+03  2.2445206e+03
1.0254095e-01     19757  1.9066823e+03  1.9081644e+03  1.8999353e+03
1.1136076e-01     24241  1.5727816e+03  1.5676616e+03  1.5356785e+03
1.2060245e-01     29993  1.3316485e+03  1.3265645e+03  1.2876732e+03
1.3029316e-01     36494  1.1825231e+03  1.1824327e+03  1.1494158e+03
1.4046583e-01     44825  1.0589454e+03  1.0606037e+03  1.0234978e+03
1.5111985e-01     53906  9.2163307e+02  9.1999154e+02  8.7738037e+02
1.6229170e-01     65729  8.0912881e+02  8.0664466e+02  7.6715821e+02
1.7401323e-01     78746  7.3765482e+02  7.3860727e+02  7.0459903e+02
1.8625264e-01     94374  6.5957523e+02  6.6102494e+02  6.2815278e+02
1.9902230e-01    112166  5.6489703e+02  5.6393924e+02  5.2454086e+02
2.1238854e-01    134373  4.9063141e+02  4.8898844e+02  4.4119601e+02
2.2637810e-01    159077  4.4028054e+02  4.3971528e+02  3.9247169e+02
2.4096993e-01    188172  3.9675150e+02  3.9674804e+02  3.5757379e+02
2.5621802e-01    222492  3.5970493e+02  3.6002790e+02  3.2409583e+02
2.7214102e-01    261771  3.2058741e+02  3.2101830e+02  2.8476057e+02
2.8873063e-01    306759  2.8232479e+02  2.8166360e+02  2.3983588e+02
3.0605468e-01    360898  2.5181417e+02  2.5085119e+02  2.0726978e+02
3.2421519e-01    425046  2.2961707e+02  2.2971977e+02  1.9185888e+02
3.4337900e-01    505555  2.0690651e+02  2.0755863e+02  1.7534474e+02
3.6368055e-01    600292  1.8492035e+02  1.8469932e+02  1.4887362e+02
3.8517334e-01    712930  1.6581604e+02  1.6500638e+02  1.2642262e+02
4.0793004e-01    846715  1.4967384e+02  1.4981256e+02  1.1660478e+02
4.3202621e-01   1005596  1.3503422e+02  1.3553780e+02  1.0523677e+02
4.5754560e-01   1194719  1.2096106e+02  1.2036234e+02  8.7458407e+01
4.8457948e-01   1419743  1.0881713e+02  1.0863588e+02  7.8086279e+01
5.1321525e-01   1686576  9.8108251e+01  9.8521700e+01  7.1197404e+01
5.4354215e-01   2003484  8.8224134e+01  8.7619930e+01  5.9185329e+01
5.7565178e-01   2378778  7.9548511e+01  7.9731815e+01  5.3748960e+01
6.0966698e-01   2828400  7.1653612e+01  7.1650687e+01  4.6998193e+01
6.4568974e-01   3356890  6.4664263e+01  6.4414862e+01  4.0305911e+01
6.8383752e-01   3990317  5.8656638e+01  5.8961809e+01  3.6425453e+01
7.2424344e-01   4738457  5.3429572e+01  5.3121339e+01  3.0786005e+01
7.6703215e-01   5629661  4.9232194e+01  4.9453335e+01  2.7755870e+01
8.1235262e-01   6687903  4.6056295e+01  4.5847828e+01  2.3646387e+01
8.6035444e-01   7945758  4.4056200e+01  4.4110800e+01  2.0953042e+01
9.1118812e-01   9436555  4.3447658e+01  4.3542748e+01  1.8262316e+01
9.6501980e-01  11210320  4.4355779e+01  4.4138293e+01  1.5744542e+01
1.0220366e+00  13318613  4.6954738e+01  4.7067212e+01  1.3901983e+01
1.0824208e+00  15819192  5.1328920e+01  5.1342383e+01  1.2057927e+01
1.1463741e+00  18795348  5.7218551e+01  5.6995724e+01  1.0430032e+01
1.2141088e+00  22326034  6.3632975e+01  6.3491878e+01  9.0976742e+00
1.2858419e+00  26520842  6.9412774e+01  6.9355112e+01  7.9308560e+00
1.3618105e+00  31503438  7.3440086e+01  7.3540039e+01  6.9042407e+00
1.4422695e+00  37426927  7.5331853e+01  7.5384980e+01  5.9941863e+00
1.5275481e+00  44525830  7.5797175e+01  7.5842720e+01  5.2017530e+00
