# Power spectrum from CO𝘕CEPT job 4701040 at t = 2.3137796 Gyr, a = 0.26315789
#
# Components:
#   0: matter  (upstream grid size 1024)
#
#                           grid size 1024
# ╭────────────────────────────────────────────────────────────────╮
#                         component 0    (corrected)      (linear)
#                        σ₈ = 2.42e-01  σ₈ = 2.42e-01  σ₈ = 2.42e-01
#  k [Mpc⁻¹]    modes       P [Mpc³]       P [Mpc³]       P [Mpc³]
3.0679616e-03         3  4.9752566e+03  4.9752566e+03  4.9757394e+03
5.8212951e-03        25  7.2167467e+03  7.2546392e+03  7.2525366e+03
1.0440195e-02       124  8.3097003e+03  8.4053237e+03  8.4324624e+03
1.6729547e-02       418  7.4426969e+03  7.5104052e+03  7.5023164e+03
2.3240110e-02       730  5.7128236e+03  5.7141194e+03  5.7445593e+03
2.9075630e-02      1012  4.4853269e+03  4.4743669e+03  4.4721448e+03
3.4544381e-02      1408  3.7309166e+03  3.7218388e+03  3.7155834e+03
3.9898901e-02      1841  3.2564542e+03  3.2533802e+03  3.2706676e+03
4.5580519e-02      2698  2.9220320e+03  2.9242968e+03  2.9333283e+03
5.1612543e-02      3532  2.5499979e+03  2.5540283e+03  2.5717590e+03
5.7899473e-02      4702  2.1345697e+03  2.1353831e+03  2.1512683e+03
6.4462744e-02      6019  1.7424790e+03  1.7387200e+03  1.7422795e+03
7.1309305e-02      7766  1.4421930e+03  1.4366498e+03  1.4413596e+03
7.8556104e-02     10012  1.2752123e+03  1.2719430e+03  1.2755508e+03
8.6194331e-02     12589  1.1869303e+03  1.1880519e+03  1.1891029e+03
9.4153926e-02     15650  1.0777036e+03  1.0808042e+03  1.0846769e+03
1.0254095e-01     19757  9.1288482e+02  9.1359442e+02  9.1815701e+02
1.1136076e-01     24241  7.4621224e+02  7.4378303e+02  7.4212929e+02
1.2060245e-01     29993  6.2779464e+02  6.2539783e+02  6.2228002e+02
1.3029316e-01     36494  5.5679187e+02  5.5674932e+02  5.5546682e+02
1.4046583e-01     44825  4.9683280e+02  4.9761083e+02  4.9461639e+02
1.5111985e-01     53906  4.2886797e+02  4.2810411e+02  4.2400411e+02
1.6229170e-01     65729  3.7474907e+02  3.7359854e+02  3.7073839e+02
1.7401323e-01     78746  3.4153252e+02  3.4197350e+02  3.4050622e+02
1.8625264e-01     94374  3.0416238e+02  3.0483092e+02  3.0356286e+02
1.9902230e-01    112166  2.5682386e+02  2.5638841e+02  2.5349125e+02
2.1238854e-01    134373  2.1947799e+02  2.1874302e+02  2.1321388e+02
2.2637810e-01    159077  1.9547991e+02  1.9522894e+02  1.8966729e+02
2.4096993e-01    188172  1.7585278e+02  1.7585124e+02  1.7280248e+02
2.5621802e-01    222492  1.5861146e+02  1.5875387e+02  1.5662385e+02
2.7214102e-01    261771  1.3989883e+02  1.4008686e+02  1.3761458e+02
2.8873063e-01    306759  1.2051970e+02  1.2023745e+02  1.1590412e+02
3.0605468e-01    360898  1.0589110e+02  1.0548616e+02  1.0016612e+02
3.2421519e-01    425046  9.6188850e+01  9.6231870e+01  9.2718596e+01
3.4337900e-01    505555  8.6274886e+01  8.6546801e+01  8.4737913e+01
3.6368055e-01    600292  7.5345225e+01  7.5255168e+01  7.1945372e+01
3.8517334e-01    712930  6.5985679e+01  6.5663479e+01  6.1095605e+01
4.0793004e-01    846715  5.9181240e+01  5.9236091e+01  5.6350998e+01
4.3202621e-01   1005596  5.2785667e+01  5.2982519e+01  5.0857242e+01
4.5754560e-01   1194719  4.5924534e+01  4.5697224e+01  4.2265589e+01
4.8457948e-01   1419743  4.0612485e+01  4.0544838e+01  3.7736372e+01
5.1321525e-01   1686576  3.6017969e+01  3.6169756e+01  3.4407223e+01
5.4354215e-01   2003484  3.1519809e+01  3.1303946e+01  2.8602209e+01
5.7565178e-01   2378778  2.7758543e+01  2.7822507e+01  2.5975004e+01
6.0966698e-01   2828400  2.4384257e+01  2.4383261e+01  2.2712595e+01
6.4568974e-01   3356890  2.1367935e+01  2.1285522e+01  1.9478450e+01
6.8383752e-01   3990317  1.8798227e+01  1.8896028e+01  1.7603161e+01
7.2424344e-01   4738457  1.6555253e+01  1.6459746e+01  1.4877812e+01
7.6703215e-01   5629661  1.4757273e+01  1.4823560e+01  1.3413453e+01
8.1235262e-01   6687903  1.3406799e+01  1.3346115e+01  1.1427483e+01
8.6035444e-01   7945758  1.2675782e+01  1.2691492e+01  1.0125884e+01
9.1118812e-01   9436555  1.2667518e+01  1.2695242e+01  8.8255497e+00
9.6501980e-01  11210320  1.3496482e+01  1.3430306e+01  7.6087968e+00
1.0220366e+00  13318613  1.5476339e+01  1.5513411e+01  6.7183521e+00
1.0824208e+00  15819192  1.9039950e+01  1.9044944e+01  5.8271837e+00
1.1463741e+00  18795348  2.4841902e+01  2.4745159e+01  5.0404785e+00
1.2141088e+00  22326034  3.3427885e+01  3.3353764e+01  4.3965962e+00
1.2858419e+00  26520842  4.5231496e+01  4.5193922e+01  3.8327134e+00
1.3618105e+00  31503438  5.8975506e+01  5.9055772e+01  3.3365857e+00
1.4422695e+00  37426927  7.0272027e+01  7.0321585e+01  2.8967878e+00
1.5275481e+00  44525830  7.4086575e+01  7.4131092e+01  2.5138322e+00
