# Power spectrum from CO𝘕CEPT job 4701040 at t = 6.7611924 Gyr, a = 0.55555556
#
# Components:
#   0: matter  (upstream grid size 1024)
#
#                           grid size 1024
# ╭────────────────────────────────────────────────────────────────╮
#                         component 0    (corrected)      (linear)
#                        σ₈ = 5.04e-01  σ₈ = 5.03e-01  σ₈ = 4.82e-01
#  k [Mpc⁻¹]    modes       P [Mpc³]       P [Mpc³]       P [Mpc³]
3.0679616e-03         3  1.9899128e+04  1.9899128e+04  1.9885510e+04
5.8212951e-03        25  2.8849023e+04  2.9000499e+04  2.8964665e+04
1.0440195e-02       124  3.3066868e+04  3.3447383e+04  3.3652335e+04
1.6729547e-02       418  2.9714083e+04  2.9984400e+04  2.9925331e+04
2.3240110e-02       730  2.2647993e+04  2.2653130e+04  2.2907637e+04
2.9075630e-02      1012  1.7886740e+04  1.7843033e+04  1.7831048e+04
3.4544381e-02      1408  1.4903937e+04  1.4867674e+04  1.4813240e+04
3.9898901e-02      1841  1.2917424e+04  1.2905230e+04  1.3038684e+04
4.5580519e-02      2698  1.1624998e+04  1.1634008e+04  1.1693339e+04
5.1612543e-02      3532  1.0110277e+04  1.0126257e+04  1.0251636e+04
5.7899473e-02      4702  8.4753870e+03  8.4786166e+03  8.5752347e+03
6.4462744e-02      6019  6.9990452e+03  6.9839462e+03  6.9448099e+03
7.1309305e-02      7766  5.8203983e+03  5.7980271e+03  5.7452357e+03
7.8556104e-02     10012  5.1654203e+03  5.1521776e+03  5.0842587e+03
8.6194331e-02     12589  4.8108308e+03  4.8153771e+03  4.7396334e+03
9.4153926e-02     15650  4.3628714e+03  4.3754237e+03  4.3233658e+03
1.0254095e-01     19757  3.7293897e+03  3.7322886e+03  3.6596158e+03
1.1136076e-01     24241  3.1220293e+03  3.1118659e+03  2.9579822e+03
1.2060245e-01     29993  2.6701583e+03  2.6599641e+03  2.4802746e+03
1.3029316e-01     36494  2.3780793e+03  2.3778976e+03  2.2139627e+03
1.4046583e-01     44825  2.1359628e+03  2.1393077e+03  1.9714202e+03
1.5111985e-01     53906  1.8848811e+03  1.8815240e+03  1.6899720e+03
1.6229170e-01     65729  1.6677644e+03  1.6626442e+03  1.4776648e+03
1.7401323e-01     78746  1.5220721e+03  1.5240374e+03  1.3571646e+03
1.8625264e-01     94374  1.3697574e+03  1.3727680e+03  1.2099163e+03
1.9902230e-01    112166  1.1969739e+03  1.1949445e+03  1.0103434e+03
2.1238854e-01    134373  1.0600043e+03  1.0564546e+03  8.4980824e+02
2.2637810e-01    159077  9.6210419e+02  9.6086898e+02  7.5595758e+02
2.4096993e-01    188172  8.7225594e+02  8.7224833e+02  6.8873875e+02
2.5621802e-01    222492  7.9698365e+02  7.9769925e+02  6.2425508e+02
2.7214102e-01    261771  7.2220791e+02  7.2317860e+02  5.4848949e+02
2.8873063e-01    306759  6.5057702e+02  6.4905342e+02  4.6195796e+02
3.0605468e-01    360898  5.9072209e+02  5.8846308e+02  3.9923090e+02
3.2421519e-01    425046  5.4327142e+02  5.4351439e+02  3.6954721e+02
3.4337900e-01    505555  4.9606022e+02  4.9762367e+02  3.3773856e+02
3.6368055e-01    600292  4.5311983e+02  4.5257823e+02  2.8675141e+02
3.8517334e-01    712930  4.1538908e+02  4.1336078e+02  2.4350759e+02
4.0793004e-01    846715  3.8078302e+02  3.8113594e+02  2.2459702e+02
4.3202621e-01   1005596  3.4943185e+02  3.5073498e+02  2.0270061e+02
4.5754560e-01   1194719  3.2058092e+02  3.1899416e+02  1.6845700e+02
4.8457948e-01   1419743  2.9449152e+02  2.9400100e+02  1.5040496e+02
5.1321525e-01   1686576  2.7107657e+02  2.7221894e+02  1.3713602e+02
5.4354215e-01   2003484  2.4986141e+02  2.4815023e+02  1.1399909e+02
5.7565178e-01   2378778  2.3043537e+02  2.3096637e+02  1.0352788e+02
6.0966698e-01   2828400  2.1323768e+02  2.1322897e+02  9.0524968e+01
6.4568974e-01   3356890  1.9757403e+02  1.9681202e+02  7.7634708e+01
6.8383752e-01   3990317  1.8380969e+02  1.8476599e+02  7.0160407e+01
7.2424344e-01   4738457  1.7184370e+02  1.7085234e+02  5.9298052e+01
7.6703215e-01   5629661  1.6175525e+02  1.6248182e+02  5.3461592e+01
8.1235262e-01   6687903  1.5350120e+02  1.5280640e+02  4.5546163e+01
8.6035444e-01   7945758  1.4715839e+02  1.4734077e+02  4.0358411e+01
9.1118812e-01   9436555  1.4268909e+02  1.4300138e+02  3.5175703e+01
9.6501980e-01  11210320  1.3976629e+02  1.3908099e+02  3.0326124e+01
1.0220366e+00  13318613  1.3793900e+02  1.3826942e+02  2.6777103e+01
1.0824208e+00  15819192  1.3667379e+02  1.3670964e+02  2.3225198e+01
1.1463741e+00  18795348  1.3543179e+02  1.3490438e+02  2.0089650e+01
1.2141088e+00  22326034  1.3362581e+02  1.3332952e+02  1.7523346e+01
1.2858419e+00  26520842  1.3107906e+02  1.3097017e+02  1.5275895e+01
1.3618105e+00  31503438  1.2796273e+02  1.2813688e+02  1.3298494e+01
1.4422695e+00  37426927  1.2448062e+02  1.2456841e+02  1.1545605e+01
1.5275481e+00  44525830  1.2066962e+02  1.2074213e+02  1.0019270e+01
