# Power spectrum from CO𝘕CEPT job 4701040 at t = 3.6247579 Gyr, a = 0.35714286
#
# Components:
#   0: matter  (upstream grid size 1024)
#
#                           grid size 1024
# ╭────────────────────────────────────────────────────────────────╮
#                         component 0    (corrected)      (linear)
#                        σ₈ = 3.29e-01  σ₈ = 3.29e-01  σ₈ = 3.24e-01
#  k [Mpc⁻¹]    modes       P [Mpc³]       P [Mpc³]       P [Mpc³]
3.0679616e-03         3  8.9654492e+03  8.9654492e+03  8.9668939e+03
5.8212951e-03        25  1.3001667e+04  1.3069934e+04  1.3065969e+04
1.0440195e-02       124  1.4947205e+04  1.5119209e+04  1.5186887e+04
1.6729547e-02       418  1.3403640e+04  1.3525576e+04  1.3509001e+04
2.3240110e-02       730  1.0263981e+04  1.0266309e+04  1.0342803e+04
2.9075630e-02      1012  8.0751901e+03  8.0554580e+03  8.0514440e+03
3.4544381e-02      1408  6.7209630e+03  6.7046102e+03  6.6891492e+03
3.9898901e-02      1841  5.8522137e+03  5.8466894e+03  5.8880420e+03
4.5580519e-02      2698  5.2565793e+03  5.2606536e+03  5.2806590e+03
5.1612543e-02      3532  4.5821458e+03  4.5893881e+03  4.6296949e+03
5.7899473e-02      4702  3.8370874e+03  3.8385495e+03  3.8726887e+03
6.4462744e-02      6019  3.1433190e+03  3.1365380e+03  3.1364091e+03
7.1309305e-02      7766  2.6045094e+03  2.5944988e+03  2.5946856e+03
7.8556104e-02     10012  2.3054314e+03  2.2995209e+03  2.2961920e+03
8.6194331e-02     12589  2.1471193e+03  2.1491484e+03  2.1405644e+03
9.4153926e-02     15650  1.9490193e+03  1.9546268e+03  1.9525760e+03
1.0254095e-01     19757  1.6547130e+03  1.6559992e+03  1.6528120e+03
1.1136076e-01     24241  1.3618968e+03  1.3574633e+03  1.3359346e+03
1.2060245e-01     29993  1.1512950e+03  1.1468995e+03  1.1201876e+03
1.3029316e-01     36494  1.0219961e+03  1.0219180e+03  9.9991352e+02
1.4046583e-01     44825  9.1453413e+02  9.1596628e+02  8.9037368e+02
1.5111985e-01     53906  7.9430276e+02  7.9288802e+02  7.6326166e+02
1.6229170e-01     65729  6.9651603e+02  6.9437762e+02  6.6737598e+02
1.7401323e-01     78746  6.3492397e+02  6.3574377e+02  6.1295383e+02
1.8625264e-01     94374  5.6715347e+02  5.6840004e+02  5.4645082e+02
1.9902230e-01    112166  4.8411559e+02  4.8329477e+02  4.5631546e+02
2.1238854e-01    134373  4.1893599e+02  4.1753311e+02  3.8381106e+02
2.2637810e-01    159077  3.7526548e+02  3.7478369e+02  3.4142420e+02
2.4096993e-01    188172  3.3794682e+02  3.3794387e+02  3.1106538e+02
2.5621802e-01    222492  3.0599617e+02  3.0627092e+02  2.8194181e+02
2.7214102e-01    261771  2.7202437e+02  2.7238999e+02  2.4772277e+02
2.8873063e-01    306759  2.3843613e+02  2.3787773e+02  2.0864129e+02
3.0605468e-01    360898  2.1197250e+02  2.1116188e+02  1.8031096e+02
3.2421519e-01    425046  1.9304715e+02  1.9313349e+02  1.6690450e+02
3.4337900e-01    505555  1.7367769e+02  1.7422508e+02  1.5253830e+02
3.6368055e-01    600292  1.5448838e+02  1.5430373e+02  1.2951019e+02
3.8517334e-01    712930  1.3786351e+02  1.3719034e+02  1.0997931e+02
4.0793004e-01    846715  1.2419203e+02  1.2430714e+02  1.0143844e+02
4.3202621e-01   1005596  1.1172213e+02  1.1213877e+02  9.1549024e+01
4.5754560e-01   1194719  9.9515140e+01  9.9022574e+01  7.6083031e+01
4.8457948e-01   1419743  8.9164642e+01  8.9016124e+01  6.7929900e+01
5.1321525e-01   1686576  8.0067500e+01  8.0404921e+01  6.1937036e+01
5.4354215e-01   2003484  7.1620719e+01  7.1130223e+01  5.1487326e+01
5.7565178e-01   2378778  6.4251953e+01  6.4400009e+01  4.6758045e+01
6.0966698e-01   2828400  5.7554391e+01  5.7552041e+01  4.0885324e+01
6.4568974e-01   3356890  5.1637299e+01  5.1438142e+01  3.5063482e+01
6.8383752e-01   3990317  4.6546096e+01  4.6788259e+01  3.1687740e+01
7.2424344e-01   4738457  4.2130025e+01  4.1886978e+01  2.6781793e+01
7.6703215e-01   5629661  3.8587512e+01  3.8760839e+01  2.4145776e+01
8.1235262e-01   6687903  3.5917617e+01  3.5755041e+01  2.0570797e+01
8.6035444e-01   7945758  3.4295251e+01  3.4337754e+01  1.8227765e+01
9.1118812e-01   9436555  3.3912123e+01  3.3986343e+01  1.5887012e+01
9.6501980e-01  11210320  3.4919094e+01  3.4747879e+01  1.3696714e+01
1.0220366e+00  13318613  3.7576796e+01  3.7666807e+01  1.2093810e+01
1.0824208e+00  15819192  4.2104538e+01  4.2115582e+01  1.0489602e+01
1.1463741e+00  18795348  4.8489861e+01  4.8301026e+01  9.0734412e+00
1.2141088e+00  22326034  5.5938299e+01  5.5814264e+01  7.9143780e+00
1.2858419e+00  26520842  6.3285997e+01  6.3233424e+01  6.8993231e+00
1.3618105e+00  31503438  6.8916159e+01  6.9009955e+01  6.0062355e+00
1.4422695e+00  37426927  7.1814484e+01  7.1865130e+01  5.2145482e+00
1.5275481e+00  44525830  7.2585495e+01  7.2629110e+01  4.5251835e+00
