# Power spectrum from CO𝘕CEPT job 4701040 at t = 8.5931674 Gyr, a = 0.66666667
#
# Components:
#   0: matter  (upstream grid size 1024)
#
#                           grid size 1024
# ╭────────────────────────────────────────────────────────────────╮
#                         component 0    (corrected)      (linear)
#                        σ₈ = 5.91e-01  σ₈ = 5.91e-01  σ₈ = 5.58e-01
#  k [Mpc⁻¹]    modes       P [Mpc³]       P [Mpc³]       P [Mpc³]
3.0679616e-03         3  2.6620827e+04  2.6620827e+04  2.6611794e+04
5.8212951e-03        25  3.8589132e+04  3.8791749e+04  3.8756917e+04
1.0440195e-02       124  4.4167085e+04  4.4675335e+04  4.5022686e+04
1.6729547e-02       418  3.9723833e+04  4.0085212e+04  4.0031686e+04
2.3240110e-02       730  3.0208198e+04  3.0215051e+04  3.0641861e+04
2.9075630e-02      1012  2.3899374e+04  2.3840975e+04  2.3850381e+04
3.4544381e-02      1408  1.9924153e+04  1.9875675e+04  1.9813362e+04
3.9898901e-02      1841  1.7230270e+04  1.7214005e+04  1.7439527e+04
4.5580519e-02      2698  1.5519832e+04  1.5531861e+04  1.5639899e+04
5.1612543e-02      3532  1.3481843e+04  1.3503152e+04  1.3711478e+04
5.7899473e-02      4702  1.1308807e+04  1.1313116e+04  1.1469216e+04
6.4462744e-02      6019  9.3785251e+03  9.3582930e+03  9.2884966e+03
7.1309305e-02      7766  7.8173206e+03  7.7872742e+03  7.6840610e+03
7.8556104e-02     10012  6.9475910e+03  6.9297793e+03  6.7999994e+03
8.6194331e-02     12589  6.4671921e+03  6.4733036e+03  6.3390559e+03
9.4153926e-02     15650  5.8604079e+03  5.8772687e+03  5.7823007e+03
1.0254095e-01     19757  5.0299819e+03  5.0338918e+03  4.8945552e+03
1.1136076e-01     24241  4.2499329e+03  4.2360977e+03  3.9561479e+03
1.2060245e-01     29993  3.6570915e+03  3.6431293e+03  3.3172336e+03
1.3029316e-01     36494  3.2641218e+03  3.2638723e+03  2.9610520e+03
1.4046583e-01     44825  2.9344890e+03  2.9390843e+03  2.6366621e+03
1.5111985e-01     53906  2.6114885e+03  2.6068372e+03  2.2602391e+03
1.6229170e-01     65729  2.3218193e+03  2.3146910e+03  1.9762891e+03
1.7401323e-01     78746  2.1214303e+03  2.1241694e+03  1.8151260e+03
1.8625264e-01     94374  1.9162554e+03  1.9204672e+03  1.6181894e+03
1.9902230e-01    112166  1.6936249e+03  1.6907533e+03  1.3512721e+03
2.1238854e-01    134373  1.5130589e+03  1.5079921e+03  1.1365657e+03
2.2637810e-01    159077  1.3823459e+03  1.3805711e+03  1.0110459e+03
2.4096993e-01    188172  1.2593051e+03  1.2592941e+03  9.2114467e+02
2.5621802e-01    222492  1.1554108e+03  1.1564482e+03  8.3490159e+02
2.7214102e-01    261771  1.0569933e+03  1.0584140e+03  7.3356975e+02
2.8873063e-01    306759  9.6155818e+02  9.5930628e+02  6.1783920e+02
3.0605468e-01    360898  8.8133034e+02  8.7795999e+02  5.3394567e+02
3.2421519e-01    425046  8.1390972e+02  8.1427374e+02  4.9424557e+02
3.4337900e-01    505555  7.4961907e+02  7.5198167e+02  4.5170349e+02
3.6368055e-01    600292  6.9087771e+02  6.9005192e+02  3.8351142e+02
3.8517334e-01    712930  6.3878967e+02  6.3567055e+02  3.2567558e+02
4.0793004e-01    846715  5.9119734e+02  5.9174529e+02  3.0038389e+02
4.3202621e-01   1005596  5.4688953e+02  5.4892904e+02  2.7109883e+02
4.5754560e-01   1194719  5.0662026e+02  5.0411266e+02  2.2530022e+02
4.8457948e-01   1419743  4.6962648e+02  4.6884424e+02  2.0115678e+02
5.1321525e-01   1686576  4.3635464e+02  4.3819353e+02  1.8341043e+02
5.4354215e-01   2003484  4.0543297e+02  4.0265636e+02  1.5246629e+02
5.7565178e-01   2378778  3.7779097e+02  3.7866152e+02  1.3846173e+02
6.0966698e-01   2828400  3.5256487e+02  3.5255048e+02  1.2107118e+02
6.4568974e-01   3356890  3.2977164e+02  3.2849976e+02  1.0383130e+02
6.8383752e-01   3990317  3.0931120e+02  3.1092043e+02  9.3834915e+01
7.2424344e-01   4738457  2.9113440e+02  2.8945486e+02  7.9307229e+01
7.6703215e-01   5629661  2.7533968e+02  2.7657645e+02  7.1501345e+01
8.1235262e-01   6687903  2.6173093e+02  2.6054624e+02  6.0914979e+01
8.6035444e-01   7945758  2.5010554e+02  2.5041551e+02  5.3976701e+01
9.1118812e-01   9436555  2.4039176e+02  2.4091788e+02  4.7045171e+01
9.6501980e-01  11210320  2.3160398e+02  2.3046837e+02  4.0559179e+01
1.0220366e+00  13318613  2.2369765e+02  2.2423349e+02  3.5812596e+01
1.0824208e+00  15819192  2.1596871e+02  2.1602536e+02  3.1062158e+01
1.1463741e+00  18795348  2.0825107e+02  2.0744007e+02  2.6868569e+01
1.2141088e+00  22326034  2.0033125e+02  1.9988704e+02  2.3436308e+01
1.2858419e+00  26520842  1.9207085e+02  1.9191130e+02  2.0430491e+01
1.3618105e+00  31503438  1.8357800e+02  1.8382785e+02  1.7785847e+01
1.4422695e+00  37426927  1.7515185e+02  1.7527537e+02  1.5441474e+01
1.5275481e+00  44525830  1.6684086e+02  1.6694111e+02  1.3400103e+01
