# Power spectrum from CO𝘕CEPT job 4701040 at t = 5.8531735 Gyr, a = 0.5
#
# Components:
#   0: matter  (upstream grid size 1024)
#
#                           grid size 1024
# ╭────────────────────────────────────────────────────────────────╮
#                         component 0    (corrected)      (linear)
#                        σ₈ = 4.57e-01  σ₈ = 4.56e-01  σ₈ = 4.41e-01
#  k [Mpc⁻¹]    modes       P [Mpc³]       P [Mpc³]       P [Mpc³]
3.0679616e-03         3  1.6614468e+04  1.6614468e+04  1.6602907e+04
5.8212951e-03        25  2.4088743e+04  2.4215224e+04  2.4185363e+04
1.0440195e-02       124  2.7632400e+04  2.7950378e+04  2.8102157e+04
1.6729547e-02       418  2.4817803e+04  2.5043578e+04  2.4991613e+04
2.3240110e-02       730  1.8939577e+04  1.8943874e+04  1.9131693e+04
2.9075630e-02      1012  1.4943220e+04  1.4906706e+04  1.4892224e+04
3.4544381e-02      1408  1.2447670e+04  1.2417383e+04  1.2371965e+04
3.9898901e-02      1841  1.0801729e+04  1.0791532e+04  1.0889965e+04
4.5580519e-02      2698  9.7162070e+03  9.7237378e+03  9.7663982e+03
5.1612543e-02      3532  8.4554728e+03  8.4688371e+03  8.5623213e+03
5.7899473e-02      4702  7.0859427e+03  7.0886428e+03  7.1621968e+03
6.4462744e-02      6019  5.8385764e+03  5.8259809e+03  5.8004552e+03
7.1309305e-02      7766  4.8498997e+03  4.8312588e+03  4.7985579e+03
7.8556104e-02     10012  4.3009660e+03  4.2899395e+03  4.2465035e+03
8.6194331e-02     12589  4.0063165e+03  4.0101025e+03  3.9586707e+03
9.4153926e-02     15650  3.6344777e+03  3.6449344e+03  3.6109979e+03
1.0254095e-01     19757  3.1004262e+03  3.1028362e+03  3.0566187e+03
1.1136076e-01     24241  2.5829819e+03  2.5745733e+03  2.4705962e+03
1.2060245e-01     29993  2.2019498e+03  2.1935431e+03  2.0716020e+03
1.3029316e-01     36494  1.9590500e+03  1.9589003e+03  1.8491714e+03
1.4046583e-01     44825  1.7583487e+03  1.7611022e+03  1.6465932e+03
1.5111985e-01     53906  1.5446557e+03  1.5419045e+03  1.4115194e+03
1.6229170e-01     65729  1.3632627e+03  1.3590773e+03  1.2341941e+03
1.7401323e-01     78746  1.2436228e+03  1.2452285e+03  1.1335488e+03
1.8625264e-01     94374  1.1168684e+03  1.1193232e+03  1.0105625e+03
1.9902230e-01    112166  9.6989863e+02  9.6825417e+02  8.4387271e+02
2.1238854e-01    134373  8.5417567e+02  8.5131530e+02  7.0978852e+02
2.2637810e-01    159077  7.7247846e+02  7.7148671e+02  6.3140140e+02
2.4096993e-01    188172  6.9875714e+02  6.9875104e+02  5.7525806e+02
2.5621802e-01    222492  6.3693976e+02  6.3751167e+02  5.2139918e+02
2.7214102e-01    261771  5.7410088e+02  5.7487250e+02  4.5811723e+02
2.8873063e-01    306759  5.1398944e+02  5.1278572e+02  3.8584317e+02
3.0605468e-01    360898  4.6422044e+02  4.6244519e+02  3.3345140e+02
3.2421519e-01    425046  4.2581058e+02  4.2600102e+02  3.0865860e+02
3.4337900e-01    505555  3.8702294e+02  3.8824273e+02  2.8209094e+02
3.6368055e-01    600292  3.5148451e+02  3.5106439e+02  2.3950472e+02
3.8517334e-01    712930  3.2034697e+02  3.1878276e+02  2.0338600e+02
4.0793004e-01    846715  2.9212001e+02  2.9239076e+02  1.8759124e+02
4.3202621e-01   1005596  2.6671336e+02  2.6770800e+02  1.6930261e+02
4.5754560e-01   1194719  2.4320368e+02  2.4199991e+02  1.4070116e+02
4.8457948e-01   1419743  2.2210312e+02  2.2173317e+02  1.2562347e+02
5.1321525e-01   1686576  2.0329179e+02  2.0414850e+02  1.1454079e+02
5.4354215e-01   2003484  1.8618846e+02  1.8491334e+02  9.5216025e+01
5.7565178e-01   2378778  1.7067551e+02  1.7106880e+02  8.6470110e+01
6.0966698e-01   2828400  1.5685145e+02  1.5684505e+02  7.5609623e+01
6.4568974e-01   3356890  1.4435775e+02  1.4380099e+02  6.4843228e+01
6.8383752e-01   3990317  1.3348291e+02  1.3417737e+02  5.8600432e+01
7.2424344e-01   4738457  1.2403887e+02  1.2332329e+02  4.9527814e+01
7.6703215e-01   5629661  1.1622159e+02  1.1674363e+02  4.4652999e+01
8.1235262e-01   6687903  1.1005294e+02  1.0955480e+02  3.8041756e+01
8.6035444e-01   7945758  1.0559507e+02  1.0572593e+02  3.3708763e+01
9.1118812e-01   9436555  1.0293814e+02  1.0316343e+02  2.9379984e+01
9.6501980e-01  11210320  1.0198279e+02  1.0148275e+02  2.5329446e+01
1.0220366e+00  13318613  1.0235585e+02  1.0260103e+02  2.2365179e+01
1.0824208e+00  15819192  1.0368674e+02  1.0371394e+02  1.9398504e+01
1.1463741e+00  18795348  1.0523909e+02  1.0482926e+02  1.6779584e+01
1.2141088e+00  22326034  1.0628456e+02  1.0604888e+02  1.4636118e+01
1.2858419e+00  26520842  1.0632722e+02  1.0623890e+02  1.2758968e+01
1.3618105e+00  31503438  1.0551022e+02  1.0565382e+02  1.1107373e+01
1.4422695e+00  37426927  1.0395755e+02  1.0403086e+02  9.6432981e+00
1.5275481e+00  44525830  1.0202164e+02  1.0208294e+02  8.3684499e+00
