# Power spectrum from CO𝘕CEPT job 4701040 at t = 7.299649 Gyr, a = 0.58823529
#
# Components:
#   0: matter  (upstream grid size 1024)
#
#                           grid size 1024
# ╭────────────────────────────────────────────────────────────────╮
#                         component 0    (corrected)      (linear)
#                        σ₈ = 5.30e-01  σ₈ = 5.30e-01  σ₈ = 5.06e-01
#  k [Mpc⁻¹]    modes       P [Mpc³]       P [Mpc³]       P [Mpc³]
3.0679616e-03         3  2.1867312e+04  2.1867312e+04  2.1855036e+04
5.8212951e-03        25  3.1701202e+04  3.1867654e+04  3.1832066e+04
1.0440195e-02       124  3.6319922e+04  3.6737871e+04  3.6982010e+04
1.6729547e-02       418  3.2646414e+04  3.2943408e+04  3.2884999e+04
2.3240110e-02       730  2.4865558e+04  2.4871199e+04  2.5172688e+04
2.9075630e-02      1012  1.9648802e+04  1.9600790e+04  1.9593905e+04
3.4544381e-02      1408  1.6374773e+04  1.6334932e+04  1.6277620e+04
3.9898901e-02      1841  1.4182510e+04  1.4169122e+04  1.4327565e+04
4.5580519e-02      2698  1.2766964e+04  1.2776859e+04  1.2849180e+04
5.1612543e-02      3532  1.1099492e+04  1.1117035e+04  1.1264936e+04
5.7899473e-02      4702  9.3063614e+03  9.3099077e+03  9.4228116e+03
6.4462744e-02      6019  7.6951293e+03  7.6785287e+03  7.6312210e+03
7.1309305e-02      7766  6.4035946e+03  6.3789820e+03  6.3130738e+03
7.8556104e-02     10012  5.6854277e+03  5.6708519e+03  5.5867613e+03
8.6194331e-02     12589  5.2944456e+03  5.2994489e+03  5.2080698e+03
9.4153926e-02     15650  4.8004126e+03  4.8142237e+03  4.7506570e+03
1.0254095e-01     19757  4.1083616e+03  4.1115551e+03  4.0213039e+03
1.1136076e-01     24241  3.4489068e+03  3.4376793e+03  3.2503245e+03
1.2060245e-01     29993  2.9552200e+03  2.9439375e+03  2.7254029e+03
1.3029316e-01     36494  2.6336211e+03  2.6334198e+03  2.4327701e+03
1.4046583e-01     44825  2.3662540e+03  2.3699595e+03  2.1662563e+03
1.5111985e-01     53906  2.0935050e+03  2.0897763e+03  1.8569920e+03
1.6229170e-01     65729  1.8550648e+03  1.8493695e+03  1.6237021e+03
1.7401323e-01     78746  1.6935249e+03  1.6957116e+03  1.4912926e+03
1.8625264e-01     94374  1.5258121e+03  1.5291658e+03  1.3294916e+03
1.9902230e-01    112166  1.3380234e+03  1.3357547e+03  1.1101948e+03
2.1238854e-01    134373  1.1883288e+03  1.1843494e+03  9.3379398e+02
2.2637810e-01    159077  1.0807820e+03  1.0793945e+03  8.3066806e+02
2.4096993e-01    188172  9.8121902e+02  9.8121046e+02  7.5680599e+02
2.5621802e-01    222492  8.9771412e+02  8.9852017e+02  6.8594942e+02
2.7214102e-01    261771  8.1592624e+02  8.1702290e+02  6.0269597e+02
2.8873063e-01    306759  7.3734313e+02  7.3561632e+02  5.0761261e+02
3.0605468e-01    360898  6.7147565e+02  6.6890782e+02  4.3868629e+02
3.2421519e-01    425046  6.1838531e+02  6.1866188e+02  4.0606900e+02
3.4337900e-01    505555  5.6614896e+02  5.6793331e+02  3.7111673e+02
3.6368055e-01    600292  5.1866645e+02  5.1804650e+02  3.1509059e+02
3.8517334e-01    712930  4.7685858e+02  4.7453015e+02  2.6757304e+02
4.0793004e-01    846715  4.3844740e+02  4.3885377e+02  2.4679356e+02
4.3202621e-01   1005596  4.0341819e+02  4.0492265e+02  2.2273316e+02
4.5754560e-01   1194719  3.7128159e+02  3.6944388e+02  1.8510531e+02
4.8457948e-01   1419743  3.4209991e+02  3.4153009e+02  1.6526921e+02
5.1321525e-01   1686576  3.1583720e+02  3.1716821e+02  1.5068892e+02
5.4354215e-01   2003484  2.9198164e+02  2.8998200e+02  1.2526541e+02
5.7565178e-01   2378778  2.7016879e+02  2.7079134e+02  1.1375935e+02
6.0966698e-01   2828400  2.5079155e+02  2.5078131e+02  9.9471380e+01
6.4568974e-01   3356890  2.3313077e+02  2.3223162e+02  8.5307198e+01
6.8383752e-01   3990317  2.1752593e+02  2.1865764e+02  7.7094225e+01
7.2424344e-01   4738457  2.0389859e+02  2.0272231e+02  6.5158364e+01
7.6703215e-01   5629661  1.9231816e+02  1.9318201e+02  5.8745097e+01
8.1235262e-01   6687903  1.8264960e+02  1.8182287e+02  5.0047401e+01
8.6035444e-01   7945758  1.7496589e+02  1.7518273e+02  4.4346952e+01
9.1118812e-01   9436555  1.6917015e+02  1.6954040e+02  3.8652047e+01
9.6501980e-01  11210320  1.6475610e+02  1.6394826e+02  3.3323194e+01
1.0220366e+00  13318613  1.6136087e+02  1.6174739e+02  2.9423429e+01
1.0824208e+00  15819192  1.5833068e+02  1.5837221e+02  2.5520497e+01
1.1463741e+00  18795348  1.5530889e+02  1.5470407e+02  2.2075068e+01
1.2141088e+00  22326034  1.5175343e+02  1.5141694e+02  1.9255142e+01
1.2858419e+00  26520842  1.4762324e+02  1.4750061e+02  1.6785580e+01
1.3618105e+00  31503438  1.4301914e+02  1.4321380e+02  1.4612756e+01
1.4422695e+00  37426927  1.3820443e+02  1.3830190e+02  1.2686632e+01
1.5275481e+00  44525830  1.3316787e+02  1.3324789e+02  1.1009453e+01
