# Power spectrum from CO𝘕CEPT job 4701040 at t = 10.261344 Gyr, a = 0.76923077
#
# Components:
#   0: matter  (upstream grid size 1024)
#
#                           grid size 1024
# ╭────────────────────────────────────────────────────────────────╮
#                         component 0    (corrected)      (linear)
#                        σ₈ = 6.63e-01  σ₈ = 6.63e-01  σ₈ = 6.18e-01
#  k [Mpc⁻¹]    modes       P [Mpc³]       P [Mpc³]       P [Mpc³]
3.0679616e-03         3  3.2707994e+04  3.2707994e+04  3.2698033e+04
5.8212951e-03        25  4.7408437e+04  4.7657361e+04  4.7616564e+04
1.0440195e-02       124  5.4197467e+04  5.4821141e+04  5.5308911e+04
1.6729547e-02       418  4.8777230e+04  4.9220971e+04  4.9173417e+04
2.3240110e-02       730  3.7024165e+04  3.7032564e+04  3.7637381e+04
2.9075630e-02      1012  2.9332057e+04  2.9260383e+04  2.9294578e+04
3.4544381e-02      1408  2.4463130e+04  2.4403609e+04  2.4335611e+04
3.9898901e-02      1841  2.1118266e+04  2.1098332e+04  2.1419696e+04
4.5580519e-02      2698  1.9034974e+04  1.9049727e+04  1.9209155e+04
5.1612543e-02      3532  1.6519468e+04  1.6545577e+04  1.6840508e+04
5.7899473e-02      4702  1.3864503e+04  1.3869786e+04  1.4086465e+04
6.4462744e-02      6019  1.1538618e+04  1.1513726e+04  1.1408056e+04
7.1309305e-02      7766  9.6383509e+03  9.6013052e+03  9.4374650e+03
7.8556104e-02     10012  8.5765994e+03  8.5546114e+03  8.3516457e+03
8.6194331e-02     12589  7.9785456e+03  7.9860854e+03  7.7855026e+03
9.4153926e-02     15650  7.2241781e+03  7.2449625e+03  7.1016919e+03
1.0254095e-01     19757  6.2228014e+03  6.2276385e+03  6.0113724e+03
1.1136076e-01     24241  5.2983832e+03  5.2811349e+03  4.8588364e+03
1.2060245e-01     29993  4.5821305e+03  4.5646367e+03  4.0741338e+03
1.3029316e-01     36494  4.0978224e+03  4.0975092e+03  3.6366778e+03
1.4046583e-01     44825  3.6861177e+03  3.6918901e+03  3.2382687e+03
1.5111985e-01     53906  3.3025353e+03  3.2966531e+03  2.7759554e+03
1.6229170e-01     65729  2.9478735e+03  2.9388232e+03  2.4272153e+03
1.7401323e-01     78746  2.6969468e+03  2.7004290e+03  2.2292787e+03
1.8625264e-01     94374  2.4430112e+03  2.4483808e+03  1.9874067e+03
1.9902230e-01    112166  2.1786900e+03  2.1749960e+03  1.6595870e+03
2.1238854e-01    134373  1.9582231e+03  1.9516657e+03  1.3958914e+03
2.2637810e-01    159077  1.7978984e+03  1.7955901e+03  1.2417319e+03
2.4096993e-01    188172  1.6450156e+03  1.6450012e+03  1.1313179e+03
2.5621802e-01    222492  1.5140497e+03  1.5154092e+03  1.0253969e+03
2.7214102e-01    261771  1.3946054e+03  1.3964798e+03  9.0094454e+02
2.8873063e-01    306759  1.2778158e+03  1.2748232e+03  7.5880823e+02
3.0605468e-01    360898  1.1795974e+03  1.1750864e+03  6.5577307e+02
3.2421519e-01    425046  1.0925309e+03  1.0930195e+03  6.0701474e+02
3.4337900e-01    505555  1.0128537e+03  1.0160459e+03  5.5476600e+02
3.6368055e-01    600292  9.3939131e+02  9.3826848e+02  4.7101490e+02
3.8517334e-01    712930  8.7332356e+02  8.6905924e+02  3.9998297e+02
4.0793004e-01    846715  8.1379812e+02  8.1455238e+02  3.6892060e+02
4.3202621e-01   1005596  7.5680051e+02  7.5962283e+02  3.3295373e+02
4.5754560e-01   1194719  7.0568669e+02  7.0219379e+02  2.7670552e+02
4.8457948e-01   1419743  6.5794230e+02  6.5684639e+02  2.4705341e+02
5.1321525e-01   1686576  6.1551810e+02  6.1811202e+02  2.2525797e+02
5.4354215e-01   2003484  5.7433748e+02  5.7040412e+02  1.8725351e+02
5.7565178e-01   2378778  5.3872537e+02  5.3996676e+02  1.7005362e+02
6.0966698e-01   2828400  5.0501697e+02  5.0499635e+02  1.4869518e+02
6.4568974e-01   3356890  4.7478597e+02  4.7295479e+02  1.2752178e+02
6.8383752e-01   3990317  4.4716467e+02  4.4949111e+02  1.1524458e+02
7.2424344e-01   4738457  4.2217948e+02  4.1974395e+02  9.7402210e+01
7.6703215e-01   5629661  3.9955807e+02  4.0135280e+02  8.7815309e+01
8.1235262e-01   6687903  3.7971545e+02  3.7799672e+02  7.4813523e+01
8.6035444e-01   7945758  3.6161674e+02  3.6206490e+02  6.6292185e+01
9.1118812e-01   9436555  3.4536970e+02  3.4612558e+02  5.7779134e+01
9.6501980e-01  11210320  3.2976248e+02  3.2814558e+02  4.9813277e+01
1.0220366e+00  13318613  3.1490828e+02  3.1566260e+02  4.3983700e+01
1.0824208e+00  15819192  3.0029580e+02  3.0037457e+02  3.8149387e+01
1.1463741e+00  18795348  2.8588958e+02  2.8477623e+02  3.2998976e+01
1.2141088e+00  22326034  2.7163595e+02  2.7103364e+02  2.8783600e+01
1.2858419e+00  26520842  2.5737169e+02  2.5715789e+02  2.5091966e+01
1.3618105e+00  31503438  2.4332974e+02  2.4366091e+02  2.1843912e+01
1.4422695e+00  37426927  2.2950470e+02  2.2966655e+02  1.8964640e+01
1.5275481e+00  44525830  2.1622903e+02  2.1635896e+02  1.6457504e+01
