# Power spectrum from CO𝘕CEPT job 4701040 at t = 3.1240979 Gyr, a = 0.32258065
#
# Components:
#   0: matter  (upstream grid size 1024)
#
#                           grid size 1024
# ╭────────────────────────────────────────────────────────────────╮
#                         component 0    (corrected)      (linear)
#                        σ₈ = 2.97e-01  σ₈ = 2.97e-01  σ₈ = 2.94e-01
#  k [Mpc⁻¹]    modes       P [Mpc³]       P [Mpc³]       P [Mpc³]
3.0679616e-03         3  7.3825090e+03  7.3825090e+03  7.3839416e+03
5.8212951e-03        25  1.0706874e+04  1.0763092e+04  1.0760459e+04
1.0440195e-02       124  1.2315997e+04  1.2457722e+04  1.2508434e+04
1.6729547e-02       418  1.1039444e+04  1.1139873e+04  1.1127226e+04
2.3240110e-02       730  8.4608626e+03  8.4627818e+03  8.5195758e+03
2.9075630e-02      1012  6.6516358e+03  6.6353823e+03  6.6322633e+03
3.4544381e-02      1408  5.5349419e+03  5.5214748e+03  5.5101550e+03
3.9898901e-02      1841  4.8236923e+03  4.8191389e+03  4.8502839e+03
4.5580519e-02      2698  4.3311320e+03  4.3344890e+03  4.3499763e+03
5.1612543e-02      3532  3.7769877e+03  3.7829575e+03  3.8137573e+03
5.7899473e-02      4702  3.1623608e+03  3.1635659e+03  3.1901766e+03
6.4462744e-02      6019  2.5871082e+03  2.5815271e+03  2.5836636e+03
7.1309305e-02      7766  2.1426309e+03  2.1343955e+03  2.1374152e+03
7.8556104e-02     10012  1.8957974e+03  1.8909371e+03  1.8915293e+03
8.6194331e-02     12589  1.7653012e+03  1.7669694e+03  1.7633305e+03
9.4153926e-02     15650  1.6025892e+03  1.6071999e+03  1.6084732e+03
1.0254095e-01     19757  1.3593067e+03  1.3603633e+03  1.3615379e+03
1.1136076e-01     24241  1.1157725e+03  1.1121402e+03  1.1005044e+03
1.2060245e-01     29993  9.4145632e+02  9.3786200e+02  9.2277883e+02
1.3029316e-01     36494  8.3539319e+02  8.3532934e+02  8.2370085e+02
1.4046583e-01     44825  7.4681210e+02  7.4798160e+02  7.3346530e+02
1.5111985e-01     53906  6.4704340e+02  6.4589095e+02  6.2875414e+02
1.6229170e-01     65729  5.6658666e+02  5.6484716e+02  5.4976631e+02
1.7401323e-01     78746  5.1642898e+02  5.1709579e+02  5.0493493e+02
1.8625264e-01     94374  4.6075717e+02  4.6176989e+02  4.5015164e+02
1.9902230e-01    112166  3.9166714e+02  3.9100307e+02  3.7590060e+02
2.1238854e-01    134373  3.3735642e+02  3.3622671e+02  3.1617345e+02
2.2637810e-01    159077  3.0152623e+02  3.0113911e+02  2.8125630e+02
2.4096993e-01    188172  2.7137363e+02  2.7137126e+02  2.5624753e+02
2.5621802e-01    222492  2.4533608e+02  2.4555636e+02  2.3225633e+02
2.7214102e-01    261771  2.1743017e+02  2.1772241e+02  2.0406759e+02
2.8873063e-01    306759  1.8940018e+02  1.8895662e+02  1.7187329e+02
3.0605468e-01    360898  1.6766372e+02  1.6702255e+02  1.4853551e+02
3.2421519e-01    425046  1.5249498e+02  1.5256319e+02  1.3749163e+02
3.4337900e-01    505555  1.3697690e+02  1.3740861e+02  1.2565713e+02
3.6368055e-01    600292  1.2106104e+02  1.2091634e+02  1.0668717e+02
3.8517334e-01    712930  1.0732792e+02  1.0680385e+02  9.0598135e+01
4.0793004e-01    846715  9.6478103e+01  9.6567523e+01  8.3562392e+01
4.3202621e-01   1005596  8.6491439e+01  8.6813990e+01  7.5415745e+01
4.5754560e-01   1194719  7.6431245e+01  7.6052937e+01  6.2675257e+01
4.8457948e-01   1419743  6.8135981e+01  6.8022489e+01  5.5958918e+01
5.1321525e-01   1686576  6.0880856e+01  6.1137420e+01  5.1022151e+01
5.4354215e-01   2003484  5.4061865e+01  5.3691621e+01  4.2413948e+01
5.7565178e-01   2378778  4.8170202e+01  4.8281201e+01  3.8518087e+01
6.0966698e-01   2828400  4.2839451e+01  4.2837702e+01  3.3680291e+01
6.4568974e-01   3356890  3.8128181e+01  3.7981126e+01  2.8884406e+01
6.8383752e-01   3990317  3.4071051e+01  3.4248311e+01  2.6103556e+01
7.2424344e-01   4738457  3.0559945e+01  3.0383646e+01  2.2062162e+01
7.6703215e-01   5629661  2.7745487e+01  2.7870114e+01  1.9890678e+01
8.1235262e-01   6687903  2.5629685e+01  2.5513676e+01  1.6945702e+01
8.6035444e-01   7945758  2.4398913e+01  2.4429151e+01  1.5015572e+01
9.1118812e-01   9436555  2.4211407e+01  2.4264396e+01  1.3087319e+01
9.6501980e-01  11210320  2.5222114e+01  2.5098444e+01  1.1283007e+01
1.0220366e+00  13318613  2.7752946e+01  2.7819425e+01  9.9625754e+00
1.0824208e+00  15819192  3.2160075e+01  3.2168511e+01  8.6410702e+00
1.1463741e+00  18795348  3.8744978e+01  3.8594093e+01  7.4744726e+00
1.2141088e+00  22326034  4.7143364e+01  4.7038830e+01  6.5196658e+00
1.2858419e+00  26520842  5.6458890e+01  5.6411989e+01  5.6834894e+00
1.3618105e+00  31503438  6.4630122e+01  6.4718085e+01  4.9477864e+00
1.4422695e+00  37426927  6.9390795e+01  6.9439732e+01  4.2956145e+00
1.5275481e+00  44525830  7.0594777e+01  7.0637195e+01  3.7277333e+00
