# Power spectrum from CO𝘕CEPT job 4700992 at t = 2.6135364 Gyr, a = 0.28571429
#
# Components:
#   0: matter  (upstream grid size 1024)
#
#                           grid size 1024
# ╭────────────────────────────────────────────────────────────────╮
#                         component 0    (corrected)      (linear)
#                        σ₈ = 2.78e-01  σ₈ = 2.78e-01  σ₈ = 2.76e-01
#  k [Mpc⁻¹]    modes       P [Mpc³]       P [Mpc³]       P [Mpc³]
3.0679616e-03         3  5.9003640e+03  5.9003640e+03  5.9012961e+03
5.8212951e-03        25  8.6481787e+03  8.6885287e+03  8.6864097e+03
1.0440195e-02       124  1.0083954e+04  1.0199163e+04  1.0236571e+04
1.6729547e-02       418  9.1421895e+03  9.2258866e+03  9.2160878e+03
2.3240110e-02       730  7.0938728e+03  7.0949578e+03  7.1380691e+03
2.9075630e-02      1012  5.6528299e+03  5.6394069e+03  5.6375430e+03
3.4544381e-02      1408  4.7726312e+03  4.7623920e+03  4.7549432e+03
3.9898901e-02      1841  4.2043366e+03  4.2020488e+03  4.2283257e+03
4.5580519e-02      2698  3.7791121e+03  3.7834136e+03  3.7972895e+03
5.1612543e-02      3532  3.2747434e+03  3.2798387e+03  3.3055972e+03
5.7899473e-02      4702  2.7205498e+03  2.7203419e+03  2.7421326e+03
6.4462744e-02      6019  2.2251871e+03  2.2192251e+03  2.2224482e+03
7.1309305e-02      7766  1.8666681e+03  1.8595931e+03  1.8648973e+03
7.8556104e-02     10012  1.6762883e+03  1.6732701e+03  1.6776096e+03
8.6194331e-02     12589  1.5616201e+03  1.5641596e+03  1.5645759e+03
9.4153926e-02     15650  1.3985540e+03  1.4020312e+03  1.4049229e+03
1.0254095e-01     19757  1.1753614e+03  1.1748029e+03  1.1769279e+03
1.1136076e-01     24241  9.7708592e+02  9.7356734e+02  9.6726600e+02
1.2060245e-01     29993  8.4547648e+02  8.4346005e+02  8.3693511e+02
1.3029316e-01     36494  7.5404838e+02  7.5512523e+02  7.5132752e+02
1.4046583e-01     44825  6.6018713e+02  6.6066337e+02  6.5159947e+02
1.5111985e-01     53906  5.6428175e+02  5.6239023e+02  5.4985128e+02
1.6229170e-01     65729  4.9861880e+02  4.9733601e+02  4.8775187e+02
1.7401323e-01     78746  4.5818539e+02  4.5918023e+02  4.5246013e+02
1.8625264e-01     94374  4.0754976e+02  4.0802713e+02  4.0107941e+02
1.9902230e-01    112166  3.4877563e+02  3.4822149e+02  3.3942828e+02
2.1238854e-01    134373  3.0285152e+02  3.0231692e+02  2.9055347e+02
2.2637810e-01    159077  2.6790035e+02  2.6763678e+02  2.5433558e+02
2.4096993e-01    188172  2.3794378e+02  2.3745135e+02  2.2591505e+02
2.5621802e-01    222492  2.1610777e+02  2.1628196e+02  2.0702935e+02
2.7214102e-01    261771  1.9345373e+02  1.9376027e+02  1.8567437e+02
2.8873063e-01    306759  1.6915976e+02  1.6902209e+02  1.5889621e+02
3.0605468e-01    360898  1.4858560e+02  1.4810497e+02  1.3550216e+02
3.2421519e-01    425046  1.3377557e+02  1.3356857e+02  1.2177251e+02
3.4337900e-01    505555  1.2062552e+02  1.2086468e+02  1.1248673e+02
3.6368055e-01    600292  1.0743118e+02  1.0756031e+02  9.9182968e+01
3.8517334e-01    712930  9.4785632e+01  9.4466388e+01  8.3622751e+01
4.0793004e-01    846715  8.4516456e+01  8.4311010e+01  7.4082307e+01
4.3202621e-01   1005596  7.6017297e+01  7.6240835e+01  6.8402193e+01
4.5754560e-01   1194719  6.7245556e+01  6.7210910e+01  5.8881862e+01
4.8457948e-01   1419743  5.9551021e+01  5.9262717e+01  5.0146948e+01
5.1321525e-01   1686576  5.3165853e+01  5.3367255e+01  4.6169932e+01
5.4354215e-01   2003484  4.7194000e+01  4.7167017e+01  3.9931352e+01
5.7565178e-01   2378778  4.1840882e+01  4.1625835e+01  3.4290604e+01
6.0966698e-01   2828400  3.7159724e+01  3.7362731e+01  3.1362410e+01
6.4568974e-01   3356890  3.2956945e+01  3.2782355e+01  2.6406858e+01
6.8383752e-01   3990317  2.9340333e+01  2.9424188e+01  2.3767407e+01
7.2424344e-01   4738457  2.6214286e+01  2.6103255e+01  2.0431625e+01
7.6703215e-01   5629661  2.3698002e+01  2.3733316e+01  1.8121860e+01
8.1235262e-01   6687903  2.1804496e+01  2.1696057e+01  1.5612988e+01
8.6035444e-01   7945758  2.0721473e+01  2.0775578e+01  1.3855151e+01
9.1118812e-01   9436555  2.0591553e+01  2.0462497e+01  1.1885977e+01
9.6501980e-01  11210320  2.1557154e+01  2.1612059e+01  1.0543899e+01
1.0220366e+00  13318613  2.3950315e+01  2.3956663e+01  9.1328137e+00
1.0824208e+00  15819192  2.8156569e+01  2.8058743e+01  7.9252887e+00
1.1463741e+00  18795348  3.4605259e+01  3.4610643e+01  6.9439558e+00
1.2141088e+00  22326034  4.3187963e+01  4.3247025e+01  6.0528884e+00
1.2858419e+00  26520842  5.3318719e+01  5.3323169e+01  5.2528725e+00
1.3618105e+00  31503438  6.2954416e+01  6.2797215e+01  4.5563041e+00
1.4422695e+00  37426927  6.9083410e+01  6.8910156e+01  3.9606934e+00
1.5275481e+00  44525830  7.0670401e+01  7.0537921e+01  3.4431308e+00
