# Power spectrum from CO𝘕CEPT job 4700992 at t = 10.26193 Gyr, a = 0.76923077
#
# Components:
#   0: matter  (upstream grid size 1024)
#
#                           grid size 1024
# ╭────────────────────────────────────────────────────────────────╮
#                         component 0    (corrected)      (linear)
#                        σ₈ = 7.03e-01  σ₈ = 7.03e-01  σ₈ = 6.53e-01
#  k [Mpc⁻¹]    modes       P [Mpc³]       P [Mpc³]       P [Mpc³]
3.0679616e-03         3  3.3048706e+04  3.3048706e+04  3.3040484e+04
5.8212951e-03        25  4.8404434e+04  4.8630276e+04  4.8593835e+04
1.0440195e-02       124  5.6045657e+04  5.6685973e+04  5.7214478e+04
1.6729547e-02       418  5.1035961e+04  5.1503197e+04  5.1477195e+04
2.3240110e-02       730  3.9164907e+04  3.9170897e+04  3.9855525e+04
2.9075630e-02      1012  3.1467388e+04  3.1392667e+04  3.1471133e+04
3.4544381e-02      1408  2.6619764e+04  2.6562654e+04  2.6540875e+04
3.9898901e-02      1841  2.3190158e+04  2.3177539e+04  2.3599473e+04
4.5580519e-02      2698  2.0933157e+04  2.0956983e+04  2.1192395e+04
5.1612543e-02      3532  1.8044314e+04  1.8072390e+04  1.8447390e+04
5.7899473e-02      4702  1.5041890e+04  1.5040741e+04  1.5302310e+04
6.4462744e-02      6019  1.2542598e+04  1.2508993e+04  1.2401874e+04
7.1309305e-02      7766  1.0602445e+04  1.0562259e+04  1.0406397e+04
7.8556104e-02     10012  9.5566219e+03  9.5394152e+03  9.3611272e+03
8.6194331e-02     12589  8.8951978e+03  8.9096635e+03  8.7302606e+03
9.4153926e-02     15650  7.9703295e+03  7.9901465e+03  7.8393056e+03
1.0254095e-01     19757  6.8376541e+03  6.8344051e+03  6.5670517e+03
1.1136076e-01     24241  5.8977222e+03  5.8764840e+03  5.3971286e+03
1.2060245e-01     29993  5.1911376e+03  5.1787569e+03  4.6698780e+03
1.3029316e-01     36494  4.6622313e+03  4.6688894e+03  4.1921852e+03
1.4046583e-01     44825  4.1587102e+03  4.1617102e+03  3.6357137e+03
1.5111985e-01     53906  3.7192014e+03  3.7067342e+03  3.0679786e+03
1.6229170e-01     65729  3.3386475e+03  3.3300582e+03  2.7214756e+03
1.7401323e-01     78746  3.0676261e+03  3.0742867e+03  2.5245530e+03
1.8625264e-01     94374  2.7837428e+03  2.7870034e+03  2.2378625e+03
1.9902230e-01    112166  2.4993668e+03  2.4953958e+03  1.8938695e+03
2.1238854e-01    134373  2.2583215e+03  2.2543350e+03  1.6211651e+03
2.2637810e-01    159077  2.0766294e+03  2.0745863e+03  1.4190822e+03
2.4096993e-01    188172  1.9029640e+03  1.8990258e+03  1.2605061e+03
2.5621802e-01    222492  1.7566227e+03  1.7580386e+03  1.1551308e+03
2.7214102e-01    261771  1.6251983e+03  1.6277736e+03  1.0359784e+03
2.8873063e-01    306759  1.4955608e+03  1.4943436e+03  8.8656757e+02
3.0605468e-01    360898  1.3858156e+03  1.3813330e+03  7.5603893e+02
3.2421519e-01    425046  1.2863900e+03  1.2843995e+03  6.7943337e+02
3.4337900e-01    505555  1.1970561e+03  1.1994295e+03  6.2762262e+02
3.6368055e-01    600292  1.1144145e+03  1.1157540e+03  5.5339360e+02
3.8517334e-01    712930  1.0392476e+03  1.0357473e+03  4.6657475e+02
4.0793004e-01    846715  9.7193670e+02  9.6957408e+02  4.1334346e+02
4.3202621e-01   1005596  9.0668917e+02  9.0935540e+02  3.8165099e+02
4.5754560e-01   1194719  8.4839507e+02  8.4795796e+02  3.2853203e+02
4.8457948e-01   1419743  7.9353926e+02  7.8969750e+02  2.7979537e+02
5.1321525e-01   1686576  7.4491054e+02  7.4773239e+02  2.5760548e+02
5.4354215e-01   2003484  6.9685610e+02  6.9645767e+02  2.2279720e+02
5.7565178e-01   2378778  6.5572709e+02  6.5235689e+02  1.9132456e+02
6.0966698e-01   2828400  6.1627859e+02  6.1964537e+02  1.7498664e+02
6.4568974e-01   3356890  5.8064370e+02  5.7756773e+02  1.4733708e+02
6.8383752e-01   3990317  5.4779936e+02  5.4936497e+02  1.3261023e+02
7.2424344e-01   4738457  5.1787201e+02  5.1567855e+02  1.1399821e+02
7.6703215e-01   5629661  4.9029083e+02  4.9102144e+02  1.0111085e+02
8.1235262e-01   6687903  4.6545898e+02  4.6314414e+02  8.7112587e+01
8.6035444e-01   7945758  4.4237872e+02  4.4353380e+02  7.7304726e+01
9.1118812e-01   9436555  4.2104429e+02  4.1840541e+02  6.6317717e+01
9.6501980e-01  11210320  4.0032082e+02  4.0134041e+02  5.8829587e+01
1.0220366e+00  13318613  3.8027149e+02  3.8037228e+02  5.0956433e+01
1.0824208e+00  15819192  3.6054033e+02  3.5928768e+02  4.4219047e+01
1.1463741e+00  18795348  3.4132644e+02  3.4137954e+02  3.8743700e+01
1.2141088e+00  22326034  3.2240087e+02  3.2284177e+02  3.3771990e+01
1.2858419e+00  26520842  3.0374598e+02  3.0377132e+02  2.9308303e+01
1.3618105e+00  31503438  2.8560452e+02  2.8489135e+02  2.5421802e+01
1.4422695e+00  37426927  2.6794546e+02  2.6727348e+02  2.2098595e+01
1.5275481e+00  44525830  2.5095112e+02  2.5048068e+02  1.9210857e+01
