# Power spectrum from CO𝘕CEPT job 4700992 at t = 4.8109473 Gyr, a = 0.43478261
#
# Components:
#   0: matter  (upstream grid size 1024)
#
#                           grid size 1024
# ╭────────────────────────────────────────────────────────────────╮
#                         component 0    (corrected)      (linear)
#                        σ₈ = 4.23e-01  σ₈ = 4.23e-01  σ₈ = 4.11e-01
#  k [Mpc⁻¹]    modes       P [Mpc³]       P [Mpc³]       P [Mpc³]
3.0679616e-03         3  1.3072112e+04  1.3072112e+04  1.3068369e+04
5.8212951e-03        25  1.9153905e+04  1.9243272e+04  1.9228255e+04
1.0440195e-02       124  2.2278580e+04  2.2533110e+04  2.2650139e+04
1.6729547e-02       418  2.0233864e+04  2.0419106e+04  2.0386413e+04
2.3240110e-02       730  1.5640448e+04  1.5642840e+04  1.5787312e+04
2.9075630e-02      1012  1.2502013e+04  1.2472326e+04  1.2467600e+04
3.4544381e-02      1408  1.0563533e+04  1.0540870e+04  1.0515200e+04
3.9898901e-02      1841  9.2692807e+03  9.2642367e+03  9.3503241e+03
4.5580519e-02      2698  8.3450393e+03  8.3545380e+03  8.3969467e+03
5.1612543e-02      3532  7.2184504e+03  7.2296818e+03  7.3095317e+03
5.7899473e-02      4702  6.0025259e+03  6.0020673e+03  6.0634794e+03
6.4462744e-02      6019  4.9397047e+03  4.9264696e+03  4.9142848e+03
7.1309305e-02      7766  4.1511906e+03  4.1354567e+03  4.1236314e+03
7.8556104e-02     10012  3.7322316e+03  3.7255117e+03  3.7094781e+03
8.6194331e-02     12589  3.4790730e+03  3.4847307e+03  3.4595223e+03
9.4153926e-02     15650  3.1174103e+03  3.1251612e+03  3.1064903e+03
1.0254095e-01     19757  2.6346881e+03  2.6334362e+03  2.6023502e+03
1.1136076e-01     24241  2.2148693e+03  2.2068934e+03  2.1387521e+03
1.2060245e-01     29993  1.9266826e+03  1.9220875e+03  1.8505687e+03
1.3029316e-01     36494  1.7209432e+03  1.7234009e+03  1.6612761e+03
1.4046583e-01     44825  1.5187949e+03  1.5198905e+03  1.4407627e+03
1.5111985e-01     53906  1.3170777e+03  1.3126627e+03  1.2157837e+03
1.6229170e-01     65729  1.1690008e+03  1.1659933e+03  1.0784734e+03
1.7401323e-01     78746  1.0730297e+03  1.0753595e+03  1.0004384e+03
1.8625264e-01     94374  9.6109593e+02  9.6222167e+02  8.8682923e+02
1.9902230e-01    112166  8.3592507e+02  8.3459695e+02  7.5051141e+02
2.1238854e-01    134373  7.3796580e+02  7.3666311e+02  6.4244365e+02
2.2637810e-01    159077  6.6230471e+02  6.6165310e+02  5.6236184e+02
2.4096993e-01    188172  5.9431827e+02  5.9308832e+02  4.9952088e+02
2.5621802e-01    222492  5.4255048e+02  5.4298780e+02  4.5776250e+02
2.7214102e-01    261771  4.9006247e+02  4.9083903e+02  4.1054434e+02
2.8873063e-01    306759  4.3810385e+02  4.3774730e+02  3.5133506e+02
3.0605468e-01    360898  3.9352314e+02  3.9225022e+02  2.9960845e+02
3.2421519e-01    425046  3.5932240e+02  3.5876641e+02  2.6925079e+02
3.4337900e-01    505555  3.2624604e+02  3.2689289e+02  2.4871896e+02
3.6368055e-01    600292  2.9597692e+02  2.9633268e+02  2.1930302e+02
3.8517334e-01    712930  2.6858633e+02  2.6768171e+02  1.8489786e+02
4.0793004e-01    846715  2.4393025e+02  2.4333730e+02  1.6380300e+02
4.3202621e-01   1005596  2.2222531e+02  2.2287880e+02  1.5124370e+02
4.5754560e-01   1194719  2.0193583e+02  2.0183178e+02  1.3019333e+02
4.8457948e-01   1419743  1.8368968e+02  1.8280038e+02  1.1087960e+02
5.1321525e-01   1686576  1.6755529e+02  1.6819002e+02  1.0208603e+02
5.4354215e-01   2003484  1.5282364e+02  1.5273626e+02  8.8291937e+01
5.7565178e-01   2378778  1.3957831e+02  1.3886093e+02  7.5819709e+01
6.0966698e-01   2828400  1.2765637e+02  1.2835377e+02  6.9345192e+01
6.4568974e-01   3356890  1.1695883e+02  1.1633924e+02  5.8388002e+01
6.8383752e-01   3990317  1.0772427e+02  1.0803214e+02  5.2551927e+01
7.2424344e-01   4738457  9.9656834e+01  9.9234735e+01  4.5176200e+01
7.6703215e-01   5629661  9.3080993e+01  9.3219700e+01  4.0069092e+01
8.1235262e-01   6687903  8.7989429e+01  8.7551835e+01  3.4521743e+01
8.6035444e-01   7945758  8.4442422e+01  8.4662906e+01  3.0635002e+01
9.1118812e-01   9436555  8.2610426e+01  8.2092668e+01  2.6280976e+01
9.6501980e-01  11210320  8.2489301e+01  8.2699396e+01  2.3313517e+01
1.0220366e+00  13318613  8.3846576e+01  8.3868798e+01  2.0193476e+01
1.0824208e+00  15819192  8.6393620e+01  8.6093457e+01  1.7523526e+01
1.1463741e+00  18795348  8.9438032e+01  8.9451948e+01  1.5353709e+01
1.2141088e+00  22326034  9.2084851e+01  9.2210781e+01  1.3383476e+01
1.2858419e+00  26520842  9.3665886e+01  9.3673703e+01  1.1614568e+01
1.3618105e+00  31503438  9.4102998e+01  9.3868017e+01  1.0074391e+01
1.4422695e+00  37426927  9.3574468e+01  9.3339793e+01  8.7574410e+00
1.5275481e+00  44525830  9.2558069e+01  9.2384558e+01  7.6130627e+00
