# Power spectrum from CO𝘕CEPT job 4700992 at t = 5.8536973 Gyr, a = 0.5
#
# Components:
#   0: matter  (upstream grid size 1024)
#
#                           grid size 1024
# ╭────────────────────────────────────────────────────────────────╮
#                         component 0    (corrected)      (linear)
#                        σ₈ = 4.84e-01  σ₈ = 4.83e-01  σ₈ = 4.66e-01
#  k [Mpc⁻¹]    modes       P [Mpc³]       P [Mpc³]       P [Mpc³]
3.0679616e-03         3  1.6787664e+04  1.6787664e+04  1.6776538e+04
5.8212951e-03        25  2.4595664e+04  2.4710420e+04  2.4681354e+04
1.0440195e-02       124  2.8579244e+04  2.8905760e+04  2.9069908e+04
1.6729547e-02       418  2.5973406e+04  2.6211193e+04  2.6162065e+04
2.3240110e-02       730  2.0044979e+04  2.0048045e+04  2.0258898e+04
2.9075630e-02      1012  1.6042157e+04  1.6004064e+04  1.5998452e+04
3.4544381e-02      1408  1.3558747e+04  1.3529658e+04  1.3492888e+04
3.9898901e-02      1841  1.1878280e+04  1.1871816e+04  1.1997998e+04
4.5580519e-02      2698  1.0700553e+04  1.0712733e+04  1.0774558e+04
5.1612543e-02      3532  9.2489813e+03  9.2633720e+03  9.3791725e+03
5.7899473e-02      4702  7.6947255e+03  7.6941377e+03  7.7802666e+03
6.4462744e-02      6019  6.3499040e+03  6.3328906e+03  6.3056669e+03
7.1309305e-02      7766  5.3418447e+03  5.3215979e+03  5.2911376e+03
7.8556104e-02     10012  4.8052474e+03  4.7965956e+03  4.7597137e+03
8.6194331e-02     12589  4.4790528e+03  4.4863368e+03  4.4389800e+03
9.4153926e-02     15650  4.0140181e+03  4.0239983e+03  3.9859906e+03
1.0254095e-01     19757  3.4024028e+03  3.4007862e+03  3.3391147e+03
1.1136076e-01     24241  2.8755814e+03  2.8652262e+03  2.7442617e+03
1.2060245e-01     29993  2.5076385e+03  2.5016579e+03  2.3744873e+03
1.3029316e-01     36494  2.2420000e+03  2.2452017e+03  2.1316017e+03
1.4046583e-01     44825  1.9842817e+03  1.9857131e+03  1.8486572e+03
1.5111985e-01     53906  1.7325155e+03  1.7267079e+03  1.5599834e+03
1.6229170e-01     65729  1.5412008e+03  1.5372358e+03  1.3837986e+03
1.7401323e-01     78746  1.4143367e+03  1.4174076e+03  1.2836706e+03
1.8625264e-01     94374  1.2707477e+03  1.2722361e+03  1.1378973e+03
1.9902230e-01    112166  1.1130522e+03  1.1112838e+03  9.6298657e+02
2.1238854e-01    134373  9.8875482e+02  9.8700943e+02  8.2432381e+02
2.2637810e-01    159077  8.9270650e+02  8.9182821e+02  7.2157013e+02
2.4096993e-01    188172  8.0482163e+02  8.0315604e+02  6.4093835e+02
2.5621802e-01    222492  7.3655489e+02  7.3714859e+02  5.8735780e+02
2.7214102e-01    261771  6.6873898e+02  6.6979867e+02  5.2677181e+02
2.8873063e-01    306759  6.0235910e+02  6.0186886e+02  4.5079999e+02
3.0605468e-01    360898  5.4534000e+02  5.4357600e+02  3.8442923e+02
3.2421519e-01    425046  5.0045475e+02  4.9968039e+02  3.4547711e+02
3.4337900e-01    505555  4.5673241e+02  4.5763797e+02  3.1913258e+02
3.6368055e-01    600292  4.1715047e+02  4.1765188e+02  2.8138881e+02
3.8517334e-01    712930  3.8173627e+02  3.8045055e+02  2.3724335e+02
4.0793004e-01    846715  3.4923490e+02  3.4838596e+02  2.1017642e+02
4.3202621e-01   1005596  3.2017362e+02  3.2111513e+02  1.9406152e+02
4.5754560e-01   1194719  2.9331227e+02  2.9316115e+02  1.6705167e+02
4.8457948e-01   1419743  2.6902594e+02  2.6772351e+02  1.4227013e+02
5.1321525e-01   1686576  2.4730400e+02  2.4824083e+02  1.3098705e+02
5.4354215e-01   2003484  2.2758820e+02  2.2745807e+02  1.1328778e+02
5.7565178e-01   2378778  2.0957499e+02  2.0849785e+02  9.7284605e+01
6.0966698e-01   2828400  1.9360002e+02  1.9465767e+02  8.8977120e+01
6.4568974e-01   3356890  1.7906194e+02  1.7811336e+02  7.4917898e+01
6.8383752e-01   3990317  1.6635324e+02  1.6682867e+02  6.7429602e+01
7.2424344e-01   4738457  1.5530061e+02  1.5464283e+02  5.7965774e+01
7.6703215e-01   5629661  1.4604581e+02  1.4626344e+02  5.1412820e+01
8.1235262e-01   6687903  1.3859166e+02  1.3790241e+02  4.4294991e+01
8.6035444e-01   7945758  1.3296057e+02  1.3330774e+02  3.9307896e+01
9.1118812e-01   9436555  1.2916245e+02  1.2835293e+02  3.3721227e+01
9.6501980e-01  11210320  1.2698720e+02  1.2731063e+02  2.9913667e+01
1.0220366e+00  13318613  1.2593752e+02  1.2597089e+02  2.5910328e+01
1.0824208e+00  15819192  1.2556452e+02  1.2512826e+02  2.2484505e+01
1.1463741e+00  18795348  1.2522857e+02  1.2524805e+02  1.9700402e+01
1.2141088e+00  22326034  1.2435364e+02  1.2452370e+02  1.7172389e+01
1.2858419e+00  26520842  1.2262693e+02  1.2263716e+02  1.4902694e+01
1.3618105e+00  31503438  1.2029644e+02  1.1999605e+02  1.2926487e+01
1.4422695e+00  37426927  1.1745134e+02  1.1715679e+02  1.1236703e+01
1.5275481e+00  44525830  1.1427349e+02  1.1405927e+02  9.7683468e+00
