# Power spectrum from CO𝘕CEPT job 4700992 at t = 9.3733865 Gyr, a = 0.71428571
#
# Components:
#   0: matter  (upstream grid size 1024)
#
#                           grid size 1024
# ╭────────────────────────────────────────────────────────────────╮
#                         component 0    (corrected)      (linear)
#                        σ₈ = 6.63e-01  σ₈ = 6.63e-01  σ₈ = 6.20e-01
#  k [Mpc⁻¹]    modes       P [Mpc³]       P [Mpc³]       P [Mpc³]
3.0679616e-03         3  2.9786823e+04  2.9786823e+04  2.9779279e+04
5.8212951e-03        25  4.3629354e+04  4.3832917e+04  4.3799410e+04
1.0440195e-02       124  5.0548805e+04  5.1126320e+04  5.1572209e+04
1.6729547e-02       418  4.6015860e+04  4.6437137e+04  4.6402732e+04
2.3240110e-02       730  3.5348246e+04  3.5353653e+04  3.5927627e+04
2.9075630e-02      1012  2.8381872e+04  2.8314477e+04  2.8369957e+04
3.4544381e-02      1408  2.4006053e+04  2.3954551e+04  2.3925749e+04
3.9898901e-02      1841  2.0933808e+04  2.0922416e+04  2.1274308e+04
4.5580519e-02      2698  1.8889783e+04  1.8911284e+04  1.9104487e+04
5.1612543e-02      3532  1.6290898e+04  1.6316245e+04  1.6629990e+04
5.7899473e-02      4702  1.3574935e+04  1.3573898e+04  1.3794801e+04
6.4462744e-02      6019  1.1297798e+04  1.1267527e+04  1.1180129e+04
7.1309305e-02      7766  9.5407530e+03  9.5045914e+03  9.3812512e+03
7.8556104e-02     10012  8.5963550e+03  8.5808772e+03  8.4389655e+03
8.6194331e-02     12589  8.0042853e+03  8.0173020e+03  7.8702558e+03
9.4153926e-02     15650  7.1728698e+03  7.1907040e+03  7.0670752e+03
1.0254095e-01     19757  6.1393197e+03  6.1364025e+03  5.9201532e+03
1.1136076e-01     24241  5.2756711e+03  5.2566730e+03  4.8654790e+03
1.2060245e-01     29993  4.6357035e+03  4.6246475e+03  4.2098696e+03
1.3029316e-01     36494  4.1595393e+03  4.1654795e+03  3.7792341e+03
1.4046583e-01     44825  3.7057006e+03  3.7083738e+03  3.2775793e+03
1.5111985e-01     53906  3.3004910e+03  3.2894274e+03  2.7657698e+03
1.6229170e-01     65729  2.9576831e+03  2.9500739e+03  2.4533996e+03
1.7401323e-01     78746  2.7162756e+03  2.7221733e+03  2.2758752e+03
1.8625264e-01     94374  2.4609988e+03  2.4638814e+03  2.0174253e+03
1.9902230e-01    112166  2.1999430e+03  2.1964477e+03  1.7073172e+03
2.1238854e-01    134373  1.9825731e+03  1.9790734e+03  1.4614753e+03
2.2637810e-01    159077  1.8179025e+03  1.8161140e+03  1.2792984e+03
2.4096993e-01    188172  1.6611613e+03  1.6577235e+03  1.1363427e+03
2.5621802e-01    222492  1.5311149e+03  1.5323491e+03  1.0413472e+03
2.7214102e-01    261771  1.4122922e+03  1.4145301e+03  9.3393176e+02
2.8873063e-01    306759  1.2950898e+03  1.2940358e+03  7.9923839e+02
3.0605468e-01    360898  1.1955673e+03  1.1917001e+03  6.8156721e+02
3.2421519e-01    425046  1.1079871e+03  1.1062727e+03  6.1250752e+02
3.4337900e-01    505555  1.0277115e+03  1.0297492e+03  5.6580030e+02
3.6368055e-01    600292  9.5380769e+02  9.5495415e+02  4.9888304e+02
3.8517334e-01    712930  8.8717779e+02  8.8418971e+02  4.2061607e+02
4.0793004e-01    846715  8.2701207e+02  8.2500173e+02  3.7262820e+02
4.3202621e-01   1005596  7.6952314e+02  7.7178602e+02  3.4405752e+02
4.5754560e-01   1194719  7.1779729e+02  7.1742746e+02  2.9617091e+02
4.8457948e-01   1419743  6.6966158e+02  6.6641955e+02  2.5223493e+02
5.1321525e-01   1686576  6.2663939e+02  6.2901321e+02  2.3223079e+02
5.4354215e-01   2003484  5.8498719e+02  5.8465272e+02  2.0085121e+02
5.7565178e-01   2378778  5.4896050e+02  5.4613904e+02  1.7247869e+02
6.0966698e-01   2828400  5.1489744e+02  5.1771036e+02  1.5775009e+02
6.4568974e-01   3356890  4.8420525e+02  4.8164016e+02  1.3282408e+02
6.8383752e-01   3990317  4.5619191e+02  4.5749570e+02  1.1954786e+02
7.2424344e-01   4738457  4.3082864e+02  4.2900385e+02  1.0276916e+02
7.6703215e-01   5629661  4.0782555e+02  4.0843328e+02  9.1151232e+01
8.1235262e-01   6687903  3.8754587e+02  3.8561851e+02  7.8531826e+01
8.6035444e-01   7945758  3.6897605e+02  3.6993947e+02  6.9690060e+01
9.1118812e-01   9436555  3.5226292e+02  3.5005513e+02  5.9785293e+01
9.6501980e-01  11210320  3.3613090e+02  3.3698700e+02  5.3034760e+01
1.0220366e+00  13318613  3.2070015e+02  3.2078515e+02  4.5937127e+01
1.0824208e+00  15819192  3.0557371e+02  3.0451204e+02  3.9863387e+01
1.1463741e+00  18795348  2.9061168e+02  2.9065689e+02  3.4927373e+01
1.2141088e+00  22326034  2.7589092e+02  2.7626821e+02  3.0445386e+01
1.2858419e+00  26520842  2.6113559e+02  2.6115738e+02  2.6421382e+01
1.3618105e+00  31503438  2.4666662e+02  2.4605067e+02  2.2917709e+01
1.4422695e+00  37426927  2.3244747e+02  2.3186451e+02  1.9921844e+01
1.5275481e+00  44525830  2.1881414e+02  2.1840394e+02  1.7318553e+01
