# Power spectrum from CO𝘕CEPT job 4700992 at t = 4.0361125 Gyr, a = 0.38461538
#
# Components:
#   0: matter  (upstream grid size 1024)
#
#                           grid size 1024
# ╭────────────────────────────────────────────────────────────────╮
#                         component 0    (corrected)      (linear)
#                        σ₈ = 3.75e-01  σ₈ = 3.75e-01  σ₈ = 3.67e-01
#  k [Mpc⁻¹]    modes       P [Mpc³]       P [Mpc³]       P [Mpc³]
3.0679616e-03         3  1.0417156e+04  1.0417156e+04  1.0417991e+04
5.8212951e-03        25  1.5265070e+04  1.5336292e+04  1.5330312e+04
1.0440195e-02       124  1.7769696e+04  1.7972713e+04  1.8060659e+04
1.6729547e-02       418  1.6129779e+04  1.6277448e+04  1.6256985e+04
2.3240110e-02       730  1.2483871e+04  1.2485780e+04  1.2590057e+04
2.9075630e-02      1012  9.9688743e+03  9.9452027e+03  9.9428985e+03
3.4544381e-02      1408  8.4210842e+03  8.4030176e+03  8.3859871e+03
3.9898901e-02      1841  7.3988825e+03  7.3948564e+03  7.4570613e+03
4.5580519e-02      2698  6.6577194e+03  6.6652975e+03  6.6967763e+03
5.1612543e-02      3532  5.7623303e+03  5.7712961e+03  5.8295699e+03
5.7899473e-02      4702  4.7900031e+03  4.7896372e+03  4.8358280e+03
6.4462744e-02      6019  3.9334928e+03  3.9229537e+03  3.9193207e+03
7.1309305e-02      7766  3.3032517e+03  3.2907317e+03  3.2887550e+03
7.8556104e-02     10012  2.9686604e+03  2.9633153e+03  2.9584584e+03
8.6194331e-02     12589  2.7670536e+03  2.7715534e+03  2.7591136e+03
9.4153926e-02     15650  2.4790134e+03  2.4851771e+03  2.4775595e+03
1.0254095e-01     19757  2.0907262e+03  2.0897327e+03  2.0754885e+03
1.1136076e-01     24241  1.7505583e+03  1.7442544e+03  1.7057505e+03
1.2060245e-01     29993  1.5199250e+03  1.5163000e+03  1.4759126e+03
1.3029316e-01     36494  1.3567642e+03  1.3587018e+03  1.3249440e+03
1.4046583e-01     44825  1.1944079e+03  1.1952695e+03  1.1490751e+03
1.5111985e-01     53906  1.0304292e+03  1.0269751e+03  9.6964438e+02
1.6229170e-01     65729  9.1306992e+02  9.1072087e+02  8.6013340e+02
1.7401323e-01     78746  8.3836526e+02  8.4018558e+02  7.9789706e+02
1.8625264e-01     94374  7.4908820e+02  7.4996561e+02  7.0728859e+02
1.9902230e-01    112166  6.4793033e+02  6.4690090e+02  5.9856878e+02
2.1238854e-01    134373  5.6895162e+02  5.6794728e+02  5.1237968e+02
2.2637810e-01    159077  5.0815552e+02  5.0765557e+02  4.4851068e+02
2.4096993e-01    188172  4.5434198e+02  4.5340171e+02  3.9839206e+02
2.5621802e-01    222492  4.1397584e+02  4.1430952e+02  3.6508778e+02
2.7214102e-01    261771  3.7259559e+02  3.7318601e+02  3.2742905e+02
2.8873063e-01    306759  3.3084842e+02  3.3057916e+02  2.8020681e+02
3.0605468e-01    360898  2.9515661e+02  2.9420187e+02  2.3895234e+02
3.2421519e-01    425046  2.6828748e+02  2.6787236e+02  2.1474065e+02
3.4337900e-01    505555  2.4277378e+02  2.4325512e+02  1.9836553e+02
3.6368055e-01    600292  2.1896569e+02  2.1922888e+02  1.7490489e+02
3.8517334e-01    712930  1.9712387e+02  1.9645995e+02  1.4746510e+02
4.0793004e-01    846715  1.7796867e+02  1.7753606e+02  1.3064092e+02
4.3202621e-01   1005596  1.6133393e+02  1.6180836e+02  1.2062428e+02
4.5754560e-01   1194719  1.4547442e+02  1.4539947e+02  1.0383558e+02
4.8457948e-01   1419743  1.3131264e+02  1.3067692e+02  8.8431932e+01
5.1321525e-01   1686576  1.1893791e+02  1.1938846e+02  8.1418631e+01
5.4354215e-01   2003484  1.0758723e+02  1.0752572e+02  7.0417166e+01
5.7565178e-01   2378778  9.7482730e+01  9.6981703e+01  6.0469952e+01
6.0966698e-01   2828400  8.8325674e+01  8.8808204e+01  5.5306208e+01
6.4568974e-01   3356890  8.0182746e+01  7.9757975e+01  4.6567310e+01
6.8383752e-01   3990317  7.3184936e+01  7.3394098e+01  4.1912754e+01
7.2424344e-01   4738457  6.7070210e+01  6.6786133e+01  3.6030250e+01
7.6703215e-01   5629661  6.2150114e+01  6.2242728e+01  3.1957080e+01
8.1235262e-01   6687903  5.8403393e+01  5.8112938e+01  2.7532796e+01
8.6035444e-01   7945758  5.5961657e+01  5.6107776e+01  2.4432929e+01
9.1118812e-01   9436555  5.5046938e+01  5.4701934e+01  2.0960378e+01
9.6501980e-01  11210320  5.5739818e+01  5.5881783e+01  1.8593684e+01
1.0220366e+00  13318613  5.8092599e+01  5.8107996e+01  1.6105297e+01
1.0824208e+00  15819192  6.2043374e+01  6.1827812e+01  1.3975881e+01
1.1463741e+00  18795348  6.7131888e+01  6.7142333e+01  1.2245344e+01
1.2141088e+00  22326034  7.2313934e+01  7.2412827e+01  1.0673987e+01
1.2858419e+00  26520842  7.6574637e+01  7.6581027e+01  9.2631945e+00
1.3618105e+00  31503438  7.9245059e+01  7.9047179e+01  8.0348277e+00
1.4422695e+00  37426927  8.0294679e+01  8.0093308e+01  6.9844950e+00
1.5275481e+00  44525830  8.0349805e+01  8.0199179e+01  6.0717968e+00
