# Power spectrum from CO𝘕CEPT job 4700992 at t = 8.5937378 Gyr, a = 0.66666667
#
# Components:
#   0: matter  (upstream grid size 1024)
#
#                           grid size 1024
# ╭────────────────────────────────────────────────────────────────╮
#                         component 0    (corrected)      (linear)
#                        σ₈ = 6.26e-01  σ₈ = 6.26e-01  σ₈ = 5.89e-01
#  k [Mpc⁻¹]    modes       P [Mpc³]       P [Mpc³]       P [Mpc³]
3.0679616e-03         3  2.6898263e+04  2.6898263e+04  2.6890418e+04
5.8212951e-03        25  3.9400448e+04  3.9584279e+04  3.9552226e+04
1.0440195e-02       124  4.5675993e+04  4.6197836e+04  4.6573707e+04
1.6729547e-02       418  4.1567252e+04  4.1947802e+04  4.1907038e+04
2.3240110e-02       730  3.1960927e+04  3.1965815e+04  3.2447622e+04
2.9075630e-02      1012  2.5645880e+04  2.5584982e+04  2.5622355e+04
3.4544381e-02      1408  2.1688845e+04  2.1642314e+04  2.1608755e+04
3.9898901e-02      1841  1.8930614e+04  1.8920313e+04  1.9214201e+04
4.5580519e-02      2698  1.7076574e+04  1.7096011e+04  1.7254578e+04
5.1612543e-02      3532  1.4733840e+04  1.4756765e+04  1.5019746e+04
5.7899473e-02      4702  1.2273187e+04  1.2272250e+04  1.2459118e+04
6.4462744e-02      6019  1.0196514e+04  1.0169194e+04  1.0097636e+04
7.1309305e-02      7766  8.6032413e+03  8.5706332e+03  8.4729463e+03
7.8556104e-02     10012  7.7489857e+03  7.7350337e+03  7.6219054e+03
8.6194331e-02     12589  7.2174432e+03  7.2291804e+03  7.1082670e+03
9.4153926e-02     15650  6.4682361e+03  6.4843183e+03  6.3828559e+03
1.0254095e-01     19757  5.5246583e+03  5.5220332e+03  5.3469809e+03
1.1136076e-01     24241  4.7311847e+03  4.7141473e+03  4.3944204e+03
1.2060245e-01     29993  4.1507480e+03  4.1408486e+03  3.8022870e+03
1.3029316e-01     36494  3.7213677e+03  3.7266822e+03  3.4133456e+03
1.4046583e-01     44825  3.3114008e+03  3.3137895e+03  2.9602600e+03
1.5111985e-01     53906  2.9377923e+03  2.9279446e+03  2.4980023e+03
1.6229170e-01     65729  2.6285413e+03  2.6217789e+03  2.2158749e+03
1.7401323e-01     78746  2.4131564e+03  2.4183960e+03  2.0555379e+03
1.8625264e-01     94374  2.1829758e+03  2.1855327e+03  1.8221100e+03
1.9902230e-01    112166  1.9434327e+03  1.9403449e+03  1.5420251e+03
2.1238854e-01    134373  1.7469632e+03  1.7438794e+03  1.3199843e+03
2.2637810e-01    159077  1.5973580e+03  1.5957864e+03  1.1554448e+03
2.4096993e-01    188172  1.4557363e+03  1.4527237e+03  1.0263293e+03
2.5621802e-01    222492  1.3398939e+03  1.3409739e+03  9.4053079e+02
2.7214102e-01    261771  1.2321979e+03  1.2341505e+03  8.4351468e+02
2.8873063e-01    306759  1.1261482e+03  1.1252317e+03  7.2186148e+02
3.0605468e-01    360898  1.0358723e+03  1.0325215e+03  6.1558248e+02
3.2421519e-01    425046  9.5849087e+02  9.5700779e+02  5.5320873e+02
3.4337900e-01    505555  8.8625496e+02  8.8801212e+02  5.1102340e+02
3.6368055e-01    600292  8.2011006e+02  8.2109581e+02  4.5058464e+02
3.8517334e-01    712930  7.6082288e+02  7.5826037e+02  3.7989496e+02
4.0793004e-01    846715  7.0689481e+02  7.0517646e+02  3.3655295e+02
4.3202621e-01   1005596  6.5611856e+02  6.5804796e+02  3.1074830e+02
4.5754560e-01   1194719  6.1012546e+02  6.0981112e+02  2.6749774e+02
4.8457948e-01   1419743  5.6766745e+02  5.6491920e+02  2.2781533e+02
5.1321525e-01   1686576  5.2949605e+02  5.3150188e+02  2.0974786e+02
5.4354215e-01   2003484  4.9334868e+02  4.9306660e+02  1.8140623e+02
5.7565178e-01   2378778  4.6156601e+02  4.5919373e+02  1.5578054e+02
6.0966698e-01   2828400  4.3205843e+02  4.3441880e+02  1.4247786e+02
6.4568974e-01   3356890  4.0540274e+02  4.0325511e+02  1.1996501e+02
6.8383752e-01   3990317  3.8129192e+02  3.8238165e+02  1.0797410e+02
7.2424344e-01   4738457  3.5963259e+02  3.5810936e+02  9.2819791e+01
7.6703215e-01   5629661  3.4040070e+02  3.4090795e+02  8.2326630e+01
8.1235262e-01   6687903  3.2362418e+02  3.2201472e+02  7.0928946e+01
8.6035444e-01   7945758  3.0866725e+02  3.0947319e+02  6.2943176e+01
9.1118812e-01   9436555  2.9561976e+02  2.9376697e+02  5.3997317e+01
9.6501980e-01  11210320  2.8323290e+02  2.8395427e+02  4.7900322e+01
1.0220366e+00  13318613  2.7163685e+02  2.7170884e+02  4.1489831e+01
1.0824208e+00  15819192  2.6022355e+02  2.5931944e+02  3.6004107e+01
1.1463741e+00  18795348  2.4887348e+02  2.4891220e+02  3.1545962e+01
1.2141088e+00  22326034  2.3758704e+02  2.3791196e+02  2.7497889e+01
1.2858419e+00  26520842  2.2610504e+02  2.2612391e+02  2.3863459e+01
1.3618105e+00  31503438  2.1464404e+02  2.1410806e+02  2.0698986e+01
1.4422695e+00  37426927  2.0333113e+02  2.0282120e+02  1.7993159e+01
1.5275481e+00  44525830  1.9242896e+02  1.9206823e+02  1.5641900e+01
