# Power spectrum from CO𝘕CEPT job 4700992 at t = 2.1446321 Gyr, a = 0.25
#
# Components:
#   0: matter  (upstream grid size 1024)
#
#                           grid size 1024
# ╭────────────────────────────────────────────────────────────────╮
#                         component 0    (corrected)      (linear)
#                        σ₈ = 2.43e-01  σ₈ = 2.43e-01  σ₈ = 2.43e-01
#  k [Mpc⁻¹]    modes       P [Mpc³]       P [Mpc³]       P [Mpc³]
3.0679616e-03         3  4.5469018e+03  4.5469018e+03  4.5472666e+03
5.8212951e-03        25  6.6651193e+03  6.6962169e+03  6.6942706e+03
1.0440195e-02       124  7.7765690e+03  7.8654156e+03  7.8900315e+03
1.6729547e-02       418  7.0469727e+03  7.1114879e+03  7.1040692e+03
2.3240110e-02       730  5.4732289e+03  5.4740659e+03  5.5024942e+03
2.9075630e-02      1012  4.3579385e+03  4.3475904e+03  4.3458947e+03
3.4544381e-02      1408  3.6786321e+03  3.6707399e+03  3.6655523e+03
3.9898901e-02      1841  3.2437416e+03  3.2419765e+03  3.2596251e+03
4.5580519e-02      2698  2.9145078e+03  2.9178252e+03  2.9273602e+03
5.1612543e-02      3532  2.5266333e+03  2.5305645e+03  2.5483188e+03
5.7899473e-02      4702  2.0986930e+03  2.0985327e+03  2.1139276e+03
6.4462744e-02      6019  1.7142960e+03  1.7097029e+03  1.7133272e+03
7.1309305e-02      7766  1.4377382e+03  1.4322889e+03  1.4377078e+03
7.8556104e-02     10012  1.2907765e+03  1.2884525e+03  1.2933355e+03
8.6194331e-02     12589  1.2021174e+03  1.2040723e+03  1.2061858e+03
9.4153926e-02     15650  1.0764725e+03  1.0791489e+03  1.0831310e+03
1.0254095e-01     19757  9.0380328e+02  9.0337382e+02  9.0741126e+02
1.1136076e-01     24241  7.4966053e+02  7.4696094e+02  7.4573805e+02
1.2060245e-01     29993  6.4801111e+02  6.4646562e+02  6.4521656e+02
1.3029316e-01     36494  5.7783599e+02  5.7866119e+02  5.7922150e+02
1.4046583e-01     44825  5.0488408e+02  5.0524829e+02  5.0239163e+02
1.5111985e-01     53906  4.3031268e+02  4.2887023e+02  4.2395387e+02
1.6229170e-01     65729  3.7995056e+02  3.7897306e+02  3.7592478e+02
1.7401323e-01     78746  3.4924960e+02  3.5000791e+02  3.4880538e+02
1.8625264e-01     94374  3.1021328e+02  3.1057664e+02  3.0935031e+02
1.9902230e-01    112166  2.6455061e+02  2.6413029e+02  2.6152044e+02
2.1238854e-01    134373  2.2882056e+02  2.2841663e+02  2.2414754e+02
2.2637810e-01    159077  2.0174611e+02  2.0154763e+02  1.9590389e+02
2.4096993e-01    188172  1.7883417e+02  1.7846407e+02  1.7430135e+02
2.5621802e-01    222492  1.6229456e+02  1.6242538e+02  1.5949474e+02
2.7214102e-01    261771  1.4508440e+02  1.4531430e+02  1.4320890e+02
2.8873063e-01    306759  1.2613477e+02  1.2603212e+02  1.2246163e+02
3.0605468e-01    360898  1.1012337e+02  1.0976716e+02  1.0442743e+02
3.2421519e-01    425046  9.8833217e+01  9.8680291e+01  9.3917536e+01
3.4337900e-01    505555  8.9126286e+01  8.9302995e+01  8.6694937e+01
3.6368055e-01    600292  7.9021138e+01  7.9116120e+01  7.6439377e+01
3.8517334e-01    712930  6.9129343e+01  6.8896510e+01  6.4475163e+01
4.0793004e-01    846715  6.1360612e+01  6.1211454e+01  5.7120850e+01
4.3202621e-01   1005596  5.5112360e+01  5.5274425e+01  5.2735488e+01
4.5754560e-01   1194719  4.8383343e+01  4.8358415e+01  4.5393910e+01
4.8457948e-01   1419743  4.2504070e+01  4.2298295e+01  3.8659337e+01
5.1321525e-01   1686576  3.7788217e+01  3.7931366e+01  3.5593217e+01
5.4354215e-01   2003484  3.3293775e+01  3.3274739e+01  3.0784233e+01
5.7565178e-01   2378778  2.9238425e+01  2.9088150e+01  2.6435860e+01
6.0966698e-01   2828400  2.5800717e+01  2.5941669e+01  2.4178095e+01
6.4568974e-01   3356890  2.2647452e+01  2.2527477e+01  2.0357443e+01
6.8383752e-01   3990317  1.9960405e+01  2.0017452e+01  1.8322738e+01
7.2424344e-01   4738457  1.7630702e+01  1.7556026e+01  1.5751356e+01
7.6703215e-01   5629661  1.5744367e+01  1.5767828e+01  1.3970818e+01
8.1235262e-01   6687903  1.4329299e+01  1.4258035e+01  1.2036620e+01
8.6035444e-01   7945758  1.3551546e+01  1.3586930e+01  1.0681372e+01
9.1118812e-01   9436555  1.3524196e+01  1.3439433e+01  9.1632201e+00
9.6501980e-01  11210320  1.4361377e+01  1.4397954e+01  8.1285472e+00
1.0220366e+00  13318613  1.6379986e+01  1.6384327e+01  7.0406929e+00
1.0824208e+00  15819192  2.0001020e+01  1.9931529e+01  6.1097765e+00
1.1463741e+00  18795348  2.5855319e+01  2.5859342e+01  5.3532392e+00
1.2141088e+00  22326034  3.4416093e+01  3.4463158e+01  4.6662928e+00
1.2858419e+00  26520842  4.6016892e+01  4.6020733e+01  4.0495444e+00
1.3618105e+00  31503438  5.9301814e+01  5.9153734e+01  3.5125501e+00
1.4422695e+00  37426927  7.0033585e+01  6.9857947e+01  3.0533883e+00
1.5275481e+00  44525830  7.3591716e+01  7.3453760e+01  2.6543917e+00
