# Power spectrum from CO𝘕CEPT job 4700992 at t = 4.5278841 Gyr, a = 0.41666667
#
# Components:
#   0: matter  (upstream grid size 1024)
#
#                           grid size 1024
# ╭────────────────────────────────────────────────────────────────╮
#                         component 0    (corrected)      (linear)
#                        σ₈ = 4.05e-01  σ₈ = 4.05e-01  σ₈ = 3.95e-01
#  k [Mpc⁻¹]    modes       P [Mpc³]       P [Mpc³]       P [Mpc³]
3.0679616e-03         3  1.2089429e+04  1.2089429e+04  1.2087874e+04
5.8212951e-03        25  1.7714565e+04  1.7797216e+04  1.7786273e+04
1.0440195e-02       124  2.0610386e+04  2.0845858e+04  2.0952394e+04
1.6729547e-02       418  1.8715087e+04  1.8886424e+04  1.8858897e+04
2.3240110e-02       730  1.4473035e+04  1.4475249e+04  1.4604637e+04
2.9075630e-02      1012  1.1564752e+04  1.1537291e+04  1.1533714e+04
3.4544381e-02      1408  9.7707445e+03  9.7497823e+03  9.7276098e+03
3.9898901e-02      1841  8.5775930e+03  8.5729255e+03  8.6500142e+03
4.5580519e-02      2698  7.7209123e+03  7.7297006e+03  7.7680630e+03
5.1612543e-02      3532  6.6800026e+03  6.6903961e+03  6.7621033e+03
5.7899473e-02      4702  5.5540595e+03  5.5536352e+03  5.6093800e+03
6.4462744e-02      6019  4.5671150e+03  4.5548782e+03  4.5462553e+03
7.1309305e-02      7766  3.8370520e+03  3.8225088e+03  3.8148175e+03
7.8556104e-02     10012  3.4492897e+03  3.4430792e+03  3.4316824e+03
8.6194331e-02     12589  3.2152667e+03  3.2204954e+03  3.2004474e+03
9.4153926e-02     15650  2.8808733e+03  2.8880361e+03  2.8738546e+03
1.0254095e-01     19757  2.4328776e+03  2.4317216e+03  2.4074690e+03
1.1136076e-01     24241  2.0422239e+03  2.0348696e+03  1.9785890e+03
1.2060245e-01     29993  1.7752849e+03  1.7710509e+03  1.7119871e+03
1.3029316e-01     36494  1.5853323e+03  1.5875963e+03  1.5368702e+03
1.4046583e-01     44825  1.3978931e+03  1.3989015e+03  1.3328703e+03
1.5111985e-01     53906  1.2099498e+03  1.2058939e+03  1.1247392e+03
1.6229170e-01     65729  1.0732644e+03  1.0705032e+03  9.9771165e+02
1.7401323e-01     78746  9.8525157e+02  9.8739081e+02  9.2552041e+02
1.8625264e-01     94374  8.8169862e+02  8.8273135e+02  8.2041898e+02
1.9902230e-01    112166  7.6534079e+02  7.6412482e+02  6.9430939e+02
2.1238854e-01    134373  6.7438192e+02  6.7319147e+02  5.9433432e+02
2.2637810e-01    159077  6.0419518e+02  6.0360074e+02  5.2024947e+02
2.4096993e-01    188172  5.4146294e+02  5.4034238e+02  4.6211438e+02
2.5621802e-01    222492  4.9395420e+02  4.9435234e+02  4.2348308e+02
2.7214102e-01    261771  4.4557144e+02  4.4627749e+02  3.7980086e+02
2.8873063e-01    306759  3.9739787e+02  3.9707444e+02  3.2502546e+02
3.0605468e-01    360898  3.5610908e+02  3.5495718e+02  2.7717239e+02
3.2421519e-01    425046  3.2464716e+02  3.2414483e+02  2.4908806e+02
3.4337900e-01    505555  2.9438113e+02  2.9496480e+02  2.3009375e+02
3.6368055e-01    600292  2.6652291e+02  2.6684327e+02  2.0288062e+02
3.8517334e-01    712930  2.4120190e+02  2.4038952e+02  1.7105187e+02
4.0793004e-01    846715  2.1859862e+02  2.1806724e+02  1.5153670e+02
4.3202621e-01   1005596  1.9879042e+02  1.9937499e+02  1.3991790e+02
4.5754560e-01   1194719  1.8016724e+02  1.8007441e+02  1.2044388e+02
4.8457948e-01   1419743  1.6345687e+02  1.6266553e+02  1.0257644e+02
5.1321525e-01   1686576  1.4873525e+02  1.4929868e+02  9.4441377e+01
5.4354215e-01   2003484  1.3526984e+02  1.3519250e+02  8.1680248e+01
5.7565178e-01   2378778  1.2321709e+02  1.2258380e+02  7.0141996e+01
6.0966698e-01   2828400  1.1232772e+02  1.1294137e+02  6.4152320e+01
6.4568974e-01   3356890  1.0259419e+02  1.0205070e+02  5.4015653e+01
6.8383752e-01   3990317  9.4213129e+01  9.4482389e+01  4.8616609e+01
7.2424344e-01   4738457  8.6882215e+01  8.6514223e+01  4.1793210e+01
7.6703215e-01   5629661  8.0944476e+01  8.1065097e+01  3.7068545e+01
8.1235262e-01   6687903  7.6379312e+01  7.5999458e+01  3.1936605e+01
8.6035444e-01   7945758  7.3272945e+01  7.3464265e+01  2.8340921e+01
9.1118812e-01   9436555  7.1825492e+01  7.1375329e+01  2.4312943e+01
9.6501980e-01  11210320  7.2068984e+01  7.2252539e+01  2.1567701e+01
1.0220366e+00  13318613  7.3873652e+01  7.3893231e+01  1.8681302e+01
1.0824208e+00  15819192  7.7021782e+01  7.6754181e+01  1.6211290e+01
1.1463741e+00  18795348  8.0876755e+01  8.0889339e+01  1.4203958e+01
1.2141088e+00  22326034  8.4458164e+01  8.4573665e+01  1.2381265e+01
1.2858419e+00  26520842  8.6975010e+01  8.6982268e+01  1.0744820e+01
1.3618105e+00  31503438  8.8180309e+01  8.7960117e+01  9.3199781e+00
1.4422695e+00  37426927  8.8237505e+01  8.8016214e+01  8.1016471e+00
1.5275481e+00  44525830  8.7665789e+01  8.7501449e+01  7.0429648e+00
