# Power spectrum from CO𝘕CEPT job 4700992 at t = 2.3141719 Gyr, a = 0.26315789
#
# Components:
#   0: matter  (upstream grid size 1024)
#
#                           grid size 1024
# ╭────────────────────────────────────────────────────────────────╮
#                         component 0    (corrected)      (linear)
#                        σ₈ = 2.56e-01  σ₈ = 2.56e-01  σ₈ = 2.55e-01
#  k [Mpc⁻¹]    modes       P [Mpc³]       P [Mpc³]       P [Mpc³]
3.0679616e-03         3  5.0268998e+03  5.0268998e+03  5.0274584e+03
5.8212951e-03        25  7.3684205e+03  7.4027995e+03  7.4007908e+03
1.0440195e-02       124  8.5951355e+03  8.6933341e+03  8.7222754e+03
1.6729547e-02       418  7.7901069e+03  7.8614256e+03  7.8531617e+03
2.3240110e-02       730  6.0483075e+03  6.0492325e+03  6.0826191e+03
2.9075630e-02      1012  4.8172496e+03  4.8058108e+03  4.8040304e+03
3.4544381e-02      1408  4.0666465e+03  4.0579219e+03  4.0519563e+03
3.9898901e-02      1841  3.5846030e+03  3.5826524e+03  3.6032152e+03
4.5580519e-02      2698  3.2212465e+03  3.2249130e+03  3.2359159e+03
5.1612543e-02      3532  2.7920988e+03  2.7964431e+03  2.8169218e+03
5.7899473e-02      4702  2.3193304e+03  2.3191532e+03  2.3367611e+03
6.4462744e-02      6019  1.8954238e+03  1.8903453e+03  1.8939055e+03
7.1309305e-02      7766  1.5897735e+03  1.5837479e+03  1.5892132e+03
7.8556104e-02     10012  1.4274011e+03  1.4248310e+03  1.4296134e+03
8.6194331e-02     12589  1.3295132e+03  1.3316753e+03  1.3332904e+03
9.4153926e-02     15650  1.1905972e+03  1.1935574e+03  1.1972392e+03
1.0254095e-01     19757  9.9995689e+02  9.9948175e+02  1.0029483e+03
1.1136076e-01     24241  8.3007579e+02  8.2708662e+02  8.2428014e+02
1.2060245e-01     29993  7.1778553e+02  7.1607364e+02  7.1321567e+02
1.3029316e-01     36494  6.4008856e+02  6.4100266e+02  6.4026318e+02
1.4046583e-01     44825  5.5969257e+02  5.6009632e+02  5.5527750e+02
1.5111985e-01     53906  4.7750773e+02  4.7590708e+02  4.6857024e+02
1.6229170e-01     65729  4.2173112e+02  4.2064613e+02  4.1565067e+02
1.7401323e-01     78746  3.8760903e+02  3.8845063e+02  3.8557595e+02
1.8625264e-01     94374  3.4445824e+02  3.4486170e+02  3.4179056e+02
1.9902230e-01    112166  2.9412228e+02  2.9365497e+02  2.8925293e+02
2.1238854e-01    134373  2.5475810e+02  2.5430839e+02  2.4760297e+02
2.2637810e-01    159077  2.2488340e+02  2.2466215e+02  2.1673894e+02
2.4096993e-01    188172  1.9948050e+02  1.9906767e+02  1.9251963e+02
2.5621802e-01    222492  1.8107832e+02  1.8122428e+02  1.7642569e+02
2.7214102e-01    261771  1.6195115e+02  1.6220778e+02  1.5822747e+02
2.8873063e-01    306759  1.4109590e+02  1.4098107e+02  1.3540774e+02
3.0605468e-01    360898  1.2346227e+02  1.2306291e+02  1.1547187e+02
3.2421519e-01    425046  1.1092956e+02  1.1075792e+02  1.0377178e+02
3.4337900e-01    505555  1.0002168e+02  1.0021999e+02  9.5858646e+01
3.6368055e-01    600292  8.8825694e+01  8.8932461e+01  8.4521486e+01
3.8517334e-01    712930  7.7954263e+01  7.7691708e+01  7.1261422e+01
4.0793004e-01    846715  6.9308381e+01  6.9139903e+01  6.3131274e+01
4.3202621e-01   1005596  6.2275565e+01  6.2458694e+01  5.8290810e+01
4.5754560e-01   1194719  5.4825575e+01  5.4797328e+01  5.0177799e+01
4.8457948e-01   1419743  4.8309183e+01  4.8075304e+01  4.2734103e+01
5.1321525e-01   1686576  4.3009812e+01  4.3172741e+01  3.9344980e+01
5.4354215e-01   2003484  3.7999858e+01  3.7978131e+01  3.4028603e+01
5.7565178e-01   2378778  3.3490133e+01  3.3318005e+01  2.9221684e+01
6.0966698e-01   2828400  2.9618845e+01  2.9780656e+01  2.6726343e+01
6.4568974e-01   3356890  2.6101239e+01  2.5962967e+01  2.2503333e+01
6.8383752e-01   3990317  2.3089099e+01  2.3155087e+01  2.0254053e+01
7.2424344e-01   4738457  2.0482489e+01  2.0395735e+01  1.7411374e+01
7.6703215e-01   5629661  1.8377397e+01  1.8404782e+01  1.5443044e+01
8.1235262e-01   6687903  1.6796570e+01  1.6713036e+01  1.3305040e+01
8.6035444e-01   7945758  1.5915071e+01  1.5956626e+01  1.1807051e+01
9.1118812e-01   9436555  1.5856642e+01  1.5757261e+01  1.0128965e+01
9.6501980e-01  11210320  1.6747438e+01  1.6790093e+01  8.9852766e+00
1.0220366e+00  13318613  1.8916227e+01  1.8921240e+01  7.7827809e+00
1.0824208e+00  15819192  2.2780808e+01  2.2701659e+01  6.7537551e+00
1.1463741e+00  18795348  2.8915007e+01  2.8919506e+01  5.9174852e+00
1.2141088e+00  22326034  3.7586683e+01  3.7638085e+01  5.1581375e+00
1.2858419e+00  26520842  4.8755848e+01  4.8759917e+01  4.4763818e+00
1.3618105e+00  31503438  6.0673385e+01  6.0521880e+01  3.8827818e+00
1.4422695e+00  37426927  6.9419856e+01  6.9245758e+01  3.3752157e+00
1.5275481e+00  44525830  7.1985097e+01  7.1850152e+01  2.9341604e+00
