# Power spectrum from CO𝘕CEPT job 4700992 at t = 2.5069893 Gyr, a = 0.27777778
#
# Components:
#   0: matter  (upstream grid size 1024)
#
#                           grid size 1024
# ╭────────────────────────────────────────────────────────────────╮
#                         component 0    (corrected)      (linear)
#                        σ₈ = 2.71e-01  σ₈ = 2.71e-01  σ₈ = 2.69e-01
#  k [Mpc⁻¹]    modes       P [Mpc³]       P [Mpc³]       P [Mpc³]
3.0679616e-03         3  5.5858658e+03  5.5858658e+03  5.5866588e+03
5.8212951e-03        25  8.1873988e+03  8.2255989e+03  8.2235174e+03
1.0440195e-02       124  9.5479994e+03  9.6570844e+03  9.6913573e+03
1.6729547e-02       418  8.6553923e+03  8.7346327e+03  8.7253837e+03
2.3240110e-02       730  6.7175409e+03  6.7185683e+03  6.7580720e+03
2.9075630e-02      1012  5.3520074e+03  5.3392987e+03  5.3374525e+03
3.4544381e-02      1408  4.5184499e+03  4.5087560e+03  4.5018469e+03
3.9898901e-02      1841  3.9812749e+03  3.9791085e+03  4.0032678e+03
4.5580519e-02      2698  3.5782939e+03  3.5823668e+03  3.5951791e+03
5.1612543e-02      3532  3.1010259e+03  3.1058508e+03  3.1296604e+03
5.7899473e-02      4702  2.5761281e+03  2.5759313e+03  2.5961877e+03
6.4462744e-02      6019  2.1064293e+03  2.1007855e+03  2.1041639e+03
7.1309305e-02      7766  1.7669353e+03  1.7602382e+03  1.7656436e+03
7.8556104e-02     10012  1.5866346e+03  1.5837778e+03  1.5883243e+03
8.6194331e-02     12589  1.4780070e+03  1.4804106e+03  1.4813070e+03
9.4153926e-02     15650  1.3236365e+03  1.3269275e+03  1.3301513e+03
1.0254095e-01     19757  1.1121420e+03  1.1116135e+03  1.1142906e+03
1.1136076e-01     24241  9.2405391e+02  9.2072631e+02  9.1578733e+02
1.2060245e-01     29993  7.9939399e+02  7.9748746e+02  7.9239287e+02
1.3029316e-01     36494  7.1291611e+02  7.1393422e+02  7.1134145e+02
1.4046583e-01     44825  6.2389191e+02  6.2434196e+02  6.1692104e+02
1.5111985e-01     53906  5.3290659e+02  5.3112024e+02  5.2058798e+02
1.6229170e-01     65729  4.7080814e+02  4.6959689e+02  4.6179356e+02
1.7401323e-01     78746  4.3265977e+02  4.3359919e+02  4.2838008e+02
1.8625264e-01     94374  3.8471869e+02  3.8516931e+02  3.7973388e+02
1.9902230e-01    112166  3.2897319e+02  3.2845051e+02  3.2136385e+02
2.1238854e-01    134373  2.8540345e+02  2.8489965e+02  2.7509017e+02
2.2637810e-01    159077  2.5227723e+02  2.5202903e+02  2.4079982e+02
2.4096993e-01    188172  2.2396313e+02  2.2349964e+02  2.1389183e+02
2.5621802e-01    222492  2.0336989e+02  2.0353381e+02  1.9601124e+02
2.7214102e-01    261771  1.8199104e+02  1.8227943e+02  1.7579277e+02
2.8873063e-01    306759  1.5893129e+02  1.5880194e+02  1.5043975e+02
3.0605468e-01    360898  1.3941448e+02  1.3896352e+02  1.2829074e+02
3.2421519e-01    425046  1.2542670e+02  1.2523262e+02  1.1529178e+02
3.4337900e-01    505555  1.1309179e+02  1.1331602e+02  1.0650019e+02
3.6368055e-01    600292  1.0061897e+02  1.0073991e+02  9.3904455e+01
3.8517334e-01    712930  8.8611242e+01  8.8312793e+01  7.9172353e+01
4.0793004e-01    846715  7.8930545e+01  7.8738677e+01  7.0139652e+01
4.3202621e-01   1005596  7.0964660e+01  7.1173341e+01  6.4761834e+01
4.5754560e-01   1194719  6.2670318e+01  6.2638029e+01  5.5748174e+01
4.8457948e-01   1419743  5.5402793e+01  5.5134571e+01  4.7478132e+01
5.1321525e-01   1686576  4.9411932e+01  4.9599113e+01  4.3712773e+01
5.4354215e-01   2003484  4.3789865e+01  4.3764827e+01  3.7806210e+01
5.7565178e-01   2378778  3.8742949e+01  3.8543824e+01  3.2465662e+01
6.0966698e-01   2828400  3.4356270e+01  3.4543962e+01  2.9693306e+01
6.4568974e-01   3356890  3.0403469e+01  3.0242406e+01  2.5001488e+01
6.8383752e-01   3990317  2.7006327e+01  2.7083511e+01  2.2502509e+01
7.2424344e-01   4738457  2.4069582e+01  2.3967634e+01  1.9344257e+01
7.6703215e-01   5629661  2.1703388e+01  2.1735730e+01  1.7157417e+01
8.1235262e-01   6687903  1.9924032e+01  1.9824945e+01  1.4782067e+01
8.6035444e-01   7945758  1.8915513e+01  1.8964903e+01  1.3117782e+01
9.1118812e-01   9436555  1.8813683e+01  1.8695769e+01  1.1253408e+01
9.6501980e-01  11210320  1.9755968e+01  1.9806285e+01  9.9827550e+00
1.0220366e+00  13318613  2.2075990e+01  2.2081841e+01  8.6467671e+00
1.0824208e+00  15819192  2.6174507e+01  2.6083567e+01  7.5035064e+00
1.1463741e+00  18795348  3.2538034e+01  3.2543097e+01  6.5743999e+00
1.2141088e+00  22326034  4.1191352e+01  4.1247683e+01  5.7307550e+00
1.2858419e+00  26520842  5.1722728e+01  5.1727044e+01  4.9733158e+00
1.3618105e+00  31503438  6.2142212e+01  6.1987039e+01  4.3138187e+00
1.4422695e+00  37426927  6.9088577e+01  6.8915310e+01  3.7499063e+00
1.5275481e+00  44525830  7.0943518e+01  7.0810525e+01  3.2598883e+00
