# Power spectrum from CO𝘕CEPT job 4700992 at t = 2.4074052 Gyr, a = 0.27027027
#
# Components:
#   0: matter  (upstream grid size 1024)
#
#                           grid size 1024
# ╭────────────────────────────────────────────────────────────────╮
#                         component 0    (corrected)      (linear)
#                        σ₈ = 2.63e-01  σ₈ = 2.63e-01  σ₈ = 2.62e-01
#  k [Mpc⁻¹]    modes       P [Mpc³]       P [Mpc³]       P [Mpc³]
3.0679616e-03         3  5.2954985e+03  5.2954985e+03  5.2961697e+03
5.8212951e-03        25  7.7619659e+03  7.7981810e+03  7.7961367e+03
1.0440195e-02       124  9.0530615e+03  9.1564919e+03  9.1879562e+03
1.6729547e-02       418  8.2059148e+03  8.2810402e+03  8.2723021e+03
2.3240110e-02       730  6.3699526e+03  6.3709268e+03  6.4072053e+03
2.9075630e-02      1012  5.0742313e+03  5.0621823e+03  5.0603651e+03
3.4544381e-02      1408  4.2837569e+03  4.2745665e+03  4.2681505e+03
3.9898901e-02      1841  3.7752502e+03  3.7731958e+03  3.7954601e+03
4.5580519e-02      2698  3.3928383e+03  3.3967001e+03  3.4085597e+03
5.1612543e-02      3532  2.9405749e+03  2.9451502e+03  2.9672083e+03
5.7899473e-02      4702  2.4427471e+03  2.4425605e+03  2.4614286e+03
6.4462744e-02      6019  1.9968072e+03  1.9914571e+03  1.9949452e+03
7.1309305e-02      7766  1.6748893e+03  1.6685411e+03  1.6739969e+03
7.8556104e-02     10012  1.5038995e+03  1.5011917e+03  1.5058821e+03
8.6194331e-02     12589  1.4008502e+03  1.4031283e+03  1.4044199e+03
9.4153926e-02     15650  1.2545079e+03  1.2576270e+03  1.2611102e+03
1.0254095e-01     19757  1.0538366e+03  1.0533359e+03  1.0564540e+03
1.1136076e-01     24241  8.7519043e+02  8.7203879e+02  8.6825401e+02
1.2060245e-01     29993  7.5695328e+02  7.5514798e+02  7.5126435e+02
1.3029316e-01     36494  6.7503965e+02  6.7600367e+02  6.7441992e+02
1.4046583e-01     44825  5.9049237e+02  5.9091833e+02  5.8490037e+02
1.5111985e-01     53906  5.0406980e+02  5.0238011e+02  4.9356742e+02
1.6229170e-01     65729  4.4525754e+02  4.4411203e+02  4.3782469e+02
1.7401323e-01     78746  4.0920634e+02  4.1009484e+02  4.0614552e+02
1.8625264e-01     94374  3.6375351e+02  3.6417958e+02  3.6002427e+02
1.9902230e-01    112166  3.1081380e+02  3.1031998e+02  3.0468387e+02
2.1238854e-01    134373  2.6942529e+02  2.6894969e+02  2.6081198e+02
2.2637810e-01    159077  2.3798688e+02  2.3775273e+02  2.2830143e+02
2.4096993e-01    188172  2.1118639e+02  2.1074934e+02  2.0279007e+02
2.5621802e-01    222492  1.9173423e+02  1.9188878e+02  1.8583755e+02
2.7214102e-01    261771  1.7152753e+02  1.7179933e+02  1.6666850e+02
2.8873063e-01    306759  1.4961113e+02  1.4948936e+02  1.4263139e+02
3.0605468e-01    360898  1.3107188e+02  1.3064790e+02  1.2163199e+02
3.2421519e-01    425046  1.1784101e+02  1.1765867e+02  1.0930773e+02
3.4337900e-01    505555  1.0625103e+02  1.0646169e+02  1.0097245e+02
3.6368055e-01    600292  9.4442372e+01  9.4555890e+01  8.9030484e+01
3.8517334e-01    712930  8.3024415e+01  8.2744783e+01  7.5063030e+01
4.0793004e-01    846715  7.3883059e+01  7.3703461e+01  6.6499159e+01
4.3202621e-01   1005596  6.6404333e+01  6.6599604e+01  6.1400469e+01
4.5754560e-01   1194719  5.8549259e+01  5.8519093e+01  5.2854650e+01
4.8457948e-01   1419743  5.1673173e+01  5.1423007e+01  4.5013852e+01
5.1321525e-01   1686576  4.6043061e+01  4.6217480e+01  4.1443928e+01
5.4354215e-01   2003484  4.0740531e+01  4.0717238e+01  3.5843937e+01
5.7565178e-01   2378778  3.5973783e+01  3.5788890e+01  3.0780582e+01
6.0966698e-01   2828400  3.1856165e+01  3.2030198e+01  2.8152121e+01
6.4568974e-01   3356890  2.8130883e+01  2.7981859e+01  2.3703825e+01
6.8383752e-01   3990317  2.4934573e+01  2.5005836e+01  2.1334551e+01
7.2424344e-01   4738457  2.2170348e+01  2.2076445e+01  1.8340224e+01
7.6703215e-01   5629661  1.9940673e+01  1.9970388e+01  1.6266888e+01
8.1235262e-01   6687903  1.8265158e+01  1.8174321e+01  1.4014827e+01
8.6035444e-01   7945758  1.7323473e+01  1.7368705e+01  1.2436925e+01
9.1118812e-01   9436555  1.7245193e+01  1.7137109e+01  1.0669318e+01
9.6501980e-01  11210320  1.8162271e+01  1.8208529e+01  9.4646162e+00
1.0220366e+00  13318613  2.0407029e+01  2.0412438e+01  8.1979706e+00
1.0824208e+00  15819192  2.4390774e+01  2.4306031e+01  7.1140491e+00
1.1463741e+00  18795348  3.0647915e+01  3.0652683e+01  6.2331664e+00
1.2141088e+00  22326034  3.9329058e+01  3.9382842e+01  5.4333096e+00
1.2858419e+00  26520842  5.0206155e+01  5.0210344e+01  4.7151841e+00
1.3618105e+00  31503438  6.1388312e+01  6.1235022e+01  4.0899172e+00
1.4422695e+00  37426927  6.9208657e+01  6.9035088e+01  3.5552738e+00
1.5275481e+00  44525830  7.1386980e+01  7.1253156e+01  3.0906894e+00
