# Power spectrum from CO𝘕CEPT job 4700992 at t = 7.3002014 Gyr, a = 0.58823529
#
# Components:
#   0: matter  (upstream grid size 1024)
#
#                           grid size 1024
# ╭────────────────────────────────────────────────────────────────╮
#                         component 0    (corrected)      (linear)
#                        σ₈ = 5.62e-01  σ₈ = 5.62e-01  σ₈ = 5.34e-01
#  k [Mpc⁻¹]    modes       P [Mpc³]       P [Mpc³]       P [Mpc³]
3.0679616e-03         3  2.2095260e+04  2.2095260e+04  2.2083766e+04
5.8212951e-03        25  3.2368043e+04  3.2519063e+04  3.2485135e+04
1.0440195e-02       124  3.7562518e+04  3.7991666e+04  3.8255866e+04
1.6729547e-02       418  3.4163897e+04  3.4476669e+04  3.4425404e+04
2.3240110e-02       730  2.6312329e+04  2.6316354e+04  2.6656030e+04
2.9075630e-02      1012  2.1089015e+04  2.1038938e+04  2.1049552e+04
3.4544381e-02      1408  1.7830448e+04  1.7792195e+04  1.7752545e+04
3.9898901e-02      1841  1.5588654e+04  1.5580172e+04  1.5785492e+04
4.5580519e-02      2698  1.4053600e+04  1.4069596e+04  1.4175682e+04
5.1612543e-02      3532  1.2135348e+04  1.2154229e+04  1.2339717e+04
5.7899473e-02      4702  1.0102757e+04  1.0101985e+04  1.0236046e+04
6.4462744e-02      6019  8.3676283e+03  8.3452087e+03  8.2959562e+03
7.1309305e-02      7766  7.0500680e+03  7.0233467e+03  6.9611766e+03
7.8556104e-02     10012  6.3462952e+03  6.3348687e+03  6.2619983e+03
8.6194331e-02     12589  5.9135598e+03  5.9231766e+03  5.8400167e+03
9.4153926e-02     15650  5.2999630e+03  5.3131405e+03  5.2440423e+03
1.0254095e-01     19757  4.5107234e+03  4.5085801e+03  4.3929923e+03
1.1136076e-01     24241  3.8396658e+03  3.8258388e+03  3.6103886e+03
1.2060245e-01     29993  3.3593713e+03  3.3513593e+03  3.1239042e+03
1.3029316e-01     36494  3.0078202e+03  3.0121156e+03  2.8043580e+03
1.4046583e-01     44825  2.6704477e+03  2.6723741e+03  2.4321109e+03
1.5111985e-01     53906  2.3523434e+03  2.3444581e+03  2.0523273e+03
1.6229170e-01     65729  2.0990762e+03  2.0936759e+03  1.8205359e+03
1.7401323e-01     78746  1.9263677e+03  1.9305503e+03  1.6888058e+03
1.8625264e-01     94374  1.7374845e+03  1.7395196e+03  1.4970248e+03
1.9902230e-01    112166  1.5355779e+03  1.5331381e+03  1.2669106e+03
2.1238854e-01    134373  1.3735832e+03  1.3711585e+03  1.0844847e+03
2.2637810e-01    159077  1.2491780e+03  1.2479490e+03  9.4930110e+02
2.4096993e-01    188172  1.1329578e+03  1.1306131e+03  8.4322133e+02
2.5621802e-01    222492  1.0401606e+03  1.0409990e+03  7.7273033e+02
2.7214102e-01    261771  9.5113382e+02  9.5264099e+02  6.9302302e+02
2.8873063e-01    306759  8.6390975e+02  8.6320665e+02  5.9307409e+02
3.0605468e-01    360898  7.8928555e+02  7.8673246e+02  5.0575640e+02
3.2421519e-01    425046  7.2801288e+02  7.2688642e+02  4.5451080e+02
3.4337900e-01    505555  6.6922853e+02  6.7055539e+02  4.1985180e+02
3.6368055e-01    600292  6.1587370e+02  6.1661397e+02  3.7019594e+02
3.8517334e-01    712930  5.6832564e+02  5.6641148e+02  3.1211801e+02
4.0793004e-01    846715  5.2460841e+02  5.2333317e+02  2.7650866e+02
4.3202621e-01   1005596  4.8449358e+02  4.8591829e+02  2.5530782e+02
4.5754560e-01   1194719  4.4776757e+02  4.4753687e+02  2.1977359e+02
4.8457948e-01   1419743  4.1426531e+02  4.1225973e+02  1.8717091e+02
5.1321525e-01   1686576  3.8403008e+02  3.8548486e+02  1.7232686e+02
5.4354215e-01   2003484  3.5632499e+02  3.5612126e+02  1.4904165e+02
5.7565178e-01   2378778  3.3118215e+02  3.2948000e+02  1.2798783e+02
6.0966698e-01   2828400  3.0863833e+02  3.1032444e+02  1.1705848e+02
6.4568974e-01   3356890  2.8806963e+02  2.8654357e+02  9.8562136e+01
6.8383752e-01   3990317  2.6978791e+02  2.7055896e+02  8.8710515e+01
7.2424344e-01   4738457  2.5365195e+02  2.5257760e+02  7.6259881e+01
7.6703215e-01   5629661  2.3980600e+02  2.4016335e+02  6.7638800e+01
8.1235262e-01   6687903  2.2798569e+02  2.2685185e+02  5.8274569e+01
8.6035444e-01   7945758  2.1815968e+02  2.1872931e+02  5.1713536e+01
9.1118812e-01   9436555  2.1020890e+02  2.0889142e+02  4.4363702e+01
9.6501980e-01  11210320  2.0334989e+02  2.0386781e+02  3.9354468e+01
1.0220366e+00  13318613  1.9741892e+02  1.9747124e+02  3.4087668e+01
1.0824208e+00  15819192  1.9164479e+02  1.9097894e+02  2.9580647e+01
1.1463741e+00  18795348  1.8591405e+02  1.8594298e+02  2.5917877e+01
1.2141088e+00  22326034  1.7978616e+02  1.8003202e+02  2.2592018e+01
1.2858419e+00  26520842  1.7322561e+02  1.7324006e+02  1.9606004e+01
1.3618105e+00  31503438  1.6638716e+02  1.6597168e+02  1.7006102e+01
1.4422695e+00  37426927  1.5948140e+02  1.5908144e+02  1.4783019e+01
1.5275481e+00  44525830  1.5253931e+02  1.5225335e+02  1.2851247e+01
