# Power spectrum from CO𝘕CEPT job 4700992 at t = 4.2706228 Gyr, a = 0.4
#
# Components:
#   0: matter  (upstream grid size 1024)
#
#                           grid size 1024
# ╭────────────────────────────────────────────────────────────────╮
#                         component 0    (corrected)      (linear)
#                        σ₈ = 3.89e-01  σ₈ = 3.89e-01  σ₈ = 3.81e-01
#  k [Mpc⁻¹]    modes       P [Mpc³]       P [Mpc³]       P [Mpc³]
3.0679616e-03         3  1.1208727e+04  1.1208727e+04  1.1208634e+04
5.8212951e-03        25  1.6424558e+04  1.6501191e+04  1.6493161e+04
1.0440195e-02       124  1.9114637e+04  1.9333020e+04  1.9429865e+04
1.6729547e-02       418  1.7353653e+04  1.7512526e+04  1.7488983e+04
2.3240110e-02       730  1.3425848e+04  1.3427901e+04  1.3543964e+04
2.9075630e-02      1012  1.0724425e+04  1.0698960e+04  1.0696156e+04
3.4544381e-02      1408  9.0600292e+03  9.0405918e+03  9.0212535e+03
3.9898901e-02      1841  7.9570859e+03  7.9527560e+03  8.0219330e+03
4.5580519e-02      2698  7.1611539e+03  7.1693050e+03  7.2040391e+03
5.1612543e-02      3532  6.1969285e+03  6.2065705e+03  6.2711325e+03
5.7899473e-02      4702  5.1518091e+03  5.1514155e+03  5.2021119e+03
6.4462744e-02      6019  4.2333486e+03  4.2220061e+03  4.2161802e+03
7.1309305e-02      7766  3.5558018e+03  3.5423245e+03  3.5378508e+03
7.8556104e-02     10012  3.1960286e+03  3.1902742e+03  3.1825347e+03
8.6194331e-02     12589  2.9790993e+03  2.9839440e+03  2.9680897e+03
9.4153926e-02     15650  2.6691252e+03  2.6757615e+03  2.6652094e+03
1.0254095e-01     19757  2.2524790e+03  2.2514087e+03  2.2326848e+03
1.1136076e-01     24241  1.8882782e+03  1.8814783e+03  1.8349425e+03
1.2060245e-01     29993  1.6404364e+03  1.6365240e+03  1.5876964e+03
1.3029316e-01     36494  1.4646062e+03  1.4666977e+03  1.4252934e+03
1.4046583e-01     44825  1.2903661e+03  1.2912969e+03  1.2361042e+03
1.5111985e-01     53906  1.1149612e+03  1.1112237e+03  1.0430835e+03
1.6229170e-01     65729  9.8846400e+02  9.8592099e+02  9.2527823e+02
1.7401323e-01     78746  9.0749774e+02  9.0946816e+02  8.5832815e+02
1.8625264e-01     94374  8.1146103e+02  8.1241150e+02  7.6085710e+02
1.9902230e-01    112166  7.0307642e+02  7.0195937e+02  6.4390304e+02
2.1238854e-01    134373  6.1841452e+02  6.1732287e+02  5.5118613e+02
2.2637810e-01    159077  5.5316158e+02  5.5261735e+02  4.8247981e+02
2.4096993e-01    188172  4.9513024e+02  4.9410556e+02  4.2856530e+02
2.5621802e-01    222492  4.5140033e+02  4.5176418e+02  3.9273862e+02
2.7214102e-01    261771  4.0670461e+02  4.0734907e+02  3.5222770e+02
2.8873063e-01    306759  3.6191685e+02  3.6162230e+02  3.0142895e+02
3.0605468e-01    360898  3.2357643e+02  3.2252976e+02  2.5704997e+02
3.2421519e-01    425046  2.9454349e+02  2.9408774e+02  2.3100454e+02
3.4337900e-01    505555  2.6678625e+02  2.6731520e+02  2.1338921e+02
3.6368055e-01    600292  2.4106929e+02  2.4135905e+02  1.8815172e+02
3.8517334e-01    712930  2.1758720e+02  2.1685435e+02  1.5863371e+02
4.0793004e-01    846715  1.9680767e+02  1.9632926e+02  1.4053531e+02
4.3202621e-01   1005596  1.7867986e+02  1.7920529e+02  1.2976003e+02
4.5754560e-01   1194719  1.6152306e+02  1.6143984e+02  1.1169980e+02
4.8457948e-01   1419743  1.4616523e+02  1.4545760e+02  9.5129521e+01
5.1321525e-01   1686576  1.3268808e+02  1.3319072e+02  8.7585051e+01
5.4354215e-01   2003484  1.2034282e+02  1.2027401e+02  7.5750364e+01
5.7565178e-01   2378778  1.0932921e+02  1.0876730e+02  6.5049776e+01
6.0966698e-01   2828400  9.9355880e+01  9.9898670e+01  5.9494944e+01
6.4568974e-01   3356890  9.0467960e+01  8.9988703e+01  5.0094186e+01
6.8383752e-01   3990317  8.2826006e+01  8.3062721e+01  4.5087106e+01
7.2424344e-01   4738457  7.6141280e+01  7.5818781e+01  3.8759077e+01
7.6703215e-01   5629661  7.0749710e+01  7.0855139e+01  3.4377417e+01
8.1235262e-01   6687903  6.6626695e+01  6.6295343e+01  2.9618050e+01
8.6035444e-01   7945758  6.3882698e+01  6.4049499e+01  2.6283408e+01
9.1118812e-01   9436555  6.2734940e+01  6.2341751e+01  2.2547856e+01
9.6501980e-01  11210320  6.3241466e+01  6.3402538e+01  2.0001915e+01
1.0220366e+00  13318613  6.5369128e+01  6.5386453e+01  1.7325065e+01
1.0824208e+00  15819192  6.8977810e+01  6.8738155e+01  1.5034373e+01
1.1463741e+00  18795348  7.3509328e+01  7.3520765e+01  1.3172770e+01
1.2141088e+00  22326034  7.7934865e+01  7.8041445e+01  1.1482402e+01
1.2858419e+00  26520842  8.1341503e+01  8.1348291e+01  9.9647611e+00
1.3618105e+00  31503438  8.3286611e+01  8.3078639e+01  8.6433612e+00
1.4422695e+00  37426927  8.3862542e+01  8.3652223e+01  7.5134794e+00
1.5275481e+00  44525830  8.3640100e+01  8.3483307e+01  6.5316561e+00
