# Power spectrum from CO𝘕CEPT job 4700992 at t = 7.9071223 Gyr, a = 0.625
#
# Components:
#   0: matter  (upstream grid size 1024)
#
#                           grid size 1024
# ╭────────────────────────────────────────────────────────────────╮
#                         component 0    (corrected)      (linear)
#                        σ₈ = 5.93e-01  σ₈ = 5.93e-01  σ₈ = 5.60e-01
#  k [Mpc⁻¹]    modes       P [Mpc³]       P [Mpc³]       P [Mpc³]
3.0679616e-03         3  2.4347035e+04  2.4347035e+04  2.4337572e+04
5.8212951e-03        25  3.5665134e+04  3.5831538e+04  3.5798906e+04
1.0440195e-02       124  4.1368108e+04  4.1840734e+04  4.2156221e+04
1.6729547e-02       418  3.7635779e+04  3.7980336e+04  3.7933732e+04
2.3240110e-02       730  2.8963138e+04  2.8967567e+04  2.9371895e+04
2.9075630e-02      1012  2.3226576e+04  2.3171424e+04  2.3193906e+04
3.4544381e-02      1408  1.9640209e+04  1.9598073e+04  1.9560872e+04
3.9898901e-02      1841  1.7157230e+04  1.7147894e+04  1.7393354e+04
4.5580519e-02      2698  1.5472128e+04  1.5489739e+04  1.5619507e+04
5.1612543e-02      3532  1.3355107e+04  1.3375886e+04  1.3596500e+04
5.7899473e-02      4702  1.1121273e+04  1.1120424e+04  1.1278543e+04
6.4462744e-02      6019  9.2247029e+03  9.1999869e+03  9.1408454e+03
7.1309305e-02      7766  7.7773534e+03  7.7478756e+03  7.6701148e+03
7.8556104e-02     10012  7.0029356e+03  6.9903268e+03  6.8997218e+03
8.6194331e-02     12589  6.5241669e+03  6.5347767e+03  6.4347586e+03
9.4153926e-02     15650  5.8471492e+03  5.8616872e+03  5.7780857e+03
1.0254095e-01     19757  4.9848044e+03  4.9824358e+03  4.8403628e+03
1.1136076e-01     24241  4.2554415e+03  4.2401173e+03  3.9780585e+03
1.2060245e-01     29993  3.7280175e+03  3.7191263e+03  3.4420304e+03
1.3029316e-01     36494  3.3399766e+03  3.3447463e+03  3.0899415e+03
1.4046583e-01     44825  2.9686325e+03  2.9707740e+03  2.6797855e+03
1.5111985e-01     53906  2.6240160e+03  2.6152200e+03  2.2613258e+03
1.6229170e-01     65729  2.3444786e+03  2.3384470e+03  2.0059295e+03
1.7401323e-01     78746  2.1518699e+03  2.1565422e+03  1.8607843e+03
1.8625264e-01     94374  1.9436835e+03  1.9459601e+03  1.6494730e+03
1.9902230e-01    112166  1.7238429e+03  1.7211040e+03  1.3959251e+03
2.1238854e-01    134373  1.5457340e+03  1.5430054e+03  1.1949219e+03
2.2637810e-01    159077  1.4094807e+03  1.4080940e+03  1.0459719e+03
2.4096993e-01    188172  1.2813146e+03  1.2786629e+03  9.2908958e+02
2.5621802e-01    222492  1.1778091e+03  1.1787585e+03  8.5142016e+02
2.7214102e-01    261771  1.0799890e+03  1.0817003e+03  7.6359591e+02
2.8873063e-01    306759  9.8390616e+02  9.8310540e+02  6.5346879e+02
3.0605468e-01    360898  9.0190933e+02  8.9899194e+02  5.5725922e+02
3.2421519e-01    425046  8.3323276e+02  8.3194349e+02  5.0079509e+02
3.4337900e-01    505555  7.6812862e+02  7.6965158e+02  4.6260663e+02
3.6368055e-01    600292  7.0880149e+02  7.0965346e+02  4.0789414e+02
3.8517334e-01    712930  6.5583227e+02  6.5362338e+02  3.4390194e+02
4.0793004e-01    846715  6.0734741e+02  6.0587105e+02  3.0466637e+02
4.3202621e-01   1005596  5.6231584e+02  5.6396940e+02  2.8130658e+02
4.5754560e-01   1194719  5.2128932e+02  5.2102074e+02  2.4215378e+02
4.8457948e-01   1419743  4.8366213e+02  4.8132058e+02  2.0623107e+02
5.1321525e-01   1686576  4.4972209e+02  4.5142571e+02  1.8987540e+02
5.4354215e-01   2003484  4.1819656e+02  4.1795746e+02  1.6421899e+02
5.7565178e-01   2378778  3.8998598e+02  3.8798159e+02  1.4102120e+02
6.0966698e-01   2828400  3.6428960e+02  3.6627975e+02  1.2897888e+02
6.4568974e-01   3356890  3.4095499e+02  3.3914877e+02  1.0859899e+02
6.8383752e-01   3990317  3.2003876e+02  3.2095342e+02  9.7744154e+01
7.2424344e-01   4738457  3.0140677e+02  3.0013015e+02  8.4025635e+01
7.6703215e-01   5629661  2.8519670e+02  2.8562169e+02  7.4526645e+01
8.1235262e-01   6687903  2.7116771e+02  2.6981913e+02  6.4208827e+01
8.6035444e-01   7945758  2.5909384e+02  2.5977035e+02  5.6979665e+01
9.1118812e-01   9436555  2.4891086e+02  2.4735082e+02  4.8881377e+01
9.6501980e-01  11210320  2.3958081e+02  2.4019101e+02  4.3362039e+01
1.0220366e+00  13318613  2.3112844e+02  2.3118970e+02  3.7558906e+01
1.0824208e+00  15819192  2.2278838e+02  2.2201434e+02  3.2592923e+01
1.1463741e+00  18795348  2.1450767e+02  2.1454105e+02  2.8557162e+01
1.2141088e+00  22326034  2.0604382e+02  2.0632559e+02  2.4892621e+01
1.2858419e+00  26520842  1.9724384e+02  1.9726030e+02  2.1602533e+01
1.3618105e+00  31503438  1.8828609e+02  1.8781593e+02  1.8737877e+01
1.4422695e+00  37426927  1.7940734e+02  1.7895740e+02  1.6288411e+01
1.5275481e+00  44525830  1.7068675e+02  1.7036677e+02  1.4159921e+01
