# Power spectrum from CO𝘕CEPT job 4700992 at t = 2.2267434 Gyr, a = 0.25641026
#
# Components:
#   0: matter  (upstream grid size 1024)
#
#                           grid size 1024
# ╭────────────────────────────────────────────────────────────────╮
#                         component 0    (corrected)      (linear)
#                        σ₈ = 2.50e-01  σ₈ = 2.50e-01  σ₈ = 2.49e-01
#  k [Mpc⁻¹]    modes       P [Mpc³]       P [Mpc³]       P [Mpc³]
3.0679616e-03         3  4.7779833e+03  4.7779833e+03  4.7784392e+03
5.8212951e-03        25  7.0037068e+03  7.0363842e+03  7.0344091e+03
1.0440195e-02       124  8.1706827e+03  8.2640320e+03  8.2907006e+03
1.6729547e-02       418  7.4047446e+03  7.4725353e+03  7.4647112e+03
2.3240110e-02       730  5.7501305e+03  5.7510100e+03  5.7817961e+03
2.9075630e-02      1012  4.5790727e+03  4.5681995e+03  4.5664608e+03
3.4544381e-02      1408  3.8654352e+03  3.8571423e+03  3.8515880e+03
3.9898901e-02      1841  3.4078666e+03  3.4060122e+03  3.4250427e+03
4.5580519e-02      2698  3.0621941e+03  3.0656796e+03  3.0759095e+03
5.1612543e-02      3532  2.6544555e+03  2.6585857e+03  2.6776358e+03
5.7899473e-02      4702  2.2049267e+03  2.2047582e+03  2.2212188e+03
6.4462744e-02      6019  1.8014870e+03  1.7966602e+03  1.8002614e+03
7.1309305e-02      7766  1.5109201e+03  1.5051934e+03  1.5106352e+03
7.8556104e-02     10012  1.3565375e+03  1.3540950e+03  1.3589273e+03
8.6194331e-02     12589  1.2634345e+03  1.2654891e+03  1.2673672e+03
9.4153926e-02     15650  1.1314006e+03  1.1342136e+03  1.1380431e+03
1.0254095e-01     19757  9.5007252e+02  9.4962109e+02  9.5335890e+02
1.1136076e-01     24241  7.8834099e+02  7.8550211e+02  7.8352487e+02
1.2060245e-01     29993  6.8156667e+02  6.7994116e+02  6.7795189e+02
1.3029316e-01     36494  6.0777257e+02  6.0864053e+02  6.0860648e+02
1.4046583e-01     44825  5.3123269e+02  5.3161590e+02  5.2782281e+02
1.5111985e-01     53906  4.5298958e+02  4.5147111e+02  4.4540267e+02
1.6229170e-01     65729  4.0002249e+02  3.9899335e+02  3.9509963e+02
1.7401323e-01     78746  3.6767877e+02  3.6847710e+02  3.6651191e+02
1.8625264e-01     94374  3.2666154e+02  3.2704416e+02  3.2489142e+02
1.9902230e-01    112166  2.7874579e+02  2.7830291e+02  2.7495142e+02
2.1238854e-01    134373  2.4126348e+02  2.4083759e+02  2.3536076e+02
2.2637810e-01    159077  2.1283998e+02  2.1263058e+02  2.0602275e+02
2.4096993e-01    188172  1.8872994e+02  1.8833936e+02  1.8300092e+02
2.5621802e-01    222492  1.7129590e+02  1.7143397e+02  1.6770270e+02
2.7214102e-01    261771  1.5316487e+02  1.5340757e+02  1.5040426e+02
2.8873063e-01    306759  1.3329627e+02  1.3318779e+02  1.2871280e+02
3.0605468e-01    360898  1.1650322e+02  1.1612637e+02  1.0976262e+02
3.2421519e-01    425046  1.0461571e+02  1.0445384e+02  9.8641014e+01
3.4337900e-01    505555  9.4333604e+01  9.4520638e+01  9.1119131e+01
3.6368055e-01    600292  8.3703953e+01  8.3804563e+01  8.0342512e+01
3.8517334e-01    712930  7.3340006e+01  7.3092992e+01  6.7738063e+01
4.0793004e-01    846715  6.5150331e+01  6.4991961e+01  6.0009891e+01
4.3202621e-01   1005596  5.8526412e+01  5.8698517e+01  5.5408754e+01
4.5754560e-01   1194719  5.1450769e+01  5.1424261e+01  4.7696872e+01
4.8457948e-01   1419743  4.5265668e+01  4.5046523e+01  4.0621213e+01
5.1321525e-01   1686576  4.0270140e+01  4.0422691e+01  3.7399658e+01
5.4354215e-01   2003484  3.5528707e+01  3.5508393e+01  3.2346137e+01
5.7565178e-01   2378778  3.1255386e+01  3.1094745e+01  2.7776886e+01
6.0966698e-01   2828400  2.7610047e+01  2.7760883e+01  2.5404921e+01
6.4568974e-01   3356890  2.4282473e+01  2.4153836e+01  2.1390708e+01
6.8383752e-01   3990317  2.1439574e+01  2.1500849e+01  1.9252639e+01
7.2424344e-01   4738457  1.8977326e+01  1.8896947e+01  1.6550510e+01
7.6703215e-01   5629661  1.6986285e+01  1.7011597e+01  1.4679499e+01
8.1235262e-01   6687903  1.5491986e+01  1.5414941e+01  1.2647204e+01
8.6035444e-01   7945758  1.4664888e+01  1.4703179e+01  1.1223279e+01
9.1118812e-01   9436555  1.4623267e+01  1.4531617e+01  9.6281625e+00
9.6501980e-01  11210320  1.5487291e+01  1.5526736e+01  8.5410209e+00
1.0220366e+00  13318613  1.7580447e+01  1.7585106e+01  7.3979798e+00
1.0824208e+00  15819192  2.1323570e+01  2.1249484e+01  6.4198318e+00
1.1463741e+00  18795348  2.7322333e+01  2.7326584e+01  5.6249093e+00
1.2141088e+00  22326034  3.5952336e+01  3.6001503e+01  4.9031058e+00
1.2858419e+00  26520842  4.7361898e+01  4.7365851e+01  4.2550579e+00
1.3618105e+00  31503438  5.9981929e+01  5.9832150e+01  3.6908071e+00
1.4422695e+00  37426927  6.9701041e+01  6.9526238e+01  3.2083364e+00
1.5275481e+00  44525830  7.2724038e+01  7.2587708e+01  2.7890881e+00
