# Power spectrum from CO𝘕CEPT job 4700992 at t = 3.82173 Gyr, a = 0.37037037
#
# Components:
#   0: matter  (upstream grid size 1024)
#
#                           grid size 1024
# ╭────────────────────────────────────────────────────────────────╮
#                         component 0    (corrected)      (linear)
#                        σ₈ = 3.61e-01  σ₈ = 3.61e-01  σ₈ = 3.54e-01
#  k [Mpc⁻¹]    modes       P [Mpc³]       P [Mpc³]       P [Mpc³]
3.0679616e-03         3  9.7036718e+03  9.7036718e+03  9.7050524e+03
5.8212951e-03        25  1.4219933e+04  1.4286279e+04  1.4281713e+04
1.0440195e-02       124  1.6556957e+04  1.6746119e+04  1.6825932e+04
1.6729547e-02       418  1.5026460e+04  1.5164028e+04  1.5145956e+04
2.3240110e-02       730  1.1634181e+04  1.1635960e+04  1.1729798e+04
2.9075630e-02      1012  9.2876414e+03  9.2655874e+03  9.2635837e+03
3.4544381e-02      1408  7.8450472e+03  7.8282164e+03  7.8130778e+03
3.9898901e-02      1841  6.8953383e+03  6.8915861e+03  6.9476348e+03
4.5580519e-02      2698  6.2036833e+03  6.2107445e+03  6.2393025e+03
5.1612543e-02      3532  5.3702660e+03  5.3786217e+03  5.4313467e+03
5.7899473e-02      4702  4.4636721e+03  4.4633311e+03  4.5054942e+03
6.4462744e-02      6019  3.6633297e+03  3.6535145e+03  3.6515969e+03
7.1309305e-02      7766  3.0758110e+03  3.0641530e+03  3.0641069e+03
7.8556104e-02     10012  2.7639388e+03  2.7589624e+03  2.7563740e+03
8.6194331e-02     12589  2.5761137e+03  2.5803030e+03  2.5706472e+03
9.4153926e-02     15650  2.3078328e+03  2.3135708e+03  2.3083262e+03
1.0254095e-01     19757  1.9452548e+03  1.9443305e+03  1.9337200e+03
1.1136076e-01     24241  1.6269597e+03  1.6211008e+03  1.5892378e+03
1.2060245e-01     29993  1.4118732e+03  1.4085059e+03  1.3750994e+03
1.3029316e-01     36494  1.2601111e+03  1.2619107e+03  1.2344431e+03
1.4046583e-01     44825  1.1084870e+03  1.1092866e+03  1.0705872e+03
1.5111985e-01     53906  9.5493596e+02  9.5173492e+02  9.0341269e+02
1.6229170e-01     65729  8.4579602e+02  8.4362004e+02  8.0138196e+02
1.7401323e-01     78746  7.7667434e+02  7.7836071e+02  7.4339676e+02
1.8625264e-01     94374  6.9349327e+02  6.9430557e+02  6.5897735e+02
1.9902230e-01    112166  5.9889885e+02  5.9794731e+02  5.5768368e+02
2.1238854e-01    134373  5.2506497e+02  5.2413810e+02  4.7738174e+02
2.2637810e-01    159077  4.6830489e+02  4.6784414e+02  4.1787531e+02
2.4096993e-01    188172  4.1828565e+02  4.1742001e+02  3.7118004e+02
2.5621802e-01    222492  3.8092366e+02  3.8123070e+02  3.4015062e+02
2.7214102e-01    261771  3.4253003e+02  3.4307280e+02  3.0506416e+02
2.8873063e-01    306759  3.0352334e+02  3.0327632e+02  2.6106742e+02
3.0605468e-01    360898  2.7021795e+02  2.6934388e+02  2.2263083e+02
3.2421519e-01    425046  2.4528506e+02  2.4490553e+02  2.0007291e+02
3.4337900e-01    505555  2.2178123e+02  2.2222095e+02  1.8481628e+02
3.6368055e-01    600292  1.9968103e+02  1.9992104e+02  1.6295812e+02
3.8517334e-01    712930  1.7930778e+02  1.7870385e+02  1.3739258e+02
4.0793004e-01    846715  1.6160272e+02  1.6120989e+02  1.2171758e+02
4.3202621e-01   1005596  1.4629934e+02  1.4672955e+02  1.1238511e+02
4.5754560e-01   1194719  1.3159341e+02  1.3152561e+02  9.6743155e+01
4.8457948e-01   1419743  1.1849372e+02  1.1792005e+02  8.2391647e+01
5.1321525e-01   1686576  1.0710011e+02  1.0750583e+02  7.5857386e+01
5.4354215e-01   2003484  9.6635403e+01  9.6580151e+01  6.5607369e+01
5.7565178e-01   2378778  8.7329616e+01  8.6880774e+01  5.6339594e+01
6.0966698e-01   2828400  7.8902092e+01  7.9333140e+01  5.1528556e+01
6.4568974e-01   3356890  7.1418553e+01  7.1040211e+01  4.3386563e+01
6.8383752e-01   3990317  6.4986532e+01  6.5172263e+01  3.9049934e+01
7.2424344e-01   4738457  5.9375854e+01  5.9124366e+01  3.3569230e+01
7.6703215e-01   5629661  5.4866450e+01  5.4948210e+01  2.9774275e+01
8.1235262e-01   6687903  5.1443615e+01  5.1187773e+01  2.5652189e+01
8.6035444e-01   7945758  4.9256715e+01  4.9385327e+01  2.2764056e+01
9.1118812e-01   9436555  4.8523382e+01  4.8219264e+01  1.9528696e+01
9.6501980e-01  11210320  4.9346052e+01  4.9471733e+01  1.7323657e+01
1.0220366e+00  13318613  5.1847407e+01  5.1861149e+01  1.5005237e+01
1.0824208e+00  15819192  5.6041658e+01  5.5846949e+01  1.3021269e+01
1.1463741e+00  18795348  6.1578410e+01  6.1587992e+01  1.1408936e+01
1.2141088e+00  22326034  6.7432515e+01  6.7524732e+01  9.9449088e+00
1.2858419e+00  26520842  7.2514222e+01  7.2520274e+01  8.6304799e+00
1.3618105e+00  31503438  7.5909429e+01  7.5719879e+01  7.4860157e+00
1.4422695e+00  37426927  7.7410187e+01  7.7216050e+01  6.5074253e+00
1.5275481e+00  44525830  7.7689748e+01  7.7544109e+01  5.6570682e+00
