# Power spectrum from CO𝘕CEPT job 4700992 at t = 13.79048 Gyr, a = 1
#
# Components:
#   0: matter  (upstream grid size 1024)
#
#                           grid size 1024
# ╭────────────────────────────────────────────────────────────────╮
#                         component 0    (corrected)      (linear)
#                        σ₈ = 8.42e-01  σ₈ = 8.42e-01  σ₈ = 7.64e-01
#  k [Mpc⁻¹]    modes       P [Mpc³]       P [Mpc³]       P [Mpc³]
3.0679616e-03         3  4.5319654e+04  4.5319654e+04  4.5325279e+04
5.8212951e-03        25  6.6364274e+04  6.6673911e+04  6.6652787e+04
1.0440195e-02       124  7.6673587e+04  7.7549576e+04  7.8464759e+04
1.6729547e-02       418  6.9888270e+04  7.0528100e+04  7.0587047e+04
2.3240110e-02       730  5.3447268e+04  5.3455442e+04  5.4646574e+04
2.9075630e-02      1012  4.3037064e+04  4.2934870e+04  4.3148592e+04
3.4544381e-02      1408  3.6423995e+04  3.6345851e+04  3.6387858e+04
3.9898901e-02      1841  3.1627613e+04  3.1610403e+04  3.2354477e+04
4.5580519e-02      2698  2.8582861e+04  2.8615395e+04  2.9053931e+04
5.1612543e-02      3532  2.4598240e+04  2.4636513e+04  2.5290304e+04
5.7899473e-02      4702  2.0534956e+04  2.0533387e+04  2.0978364e+04
6.4462744e-02      6019  1.7236353e+04  1.7190172e+04  1.7001935e+04
7.1309305e-02      7766  1.4624548e+04  1.4569117e+04  1.4266208e+04
7.8556104e-02     10012  1.3201339e+04  1.3177570e+04  1.2833169e+04
8.6194331e-02     12589  1.2269198e+04  1.2289150e+04  1.1968260e+04
9.4153926e-02     15650  1.0986563e+04  1.1013880e+04  1.0746816e+04
1.0254095e-01     19757  9.5033630e+03  9.4988474e+03  9.0026696e+03
1.1136076e-01     24241  8.3019406e+03  8.2720446e+03  7.3988210e+03
1.2060245e-01     29993  7.3510851e+03  7.3335531e+03  6.4018332e+03
1.3029316e-01     36494  6.6246034e+03  6.6340639e+03  5.7469641e+03
1.4046583e-01     44825  5.9343057e+03  5.9385865e+03  4.9841032e+03
1.5111985e-01     53906  5.3757485e+03  5.3577285e+03  4.2058048e+03
1.6229170e-01     65729  4.8550660e+03  4.8425754e+03  3.7307895e+03
1.7401323e-01     78746  4.4714670e+03  4.4811758e+03  3.4608307e+03
1.8625264e-01     94374  4.0775944e+03  4.0823705e+03  3.0678132e+03
1.9902230e-01    112166  3.7133788e+03  3.7074790e+03  2.5962425e+03
2.1238854e-01    134373  3.3839285e+03  3.3779550e+03  2.2223997e+03
2.2637810e-01    159077  3.1376641e+03  3.1345771e+03  1.9453702e+03
2.4096993e-01    188172  2.9007533e+03  2.8947501e+03  1.7279830e+03
2.5621802e-01    222492  2.6913995e+03  2.6935689e+03  1.5835270e+03
2.7214102e-01    261771  2.5109617e+03  2.5149406e+03  1.4201848e+03
2.8873063e-01    306759  2.3346935e+03  2.3327934e+03  1.2153626e+03
3.0605468e-01    360898  2.1873038e+03  2.1802285e+03  1.0364255e+03
3.2421519e-01    425046  2.0422702e+03  2.0391102e+03  9.3140955e+02
3.4337900e-01    505555  1.9180294e+03  1.9218322e+03  8.6038396e+02
3.6368055e-01    600292  1.8030925e+03  1.8052597e+03  7.5862608e+02
3.8517334e-01    712930  1.6935270e+03  1.6878231e+03  6.3960934e+02
4.0793004e-01    846715  1.5973125e+03  1.5934297e+03  5.6663652e+02
4.3202621e-01   1005596  1.5022300e+03  1.5066475e+03  5.2319047e+02
4.5754560e-01   1194719  1.4180250e+03  1.4172944e+03  4.5037170e+02
4.8457948e-01   1419743  1.3356688e+03  1.3292024e+03  3.8356048e+02
5.1321525e-01   1686576  1.2622324e+03  1.2670140e+03  3.5314119e+02
5.4354215e-01   2003484  1.1905274e+03  1.1898467e+03  3.0542387e+02
5.7565178e-01   2378778  1.1265142e+03  1.1207244e+03  2.6227924e+02
6.0966698e-01   2828400  1.0656221e+03  1.0714437e+03  2.3988222e+02
6.4568974e-01   3356890  1.0087666e+03  1.0034226e+03  2.0197853e+02
6.8383752e-01   3990317  9.5423800e+02  9.5696520e+02  1.8179006e+02
7.2424344e-01   4738457  9.0320673e+02  8.9938118e+02  1.5627557e+02
7.6703215e-01   5629661  8.5544500e+02  8.5671975e+02  1.3860880e+02
8.1235262e-01   6687903  8.0951625e+02  8.0549032e+02  1.1941914e+02
8.6035444e-01   7945758  7.6586918e+02  7.6786891e+02  1.0597393e+02
9.1118812e-01   9436555  7.2372538e+02  7.1918946e+02  9.0912279e+01
9.6501980e-01  11210320  6.8186506e+02  6.8360173e+02  8.0647101e+01
1.0220366e+00  13318613  6.4221313e+02  6.4238334e+02  6.9854109e+01
1.0824208e+00  15819192  6.0309531e+02  6.0099994e+02  6.0618096e+01
1.1463741e+00  18795348  5.6487695e+02  5.6496484e+02  5.3112162e+01
1.2141088e+00  22326034  5.2801336e+02  5.2873544e+02  4.6296645e+01
1.2858419e+00  26520842  4.9259729e+02  4.9263840e+02  4.0177556e+01
1.3618105e+00  31503438  4.5855299e+02  4.5740796e+02  3.4849709e+01
1.4422695e+00  37426927  4.2621128e+02  4.2514238e+02  3.0294057e+01
1.5275481e+00  44525830  3.9519925e+02  3.9445840e+02  2.6335374e+01
