# Power spectrum from CO𝘕CEPT job 4700992 at t = 6.7617354 Gyr, a = 0.55555556
#
# Components:
#   0: matter  (upstream grid size 1024)
#
#                           grid size 1024
# ╭────────────────────────────────────────────────────────────────╮
#                         component 0    (corrected)      (linear)
#                        σ₈ = 5.34e-01  σ₈ = 5.33e-01  σ₈ = 5.09e-01
#  k [Mpc⁻¹]    modes       P [Mpc³]       P [Mpc³]       P [Mpc³]
3.0679616e-03         3  2.0106570e+04  2.0106570e+04  2.0093578e+04
5.8212951e-03        25  2.9455980e+04  2.9593414e+04  2.9558833e+04
1.0440195e-02       124  3.4198837e+04  3.4589555e+04  3.4811412e+04
1.6729547e-02       418  3.1096187e+04  3.1380873e+04  3.1327021e+04
2.3240110e-02       730  2.3967271e+04  2.3970937e+04  2.4257447e+04
2.9075630e-02      1012  1.9199433e+04  1.9153843e+04  1.9155684e+04
3.4544381e-02      1408  1.6230884e+04  1.6196063e+04  1.6155436e+04
3.9898901e-02      1841  1.4200640e+04  1.4192913e+04  1.4365423e+04
4.5580519e-02      2698  1.2798857e+04  1.2813425e+04  1.2900483e+04
5.1612543e-02      3532  1.1055776e+04  1.1072978e+04  1.1229711e+04
5.7899473e-02      4702  9.2017461e+03  9.2010431e+03  9.3152957e+03
6.4462744e-02      6019  7.6112096e+03  7.5908167e+03  7.5497350e+03
7.1309305e-02      7766  6.4090384e+03  6.3847468e+03  6.3350284e+03
7.8556104e-02     10012  5.7677895e+03  5.7574046e+03  5.6987471e+03
8.6194331e-02     12589  5.3752977e+03  5.3840392e+03  5.3147270e+03
9.4153926e-02     15650  4.8175045e+03  4.8294824e+03  4.7723624e+03
1.0254095e-01     19757  4.0939345e+03  4.0919892e+03  3.9978635e+03
1.1136076e-01     24241  3.4757724e+03  3.4632558e+03  3.2856531e+03
1.2060245e-01     29993  3.0373612e+03  3.0301172e+03  2.8429267e+03
1.3029316e-01     36494  2.7180295e+03  2.7219111e+03  2.5521229e+03
1.4046583e-01     44825  2.4105649e+03  2.4123038e+03  2.2133579e+03
1.5111985e-01     53906  2.1166525e+03  2.1095572e+03  1.8677340e+03
1.6229170e-01     65729  1.8866027e+03  1.8817490e+03  1.6567911e+03
1.7401323e-01     78746  1.7312691e+03  1.7350281e+03  1.5369095e+03
1.8625264e-01     94374  1.5593758e+03  1.5612023e+03  1.3623781e+03
1.9902230e-01    112166  1.3737217e+03  1.3715391e+03  1.1529612e+03
2.1238854e-01    134373  1.2258909e+03  1.2237269e+03  9.8694331e+02
2.2637810e-01    159077  1.1120236e+03  1.1109296e+03  8.6391860e+02
2.4096993e-01    188172  1.0063963e+03  1.0043135e+03  7.6737998e+02
2.5621802e-01    222492  9.2290951e+02  9.2365342e+02  7.0322917e+02
2.7214102e-01    261771  8.4173991e+02  8.4307373e+02  6.3069097e+02
2.8873063e-01    306759  7.6234494e+02  7.6172450e+02  5.3973170e+02
3.0605468e-01    360898  6.9428257e+02  6.9203679e+02  4.6026758e+02
3.2421519e-01    425046  6.3931894e+02  6.3832972e+02  4.1363114e+02
3.4337900e-01    505555  5.8614858e+02  5.8731073e+02  3.8208946e+02
3.6368055e-01    600292  5.3801388e+02  5.3866057e+02  3.3689977e+02
3.8517334e-01    712930  4.9511224e+02  4.9344466e+02  2.8404550e+02
4.0793004e-01    846715  4.5559571e+02  4.5448823e+02  2.5163893e+02
4.3202621e-01   1005596  4.1970413e+02  4.2093832e+02  2.3234494e+02
4.5754560e-01   1194719  3.8671722e+02  3.8651798e+02  2.0000673e+02
4.8457948e-01   1419743  3.5674910e+02  3.5502197e+02  1.7033641e+02
5.1321525e-01   1686576  3.2974822e+02  3.3099737e+02  1.5682746e+02
5.4354215e-01   2003484  3.0519478e+02  3.0502029e+02  1.3563657e+02
5.7565178e-01   2378778  2.8273437e+02  2.8128122e+02  1.1647637e+02
6.0966698e-01   2828400  2.6278896e+02  2.6422460e+02  1.0653003e+02
6.4568974e-01   3356890  2.4455628e+02  2.4326073e+02  8.9697280e+01
6.8383752e-01   3990317  2.2845832e+02  2.2911125e+02  8.0731733e+01
7.2424344e-01   4738457  2.1435864e+02  2.1345072e+02  6.9400932e+01
7.6703215e-01   5629661  2.0236494e+02  2.0266650e+02  6.1555247e+01
8.1235262e-01   6687903  1.9231606e+02  1.9135962e+02  5.3033253e+01
8.6035444e-01   7945758  1.8423044e+02  1.8471148e+02  4.7062331e+01
9.1118812e-01   9436555  1.7800344e+02  1.7688781e+02  4.0373554e+01
9.6501980e-01  11210320  1.7311173e+02  1.7355263e+02  3.5814860e+01
1.0220366e+00  13318613  1.6917807e+02  1.6922291e+02  3.1021765e+01
1.0824208e+00  15819192  1.6554477e+02  1.6496961e+02  2.6920114e+01
1.1463741e+00  18795348  1.6192470e+02  1.6194989e+02  2.3586780e+01
1.2141088e+00  22326034  1.5778369e+02  1.5799947e+02  2.0560054e+01
1.2858419e+00  26520842  1.5309977e+02  1.5311254e+02  1.7842608e+01
1.3618105e+00  31503438  1.4802278e+02  1.4765315e+02  1.5476546e+01
1.4422695e+00  37426927  1.4274684e+02  1.4238885e+02  1.3453411e+01
1.5275481e+00  44525830  1.3729060e+02  1.3703323e+02  1.1695385e+01
