# Power spectrum from CO𝘕CEPT job 4700992 at t = 2.9822956 Gyr, a = 0.3125
#
# Components:
#   0: matter  (upstream grid size 1024)
#
#                           grid size 1024
# ╭────────────────────────────────────────────────────────────────╮
#                         component 0    (corrected)      (linear)
#                        σ₈ = 3.05e-01  σ₈ = 3.04e-01  σ₈ = 3.01e-01
#  k [Mpc⁻¹]    modes       P [Mpc³]       P [Mpc³]       P [Mpc³]
3.0679616e-03         3  7.0173921e+03  7.0173921e+03  7.0188212e+03
5.8212951e-03        25  1.0284702e+04  1.0332687e+04  1.0330422e+04
1.0440195e-02       124  1.1986631e+04  1.2123577e+04  1.2172837e+04
1.6729547e-02       418  1.0870907e+04  1.0970430e+04  1.0958690e+04
2.3240110e-02       730  8.4293665e+03  8.4306558e+03  8.4874906e+03
2.9075630e-02      1012  6.7209665e+03  6.7050072e+03  6.7031908e+03
3.4544381e-02      1408  5.6752875e+03  5.6631117e+03  5.6537028e+03
3.9898901e-02      1841  4.9959109e+03  4.9931924e+03  5.0275149e+03
4.5580519e-02      2698  4.4919620e+03  4.4970749e+03  4.5149881e+03
5.1612543e-02      3532  3.8911950e+03  3.8972493e+03  3.9303506e+03
5.7899473e-02      4702  3.2331456e+03  3.2328986e+03  3.2603831e+03
6.4462744e-02      6019  2.6471983e+03  2.6401056e+03  2.6424753e+03
7.1309305e-02      7766  2.2212118e+03  2.2127929e+03  2.2173461e+03
7.8556104e-02     10012  1.9950768e+03  1.9914846e+03  1.9946601e+03
8.6194331e-02     12589  1.8589535e+03  1.8619766e+03  1.8602624e+03
9.4153926e-02     15650  1.6649998e+03  1.6691396e+03  1.6704354e+03
1.0254095e-01     19757  1.4004673e+03  1.3998018e+03  1.3993512e+03
1.1136076e-01     24241  1.1663365e+03  1.1621364e+03  1.1500654e+03
1.2060245e-01     29993  1.0101024e+03  1.0076934e+03  9.9510340e+02
1.3029316e-01     36494  9.0103973e+02  9.0232649e+02  8.9331691e+02
1.4046583e-01     44825  7.9008771e+02  7.9065766e+02  7.7474151e+02
1.5111985e-01     53906  6.7689390e+02  6.7462489e+02  6.5376433e+02
1.6229170e-01     65729  5.9852929e+02  5.9698946e+02  5.7992899e+02
1.7401323e-01     78746  5.4986758e+02  5.5106149e+02  5.3796758e+02
1.8625264e-01     94374  4.8966550e+02  4.9023904e+02  4.7687668e+02
1.9902230e-01    112166  4.2021986e+02  4.1955221e+02  4.0357446e+02
2.1238854e-01    134373  3.6599791e+02  3.6535183e+02  3.4546309e+02
2.2637810e-01    159077  3.2459121e+02  3.2427186e+02  3.0240062e+02
2.4096993e-01    188172  2.8877715e+02  2.8817952e+02  2.6860907e+02
2.5621802e-01    222492  2.6247256e+02  2.6268413e+02  2.4615428e+02
2.7214102e-01    261771  2.3524792e+02  2.3562069e+02  2.2076356e+02
2.8873063e-01    306759  2.0659944e+02  2.0643130e+02  1.8892478e+02
3.0605468e-01    360898  1.8227888e+02  1.8168926e+02  1.6110967e+02
3.2421519e-01    425046  1.6452963e+02  1.6427505e+02  1.4478535e+02
3.4337900e-01    505555  1.4842270e+02  1.4871697e+02  1.3374471e+02
3.6368055e-01    600292  1.3264733e+02  1.3280677e+02  1.1792678e+02
3.8517334e-01    712930  1.1774039e+02  1.1734384e+02  9.9425952e+01
4.0793004e-01    846715  1.0534559e+02  1.0508951e+02  8.8082532e+01
4.3202621e-01   1005596  9.4910167e+01  9.5189263e+01  8.1328976e+01
4.5754560e-01   1194719  8.4428226e+01  8.4384727e+01  7.0009471e+01
4.8457948e-01   1419743  7.5191917e+01  7.4827890e+01  5.9623815e+01
5.1321525e-01   1686576  6.7378775e+01  6.7634018e+01  5.4895213e+01
5.4354215e-01   2003484  6.0135013e+01  6.0100630e+01  4.7477653e+01
5.7565178e-01   2378778  5.3670454e+01  5.3394607e+01  4.0770905e+01
6.0966698e-01   2828400  4.7920664e+01  4.8182458e+01  3.7289335e+01
6.4568974e-01   3356890  4.2801294e+01  4.2574553e+01  3.1397273e+01
6.8383752e-01   3990317  3.8389370e+01  3.8499086e+01  2.8259014e+01
7.2424344e-01   4738457  3.4570822e+01  3.4424397e+01  2.4292829e+01
7.6703215e-01   5629661  3.1502836e+01  3.1549780e+01  2.1546560e+01
8.1235262e-01   6687903  2.9189754e+01  2.9044586e+01  1.8563556e+01
8.6035444e-01   7945758  2.7823319e+01  2.7895967e+01  1.6473520e+01
9.1118812e-01   9436555  2.7569916e+01  2.7397122e+01  1.4132209e+01
9.6501980e-01  11210320  2.8580823e+01  2.8653617e+01  1.2536502e+01
1.0220366e+00  13318613  3.1159333e+01  3.1167591e+01  1.0858747e+01
1.0824208e+00  15819192  3.5608781e+01  3.5485063e+01  9.4230217e+00
1.1463741e+00  18795348  4.2127133e+01  4.2133688e+01  8.2562348e+00
1.2141088e+00  22326034  5.0185101e+01  5.0253732e+01  7.1967718e+00
1.2858419e+00  26520842  5.8785860e+01  5.8790766e+01  6.2455675e+00
1.3618105e+00  31503438  6.6013788e+01  6.5848948e+01  5.4173605e+00
1.4422695e+00  37426927  7.0046178e+01  6.9870509e+01  4.7091902e+00
1.5275481e+00  44525830  7.1073602e+01  7.0940366e+01  4.0938177e+00
