# Power spectrum from CO𝘕CEPT job 4700992 at t = 5.4693261 Gyr, a = 0.47619048
#
# Components:
#   0: matter  (upstream grid size 1024)
#
#                           grid size 1024
# ╭────────────────────────────────────────────────────────────────╮
#                         component 0    (corrected)      (linear)
#                        σ₈ = 4.62e-01  σ₈ = 4.62e-01  σ₈ = 4.46e-01
#  k [Mpc⁻¹]    modes       P [Mpc³]       P [Mpc³]       P [Mpc³]
3.0679616e-03         3  1.5403212e+04  1.5403212e+04  1.5394302e+04
5.8212951e-03        25  2.2568085e+04  2.2673381e+04  2.2648746e+04
1.0440195e-02       124  2.6232775e+04  2.6532482e+04  2.6677072e+04
1.6729547e-02       418  2.3835354e+04  2.4053567e+04  2.4009382e+04
2.3240110e-02       730  1.8405522e+04  1.8408337e+04  1.8592297e+04
2.9075630e-02      1012  1.4723746e+04  1.4688784e+04  1.4682486e+04
3.4544381e-02      1408  1.2443149e+04  1.2416453e+04  1.2383097e+04
3.9898901e-02      1841  1.0907287e+04  1.0901351e+04  1.1011209e+04
4.5580519e-02      2698  9.8236659e+03  9.8348476e+03  9.8884252e+03
5.1612543e-02      3532  8.4933664e+03  8.5065814e+03  8.6078220e+03
5.7899473e-02      4702  7.0648307e+03  7.0642910e+03  7.1404254e+03
6.4462744e-02      6019  5.8242044e+03  5.8085994e+03  5.7871042e+03
7.1309305e-02      7766  4.8976752e+03  4.8791119e+03  4.8560132e+03
7.8556104e-02     10012  4.4048527e+03  4.3969218e+03  4.3682961e+03
8.6194331e-02     12589  4.1060072e+03  4.1126845e+03  4.0739413e+03
9.4153926e-02     15650  3.6795443e+03  3.6886929e+03  3.6582058e+03
1.0254095e-01     19757  3.1155122e+03  3.1140318e+03  3.0645269e+03
1.1136076e-01     24241  2.6279637e+03  2.6185002e+03  2.5185920e+03
1.2060245e-01     29993  2.2896296e+03  2.2841689e+03  2.1792261e+03
1.3029316e-01     36494  2.0463449e+03  2.0492673e+03  1.9563144e+03
1.4046583e-01     44825  1.8093351e+03  1.8106403e+03  1.6966376e+03
1.5111985e-01     53906  1.5758495e+03  1.5705671e+03  1.4317024e+03
1.6229170e-01     65729  1.4006696e+03  1.3970661e+03  1.2700059e+03
1.7401323e-01     78746  1.2854527e+03  1.2882438e+03  1.1781119e+03
1.8625264e-01     94374  1.1536564e+03  1.1550077e+03  1.0443260e+03
1.9902230e-01    112166  1.0079318e+03  1.0063304e+03  8.8379855e+02
2.1238854e-01    134373  8.9343409e+02  8.9185695e+02  7.5653835e+02
2.2637810e-01    159077  8.0492557e+02  8.0413364e+02  6.6223432e+02
2.4096993e-01    188172  7.2445501e+02  7.2295574e+02  5.8823306e+02
2.5621802e-01    222492  6.6240718e+02  6.6294111e+02  5.3905855e+02
2.7214102e-01    261771  6.0025842e+02  6.0120959e+02  4.8345466e+02
2.8873063e-01    306759  5.3927377e+02  5.3883487e+02  4.1373012e+02
3.0605468e-01    360898  4.8688544e+02  4.8531052e+02  3.5281713e+02
3.2421519e-01    425046  4.4604878e+02  4.4535860e+02  3.1706811e+02
3.4337900e-01    505555  4.0628941e+02  4.0709495e+02  2.9288993e+02
3.6368055e-01    600292  3.7021207e+02  3.7065706e+02  2.5824989e+02
3.8517334e-01    712930  3.3782823e+02  3.3669040e+02  2.1773457e+02
4.0793004e-01    846715  3.0825576e+02  3.0750644e+02  1.9289338e+02
4.3202621e-01   1005596  2.8197030e+02  2.8279947e+02  1.7810363e+02
4.5754560e-01   1194719  2.5760248e+02  2.5746976e+02  1.5331484e+02
4.8457948e-01   1419743  2.3560747e+02  2.3446682e+02  1.3057111e+02
5.1321525e-01   1686576  2.1601305e+02  2.1683134e+02  1.2021585e+02
5.4354215e-01   2003484  1.9819600e+02  1.9808268e+02  1.0397201e+02
5.7565178e-01   2378778  1.8199953e+02  1.8106411e+02  8.9284795e+01
6.0966698e-01   2828400  1.6757064e+02  1.6848609e+02  8.1660444e+01
6.4568974e-01   3356890  1.5449908e+02  1.5368062e+02  6.8757327e+01
6.8383752e-01   3990317  1.4312637e+02  1.4353542e+02  6.1884802e+01
7.2424344e-01   4738457  1.3322920e+02  1.3266490e+02  5.3199194e+01
7.6703215e-01   5629661  1.2501953e+02  1.2520583e+02  4.7185096e+01
8.1235262e-01   6687903  1.1851553e+02  1.1792612e+02  4.0652574e+01
8.6035444e-01   7945758  1.1374361e+02  1.1404060e+02  3.6075572e+01
9.1118812e-01   9436555  1.1077647e+02  1.1008218e+02  3.0948300e+01
9.6501980e-01  11210320  1.0949316e+02  1.0977203e+02  2.7453839e+01
1.0220366e+00  13318613  1.0945882e+02  1.0948783e+02  2.3779699e+01
1.0824208e+00  15819192  1.1028045e+02  1.0989729e+02  2.0635585e+01
1.1463741e+00  18795348  1.1124337e+02  1.1126068e+02  1.8080422e+01
1.2141088e+00  22326034  1.1169170e+02  1.1184444e+02  1.5760289e+01
1.2858419e+00  26520842  1.1117927e+02  1.1118855e+02  1.3677234e+01
1.3618105e+00  31503438  1.0989906e+02  1.0962464e+02  1.1863532e+01
1.4422695e+00  37426927  1.0794237e+02  1.0767166e+02  1.0312701e+01
1.5275481e+00  44525830  1.0563609e+02  1.0543806e+02  8.9650883e+00
