# Power spectrum from CO𝘕CEPT job 4701186 at t = 4.270349 Gyr, a = 0.4
#
# Components:
#   0: matter  (upstream grid size 1024)
#
#                           grid size 1024
# ╭────────────────────────────────────────────────────────────────╮
#                         component 0    (corrected)      (linear)
#                        σ₈ = 3.71e-01  σ₈ = 3.71e-01  σ₈ = 3.63e-01
#  k [Mpc⁻¹]    modes       P [Mpc³]       P [Mpc³]       P [Mpc³]
3.0679616e-03         3  1.1142139e+04  1.1142139e+04  1.1141786e+04
5.8212951e-03        25  1.6227765e+04  1.6308980e+04  1.6300579e+04
1.0440195e-02       124  1.8739088e+04  1.8954230e+04  1.9047348e+04
1.6729547e-02       418  1.6873414e+04  1.7027603e+04  1.7004162e+04
2.3240110e-02       730  1.2928789e+04  1.2931334e+04  1.3039270e+04
2.9075630e-02      1012  1.0195629e+04  1.0170926e+04  1.0164681e+04
3.4544381e-02      1408  8.4962664e+03  8.4764923e+03  8.4533758e+03
3.9898901e-02      1841  7.3825592e+03  7.3767102e+03  7.4340535e+03
4.5580519e-02      2698  6.6062224e+03  6.6123250e+03  6.6381860e+03
5.1612543e-02      3532  5.7142947e+03  5.7232824e+03  5.7762892e+03
5.7899473e-02      4702  4.7531655e+03  4.7540680e+03  4.7961019e+03
6.4462744e-02      6019  3.8938084e+03  3.8845600e+03  3.8761184e+03
7.1309305e-02      7766  3.2488616e+03  3.2364576e+03  3.2288191e+03
7.8556104e-02     10012  2.9086140e+03  2.9021276e+03  2.8918890e+03
8.6194331e-02     12589  2.7272156e+03  2.7307525e+03  2.7157973e+03
9.4153926e-02     15650  2.4729510e+03  2.4798408e+03  2.4738142e+03
1.0254095e-01     19757  2.0958022e+03  2.0963561e+03  2.0855994e+03
1.1136076e-01     24241  1.7334262e+03  1.7273026e+03  1.6881874e+03
1.2060245e-01     29993  1.4737083e+03  1.4687673e+03  1.4219395e+03
1.3029316e-01     36494  1.3031709e+03  1.3038465e+03  1.2621027e+03
1.4046583e-01     44825  1.1540774e+03  1.1556014e+03  1.1054813e+03
1.5111985e-01     53906  1.0016782e+03  9.9925567e+02  9.4131126e+02
1.6229170e-01     65729  8.8854349e+02  8.8606036e+02  8.3543723e+02
1.7401323e-01     78746  8.1912300e+02  8.2069333e+02  7.8097061e+02
1.8625264e-01     94374  7.3428600e+02  7.3566184e+02  6.9820804e+02
1.9902230e-01    112166  6.2873206e+02  6.2746037e+02  5.7953057e+02
2.1238854e-01    134373  5.4494599e+02  5.4337298e+02  4.8399756e+02
2.2637810e-01    159077  4.8666478e+02  4.8615815e+02  4.2394516e+02
2.4096993e-01    188172  4.3863458e+02  4.3842041e+02  3.8607112e+02
2.5621802e-01    222492  4.0117309e+02  4.0155837e+02  3.5728250e+02
2.7214102e-01    261771  3.5994962e+02  3.6031630e+02  3.1884796e+02
2.8873063e-01    306759  3.1706945e+02  3.1635441e+02  2.6560718e+02
3.0605468e-01    360898  2.8189769e+02  2.8089917e+02  2.2424332e+02
3.2421519e-01    425046  2.5715370e+02  2.5728532e+02  2.0690502e+02
3.4337900e-01    505555  2.3304695e+02  2.3364280e+02  1.9401150e+02
3.6368055e-01    600292  2.0929065e+02  2.0901661e+02  1.6696108e+02
3.8517334e-01    712930  1.8774380e+02  1.8683222e+02  1.3771684e+02
4.0793004e-01    846715  1.6960597e+02  1.6974913e+02  1.2560861e+02
4.3202621e-01   1005596  1.5366228e+02  1.5417609e+02  1.1746463e+02
4.5754560e-01   1194719  1.3815543e+02  1.3741046e+02  9.7301956e+01
4.8457948e-01   1419743  1.2451774e+02  1.2436290e+02  8.3889919e+01
5.1321525e-01   1686576  1.1265750e+02  1.1314604e+02  7.9100631e+01
5.4354215e-01   2003484  1.0168595e+02  1.0093752e+02  6.5706179e+01
5.7565178e-01   2378778  9.1982947e+01  9.2227950e+01  5.7885717e+01
6.0966698e-01   2828400  8.3194379e+01  8.3168935e+01  5.2850684e+01
6.4568974e-01   3356890  7.5375315e+01  7.5120240e+01  4.3694857e+01
6.8383752e-01   3990317  6.8662019e+01  6.8962563e+01  4.0446986e+01
7.2424344e-01   4738457  6.2806077e+01  6.2464555e+01  3.3646364e+01
7.6703215e-01   5629661  5.8096667e+01  5.8322715e+01  3.0744637e+01
8.1235262e-01   6687903  5.4518554e+01  5.4291362e+01  2.5779460e+01
8.6035444e-01   7945758  5.2205512e+01  5.2245501e+01  2.3326155e+01
9.1118812e-01   9436555  5.1385239e+01  5.1510326e+01  1.9840081e+01
9.6501980e-01  11210320  5.2157106e+01  5.1911250e+01  1.7499585e+01
1.0220366e+00  13318613  5.4610302e+01  5.4723993e+01  1.5373539e+01
1.0824208e+00  15819192  5.8725550e+01  5.8751883e+01  1.3181113e+01
1.1463741e+00  18795348  6.4090753e+01  6.3854183e+01  1.1488575e+01
1.2141088e+00  22326034  6.9664800e+01  6.9509541e+01  1.0091016e+01
1.2858419e+00  26520842  7.4363248e+01  7.4285563e+01  8.7815338e+00
1.3618105e+00  31503438  7.7410757e+01  7.7497053e+01  7.6000542e+00
1.4422695e+00  37426927  7.8700243e+01  7.8748048e+01  6.6053920e+00
1.5275481e+00  44525830  7.8900368e+01  7.8938787e+01  5.7239543e+00
