# Power spectrum from CO𝘕CEPT job 4701186 at t = 3.8214654 Gyr, a = 0.37037037
#
# Components:
#   0: matter  (upstream grid size 1024)
#
#                           grid size 1024
# ╭────────────────────────────────────────────────────────────────╮
#                         component 0    (corrected)      (linear)
#                        σ₈ = 3.44e-01  σ₈ = 3.44e-01  σ₈ = 3.38e-01
#  k [Mpc⁻¹]    modes       P [Mpc³]       P [Mpc³]       P [Mpc³]
3.0679616e-03         3  9.6460389e+03  9.6460389e+03  9.6472098e+03
5.8212951e-03        25  1.4049555e+04  1.4119868e+04  1.4115010e+04
1.0440195e-02       124  1.6231495e+04  1.6417848e+04  1.6494747e+04
1.6729547e-02       418  1.4610395e+04  1.4743904e+04  1.4726147e+04
2.3240110e-02       730  1.1203013e+04  1.1205219e+04  1.1292752e+04
2.9075630e-02      1012  8.8292135e+03  8.8078217e+03  8.8033260e+03
3.4544381e-02      1408  7.3562704e+03  7.3391495e+03  7.3212831e+03
3.9898901e-02      1841  6.3966955e+03  6.3916276e+03  6.4385103e+03
4.5580519e-02      2698  5.7221889e+03  5.7274749e+03  5.7492496e+03
5.1612543e-02      3532  4.9512585e+03  4.9590460e+03  5.0027896e+03
5.7899473e-02      4702  4.1177110e+03  4.1184928e+03  4.1538700e+03
6.4462744e-02      6019  3.3690998e+03  3.3610977e+03  3.3570860e+03
7.1309305e-02      7766  2.8098527e+03  2.7991248e+03  2.7964681e+03
7.8556104e-02     10012  2.5149170e+03  2.5093085e+03  2.5046577e+03
8.6194331e-02     12589  2.3580534e+03  2.3611116e+03  2.3521476e+03
9.4153926e-02     15650  2.1383847e+03  2.1443423e+03  2.1425683e+03
1.0254095e-01     19757  1.8104464e+03  1.8109249e+03  1.8063371e+03
1.1136076e-01     24241  1.4937417e+03  1.4884648e+03  1.4621396e+03
1.2060245e-01     29993  1.2678831e+03  1.2636323e+03  1.2315428e+03
1.3029316e-01     36494  1.1205389e+03  1.1211199e+03  1.0931085e+03
1.4046583e-01     44825  9.9114563e+02  9.9245454e+02  9.5745891e+02
1.5111985e-01     53906  8.5807711e+02  8.5600186e+02  8.1527125e+02
1.6229170e-01     65729  7.6054381e+02  7.5841839e+02  7.2357376e+02
1.7401323e-01     78746  7.0149980e+02  7.0284464e+02  6.7640026e+02
1.8625264e-01     94374  6.2820734e+02  6.2938442e+02  6.0471953e+02
1.9902230e-01    112166  5.3582762e+02  5.3474384e+02  5.0193279e+02
2.1238854e-01    134373  4.6242598e+02  4.6109117e+02  4.1919148e+02
2.2637810e-01    159077  4.1187276e+02  4.1144400e+02  3.6718000e+02
2.4096993e-01    188172  3.7090365e+02  3.7072255e+02  3.3437723e+02
2.5621802e-01    222492  3.3910235e+02  3.3942802e+02  3.0944335e+02
2.7214102e-01    261771  3.0362261e+02  3.0393192e+02  2.7615512e+02
2.8873063e-01    306759  2.6600961e+02  2.6540972e+02  2.3004314e+02
3.0605468e-01    360898  2.3541006e+02  2.3457620e+02  1.9421780e+02
3.2421519e-01    425046  2.1440248e+02  2.1451222e+02  1.7920105e+02
3.4337900e-01    505555  1.9414925e+02  1.9464565e+02  1.6803395e+02
3.6368055e-01    600292  1.7358920e+02  1.7336190e+02  1.4460550e+02
3.8517334e-01    712930  1.5479865e+02  1.5404703e+02  1.1927698e+02
4.0793004e-01    846715  1.3946664e+02  1.3958436e+02  1.0879001e+02
4.3202621e-01   1005596  1.2606426e+02  1.2648579e+02  1.0173648e+02
4.5754560e-01   1194719  1.1269225e+02  1.1208458e+02  8.4273533e+01
4.8457948e-01   1419743  1.0107464e+02  1.0094895e+02  7.2657327e+01
5.1321525e-01   1686576  9.1084695e+01  9.1479685e+01  6.8509311e+01
5.4354215e-01   2003484  8.1766949e+01  8.1165124e+01  5.6908335e+01
5.7565178e-01   2378778  7.3569531e+01  7.3765489e+01  5.0135008e+01
6.0966698e-01   2828400  6.6158574e+01  6.6138340e+01  4.5774151e+01
6.4568974e-01   3356890  5.9574972e+01  5.9373366e+01  3.7844259e+01
6.8383752e-01   3990317  5.3924703e+01  5.4160740e+01  3.5031268e+01
7.2424344e-01   4738457  4.9010918e+01  4.8744410e+01  2.9141228e+01
7.6703215e-01   5629661  4.5066556e+01  4.5241906e+01  2.6628033e+01
8.1235262e-01   6687903  4.2087500e+01  4.1912111e+01  2.2327677e+01
8.6035444e-01   7945758  4.0234666e+01  4.0265486e+01  2.0202861e+01
9.1118812e-01   9436555  3.9718447e+01  3.9815134e+01  1.7183562e+01
9.6501980e-01  11210320  4.0674829e+01  4.0483097e+01  1.5156451e+01
1.0220366e+00  13318613  4.3311849e+01  4.3402018e+01  1.3315075e+01
1.0824208e+00  15819192  4.7764280e+01  4.7785697e+01  1.1416208e+01
1.1463741e+00  18795348  5.3863412e+01  5.3664592e+01  9.9502950e+00
1.2141088e+00  22326034  6.0680760e+01  6.0545524e+01  8.7398648e+00
1.2858419e+00  26520842  6.7038176e+01  6.6968143e+01  7.6057176e+00
1.3618105e+00  31503438  7.1628154e+01  7.1708004e+01  6.5824342e+00
1.4422695e+00  37426927  7.3866053e+01  7.3910921e+01  5.7209539e+00
1.5275481e+00  44525830  7.4446129e+01  7.4482379e+01  4.9575377e+00
