# Power spectrum from CO𝘕CEPT job 4701186 at t = 6.7614249 Gyr, a = 0.55555556
#
# Components:
#   0: matter  (upstream grid size 1024)
#
#                           grid size 1024
# ╭────────────────────────────────────────────────────────────────╮
#                         component 0    (corrected)      (linear)
#                        σ₈ = 5.08e-01  σ₈ = 5.08e-01  σ₈ = 4.86e-01
#  k [Mpc⁻¹]    modes       P [Mpc³]       P [Mpc³]       P [Mpc³]
3.0679616e-03         3  1.9987132e+04  1.9987132e+04  1.9973501e+04
5.8212951e-03        25  2.9103374e+04  2.9249027e+04  2.9213330e+04
1.0440195e-02       124  3.3529175e+04  3.3914120e+04  3.4125652e+04
1.6729547e-02       418  3.0238929e+04  3.0515251e+04  3.0458210e+04
2.3240110e-02       730  2.3085527e+04  2.3090072e+04  2.3353242e+04
2.9075630e-02      1012  1.8258934e+04  1.8214695e+04  1.8203641e+04
3.4544381e-02      1408  1.5228728e+04  1.5193285e+04  1.5138282e+04
3.9898901e-02      1841  1.3184911e+04  1.3174465e+04  1.3312502e+04
4.5580519e-02      2698  1.1816561e+04  1.1827476e+04  1.1887047e+04
5.1612543e-02      3532  1.0204085e+04  1.0220135e+04  1.0343467e+04
5.7899473e-02      4702  8.4968514e+03  8.4984646e+03  8.5881569e+03
6.4462744e-02      6019  7.0061583e+03  6.9895176e+03  6.9407147e+03
7.1309305e-02      7766  5.8616428e+03  5.8392632e+03  5.7815912e+03
7.8556104e-02     10012  5.2551452e+03  5.2434257e+03  5.1782436e+03
8.6194331e-02     12589  4.9244432e+03  4.9308298e+03  4.8629064e+03
9.4153926e-02     15650  4.4622213e+03  4.4746533e+03  4.4295924e+03
1.0254095e-01     19757  3.8041832e+03  3.8051886e+03  3.7344448e+03
1.1136076e-01     24241  3.1891346e+03  3.1778685e+03  3.0228356e+03
1.2060245e-01     29993  2.7350042e+03  2.7258345e+03  2.5460911e+03
1.3029316e-01     36494  2.4268898e+03  2.4281481e+03  2.2598866e+03
1.4046583e-01     44825  2.1599744e+03  2.1628269e+03  1.9794412e+03
1.5111985e-01     53906  1.9010062e+03  1.8964086e+03  1.6854808e+03
1.6229170e-01     65729  1.6943203e+03  1.6895854e+03  1.4959044e+03
1.7401323e-01     78746  1.5586039e+03  1.5615919e+03  1.3983770e+03
1.8625264e-01     94374  1.4048123e+03  1.4074446e+03  1.2501842e+03
1.9902230e-01    112166  1.2263289e+03  1.2238485e+03  1.0376842e+03
2.1238854e-01    134373  1.0834942e+03  1.0803667e+03  8.6662600e+02
2.2637810e-01    159077  9.8050087e+02  9.7948016e+02  7.5909823e+02
2.4096993e-01    188172  8.8911972e+02  8.8868558e+02  6.9128223e+02
2.5621802e-01    222492  8.1569331e+02  8.1647669e+02  6.3973429e+02
2.7214102e-01    261771  7.4110650e+02  7.4186148e+02  5.7091489e+02
2.8873063e-01    306759  6.6721983e+02  6.6571514e+02  4.7558417e+02
3.0605468e-01    360898  6.0504457e+02  6.0290141e+02  4.0151980e+02
3.2421519e-01    425046  5.5655998e+02  5.5684485e+02  3.7047453e+02
3.4337900e-01    505555  5.0909196e+02  5.1039358e+02  3.4738792e+02
3.6368055e-01    600292  4.6547725e+02  4.6486776e+02  2.9895264e+02
3.8517334e-01    712930  4.2673993e+02  4.2466792e+02  2.4658923e+02
4.0793004e-01    846715  3.9140444e+02  3.9173482e+02  2.2490877e+02
4.3202621e-01   1005596  3.5948791e+02  3.6068994e+02  2.1032651e+02
4.5754560e-01   1194719  3.3002910e+02  3.2824949e+02  1.7422418e+02
4.8457948e-01   1419743  3.0333878e+02  3.0296157e+02  1.5020921e+02
5.1321525e-01   1686576  2.7941533e+02  2.8062702e+02  1.4163373e+02
5.4354215e-01   2003484  2.5772788e+02  2.5583094e+02  1.1765027e+02
5.7565178e-01   2378778  2.3784546e+02  2.3847897e+02  1.0364732e+02
6.0966698e-01   2828400  2.2026381e+02  2.2019644e+02  9.4631827e+01
6.4568974e-01   3356890  2.0422653e+02  2.0353541e+02  7.8237847e+01
6.8383752e-01   3990317  1.9012343e+02  1.9095563e+02  7.2422363e+01
7.2424344e-01   4738457  1.7785253e+02  1.7688542e+02  6.0245502e+01
7.6703215e-01   5629661  1.6749307e+02  1.6814477e+02  5.5049811e+01
8.1235262e-01   6687903  1.5899459e+02  1.5833202e+02  4.6159409e+01
8.6035444e-01   7945758  1.5240940e+02  1.5252615e+02  4.1766639e+01
9.1118812e-01   9436555  1.4769591e+02  1.4805545e+02  3.5524648e+01
9.6501980e-01  11210320  1.4450101e+02  1.4381987e+02  3.1333872e+01
1.0220366e+00  13318613  1.4238280e+02  1.4267922e+02  2.7527078e+01
1.0824208e+00  15819192  1.4078344e+02  1.4084657e+02  2.3601430e+01
1.1463741e+00  18795348  1.3919355e+02  1.3867976e+02  2.0570854e+01
1.2141088e+00  22326034  1.3704360e+02  1.3673818e+02  1.8068455e+01
1.2858419e+00  26520842  1.3419240e+02  1.3405221e+02  1.5723761e+01
1.3618105e+00  31503438  1.3079803e+02  1.3094384e+02  1.3608263e+01
1.4422695e+00  37426927  1.2706451e+02  1.2714169e+02  1.1827270e+01
1.5275481e+00  44525830  1.2302178e+02  1.2308168e+02  1.0249012e+01
