# Power spectrum from CO𝘕CEPT job 4701186 at t = 3.6249528 Gyr, a = 0.35714286
#
# Components:
#   0: matter  (upstream grid size 1024)
#
#                           grid size 1024
# ╭────────────────────────────────────────────────────────────────╮
#                         component 0    (corrected)      (linear)
#                        σ₈ = 3.32e-01  σ₈ = 3.32e-01  σ₈ = 3.27e-01
#  k [Mpc⁻¹]    modes       P [Mpc³]       P [Mpc³]       P [Mpc³]
3.0679616e-03         3  9.0049847e+03  9.0049847e+03  9.0064499e+03
5.8212951e-03        25  1.3116191e+04  1.3181833e+04  1.3177959e+04
1.0440195e-02       124  1.5156435e+04  1.5330445e+04  1.5400273e+04
1.6729547e-02       418  1.3640529e+04  1.3765175e+04  1.3749364e+04
2.3240110e-02       730  1.0462784e+04  1.0464844e+04  1.0543847e+04
2.9075630e-02      1012  8.2435117e+03  8.2235390e+03  8.2195707e+03
3.4544381e-02      1408  6.8677175e+03  6.8517337e+03  6.8358320e+03
3.9898901e-02      1841  5.9738529e+03  5.9691201e+03  6.0116101e+03
4.5580519e-02      2698  5.3431552e+03  5.3480910e+03  5.3680619e+03
5.1612543e-02      3532  4.6239790e+03  4.6312518e+03  4.6711015e+03
5.7899473e-02      4702  3.8452263e+03  3.8459564e+03  3.8784707e+03
6.4462744e-02      6019  3.1444523e+03  3.1369837e+03  3.1345160e+03
7.1309305e-02      7766  2.6220251e+03  2.6120143e+03  2.6110683e+03
7.8556104e-02     10012  2.3465319e+03  2.3412989e+03  2.3386057e+03
8.6194331e-02     12589  2.2001322e+03  2.2029856e+03  2.1962077e+03
9.4153926e-02     15650  1.9952409e+03  2.0007997e+03  2.0005237e+03
1.0254095e-01     19757  1.6885377e+03  1.6889840e+03  1.6865840e+03
1.1136076e-01     24241  1.3916729e+03  1.3867566e+03  1.3652058e+03
1.2060245e-01     29993  1.1804138e+03  1.1764562e+03  1.1498969e+03
1.3029316e-01     36494  1.0429920e+03  1.0435328e+03  1.0206404e+03
1.4046583e-01     44825  9.2203639e+02  9.2325404e+02  8.9398386e+02
1.5111985e-01     53906  7.9736683e+02  7.9543841e+02  7.6122268e+02
1.6229170e-01     65729  7.0649028e+02  7.0451592e+02  6.7560437e+02
1.7401323e-01     78746  6.5180337e+02  6.5305294e+02  6.3155830e+02
1.8625264e-01     94374  5.8344535e+02  5.8453856e+02  5.6462970e+02
1.9902230e-01    112166  4.9679294e+02  4.9578811e+02  4.6865723e+02
2.1238854e-01    134373  4.2789816e+02  4.2666301e+02  3.9140127e+02
2.2637810e-01    159077  3.8066813e+02  3.8027185e+02  3.4283789e+02
2.4096993e-01    188172  3.4268618e+02  3.4251885e+02  3.1220979e+02
2.5621802e-01    222492  3.1326436e+02  3.1356521e+02  2.8892891e+02
2.7214102e-01    261771  2.8024153e+02  2.8052702e+02  2.5784752e+02
2.8873063e-01    306759  2.4490303e+02  2.4435074e+02  2.1479252e+02
3.0605468e-01    360898  2.1626423e+02  2.1549819e+02  1.8134221e+02
3.2421519e-01    425046  1.9683261e+02  1.9693336e+02  1.6732100e+02
3.4337900e-01    505555  1.7820467e+02  1.7866030e+02  1.5689421e+02
3.6368055e-01    600292  1.5900263e+02  1.5879443e+02  1.3501895e+02
3.8517334e-01    712930  1.4138569e+02  1.4069919e+02  1.1136957e+02
4.0793004e-01    846715  1.2723522e+02  1.2734261e+02  1.0157783e+02
4.3202621e-01   1005596  1.1490324e+02  1.1528744e+02  9.4991917e+01
4.5754560e-01   1194719  1.0242784e+02  1.0187552e+02  7.8686664e+01
4.8457948e-01   1419743  9.1658266e+01  9.1544288e+01  6.7840549e+01
5.1321525e-01   1686576  8.2456003e+01  8.2813575e+01  6.3967524e+01
5.4354215e-01   2003484  7.3830472e+01  7.3287062e+01  5.3135629e+01
5.7565178e-01   2378778  6.6256470e+01  6.6432949e+01  4.6811337e+01
6.0966698e-01   2828400  5.9426859e+01  5.9408684e+01  4.2739580e+01
6.4568974e-01   3356890  5.3357153e+01  5.3176589e+01  3.5335397e+01
6.8383752e-01   3990317  4.8147790e+01  4.8358540e+01  3.2708892e+01
7.2424344e-01   4738457  4.3623839e+01  4.3386625e+01  2.7209328e+01
7.6703215e-01   5629661  3.9993869e+01  4.0149481e+01  2.4862744e+01
8.1235262e-01   6687903  3.7257101e+01  3.7101841e+01  2.0847478e+01
8.6035444e-01   7945758  3.5584425e+01  3.5611682e+01  1.8863526e+01
9.1118812e-01   9436555  3.5173611e+01  3.5259234e+01  1.6044389e+01
9.6501980e-01  11210320  3.6171918e+01  3.6001412e+01  1.4151664e+01
1.0220366e+00  13318613  3.8827652e+01  3.8908485e+01  1.2432361e+01
1.0824208e+00  15819192  4.3341018e+01  4.3360452e+01  1.0659378e+01
1.1463741e+00  18795348  4.9665800e+01  4.9482475e+01  9.2906471e+00
1.2141088e+00  22326034  5.6976089e+01  5.6849109e+01  8.1604617e+00
1.2858419e+00  26520842  6.4100214e+01  6.4033251e+01  7.1015021e+00
1.3618105e+00  31503438  6.9488914e+01  6.9566379e+01  6.1460566e+00
1.4422695e+00  37426927  7.2231549e+01  7.2275425e+01  5.3416876e+00
1.5275481e+00  44525830  7.2957809e+01  7.2993334e+01  4.6288817e+00
