# Power spectrum from CO𝘕CEPT job 4701186 at t = 4.0358434 Gyr, a = 0.38461538
#
# Components:
#   0: matter  (upstream grid size 1024)
#
#                           grid size 1024
# ╭────────────────────────────────────────────────────────────────╮
#                         component 0    (corrected)      (linear)
#                        σ₈ = 3.57e-01  σ₈ = 3.57e-01  σ₈ = 3.50e-01
#  k [Mpc⁻¹]    modes       P [Mpc³]       P [Mpc³]       P [Mpc³]
3.0679616e-03         3  1.0355277e+04  1.0355277e+04  1.0355879e+04
5.8212951e-03        25  1.5082167e+04  1.5157648e+04  1.5151339e+04
1.0440195e-02       124  1.7420478e+04  1.7620481e+04  1.7705134e+04
1.6729547e-02       418  1.5683278e+04  1.5826591e+04  1.5806349e+04
2.3240110e-02       730  1.2021436e+04  1.2023803e+04  1.2120933e+04
2.9075630e-02      1012  9.4770613e+03  9.4540999e+03  9.4488699e+03
3.4544381e-02      1408  7.8967298e+03  7.8783511e+03  7.8581145e+03
3.9898901e-02      1841  6.8642196e+03  6.8587813e+03  6.9105918e+03
4.5580519e-02      2698  6.1413695e+03  6.1470427e+03  6.1707794e+03
5.1612543e-02      3532  5.3131156e+03  5.3214723e+03  5.3695803e+03
5.7899473e-02      4702  4.4190351e+03  4.4198741e+03  4.4584143e+03
6.4462744e-02      6019  3.6177696e+03  3.6091769e+03  3.6032097e+03
7.1309305e-02      7766  3.0178550e+03  3.0063329e+03  3.0014879e+03
7.8556104e-02     10012  2.7014280e+03  2.6954035e+03  2.6882819e+03
8.6194331e-02     12589  2.5329546e+03  2.5362396e+03  2.5245895e+03
9.4153926e-02     15650  2.2969046e+03  2.3033039e+03  2.2996445e+03
1.0254095e-01     19757  1.9455767e+03  1.9460909e+03  1.9387628e+03
1.1136076e-01     24241  1.6071114e+03  1.6014341e+03  1.5693311e+03
1.2060245e-01     29993  1.3651646e+03  1.3605876e+03  1.3218286e+03
1.3029316e-01     36494  1.2068314e+03  1.2074571e+03  1.1732453e+03
1.4046583e-01     44825  1.0681016e+03  1.0695121e+03  1.0276509e+03
1.5111985e-01     53906  9.2582183e+02  9.2358274e+02  8.7503925e+02
1.6229170e-01     65729  8.2090363e+02  8.1860952e+02  7.7661928e+02
1.7401323e-01     78746  7.5697601e+02  7.5842720e+02  7.2598739e+02
1.8625264e-01     94374  6.7821574e+02  6.7948652e+02  6.4905167e+02
1.9902230e-01    112166  5.7955769e+02  5.7838547e+02  5.3872956e+02
2.1238854e-01    134373  5.0121118e+02  4.9976441e+02  4.4992245e+02
2.2637810e-01    159077  4.4698934e+02  4.4652402e+02  3.9409797e+02
2.4096993e-01    188172  4.0268768e+02  4.0249106e+02  3.5889041e+02
2.5621802e-01    222492  3.6822124e+02  3.6857487e+02  3.3212862e+02
2.7214102e-01    261771  3.3001943e+02  3.3035562e+02  2.9640002e+02
2.8873063e-01    306759  2.8990365e+02  2.8924987e+02  2.4690757e+02
3.0605468e-01    360898  2.5713608e+02  2.5622526e+02  2.0845587e+02
3.2421519e-01    425046  2.3436719e+02  2.3448715e+02  1.9233824e+02
3.4337900e-01    505555  2.1229646e+02  2.1283926e+02  1.8035248e+02
3.6368055e-01    600292  1.9022628e+02  1.8997720e+02  1.5520649e+02
3.8517334e-01    712930  1.7013263e+02  1.6930656e+02  1.2802114e+02
4.0793004e-01    846715  1.5347832e+02  1.5360787e+02  1.1676537e+02
4.3202621e-01   1005596  1.3887823e+02  1.3934261e+02  1.0919475e+02
4.5754560e-01   1194719  1.2450183e+02  1.2383048e+02  9.0451598e+01
4.8457948e-01   1419743  1.1193372e+02  1.1179453e+02  7.7983811e+01
5.1321525e-01   1686576  1.0106265e+02  1.0150091e+02  7.3531704e+01
5.4354215e-01   2003484  9.0967080e+01  9.0297540e+01  6.1080264e+01
5.7565178e-01   2378778  8.2065085e+01  8.2283671e+01  5.3810387e+01
6.0966698e-01   2828400  7.4004299e+01  7.3981666e+01  4.9129836e+01
6.4568974e-01   3356890  6.6841048e+01  6.6614853e+01  4.0618607e+01
6.8383752e-01   3990317  6.0693012e+01  6.0958674e+01  3.7599396e+01
7.2424344e-01   4738457  5.5338042e+01  5.5037129e+01  3.1277559e+01
7.6703215e-01   5629661  5.1036661e+01  5.1235239e+01  2.8580123e+01
8.1235262e-01   6687903  4.7779754e+01  4.7580644e+01  2.3964509e+01
8.6035444e-01   7945758  4.5715859e+01  4.5750877e+01  2.1683924e+01
9.1118812e-01   9436555  4.5066387e+01  4.5176092e+01  1.8443281e+01
9.6501980e-01  11210320  4.5950632e+01  4.5734032e+01  1.6267563e+01
1.0220366e+00  13318613  4.8524906e+01  4.8625927e+01  1.4291197e+01
1.0824208e+00  15819192  5.2849801e+01  5.2873499e+01  1.2253124e+01
1.1463741e+00  18795348  5.8633229e+01  5.8416803e+01  1.0679746e+01
1.2141088e+00  22326034  6.4873019e+01  6.4728439e+01  9.3805796e+00
1.2858419e+00  26520842  7.0420467e+01  7.0346902e+01  8.1632885e+00
1.3618105e+00  31503438  7.4231955e+01  7.4314707e+01  7.0649886e+00
1.4422695e+00  37426927  7.5991585e+01  7.6037744e+01  6.1403536e+00
1.5275481e+00  44525830  7.6400449e+01  7.6437650e+01  5.3209718e+00
