# Power spectrum from CO𝘕CEPT job 4701186 at t = 7.2998856 Gyr, a = 0.58823529
#
# Components:
#   0: matter  (upstream grid size 1024)
#
#                           grid size 1024
# ╭────────────────────────────────────────────────────────────────╮
#                         component 0    (corrected)      (linear)
#                        σ₈ = 5.35e-01  σ₈ = 5.35e-01  σ₈ = 5.10e-01
#  k [Mpc⁻¹]    modes       P [Mpc³]       P [Mpc³]       P [Mpc³]
3.0679616e-03         3  2.1964021e+04  2.1964021e+04  2.1951765e+04
5.8212951e-03        25  3.1980698e+04  3.2140751e+04  3.2105382e+04
1.0440195e-02       124  3.6827560e+04  3.7250374e+04  3.7502199e+04
1.6729547e-02       418  3.3222935e+04  3.3526526e+04  3.3470617e+04
2.3240110e-02       730  2.5345688e+04  2.5350678e+04  2.5662381e+04
2.9075630e-02      1012  2.0057490e+04  2.0008894e+04  2.0003355e+04
3.4544381e-02      1408  1.6731457e+04  1.6692517e+04  1.6634813e+04
3.9898901e-02      1841  1.4475985e+04  1.4464516e+04  1.4628466e+04
4.5580519e-02      2698  1.2977336e+04  1.2989325e+04  1.3062049e+04
5.1612543e-02      3532  1.1202763e+04  1.1220383e+04  1.1365856e+04
5.7899473e-02      4702  9.3306007e+03  9.3323722e+03  9.4370211e+03
6.4462744e-02      6019  7.7038074e+03  7.6855096e+03  7.6267291e+03
7.1309305e-02      7766  6.4493600e+03  6.4247366e+03  6.3530293e+03
7.8556104e-02     10012  5.7837313e+03  5.7708330e+03  5.6900413e+03
8.6194331e-02     12589  5.4184993e+03  5.4255266e+03  5.3435320e+03
9.4153926e-02     15650  4.9089365e+03  4.9226131e+03  4.8673876e+03
1.0254095e-01     19757  4.1904510e+03  4.1915585e+03  4.1035328e+03
1.1136076e-01     24241  3.5227767e+03  3.5103320e+03  3.3215909e+03
1.2060245e-01     29993  3.0264695e+03  3.0163226e+03  2.7977271e+03
1.3029316e-01     36494  2.6876197e+03  2.6890132e+03  2.4832354e+03
1.4046583e-01     44825  2.3938828e+03  2.3970442e+03  2.1750723e+03
1.5111985e-01     53906  2.1128062e+03  2.1076964e+03  1.8520589e+03
1.6229170e-01     65729  1.8850345e+03  1.8797666e+03  1.6437461e+03
1.7401323e-01     78746  1.7335976e+03  1.7369211e+03  1.5365796e+03
1.8625264e-01     94374  1.5642170e+03  1.5671479e+03  1.3737406e+03
1.9902230e-01    112166  1.3705232e+03  1.3677512e+03  1.1402389e+03
2.1238854e-01    134373  1.2147129e+03  1.2112066e+03  9.5227484e+02
2.2637810e-01    159077  1.1019669e+03  1.1008197e+03  8.3411999e+02
2.4096993e-01    188172  1.0007256e+03  1.0002370e+03  7.5960165e+02
2.5621802e-01    222492  9.1878461e+02  9.1966699e+02  7.0295917e+02
2.7214102e-01    261771  8.3698722e+02  8.3783987e+02  6.2733831e+02
2.8873063e-01    306759  7.5609681e+02  7.5439169e+02  5.2258603e+02
3.0605468e-01    360898  6.8793234e+02  6.8549558e+02  4.4120188e+02
3.2421519e-01    425046  6.3370432e+02  6.3402867e+02  4.0708839e+02
3.4337900e-01    505555  5.8104216e+02  5.8252774e+02  3.8172012e+02
3.6368055e-01    600292  5.3276499e+02  5.3206740e+02  3.2849799e+02
3.8517334e-01    712930  4.8991373e+02  4.8753497e+02  2.7095952e+02
4.0793004e-01    846715  4.5072363e+02  4.5110407e+02  2.4713639e+02
4.3202621e-01   1005596  4.1502486e+02  4.1641259e+02  2.3111296e+02
4.5754560e-01   1194719  3.8221838e+02  3.8015734e+02  1.9144265e+02
4.8457948e-01   1419743  3.5237763e+02  3.5193945e+02  1.6505430e+02
5.1321525e-01   1686576  3.2554387e+02  3.2695560e+02  1.5563130e+02
5.4354215e-01   2003484  3.0114247e+02  2.9892599e+02  1.2927756e+02
5.7565178e-01   2378778  2.7883234e+02  2.7957502e+02  1.1389071e+02
6.0966698e-01   2828400  2.5900910e+02  2.5892988e+02  1.0398422e+02
6.4568974e-01   3356890  2.4092697e+02  2.4011166e+02  8.5970036e+01
6.8383752e-01   3990317  2.2493339e+02  2.2591795e+02  7.9579811e+01
7.2424344e-01   4738457  2.1094630e+02  2.0979923e+02  6.6199519e+01
7.6703215e-01   5629661  1.9904760e+02  1.9982207e+02  6.0490341e+01
8.1235262e-01   6687903  1.8908498e+02  1.8829702e+02  5.0721306e+01
8.6035444e-01   7945758  1.8111213e+02  1.8125086e+02  4.5894402e+01
9.1118812e-01   9436555  1.7501603e+02  1.7544207e+02  3.9035520e+01
9.6501980e-01  11210320  1.7026049e+02  1.6945792e+02  3.4430571e+01
1.0220366e+00  13318613  1.6650913e+02  1.6685578e+02  3.0247556e+01
1.0824208e+00  15819192  1.6308930e+02  1.6316243e+02  2.5933938e+01
1.1463741e+00  18795348  1.5967625e+02  1.5908686e+02  2.2603853e+01
1.2141088e+00  22326034  1.5574355e+02  1.5539645e+02  1.9854144e+01
1.2858419e+00  26520842  1.5126043e+02  1.5110241e+02  1.7277726e+01
1.3618105e+00  31503438  1.4633972e+02  1.4650285e+02  1.4953154e+01
1.4422695e+00  37426927  1.4122780e+02  1.4131359e+02  1.2996148e+01
1.5275481e+00  44525830  1.3592002e+02  1.3598620e+02  1.1261912e+01
