# Power spectrum from CO𝘕CEPT job 4701186 at t = 11.277962 Gyr, a = 0.83333333
#
# Components:
#   0: matter  (upstream grid size 1024)
#
#                           grid size 1024
# ╭────────────────────────────────────────────────────────────────╮
#                         component 0    (corrected)      (linear)
#                        σ₈ = 7.11e-01  σ₈ = 7.11e-01  σ₈ = 6.57e-01
#  k [Mpc⁻¹]    modes       P [Mpc³]       P [Mpc³]       P [Mpc³]
3.0679616e-03         3  3.6492513e+04  3.6492513e+04  3.6486649e+04
5.8212951e-03        25  5.3122333e+04  5.3388193e+04  5.3351380e+04
1.0440195e-02       124  6.0998579e+04  6.1698899e+04  6.2303586e+04
1.6729547e-02       418  5.5116498e+04  5.5620152e+04  5.5594097e+04
2.3240110e-02       730  4.1858939e+04  4.1867181e+04  4.2619415e+04
2.9075630e-02      1012  3.3235657e+04  3.3155132e+04  3.3218750e+04
3.4544381e-02      1408  2.7751350e+04  2.7686762e+04  2.7623535e+04
3.9898901e-02      1841  2.3907584e+04  2.3888643e+04  2.4291075e+04
4.5580519e-02      2698  2.1470426e+04  2.1490260e+04  2.1689466e+04
5.1612543e-02      3532  1.8495126e+04  1.8524216e+04  1.8872591e+04
5.7899473e-02      4702  1.5429768e+04  1.5432697e+04  1.5669600e+04
6.4462744e-02      6019  1.2851211e+04  1.2820687e+04  1.2663573e+04
7.1309305e-02      7766  1.0809263e+04  1.0767994e+04  1.0548598e+04
7.8556104e-02     10012  9.7130665e+03  9.6914054e+03  9.4476984e+03
8.6194331e-02     12589  9.0802963e+03  9.0920728e+03  8.8723020e+03
9.4153926e-02     15650  8.2119345e+03  8.2348134e+03  8.0816795e+03
1.0254095e-01     19757  7.0742184e+03  7.0760880e+03  6.8133667e+03
1.1136076e-01     24241  6.0576750e+03  6.0362753e+03  5.5150375e+03
1.2060245e-01     29993  5.2639576e+03  5.2463091e+03  4.6452212e+03
1.3029316e-01     36494  4.7008022e+03  4.7032395e+03  4.1230430e+03
1.4046583e-01     44825  4.2046545e+03  4.2102072e+03  3.6113765e+03
1.5111985e-01     53906  3.7761969e+03  3.7670642e+03  3.0750564e+03
1.6229170e-01     65729  3.3933392e+03  3.3838562e+03  2.7291811e+03
1.7401323e-01     78746  3.1208641e+03  3.1268471e+03  2.5512447e+03
1.8625264e-01     94374  2.8339540e+03  2.8392640e+03  2.2808742e+03
1.9902230e-01    112166  2.5398099e+03  2.5346729e+03  1.8931805e+03
2.1238854e-01    134373  2.2881115e+03  2.2815067e+03  1.5810956e+03
2.2637810e-01    159077  2.1045831e+03  2.1023922e+03  1.3849179e+03
2.4096993e-01    188172  1.9314860e+03  1.9305429e+03  1.2611918e+03
2.5621802e-01    222492  1.7832515e+03  1.7849641e+03  1.1671458e+03
2.7214102e-01    261771  1.6496926e+03  1.6513732e+03  1.0415895e+03
2.8873063e-01    306759  1.5177382e+03  1.5143154e+03  8.6766567e+02
3.0605468e-01    360898  1.4068470e+03  1.4018637e+03  7.3254079e+02
3.2421519e-01    425046  1.3056083e+03  1.3062765e+03  6.7590092e+02
3.4337900e-01    505555  1.2153680e+03  1.2184754e+03  6.3378105e+02
3.6368055e-01    600292  1.1316272e+03  1.1301454e+03  5.4541464e+02
3.8517334e-01    712930  1.0553426e+03  1.0502184e+03  4.4988177e+02
4.0793004e-01    846715  9.8726012e+02  9.8809344e+02  4.1032746e+02
4.3202621e-01   1005596  9.2111110e+02  9.2419105e+02  3.8372325e+02
4.5754560e-01   1194719  8.6217104e+02  8.5752196e+02  3.1785748e+02
4.8457948e-01   1419743  8.0639755e+02  8.0539480e+02  2.7404413e+02
5.1321525e-01   1686576  7.5734382e+02  7.6062806e+02  2.5839883e+02
5.4354215e-01   2003484  7.0863344e+02  7.0341773e+02  2.1464299e+02
5.7565178e-01   2378778  6.6690818e+02  6.6868453e+02  1.8909577e+02
6.0966698e-01   2828400  6.2684126e+02  6.2664954e+02  1.7264774e+02
6.4568974e-01   3356890  5.9066015e+02  5.8866132e+02  1.4273830e+02
6.8383752e-01   3990317  5.5725013e+02  5.5968930e+02  1.3212843e+02
7.2424344e-01   4738457  5.2681321e+02  5.2394855e+02  1.0991277e+02
7.6703215e-01   5629661  4.9880119e+02  5.0074198e+02  1.0043367e+02
8.1235262e-01   6687903  4.7352419e+02  4.7155090e+02  8.4213881e+01
8.6035444e-01   7945758  4.5007416e+02  4.5041891e+02  7.6199642e+01
9.1118812e-01   9436555  4.2836755e+02  4.2941033e+02  6.4811660e+01
9.6501980e-01  11210320  4.0726375e+02  4.0534400e+02  5.7165944e+01
1.0220366e+00  13318613  3.8691930e+02  3.8772481e+02  5.0220773e+01
1.0824208e+00  15819192  3.6677695e+02  3.6694141e+02  4.3058762e+01
1.1463741e+00  18795348  3.4727360e+02  3.4599175e+02  3.7529737e+01
1.2141088e+00  22326034  3.2797665e+02  3.2724570e+02  3.2964323e+01
1.2858419e+00  26520842  3.0903424e+02  3.0871140e+02  2.8686629e+01
1.3618105e+00  31503438  2.9060355e+02  2.9092750e+02  2.4827084e+01
1.4422695e+00  37426927  2.7264468e+02  2.7281029e+02  2.1577816e+01
1.5275481e+00  44525830  2.5531689e+02  2.5544122e+02  1.8698420e+01
