# Power spectrum from CO𝘕CEPT job 4701186 at t = 2.4071778 Gyr, a = 0.27027027
#
# Components:
#   0: matter  (upstream grid size 1024)
#
#                           grid size 1024
# ╭────────────────────────────────────────────────────────────────╮
#                         component 0    (corrected)      (linear)
#                        σ₈ = 2.51e-01  σ₈ = 2.51e-01  σ₈ = 2.50e-01
#  k [Mpc⁻¹]    modes       P [Mpc³]       P [Mpc³]       P [Mpc³]
3.0679616e-03         3  5.2641190e+03  5.2641190e+03  5.2647134e+03
5.8212951e-03        25  7.6690336e+03  7.7074147e+03  7.7053031e+03
1.0440195e-02       124  8.8749074e+03  8.9767995e+03  9.0073075e+03
1.6729547e-02       418  7.9784467e+03  8.0513536e+03  8.0431910e+03
2.3240110e-02       730  6.1332418e+03  6.1344494e+03  6.1686113e+03
2.9075630e-02      1012  4.8231012e+03  4.8114156e+03  4.8090482e+03
3.4544381e-02      1408  4.0159584e+03  4.0066117e+03  3.9995791e+03
3.9898901e-02      1841  3.5010601e+03  3.4982863e+03  3.5174048e+03
4.5580519e-02      2698  3.1283756e+03  3.1312655e+03  3.1409103e+03
5.1612543e-02      3532  2.7099970e+03  2.7142594e+03  2.7331424e+03
5.7899473e-02      4702  2.2525902e+03  2.2530179e+03  2.2693800e+03
6.4462744e-02      6019  1.8358701e+03  1.8315096e+03  1.8340878e+03
7.1309305e-02      7766  1.5294208e+03  1.5235815e+03  1.5278128e+03
7.8556104e-02     10012  1.3677488e+03  1.3646986e+03  1.3683926e+03
8.6194331e-02     12589  1.2819920e+03  1.2836546e+03  1.2850753e+03
9.4153926e-02     15650  1.1628219e+03  1.1660615e+03  1.1705772e+03
1.0254095e-01     19757  9.8176420e+02  9.8202366e+02  9.8688219e+02
1.1136076e-01     24241  8.0399039e+02  8.0115018e+02  7.9883350e+02
1.2060245e-01     29993  6.7905734e+02  6.7678066e+02  6.7284916e+02
1.3029316e-01     36494  5.9926398e+02  5.9957469e+02  5.9721692e+02
1.4046583e-01     44825  5.2770630e+02  5.2840319e+02  5.2310576e+02
1.5111985e-01     53906  4.5339782e+02  4.5230129e+02  4.4542229e+02
1.6229170e-01     65729  4.0096127e+02  3.9984074e+02  3.9532385e+02
1.7401323e-01     78746  3.7053986e+02  3.7125022e+02  3.6955092e+02
1.8625264e-01     94374  3.3081342e+02  3.3143327e+02  3.3038840e+02
1.9902230e-01    112166  2.7864905e+02  2.7808545e+02  2.7423104e+02
2.1238854e-01    134373  2.3692265e+02  2.3623876e+02  2.2902543e+02
2.2637810e-01    159077  2.0919106e+02  2.0897329e+02  2.0060901e+02
2.4096993e-01    188172  1.8806071e+02  1.8796888e+02  1.8268727e+02
2.5621802e-01    222492  1.7189357e+02  1.7205865e+02  1.6906468e+02
2.7214102e-01    261771  1.5302853e+02  1.5318442e+02  1.5087766e+02
2.8873063e-01    306759  1.3136105e+02  1.3106481e+02  1.2568436e+02
3.0605468e-01    360898  1.1423460e+02  1.1382996e+02  1.0611116e+02
3.2421519e-01    425046  1.0363877e+02  1.0369181e+02  9.7906756e+01
3.4337900e-01    505555  9.3983253e+01  9.4223546e+01  9.1805609e+01
3.6368055e-01    600292  8.2624911e+01  8.2516723e+01  7.9005453e+01
3.8517334e-01    712930  7.1868561e+01  7.1519607e+01  6.5167183e+01
4.0793004e-01    846715  6.4272703e+01  6.4326954e+01  5.9437616e+01
4.3202621e-01   1005596  5.7861532e+01  5.8055006e+01  5.5583917e+01
4.5754560e-01   1194719  5.0466094e+01  5.0193966e+01  4.6043006e+01
4.8457948e-01   1419743  4.4424882e+01  4.4369640e+01  3.9696473e+01
5.1321525e-01   1686576  3.9611097e+01  3.9782871e+01  3.7430200e+01
5.4354215e-01   2003484  3.4773886e+01  3.4517941e+01  3.1091986e+01
5.7565178e-01   2378778  3.0610865e+01  3.0692399e+01  2.7391368e+01
6.0966698e-01   2828400  2.7013221e+01  2.7004959e+01  2.5008806e+01
6.4568974e-01   3356890  2.3708508e+01  2.3628277e+01  2.0676294e+01
6.8383752e-01   3990317  2.0924200e+01  2.1015788e+01  1.9139412e+01
7.2424344e-01   4738457  1.8489159e+01  1.8388620e+01  1.5921376e+01
7.6703215e-01   5629661  1.6539109e+01  1.6603461e+01  1.4548288e+01
8.1235262e-01   6687903  1.5073642e+01  1.5010826e+01  1.2198779e+01
8.6035444e-01   7945758  1.4269067e+01  1.4279997e+01  1.1037882e+01
9.1118812e-01   9436555  1.4239054e+01  1.4273716e+01  9.3882814e+00
9.6501980e-01  11210320  1.5106724e+01  1.5035514e+01  8.2807651e+00
1.0220366e+00  13318613  1.7194611e+01  1.7230407e+01  7.2747258e+00
1.0824208e+00  15819192  2.0936351e+01  2.0945739e+01  6.2372754e+00
1.1463741e+00  18795348  2.6949914e+01  2.6850437e+01  5.4363706e+00
1.2141088e+00  22326034  3.5640593e+01  3.5561163e+01  4.7750495e+00
1.2858419e+00  26520842  4.7167179e+01  4.7117905e+01  4.1554056e+00
1.3618105e+00  31503438  5.9934133e+01  6.0000947e+01  3.5963323e+00
1.4422695e+00  37426927  6.9743305e+01  6.9785669e+01  3.1256606e+00
1.5275481e+00  44525830  7.2767302e+01  7.2802734e+01  2.7085664e+00
