# Power spectrum from CO𝘕CEPT job 4701186 at t = 4.8106637 Gyr, a = 0.43478261
#
# Components:
#   0: matter  (upstream grid size 1024)
#
#                           grid size 1024
# ╭────────────────────────────────────────────────────────────────╮
#                         component 0    (corrected)      (linear)
#                        σ₈ = 4.03e-01  σ₈ = 4.03e-01  σ₈ = 3.92e-01
#  k [Mpc⁻¹]    modes       P [Mpc³]       P [Mpc³]       P [Mpc³]
3.0679616e-03         3  1.2994444e+04  1.2994444e+04  1.2990381e+04
5.8212951e-03        25  1.8924434e+04  1.9019145e+04  1.9003664e+04
1.0440195e-02       124  2.1841158e+04  2.2091914e+04  2.2204138e+04
1.6729547e-02       418  1.9674332e+04  1.9854116e+04  1.9821194e+04
2.3240110e-02       730  1.5062152e+04  1.5065118e+04  1.5198964e+04
2.9075630e-02      1012  1.1886388e+04  1.1857589e+04  1.1848057e+04
3.4544381e-02      1408  9.9072625e+03  9.8842044e+03  9.8532419e+03
3.9898901e-02      1841  8.6013164e+03  8.5945019e+03  8.6650611e+03
4.5580519e-02      2698  7.6996525e+03  7.7067652e+03  7.7373648e+03
5.1612543e-02      3532  6.6575317e+03  6.6680029e+03  6.7327241e+03
5.7899473e-02      4702  5.5390148e+03  5.5400664e+03  5.5902204e+03
6.4462744e-02      6019  4.5442192e+03  4.5334259e+03  4.5178989e+03
7.1309305e-02      7766  3.7936320e+03  3.7791480e+03  3.7634171e+03
7.8556104e-02     10012  3.3973998e+03  3.3898233e+03  3.3706961e+03
8.6194331e-02     12589  3.1853710e+03  3.1895022e+03  3.1654450e+03
9.4153926e-02     15650  2.8880548e+03  2.8961010e+03  2.8833945e+03
1.0254095e-01     19757  2.4506573e+03  2.4513050e+03  2.4309023e+03
1.1136076e-01     24241  2.0329463e+03  2.0257646e+03  1.9676913e+03
1.2060245e-01     29993  1.7317097e+03  1.7259038e+03  1.6573613e+03
1.3029316e-01     36494  1.5324023e+03  1.5331968e+03  1.4710606e+03
1.4046583e-01     44825  1.3588688e+03  1.3606633e+03  1.2885079e+03
1.5111985e-01     53906  1.1830635e+03  1.1802022e+03  1.0971570e+03
1.6229170e-01     65729  1.0504995e+03  1.0475637e+03  9.7375398e+02
1.7401323e-01     78746  9.6785464e+02  9.6971010e+02  9.1026952e+02
1.8625264e-01     94374  8.6867169e+02  8.7029932e+02  8.1380445e+02
1.9902230e-01    112166  7.4716141e+02  7.4565018e+02  6.7547843e+02
2.1238854e-01    134373  6.5073864e+02  6.4886025e+02  5.6412876e+02
2.2637810e-01    159077  5.8295003e+02  5.8234317e+02  4.9413395e+02
2.4096993e-01    188172  5.2602804e+02  5.2577119e+02  4.4998939e+02
2.5621802e-01    222492  4.8136816e+02  4.8183045e+02  4.1643446e+02
2.7214102e-01    261771  4.3303971e+02  4.3348085e+02  3.7163664e+02
2.8873063e-01    306759  3.8368283e+02  3.8281756e+02  3.0958125e+02
3.0605468e-01    360898  3.4285117e+02  3.4163673e+02  2.6136916e+02
3.2421519e-01    425046  3.1337321e+02  3.1353361e+02  2.4116030e+02
3.4337900e-01    505555  2.8441544e+02  2.8514263e+02  2.2613211e+02
3.6368055e-01    600292  2.5664058e+02  2.5630453e+02  1.9460320e+02
3.8517334e-01    712930  2.3163198e+02  2.3050730e+02  1.6051727e+02
4.0793004e-01    846715  2.0994867e+02  2.1012588e+02  1.4640439e+02
4.3202621e-01   1005596  1.9078630e+02  1.9142424e+02  1.3691209e+02
4.5754560e-01   1194719  1.7254535e+02  1.7161494e+02  1.1341128e+02
4.8457948e-01   1419743  1.5632724e+02  1.5613285e+02  9.7778740e+01
5.1321525e-01   1686576  1.4209003e+02  1.4270621e+02  9.2196534e+01
5.4354215e-01   2003484  1.2900960e+02  1.2806006e+02  7.6584495e+01
5.7565178e-01   2378778  1.1734044e+02  1.1765299e+02  6.7469275e+01
6.0966698e-01   2828400  1.0681176e+02  1.0677909e+02  6.1600640e+01
6.4568974e-01   3356890  9.7399430e+01  9.7069824e+01  5.0928974e+01
6.8383752e-01   3990317  8.9295423e+01  8.9686282e+01  4.7143384e+01
7.2424344e-01   4738457  8.2220140e+01  8.1773050e+01  3.9216851e+01
7.6703215e-01   5629661  7.6493370e+01  7.6790998e+01  3.5834715e+01
8.1235262e-01   6687903  7.2098530e+01  7.1798078e+01  3.0047503e+01
8.6035444e-01   7945758  6.9132060e+01  6.9185014e+01  2.7188028e+01
9.1118812e-01   9436555  6.7803210e+01  6.7968263e+01  2.3124800e+01
9.6501980e-01  11210320  6.8165290e+01  6.7843975e+01  2.0396812e+01
1.0220366e+00  13318613  7.0126320e+01  7.0272313e+01  1.7918778e+01
1.0824208e+00  15819192  7.3499742e+01  7.3532699e+01  1.5363374e+01
1.1463741e+00  18795348  7.7671171e+01  7.7384473e+01  1.3390619e+01
1.2141088e+00  22326034  8.1635310e+01  8.1453373e+01  1.1761681e+01
1.2858419e+00  26520842  8.4530184e+01  8.4441879e+01  1.0235401e+01
1.3618105e+00  31503438  8.6049080e+01  8.6145005e+01  8.8583155e+00
1.4422695e+00  37426927  8.6330300e+01  8.6382740e+01  7.6989772e+00
1.5275481e+00  44525830  8.5933949e+01  8.5975793e+01  6.6716088e+00
