# Power spectrum from CO𝘕CEPT job 4701186 at t = 3.1242836 Gyr, a = 0.32258065
#
# Components:
#   0: matter  (upstream grid size 1024)
#
#                           grid size 1024
# ╭────────────────────────────────────────────────────────────────╮
#                         component 0    (corrected)      (linear)
#                        σ₈ = 3.00e-01  σ₈ = 3.00e-01  σ₈ = 2.97e-01
#  k [Mpc⁻¹]    modes       P [Mpc³]       P [Mpc³]       P [Mpc³]
3.0679616e-03         3  7.4150310e+03  7.4150310e+03  7.4164802e+03
5.8212951e-03        25  1.0801141e+04  1.0855198e+04  1.0852637e+04
1.0440195e-02       124  1.2488397e+04  1.2631775e+04  1.2684124e+04
1.6729547e-02       418  1.1234528e+04  1.1337189e+04  1.1325156e+04
2.3240110e-02       730  8.6247814e+03  8.6264795e+03  8.6851380e+03
2.9075630e-02      1012  6.7902917e+03  6.7738399e+03  6.7707226e+03
3.4544381e-02      1408  5.6558096e+03  5.6426463e+03  5.6309572e+03
3.9898901e-02      1841  4.9239971e+03  4.9200960e+03  4.9520495e+03
4.5580519e-02      2698  4.4024420e+03  4.4065089e+03  4.4219536e+03
5.1612543e-02      3532  3.8113764e+03  3.8173711e+03  3.8478478e+03
5.7899473e-02      4702  3.1688659e+03  3.1694675e+03  3.1949241e+03
6.4462744e-02      6019  2.5877721e+03  2.5816257e+03  2.5820917e+03
7.1309305e-02      7766  2.1569147e+03  2.1486796e+03  2.1509004e+03
7.8556104e-02     10012  1.9297178e+03  1.9254144e+03  1.9264590e+03
8.6194331e-02     12589  1.8091655e+03  1.8115119e+03  1.8091591e+03
9.4153926e-02     15650  1.6408110e+03  1.6453824e+03  1.6479632e+03
1.0254095e-01     19757  1.3871550e+03  1.3875216e+03  1.3893516e+03
1.1136076e-01     24241  1.1402089e+03  1.1361810e+03  1.1246118e+03
1.2060245e-01     29993  9.6540087e+02  9.6216416e+02  9.4724793e+02
1.3029316e-01     36494  8.5253685e+02  8.5297888e+02  8.4077101e+02
1.4046583e-01     44825  7.5252473e+02  7.5351852e+02  7.3643571e+02
1.5111985e-01     53906  6.4898387e+02  6.4741431e+02  6.2707146e+02
1.6229170e-01     65729  5.7453479e+02  5.7292919e+02  5.5654195e+02
1.7401323e-01     78746  5.3041120e+02  5.3142805e+02  5.2025829e+02
1.8625264e-01     94374  4.7425830e+02  4.7514692e+02  4.6512467e+02
1.9902230e-01    112166  4.0203358e+02  4.0122042e+02  3.8606556e+02
2.1238854e-01    134373  3.4449025e+02  3.4349586e+02  3.2242450e+02
2.2637810e-01    159077  3.0552783e+02  3.0520978e+02  2.8241951e+02
2.4096993e-01    188172  2.7483983e+02  2.7470563e+02  2.5718903e+02
2.5621802e-01    222492  2.5119123e+02  2.5143247e+02  2.3801097e+02
2.7214102e-01    261771  2.2423394e+02  2.2446237e+02  2.1240707e+02
2.8873063e-01    306759  1.9460581e+02  1.9416694e+02  1.7693967e+02
3.0605468e-01    360898  1.7083969e+02  1.7023455e+02  1.4938431e+02
3.2421519e-01    425046  1.5524580e+02  1.5532526e+02  1.3783406e+02
3.4337900e-01    505555  1.4055682e+02  1.4091619e+02  1.2924479e+02
3.6368055e-01    600292  1.2470011e+02  1.2453683e+02  1.1122461e+02
3.8517334e-01    712930  1.0998596e+02  1.0945193e+02  9.1742954e+01
4.0793004e-01    846715  9.8700622e+01  9.8783932e+01  8.3676812e+01
4.3202621e-01   1005596  8.8962896e+01  8.9260365e+01  7.8251535e+01
4.5754560e-01   1194719  7.8672062e+01  7.8247839e+01  6.4819752e+01
4.8457948e-01   1419743  6.9959348e+01  6.9872353e+01  5.5885044e+01
5.1321525e-01   1686576  6.2670734e+01  6.2942507e+01  5.2694562e+01
5.4354215e-01   2003484  5.5711132e+01  5.5301084e+01  4.3771567e+01
5.7565178e-01   2378778  4.9631837e+01  4.9764035e+01  3.8561802e+01
6.0966698e-01   2828400  4.4214205e+01  4.4200683e+01  3.5207610e+01
6.4568974e-01   3356890  3.9372524e+01  3.9239285e+01  2.9108262e+01
6.8383752e-01   3990317  3.5223021e+01  3.5377198e+01  2.6944625e+01
7.2424344e-01   4738457  3.1626410e+01  3.1454435e+01  2.2414246e+01
7.6703215e-01   5629661  2.8743123e+01  2.8854959e+01  2.0481200e+01
8.1235262e-01   6687903  2.6574900e+01  2.6464156e+01  1.7173542e+01
8.6035444e-01   7945758  2.5306906e+01  2.5326291e+01  1.5539220e+01
9.1118812e-01   9436555  2.5102424e+01  2.5163530e+01  1.3216898e+01
9.6501980e-01  11210320  2.6116038e+01  2.5992934e+01  1.1657727e+01
1.0220366e+00  13318613  2.8664472e+01  2.8724147e+01  1.0241416e+01
1.0824208e+00  15819192  3.3091124e+01  3.3105962e+01  8.7808851e+00
1.1463741e+00  18795348  3.9668883e+01  3.9522458e+01  7.6533645e+00
1.2141088e+00  22326034  4.7986700e+01  4.7879754e+01  6.7223510e+00
1.2858419e+00  26520842  5.7107927e+01  5.7048268e+01  5.8500111e+00
1.3618105e+00  31503438  6.5001901e+01  6.5074363e+01  5.0629431e+00
1.4422695e+00  37426927  6.9541346e+01  6.9583587e+01  4.4003276e+00
1.5275481e+00  44525830  7.0689751e+01  7.0724172e+01  3.8131389e+00
