# Power spectrum from CO𝘕CEPT job 4701186 at t = 3.2779515 Gyr, a = 0.33333333
#
# Components:
#   0: matter  (upstream grid size 1024)
#
#                           grid size 1024
# ╭────────────────────────────────────────────────────────────────╮
#                         component 0    (corrected)      (linear)
#                        σ₈ = 3.10e-01  σ₈ = 3.10e-01  σ₈ = 3.06e-01
#  k [Mpc⁻¹]    modes       P [Mpc³]       P [Mpc³]       P [Mpc³]
3.0679616e-03         3  7.8960215e+03  7.8960215e+03  7.8975703e+03
5.8212951e-03        25  1.1501503e+04  1.1559064e+04  1.1556252e+04
1.0440195e-02       124  1.3295785e+04  1.3448433e+04  1.3506027e+04
1.6729547e-02       418  1.1962466e+04  1.2071779e+04  1.2058738e+04
2.3240110e-02       730  9.1811310e+03  9.1829387e+03  9.2476055e+03
2.9075630e-02      1012  7.2300004e+03  7.2124833e+03  7.2091651e+03
3.4544381e-02      1408  6.0224613e+03  6.0084447e+03  5.9955718e+03
3.9898901e-02      1841  5.2417690e+03  5.2376161e+03  5.2726908e+03
4.5580519e-02      2698  4.6871201e+03  4.6914499e+03  4.7082631e+03
5.1612543e-02      3532  4.0573377e+03  4.0637192e+03  4.0969798e+03
5.7899473e-02      4702  3.3735599e+03  3.3742004e+03  3.4017785e+03
6.4462744e-02      6019  2.7561022e+03  2.7495560e+03  2.7492662e+03
7.1309305e-02      7766  2.2975065e+03  2.2887347e+03  2.2901564e+03
7.8556104e-02     10012  2.0556874e+03  2.0511031e+03  2.0511829e+03
8.6194331e-02     12589  1.9273302e+03  1.9298298e+03  1.9262879e+03
9.4153926e-02     15650  1.7479393e+03  1.7528092e+03  1.7546553e+03
1.0254095e-01     19757  1.4781793e+03  1.4785700e+03  1.4793003e+03
1.1136076e-01     24241  1.2160240e+03  1.2117282e+03  1.1974205e+03
1.2060245e-01     29993  1.0301520e+03  1.0266982e+03  1.0085738e+03
1.3029316e-01     36494  9.0986760e+02  9.1033936e+02  8.9520327e+02
1.4046583e-01     44825  8.0351523e+02  8.0457636e+02  7.8411312e+02
1.5111985e-01     53906  6.9353838e+02  6.9186107e+02  6.6766847e+02
1.6229170e-01     65729  6.1413261e+02  6.1241635e+02  5.9257277e+02
1.7401323e-01     78746  5.6685100e+02  5.6793771e+02  5.5394005e+02
1.8625264e-01     94374  5.0701110e+02  5.0796110e+02  4.9523701e+02
1.9902230e-01    112166  4.3038740e+02  4.2951689e+02  4.1105956e+02
2.1238854e-01    134373  3.6938223e+02  3.6831599e+02  3.4329835e+02
2.2637810e-01    159077  3.2791510e+02  3.2757373e+02  3.0070340e+02
2.4096993e-01    188172  2.9503908e+02  2.9489502e+02  2.7383949e+02
2.5621802e-01    222492  2.6966412e+02  2.6992310e+02  2.5341983e+02
2.7214102e-01    261771  2.4087744e+02  2.4112282e+02  2.2615832e+02
2.8873063e-01    306759  2.0950948e+02  2.0903700e+02  1.8839475e+02
3.0605468e-01    360898  1.8426726e+02  1.8361455e+02  1.5905546e+02
3.2421519e-01    425046  1.6752376e+02  1.6760950e+02  1.4675744e+02
3.4337900e-01    505555  1.5165909e+02  1.5204684e+02  1.3761210e+02
3.6368055e-01    600292  1.3479326e+02  1.3461676e+02  1.1842529e+02
3.8517334e-01    712930  1.1920101e+02  1.1862224e+02  9.7682391e+01
4.0793004e-01    846715  1.0705967e+02  1.0715004e+02  8.9094046e+01
4.3202621e-01   1005596  9.6547311e+01  9.6870140e+01  8.3317535e+01
4.5754560e-01   1194719  8.5600731e+01  8.5139147e+01  6.9016178e+01
4.8457948e-01   1419743  7.6272893e+01  7.6178047e+01  5.9503038e+01
5.1321525e-01   1686576  6.8411849e+01  6.8708519e+01  5.6106003e+01
5.4354215e-01   2003484  6.0956485e+01  6.0507830e+01  4.6605334e+01
5.7565178e-01   2378778  5.4432419e+01  5.4577404e+01  4.1058290e+01
6.0966698e-01   2828400  4.8592554e+01  4.8577693e+01  3.7486947e+01
6.4568974e-01   3356890  4.3386939e+01  4.3240114e+01  3.0992727e+01
6.8383752e-01   3990317  3.8921550e+01  3.9091915e+01  2.8689016e+01
7.2424344e-01   4738457  3.5050497e+01  3.4859902e+01  2.3865341e+01
7.6703215e-01   5629661  3.1946246e+01  3.2070546e+01  2.1807150e+01
8.1235262e-01   6687903  2.9610590e+01  2.9487196e+01  1.8285354e+01
8.6035444e-01   7945758  2.8226209e+01  2.8247830e+01  1.6545227e+01
9.1118812e-01   9436555  2.7967019e+01  2.8035099e+01  1.4072558e+01
9.6501980e-01  11210320  2.8988487e+01  2.8851842e+01  1.2412446e+01
1.0220366e+00  13318613  3.1591829e+01  3.1657598e+01  1.0904444e+01
1.0824208e+00  15819192  3.6081561e+01  3.6097740e+01  9.3493577e+00
1.1463741e+00  18795348  4.2634528e+01  4.2477157e+01  8.1488416e+00
1.2141088e+00  22326034  5.0690848e+01  5.0577876e+01  7.1575544e+00
1.2858419e+00  26520842  5.9200996e+01  5.9139151e+01  6.2287393e+00
1.3618105e+00  31503438  6.6246228e+01  6.6320078e+01  5.3907167e+00
1.4422695e+00  37426927  7.0130649e+01  7.0173248e+01  4.6852035e+00
1.5275481e+00  44525830  7.1127143e+01  7.1161776e+01  4.0600003e+00
