# Power spectrum from CO𝘕CEPT job 4701186 at t = 5.469032 Gyr, a = 0.47619048
#
# Components:
#   0: matter  (upstream grid size 1024)
#
#                           grid size 1024
# ╭────────────────────────────────────────────────────────────────╮
#                         component 0    (corrected)      (linear)
#                        σ₈ = 4.40e-01  σ₈ = 4.40e-01  σ₈ = 4.26e-01
#  k [Mpc⁻¹]    modes       P [Mpc³]       P [Mpc³]       P [Mpc³]
3.0679616e-03         3  1.5311692e+04  1.5311692e+04  1.5302379e+04
5.8212951e-03        25  2.2297770e+04  2.2409363e+04  2.2384121e+04
1.0440195e-02       124  2.5718165e+04  2.6013433e+04  2.6151681e+04
1.6729547e-02       418  2.3176876e+04  2.3388666e+04  2.3343630e+04
2.3240110e-02       730  1.7726111e+04  1.7729601e+04  1.7899349e+04
2.9075630e-02      1012  1.3999957e+04  1.3966038e+04  1.3952830e+04
3.4544381e-02      1408  1.1671674e+04  1.1644509e+04  1.1603508e+04
3.9898901e-02      1841  1.0123223e+04  1.0115202e+04  1.0204186e+04
4.5580519e-02      2698  9.0658382e+03  9.0742130e+03  9.1116540e+03
5.1612543e-02      3532  7.8352702e+03  7.8475939e+03  7.9285353e+03
5.7899473e-02      4702  6.5207217e+03  6.5219598e+03  6.5830860e+03
6.4462744e-02      6019  5.3589831e+03  5.3462546e+03  5.3202973e+03
7.1309305e-02      7766  4.4769869e+03  4.4598938e+03  4.4318066e+03
7.8556104e-02     10012  4.0108870e+03  4.0019424e+03  3.9693306e+03
8.6194331e-02     12589  3.7600956e+03  3.7649721e+03  3.7276216e+03
9.4153926e-02     15650  3.4085593e+03  3.4180557e+03  3.3954755e+03
1.0254095e-01     19757  2.8968557e+03  2.8976213e+03  2.8626195e+03
1.1136076e-01     24241  2.4117642e+03  2.4032443e+03  2.3171425e+03
1.2060245e-01     29993  2.0591971e+03  2.0522932e+03  1.9516982e+03
1.3029316e-01     36494  1.8238462e+03  1.8247918e+03  1.7323108e+03
1.4046583e-01     44825  1.6195960e+03  1.6217349e+03  1.5173373e+03
1.5111985e-01     53906  1.4153346e+03  1.4119116e+03  1.2920034e+03
1.6229170e-01     65729  1.2583198e+03  1.2548033e+03  1.1466846e+03
1.7401323e-01     78746  1.1585937e+03  1.1608148e+03  1.0719255e+03
1.8625264e-01     94374  1.0413960e+03  1.0433473e+03  9.5832884e+02
1.9902230e-01    112166  9.0044751e+02  8.9862624e+02  7.9543718e+02
2.1238854e-01    134373  7.8847707e+02  7.8620110e+02  6.6431271e+02
2.2637810e-01    159077  7.0889551e+02  7.0815754e+02  5.8188740e+02
2.4096993e-01    188172  6.4067341e+02  6.4036058e+02  5.2990312e+02
2.5621802e-01    222492  5.8674219e+02  5.8730568e+02  4.9038910e+02
2.7214102e-01    261771  5.2958619e+02  5.3012569e+02  4.3763558e+02
2.8873063e-01    306759  4.7213870e+02  4.7107395e+02  3.6455975e+02
3.0605468e-01    360898  4.2422453e+02  4.2272186e+02  3.0778565e+02
3.2421519e-01    425046  3.8865626e+02  3.8885519e+02  2.8398788e+02
3.4337900e-01    505555  3.5356714e+02  3.5447113e+02  2.6629083e+02
3.6368055e-01    600292  3.2066034e+02  3.2024047e+02  2.2916270e+02
3.8517334e-01    712930  2.9123038e+02  2.8981632e+02  1.8902345e+02
4.0793004e-01    846715  2.6504202e+02  2.6526573e+02  1.7240427e+02
4.3202621e-01   1005596  2.4175364e+02  2.4256200e+02  1.6122622e+02
4.5754560e-01   1194719  2.1994133e+02  2.1875534e+02  1.3355191e+02
4.8457948e-01   1419743  2.0037324e+02  2.0012408e+02  1.1514320e+02
5.1321525e-01   1686576  1.8305566e+02  1.8384949e+02  1.0856965e+02
5.4354215e-01   2003484  1.6725079e+02  1.6601979e+02  9.0185075e+01
5.7565178e-01   2378778  1.5297514e+02  1.5338260e+02  7.9451089e+01
6.0966698e-01   2828400  1.4021565e+02  1.4017277e+02  7.2540246e+01
6.4568974e-01   3356890  1.2871452e+02  1.2827894e+02  5.9973406e+01
6.8383752e-01   3990317  1.1874493e+02  1.1926469e+02  5.5515535e+01
7.2424344e-01   4738457  1.1006964e+02  1.0947111e+02  4.6181335e+01
7.6703215e-01   5629661  1.0294259e+02  1.0334313e+02  4.2198567e+01
8.1235262e-01   6687903  9.7380413e+01  9.6974604e+01  3.5383609e+01
8.6035444e-01   7945758  9.3436975e+01  9.3508547e+01  3.2016322e+01
9.1118812e-01   9436555  9.1255596e+01  9.1477739e+01  2.7231509e+01
9.6501980e-01  11210320  9.0792145e+01  9.0364172e+01  2.4019060e+01
1.0220366e+00  13318613  9.1752840e+01  9.1943855e+01  2.1100954e+01
1.0824208e+00  15819192  9.3801604e+01  9.3843664e+01  1.8091738e+01
1.1463741e+00  18795348  9.6208771e+01  9.5853648e+01  1.5768644e+01
1.2141088e+00  22326034  9.8164488e+01  9.7945713e+01  1.3850424e+01
1.2858419e+00  26520842  9.9068499e+01  9.8965006e+01  1.2053093e+01
1.3618105e+00  31503438  9.8958785e+01  9.9069103e+01  1.0431452e+01
1.4422695e+00  37426927  9.7984830e+01  9.8044348e+01  9.0662280e+00
1.5275481e+00  44525830  9.6589901e+01  9.6636933e+01  7.8564103e+00
