# Power spectrum from CO𝘕CEPT job 4701186 at t = 13.790139 Gyr, a = 1
#
# Components:
#   0: matter  (upstream grid size 1024)
#
#                           grid size 1024
# ╭────────────────────────────────────────────────────────────────╮
#                         component 0    (corrected)      (linear)
#                        σ₈ = 8.02e-01  σ₈ = 8.02e-01  σ₈ = 7.30e-01
#  k [Mpc⁻¹]    modes       P [Mpc³]       P [Mpc³]       P [Mpc³]
3.0679616e-03         3  4.5051203e+04  4.5051203e+04  4.5054103e+04
5.8212951e-03        25  6.5573530e+04  6.5901705e+04  6.5873228e+04
1.0440195e-02       124  7.5186479e+04  7.6049689e+04  7.6918493e+04
1.6729547e-02       418  6.7984007e+04  6.8605244e+04  6.8628918e+04
2.3240110e-02       730  5.1514491e+04  5.1524634e+04  5.2609225e+04
2.9075630e-02      1012  4.0967141e+04  4.0867884e+04  4.1003799e+04
3.4544381e-02      1408  3.4223145e+04  3.4143494e+04  3.4096615e+04
3.9898901e-02      1841  2.9422301e+04  2.9398991e+04  2.9982823e+04
4.5580519e-02      2698  2.6446046e+04  2.6470476e+04  2.6771317e+04
5.1612543e-02      3532  2.2757379e+04  2.2793173e+04  2.3294237e+04
5.7899473e-02      4702  1.9003732e+04  1.9007341e+04  1.9340683e+04
6.4462744e-02      6019  1.5899541e+04  1.5861777e+04  1.5630314e+04
7.1309305e-02      7766  1.3410427e+04  1.3359226e+04  1.3019798e+04
7.8556104e-02     10012  1.2064489e+04  1.2037584e+04  1.1660948e+04
8.6194331e-02     12589  1.1262814e+04  1.1277421e+04  1.0950724e+04
9.4153926e-02     15650  1.0173785e+04  1.0202130e+04  9.9748652e+03
1.0254095e-01     19757  8.8085591e+03  8.8108870e+03  8.4094242e+03
1.1136076e-01     24241  7.6139173e+03  7.5870200e+03  6.8069443e+03
1.2060245e-01     29993  6.6545181e+03  6.6322074e+03  5.7333636e+03
1.3029316e-01     36494  5.9609406e+03  5.9640312e+03  5.0888588e+03
1.4046583e-01     44825  5.3431268e+03  5.3501830e+03  4.4573306e+03
1.5111985e-01     53906  4.8368954e+03  4.8251975e+03  3.7953757e+03
1.6229170e-01     65729  4.3635239e+03  4.3513296e+03  3.3684780e+03
1.7401323e-01     78746  4.0173847e+03  4.0250864e+03  3.1488587e+03
1.8625264e-01     94374  3.6585521e+03  3.6654072e+03  2.8151539e+03
1.9902230e-01    112166  3.3133083e+03  3.3066068e+03  2.3366443e+03
2.1238854e-01    134373  3.0052153e+03  2.9965406e+03  1.9514550e+03
2.2637810e-01    159077  2.7795928e+03  2.7766993e+03  1.7093236e+03
2.4096993e-01    188172  2.5650104e+03  2.5637580e+03  1.5566151e+03
2.5621802e-01    222492  2.3756243e+03  2.3779058e+03  1.4405392e+03
2.7214102e-01    261771  2.2107942e+03  2.2130464e+03  1.2855723e+03
2.8873063e-01    306759  2.0490762e+03  2.0444552e+03  1.0709081e+03
3.0605468e-01    360898  1.9140046e+03  1.9072249e+03  9.0413134e+02
3.2421519e-01    425046  1.7833222e+03  1.7842350e+03  8.3422399e+02
3.4337900e-01    505555  1.6706045e+03  1.6748758e+03  7.8223784e+02
3.6368055e-01    600292  1.5661985e+03  1.5641478e+03  6.7317241e+02
3.8517334e-01    712930  1.4680949e+03  1.4609666e+03  5.5526188e+02
4.0793004e-01    846715  1.3816174e+03  1.3827836e+03  5.0644233e+02
4.3202621e-01   1005596  1.2965138e+03  1.3008490e+03  4.7360632e+02
4.5754560e-01   1194719  1.2212032e+03  1.2146181e+03  3.9231216e+02
4.8457948e-01   1419743  1.1479288e+03  1.1465014e+03  3.3823598e+02
5.1321525e-01   1686576  1.0835556e+03  1.0882544e+03  3.1892592e+02
5.4354215e-01   2003484  1.0198166e+03  1.0123105e+03  2.6492073e+02
5.7565178e-01   2378778  9.6408280e+02  9.6665069e+02  2.3338934e+02
6.0966698e-01   2828400  9.1069563e+02  9.1041711e+02  2.1308854e+02
6.4568974e-01   3356890  8.6120732e+02  8.5829294e+02  1.7617314e+02
6.8383752e-01   3990317  8.1420699e+02  8.1777090e+02  1.6307802e+02
7.2424344e-01   4738457  7.7076628e+02  7.6657507e+02  1.3565859e+02
7.6703215e-01   5629661  7.3028161e+02  7.3312306e+02  1.2395911e+02
8.1235262e-01   6687903  6.9186356e+02  6.8898039e+02  1.0394002e+02
8.6035444e-01   7945758  6.5560610e+02  6.5610829e+02  9.4048531e+01
9.1118812e-01   9436555  6.2077755e+02  6.2228871e+02  7.9993042e+01
9.6501980e-01  11210320  5.8661920e+02  5.8385401e+02  7.0556403e+01
1.0220366e+00  13318613  5.5402841e+02  5.5518181e+02  6.1984405e+01
1.0824208e+00  15819192  5.2181656e+02  5.2205054e+02  5.3144774e+01
1.1463741e+00  18795348  4.9028316e+02  4.8847344e+02  4.6320637e+01
1.2141088e+00  22326034  4.5971874e+02  4.5869418e+02  4.0685828e+01
1.2858419e+00  26520842  4.3017044e+02  4.2972105e+02  3.5406133e+01
1.3618105e+00  31503438  4.0166283e+02  4.0211059e+02  3.0642533e+01
1.4422695e+00  37426927  3.7429138e+02  3.7451873e+02  2.6632162e+01
1.5275481e+00  44525830  3.4808031e+02  3.4824981e+02  2.3078301e+01
