# Power spectrum from CO𝘕CEPT job 4701186 at t = 9.3730558 Gyr, a = 0.71428571
#
# Components:
#   0: matter  (upstream grid size 1024)
#
#                           grid size 1024
# ╭────────────────────────────────────────────────────────────────╮
#                         component 0    (corrected)      (linear)
#                        σ₈ = 6.32e-01  σ₈ = 6.31e-01  σ₈ = 5.92e-01
#  k [Mpc⁻¹]    modes       P [Mpc³]       P [Mpc³]       P [Mpc³]
3.0679616e-03         3  2.9610034e+04  2.9610034e+04  2.9601181e+04
5.8212951e-03        25  4.3107944e+04  4.3323686e+04  4.3287243e+04
1.0440195e-02       124  4.9562701e+04  5.0131726e+04  5.0556024e+04
1.6729547e-02       418  4.4753038e+04  4.5161990e+04  4.5115597e+04
2.3240110e-02       730  3.4056653e+04  3.4063358e+04  3.4588245e+04
2.9075630e-02      1012  2.7001548e+04  2.6936128e+04  2.6959831e+04
3.4544381e-02      1408  2.2536342e+04  2.2483891e+04  2.2419263e+04
3.9898901e-02      1841  1.9451545e+04  1.9436134e+04  1.9714901e+04
4.5580519e-02      2698  1.7455011e+04  1.7471135e+04  1.7603590e+04
5.1612543e-02      3532  1.5050433e+04  1.5074105e+04  1.5317485e+04
5.7899473e-02      4702  1.2546280e+04  1.2548662e+04  1.2717936e+04
6.4462744e-02      6019  1.0408498e+04  1.0383776e+04  1.0278203e+04
7.1309305e-02      7766  8.7350971e+03  8.7017468e+03  8.5616500e+03
7.8556104e-02     10012  7.8419826e+03  7.8244942e+03  7.6681427e+03
8.6194331e-02     12589  7.3389455e+03  7.3484635e+03  7.2011470e+03
9.4153926e-02     15650  6.6430310e+03  6.6615389e+03  6.5594580e+03
1.0254095e-01     19757  5.6985248e+03  5.7000309e+03  5.5300481e+03
1.1136076e-01     24241  4.8393604e+03  4.8222646e+03  4.4762702e+03
1.2060245e-01     29993  4.1838991e+03  4.1698717e+03  3.7702904e+03
1.3029316e-01     36494  3.7265681e+03  3.7285002e+03  3.3464685e+03
1.4046583e-01     44825  3.3273089e+03  3.3317030e+03  2.9311770e+03
1.5111985e-01     53906  2.9657024e+03  2.9585299e+03  2.4958743e+03
1.6229170e-01     65729  2.6562237e+03  2.6488006e+03  2.2151456e+03
1.7401323e-01     78746  2.4420033e+03  2.4466848e+03  2.0707244e+03
1.8625264e-01     94374  2.2115013e+03  2.2156450e+03  1.8512783e+03
1.9902230e-01    112166  1.9625120e+03  1.9585426e+03  1.5366062e+03
2.1238854e-01    134373  1.7563819e+03  1.7513120e+03  1.2833020e+03
2.2637810e-01    159077  1.6063516e+03  1.6046794e+03  1.1240740e+03
2.4096993e-01    188172  1.4670230e+03  1.4663067e+03  1.0236515e+03
2.5621802e-01    222492  1.3509062e+03  1.3522035e+03  9.4731889e+02
2.7214102e-01    261771  1.2418035e+03  1.2430686e+03  8.4541080e+02
2.8873063e-01    306759  1.1338047e+03  1.1312478e+03  7.0424486e+02
3.0605468e-01    360898  1.0428007e+03  1.0391070e+03  5.9457022e+02
3.2421519e-01    425046  9.6472452e+02  9.6521830e+02  5.4859828e+02
3.4337900e-01    505555  8.9220850e+02  8.9448967e+02  5.1441155e+02
3.6368055e-01    600292  8.2537737e+02  8.2429663e+02  4.4268856e+02
3.8517334e-01    712930  7.6553306e+02  7.6181605e+02  3.6514886e+02
4.0793004e-01    846715  7.1134762e+02  7.1194805e+02  3.3304443e+02
4.3202621e-01   1005596  6.6013727e+02  6.6234460e+02  3.1145101e+02
4.5754560e-01   1194719  6.1388487e+02  6.1057462e+02  2.5799073e+02
4.8457948e-01   1419743  5.7103279e+02  5.7032271e+02  2.2242940e+02
5.1321525e-01   1686576  5.3270799e+02  5.3501809e+02  2.0973083e+02
5.4354215e-01   2003484  4.9619665e+02  4.9254452e+02  1.7421617e+02
5.7565178e-01   2378778  4.6422774e+02  4.6546424e+02  1.5348063e+02
6.0966698e-01   2828400  4.3440104e+02  4.3426819e+02  1.4013051e+02
6.4568974e-01   3356890  4.0760910e+02  4.0622973e+02  1.1585434e+02
6.8383752e-01   3990317  3.8328962e+02  3.8496733e+02  1.0724279e+02
7.2424344e-01   4738457  3.6145893e+02  3.5949342e+02  8.9211328e+01
7.6703215e-01   5629661  3.4202874e+02  3.4335954e+02  8.1517561e+01
8.1235262e-01   6687903  3.2515268e+02  3.2379769e+02  6.8352682e+01
8.6035444e-01   7945758  3.1009453e+02  3.1033206e+02  6.1847881e+01
9.1118812e-01   9436555  2.9693433e+02  2.9765716e+02  5.2604761e+01
9.6501980e-01  11210320  2.8447747e+02  2.8313651e+02  4.6399072e+01
1.0220366e+00  13318613  2.7283609e+02  2.7340410e+02  4.0761986e+01
1.0824208e+00  15819192  2.6137223e+02  2.6148943e+02  3.4948899e+01
1.1463741e+00  18795348  2.4998248e+02  2.4905975e+02  3.0461233e+01
1.2141088e+00  22326034  2.3865610e+02  2.3812422e+02  2.6755690e+01
1.2858419e+00  26520842  2.2714115e+02  2.2690386e+02  2.3283675e+01
1.3618105e+00  31503438  2.1564233e+02  2.1588272e+02  2.0151052e+01
1.4422695e+00  37426927  2.0427957e+02  2.0440365e+02  1.7513766e+01
1.5275481e+00  44525830  1.9331130e+02  1.9340543e+02  1.5176687e+01
