# Power spectrum from CO𝘕CEPT job 4701186 at t = 2.9820513 Gyr, a = 0.3125
#
# Components:
#   0: matter  (upstream grid size 1024)
#
#                           grid size 1024
# ╭────────────────────────────────────────────────────────────────╮
#                         component 0    (corrected)      (linear)
#                        σ₈ = 2.90e-01  σ₈ = 2.90e-01  σ₈ = 2.88e-01
#  k [Mpc⁻¹]    modes       P [Mpc³]       P [Mpc³]       P [Mpc³]
3.0679616e-03         3  6.9757547e+03  6.9757547e+03  6.9770608e+03
5.8212951e-03        25  1.0161505e+04  1.0212360e+04  1.0209949e+04
1.0440195e-02       124  1.1750826e+04  1.1885736e+04  1.1933367e+04
1.6729547e-02       418  1.0569660e+04  1.0666245e+04  1.0655057e+04
2.3240110e-02       730  8.1164307e+03  8.1180287e+03  8.1713384e+03
2.9075630e-02      1012  6.3886540e+03  6.3731753e+03  6.3702135e+03
3.4544381e-02      1408  5.3209371e+03  5.3085532e+03  5.2978869e+03
3.9898901e-02      1841  4.6336512e+03  4.6299802e+03  4.6591472e+03
4.5580519e-02      2698  4.1423802e+03  4.1462068e+03  4.1604124e+03
5.1612543e-02      3532  3.5866429e+03  3.5922841e+03  3.6202675e+03
5.7899473e-02      4702  2.9818603e+03  2.9824265e+03  3.0059639e+03
6.4462744e-02      6019  2.4340996e+03  2.4283183e+03  2.4293787e+03
7.1309305e-02      7766  2.0286018e+03  2.0208566e+03  2.0236905e+03
7.8556104e-02     10012  1.8147684e+03  1.8107213e+03  1.8125241e+03
8.6194331e-02     12589  1.7013349e+03  1.7035414e+03  1.7021622e+03
9.4153926e-02     15650  1.5430474e+03  1.5473464e+03  1.5505002e+03
1.0254095e-01     19757  1.3041409e+03  1.3044856e+03  1.3071836e+03
1.1136076e-01     24241  1.0711672e+03  1.0673832e+03  1.0581011e+03
1.2060245e-01     29993  9.0649189e+02  9.0345268e+02  8.9122688e+02
1.3029316e-01     36494  8.0039727e+02  8.0081227e+02  7.9104720e+02
1.4046583e-01     44825  7.0618109e+02  7.0711368e+02  6.9288246e+02
1.5111985e-01     53906  6.0855092e+02  6.0707915e+02  5.8998614e+02
1.6229170e-01     65729  5.3861814e+02  5.3711291e+02  5.2362782e+02
1.7401323e-01     78746  4.9734943e+02  4.9830289e+02  4.8949003e+02
1.8625264e-01     94374  4.4455951e+02  4.4539249e+02  4.3761706e+02
1.9902230e-01    112166  3.7637930e+02  3.7561802e+02  3.6323355e+02
2.1238854e-01    134373  3.2202025e+02  3.2109073e+02  3.0335626e+02
2.2637810e-01    159077  2.8534779e+02  2.8505074e+02  2.6571717e+02
2.4096993e-01    188172  2.5664282e+02  2.5651751e+02  2.4197884e+02
2.5621802e-01    222492  2.3455467e+02  2.3477993e+02  2.2393498e+02
2.7214102e-01    261771  2.0926278e+02  2.0947596e+02  1.9984530e+02
2.8873063e-01    306759  1.8123475e+02  1.8082603e+02  1.6647545e+02
3.0605468e-01    360898  1.5881893e+02  1.5825637e+02  1.4054972e+02
3.2421519e-01    425046  1.4426562e+02  1.4433946e+02  1.2968255e+02
3.4337900e-01    505555  1.3063627e+02  1.3097028e+02  1.2160126e+02
3.6368055e-01    600292  1.1569953e+02  1.1554803e+02  1.0464679e+02
3.8517334e-01    712930  1.0178839e+02  1.0129417e+02  8.6317280e+01
4.0793004e-01    846715  9.1275759e+01  9.1352802e+01  7.8728170e+01
4.3202621e-01   1005596  8.2236784e+01  8.2511762e+01  7.3623744e+01
4.5754560e-01   1194719  7.2541503e+01  7.2150337e+01  6.0986317e+01
4.8457948e-01   1419743  6.4385105e+01  6.4305042e+01  5.2580007e+01
5.1321525e-01   1686576  5.7613781e+01  5.7863624e+01  4.9578211e+01
5.4354215e-01   2003484  5.1100385e+01  5.0724274e+01  4.1182921e+01
5.7565178e-01   2378778  4.5421906e+01  4.5542891e+01  3.6281262e+01
6.0966698e-01   2828400  4.0385622e+01  4.0373270e+01  3.3125436e+01
6.4568974e-01   3356890  3.5870076e+01  3.5748690e+01  2.7386803e+01
6.8383752e-01   3990317  3.2005680e+01  3.2145774e+01  2.5351123e+01
7.2424344e-01   4738457  2.8655129e+01  2.8499310e+01  2.1088671e+01
7.6703215e-01   5629661  2.5969816e+01  2.6070862e+01  1.9269945e+01
8.1235262e-01   6687903  2.3951175e+01  2.3851365e+01  1.6157901e+01
8.6035444e-01   7945758  2.2785210e+01  2.2802663e+01  1.4620234e+01
9.1118812e-01   9436555  2.2625283e+01  2.2680359e+01  1.2435253e+01
9.6501980e-01  11210320  2.3623018e+01  2.3511665e+01  1.0968291e+01
1.0220366e+00  13318613  2.6105088e+01  2.6159435e+01  9.6357411e+00
1.0824208e+00  15819192  3.0445539e+01  3.0459190e+01  8.2615854e+00
1.1463741e+00  18795348  3.7001699e+01  3.6865120e+01  7.2007462e+00
1.2141088e+00  22326034  4.5513566e+01  4.5412133e+01  6.3247927e+00
1.2858419e+00  26520842  5.5187145e+01  5.5129493e+01  5.5040429e+00
1.3618105e+00  31503438  6.3933663e+01  6.4004935e+01  4.7635220e+00
1.4422695e+00  37426927  6.9191799e+01  6.9233828e+01  4.1400934e+00
1.5275481e+00  44525830  7.0520302e+01  7.0554640e+01  3.5876310e+00
