# Power spectrum from CO𝘕CEPT job 4701186 at t = 2.8501215 Gyr, a = 0.3030303
#
# Components:
#   0: matter  (upstream grid size 1024)
#
#                           grid size 1024
# ╭────────────────────────────────────────────────────────────────╮
#                         component 0    (corrected)      (linear)
#                        σ₈ = 2.82e-01  σ₈ = 2.82e-01  σ₈ = 2.79e-01
#  k [Mpc⁻¹]    modes       P [Mpc³]       P [Mpc³]       P [Mpc³]
3.0679616e-03         3  6.5736238e+03  6.5736238e+03  6.5747694e+03
5.8212951e-03        25  9.5759456e+03  9.6238702e+03  9.6215464e+03
1.0440195e-02       124  1.1075449e+04  1.1202605e+04  1.1246002e+04
1.6729547e-02       418  9.9609623e+03  1.0051985e+04  1.0041525e+04
2.3240110e-02       730  7.6508512e+03  7.6523575e+03  7.7009054e+03
2.9075630e-02      1012  6.0209262e+03  6.0063384e+03  6.0035063e+03
3.4544381e-02      1408  5.0143667e+03  5.0026963e+03  4.9929254e+03
3.9898901e-02      1841  4.3677439e+03  4.3642834e+03  4.3909630e+03
4.5580519e-02      2698  3.9042480e+03  3.9078546e+03  3.9209422e+03
5.1612543e-02      3532  3.3808250e+03  3.3861425e+03  3.4118919e+03
5.7899473e-02      4702  2.8106138e+03  2.8111475e+03  2.8329491e+03
6.4462744e-02      6019  2.2934721e+03  2.2880247e+03  2.2895522e+03
7.1309305e-02      7766  1.9112114e+03  1.9039145e+03  1.9072151e+03
7.8556104e-02     10012  1.7096197e+03  1.7058070e+03  1.7082033e+03
8.6194331e-02     12589  1.6026962e+03  1.6047747e+03  1.6041940e+03
9.4153926e-02     15650  1.4536142e+03  1.4576641e+03  1.4612613e+03
1.0254095e-01     19757  1.2282452e+03  1.2285698e+03  1.2319491e+03
1.1136076e-01     24241  1.0081315e+03  1.0045702e+03  9.9720263e+02
1.2060245e-01     29993  8.5275585e+02  8.4989681e+02  8.3993293e+02
1.3029316e-01     36494  7.5285164e+02  7.5324198e+02  7.4551913e+02
1.4046583e-01     44825  6.6394695e+02  6.6482376e+02  6.5300426e+02
1.5111985e-01     53906  5.7175482e+02  5.7037204e+02  5.5603010e+02
1.6229170e-01     65729  5.0594743e+02  5.0453350e+02  4.9349100e+02
1.7401323e-01     78746  4.6726712e+02  4.6816292e+02  4.6131801e+02
1.8625264e-01     94374  4.1755212e+02  4.1833449e+02  4.1243055e+02
1.9902230e-01    112166  3.5309756e+02  3.5238337e+02  3.4232811e+02
2.1238854e-01    134373  3.0167347e+02  3.0080268e+02  2.8589699e+02
2.2637810e-01    159077  2.6709913e+02  2.6682108e+02  2.5042418e+02
2.4096993e-01    188172  2.4019619e+02  2.4007891e+02  2.2805208e+02
2.5621802e-01    222492  2.1952243e+02  2.1973326e+02  2.1104672e+02
2.7214102e-01    261771  1.9574998e+02  1.9594939e+02  1.8834349e+02
2.8873063e-01    306759  1.6919718e+02  1.6881561e+02  1.5689420e+02
3.0605468e-01    360898  1.4801959e+02  1.4749528e+02  1.3246059e+02
3.2421519e-01    425046  1.3441061e+02  1.3447940e+02  1.2221887e+02
3.4337900e-01    505555  1.2173829e+02  1.2204954e+02  1.1460268e+02
3.6368055e-01    600292  1.0764274e+02  1.0750179e+02  9.8624001e+01
3.8517334e-01    712930  9.4468337e+01  9.4009650e+01  8.1349422e+01
4.0793004e-01    846715  8.4654904e+01  8.4726359e+01  7.4197093e+01
4.3202621e-01   1005596  7.6247628e+01  7.6502580e+01  6.9386445e+01
4.5754560e-01   1194719  6.7095194e+01  6.6733397e+01  5.7476345e+01
4.8457948e-01   1419743  5.9443347e+01  5.9369429e+01  4.9553848e+01
5.1321525e-01   1686576  5.3140711e+01  5.3371157e+01  4.6724816e+01
5.4354215e-01   2003484  4.7030128e+01  4.6683975e+01  3.8812704e+01
5.7565178e-01   2378778  4.1714215e+01  4.1825324e+01  3.4193152e+01
6.0966698e-01   2828400  3.7023115e+01  3.7011792e+01  3.1218955e+01
6.4568974e-01   3356890  3.2800706e+01  3.2689706e+01  2.5810600e+01
6.8383752e-01   3990317  2.9194530e+01  2.9322319e+01  2.3892081e+01
7.2424344e-01   4738457  2.6065327e+01  2.5923592e+01  1.9874947e+01
7.6703215e-01   5629661  2.3557906e+01  2.3649568e+01  1.8160895e+01
8.1235262e-01   6687903  2.1673476e+01  2.1583157e+01  1.5227960e+01
8.6035444e-01   7945758  2.0597460e+01  2.0613237e+01  1.3778790e+01
9.1118812e-01   9436555  2.0474089e+01  2.0523929e+01  1.1719563e+01
9.6501980e-01  11210320  2.1450499e+01  2.1349386e+01  1.0337030e+01
1.0220366e+00  13318613  2.3858793e+01  2.3908464e+01  9.0811722e+00
1.0824208e+00  15819192  2.8096154e+01  2.8108752e+01  7.7861038e+00
1.1463741e+00  18795348  3.4592754e+01  3.4465066e+01  6.7863195e+00
1.2141088e+00  22326034  4.3237304e+01  4.3140943e+01  5.9607801e+00
1.2858419e+00  26520842  5.3402671e+01  5.3346883e+01  5.1872672e+00
1.3618105e+00  31503438  6.2996686e+01  6.3066914e+01  4.4893658e+00
1.4422695e+00  37426927  6.9039556e+01  6.9081493e+01  3.9018176e+00
1.5275481e+00  44525830  7.0587894e+01  7.0622265e+01  3.3811513e+00
