# Power spectrum from CO𝘕CEPT job 4701186 at t = 2.727498 Gyr, a = 0.29411765
#
# Components:
#   0: matter  (upstream grid size 1024)
#
#                           grid size 1024
# ╭────────────────────────────────────────────────────────────────╮
#                         component 0    (corrected)      (linear)
#                        σ₈ = 2.73e-01  σ₈ = 2.73e-01  σ₈ = 2.71e-01
#  k [Mpc⁻¹]    modes       P [Mpc³]       P [Mpc³]       P [Mpc³]
3.0679616e-03         3  6.2046578e+03  6.2046578e+03  6.2056443e+03
5.8212951e-03        25  9.0386682e+03  9.0839039e+03  9.0816389e+03
1.0440195e-02       124  1.0455619e+04  1.0575659e+04  1.0615270e+04
1.6729547e-02       418  9.4024228e+03  9.4883420e+03  9.4785294e+03
2.3240110e-02       730  7.2234844e+03  7.2249066e+03  7.2692159e+03
2.9075630e-02      1012  5.6834816e+03  5.6697115e+03  5.6669976e+03
3.4544381e-02      1408  4.7330684e+03  4.7220527e+03  4.7130765e+03
3.9898901e-02      1841  4.1236696e+03  4.1204026e+03  4.1448621e+03
4.5580519e-02      2698  3.6857032e+03  3.6891079e+03  3.7011904e+03
5.1612543e-02      3532  3.1919066e+03  3.1969270e+03  3.2206740e+03
5.7899473e-02      4702  2.6534440e+03  2.6539478e+03  2.6741802e+03
6.4462744e-02      6019  2.1644853e+03  2.1593443e+03  2.1612387e+03
7.1309305e-02      7766  1.8035637e+03  1.7966777e+03  1.8003300e+03
7.8556104e-02     10012  1.6132109e+03  1.6096133e+03  1.6124720e+03
8.6194331e-02     12589  1.5122557e+03  1.5142169e+03  1.5142921e+03
9.4153926e-02     15650  1.3716116e+03  1.3754330e+03  1.3793700e+03
1.0254095e-01     19757  1.1586928e+03  1.1589990e+03  1.1629091e+03
1.1136076e-01     24241  9.5043701e+02  9.4707945e+02  9.4131829e+02
1.2060245e-01     29993  8.0361408e+02  8.0091979e+02  7.9286228e+02
1.3029316e-01     36494  7.0938397e+02  7.0975178e+02  7.0373961e+02
1.4046583e-01     44825  6.2535832e+02  6.2618418e+02  6.1640942e+02
1.5111985e-01     53906  5.3817830e+02  5.3687672e+02  5.2486981e+02
1.6229170e-01     65729  4.7614822e+02  4.7481757e+02  4.6583549e+02
1.7401323e-01     78746  4.3982148e+02  4.4066466e+02  4.3546551e+02
1.8625264e-01     94374  3.9292472e+02  3.9366095e+02  3.8931776e+02
1.9902230e-01    112166  3.3190832e+02  3.3123699e+02  3.2314390e+02
2.1238854e-01    134373  2.8319441e+02  2.8237696e+02  2.6987522e+02
2.2637810e-01    159077  2.5054658e+02  2.5028576e+02  2.3639033e+02
2.4096993e-01    188172  2.2528538e+02  2.2517538e+02  2.1527198e+02
2.5621802e-01    222492  2.0589706e+02  2.0609480e+02  1.9921960e+02
2.7214102e-01    261771  1.8351396e+02  1.8370091e+02  1.7778868e+02
2.8873063e-01    306759  1.5832438e+02  1.5796733e+02  1.4810181e+02
3.0605468e-01    360898  1.3828498e+02  1.3779515e+02  1.2503747e+02
3.2421519e-01    425046  1.2553500e+02  1.2559925e+02  1.1536970e+02
3.4337900e-01    505555  1.1372891e+02  1.1401969e+02  1.0818033e+02
3.6368055e-01    600292  1.0040463e+02  1.0027317e+02  9.3097095e+01
3.8517334e-01    712930  8.7908161e+01  8.7481326e+01  7.6790588e+01
4.0793004e-01    846715  7.8729036e+01  7.8795489e+01  7.0039077e+01
4.3202621e-01   1005596  7.0894087e+01  7.1131138e+01  6.5498019e+01
4.5754560e-01   1194719  6.2238102e+01  6.1902496e+01  5.4255364e+01
4.8457948e-01   1419743  5.5045158e+01  5.4976709e+01  4.6776845e+01
5.1321525e-01   1686576  4.9168102e+01  4.9381321e+01  4.4106352e+01
5.4354215e-01   2003484  4.3422302e+01  4.3102704e+01  3.6637636e+01
5.7565178e-01   2378778  3.8435476e+01  3.8537851e+01  3.2276965e+01
6.0966698e-01   2828400  3.4057446e+01  3.4047030e+01  2.9469442e+01
6.4568974e-01   3356890  3.0099361e+01  2.9997503e+01  2.4364172e+01
6.8383752e-01   3990317  2.6727756e+01  2.6844747e+01  2.2553167e+01
7.2424344e-01   4738457  2.3798313e+01  2.3668904e+01  1.8761154e+01
7.6703215e-01   5629661  2.1451287e+01  2.1534752e+01  1.7143157e+01
8.1235262e-01   6687903  1.9687724e+01  1.9605680e+01  1.4374584e+01
8.6035444e-01   7945758  1.8691456e+01  1.8705774e+01  1.3006626e+01
9.1118812e-01   9436555  1.8598232e+01  1.8643505e+01  1.1062798e+01
9.6501980e-01  11210320  1.9549813e+01  1.9457660e+01  9.7577424e+00
1.0220366e+00  13318613  2.1879883e+01  2.1925433e+01  8.5722632e+00
1.0824208e+00  15819192  2.6002254e+01  2.6013913e+01  7.3497705e+00
1.1463741e+00  18795348  3.2408767e+01  3.2289140e+01  6.4060142e+00
1.2141088e+00  22326034  4.1131110e+01  4.1039443e+01  5.6267381e+00
1.2858419e+00  26520842  5.1726834e+01  5.1672797e+01  4.8965729e+00
1.3618105e+00  31503438  6.2154436e+01  6.2223724e+01  4.2377820e+00
1.4422695e+00  37426927  6.9048254e+01  6.9090196e+01  3.6831600e+00
1.5275481e+00  44525830  7.0866695e+01  7.0901202e+01  3.1916718e+00
