# Power spectrum from CO𝘕CEPT job 4701186 at t = 5.8533978 Gyr, a = 0.5
#
# Components:
#   0: matter  (upstream grid size 1024)
#
#                           grid size 1024
# ╭────────────────────────────────────────────────────────────────╮
#                         component 0    (corrected)      (linear)
#                        σ₈ = 4.61e-01  σ₈ = 4.61e-01  σ₈ = 4.45e-01
#  k [Mpc⁻¹]    modes       P [Mpc³]       P [Mpc³]       P [Mpc³]
3.0679616e-03         3  1.6687920e+04  1.6687920e+04  1.6676334e+04
5.8212951e-03        25  2.4301107e+04  2.4422726e+04  2.4392940e+04
1.0440195e-02       124  2.8018904e+04  2.8340586e+04  2.8497343e+04
1.6729547e-02       418  2.5256297e+04  2.5487089e+04  2.5436577e+04
2.3240110e-02       730  1.9305779e+04  1.9309580e+04  1.9503802e+04
2.9075630e-02      1012  1.5254368e+04  1.5217409e+04  1.5203372e+04
3.4544381e-02      1408  1.2719127e+04  1.2689524e+04  1.2643410e+04
3.9898901e-02      1841  1.1025669e+04  1.1016933e+04  1.1118634e+04
4.5580519e-02      2698  9.8763213e+03  9.8854447e+03  9.9281614e+03
5.1612543e-02      3532  8.5335630e+03  8.5469850e+03  8.6389998e+03
5.7899473e-02      4702  7.1030368e+03  7.1043854e+03  7.1729727e+03
6.4462744e-02      6019  5.8434020e+03  5.8295230e+03  5.7970211e+03
7.1309305e-02      7766  4.8837662e+03  4.8651201e+03  4.8289115e+03
7.8556104e-02     10012  4.3762588e+03  4.3664993e+03  4.3249918e+03
8.6194331e-02     12589  4.1021925e+03  4.1075128e+03  4.0616220e+03
9.4153926e-02     15650  3.7182584e+03  3.7286176e+03  3.6997127e+03
1.0254095e-01     19757  3.1629848e+03  3.1638207e+03  3.1191107e+03
1.1136076e-01     24241  2.6388191e+03  2.6294971e+03  2.5247577e+03
1.2060245e-01     29993  2.2560836e+03  2.2485196e+03  2.1265690e+03
1.3029316e-01     36494  1.9993131e+03  2.0003498e+03  1.8875240e+03
1.4046583e-01     44825  1.7767224e+03  1.7790687e+03  1.6532887e+03
1.5111985e-01     53906  1.5559901e+03  1.5522270e+03  1.4077649e+03
1.6229170e-01     65729  1.3843925e+03  1.3805236e+03  1.2494255e+03
1.7401323e-01     78746  1.2742682e+03  1.2767111e+03  1.1679679e+03
1.8625264e-01     94374  1.1463369e+03  1.1484848e+03  1.0441931e+03
1.9902230e-01    112166  9.9410786e+02  9.9209715e+02  8.6670657e+02
2.1238854e-01    134373  8.7300283e+02  8.7048287e+02  7.2383357e+02
2.2637810e-01    159077  7.8647651e+02  7.8565778e+02  6.3402309e+02
2.4096993e-01    188172  7.1147467e+02  7.1112727e+02  5.7738110e+02
2.5621802e-01    222492  6.5190827e+02  6.5253434e+02  5.3432668e+02
2.7214102e-01    261771  5.8956365e+02  5.9016425e+02  4.7684657e+02
2.8873063e-01    306759  5.2729713e+02  5.2610799e+02  3.9722331e+02
3.0605468e-01    360898  4.7517850e+02  4.7349534e+02  3.3536239e+02
3.2421519e-01    425046  4.3589960e+02  4.3612271e+02  3.0943239e+02
3.4337900e-01    505555  3.9716022e+02  3.9817567e+02  2.9014973e+02
3.6368055e-01    600292  3.6114844e+02  3.6067556e+02  2.4969502e+02
3.8517334e-01    712930  3.2903774e+02  3.2744011e+02  2.0595940e+02
4.0793004e-01    846715  3.0015626e+02  3.0040962e+02  1.8785118e+02
4.3202621e-01   1005596  2.7437153e+02  2.7528896e+02  1.7567161e+02
4.5754560e-01   1194719  2.5036116e+02  2.4901114e+02  1.4551776e+02
4.8457948e-01   1419743  2.2874426e+02  2.2845981e+02  1.2545968e+02
5.1321525e-01   1686576  2.0953458e+02  2.1044323e+02  1.1829716e+02
5.4354215e-01   2003484  1.9206123e+02  1.9064761e+02  9.8265383e+01
5.7565178e-01   2378778  1.7617181e+02  1.7664105e+02  8.6569663e+01
6.0966698e-01   2828400  1.6204826e+02  1.6199870e+02  7.9039628e+01
6.4568974e-01   3356890  1.4925646e+02  1.4875137e+02  6.5346837e+01
6.8383752e-01   3990317  1.3811905e+02  1.3872362e+02  6.0489554e+01
7.2424344e-01   4738457  1.2844376e+02  1.2774532e+02  5.0319039e+01
7.6703215e-01   5629661  1.2041945e+02  1.2088799e+02  4.5979426e+01
8.1235262e-01   6687903  1.1407321e+02  1.1359784e+02  3.8553869e+01
8.6035444e-01   7945758  1.0944874e+02  1.0953257e+02  3.4884883e+01
9.1118812e-01   9436555  1.0663827e+02  1.0689786e+02  2.9671366e+01
9.6501980e-01  11210320  1.0551786e+02  1.0502047e+02  2.6171091e+01
1.0220366e+00  13318613  1.0570464e+02  1.0592470e+02  2.2991531e+01
1.0824208e+00  15819192  1.0679983e+02  1.0684772e+02  1.9712700e+01
1.1463741e+00  18795348  1.0807623e+02  1.0767730e+02  1.7181463e+01
1.2141088e+00  22326034  1.0884407e+02  1.0860150e+02  1.5091376e+01
1.2858419e+00  26520842  1.0862857e+02  1.0851509e+02  1.3133010e+01
1.3618105e+00  31503438  1.0759390e+02  1.0771385e+02  1.1366076e+01
1.4422695e+00  37426927  1.0586023e+02  1.0592454e+02  9.8785318e+00
1.5275481e+00  44525830  1.0374655e+02  1.0379707e+02  8.5603183e+00
