# Power spectrum from CO𝘕CEPT job 4701186 at t = 2.1444136 Gyr, a = 0.25
#
# Components:
#   0: matter  (upstream grid size 1024)
#
#                           grid size 1024
# ╭────────────────────────────────────────────────────────────────╮
#                         component 0    (corrected)      (linear)
#                        σ₈ = 2.32e-01  σ₈ = 2.32e-01  σ₈ = 2.32e-01
#  k [Mpc⁻¹]    modes       P [Mpc³]       P [Mpc³]       P [Mpc³]
3.0679616e-03         3  4.5199822e+03  4.5199822e+03  4.5202895e+03
5.8212951e-03        25  6.5853483e+03  6.6183059e+03  6.6163228e+03
1.0440195e-02       124  7.6235266e+03  7.7110517e+03  7.7349552e+03
1.6729547e-02       418  6.8516215e+03  6.9142315e+03  6.9073635e+03
2.3240110e-02       730  5.2697675e+03  5.2708050e+03  5.2976392e+03
2.9075630e-02      1012  4.1421836e+03  4.1321477e+03  4.1300911e+03
3.4544381e-02      1408  3.4485520e+03  3.4405259e+03  3.4349312e+03
3.9898901e-02      1841  3.0080006e+03  3.0056175e+03  3.0208436e+03
4.5580519e-02      2698  2.6871863e+03  2.6896686e+03  2.6975098e+03
5.1612543e-02      3532  2.3283656e+03  2.3320278e+03  2.3473128e+03
5.7899473e-02      4702  1.9352185e+03  1.9355859e+03  1.9490225e+03
6.4462744e-02      6019  1.5760691e+03  1.5723257e+03  1.5751809e+03
7.1309305e-02      7766  1.3127914e+03  1.3077792e+03  1.3121425e+03
7.8556104e-02     10012  1.1738455e+03  1.1712277e+03  1.1752277e+03
8.6194331e-02     12589  1.1001063e+03  1.1015331e+03  1.1036726e+03
9.4153926e-02     15650  9.9789098e+02  1.0006712e+03  1.0053378e+03
1.0254095e-01     19757  8.4216348e+02  8.4238605e+02  8.4757375e+02
1.1136076e-01     24241  6.8876813e+02  6.8633496e+02  6.8607035e+02
1.2060245e-01     29993  5.8124462e+02  5.7929588e+02  5.7787014e+02
1.3029316e-01     36494  5.1284266e+02  5.1310856e+02  5.1291425e+02
1.4046583e-01     44825  4.5118906e+02  4.5178490e+02  4.4926468e+02
1.5111985e-01     53906  3.8715811e+02  3.8622177e+02  3.8254702e+02
1.6229170e-01     65729  3.4227361e+02  3.4131709e+02  3.3952047e+02
1.7401323e-01     78746  3.1642637e+02  3.1703299e+02  3.1738566e+02
1.8625264e-01     94374  2.8235803e+02  2.8288708e+02  2.8375131e+02
1.9902230e-01    112166  2.3728962e+02  2.3680967e+02  2.3552106e+02
2.1238854e-01    134373  2.0117752e+02  2.0059681e+02  1.9669661e+02
2.2637810e-01    159077  1.7734002e+02  1.7715541e+02  1.7229142e+02
2.4096993e-01    188172  1.5941800e+02  1.5934016e+02  1.5689949e+02
2.5621802e-01    222492  1.4573923e+02  1.4587920e+02  1.4519984e+02
2.7214102e-01    261771  1.2963003e+02  1.2976208e+02  1.2958008e+02
2.8873063e-01    306759  1.1080423e+02  1.1055435e+02  1.0794302e+02
3.0605468e-01    360898  9.5997894e+01  9.5657854e+01  9.1132733e+01
3.2421519e-01    425046  8.7065740e+01  8.7110303e+01  8.4086450e+01
3.4337900e-01    505555  7.9044667e+01  7.9246765e+01  7.8846530e+01
3.6368055e-01    600292  6.9244552e+01  6.9153885e+01  6.7853218e+01
3.8517334e-01    712930  5.9882383e+01  5.9591627e+01  5.5968329e+01
4.0793004e-01    846715  5.3501716e+01  5.3546876e+01  5.1047537e+01
4.3202621e-01   1005596  4.8175328e+01  4.8336414e+01  4.7737818e+01
4.5754560e-01   1194719  4.1775391e+01  4.1550125e+01  3.9543681e+01
4.8457948e-01   1419743  3.6626519e+01  3.6580974e+01  3.4093011e+01
5.1321525e-01   1686576  3.2628465e+01  3.2769959e+01  3.2146641e+01
5.4354215e-01   2003484  2.8488916e+01  2.8279231e+01  2.6703115e+01
5.7565178e-01   2378778  2.4962671e+01  2.5029160e+01  2.3524867e+01
6.0966698e-01   2828400  2.1961854e+01  2.1955138e+01  2.1478623e+01
6.4568974e-01   3356890  1.9153085e+01  1.9088270e+01  1.7757678e+01
6.8383752e-01   3990317  1.6821703e+01  1.6895334e+01  1.6437739e+01
7.2424344e-01   4738457  1.4762387e+01  1.4682113e+01  1.3673954e+01
7.6703215e-01   5629661  1.3115149e+01  1.3166179e+01  1.2494687e+01
8.1235262e-01   6687903  1.1874528e+01  1.1825044e+01  1.0476830e+01
8.6035444e-01   7945758  1.1210455e+01  1.1219042e+01  9.4798022e+00
9.1118812e-01   9436555  1.1217617e+01  1.1244924e+01  8.0630552e+00
9.6501980e-01  11210320  1.2000360e+01  1.1943793e+01  7.1118732e+00
1.0220366e+00  13318613  1.3857115e+01  1.3885963e+01  6.2478440e+00
1.0824208e+00  15819192  1.7211752e+01  1.7219470e+01  5.3568377e+00
1.1463741e+00  18795348  2.2740825e+01  2.2656885e+01  4.6689867e+00
1.2141088e+00  22326034  3.1122960e+01  3.1053597e+01  4.1010160e+00
1.2858419e+00  26520842  4.3092167e+01  4.3047150e+01  3.5688396e+00
1.3618105e+00  31503438  5.7829634e+01  5.7894101e+01  3.0886838e+00
1.4422695e+00  37426927  7.0956454e+01  7.0999554e+01  2.6844509e+00
1.5275481e+00  44525830  7.5944695e+01  7.5981675e+01  2.3262327e+00
