# Power spectrum from CO𝘕CEPT job 4701186 at t = 2.2265221 Gyr, a = 0.25641026
#
# Components:
#   0: matter  (upstream grid size 1024)
#
#                           grid size 1024
# ╭────────────────────────────────────────────────────────────────╮
#                         component 0    (corrected)      (linear)
#                        σ₈ = 2.38e-01  σ₈ = 2.38e-01  σ₈ = 2.38e-01
#  k [Mpc⁻¹]    modes       P [Mpc³]       P [Mpc³]       P [Mpc³]
3.0679616e-03         3  4.7496870e+03  4.7496870e+03  4.7500812e+03
5.8212951e-03        25  6.9198730e+03  6.9545048e+03  6.9524818e+03
1.0440195e-02       124  8.0098854e+03  8.1018463e+03  8.1277304e+03
1.6729547e-02       418  7.1994768e+03  7.2652655e+03  7.2580005e+03
2.3240110e-02       730  5.5363983e+03  5.5374883e+03  5.5665167e+03
2.9075630e-02      1012  4.3523928e+03  4.3418477e+03  4.3396930e+03
3.4544381e-02      1408  3.6237063e+03  3.6152725e+03  3.6092451e+03
3.9898901e-02      1841  3.1602465e+03  3.1577428e+03  3.1741387e+03
4.5580519e-02      2698  2.8233989e+03  2.8260070e+03  2.8343937e+03
5.1612543e-02      3532  2.4462045e+03  2.4500519e+03  2.4664239e+03
5.7899473e-02      4702  2.0332088e+03  2.0335948e+03  2.0479215e+03
6.4462744e-02      6019  1.6562479e+03  1.6523140e+03  1.6551093e+03
7.1309305e-02      7766  1.3796370e+03  1.3743696e+03  1.3787232e+03
7.8556104e-02     10012  1.2336723e+03  1.2309211e+03  1.2348607e+03
8.6194331e-02     12589  1.1562236e+03  1.1577231e+03  1.1596744e+03
9.4153926e-02     15650  1.0487778e+03  1.0516997e+03  1.0563497e+03
1.0254095e-01     19757  8.8521995e+02  8.8545390e+02  8.9058043e+02
1.1136076e-01     24241  7.2427450e+02  7.2171590e+02  7.2088209e+02
1.2060245e-01     29993  6.1136826e+02  6.0931852e+02  6.0719165e+02
1.3029316e-01     36494  5.3945302e+02  5.3973272e+02  5.3893981e+02
1.4046583e-01     44825  4.7473783e+02  4.7536477e+02  4.7206059e+02
1.5111985e-01     53906  4.0752571e+02  4.0654011e+02  4.0195761e+02
1.6229170e-01     65729  3.6031377e+02  3.5930683e+02  3.5674786e+02
1.7401323e-01     78746  3.3306390e+02  3.3370241e+02  3.3348991e+02
1.8625264e-01     94374  2.9725046e+02  2.9780742e+02  2.9814892e+02
1.9902230e-01    112166  2.4998271e+02  2.4947709e+02  2.4747145e+02
2.1238854e-01    134373  2.1212909e+02  2.1151677e+02  2.0667703e+02
2.2637810e-01    159077  1.8708917e+02  1.8689441e+02  1.8103351e+02
2.4096993e-01    188172  1.6818276e+02  1.6810064e+02  1.6486058e+02
2.5621802e-01    222492  1.5374182e+02  1.5388947e+02  1.5256730e+02
2.7214102e-01    261771  1.3678472e+02  1.3692406e+02  1.3615498e+02
2.8873063e-01    306759  1.1707607e+02  1.1681204e+02  1.1342005e+02
3.0605468e-01    360898  1.0155181e+02  1.0119210e+02  9.5756813e+01
3.2421519e-01    425046  9.2110296e+01  9.2157441e+01  8.8352999e+01
3.4337900e-01    505555  8.3591607e+01  8.3805331e+01  8.2847205e+01
3.6368055e-01    600292  7.3310009e+01  7.3214018e+01  7.1296092e+01
3.8517334e-01    712930  6.3515427e+01  6.3207031e+01  5.8808162e+01
4.0793004e-01    846715  5.6763427e+01  5.6811339e+01  5.3637688e+01
4.3202621e-01   1005596  5.1106524e+01  5.1277411e+01  5.0160034e+01
4.5754560e-01   1194719  4.4399226e+01  4.4159812e+01  4.1550127e+01
4.8457948e-01   1419743  3.8976686e+01  3.8928218e+01  3.5822890e+01
5.1321525e-01   1686576  3.4729539e+01  3.4880144e+01  3.3777760e+01
5.4354215e-01   2003484  3.0376531e+01  3.0152953e+01  2.8058030e+01
5.7565178e-01   2378778  2.6655142e+01  2.6726140e+01  2.4718518e+01
6.0966698e-01   2828400  2.3472227e+01  2.3465049e+01  2.2568447e+01
6.4568974e-01   3356890  2.0512320e+01  2.0442905e+01  1.8658702e+01
6.8383752e-01   3990317  1.8042341e+01  1.8121315e+01  1.7271789e+01
7.2424344e-01   4738457  1.5868531e+01  1.5782243e+01  1.4367769e+01
7.6703215e-01   5629661  1.4128822e+01  1.4183796e+01  1.3128667e+01
8.1235262e-01   6687903  1.2819881e+01  1.2766457e+01  1.1008423e+01
8.6035444e-01   7945758  1.2113428e+01  1.2122707e+01  9.9608065e+00
9.1118812e-01   9436555  1.2110292e+01  1.2139772e+01  8.4721738e+00
9.6501980e-01  11210320  1.2920847e+01  1.2859941e+01  7.4727289e+00
1.0220366e+00  13318613  1.4852414e+01  1.4883334e+01  6.5648589e+00
1.0824208e+00  15819192  1.8334318e+01  1.8342539e+01  5.6286429e+00
1.1463741e+00  18795348  2.4029514e+01  2.3940817e+01  4.9058904e+00
1.2141088e+00  22326034  3.2536910e+01  3.2464397e+01  4.3091010e+00
1.2858419e+00  26520842  4.4407194e+01  4.4360803e+01  3.7499219e+00
1.3618105e+00  31503438  5.8536282e+01  5.8601537e+01  3.2454030e+00
1.4422695e+00  37426927  7.0526219e+01  7.0569059e+01  2.8206594e+00
1.5275481e+00  44525830  7.4764619e+01  7.4801025e+01  2.4442653e+00
