# Power spectrum from CO𝘕CEPT job 4701186 at t = 4.5276054 Gyr, a = 0.41666667
#
# Components:
#   0: matter  (upstream grid size 1024)
#
#                           grid size 1024
# ╭────────────────────────────────────────────────────────────────╮
#                         component 0    (corrected)      (linear)
#                        σ₈ = 3.86e-01  σ₈ = 3.86e-01  σ₈ = 3.77e-01
#  k [Mpc⁻¹]    modes       P [Mpc³]       P [Mpc³]       P [Mpc³]
3.0679616e-03         3  1.2017603e+04  1.2017603e+04  1.2015760e+04
5.8212951e-03        25  1.7502324e+04  1.7589918e+04  1.7578558e+04
1.0440195e-02       124  2.0205574e+04  2.0437553e+04  2.0539863e+04
1.6729547e-02       418  1.8197349e+04  1.8363637e+04  1.8336064e+04
2.3240110e-02       730  1.3937534e+04  1.3940279e+04  1.4060391e+04
2.9075630e-02      1012  1.0994877e+04  1.0968238e+04  1.0960599e+04
3.4544381e-02      1408  9.1632132e+03  9.1418869e+03  9.1152499e+03
3.9898901e-02      1841  7.9588342e+03  7.9525286e+03  8.0160906e+03
4.5580519e-02      2698  7.1231645e+03  7.1297446e+03  7.1578937e+03
5.1612543e-02      3532  6.1603019e+03  6.1699911e+03  6.2285062e+03
5.7899473e-02      4702  5.1247084e+03  5.1256814e+03  5.1715736e+03
6.4462744e-02      6019  4.2011119e+03  4.1911336e+03  4.1795626e+03
7.1309305e-02      7766  3.5061709e+03  3.4927844e+03  3.4815859e+03
7.8556104e-02     10012  3.1394475e+03  3.1324463e+03  3.1182771e+03
8.6194331e-02     12589  2.9436094e+03  2.9474270e+03  2.9283984e+03
9.4153926e-02     15650  2.6690282e+03  2.6764643e+03  2.6674708e+03
1.0254095e-01     19757  2.2633101e+03  2.2639083e+03  2.2488646e+03
1.1136076e-01     24241  1.8746152e+03  1.8679928e+03  1.8203417e+03
1.2060245e-01     29993  1.5952195e+03  1.5898712e+03  1.5332511e+03
1.3029316e-01     36494  1.4110908e+03  1.4118224e+03  1.3609017e+03
1.4046583e-01     44825  1.2504556e+03  1.2521070e+03  1.1920196e+03
1.5111985e-01     53906  1.0869211e+03  1.0842924e+03  1.0149979e+03
1.6229170e-01     65729  9.6461801e+02  9.6192228e+02  9.0083587e+02
1.7401323e-01     78746  8.8899709e+02  8.9070137e+02  8.4210546e+02
1.8625264e-01     94374  7.9738661e+02  7.9888068e+02  7.5286410e+02
1.9902230e-01    112166  6.8424359e+02  6.8285962e+02  6.2489645e+02
2.1238854e-01    134373  5.9445785e+02  5.9274192e+02  5.2188504e+02
2.2637810e-01    159077  5.3167434e+02  5.3112086e+02  4.5713169e+02
2.4096993e-01    188172  4.7946031e+02  4.7922619e+02  4.1629284e+02
2.5621802e-01    222492  4.3862169e+02  4.3904293e+02  3.8525062e+02
2.7214102e-01    261771  3.9403732e+02  3.9443873e+02  3.4380741e+02
2.8873063e-01    306759  3.4809230e+02  3.4730730e+02  2.8639892e+02
3.0605468e-01    360898  3.1024598e+02  3.0914704e+02  2.4179709e+02
3.2421519e-01    425046  2.8327913e+02  2.8342412e+02  2.2310154e+02
3.4337900e-01    505555  2.5688804e+02  2.5754484e+02  2.0919871e+02
3.6368055e-01    600292  2.3124140e+02  2.3093862e+02  1.8003078e+02
3.8517334e-01    712930  2.0806617e+02  2.0705591e+02  1.4849730e+02
4.0793004e-01    846715  1.8826066e+02  1.8841957e+02  1.3544124e+02
4.3202621e-01   1005596  1.7080509e+02  1.7137622e+02  1.2665974e+02
4.5754560e-01   1194719  1.5401924e+02  1.5318872e+02  1.0491874e+02
4.8457948e-01   1419743  1.3917286e+02  1.3899980e+02  9.0456807e+01
5.1321525e-01   1686576  1.2619790e+02  1.2674516e+02  8.5292613e+01
5.4354215e-01   2003484  1.1423740e+02  1.1339659e+02  7.0849645e+01
5.7565178e-01   2378778  1.0361884e+02  1.0389483e+02  6.2416999e+01
6.0966698e-01   2828400  9.4012401e+01  9.3983648e+01  5.6987823e+01
6.4568974e-01   3356890  8.5448887e+01  8.5159722e+01  4.7115279e+01
6.8383752e-01   3990317  7.8089315e+01  7.8431123e+01  4.3613165e+01
7.2424344e-01   4738457  7.1663499e+01  7.1273813e+01  3.6280192e+01
7.6703215e-01   5629661  6.6483735e+01  6.6742416e+01  3.3151319e+01
8.1235262e-01   6687903  6.2530790e+01  6.2270209e+01  2.7797469e+01
8.6035444e-01   7945758  5.9921065e+01  5.9966964e+01  2.5152119e+01
9.1118812e-01   9436555  5.8879454e+01  5.9022783e+01  2.1393156e+01
9.6501980e-01  11210320  5.9484165e+01  5.9203771e+01  1.8869447e+01
1.0220366e+00  13318613  6.1740174e+01  6.1868708e+01  1.6576975e+01
1.0824208e+00  15819192  6.5545331e+01  6.5574721e+01  1.4212926e+01
1.1463741e+00  18795348  7.0377144e+01  7.0117369e+01  1.2387896e+01
1.2141088e+00  22326034  7.5193743e+01  7.5026162e+01  1.0880937e+01
1.2858419e+00  26520842  7.9008105e+01  7.8925568e+01  9.4689487e+00
1.3618105e+00  31503438  8.1295792e+01  8.1386419e+01  8.1949832e+00
1.4422695e+00  37426927  8.2100637e+01  8.2150508e+01  7.1224591e+00
1.5275481e+00  44525830  8.2039016e+01  8.2078963e+01  6.1720227e+00
