# Power spectrum from CO𝘕CEPT job 4559676 at t = 10.261595 Gyr, a = 0.76923077
#
# Components:
#   0: matter  (upstream grid size 1024)
#
#                           grid size 1024
# ╭────────────────────────────────────────────────────────────────╮
#                         component 0    (corrected)      (linear)
#                        σ₈ = 6.72e-01  σ₈ = 6.71e-01  σ₈ = 6.26e-01
#  k [Mpc⁻¹]    modes       P [Mpc³]       P [Mpc³]       P [Mpc³]
2.4543693e-02         3  3.5364567e+04  3.5364567e+04  3.6208531e+04
4.6570361e-02        25  1.8541218e+04  1.8819539e+04  1.9130652e+04
8.3521561e-02       124  8.5002747e+03  8.3099735e+03  8.1567576e+03
1.3383638e-01       418  4.1355825e+03  4.0882831e+03  3.5589942e+03
1.8592088e-01       730  2.4075100e+03  2.4617122e+03  2.0600040e+03
2.3260504e-01      1012  1.7815880e+03  1.7690550e+03  1.1937646e+03
2.7635505e-01      1408  1.4468057e+03  1.4486239e+03  8.9806489e+02
3.1919121e-01      1841  1.2381027e+03  1.2312278e+03  6.1698855e+02
3.6464415e-01      2698  9.9611420e+02  9.8978669e+02  4.8718615e+02
4.1290034e-01      3532  8.8398076e+02  8.9125695e+02  3.6606441e+02
4.6319578e-01      4702  7.7031819e+02  7.5566758e+02  2.7391219e+02
5.1570195e-01      6019  6.9521786e+02  7.0301222e+02  2.3055230e+02
5.7047444e-01      7766  6.2764211e+02  6.2699533e+02  1.7185690e+02
6.2844883e-01     10012  5.5901946e+02  5.5018785e+02  1.3924399e+02
6.8955465e-01     12589  5.0828565e+02  5.0978960e+02  1.1641820e+02
7.5323141e-01     15650  4.6936139e+02  4.7336479e+02  9.2863967e+01
8.2032763e-01     19757  4.3373638e+02  4.3236941e+02  7.4243670e+01
8.9088605e-01     24241  3.9730069e+02  3.9327361e+02  6.1358816e+01
9.6481958e-01     29993  3.5975949e+02  3.5682993e+02  5.1504794e+01
1.0423453e+00     36494  3.3311131e+02  3.3128176e+02  4.2928374e+01
1.1237267e+00     44825  3.0241373e+02  3.0111941e+02  3.5940517e+01
1.2089588e+00     53906  2.7854220e+02  2.7777327e+02  3.0058373e+01
1.2983336e+00     65729  2.5764583e+02  2.5691790e+02  2.5212253e+01
1.3921058e+00     78746  2.3601011e+02  2.3526526e+02  2.1218154e+01
1.4900211e+00     94374  2.1482134e+02  2.1415501e+02  1.7911405e+01
1.5921784e+00    112166  1.9548963e+02  1.9532629e+02  1.5181787e+01
1.6991083e+00    134373  1.7785379e+02  1.7787653e+02  1.2953473e+01
1.8110248e+00    159077  1.6260241e+02  1.6238491e+02  1.1061365e+01
1.9277595e+00    188172  1.4826181e+02  1.4807865e+02  9.4678980e+00
2.0497441e+00    222492  1.3481285e+02  1.3475562e+02  8.1175436e+00
2.1771282e+00    261771  1.2215138e+02  1.2204573e+02  6.9805874e+00
2.3098450e+00    306759  1.1113982e+02  1.1105402e+02  6.0152232e+00
2.4484375e+00    360898  1.0056330e+02  1.0047825e+02  5.1940212e+00
2.5937215e+00    425046  9.1102120e+01  9.1026175e+01  4.4899533e+00
2.7470320e+00    505555  8.2467887e+01  8.2394915e+01  3.8824031e+00
2.9094444e+00    600292  7.4557407e+01  7.4490460e+01  3.3553111e+00
3.0813867e+00    712930  6.7090003e+01  6.7030599e+01  2.8987395e+00
3.2634403e+00    846715  6.0601189e+01  6.0547285e+01  2.5036808e+00
3.4562097e+00   1005596  5.4535553e+01  5.4487589e+01  2.1616682e+00
3.6603648e+00   1194719  4.9018693e+01  4.8975257e+01  1.8658677e+00
3.8766358e+00   1419743  4.4004630e+01  4.3965082e+01  1.6099099e+00
4.1057220e+00   1686576  3.9482627e+01  3.9447186e+01  1.3885563e+00
4.3483372e+00   2003484  3.5297561e+01  3.5265748e+01  1.1972411e+00
4.6052142e+00   2378778  3.1474017e+01  3.1445482e+01  1.0320898e+00
4.8773359e+00   2828400  2.8184463e+01  2.8158753e+01  8.8939030e-01
5.1655179e+00   3356890  2.5174847e+01  2.5151869e+01  7.6617862e-01
5.4707002e+00   3990317  2.2466781e+01  2.2446278e+01  6.5982352e-01
5.7939476e+00   4738457  2.0063562e+01  2.0044909e+01  5.6811252e-01
6.1362572e+00   5629661  1.7848844e+01  1.7832614e+01  4.8899055e-01
6.4988210e+00   6687903  1.5899671e+01  1.5884823e+01  4.2080051e-01
6.8828355e+00   7945758  1.4124242e+01  1.4111151e+01  3.6199124e-01
7.2895050e+00   9436555  1.2550329e+01  1.2538710e+01  3.1133356e-01
7.7201584e+00  11210320  1.1148657e+01  1.1138054e+01  2.6768156e-01
8.1762927e+00  13318613  9.8782613e+00  9.8689035e+00  2.3010403e-01
8.6593661e+00  15819192  8.7540238e+00  8.7458465e+00  1.9775222e-01
9.1709925e+00  18795348  7.7456913e+00  7.7382925e+00  1.6988876e-01
9.7128705e+00  22326034  6.8536007e+00  6.8470623e+00  1.4592172e-01
1.0286736e+01  26520842  6.0544736e+00  6.0485478e+00  1.2531300e-01
1.0894484e+01  31503438  5.3533412e+00  5.3482295e+00  1.0762610e-01
1.1538156e+01  37426927  4.7239287e+00  4.7194023e+00  9.2413015e-02
1.2220385e+01  44525830  4.1626926e+00  4.1586803e+00  7.9322401e-02
