# Power spectrum from CO𝘕CEPT job 4559676 at t = 4.270349 Gyr, a = 0.4
#
# Components:
#   0: matter  (upstream grid size 1024)
#
#                           grid size 1024
# ╭────────────────────────────────────────────────────────────────╮
#                         component 0    (corrected)      (linear)
#                        σ₈ = 3.75e-01  σ₈ = 3.74e-01  σ₈ = 3.65e-01
#  k [Mpc⁻¹]    modes       P [Mpc³]       P [Mpc³]       P [Mpc³]
2.4543693e-02         3  1.2170205e+04  1.2170205e+04  1.2305276e+04
4.6570361e-02        25  6.3774587e+03  6.4731904e+03  6.5033396e+03
8.3521561e-02       124  2.8014166e+03  2.7386994e+03  2.7731520e+03
1.3383638e-01       418  1.3072127e+03  1.2922619e+03  1.2100395e+03
1.8592088e-01       730  7.1723746e+02  7.3338521e+02  7.0039913e+02
2.3260504e-01      1012  4.9787307e+02  4.9437067e+02  4.0588066e+02
2.7635505e-01      1408  3.7976494e+02  3.8024220e+02  3.0534336e+02
3.1919121e-01      1841  2.9247195e+02  2.9084791e+02  2.0977732e+02
3.6464415e-01      2698  2.3147003e+02  2.2999969e+02  1.6564444e+02
4.1290034e-01      3532  1.8901803e+02  1.9057387e+02  1.2446286e+02
4.6319578e-01      4702  1.5540740e+02  1.5245172e+02  9.3130924e+01
5.1570195e-01      6019  1.3178537e+02  1.3326287e+02  7.8388477e+01
5.7047444e-01      7766  1.1157617e+02  1.1146119e+02  5.8431886e+01
6.2844883e-01     10012  9.8750596e+01  9.7190494e+01  4.7343409e+01
6.8955465e-01     12589  8.6435525e+01  8.6691277e+01  3.9582579e+01
7.5323141e-01     15650  7.6582019e+01  7.7235223e+01  3.1574068e+01
8.2032763e-01     19757  6.6643861e+01  6.6433825e+01  2.5243110e+01
8.9088605e-01     24241  6.0685742e+01  6.0070626e+01  2.0862219e+01
9.6481958e-01     29993  5.3816867e+01  5.3378630e+01  1.7511820e+01
1.0423453e+00     36494  4.8965457e+01  4.8696524e+01  1.4595809e+01
1.1237267e+00     44825  4.4536836e+01  4.4346219e+01  1.2219914e+01
1.2089588e+00     53906  4.0993869e+01  4.0880703e+01  1.0219965e+01
1.2983336e+00     65729  3.7426135e+01  3.7320394e+01  8.5722680e+00
1.3921058e+00     78746  3.4460140e+01  3.4351383e+01  7.2142605e+00
1.4900211e+00     94374  3.1584105e+01  3.1486139e+01  6.0899543e+00
1.5921784e+00    112166  2.9452580e+01  2.9427970e+01  5.1618744e+00
1.6991083e+00    134373  2.6959832e+01  2.6963280e+01  4.4042397e+00
1.8110248e+00    159077  2.4972170e+01  2.4938766e+01  3.7609158e+00
1.9277595e+00    188172  2.3096962e+01  2.3068428e+01  3.2191313e+00
2.0497441e+00    222492  2.1352861e+01  2.1343796e+01  2.7600057e+00
2.1771282e+00    261771  1.9871887e+01  1.9854700e+01  2.3734363e+00
2.3098450e+00    306759  1.8435843e+01  1.8421610e+01  2.0452088e+00
2.4484375e+00    360898  1.7054751e+01  1.7040326e+01  1.7659969e+00
2.5937215e+00    425046  1.5835644e+01  1.5822443e+01  1.5266110e+00
2.7470320e+00    505555  1.4676139e+01  1.4663153e+01  1.3200415e+00
2.9094444e+00    600292  1.3526228e+01  1.3514082e+01  1.1408280e+00
3.0813867e+00    712930  1.2467317e+01  1.2456278e+01  9.8559177e-01
3.2634403e+00    846715  1.1464178e+01  1.1453981e+01  8.5127014e-01
3.4562097e+00   1005596  1.0526460e+01  1.0517202e+01  7.3498434e-01
3.6603648e+00   1194719  9.6294041e+00  9.6208714e+00  6.3441081e-01
3.8766358e+00   1419743  8.8209174e+00  8.8129898e+00  5.4738396e-01
4.1057220e+00   1686576  8.0391488e+00  8.0319327e+00  4.7212268e-01
4.3483372e+00   2003484  7.2968719e+00  7.2902954e+00  4.0707458e-01
4.6052142e+00   2378778  6.6253619e+00  6.6193550e+00  3.5092226e-01
4.8773359e+00   2828400  5.9973535e+00  5.9918827e+00  3.0240367e-01
5.1655179e+00   3356890  5.4074296e+00  5.4024940e+00  2.6051100e-01
5.4707002e+00   3990317  4.8718703e+00  4.8674242e+00  2.2434963e-01
5.7939476e+00   4738457  4.3790383e+00  4.3749672e+00  1.9316732e-01
6.1362572e+00   5629661  3.9348983e+00  3.9313203e+00  1.6626532e-01
6.4988210e+00   6687903  3.5300469e+00  3.5267503e+00  1.4308024e-01
6.8828355e+00   7945758  3.1640824e+00  3.1611497e+00  1.2308465e-01
7.2895050e+00   9436555  2.8316660e+00  2.8290446e+00  1.0586063e-01
7.7201584e+00  11210320  2.5377781e+00  2.5353646e+00  9.1018581e-02
8.1762927e+00  13318613  2.2700054e+00  2.2678550e+00  7.8241878e-02
8.6593661e+00  15819192  2.0262492e+00  2.0243564e+00  6.7241942e-02
9.1709925e+00  18795348  1.8100682e+00  1.8083392e+00  5.7768067e-02
9.7128705e+00  22326034  1.6140223e+00  1.6124825e+00  4.9618995e-02
1.0286736e+01  26520842  1.4380510e+00  1.4366435e+00  4.2611771e-02
1.0894484e+01  31503438  1.2816466e+00  1.2804228e+00  3.6597985e-02
1.1538156e+01  37426927  1.1426416e+00  1.1415468e+00  3.1425307e-02
1.2220385e+01  44525830  1.0192659e+00  1.0182834e+00  2.6974280e-02
