# Power spectrum from CO𝘕CEPT job 4559676 at t = 4.0358434 Gyr, a = 0.38461538
#
# Components:
#   0: matter  (upstream grid size 1024)
#
#                           grid size 1024
# ╭────────────────────────────────────────────────────────────────╮
#                         component 0    (corrected)      (linear)
#                        σ₈ = 3.61e-01  σ₈ = 3.60e-01  σ₈ = 3.52e-01
#  k [Mpc⁻¹]    modes       P [Mpc³]       P [Mpc³]       P [Mpc³]
2.4543693e-02         3  1.1319145e+04  1.1319145e+04  1.1438657e+04
4.6570361e-02        25  5.9307988e+03  6.0198257e+03  6.0454299e+03
8.3521561e-02       124  2.6027433e+03  2.5444740e+03  2.5779057e+03
1.3383638e-01       418  1.2115614e+03  1.1977045e+03  1.1248476e+03
1.8592088e-01       730  6.6315577e+02  6.7808593e+02  6.5108850e+02
2.3260504e-01      1012  4.5840739e+02  4.5518263e+02  3.7730528e+02
2.7635505e-01      1408  3.4889967e+02  3.4933814e+02  2.8384618e+02
3.1919121e-01      1841  2.6710074e+02  2.6561758e+02  1.9500833e+02
3.6464415e-01      2698  2.1133651e+02  2.0999406e+02  1.5398255e+02
4.1290034e-01      3532  1.7142912e+02  1.7284018e+02  1.1570029e+02
4.6319578e-01      4702  1.4056156e+02  1.3788824e+02  8.6574220e+01
5.1570195e-01      6019  1.1911740e+02  1.2045287e+02  7.2869688e+01
5.7047444e-01      7766  1.0055459e+02  1.0045097e+02  5.4318103e+01
6.2844883e-01     10012  8.8716956e+01  8.7315370e+01  4.4010290e+01
6.8955465e-01     12589  7.7368900e+01  7.7597825e+01  3.6795846e+01
7.5323141e-01     15650  6.8275274e+01  6.8857626e+01  2.9351159e+01
8.2032763e-01     19757  5.9299931e+01  5.9113040e+01  2.3465920e+01
8.9088605e-01     24241  5.3824025e+01  5.3278459e+01  1.9393457e+01
9.6481958e-01     29993  4.7657495e+01  4.7269414e+01  1.6278936e+01
1.0423453e+00     36494  4.3183755e+01  4.2946577e+01  1.3568221e+01
1.1237267e+00     44825  3.9291102e+01  3.9122937e+01  1.1359597e+01
1.2089588e+00     53906  3.6033657e+01  3.5934184e+01  9.5004502e+00
1.2983336e+00     65729  3.2840414e+01  3.2747629e+01  7.9687556e+00
1.3921058e+00     78746  3.0196141e+01  3.0100842e+01  6.7063559e+00
1.4900211e+00     94374  2.7654278e+01  2.7568501e+01  5.6612043e+00
1.5921784e+00    112166  2.5726256e+01  2.5704760e+01  4.7984640e+00
1.6991083e+00    134373  2.3508708e+01  2.3511715e+01  4.0941690e+00
1.8110248e+00    159077  2.1784719e+01  2.1755579e+01  3.4961370e+00
1.9277595e+00    188172  2.0137510e+01  2.0112632e+01  2.9924957e+00
2.0497441e+00    222492  1.8650674e+01  1.8642756e+01  2.5656939e+00
2.1771282e+00    261771  1.7394540e+01  1.7379496e+01  2.2063402e+00
2.3098450e+00    306759  1.6125143e+01  1.6112694e+01  1.9012208e+00
2.4484375e+00    360898  1.4958362e+01  1.4945711e+01  1.6416662e+00
2.5937215e+00    425046  1.3902342e+01  1.3890752e+01  1.4191338e+00
2.7470320e+00    505555  1.2905293e+01  1.2893873e+01  1.2271074e+00
2.9094444e+00    600292  1.1895326e+01  1.1884645e+01  1.0605111e+00
3.0813867e+00    712930  1.0991053e+01  1.0981321e+01  9.1620389e-01
3.2634403e+00    846715  1.0140757e+01  1.0131737e+01  7.9133889e-01
3.4562097e+00   1005596  9.3373965e+00  9.3291843e+00  6.8323994e-01
3.6603648e+00   1194719  8.5556535e+00  8.5480723e+00  5.8974706e-01
3.8766358e+00   1419743  7.8455137e+00  7.8384627e+00  5.0884714e-01
4.1057220e+00   1686576  7.1573613e+00  7.1509367e+00  4.3888446e-01
4.3483372e+00   2003484  6.4980146e+00  6.4921580e+00  3.7841592e-01
4.6052142e+00   2378778  5.9036817e+00  5.8983292e+00  3.2621687e-01
4.8773359e+00   2828400  5.3422535e+00  5.3373802e+00  2.8111411e-01
5.1655179e+00   3356890  4.8219827e+00  4.8175815e+00  2.4217079e-01
5.4707002e+00   3990317  4.3470479e+00  4.3430808e+00  2.0855528e-01
5.7939476e+00   4738457  3.9167362e+00  3.9130948e+00  1.7956828e-01
6.1362572e+00   5629661  3.5263755e+00  3.5231689e+00  1.5456025e-01
6.4988210e+00   6687903  3.1719975e+00  3.1690353e+00  1.3300744e-01
6.8828355e+00   7945758  2.8498340e+00  2.8471926e+00  1.1441958e-01
7.2895050e+00   9436555  2.5588725e+00  2.5565036e+00  9.8408176e-02
7.7201584e+00  11210320  2.2964896e+00  2.2943056e+00  8.4611032e-02
8.1762927e+00  13318613  2.0536296e+00  2.0516842e+00  7.2733832e-02
8.6593661e+00  15819192  1.8385943e+00  1.8368769e+00  6.2508309e-02
9.1709925e+00  18795348  1.6427364e+00  1.6411673e+00  5.3701409e-02
9.7128705e+00  22326034  1.4675248e+00  1.4661248e+00  4.6126042e-02
1.0286736e+01  26520842  1.3100526e+00  1.3087704e+00  3.9612134e-02
1.0894484e+01  31503438  1.1699837e+00  1.1688666e+00  3.4021723e-02
1.1538156e+01  37426927  1.0441377e+00  1.0431372e+00  2.9213204e-02
1.2220385e+01  44525830  9.3257187e-01  9.3167299e-01  2.5075530e-02
