# Power spectrum from CO𝘕CEPT job 4559676 at t = 5.1230837 Gyr, a = 0.45454545
#
# Components:
#   0: matter  (upstream grid size 1024)
#
#                           grid size 1024
# ╭────────────────────────────────────────────────────────────────╮
#                         component 0    (corrected)      (linear)
#                        σ₈ = 4.24e-01  σ₈ = 4.23e-01  σ₈ = 4.10e-01
#  k [Mpc⁻¹]    modes       P [Mpc³]       P [Mpc³]       P [Mpc³]
2.4543693e-02         3  1.5344627e+04  1.5344627e+04  1.5544693e+04
4.6570361e-02        25  8.0436845e+03  8.1644278e+03  8.2149207e+03
8.3521561e-02       124  3.5478769e+03  3.4684483e+03  3.5029324e+03
1.3383638e-01       418  1.6688392e+03  1.6497523e+03  1.5284625e+03
1.8592088e-01       730  9.2408562e+02  9.4489031e+02  8.8470801e+02
2.3260504e-01      1012  6.5034096e+02  6.4576600e+02  5.1268706e+02
2.7635505e-01      1408  5.0033761e+02  5.0096639e+02  3.8569347e+02
3.1919121e-01      1841  3.9304056e+02  3.9085808e+02  2.6497948e+02
3.6464415e-01      2698  3.1137865e+02  3.0940071e+02  2.0923314e+02
4.1290034e-01      3532  2.6037245e+02  2.6251562e+02  1.5721477e+02
4.6319578e-01      4702  2.1600410e+02  2.1189593e+02  1.1763794e+02
5.1570195e-01      6019  1.8376029e+02  1.8582050e+02  9.9016072e+01
5.7047444e-01      7766  1.5668071e+02  1.5651925e+02  7.3807984e+01
6.2844883e-01     10012  1.4001618e+02  1.3780414e+02  5.9801618e+01
6.8955465e-01     12589  1.2389047e+02  1.2425705e+02  4.9998557e+01
7.5323141e-01     15650  1.1104941e+02  1.1199660e+02  3.9882641e+01
8.2032763e-01     19757  9.7400847e+01  9.7093877e+01  3.1885718e+01
8.9088605e-01     24241  8.9422233e+01  8.8515841e+01  2.6352014e+01
9.6481958e-01     29993  7.9866987e+01  7.9216621e+01  2.2119973e+01
1.0423453e+00     36494  7.3363539e+01  7.2960604e+01  1.8436626e+01
1.1237267e+00     44825  6.6689456e+01  6.6404026e+01  1.5435525e+01
1.2089588e+00     53906  6.1859362e+01  6.1688595e+01  1.2909299e+01
1.2983336e+00     65729  5.6875636e+01  5.6714944e+01  1.0828017e+01
1.3921058e+00     78746  5.2440920e+01  5.2275416e+01  9.1126561e+00
1.4900211e+00     94374  4.8441598e+01  4.8291343e+01  7.6924939e+00
1.5921784e+00    112166  4.4883704e+01  4.4846201e+01  6.5201941e+00
1.6991083e+00    134373  4.1565929e+01  4.1571245e+01  5.5631913e+00
1.8110248e+00    159077  3.8451236e+01  3.8399802e+01  4.7505797e+00
1.9277595e+00    188172  3.5686995e+01  3.5642908e+01  4.0662271e+00
2.0497441e+00    222492  3.3044865e+01  3.3030836e+01  3.4862849e+00
2.1771282e+00    261771  3.0512893e+01  3.0486503e+01  2.9979916e+00
2.3098450e+00    306759  2.8288761e+01  2.8266922e+01  2.5833926e+00
2.4484375e+00    360898  2.6086593e+01  2.6064529e+01  2.2307074e+00
2.5937215e+00    425046  2.4061998e+01  2.4041940e+01  1.9283284e+00
2.7470320e+00    505555  2.2119133e+01  2.2099561e+01  1.6674011e+00
2.9094444e+00    600292  2.0319145e+01  2.0300900e+01  1.4410285e+00
3.0813867e+00    712930  1.8642090e+01  1.8625584e+01  1.2449426e+00
3.2634403e+00    846715  1.7008361e+01  1.6993233e+01  1.0752750e+00
3.4562097e+00   1005596  1.5525551e+01  1.5511897e+01  9.2838920e-01
3.6603648e+00   1194719  1.4121170e+01  1.4108657e+01  8.0135029e-01
3.8766358e+00   1419743  1.2765790e+01  1.2754318e+01  6.9142281e-01
4.1057220e+00   1686576  1.1550385e+01  1.1540017e+01  5.9635695e-01
4.3483372e+00   2003484  1.0437903e+01  1.0428495e+01  5.1419182e-01
4.6052142e+00   2378778  9.4069137e+00  9.3983850e+00  4.4326337e-01
4.8773359e+00   2828400  8.4624124e+00  8.4546929e+00  3.8197741e-01
5.1655179e+00   3356890  7.5986131e+00  7.5916775e+00  3.2906095e-01
5.4707002e+00   3990317  6.8201905e+00  6.8139664e+00  2.8338397e-01
5.7939476e+00   4738457  6.1026612e+00  6.0969876e+00  2.4399625e-01
6.1362572e+00   5629661  5.4650256e+00  5.4600562e+00  2.1001519e-01
6.4988210e+00   6687903  4.8854851e+00  4.8809227e+00  1.8072913e-01
6.8828355e+00   7945758  4.3627835e+00  4.3587398e+00  1.5547186e-01
7.2895050e+00   9436555  3.8853849e+00  3.8817879e+00  1.3371549e-01
7.7201584e+00  11210320  3.4610869e+00  3.4577953e+00  1.1496789e-01
8.1762927e+00  13318613  3.0827665e+00  3.0798461e+00  9.8829119e-02
8.6593661e+00  15819192  2.7426018e+00  2.7400398e+00  8.4934663e-02
9.1709925e+00  18795348  2.4405246e+00  2.4381934e+00  7.2967844e-02
9.7128705e+00  22326034  2.1680120e+00  2.1659437e+00  6.2674439e-02
1.0286736e+01  26520842  1.9255526e+00  1.9236680e+00  5.3823354e-02
1.0894484e+01  31503438  1.7096889e+00  1.7080564e+00  4.6227122e-02
1.1538156e+01  37426927  1.5180915e+00  1.5166369e+00  3.9693331e-02
1.2220385e+01  44525830  1.3467378e+00  1.3454397e+00  3.4071089e-02
