# Power spectrum from CO𝘕CEPT job 4559676 at t = 2.6133026 Gyr, a = 0.28571429
#
# Components:
#   0: matter  (upstream grid size 1024)
#
#                           grid size 1024
# ╭────────────────────────────────────────────────────────────────╮
#                         component 0    (corrected)      (linear)
#                        σ₈ = 2.69e-01  σ₈ = 2.68e-01  σ₈ = 2.65e-01
#  k [Mpc⁻¹]    modes       P [Mpc³]       P [Mpc³]       P [Mpc³]
2.4543693e-02         3  6.4388657e+03  6.4388657e+03  6.4854926e+03
4.6570361e-02        25  3.3706244e+03  3.4212207e+03  3.4280297e+03
8.3521561e-02       124  1.4736006e+03  1.4406101e+03  1.4618473e+03
1.3383638e-01       418  6.7411155e+02  6.6640161e+02  6.3787284e+02
1.8592088e-01       730  3.6453880e+02  3.7274596e+02  3.6921741e+02
2.3260504e-01      1012  2.4437812e+02  2.4265900e+02  2.1396155e+02
2.7635505e-01      1408  1.8375241e+02  1.8398333e+02  1.6096308e+02
3.1919121e-01      1841  1.3499966e+02  1.3425003e+02  1.1058509e+02
3.6464415e-01      2698  1.0658233e+02  1.0590530e+02  8.7320273e+01
4.1290034e-01      3532  8.3285290e+01  8.3970824e+01  6.5611226e+01
4.6319578e-01      4702  6.6632673e+01  6.5365392e+01  4.9094449e+01
5.1570195e-01      6019  5.6162588e+01  5.6792249e+01  4.1322900e+01
5.7047444e-01      7766  4.6210706e+01  4.6163086e+01  3.0802682e+01
6.2844883e-01     10012  3.9887773e+01  3.9257610e+01  2.4957336e+01
6.8955465e-01     12589  3.3563136e+01  3.3662445e+01  2.0866175e+01
7.5323141e-01     15650  2.8874591e+01  2.9120876e+01  1.6644447e+01
8.2032763e-01     19757  2.4811085e+01  2.4732890e+01  1.3307048e+01
8.9088605e-01     24241  2.1820718e+01  2.1599542e+01  1.0997638e+01
9.6481958e-01     29993  1.9095902e+01  1.8940401e+01  9.2314577e+00
1.0423453e+00     36494  1.6758623e+01  1.6666580e+01  7.6942667e+00
1.1237267e+00     44825  1.4987848e+01  1.4923700e+01  6.4418008e+00
1.2089588e+00     53906  1.3384845e+01  1.3347895e+01  5.3875167e+00
1.2983336e+00     65729  1.1997041e+01  1.1963146e+01  4.5189239e+00
1.3921058e+00     78746  1.0809171e+01  1.0775057e+01  3.8030427e+00
1.4900211e+00     94374  9.7346417e+00  9.7044470e+00  3.2103584e+00
1.5921784e+00    112166  8.8473106e+00  8.8399181e+00  2.7211158e+00
1.6991083e+00    134373  8.0329794e+00  8.0340068e+00  2.3217244e+00
1.8110248e+00    159077  7.3539150e+00  7.3440781e+00  1.9825925e+00
1.9277595e+00    188172  6.7403591e+00  6.7320322e+00  1.6969877e+00
2.0497441e+00    222492  6.2203267e+00  6.2176859e+00  1.4549570e+00
2.1771282e+00    261771  5.7141184e+00  5.7091764e+00  1.2511747e+00
2.3098450e+00    306759  5.2701111e+00  5.2660425e+00  1.0781476e+00
2.4484375e+00    360898  4.8830252e+00  4.8788953e+00  9.3095937e-01
2.5937215e+00    425046  4.5341943e+00  4.5304145e+00  8.0476567e-01
2.7470320e+00    505555  4.2020311e+00  4.1983129e+00  6.9587128e-01
2.9094444e+00    600292  3.8909611e+00  3.8874672e+00  6.0139780e-01
3.0813867e+00    712930  3.5962956e+00  3.5931113e+00  5.1956402e-01
3.2634403e+00    846715  3.3366767e+00  3.3337088e+00  4.4875551e-01
3.4562097e+00   1005596  3.0895181e+00  3.0868008e+00  3.8745469e-01
3.6603648e+00   1194719  2.8625616e+00  2.8600250e+00  3.3443668e-01
3.8766358e+00   1419743  2.6528378e+00  2.6504536e+00  2.8855989e-01
4.1057220e+00   1686576  2.4469806e+00  2.4447841e+00  2.4888538e-01
4.3483372e+00   2003484  2.2642234e+00  2.2621827e+00  2.1459480e-01
4.6052142e+00   2378778  2.0907489e+00  2.0888533e+00  1.8499369e-01
4.8773359e+00   2828400  1.9251825e+00  1.9234263e+00  1.5941675e-01
5.1655179e+00   3356890  1.7722721e+00  1.7706545e+00  1.3733269e-01
5.4707002e+00   3990317  1.6260258e+00  1.6245419e+00  1.1826993e-01
5.7939476e+00   4738457  1.4950100e+00  1.4936201e+00  1.0183191e-01
6.1362572e+00   5629661  1.3710725e+00  1.3698258e+00  8.7650281e-02
6.4988210e+00   6687903  1.2578982e+00  1.2567235e+00  7.5428044e-02
6.8828355e+00   7945758  1.1555543e+00  1.1544832e+00  6.4887171e-02
7.2895050e+00   9436555  1.0610037e+00  1.0600215e+00  5.5807351e-02
7.7201584e+00  11210320  9.7287819e-01  9.7195294e-01  4.7983198e-02
8.1762927e+00  13318613  8.9350011e-01  8.9265369e-01  4.1247808e-02
8.6593661e+00  15819192  8.1909812e-01  8.1833298e-01  3.5449053e-02
9.1709925e+00  18795348  7.5075254e-01  7.5003541e-01  3.0454771e-02
9.7128705e+00  22326034  6.8669449e-01  6.8603937e-01  2.6158868e-02
1.0286736e+01  26520842  6.2827788e-01  6.2766296e-01  2.2464900e-02
1.0894484e+01  31503438  5.7406355e-01  5.7351540e-01  1.9294631e-02
1.1538156e+01  37426927  5.2393358e-01  5.2343156e-01  1.6567759e-02
1.2220385e+01  44525830  4.7822963e-01  4.7776868e-01  1.4221310e-02
