# Power spectrum from CO𝘕CEPT job 4559676 at t = 2.2265221 Gyr, a = 0.25641026
#
# Components:
#   0: matter  (upstream grid size 1024)
#
#                           grid size 1024
# ╭────────────────────────────────────────────────────────────────╮
#                         component 0    (corrected)      (linear)
#                        σ₈ = 2.41e-01  σ₈ = 2.41e-01  σ₈ = 2.38e-01
#  k [Mpc⁻¹]    modes       P [Mpc³]       P [Mpc³]       P [Mpc³]
2.4543693e-02         3  5.2202773e+03  5.2202773e+03  5.2532865e+03
4.6570361e-02        25  2.7318259e+03  2.7728332e+03  2.7768262e+03
8.3521561e-02       124  1.1939163e+03  1.1671873e+03  1.1841634e+03
1.3383638e-01       418  5.4308010e+02  5.3686879e+02  5.1670824e+02
1.8592088e-01       730  2.9307604e+02  2.9967430e+02  2.9908456e+02
2.3260504e-01      1012  1.9445671e+02  1.9308876e+02  1.7331963e+02
2.7635505e-01      1408  1.4576403e+02  1.4594721e+02  1.3038823e+02
3.1919121e-01      1841  1.0580870e+02  1.0522117e+02  8.9579532e+01
3.6464415e-01      2698  8.3450396e+01  8.2920303e+01  7.0733856e+01
4.1290034e-01      3532  6.4653452e+01  6.5185624e+01  5.3148430e+01
4.6319578e-01      4702  5.1258245e+01  5.0283369e+01  3.9769003e+01
5.1570195e-01      6019  4.3097251e+01  4.3580431e+01  3.3473655e+01
5.7047444e-01      7766  3.5187096e+01  3.5150836e+01  2.4951744e+01
6.2844883e-01     10012  3.0103635e+01  2.9628045e+01  2.0216716e+01
6.8955465e-01     12589  2.5046698e+01  2.5120808e+01  1.6902668e+01
7.5323141e-01     15650  2.1422654e+01  2.1605378e+01  1.3482852e+01
8.2032763e-01     19757  1.8333250e+01  1.8275471e+01  1.0779390e+01
8.9088605e-01     24241  1.5945065e+01  1.5783445e+01  8.9086498e+00
9.6481958e-01     29993  1.3858997e+01  1.3746141e+01  7.4779535e+00
1.0423453e+00     36494  1.2048158e+01  1.1981986e+01  6.2327504e+00
1.1237267e+00     44825  1.0657209e+01  1.0611596e+01  5.2181891e+00
1.2089588e+00     53906  9.4578462e+00  9.4317372e+00  4.3641652e+00
1.2983336e+00     65729  8.3967385e+00  8.3730150e+00  3.6605606e+00
1.3921058e+00     78746  7.5070324e+00  7.4833401e+00  3.0806603e+00
1.4900211e+00     94374  6.7178673e+00  6.6970300e+00  2.6005557e+00
1.5921784e+00    112166  6.0471810e+00  6.0421282e+00  2.2042442e+00
1.6991083e+00    134373  5.4507516e+00  5.4514488e+00  1.8807167e+00
1.8110248e+00    159077  4.9593872e+00  4.9527533e+00  1.6060026e+00
1.9277595e+00    188172  4.5192869e+00  4.5137038e+00  1.3746480e+00
2.0497441e+00    222492  4.1271415e+00  4.1253894e+00  1.1785908e+00
2.1771282e+00    261771  3.7777879e+00  3.7745206e+00  1.0135166e+00
2.3098450e+00    306759  3.4631593e+00  3.4604857e+00  8.7335583e-01
2.4484375e+00    360898  3.1979771e+00  3.1952723e+00  7.5412583e-01
2.5937215e+00    425046  2.9515857e+00  2.9491252e+00  6.5190245e-01
2.7470320e+00    505555  2.7221851e+00  2.7197764e+00  5.6369240e-01
2.9094444e+00    600292  2.5069018e+00  2.5046508e+00  4.8716402e-01
3.0813867e+00    712930  2.3152319e+00  2.3131819e+00  4.2087445e-01
3.2634403e+00    846715  2.1440264e+00  2.1421193e+00  3.6351591e-01
3.4562097e+00   1005596  1.9884150e+00  1.9866661e+00  3.1385909e-01
3.6603648e+00   1194719  1.8429604e+00  1.8413273e+00  2.7091176e-01
3.8766358e+00   1419743  1.7005938e+00  1.6990655e+00  2.3374918e-01
4.1057220e+00   1686576  1.5715432e+00  1.5701326e+00  2.0161077e-01
4.3483372e+00   2003484  1.4484159e+00  1.4471105e+00  1.7383363e-01
4.6052142e+00   2378778  1.3379561e+00  1.3367431e+00  1.4985519e-01
4.8773359e+00   2828400  1.2319699e+00  1.2308461e+00  1.2913653e-01
5.1655179e+00   3356890  1.1370199e+00  1.1359821e+00  1.1124729e-01
5.4707002e+00   3990317  1.0480565e+00  1.0471000e+00  9.5805455e-02
5.7939476e+00   4738457  9.6673112e-01  9.6583235e-01  8.2489788e-02
6.1362572e+00   5629661  8.9289448e-01  8.9208256e-01  7.1001921e-02
6.4988210e+00   6687903  8.2588759e-01  8.2511633e-01  6.1101260e-02
6.8828355e+00   7945758  7.6566092e-01  7.6495125e-01  5.2562591e-02
7.2895050e+00   9436555  7.1183181e-01  7.1117281e-01  4.5207449e-02
7.7201584e+00  11210320  6.6226127e-01  6.6163143e-01  3.8869463e-02
8.1762927e+00  13318613  6.1732134e-01  6.1673654e-01  3.3413431e-02
8.6593661e+00  15819192  5.7622011e-01  5.7568185e-01  2.8716121e-02
9.1709925e+00  18795348  5.3702650e-01  5.3651353e-01  2.4670477e-02
9.7128705e+00  22326034  4.9946324e-01  4.9898675e-01  2.1190556e-02
1.0286736e+01  26520842  4.6425059e-01  4.6379620e-01  1.8198234e-02
1.0894484e+01  31503438  4.3114942e-01  4.3073773e-01  1.5630135e-02
1.1538156e+01  37426927  3.9970925e-01  3.9932626e-01  1.3421211e-02
1.2220385e+01  44525830  3.7035753e-01  3.7000056e-01  1.1520450e-02
