# Power spectrum from CO𝘕CEPT job 4559676 at t = 2.3139476 Gyr, a = 0.26315789
#
# Components:
#   0: matter  (upstream grid size 1024)
#
#                           grid size 1024
# ╭────────────────────────────────────────────────────────────────╮
#                         component 0    (corrected)      (linear)
#                        σ₈ = 2.48e-01  σ₈ = 2.47e-01  σ₈ = 2.44e-01
#  k [Mpc⁻¹]    modes       P [Mpc³]       P [Mpc³]       P [Mpc³]
2.4543693e-02         3  5.4907379e+03  5.4907379e+03  5.5265924e+03
4.6570361e-02        25  2.8735821e+03  2.9167173e+03  2.9212674e+03
8.3521561e-02       124  1.2559280e+03  1.2278108e+03  1.2457559e+03
1.3383638e-01       418  5.7204278e+02  5.6550022e+02  5.4358359e+02
1.8592088e-01       730  3.0882960e+02  3.1578253e+02  3.1464064e+02
2.3260504e-01      1012  2.0540533e+02  2.0396036e+02  1.8233437e+02
2.7635505e-01      1408  1.5407840e+02  1.5427203e+02  1.3717000e+02
3.1919121e-01      1841  1.1214799e+02  1.1152526e+02  9.4238752e+01
3.6464415e-01      2698  8.8473026e+01  8.7911028e+01  7.4412871e+01
4.1290034e-01      3532  6.8672761e+01  6.9238017e+01  5.5912789e+01
4.6319578e-01      4702  5.4559750e+01  5.3522083e+01  4.1837470e+01
5.1570195e-01      6019  4.5901412e+01  4.6416031e+01  3.5214687e+01
5.7047444e-01      7766  3.7542495e+01  3.7503808e+01  2.6249534e+01
6.2844883e-01     10012  3.2189403e+01  3.1680862e+01  2.1268228e+01
6.8955465e-01     12589  2.6847830e+01  2.6927270e+01  1.7781809e+01
7.5323141e-01     15650  2.2992225e+01  2.3188336e+01  1.4184122e+01
8.2032763e-01     19757  1.9698414e+01  1.9636332e+01  1.1340047e+01
8.9088605e-01     24241  1.7176780e+01  1.7002674e+01  9.3720062e+00
9.6481958e-01     29993  1.4954976e+01  1.4833196e+01  7.8668964e+00
1.0423453e+00     36494  1.3028608e+01  1.2957051e+01  6.5569278e+00
1.1237267e+00     44825  1.1556364e+01  1.1506903e+01  5.4895971e+00
1.2089588e+00     53906  1.0270573e+01  1.0242220e+01  4.5911537e+00
1.2983336e+00     65729  9.1392912e+00  9.1134697e+00  3.8509533e+00
1.3921058e+00     78746  8.1859899e+00  8.1601547e+00  3.2408912e+00
1.4900211e+00     94374  7.3385503e+00  7.3157878e+00  2.7358154e+00
1.5921784e+00    112166  6.6204248e+00  6.6148931e+00  2.3188910e+00
1.6991083e+00    134373  5.9779995e+00  5.9787640e+00  1.9785362e+00
1.8110248e+00    159077  5.4471440e+00  5.4398577e+00  1.6895336e+00
1.9277595e+00    188172  4.9728909e+00  4.9667475e+00  1.4461459e+00
2.0497441e+00    222492  4.5521063e+00  4.5501738e+00  1.2398913e+00
2.1771282e+00    261771  4.1707200e+00  4.1671128e+00  1.0662313e+00
2.3098450e+00    306759  3.8288344e+00  3.8258785e+00  9.1878050e-01
2.4484375e+00    360898  3.5399837e+00  3.5369898e+00  7.9334911e-01
2.5937215e+00    425046  3.2726952e+00  3.2699670e+00  6.8580890e-01
2.7470320e+00    505555  3.0217051e+00  3.0190313e+00  5.9301088e-01
2.9094444e+00    600292  2.7852050e+00  2.7827040e+00  5.1250212e-01
3.0813867e+00    712930  2.5729143e+00  2.5706361e+00  4.4276470e-01
3.2634403e+00    846715  2.3843753e+00  2.3822544e+00  3.8242284e-01
3.4562097e+00   1005596  2.2123448e+00  2.2103990e+00  3.3018327e-01
3.6603648e+00   1194719  2.0517546e+00  2.0499365e+00  2.8500218e-01
3.8766358e+00   1419743  1.8967881e+00  1.8950834e+00  2.4590671e-01
4.1057220e+00   1686576  1.7521589e+00  1.7505861e+00  2.1209672e-01
4.3483372e+00   2003484  1.6176552e+00  1.6161973e+00  1.8287484e-01
4.6052142e+00   2378778  1.4945501e+00  1.4931951e+00  1.5764924e-01
4.8773359e+00   2828400  1.3754448e+00  1.3741901e+00  1.3585297e-01
5.1655179e+00   3356890  1.2677484e+00  1.2665913e+00  1.1703328e-01
5.4707002e+00   3990317  1.1678051e+00  1.1667394e+00  1.0078829e-01
5.7939476e+00   4738457  1.0754634e+00  1.0744636e+00  8.6780058e-02
6.1362572e+00   5629661  9.9220138e-01  9.9129916e-01  7.4694690e-02
6.4988210e+00   6687903  9.1668826e-01  9.1583221e-01  6.4279083e-02
6.8828355e+00   7945758  8.4800980e-01  8.4722381e-01  5.5296307e-02
7.2895050e+00   9436555  7.8545411e-01  7.8472695e-01  4.7558615e-02
7.7201584e+00  11210320  7.2813560e-01  7.2744312e-01  4.0890984e-02
8.1762927e+00  13318613  6.7580540e-01  6.7516520e-01  3.5151178e-02
8.6593661e+00  15819192  6.2794708e-01  6.2736050e-01  3.0209557e-02
9.1709925e+00  18795348  5.8245565e-01  5.8189928e-01  2.5953496e-02
9.7128705e+00  22326034  5.3932657e-01  5.3881205e-01  2.2292583e-02
1.0286736e+01  26520842  4.9914109e-01  4.9865256e-01  1.9144629e-02
1.0894484e+01  31503438  4.6166504e-01  4.6122421e-01  1.6442963e-02
1.1538156e+01  37426927  4.2655954e-01  4.2615082e-01  1.4119153e-02
1.2220385e+01  44525830  3.9357913e-01  3.9319977e-01  1.2119534e-02
