# Power spectrum from CO𝘕CEPT job 4559676 at t = 4.8106637 Gyr, a = 0.43478261
#
# Components:
#   0: matter  (upstream grid size 1024)
#
#                           grid size 1024
# ╭────────────────────────────────────────────────────────────────╮
#                         component 0    (corrected)      (linear)
#                        σ₈ = 4.06e-01  σ₈ = 4.06e-01  σ₈ = 3.94e-01
#  k [Mpc⁻¹]    modes       P [Mpc³]       P [Mpc³]       P [Mpc³]
2.4543693e-02         3  1.4168615e+04  1.4168615e+04  1.4343334e+04
4.6570361e-02        25  7.4263834e+03  7.5378604e+03  7.5801842e+03
8.3521561e-02       124  3.2703040e+03  3.1970895e+03  3.2322972e+03
1.3383638e-01       418  1.5339794e+03  1.5164350e+03  1.4103774e+03
1.8592088e-01       730  8.4652136e+02  8.6557978e+02  8.1635831e+02
2.3260504e-01      1012  5.9290940e+02  5.8873846e+02  4.7307865e+02
2.7635505e-01      1408  4.5466477e+02  4.5523616e+02  3.5589619e+02
3.1919121e-01      1841  3.5469839e+02  3.5272882e+02  2.4450815e+02
3.6464415e-01      2698  2.8089142e+02  2.7910714e+02  1.9306858e+02
4.1290034e-01      3532  2.3290023e+02  2.3481727e+02  1.4506896e+02
4.6319578e-01      4702  1.9258918e+02  1.8892634e+02  1.0854969e+02
5.1570195e-01      6019  1.6361628e+02  1.6545065e+02  9.1366476e+01
5.7047444e-01      7766  1.3922662e+02  1.3908314e+02  6.8105868e+01
6.2844883e-01     10012  1.2405293e+02  1.2209309e+02  5.5181580e+01
6.8955465e-01     12589  1.0935286e+02  1.0967642e+02  4.6135867e+01
7.5323141e-01     15650  9.7669540e+01  9.8502609e+01  3.6801467e+01
8.2032763e-01     19757  8.5413967e+01  8.5144775e+01  2.9422354e+01
8.9088605e-01     24241  7.8218800e+01  7.7425966e+01  2.4316163e+01
9.6481958e-01     29993  6.9664596e+01  6.9097309e+01  2.0411072e+01
1.0423453e+00     36494  6.3843700e+01  6.3493051e+01  1.7012287e+01
1.1237267e+00     44825  5.8043288e+01  5.7794863e+01  1.4243039e+01
1.2089588e+00     53906  5.3766095e+01  5.3617670e+01  1.1911979e+01
1.2983336e+00     65729  4.9314529e+01  4.9175200e+01  9.9914888e+00
1.3921058e+00     78746  4.5495460e+01  4.5351876e+01  8.4086498e+00
1.4900211e+00     94374  4.1856829e+01  4.1726998e+01  7.0982037e+00
1.5921784e+00    112166  3.8927965e+01  3.8895439e+01  6.0164711e+00
1.6991083e+00    134373  3.5977347e+01  3.5981949e+01  5.1334025e+00
1.8110248e+00    159077  3.3276967e+01  3.3232454e+01  4.3835700e+00
1.9277595e+00    188172  3.0904929e+01  3.0866750e+01  3.7520878e+00
2.0497441e+00    222492  2.8594030e+01  2.8581891e+01  3.2169495e+00
2.1771282e+00    261771  2.6447575e+01  2.6424701e+01  2.7663798e+00
2.3098450e+00    306759  2.4537639e+01  2.4518695e+01  2.3838110e+00
2.4484375e+00    360898  2.2641242e+01  2.2622093e+01  2.0583729e+00
2.5937215e+00    425046  2.0953329e+01  2.0935861e+01  1.7793544e+00
2.7470320e+00    505555  1.9341488e+01  1.9324374e+01  1.5385854e+00
2.9094444e+00    600292  1.7785978e+01  1.7770007e+01  1.3297014e+00
3.0813867e+00    712930  1.6363206e+01  1.6348718e+01  1.1487643e+00
3.2634403e+00    846715  1.4973014e+01  1.4959696e+01  9.9220445e-01
3.4562097e+00   1005596  1.3695891e+01  1.3683845e+01  8.5666645e-01
3.6603648e+00   1194719  1.2481302e+01  1.2470242e+01  7.3944204e-01
3.8766358e+00   1419743  1.1303240e+01  1.1293081e+01  6.3800709e-01
4.1057220e+00   1686576  1.0295678e+01  1.0286436e+01  5.5028561e-01
4.3483372e+00   2003484  9.3165348e+00  9.3081380e+00  4.7446821e-01
4.6052142e+00   2378778  8.4072550e+00  8.3996326e+00  4.0901938e-01
4.8773359e+00   2828400  7.5907992e+00  7.5838748e+00  3.5246810e-01
5.1655179e+00   3356890  6.8243292e+00  6.8181004e+00  3.0363974e-01
5.4707002e+00   3990317  6.1324542e+00  6.1268577e+00  2.6149155e-01
5.7939476e+00   4738457  5.4992613e+00  5.4941486e+00  2.2514674e-01
6.1362572e+00   5629661  4.9285610e+00  4.9240794e+00  1.9379091e-01
6.4988210e+00   6687903  4.4088806e+00  4.4047633e+00  1.6676734e-01
6.8828355e+00   7945758  3.9414537e+00  3.9378005e+00  1.4346133e-01
7.2895050e+00   9436555  3.5168295e+00  3.5135737e+00  1.2338575e-01
7.7201584e+00  11210320  3.1407010e+00  3.1377140e+00  1.0608649e-01
8.1762927e+00  13318613  2.7972382e+00  2.7945884e+00  9.1194520e-02
8.6593661e+00  15819192  2.4919552e+00  2.4896274e+00  7.8373475e-02
9.1709925e+00  18795348  2.2163664e+00  2.2142493e+00  6.7331146e-02
9.7128705e+00  22326034  1.9691734e+00  1.9672948e+00  5.7832950e-02
1.0286736e+01  26520842  1.7501495e+00  1.7484366e+00  4.9665647e-02
1.0894484e+01  31503438  1.5558958e+00  1.5544102e+00  4.2656252e-02
1.1538156e+01  37426927  1.3822954e+00  1.3809710e+00  3.6627219e-02
1.2220385e+01  44525830  1.2295010e+00  1.2283159e+00  3.1439313e-02
