# Power spectrum from CO𝘕CEPT job 4559676 at t = 7.2998856 Gyr, a = 0.58823529
#
# Components:
#   0: matter  (upstream grid size 1024)
#
#                           grid size 1024
# ╭────────────────────────────────────────────────────────────────╮
#                         component 0    (corrected)      (linear)
#                        σ₈ = 5.38e-01  σ₈ = 5.37e-01  σ₈ = 5.12e-01
#  k [Mpc⁻¹]    modes       P [Mpc³]       P [Mpc³]       P [Mpc³]
2.4543693e-02         3  2.3793356e+04  2.3793356e+04  2.4217308e+04
4.6570361e-02        25  1.2477635e+04  1.2664936e+04  1.2796663e+04
8.3521561e-02       124  5.5825188e+03  5.4575392e+03  5.4563928e+03
1.3383638e-01       418  2.6691206e+03  2.6385934e+03  2.3807971e+03
1.8592088e-01       730  1.5126674e+03  1.5467233e+03  1.3780517e+03
2.3260504e-01      1012  1.0937941e+03  1.0860996e+03  7.9857753e+02
2.7635505e-01      1408  8.6296297e+02  8.6404747e+02  6.0076772e+02
3.1919121e-01      1841  7.0626028e+02  7.0233856e+02  4.1273973e+02
3.6464415e-01      2698  5.6204988e+02  5.5847963e+02  3.2590747e+02
4.1290034e-01      3532  4.9066487e+02  4.9470361e+02  2.4488210e+02
4.6319578e-01      4702  4.1907852e+02  4.1110810e+02  1.8323609e+02
5.1570195e-01      6019  3.6440871e+02  3.6849424e+02  1.5423013e+02
5.7047444e-01      7766  3.1599197e+02  3.1566634e+02  1.1496531e+02
6.2844883e-01     10012  2.8010015e+02  2.7567501e+02  9.3148601e+01
6.8955465e-01     12589  2.5522681e+02  2.5598200e+02  7.7879082e+01
7.5323141e-01     15650  2.3203584e+02  2.3401498e+02  6.2122255e+01
8.2032763e-01     19757  2.0556248e+02  2.0491462e+02  4.9666032e+01
8.9088605e-01     24241  1.8976263e+02  1.8783918e+02  4.1046586e+01
9.6481958e-01     29993  1.7348578e+02  1.7207306e+02  3.4454644e+01
1.0423453e+00     36494  1.5825491e+02  1.5738573e+02  2.8717365e+01
1.1237267e+00     44825  1.4647331e+02  1.4584641e+02  2.4042770e+01
1.2089588e+00     53906  1.3590999e+02  1.3553480e+02  2.0107852e+01
1.2983336e+00     65729  1.2583536e+02  1.2547983e+02  1.6865993e+01
1.3921058e+00     78746  1.1613007e+02  1.1576356e+02  1.4194102e+01
1.4900211e+00     94374  1.0704096e+02  1.0670895e+02  1.1982020e+01
1.5921784e+00    112166  9.8855439e+01  9.8772840e+01  1.0156015e+01
1.6991083e+00    134373  9.1102376e+01  9.1114028e+01  8.6653622e+00
1.8110248e+00    159077  8.3873447e+01  8.3761255e+01  7.3996172e+00
1.9277595e+00    188172  7.7005542e+01  7.6910411e+01  6.3336519e+00
2.0497441e+00    222492  7.0647495e+01  7.0617503e+01  5.4303188e+00
2.1771282e+00    261771  6.4727301e+01  6.4671320e+01  4.6697406e+00
2.3098450e+00    306759  5.9262996e+01  5.9217244e+01  4.0239505e+00
2.4484375e+00    360898  5.3997294e+01  5.3951625e+01  3.4745991e+00
2.5937215e+00    425046  4.9234422e+01  4.9193379e+01  3.0036058e+00
2.7470320e+00    505555  4.4787850e+01  4.4748219e+01  2.5971789e+00
2.9094444e+00    600292  4.0840988e+01  4.0804315e+01  2.2445753e+00
3.0813867e+00    712930  3.6996396e+01  3.6963638e+01  1.9391470e+00
3.2634403e+00    846715  3.3555379e+01  3.3525532e+01  1.6748684e+00
3.4562097e+00   1005596  3.0409272e+01  3.0382527e+01  1.4460755e+00
3.6603648e+00   1194719  2.7373834e+01  2.7349578e+01  1.2481966e+00
3.8766358e+00   1419743  2.4566047e+01  2.4543969e+01  1.0769709e+00
4.1057220e+00   1686576  2.2044730e+01  2.2024942e+01  9.2889408e-01
4.3483372e+00   2003484  1.9780103e+01  1.9762276e+01  8.0091175e-01
4.6052142e+00   2378778  1.7737428e+01  1.7721347e+01  6.9043195e-01
4.8773359e+00   2828400  1.5833276e+01  1.5818833e+01  5.9497155e-01
5.1655179e+00   3356890  1.4163409e+01  1.4150481e+01  5.1254771e-01
5.4707002e+00   3990317  1.2639834e+01  1.2628299e+01  4.4140025e-01
5.7939476e+00   4738457  1.1257563e+01  1.1247097e+01  3.8004910e-01
6.1362572e+00   5629661  1.0029483e+01  1.0020363e+01  3.2711952e-01
6.4988210e+00   6687903  8.9036829e+00  8.8953681e+00  2.8150297e-01
6.8828355e+00   7945758  7.9350425e+00  7.9276878e+00  2.4216178e-01
7.2895050e+00   9436555  7.0493326e+00  7.0428065e+00  2.0827367e-01
7.7201584e+00  11210320  6.2584693e+00  6.2525172e+00  1.7907209e-01
8.1762927e+00  13318613  5.5535693e+00  5.5483083e+00  1.5393410e-01
8.6593661e+00  15819192  4.9346384e+00  4.9300289e+00  1.3229190e-01
9.1709925e+00  18795348  4.3726276e+00  4.3684508e+00  1.1365223e-01
9.7128705e+00  22326034  3.8747071e+00  3.8710106e+00  9.7619118e-02
1.0286736e+01  26520842  3.4321147e+00  3.4287555e+00  8.3832590e-02
1.0894484e+01  31503438  3.0347524e+00  3.0318546e+00  7.2000647e-02
1.1538156e+01  37426927  2.6825524e+00  2.6799820e+00  6.1823587e-02
1.2220385e+01  44525830  2.3691799e+00  2.3668964e+00  5.3066379e-02
