# Power spectrum from CO𝘕CEPT job 4559676 at t = 2.727498 Gyr, a = 0.29411765
#
# Components:
#   0: matter  (upstream grid size 1024)
#
#                           grid size 1024
# ╭────────────────────────────────────────────────────────────────╮
#                         component 0    (corrected)      (linear)
#                        σ₈ = 2.77e-01  σ₈ = 2.76e-01  σ₈ = 2.72e-01
#  k [Mpc⁻¹]    modes       P [Mpc³]       P [Mpc³]       P [Mpc³]
2.4543693e-02         3  6.8089829e+03  6.8089829e+03  6.8601309e+03
4.6570361e-02        25  3.5646917e+03  3.6182010e+03  3.6260145e+03
8.3521561e-02       124  1.5587018e+03  1.5238062e+03  1.5462703e+03
1.3383638e-01       418  7.1417627e+02  7.0600810e+02  6.7470984e+02
1.8592088e-01       730  3.8649072e+02  3.9519210e+02  3.9053949e+02
2.3260504e-01      1012  2.5983557e+02  2.5800771e+02  2.2631766e+02
2.7635505e-01      1408  1.9555555e+02  1.9580131e+02  1.7025856e+02
3.1919121e-01      1841  1.4418090e+02  1.4338029e+02  1.1697128e+02
3.6464415e-01      2698  1.1385959e+02  1.1313633e+02  9.2362938e+01
4.1290034e-01      3532  8.9210645e+01  8.9944952e+01  6.9400212e+01
4.6319578e-01      4702  7.1554454e+01  7.0193567e+01  5.1929606e+01
5.1570195e-01      6019  6.0348353e+01  6.1024943e+01  4.3709257e+01
5.7047444e-01      7766  4.9767747e+01  4.9716462e+01  3.2581507e+01
6.2844883e-01     10012  4.3054835e+01  4.2374638e+01  2.6398597e+01
6.8955465e-01     12589  3.6352523e+01  3.6460086e+01  2.2071176e+01
7.5323141e-01     15650  3.1332300e+01  3.1599548e+01  1.7605646e+01
8.2032763e-01     19757  2.6946800e+01  2.6861874e+01  1.4075516e+01
8.9088605e-01     24241  2.3772970e+01  2.3532005e+01  1.1632740e+01
9.6481958e-01     29993  2.0837818e+01  2.0668133e+01  9.7645645e+00
1.0423453e+00     36494  1.8339085e+01  1.8238361e+01  8.1386023e+00
1.1237267e+00     44825  1.6445751e+01  1.6375364e+01  6.8138078e+00
1.2089588e+00     53906  1.4714370e+01  1.4673750e+01  5.6986398e+00
1.2983336e+00     65729  1.3219588e+01  1.3182238e+01  4.7798867e+00
1.3921058e+00     78746  1.1935727e+01  1.1898057e+01  4.0226640e+00
1.4900211e+00     94374  1.0764610e+01  1.0731221e+01  3.3957528e+00
1.5921784e+00    112166  9.8063156e+00  9.7981218e+00  2.8782570e+00
1.6991083e+00    134373  8.9214909e+00  8.9226320e+00  2.4558011e+00
1.8110248e+00    159077  8.1804534e+00  8.1695109e+00  2.0970848e+00
1.9277595e+00    188172  7.5049568e+00  7.4956854e+00  1.7949866e+00
2.0497441e+00    222492  6.9430962e+00  6.9401486e+00  1.5389788e+00
2.1771282e+00    261771  6.3864846e+00  6.3809611e+00  1.3234283e+00
2.3098450e+00    306759  5.8973562e+00  5.8928033e+00  1.1404091e+00
2.4484375e+00    360898  5.4657300e+00  5.4611073e+00  9.8472092e-01
2.5937215e+00    425046  5.0804405e+00  5.0762053e+00  8.5123967e-01
2.7470320e+00    505555  4.7134146e+00  4.7092439e+00  7.3605675e-01
2.9094444e+00    600292  4.3730537e+00  4.3691270e+00  6.3612753e-01
3.0813867e+00    712930  4.0434735e+00  4.0398932e+00  5.4956794e-01
3.2634403e+00    846715  3.7521724e+00  3.7488349e+00  4.7467033e-01
3.4562097e+00   1005596  3.4722136e+00  3.4691598e+00  4.0982946e-01
3.6603648e+00   1194719  3.2135442e+00  3.2106967e+00  3.5374973e-01
3.8766358e+00   1419743  2.9755943e+00  2.9729200e+00  3.0522360e-01
4.1057220e+00   1686576  2.7423833e+00  2.7399217e+00  2.6325794e-01
4.3483372e+00   2003484  2.5346684e+00  2.5323840e+00  2.2698713e-01
4.6052142e+00   2378778  2.3379579e+00  2.3358382e+00  1.9567660e-01
4.8773359e+00   2828400  2.1503087e+00  2.1483471e+00  1.6862262e-01
5.1655179e+00   3356890  1.9782107e+00  1.9764051e+00  1.4526324e-01
5.4707002e+00   3990317  1.8111720e+00  1.8095191e+00  1.2509964e-01
5.7939476e+00   4738457  1.6628767e+00  1.6613307e+00  1.0771234e-01
6.1362572e+00   5629661  1.5228531e+00  1.5214684e+00  9.2711747e-02
6.4988210e+00   6687903  1.3941600e+00  1.3928581e+00  7.9783697e-02
6.8828355e+00   7945758  1.2761106e+00  1.2749278e+00  6.8634108e-02
7.2895050e+00   9436555  1.1686439e+00  1.1675620e+00  5.9029945e-02
7.7201584e+00  11210320  1.0682052e+00  1.0671893e+00  5.0753963e-02
8.1762927e+00  13318613  9.7707110e-01  9.7614550e-01  4.3629619e-02
8.6593661e+00  15819192  8.9292591e-01  8.9209180e-01  3.7495999e-02
9.1709925e+00  18795348  8.1468892e-01  8.1391072e-01  3.2213310e-02
9.7128705e+00  22326034  7.4252292e-01  7.4181454e-01  2.7669330e-02
1.0286736e+01  26520842  6.7667318e-01  6.7601089e-01  2.3762046e-02
1.0894484e+01  31503438  6.1677531e-01  6.1618637e-01  2.0408704e-02
1.1538156e+01  37426927  5.6109242e-01  5.6055480e-01  1.7524364e-02
1.2220385e+01  44525830  5.1072736e-01  5.1023509e-01  1.5042416e-02
