# Power spectrum from CO𝘕CEPT job 4559676 at t = 5.8533978 Gyr, a = 0.5
#
# Components:
#   0: matter  (upstream grid size 1024)
#
#                           grid size 1024
# ╭────────────────────────────────────────────────────────────────╮
#                         component 0    (corrected)      (linear)
#                        σ₈ = 4.64e-01  σ₈ = 4.63e-01  σ₈ = 4.46e-01
#  k [Mpc⁻¹]    modes       P [Mpc³]       P [Mpc³]       P [Mpc³]
2.4543693e-02         3  1.8139570e+04  1.8139570e+04  1.8405690e+04
4.6570361e-02        25  9.5107709e+03  9.6535365e+03  9.7264630e+03
8.3521561e-02       124  4.2128124e+03  4.1184974e+03  4.1474038e+03
1.3383638e-01       418  1.9935811e+03  1.9707802e+03  1.8096606e+03
1.8592088e-01       730  1.1127496e+03  1.1378018e+03  1.0474699e+03
2.3260504e-01      1012  7.9115560e+02  7.8559005e+02  6.0700698e+02
2.7635505e-01      1408  6.1365509e+02  6.1442628e+02  4.5665000e+02
3.1919121e-01      1841  4.8930079e+02  4.8658380e+02  3.1372803e+02
3.6464415e-01      2698  3.8808469e+02  3.8561950e+02  2.4772594e+02
4.1290034e-01      3532  3.3042132e+02  3.3314107e+02  1.8613768e+02
4.6319578e-01      4702  2.7643611e+02  2.7117859e+02  1.3927987e+02
5.1570195e-01      6019  2.3629546e+02  2.3894466e+02  1.1723211e+02
5.7047444e-01      7766  2.0219324e+02  2.0198489e+02  8.7386474e+01
6.2844883e-01     10012  1.8108361e+02  1.7822278e+02  7.0803347e+01
6.8955465e-01     12589  1.6184631e+02  1.6232520e+02  5.9196811e+01
7.5323141e-01     15650  1.4575220e+02  1.4699538e+02  4.7219863e+01
8.2032763e-01     19757  1.2858931e+02  1.2818404e+02  3.7751742e+01
8.9088605e-01     24241  1.1869714e+02  1.1749401e+02  3.1200001e+01
9.6481958e-01     29993  1.0687288e+02  1.0600260e+02  2.6189388e+01
1.0423453e+00     36494  9.8494160e+01  9.7953200e+01  2.1828415e+01
1.1237267e+00     44825  8.9856613e+01  8.9472028e+01  1.8275200e+01
1.2089588e+00     53906  8.3126105e+01  8.2896630e+01  1.5284223e+01
1.2983336e+00     65729  7.6719406e+01  7.6502648e+01  1.2820047e+01
1.3921058e+00     78746  7.0260007e+01  7.0038265e+01  1.0789111e+01
1.4900211e+00     94374  6.5240725e+01  6.5038363e+01  9.1076810e+00
1.5921784e+00    112166  6.0202337e+01  6.0152034e+01  7.7197129e+00
1.6991083e+00    134373  5.5813134e+01  5.5820273e+01  6.5866500e+00
1.8110248e+00    159077  5.1702952e+01  5.1633792e+01  5.6245421e+00
1.9277595e+00    188172  4.7677817e+01  4.7618917e+01  4.8142890e+00
2.0497441e+00    222492  4.4147505e+01  4.4128763e+01  4.1276547e+00
2.1771282e+00    261771  4.0721536e+01  4.0686317e+01  3.5495300e+00
2.3098450e+00    306759  3.7430668e+01  3.7401771e+01  3.0586572e+00
2.4484375e+00    360898  3.4542017e+01  3.4512803e+01  2.6410885e+00
2.5937215e+00    425046  3.1726118e+01  3.1699670e+01  2.2830808e+00
2.7470320e+00    505555  2.9085275e+01  2.9059538e+01  1.9741507e+00
2.9094444e+00    600292  2.6576691e+01  2.6552827e+01  1.7061324e+00
3.0813867e+00    712930  2.4269044e+01  2.4247556e+01  1.4739726e+00
3.2634403e+00    846715  2.2009245e+01  2.1989668e+01  1.2730912e+00
3.4562097e+00   1005596  2.0034799e+01  2.0017178e+01  1.0991829e+00
3.6603648e+00   1194719  1.8127643e+01  1.8111580e+01  9.4877264e-01
3.8766358e+00   1419743  1.6370882e+01  1.6356169e+01  8.1862184e-01
4.1057220e+00   1686576  1.4795201e+01  1.4781921e+01  7.0606676e-01
4.3483372e+00   2003484  1.3363504e+01  1.3351459e+01  6.0878576e-01
4.6052142e+00   2378778  1.2000793e+01  1.1989913e+01  5.2480864e-01
4.8773359e+00   2828400  1.0744969e+01  1.0735168e+01  4.5224795e-01
5.1655179e+00   3356890  9.6477065e+00  9.6389006e+00  3.8959650e-01
5.4707002e+00   3990317  8.6243659e+00  8.6164953e+00  3.3551638e-01
5.7939476e+00   4738457  7.7027449e+00  7.6955837e+00  2.8888254e-01
6.1362572e+00   5629661  6.8898159e+00  6.8835509e+00  2.4865004e-01
6.4988210e+00   6687903  6.1469040e+00  6.1411637e+00  2.1397627e-01
6.8828355e+00   7945758  5.4828009e+00  5.4777190e+00  1.8407248e-01
7.2895050e+00   9436555  4.8833630e+00  4.8788421e+00  1.5831364e-01
7.7201584e+00  11210320  4.3402923e+00  4.3361645e+00  1.3611709e-01
8.1762927e+00  13318613  3.8628615e+00  3.8592021e+00  1.1700931e-01
8.6593661e+00  15819192  3.4356965e+00  3.4324871e+00  1.0055874e-01
9.1709925e+00  18795348  3.0451659e+00  3.0422571e+00  8.6390435e-02
9.7128705e+00  22326034  2.7028568e+00  2.7002783e+00  7.4203399e-02
1.0286736e+01  26520842  2.3982248e+00  2.3958776e+00  6.3724023e-02
1.0894484e+01  31503438  2.1259785e+00  2.1239485e+00  5.4730355e-02
1.1538156e+01  37426927  1.8827788e+00  1.8809747e+00  4.6994584e-02
1.2220385e+01  44525830  1.6679275e+00  1.6663199e+00  4.0338060e-02
