# Power spectrum from CO𝘕CEPT job 4559676 at t = 2.4071778 Gyr, a = 0.27027027
#
# Components:
#   0: matter  (upstream grid size 1024)
#
#                           grid size 1024
# ╭────────────────────────────────────────────────────────────────╮
#                         component 0    (corrected)      (linear)
#                        σ₈ = 2.54e-01  σ₈ = 2.54e-01  σ₈ = 2.51e-01
#  k [Mpc⁻¹]    modes       P [Mpc³]       P [Mpc³]       P [Mpc³]
2.4543693e-02         3  5.7824503e+03  5.7824503e+03  5.8214872e+03
4.6570361e-02        25  3.0264920e+03  3.0719225e+03  3.0771163e+03
8.3521561e-02       124  1.3228514e+03  1.2932359e+03  1.3122127e+03
1.3383638e-01       418  6.0335841e+02  5.9645768e+02  5.7258134e+02
1.8592088e-01       730  3.2588951e+02  3.3322653e+02  3.3142521e+02
2.3260504e-01      1012  2.1729904e+02  2.1577040e+02  1.9206101e+02
2.7635505e-01      1408  1.6312143e+02  1.6332643e+02  1.4448734e+02
3.1919121e-01      1841  1.1907528e+02  1.1841407e+02  9.9265917e+01
3.6464415e-01      2698  9.3962131e+01  9.3365265e+01  7.8382422e+01
4.1290034e-01      3532  7.3081962e+01  7.3683512e+01  5.8895453e+01
4.6319578e-01      4702  5.8191776e+01  5.7085032e+01  4.4069287e+01
5.1570195e-01      6019  4.8987340e+01  4.9536556e+01  3.7093211e+01
5.7047444e-01      7766  4.0141331e+01  4.0099966e+01  2.7649813e+01
6.2844883e-01     10012  3.4494159e+01  3.3949207e+01  2.2402779e+01
6.8955465e-01     12589  2.8847575e+01  2.8932931e+01  1.8730377e+01
7.5323141e-01     15650  2.4738867e+01  2.4949876e+01  1.4940772e+01
8.2032763e-01     19757  2.1216972e+01  2.1150104e+01  1.1944980e+01
8.9088605e-01     24241  1.8551285e+01  1.8363247e+01  9.8719543e+00
9.6481958e-01     29993  1.6179552e+01  1.6047800e+01  8.2865546e+00
1.0423453e+00     36494  1.4127496e+01  1.4049904e+01  6.9067058e+00
1.1237267e+00     44825  1.2565687e+01  1.2511906e+01  5.7824386e+00
1.2089588e+00     53906  1.1184498e+01  1.1153622e+01  4.8360678e+00
1.2983336e+00     65729  9.9763032e+00  9.9481169e+00  4.0563815e+00
1.3921058e+00     78746  8.9526772e+00  8.9244223e+00  3.4137757e+00
1.4900211e+00     94374  8.0390208e+00  8.0140855e+00  2.8817567e+00
1.5921784e+00    112166  7.2696886e+00  7.2636143e+00  2.4425915e+00
1.6991083e+00    134373  6.5759053e+00  6.5767464e+00  2.0840806e+00
1.8110248e+00    159077  6.0009937e+00  5.9929665e+00  1.7796612e+00
1.9277595e+00    188172  5.4872421e+00  5.4804633e+00  1.5232900e+00
2.0497441e+00    222492  5.0359468e+00  5.0338089e+00  1.3060328e+00
2.1771282e+00    261771  4.6178709e+00  4.6138770e+00  1.1231090e+00
2.3098450e+00    306759  4.2458292e+00  4.2425514e+00  9.6779239e-01
2.4484375e+00    360898  3.9293345e+00  3.9260112e+00  8.3566989e-01
2.5937215e+00    425046  3.6384959e+00  3.6354628e+00  7.2239297e-01
2.7470320e+00    505555  3.3633911e+00  3.3604149e+00  6.2464466e-01
2.9094444e+00    600292  3.1036375e+00  3.1008506e+00  5.3984118e-01
3.0813867e+00    712930  2.8674200e+00  2.8648811e+00  4.6638363e-01
3.2634403e+00    846715  2.6585573e+00  2.6561926e+00  4.0282285e-01
3.4562097e+00   1005596  2.4661195e+00  2.4639505e+00  3.4779658e-01
3.6603648e+00   1194719  2.2874398e+00  2.2854129e+00  3.0020532e-01
3.8766358e+00   1419743  2.1178671e+00  2.1159638e+00  2.5902431e-01
4.1057220e+00   1686576  1.9552577e+00  1.9535026e+00  2.2341074e-01
4.3483372e+00   2003484  1.8080834e+00  1.8064538e+00  1.9263003e-01
4.6052142e+00   2378778  1.6705534e+00  1.6690388e+00  1.6605879e-01
4.8773359e+00   2828400  1.5377145e+00  1.5363118e+00  1.4309980e-01
5.1655179e+00   3356890  1.4153547e+00  1.4140629e+00  1.2327619e-01
5.4707002e+00   3990317  1.3023712e+00  1.3011827e+00  1.0616462e-01
5.7939476e+00   4738457  1.1977400e+00  1.1966265e+00  9.1409126e-02
6.1362572e+00   5629661  1.1024244e+00  1.1014220e+00  7.8679073e-02
6.4988210e+00   6687903  1.0165938e+00  1.0156444e+00  6.7707853e-02
6.8828355e+00   7945758  9.3914460e-01  9.3827413e-01  5.8245898e-02
7.2895050e+00   9436555  8.6677584e-01  8.6597340e-01  5.0095447e-02
7.7201584e+00  11210320  8.0084006e-01  8.0007843e-01  4.3072137e-02
8.1762927e+00  13318613  7.4014824e-01  7.3944708e-01  3.7026149e-02
8.6593661e+00  15819192  6.8461491e-01  6.8397539e-01  3.1820924e-02
9.1709925e+00  18795348  6.3235806e-01  6.3175402e-01  2.7337830e-02
9.7128705e+00  22326034  5.8300121e-01  5.8244502e-01  2.3481631e-02
1.0286736e+01  26520842  5.3691844e-01  5.3639294e-01  2.0165755e-02
1.0894484e+01  31503438  4.9426429e-01  4.9379234e-01  1.7319975e-02
1.1538156e+01  37426927  4.5521600e-01  4.5477982e-01  1.4872207e-02
1.2220385e+01  44525830  4.1843549e-01  4.1803217e-01  1.2765923e-02
