# Power spectrum from CO𝘕CEPT job 4559676 at t = 8.5934117 Gyr, a = 0.66666667
#
# Components:
#   0: matter  (upstream grid size 1024)
#
#                           grid size 1024
# ╭────────────────────────────────────────────────────────────────╮
#                         component 0    (corrected)      (linear)
#                        σ₈ = 5.99e-01  σ₈ = 5.98e-01  σ₈ = 5.64e-01
#  k [Mpc⁻¹]    modes       P [Mpc³]       P [Mpc³]       P [Mpc³]
2.4543693e-02         3  2.8885863e+04  2.8885863e+04  2.9478764e+04
4.6570361e-02        25  1.5147995e+04  1.5375381e+04  1.5575984e+04
8.3521561e-02       124  6.8470182e+03  6.6937295e+03  6.6413218e+03
1.3383638e-01       418  3.2999347e+03  3.2621927e+03  2.8977974e+03
1.8592088e-01       730  1.8936057e+03  1.9362380e+03  1.6772973e+03
2.3260504e-01      1012  1.3854970e+03  1.3757504e+03  9.7198870e+02
2.7635505e-01      1408  1.1090150e+03  1.1104087e+03  7.3122409e+02
3.1919121e-01      1841  9.2659345e+02  9.2144826e+02  5.0236577e+02
3.6464415e-01      2698  7.4035267e+02  7.3564980e+02  3.9667788e+02
4.1290034e-01      3532  6.5325512e+02  6.5863217e+02  2.9805790e+02
4.6319578e-01      4702  5.6633407e+02  5.5556301e+02  2.2302552e+02
5.1570195e-01      6019  5.0173421e+02  5.0735936e+02  1.8772094e+02
5.7047444e-01      7766  4.4343017e+02  4.4297322e+02  1.3992982e+02
6.2844883e-01     10012  3.9221804e+02  3.8602162e+02  1.1337565e+02
6.8955465e-01     12589  3.5720626e+02  3.5826319e+02  9.4790374e+01
7.5323141e-01     15650  3.2994284e+02  3.3275707e+02  7.5611979e+01
8.2032763e-01     19757  2.9703159e+02  2.9609546e+02  6.0450908e+01
8.9088605e-01     24241  2.6976566e+02  2.6703129e+02  4.9959765e+01
9.6481958e-01     29993  2.4930583e+02  2.4727570e+02  4.1936395e+01
1.0423453e+00     36494  2.2604820e+02  2.2480668e+02  3.4953277e+01
1.1237267e+00     44825  2.0738488e+02  2.0649727e+02  2.9263603e+01
1.2089588e+00     53906  1.9377275e+02  1.9323783e+02  2.4474226e+01
1.2983336e+00     65729  1.7713602e+02  1.7663556e+02  2.0528403e+01
1.3921058e+00     78746  1.6228099e+02  1.6176883e+02  1.7276316e+01
1.4900211e+00     94374  1.4832215e+02  1.4786209e+02  1.4583885e+01
1.5921784e+00    112166  1.3584353e+02  1.3573003e+02  1.2361367e+01
1.6991083e+00    134373  1.2471907e+02  1.2473503e+02  1.0547022e+01
1.8110248e+00    159077  1.1401380e+02  1.1386129e+02  9.0064235e+00
1.9277595e+00    188172  1.0390346e+02  1.0377510e+02  7.7089861e+00
2.0497441e+00    222492  9.4342479e+01  9.4302427e+01  6.6094962e+00
2.1771282e+00    261771  8.6233535e+01  8.6158953e+01  5.6837602e+00
2.3098450e+00    306759  7.8980300e+01  7.8919325e+01  4.8977383e+00
2.4484375e+00    360898  7.1725072e+01  7.1664410e+01  4.2290965e+00
2.5937215e+00    425046  6.5435080e+01  6.5380532e+01  3.6558281e+00
2.7470320e+00    505555  5.9130343e+01  5.9078021e+01  3.1611465e+00
2.9094444e+00    600292  5.3569823e+01  5.3521721e+01  2.7319759e+00
3.0813867e+00    712930  4.8496335e+01  4.8453394e+01  2.3602246e+00
3.2634403e+00    846715  4.3728062e+01  4.3689167e+01  2.0385586e+00
3.4562097e+00   1005596  3.9537408e+01  3.9502635e+01  1.7600839e+00
3.6603648e+00   1194719  3.5462874e+01  3.5431450e+01  1.5192362e+00
3.8766358e+00   1419743  3.1888959e+01  3.1860300e+01  1.3108293e+00
4.1057220e+00   1686576  2.8568891e+01  2.8543247e+01  1.1305980e+00
4.3483372e+00   2003484  2.5626673e+01  2.5603576e+01  9.7482468e-01
4.6052142e+00   2378778  2.2981583e+01  2.2960747e+01  8.4035452e-01
4.8773359e+00   2828400  2.0554426e+01  2.0535676e+01  7.2416521e-01
5.1655179e+00   3356890  1.8331978e+01  1.8315246e+01  6.2384330e-01
5.4707002e+00   3990317  1.6364498e+01  1.6349564e+01  5.3724643e-01
5.7939476e+00   4738457  1.4610246e+01  1.4596663e+01  4.6257311e-01
6.1362572e+00   5629661  1.3024841e+01  1.3012997e+01  3.9815008e-01
6.4988210e+00   6687903  1.1610088e+01  1.1599245e+01  3.4262809e-01
6.8828355e+00   7945758  1.0332468e+01  1.0322892e+01  2.9474413e-01
7.2895050e+00   9436555  9.1951150e+00  9.1866025e+00  2.5349739e-01
7.7201584e+00  11210320  8.1712643e+00  8.1634931e+00  2.1795483e-01
8.1762927e+00  13318613  7.2489766e+00  7.2421095e+00  1.8735826e-01
8.6593661e+00  15819192  6.4148745e+00  6.4088822e+00  1.6101658e-01
9.1709925e+00  18795348  5.6802515e+00  5.6748256e+00  1.3832943e-01
9.7128705e+00  22326034  5.0282470e+00  5.0234500e+00  1.1881484e-01
1.0286736e+01  26520842  4.4449571e+00  4.4406067e+00  1.0203467e-01
1.0894484e+01  31503438  3.9284143e+00  3.9246632e+00  8.7633521e-02
1.1538156e+01  37426927  3.4691268e+00  3.4658028e+00  7.5246604e-02
1.2220385e+01  44525830  3.0628717e+00  3.0599195e+00  6.4587856e-02
