# Power spectrum from CO𝘕CEPT job 4559676 at t = 3.6249528 Gyr, a = 0.35714286
#
# Components:
#   0: matter  (upstream grid size 1024)
#
#                           grid size 1024
# ╭────────────────────────────────────────────────────────────────╮
#                         component 0    (corrected)      (linear)
#                        σ₈ = 3.36e-01  σ₈ = 3.35e-01  σ₈ = 3.28e-01
#  k [Mpc⁻¹]    modes       P [Mpc³]       P [Mpc³]       P [Mpc³]
2.4543693e-02         3  9.8556751e+03  9.8556751e+03  9.9503820e+03
4.6570361e-02        25  5.1628291e+03  5.2403280e+03  5.2590216e+03
8.3521561e-02       124  2.2624231e+03  2.2117727e+03  2.2425882e+03
1.3383638e-01       418  1.0483847e+03  1.0363941e+03  9.7853794e+02
1.8592088e-01       730  5.7153897e+02  5.8440649e+02  5.6640160e+02
2.3260504e-01      1012  3.9198576e+02  3.8922825e+02  3.2822943e+02
2.7635505e-01      1408  2.9725406e+02  2.9762762e+02  2.4692655e+02
3.1919121e-01      1841  2.2506011e+02  2.2381039e+02  1.6964378e+02
3.6464415e-01      2698  1.7798844e+02  1.7685783e+02  1.3395420e+02
4.1290034e-01      3532  1.4272783e+02  1.4390264e+02  1.0065128e+02
4.6319578e-01      4702  1.1638638e+02  1.1417284e+02  7.5313612e+01
5.1570195e-01      6019  9.8517020e+01  9.9621534e+01  6.3391616e+01
5.7047444e-01      7766  8.2642869e+01  8.2557706e+01  4.7253015e+01
6.2844883e-01     10012  7.2508275e+01  7.1362760e+01  3.8285927e+01
6.8955465e-01     12589  6.2732380e+01  6.2917997e+01  3.2009859e+01
7.5323141e-01     15650  5.4949986e+01  5.5418680e+01  2.5533493e+01
8.2032763e-01     19757  4.7574621e+01  4.7424684e+01  2.0413739e+01
8.9088605e-01     24241  4.2874598e+01  4.2440017e+01  1.6870977e+01
9.6481958e-01     29993  3.7871356e+01  3.7562965e+01  1.4161558e+01
1.0423453e+00     36494  3.4042316e+01  3.3855345e+01  1.1803422e+01
1.1237267e+00     44825  3.0951941e+01  3.0819467e+01  9.8820707e+00
1.2089588e+00     53906  2.8176782e+01  2.8098998e+01  8.2647409e+00
1.2983336e+00     65729  2.5599170e+01  2.5526844e+01  6.9322718e+00
1.3921058e+00     78746  2.3454604e+01  2.3380581e+01  5.8340708e+00
1.4900211e+00     94374  2.1429696e+01  2.1363226e+01  4.9248606e+00
1.5921784e+00    112166  1.9783271e+01  1.9766740e+01  4.1743358e+00
1.6991083e+00    134373  1.8120024e+01  1.8122342e+01  3.5616474e+00
1.8110248e+00    159077  1.6764711e+01  1.6742286e+01  3.0414007e+00
1.9277595e+00    188172  1.5517593e+01  1.5498423e+01  2.6032673e+00
2.0497441e+00    222492  1.4414383e+01  1.4408264e+01  2.2319790e+00
2.1771282e+00    261771  1.3439924e+01  1.3428300e+01  1.9193659e+00
2.3098450e+00    306759  1.2449458e+01  1.2439847e+01  1.6539330e+00
2.4484375e+00    360898  1.1605295e+01  1.1595479e+01  1.4281383e+00
2.5937215e+00    425046  1.0787764e+01  1.0778771e+01  1.2345503e+00
2.7470320e+00    505555  1.0009203e+01  1.0000346e+01  1.0675005e+00
2.9094444e+00    600292  9.2644654e+00  9.2561466e+00  9.2257311e-01
3.0813867e+00    712930  8.5981543e+00  8.5905412e+00  7.9703572e-01
3.2634403e+00    846715  7.9584325e+00  7.9513536e+00  6.8841170e-01
3.4562097e+00   1005596  7.3312837e+00  7.3248359e+00  5.9437300e-01
3.6603648e+00   1194719  6.7467044e+00  6.7407261e+00  5.1304058e-01
3.8766358e+00   1419743  6.1950388e+00  6.1894711e+00  4.4266317e-01
4.1057220e+00   1686576  5.6768034e+00  5.6717077e+00  3.8180041e-01
4.3483372e+00   2003484  5.1715388e+00  5.1668778e+00  3.2919690e-01
4.6052142e+00   2378778  4.7260053e+00  4.7217205e+00  2.8378728e-01
4.8773359e+00   2828400  4.2936927e+00  4.2897760e+00  2.4455094e-01
5.1655179e+00   3356890  3.9016871e+00  3.8981259e+00  2.1067290e-01
5.4707002e+00   3990317  3.5334372e+00  3.5302126e+00  1.8142968e-01
5.7939476e+00   4738457  3.1926244e+00  3.1896563e+00  1.5621294e-01
6.1362572e+00   5629661  2.8815298e+00  2.8789096e+00  1.3445764e-01
6.4988210e+00   6687903  2.5998129e+00  2.5973851e+00  1.1570815e-01
6.8828355e+00   7945758  2.3472884e+00  2.3451127e+00  9.9537968e-02
7.2895050e+00   9436555  2.1116584e+00  2.1097034e+00  8.5609114e-02
7.7201584e+00  11210320  1.9006987e+00  1.8988911e+00  7.3606519e-02
8.1762927e+00  13318613  1.7086949e+00  1.7070762e+00  6.3274145e-02
8.6593661e+00  15819192  1.5351941e+00  1.5337600e+00  5.4378617e-02
9.1709925e+00  18795348  1.3756503e+00  1.3743363e+00  4.6717194e-02
9.7128705e+00  22326034  1.2341148e+00  1.2329375e+00  4.0127120e-02
1.0286736e+01  26520842  1.1047879e+00  1.1037066e+00  3.4460445e-02
1.0894484e+01  31503438  9.8884009e-01  9.8789588e-01  2.9597149e-02
1.1538156e+01  37426927  8.8607644e-01  8.8522743e-01  2.5414046e-02
1.2220385e+01  44525830  7.9423583e-01  7.9347029e-01  2.1814533e-02
