# Power spectrum from CO𝘕CEPT job 4559676 at t = 11.277962 Gyr, a = 0.83333333
#
# Components:
#   0: matter  (upstream grid size 1024)
#
#                           grid size 1024
# ╭────────────────────────────────────────────────────────────────╮
#                         component 0    (corrected)      (linear)
#                        σ₈ = 7.13e-01  σ₈ = 7.12e-01  σ₈ = 6.59e-01
#  k [Mpc⁻¹]    modes       P [Mpc³]       P [Mpc³]       P [Mpc³]
2.4543693e-02         3  3.9206903e+04  3.9206903e+04  4.0218746e+04
4.6570361e-02        25  2.0551095e+04  2.0859587e+04  2.1248719e+04
8.3521561e-02       124  9.5052821e+03  9.2924811e+03  9.0597122e+03
1.3383638e-01       418  4.6499157e+03  4.5967338e+03  3.9529564e+03
1.8592088e-01       730  2.7290602e+03  2.7905018e+03  2.2880320e+03
2.3260504e-01      1012  2.0297702e+03  2.0154914e+03  1.3259052e+03
2.7635505e-01      1408  1.6583016e+03  1.6603856e+03  9.9747343e+02
3.1919121e-01      1841  1.4372843e+03  1.4293033e+03  6.8528406e+02
3.6464415e-01      2698  1.1628271e+03  1.1554406e+03  5.4111353e+02
4.1290034e-01      3532  1.0348212e+03  1.0433390e+03  4.0658459e+02
4.6319578e-01      4702  8.9864398e+02  8.8155275e+02  3.0423189e+02
5.1570195e-01      6019  8.1497234e+02  8.2410932e+02  2.5607243e+02
5.7047444e-01      7766  7.4360430e+02  7.4283802e+02  1.9087995e+02
6.2844883e-01     10012  6.6328902e+02  6.5281012e+02  1.5465706e+02
6.8955465e-01     12589  6.0410869e+02  6.0589617e+02  1.2930466e+02
7.5323141e-01     15650  5.5690574e+02  5.6165584e+02  1.0314318e+02
8.2032763e-01     19757  5.1567239e+02  5.1404718e+02  8.2461780e+01
8.9088605e-01     24241  4.7777921e+02  4.7293639e+02  6.8150686e+01
9.6481958e-01     29993  4.3046511e+02  4.2695978e+02  5.7205912e+01
1.0423453e+00     36494  3.9884788e+02  3.9665729e+02  4.7680158e+01
1.1237267e+00     44825  3.6424900e+02  3.6269002e+02  3.9918807e+01
1.2089588e+00     53906  3.3509406e+02  3.3416901e+02  3.3385561e+01
1.2983336e+00     65729  3.0806710e+02  3.0719671e+02  2.8003019e+01
1.3921058e+00     78746  2.8301431e+02  2.8212111e+02  2.3566810e+01
1.4900211e+00     94374  2.5959391e+02  2.5878871e+02  1.9894034e+01
1.5921784e+00    112166  2.3634851e+02  2.3615103e+02  1.6862271e+01
1.6991083e+00    134373  2.1491733e+02  2.1494482e+02  1.4387303e+01
1.8110248e+00    159077  1.9473697e+02  1.9447648e+02  1.2285755e+01
1.9277595e+00    188172  1.7872698e+02  1.7850619e+02  1.0515906e+01
2.0497441e+00    222492  1.6232683e+02  1.6225791e+02  9.0160795e+00
2.1771282e+00    261771  1.4733498e+02  1.4720755e+02  7.7532726e+00
2.3098450e+00    306759  1.3363320e+02  1.3353003e+02  6.6810514e+00
2.4484375e+00    360898  1.2122717e+02  1.2112464e+02  5.7689498e+00
2.5937215e+00    425046  1.0944497e+02  1.0935373e+02  4.9869480e+00
2.7470320e+00    505555  9.9187359e+01  9.9099592e+01  4.3121475e+00
2.9094444e+00    600292  8.9759006e+01  8.9678408e+01  3.7267112e+00
3.0813867e+00    712930  8.0464572e+01  8.0393326e+01  3.2196013e+00
3.2634403e+00    846715  7.2331056e+01  7.2266719e+01  2.7808133e+00
3.4562097e+00   1005596  6.5219566e+01  6.5162205e+01  2.4009430e+00
3.6603648e+00   1194719  5.8630065e+01  5.8578112e+01  2.0724001e+00
3.8766358e+00   1419743  5.2447958e+01  5.2400822e+01  1.7881101e+00
4.1057220e+00   1686576  4.7202499e+01  4.7160129e+01  1.5422547e+00
4.3483372e+00   2003484  4.2378721e+01  4.2340526e+01  1.3297628e+00
4.6052142e+00   2378778  3.7944023e+01  3.7909621e+01  1.1463308e+00
4.8773359e+00   2828400  3.3900174e+01  3.3869250e+01  9.8783580e-01
5.1655179e+00   3356890  3.0293593e+01  3.0265943e+01  8.5098575e-01
5.4707002e+00   3990317  2.7041843e+01  2.7017164e+01  7.3285817e-01
5.7939476e+00   4738457  2.4085907e+01  2.4063514e+01  6.3099565e-01
6.1362572e+00   5629661  2.1448296e+01  2.1428793e+01  5.4311565e-01
6.4988210e+00   6687903  1.9102684e+01  1.9084845e+01  4.6737765e-01
6.8828355e+00   7945758  1.6972759e+01  1.6957027e+01  4.0205878e-01
7.2895050e+00   9436555  1.5050483e+01  1.5036549e+01  3.4579381e-01
7.7201584e+00  11210320  1.3333126e+01  1.3320445e+01  2.9730998e-01
8.1762927e+00  13318613  1.1818352e+01  1.1807156e+01  2.5557301e-01
8.6593661e+00  15819192  1.0449481e+01  1.0439720e+01  2.1964019e-01
9.1709925e+00  18795348  9.2468013e+00  9.2379686e+00  1.8869256e-01
9.7128705e+00  22326034  8.1737794e+00  8.1659815e+00  1.6207263e-01
1.0286736e+01  26520842  7.2206272e+00  7.2135600e+00  1.3918276e-01
1.0894484e+01  31503438  6.3684500e+00  6.3623690e+00  1.1953813e-01
1.1538156e+01  37426927  5.6137335e+00  5.6083546e+00  1.0264113e-01
1.2220385e+01  44525830  4.9431467e+00  4.9383822e+00  8.8101549e-02
