# Power spectrum from CO𝘕CEPT job 4559676 at t = 7.9068012 Gyr, a = 0.625
#
# Components:
#   0: matter  (upstream grid size 1024)
#
#                           grid size 1024
# ╭────────────────────────────────────────────────────────────────╮
#                         component 0    (corrected)      (linear)
#                        σ₈ = 5.67e-01  σ₈ = 5.66e-01  σ₈ = 5.37e-01
#  k [Mpc⁻¹]    modes       P [Mpc³]       P [Mpc³]       P [Mpc³]
2.4543693e-02         3  2.6184418e+04  2.6184418e+04  2.6684580e+04
4.6570361e-02        25  1.3731720e+04  1.3937846e+04  1.4100004e+04
8.3521561e-02       124  6.1724639e+03  6.0342769e+03  6.0120612e+03
1.3383638e-01       418  2.9625428e+03  2.9286597e+03  2.6232434e+03
1.8592088e-01       730  1.6890827e+03  1.7271104e+03  1.5183825e+03
2.3260504e-01      1012  1.2285157e+03  1.2198735e+03  8.7989846e+02
2.7635505e-01      1408  9.7603910e+02  9.7726571e+02  6.6194507e+02
3.1919121e-01      1841  8.0677545e+02  8.0229559e+02  4.5476975e+02
3.6464415e-01      2698  6.4319802e+02  6.3911230e+02  3.5909517e+02
4.1290034e-01      3532  5.6490936e+02  5.6955922e+02  2.6981883e+02
4.6319578e-01      4702  4.8630073e+02  4.7705182e+02  2.0189530e+02
5.1570195e-01      6019  4.2659779e+02  4.3138055e+02  1.6993561e+02
5.7047444e-01      7766  3.7316521e+02  3.7278066e+02  1.2667239e+02
6.2844883e-01     10012  3.2984193e+02  3.2463095e+02  1.0263405e+02
6.8955465e-01     12589  3.0094482e+02  3.0183528e+02  8.5809615e+01
7.5323141e-01     15650  2.7581887e+02  2.7817146e+02  6.8448247e+01
8.2032763e-01     19757  2.4552980e+02  2.4475598e+02  5.4723588e+01
8.9088605e-01     24241  2.2507858e+02  2.2279716e+02  4.5226412e+01
9.6481958e-01     29993  2.0727493e+02  2.0558707e+02  3.7963203e+01
1.0423453e+00     36494  1.8760343e+02  1.8657305e+02  3.1641689e+01
1.1237267e+00     44825  1.7345513e+02  1.7271274e+02  2.6491074e+01
1.2089588e+00     53906  1.6118056e+02  1.6073560e+02  2.2155459e+01
1.2983336e+00     65729  1.4794453e+02  1.4752654e+02  1.8583477e+01
1.3921058e+00     78746  1.3618945e+02  1.3575963e+02  1.5639503e+01
1.4900211e+00     94374  1.2488921e+02  1.2450184e+02  1.3202162e+01
1.5921784e+00    112166  1.1533215e+02  1.1523578e+02  1.1190213e+01
1.6991083e+00    134373  1.0617006e+02  1.0618364e+02  9.5477648e+00
1.8110248e+00    159077  9.7537256e+01  9.7406786e+01  8.1531275e+00
1.9277595e+00    188172  8.9045940e+01  8.8935934e+01  6.9786136e+00
2.0497441e+00    222492  8.1666638e+01  8.1631967e+01  5.9832929e+00
2.1771282e+00    261771  7.4797989e+01  7.4733297e+01  5.1452641e+00
2.3098450e+00    306759  6.8444104e+01  6.8391264e+01  4.4337125e+00
2.4484375e+00    360898  6.2115188e+01  6.2062653e+01  3.8284200e+00
2.5937215e+00    425046  5.6506486e+01  5.6459381e+01  3.3094648e+00
2.7470320e+00    505555  5.1161301e+01  5.1116031e+01  2.8616510e+00
2.9094444e+00    600292  4.6491816e+01  4.6450069e+01  2.4731414e+00
3.0813867e+00    712930  4.2044859e+01  4.2007631e+01  2.1366110e+00
3.2634403e+00    846715  3.7886208e+01  3.7852509e+01  1.8454206e+00
3.4562097e+00   1005596  3.4164446e+01  3.4134399e+01  1.5933295e+00
3.6603648e+00   1194719  3.0803228e+01  3.0775932e+01  1.3753004e+00
3.8766358e+00   1419743  2.7678727e+01  2.7653851e+01  1.1866386e+00
4.1057220e+00   1686576  2.4804521e+01  2.4782256e+01  1.0234830e+00
4.3483372e+00   2003484  2.2238145e+01  2.2218102e+01  8.8246809e-01
4.6052142e+00   2378778  1.9947050e+01  1.9928966e+01  7.6073804e-01
4.8773359e+00   2828400  1.7854655e+01  1.7838368e+01  6.5555683e-01
5.1655179e+00   3356890  1.5989435e+01  1.5974841e+01  5.6473971e-01
5.4707002e+00   3990317  1.4291549e+01  1.4278506e+01  4.8634726e-01
5.7939476e+00   4738457  1.2751762e+01  1.2739907e+01  4.1874869e-01
6.1362572e+00   5629661  1.1379852e+01  1.1369504e+01  3.6042927e-01
6.4988210e+00   6687903  1.0125538e+01  1.0116082e+01  3.1016757e-01
6.8828355e+00   7945758  9.0000739e+00  8.9917320e+00  2.6682026e-01
7.2895050e+00   9436555  8.0022902e+00  7.9948819e+00  2.2948132e-01
7.7201584e+00  11210320  7.1132126e+00  7.1064477e+00  1.9730615e-01
8.1762927e+00  13318613  6.3119583e+00  6.3059789e+00  1.6960836e-01
8.6593661e+00  15819192  5.5992490e+00  5.5940186e+00  1.4576234e-01
9.1709925e+00  18795348  4.9677440e+00  4.9629987e+00  1.2522461e-01
9.7128705e+00  22326034  4.4016822e+00  4.3974830e+00  1.0755886e-01
1.0286736e+01  26520842  3.8942155e+00  3.8904041e+00  9.2368467e-02
1.0894484e+01  31503438  3.4403728e+00  3.4370877e+00  7.9331695e-02
1.1538156e+01  37426927  3.0374554e+00  3.0345450e+00  6.8118324e-02
1.2220385e+01  44525830  2.6782701e+00  2.6756886e+00  5.8469389e-02
