# Power spectrum from CO𝘕CEPT job 4559676 at t = 3.2779515 Gyr, a = 0.33333333
#
# Components:
#   0: matter  (upstream grid size 1024)
#
#                           grid size 1024
# ╭────────────────────────────────────────────────────────────────╮
#                         component 0    (corrected)      (linear)
#                        σ₈ = 3.13e-01  σ₈ = 3.13e-01  σ₈ = 3.07e-01
#  k [Mpc⁻¹]    modes       P [Mpc³]       P [Mpc³]       P [Mpc³]
2.4543693e-02         3  8.6509725e+03  8.6509725e+03  8.7271307e+03
4.6570361e-02        25  4.5307842e+03  4.5987955e+03  4.6126278e+03
8.3521561e-02       124  1.9834400e+03  1.9390354e+03  1.9669675e+03
1.3383638e-01       418  9.1532230e+02  9.0485358e+02  8.5827533e+02
1.8592088e-01       730  4.9744569e+02  5.0864509e+02  4.9679114e+02
2.3260504e-01      1012  3.3871291e+02  3.3633016e+02  2.8789032e+02
2.7635505e-01      1408  2.5608840e+02  2.5641023e+02  2.1657954e+02
3.1919121e-01      1841  1.9197636e+02  1.9091036e+02  1.4879476e+02
3.6464415e-01      2698  1.5175210e+02  1.5078814e+02  1.1749139e+02
4.1290034e-01      3532  1.2055462e+02  1.2154692e+02  8.8281369e+01
4.6319578e-01      4702  9.7755664e+01  9.5896458e+01  6.6057670e+01
5.1570195e-01      6019  8.2648926e+01  8.3575536e+01  5.5600874e+01
5.7047444e-01      7766  6.8896478e+01  6.8825481e+01  4.1445686e+01
6.2844883e-01     10012  6.0150348e+01  5.9200068e+01  3.3580642e+01
6.8955465e-01     12589  5.1597922e+01  5.1750594e+01  2.8075894e+01
7.5323141e-01     15650  4.4906995e+01  4.5290027e+01  2.2395465e+01
8.2032763e-01     19757  3.8772641e+01  3.8650444e+01  1.7904921e+01
8.9088605e-01     24241  3.4682546e+01  3.4331000e+01  1.4797559e+01
9.6481958e-01     29993  3.0564595e+01  3.0315704e+01  1.2421125e+01
1.0423453e+00     36494  2.7259762e+01  2.7110043e+01  1.0352800e+01
1.1237267e+00     44825  2.4697597e+01  2.4591891e+01  8.6675801e+00
1.2089588e+00     53906  2.2322160e+01  2.2260539e+01  7.2490178e+00
1.2983336e+00     65729  2.0210845e+01  2.0153742e+01  6.0803072e+00
1.3921058e+00     78746  1.8421694e+01  1.8363554e+01  5.1170734e+00
1.4900211e+00     94374  1.6748942e+01  1.6696990e+01  4.3196039e+00
1.5921784e+00    112166  1.5369672e+01  1.5356829e+01  3.6613174e+00
1.6991083e+00    134373  1.4078866e+01  1.4080666e+01  3.1239276e+00
1.8110248e+00    159077  1.2984813e+01  1.2967444e+01  2.6676183e+00
1.9277595e+00    188172  1.1983506e+01  1.1968702e+01  2.2833309e+00
2.0497441e+00    222492  1.1126223e+01  1.1121500e+01  1.9576734e+00
2.1771282e+00    261771  1.0325649e+01  1.0316719e+01  1.6834799e+00
2.3098450e+00    306759  9.5527725e+00  9.5453976e+00  1.4506682e+00
2.4484375e+00    360898  8.8774449e+00  8.8699367e+00  1.2526234e+00
2.5937215e+00    425046  8.2471948e+00  8.2403198e+00  1.0828271e+00
2.7470320e+00    505555  7.6544996e+00  7.6477264e+00  9.3630737e-01
2.9094444e+00    600292  7.1031767e+00  7.0967985e+00  8.0919131e-01
3.0813867e+00    712930  6.5985299e+00  6.5926873e+00  6.9908225e-01
3.2634403e+00    846715  6.1070116e+00  6.1015795e+00  6.0380794e-01
3.4562097e+00   1005596  5.6485400e+00  5.6435721e+00  5.2132642e-01
3.6603648e+00   1194719  5.2240457e+00  5.2194166e+00  4.4998961e-01
3.8766358e+00   1419743  4.8048697e+00  4.8005514e+00  3.8826145e-01
4.1057220e+00   1686576  4.4236782e+00  4.4197074e+00  3.3487860e-01
4.3483372e+00   2003484  4.0557794e+00  4.0521240e+00  2.8873995e-01
4.6052142e+00   2378778  3.7144391e+00  3.7110715e+00  2.4891108e-01
4.8773359e+00   2828400  3.3969041e+00  3.3938054e+00  2.1449681e-01
5.1655179e+00   3356890  3.0976209e+00  3.0947936e+00  1.8478230e-01
5.4707002e+00   3990317  2.8135275e+00  2.8109599e+00  1.5913300e-01
5.7939476e+00   4738457  2.5564523e+00  2.5540756e+00  1.3701534e-01
6.1362572e+00   5629661  2.3206872e+00  2.3185770e+00  1.1793371e-01
6.4988210e+00   6687903  2.1058089e+00  2.1038424e+00  1.0148848e-01
6.8828355e+00   7945758  1.9088223e+00  1.9070530e+00  8.7305561e-02
7.2895050e+00   9436555  1.7275178e+00  1.7259185e+00  7.5088520e-02
7.7201584e+00  11210320  1.5597522e+00  1.5582688e+00  6.4561004e-02
8.1762927e+00  13318613  1.4081834e+00  1.4068494e+00  5.5498441e-02
8.6593661e+00  15819192  1.2716768e+00  1.2704889e+00  4.7696139e-02
9.1709925e+00  18795348  1.1470808e+00  1.1459851e+00  4.0976273e-02
9.7128705e+00  22326034  1.0335542e+00  1.0325682e+00  3.5196089e-02
1.0286736e+01  26520842  9.3046396e-01  9.2955328e-01  3.0225820e-02
1.0894484e+01  31503438  8.3765377e-01  8.3685392e-01  2.5960198e-02
1.1538156e+01  37426927  7.5406461e-01  7.5334208e-01  2.2291174e-02
1.2220385e+01  44525830  6.7919409e-01  6.7853943e-01  1.9134018e-02
