# Power spectrum from CO𝘕CEPT job 4559676 at t = 2.9820513 Gyr, a = 0.3125
#
# Components:
#   0: matter  (upstream grid size 1024)
#
#                           grid size 1024
# ╭────────────────────────────────────────────────────────────────╮
#                         component 0    (corrected)      (linear)
#                        σ₈ = 2.94e-01  σ₈ = 2.93e-01  σ₈ = 2.89e-01
#  k [Mpc⁻¹]    modes       P [Mpc³]       P [Mpc³]       P [Mpc³]
2.4543693e-02         3  7.6494284e+03  7.6494284e+03  7.7114628e+03
4.6570361e-02        25  4.0054408e+03  4.0655662e+03  4.0759073e+03
8.3521561e-02       124  1.7522385e+03  1.7130100e+03  1.7381082e+03
1.3383638e-01       418  8.0559745e+02  7.9638368e+02  7.5841586e+02
1.8592088e-01       730  4.3676503e+02  4.4659828e+02  4.3899037e+02
2.3260504e-01      1012  2.9542873e+02  2.9335047e+02  2.5439488e+02
2.7635505e-01      1408  2.2280818e+02  2.2308819e+02  1.9138099e+02
3.1919121e-01      1841  1.6556012e+02  1.6464080e+02  1.3148283e+02
3.6464415e-01      2698  1.3080758e+02  1.2997666e+02  1.0382155e+02
4.1290034e-01      3532  1.0312805e+02  1.0397692e+02  7.8010047e+01
4.6319578e-01      4702  8.3160578e+01  8.1578954e+01  5.8372024e+01
5.1570195e-01      6019  7.0223467e+01  7.1010771e+01  4.9131852e+01
5.7047444e-01      7766  5.8203868e+01  5.8143890e+01  3.6623586e+01
6.2844883e-01     10012  5.0581221e+01  4.9782119e+01  2.9673620e+01
6.8955465e-01     12589  4.3030965e+01  4.3158288e+01  2.4809336e+01
7.5323141e-01     15650  3.7250432e+01  3.7568158e+01  1.9789811e+01
8.2032763e-01     19757  3.2093807e+01  3.1992659e+01  1.5821731e+01
8.9088605e-01     24241  2.8502902e+01  2.8213994e+01  1.3075903e+01
9.6481958e-01     29993  2.5056347e+01  2.4852310e+01  1.0975960e+01
1.0423453e+00     36494  2.2189975e+01  2.2068101e+01  9.1482800e+00
1.1237267e+00     44825  2.0005559e+01  1.9919935e+01  7.6591308e+00
1.2089588e+00     53906  1.7978261e+01  1.7928631e+01  6.4056146e+00
1.2983336e+00     65729  1.6220130e+01  1.6174303e+01  5.3728805e+00
1.3921058e+00     78746  1.4710832e+01  1.4664405e+01  4.5217164e+00
1.4900211e+00     94374  1.3313096e+01  1.3271802e+01  3.8170304e+00
1.5921784e+00    112166  1.2174645e+01  1.2164473e+01  3.2353338e+00
1.6991083e+00    134373  1.1120065e+01  1.1121487e+01  2.7604679e+00
1.8110248e+00    159077  1.0228178e+01  1.0214496e+01  2.3572490e+00
1.9277595e+00    188172  9.4053386e+00  9.3937194e+00  2.0176724e+00
2.0497441e+00    222492  8.7277350e+00  8.7240297e+00  1.7299042e+00
2.1771282e+00    261771  8.0612502e+00  8.0542782e+00  1.4876124e+00
2.3098450e+00    306759  7.4545111e+00  7.4487561e+00  1.2818878e+00
2.4484375e+00    360898  6.9130504e+00  6.9072036e+00  1.1068849e+00
2.5937215e+00    425046  6.4317913e+00  6.4264297e+00  9.5684392e-01
2.7470320e+00    505555  5.9764687e+00  5.9711804e+00  8.2737139e-01
2.9094444e+00    600292  5.5592021e+00  5.5542103e+00  7.1504492e-01
3.0813867e+00    712930  5.1530456e+00  5.1484829e+00  6.1774674e-01
3.2634403e+00    846715  4.7770472e+00  4.7727981e+00  5.3355732e-01
3.4562097e+00   1005596  4.4262433e+00  4.4223505e+00  4.6067229e-01
3.6603648e+00   1194719  4.0933261e+00  4.0896989e+00  3.9763530e-01
3.8766358e+00   1419743  3.7797695e+00  3.7763725e+00  3.4308903e-01
4.1057220e+00   1686576  3.4802007e+00  3.4770768e+00  2.9591711e-01
4.3483372e+00   2003484  3.2023691e+00  3.1994828e+00  2.5514655e-01
4.6052142e+00   2378778  2.9464710e+00  2.9437996e+00  2.1995164e-01
4.8773359e+00   2828400  2.7025696e+00  2.7001043e+00  1.8954135e-01
5.1655179e+00   3356890  2.4769625e+00  2.4747017e+00  1.6328403e-01
5.4707002e+00   3990317  2.2591296e+00  2.2570680e+00  1.4061893e-01
5.7939476e+00   4738457  2.0650989e+00  2.0631790e+00  1.2107458e-01
6.1362572e+00   5629661  1.8839230e+00  1.8822099e+00  1.0421303e-01
6.4988210e+00   6687903  1.7185137e+00  1.7169089e+00  8.9681141e-02
6.8828355e+00   7945758  1.5651196e+00  1.5636689e+00  7.7148349e-02
7.2895050e+00   9436555  1.4218276e+00  1.4205113e+00  6.6352708e-02
7.7201584e+00  11210320  1.2924302e+00  1.2912011e+00  5.7050022e-02
8.1762927e+00  13318613  1.1754438e+00  1.1743302e+00  4.9041846e-02
8.6593661e+00  15819192  1.0673605e+00  1.0663634e+00  4.2147304e-02
9.1709925e+00  18795348  9.6725546e-01  9.6633153e-01  3.6209259e-02
9.7128705e+00  22326034  8.7632517e-01  8.7548915e-01  3.1101567e-02
1.0286736e+01  26520842  7.9298236e-01  7.9220623e-01  2.6709560e-02
1.0894484e+01  31503438  7.1703693e-01  7.1635226e-01  2.2940216e-02
1.1538156e+01  37426927  6.4864640e-01  6.4802488e-01  1.9698058e-02
1.2220385e+01  44525830  5.8694026e-01  5.8637452e-01  1.6908213e-02
