# Power spectrum from CO𝘕CEPT job 4559676 at t = 13.790139 Gyr, a = 1
#
# Components:
#   0: matter  (upstream grid size 1024)
#
#                           grid size 1024
# ╭────────────────────────────────────────────────────────────────╮
#                         component 0    (corrected)      (linear)
#                        σ₈ = 8.05e-01  σ₈ = 8.04e-01  σ₈ = 7.32e-01
#  k [Mpc⁻¹]    modes       P [Mpc³]       P [Mpc³]       P [Mpc³]
2.4543693e-02         3  4.8188270e+04  4.8188270e+04  4.9645446e+04
4.6570361e-02        25  2.5240338e+04  2.5619219e+04  2.6227259e+04
8.3521561e-02       124  1.1929851e+04  1.1662770e+04  1.1182048e+04
1.3383638e-01       418  5.9138047e+03  5.8461674e+03  4.8789278e+03
1.8592088e-01       730  3.5386008e+03  3.6182682e+03  2.8239885e+03
2.3260504e-01      1012  2.6592079e+03  2.6405011e+03  1.6364874e+03
2.7635505e-01      1408  2.1883021e+03  2.1910522e+03  1.2311223e+03
3.1919121e-01      1841  1.9468258e+03  1.9360155e+03  8.4580508e+02
3.6464415e-01      2698  1.6034776e+03  1.5932920e+03  6.6786380e+02
4.1290034e-01      3532  1.4444814e+03  1.4563711e+03  5.0182272e+02
4.6319578e-01      4702  1.2398232e+03  1.2162431e+03  3.7549492e+02
5.1570195e-01      6019  1.1197848e+03  1.1323392e+03  3.1605458e+02
5.7047444e-01      7766  1.0373868e+03  1.0363178e+03  2.3559145e+02
6.2844883e-01     10012  9.3405103e+02  9.1929451e+02  1.9088374e+02
6.8955465e-01     12589  8.4336703e+02  8.4586245e+02  1.5959281e+02
7.5323141e-01     15650  7.7579550e+02  7.8241262e+02  1.2730329e+02
8.2032763e-01     19757  7.1422509e+02  7.1197412e+02  1.0177751e+02
8.9088605e-01     24241  6.6382592e+02  6.5709732e+02  8.4114198e+01
9.6481958e-01     29993  6.0062256e+02  5.9573161e+02  7.0605732e+01
1.0423453e+00     36494  5.5570502e+02  5.5265292e+02  5.8848678e+01
1.1237267e+00     44825  5.0475663e+02  5.0259628e+02  4.9269319e+01
1.2089588e+00     53906  4.6270232e+02  4.6142500e+02  4.1205736e+01
1.2983336e+00     65729  4.2478919e+02  4.2358902e+02  3.4562395e+01
1.3921058e+00     78746  3.8619906e+02  3.8498021e+02  2.9087054e+01
1.4900211e+00     94374  3.5293151e+02  3.5183680e+02  2.4553973e+01
1.5921784e+00    112166  3.2192375e+02  3.2165476e+02  2.0812055e+01
1.6991083e+00    134373  2.9228032e+02  2.9231770e+02  1.7757355e+01
1.8110248e+00    159077  2.6572972e+02  2.6537427e+02  1.5163543e+01
1.9277595e+00    188172  2.4201961e+02  2.4172063e+02  1.2979128e+01
2.0497441e+00    222492  2.2029360e+02  2.2020008e+02  1.1127984e+01
2.1771282e+00    261771  1.9984595e+02  1.9967311e+02  9.5693797e+00
2.3098450e+00    306759  1.8118116e+02  1.8104129e+02  8.2460032e+00
2.4484375e+00    360898  1.6482848e+02  1.6468907e+02  7.1202525e+00
2.5937215e+00    425046  1.4996911e+02  1.4984409e+02  6.1550761e+00
2.7470320e+00    505555  1.3559233e+02  1.3547235e+02  5.3222116e+00
2.9094444e+00    600292  1.2295006e+02  1.2283966e+02  4.5996438e+00
3.0813867e+00    712930  1.1061959e+02  1.1052165e+02  3.9737495e+00
3.2634403e+00    846715  9.9891426e+01  9.9802575e+01  3.4321807e+00
3.4562097e+00   1005596  8.9794195e+01  8.9715221e+01  2.9633304e+00
3.6603648e+00   1194719  8.1080635e+01  8.1008788e+01  2.5578302e+00
3.8766358e+00   1419743  7.2823673e+01  7.2758225e+01  2.2069488e+00
4.1057220e+00   1686576  6.5648971e+01  6.5590043e+01  1.9035049e+00
4.3483372e+00   2003484  5.8891193e+01  5.8838115e+01  1.6412393e+00
4.6052142e+00   2378778  5.2979019e+01  5.2930986e+01  1.4148406e+00
4.8773359e+00   2828400  4.7550521e+01  4.7507145e+01  1.2192202e+00
5.1655179e+00   3356890  4.2451845e+01  4.2413097e+01  1.0503148e+00
5.4707002e+00   3990317  3.7909642e+01  3.7875045e+01  9.0451735e-01
5.7939476e+00   4738457  3.3780357e+01  3.3748952e+01  7.7879486e-01
6.1362572e+00   5629661  3.0121740e+01  3.0094350e+01  6.7033013e-01
6.4988210e+00   6687903  2.6823063e+01  2.6798014e+01  5.7685153e-01
6.8828355e+00   7945758  2.3866944e+01  2.3844822e+01  4.9623261e-01
7.2895050e+00   9436555  2.1244558e+01  2.1224890e+01  4.2678835e-01
7.7201584e+00  11210320  1.8873712e+01  1.8855763e+01  3.6694788e-01
8.1762927e+00  13318613  1.6759393e+01  1.6743517e+01  3.1543463e-01
8.6593661e+00  15819192  1.4866033e+01  1.4852147e+01  2.7108510e-01
9.1709925e+00  18795348  1.3192632e+01  1.3180031e+01  2.3288846e-01
9.7128705e+00  22326034  1.1705698e+01  1.1694531e+01  2.0003324e-01
1.0286736e+01  26520842  1.0353295e+01  1.0343162e+01  1.7178179e-01
1.0894484e+01  31503438  9.1496300e+00  9.1408933e+00  1.4753574e-01
1.1538156e+01  37426927  8.0759803e+00  8.0682422e+00  1.2668092e-01
1.2220385e+01  44525830  7.1198093e+00  7.1129468e+00  1.0873571e-01
