# Power spectrum from CO𝘕CEPT job 4559676 at t = 6.2819341 Gyr, a = 0.52631579
#
# Components:
#   0: matter  (upstream grid size 1024)
#
#                           grid size 1024
# ╭────────────────────────────────────────────────────────────────╮
#                         component 0    (corrected)      (linear)
#                        σ₈ = 4.87e-01  σ₈ = 4.86e-01  σ₈ = 4.66e-01
#  k [Mpc⁻¹]    modes       P [Mpc³]       P [Mpc³]       P [Mpc³]
2.4543693e-02         3  1.9802547e+04  1.9802547e+04  2.0111768e+04
4.6570361e-02        25  1.0383608e+04  1.0539476e+04  1.0627792e+04
8.3521561e-02       124  4.6121469e+03  4.5088917e+03  4.5316939e+03
1.3383638e-01       418  2.1896671e+03  2.1646235e+03  1.9773345e+03
1.8592088e-01       730  1.2278474e+03  1.2554910e+03  1.1445220e+03
2.3260504e-01      1012  8.7775691e+02  8.7158215e+02  6.6324825e+02
2.7635505e-01      1408  6.8424929e+02  6.8510920e+02  4.9896008e+02
3.1919121e-01      1841  5.5003484e+02  5.4698061e+02  3.4279589e+02
3.6464415e-01      2698  4.3662702e+02  4.3385348e+02  2.7067848e+02
4.1290034e-01      3532  3.7515292e+02  3.7824087e+02  2.0338388e+02
4.6319578e-01      4702  3.1570082e+02  3.0969654e+02  1.5218454e+02
5.1570195e-01      6019  2.7095315e+02  2.7399092e+02  1.2809400e+02
5.7047444e-01      7766  2.3246820e+02  2.3222864e+02  9.5483073e+01
6.2844883e-01     10012  2.0780610e+02  2.0452310e+02  7.7363472e+01
6.8955465e-01     12589  1.8700777e+02  1.8756110e+02  6.4681557e+01
7.5323141e-01     15650  1.6867296e+02  1.7011165e+02  5.1594911e+01
8.2032763e-01     19757  1.4908151e+02  1.4861166e+02  4.1249542e+01
8.9088605e-01     24241  1.3791203e+02  1.3651414e+02  3.4090764e+01
9.6481958e-01     29993  1.2476571e+02  1.2374973e+02  2.8615904e+01
1.0423453e+00     36494  1.1504370e+02  1.1441184e+02  2.3850875e+01
1.1237267e+00     44825  1.0550172e+02  1.0505017e+02  1.9968445e+01
1.2089588e+00     53906  9.7658347e+01  9.7388754e+01  1.6700345e+01
1.2983336e+00     65729  9.0323487e+01  9.0068294e+01  1.4007857e+01
1.3921058e+00     78746  8.2706812e+01  8.2445788e+01  1.1788749e+01
1.4900211e+00     94374  7.6451133e+01  7.6213999e+01  9.9515303e+00
1.5921784e+00    112166  7.0317809e+01  7.0259054e+01  8.4349632e+00
1.6991083e+00    134373  6.5095802e+01  6.5104127e+01  7.1969190e+00
1.8110248e+00    159077  6.0286335e+01  6.0205693e+01  6.1456692e+00
1.9277595e+00    188172  5.5549110e+01  5.5480486e+01  5.2603441e+00
2.0497441e+00    222492  5.1217516e+01  5.1195773e+01  4.5100913e+00
2.1771282e+00    261771  4.7302087e+01  4.7261176e+01  3.8784018e+00
2.3098450e+00    306759  4.3352784e+01  4.3319314e+01  3.3420484e+00
2.4484375e+00    360898  3.9906115e+01  3.9872364e+01  2.8857909e+00
2.5937215e+00    425046  3.6594429e+01  3.6563923e+01  2.4946128e+00
2.7470320e+00    505555  3.3484828e+01  3.3455199e+01  2.1570596e+00
2.9094444e+00    600292  3.0585408e+01  3.0557944e+01  1.8642087e+00
3.0813867e+00    712930  2.7846763e+01  2.7822107e+01  1.6105387e+00
3.2634403e+00    846715  2.5248464e+01  2.5226006e+01  1.3910451e+00
3.4562097e+00   1005596  2.2941894e+01  2.2921717e+01  1.2010238e+00
3.6603648e+00   1194719  2.0723645e+01  2.0705282e+01  1.0366777e+00
3.8766358e+00   1419743  1.8689789e+01  1.8672992e+01  8.9446812e-01
4.1057220e+00   1686576  1.6824077e+01  1.6808975e+01  7.7148454e-01
4.3483372e+00   2003484  1.5181717e+01  1.5168034e+01  6.6519023e-01
4.6052142e+00   2378778  1.3634130e+01  1.3621769e+01  5.7343245e-01
4.8773359e+00   2828400  1.2194222e+01  1.2183098e+01  4.9414885e-01
5.1655179e+00   3356890  1.0929269e+01  1.0919294e+01  4.2569262e-01
5.4707002e+00   3990317  9.7875608e+00  9.7786287e+00  3.6660186e-01
5.7939476e+00   4738457  8.7406973e+00  8.7325711e+00  3.1564731e-01
6.1362572e+00   5629661  7.7960985e+00  7.7890094e+00  2.7168719e-01
6.4988210e+00   6687903  6.9320405e+00  6.9255670e+00  2.3380084e-01
6.8828355e+00   7945758  6.1805074e+00  6.1747789e+00  2.0112641e-01
7.2895050e+00   9436555  5.4958716e+00  5.4907837e+00  1.7298097e-01
7.7201584e+00  11210320  4.8879159e+00  4.8832673e+00  1.4872788e-01
8.1762927e+00  13318613  4.3412689e+00  4.3371564e+00  1.2784975e-01
8.6593661e+00  15819192  3.8478824e+00  3.8442880e+00  1.0987502e-01
9.1709925e+00  18795348  3.4130318e+00  3.4097717e+00  9.4394008e-02
9.7128705e+00  22326034  3.0255133e+00  3.0226269e+00  8.1077837e-02
1.0286736e+01  26520842  2.6815287e+00  2.6789041e+00  6.9627545e-02
1.0894484e+01  31503438  2.3709809e+00  2.3687169e+00  5.9800614e-02
1.1538156e+01  37426927  2.0994001e+00  2.0973886e+00  5.1348127e-02
1.2220385e+01  44525830  1.8596768e+00  1.8578843e+00  4.4074882e-02
