# Power spectrum from CO𝘕CEPT job 4559676 at t = 2.8501215 Gyr, a = 0.3030303
#
# Components:
#   0: matter  (upstream grid size 1024)
#
#                           grid size 1024
# ╭────────────────────────────────────────────────────────────────╮
#                         component 0    (corrected)      (linear)
#                        σ₈ = 2.85e-01  σ₈ = 2.85e-01  σ₈ = 2.80e-01
#  k [Mpc⁻¹]    modes       P [Mpc³]       P [Mpc³]       P [Mpc³]
2.4543693e-02         3  7.2112671e+03  7.2112671e+03  7.2675161e+03
4.6570361e-02        25  3.7756474e+03  3.8323234e+03  3.8413020e+03
8.3521561e-02       124  1.6512874e+03  1.6143189e+03  1.6380709e+03
1.3383638e-01       418  7.5785956e+02  7.4919177e+02  7.1476589e+02
1.8592088e-01       730  4.1048104e+02  4.1972254e+02  4.1372482e+02
2.3260504e-01      1012  2.7678794e+02  2.7484081e+02  2.3975353e+02
2.7635505e-01      1408  2.0852257e+02  2.0878463e+02  1.8036633e+02
3.1919121e-01      1841  1.5432303e+02  1.5346610e+02  1.2391554e+02
3.6464415e-01      2698  1.2189921e+02  1.2112488e+02  9.7846259e+01
4.1290034e-01      3532  9.5792111e+01  9.6580591e+01  7.3520300e+01
4.6319578e-01      4702  7.7035789e+01  7.5570652e+01  5.5012514e+01
5.1570195e-01      6019  6.5011438e+01  6.5740307e+01  4.6304146e+01
5.7047444e-01      7766  5.3743861e+01  5.3688478e+01  3.4515774e+01
6.2844883e-01     10012  4.6599644e+01  4.5863444e+01  2.7965803e+01
6.8955465e-01     12589  3.9490024e+01  3.9606870e+01  2.3381475e+01
7.5323141e-01     15650  3.4106745e+01  3.4397657e+01  1.8650841e+01
8.2032763e-01     19757  2.9358659e+01  2.9266131e+01  1.4911137e+01
8.9088605e-01     24241  2.5985283e+01  2.5721894e+01  1.2323341e+01
9.6481958e-01     29993  2.2811349e+01  2.2625594e+01  1.0344257e+01
1.0423453e+00     36494  2.0136805e+01  2.0026208e+01  8.6217662e+00
1.1237267e+00     44825  1.8106487e+01  1.8028991e+01  7.2183226e+00
1.2089588e+00     53906  1.6233885e+01  1.6189071e+01  6.0369505e+00
1.2983336e+00     65729  1.4616887e+01  1.4575589e+01  5.0636537e+00
1.3921058e+00     78746  1.3226346e+01  1.3184603e+01  4.2614770e+00
1.4900211e+00     94374  1.1947471e+01  1.1910413e+01  3.5973480e+00
1.5921784e+00    112166  1.0906488e+01  1.0897375e+01  3.0491300e+00
1.6991083e+00    134373  9.9424952e+00  9.9437669e+00  2.6015942e+00
1.8110248e+00    159077  9.1311963e+00  9.1189821e+00  2.2215819e+00
1.9277595e+00    188172  8.3857912e+00  8.3754316e+00  1.9015490e+00
2.0497441e+00    222492  7.7727841e+00  7.7694843e+00  1.6303429e+00
2.1771282e+00    261771  7.1629401e+00  7.1567451e+00  1.4019958e+00
2.3098450e+00    306759  6.6201253e+00  6.6150145e+00  1.2081113e+00
2.4484375e+00    360898  6.1370406e+00  6.1318501e+00  1.0431804e+00
2.5937215e+00    425046  5.7086608e+00  5.7039020e+00  9.0177478e-01
2.7470320e+00    505555  5.3013237e+00  5.2966328e+00  7.7975381e-01
2.9094444e+00    600292  4.9269654e+00  4.9225413e+00  6.7389210e-01
3.0813867e+00    712930  4.5597580e+00  4.5557206e+00  5.8219374e-01
3.2634403e+00    846715  4.2303513e+00  4.2265884e+00  5.0284969e-01
3.4562097e+00   1005596  3.9161066e+00  3.9126624e+00  4.3415943e-01
3.6603648e+00   1194719  3.6215791e+00  3.6183700e+00  3.7475042e-01
3.8766358e+00   1419743  3.3492525e+00  3.3462424e+00  3.2334346e-01
4.1057220e+00   1686576  3.0842509e+00  3.0814824e+00  2.7888643e-01
4.3483372e+00   2003484  2.8451761e+00  2.8426118e+00  2.4046234e-01
4.6052142e+00   2378778  2.6216174e+00  2.6192405e+00  2.0729301e-01
4.8773359e+00   2828400  2.4081911e+00  2.4059943e+00  1.7863293e-01
5.1655179e+00   3356890  2.2121568e+00  2.2101377e+00  1.5388679e-01
5.4707002e+00   3990317  2.0212035e+00  2.0193590e+00  1.3252614e-01
5.7939476e+00   4738457  1.8524536e+00  1.8507314e+00  1.1410662e-01
6.1362572e+00   5629661  1.6938865e+00  1.6923462e+00  9.8215496e-02
6.4988210e+00   6687903  1.5486071e+00  1.5471609e+00  8.4519956e-02
6.8828355e+00   7945758  1.4132882e+00  1.4119783e+00  7.2708458e-02
7.2895050e+00   9436555  1.2889181e+00  1.2877248e+00  6.2534134e-02
7.7201584e+00  11210320  1.1758379e+00  1.1747196e+00  5.3766841e-02
8.1762927e+00  13318613  1.0718827e+00  1.0708673e+00  4.6219554e-02
8.6593661e+00  15819192  9.7633133e-01  9.7541932e-01  3.9721807e-02
9.1709925e+00  18795348  8.8768471e-01  8.8683679e-01  3.4125508e-02
9.7128705e+00  22326034  8.0630484e-01  8.0553562e-01  2.9311774e-02
1.0286736e+01  26520842  7.3150821e-01  7.3079225e-01  2.5172533e-02
1.0894484e+01  31503438  6.6409161e-01  6.6345749e-01  2.1620121e-02
1.1538156e+01  37426927  6.0266215e-01  6.0208469e-01  1.8564553e-02
1.2220385e+01  44525830  5.4683063e-01  5.4630356e-01  1.5935266e-02
