# Power spectrum from CO𝘕CEPT job 4559676 at t = 5.469032 Gyr, a = 0.47619048
#
# Components:
#   0: matter  (upstream grid size 1024)
#
#                           grid size 1024
# ╭────────────────────────────────────────────────────────────────╮
#                         component 0    (corrected)      (linear)
#                        σ₈ = 4.43e-01  σ₈ = 4.42e-01  σ₈ = 4.27e-01
#  k [Mpc⁻¹]    modes       P [Mpc³]       P [Mpc³]       P [Mpc³]
2.4543693e-02         3  1.6661452e+04  1.6661452e+04  1.6891617e+04
4.6570361e-02        25  8.7349042e+03  8.8660233e+03  8.9265478e+03
8.3521561e-02       124  3.8602148e+03  3.7737936e+03  3.8063484e+03
1.3383638e-01       418  1.8210941e+03  1.8002659e+03  1.6608504e+03
1.8592088e-01       730  1.0122242e+03  1.0350132e+03  9.6133624e+02
2.3260504e-01      1012  7.1593752e+02  7.1090110e+02  5.5709284e+02
2.7635505e-01      1408  5.5289159e+02  5.5358642e+02  4.1909978e+02
3.1919121e-01      1841  4.3748973e+02  4.3506043e+02  2.8793028e+02
3.6464415e-01      2698  3.4676475e+02  3.4456203e+02  2.2735554e+02
4.1290034e-01      3532  2.9255192e+02  2.9495997e+02  1.7083167e+02
4.6319578e-01      4702  2.4361581e+02  2.3898250e+02  1.2782696e+02
5.1570195e-01      6019  2.0765561e+02  2.0998372e+02  1.0759218e+02
5.7047444e-01      7766  1.7736235e+02  1.7717958e+02  8.0200734e+01
6.2844883e-01     10012  1.5880576e+02  1.5629688e+02  6.4981230e+01
6.8955465e-01     12589  1.4114012e+02  1.4155774e+02  5.4329093e+01
7.5323141e-01     15650  1.2686797e+02  1.2795009e+02  4.3337004e+01
8.2032763e-01     19757  1.1162055e+02  1.1126876e+02  3.4647441e+01
8.9088605e-01     24241  1.0275200e+02  1.0171050e+02  2.8634446e+01
9.6481958e-01     29993  9.2104234e+01  9.1354218e+01  2.4035853e+01
1.0423453e+00     36494  8.4749173e+01  8.4283705e+01  2.0033480e+01
1.1237267e+00     44825  7.7089758e+01  7.6759815e+01  1.6772444e+01
1.2089588e+00     53906  7.1438907e+01  7.1241695e+01  1.4027413e+01
1.2983336e+00     65729  6.5822851e+01  6.5636880e+01  1.1765865e+01
1.3921058e+00     78746  6.0525365e+01  6.0334346e+01  9.9019307e+00
1.4900211e+00     94374  5.6170500e+01  5.5996272e+01  8.3587638e+00
1.5921784e+00    112166  5.1930809e+01  5.1887418e+01  7.0849274e+00
1.6991083e+00    134373  4.8092623e+01  4.8098774e+01  6.0450355e+00
1.8110248e+00    159077  4.4510937e+01  4.4451397e+01  5.1620411e+00
1.9277595e+00    188172  4.1175373e+01  4.1124506e+01  4.4184146e+00
2.0497441e+00    222492  3.8143896e+01  3.8127703e+01  3.7882417e+00
2.1771282e+00    261771  3.5198675e+01  3.5168233e+01  3.2576558e+00
2.3098450e+00    306759  3.2515579e+01  3.2490476e+01  2.8071471e+00
2.4484375e+00    360898  3.0000478e+01  2.9975105e+01  2.4239148e+00
2.5937215e+00    425046  2.7612432e+01  2.7589414e+01  2.0953458e+00
2.7470320e+00    505555  2.5309644e+01  2.5287249e+01  1.8118188e+00
2.9094444e+00    600292  2.3204604e+01  2.3183768e+01  1.5658394e+00
3.0813867e+00    712930  2.1256170e+01  2.1237349e+01  1.3527699e+00
3.2634403e+00    846715  1.9332104e+01  1.9314909e+01  1.1684069e+00
3.4562097e+00   1005596  1.7607203e+01  1.7591718e+01  1.0087989e+00
3.6603648e+00   1194719  1.5959375e+01  1.5945233e+01  8.7075674e-01
3.8766358e+00   1419743  1.4452988e+01  1.4439998e+01  7.5130813e-01
4.1057220e+00   1686576  1.3067090e+01  1.3055360e+01  6.4800834e-01
4.3483372e+00   2003484  1.1772227e+01  1.1761617e+01  5.5872666e-01
4.6052142e+00   2378778  1.0591743e+01  1.0582140e+01  4.8165489e-01
4.8773359e+00   2828400  9.4998742e+00  9.4912084e+00  4.1506079e-01
5.1655179e+00   3356890  8.5262187e+00  8.5184364e+00  3.5756111e-01
5.4707002e+00   3990317  7.6495502e+00  7.6425692e+00  3.0792792e-01
5.7939476e+00   4738457  6.8356560e+00  6.8293009e+00  2.6512873e-01
6.1362572e+00   5629661  6.1183438e+00  6.1127803e+00  2.2820450e-01
6.4988210e+00   6687903  5.4563924e+00  5.4512969e+00  1.9638190e-01
6.8828355e+00   7945758  4.8688302e+00  4.8643174e+00  1.6893705e-01
7.2895050e+00   9436555  4.3358327e+00  4.3318187e+00  1.4529632e-01
7.7201584e+00  11210320  3.8572607e+00  3.8535923e+00  1.2492495e-01
8.1762927e+00  13318613  3.4291943e+00  3.4259457e+00  1.0738837e-01
8.6593661e+00  15819192  3.0457479e+00  3.0429028e+00  9.2290497e-02
9.1709925e+00  18795348  2.7038520e+00  2.7012693e+00  7.9287216e-02
9.7128705e+00  22326034  2.4022628e+00  2.3999710e+00  6.8102290e-02
1.0286736e+01  26520842  2.1321323e+00  2.1300455e+00  5.8484605e-02
1.0894484e+01  31503438  1.8909952e+00  1.8891896e+00  5.0230459e-02
1.1538156e+01  37426927  1.6785593e+00  1.6769509e+00  4.3130775e-02
1.2220385e+01  44525830  1.4890816e+00  1.4876463e+00  3.7021593e-02
