# Power spectrum from CO𝘕CEPT job 4559676 at t = 3.1242836 Gyr, a = 0.32258065
#
# Components:
#   0: matter  (upstream grid size 1024)
#
#                           grid size 1024
# ╭────────────────────────────────────────────────────────────────╮
#                         component 0    (corrected)      (linear)
#                        σ₈ = 3.03e-01  σ₈ = 3.03e-01  σ₈ = 2.98e-01
#  k [Mpc⁻¹]    modes       P [Mpc³]       P [Mpc³]       P [Mpc³]
2.4543693e-02         3  8.1276991e+03  8.1276991e+03  8.1963335e+03
4.6570361e-02        25  4.2562958e+03  4.3201868e+03  4.3321350e+03
8.3521561e-02       124  1.8625650e+03  1.8208665e+03  1.8473649e+03
1.3383638e-01       418  8.5789067e+02  8.4807881e+02  8.0608848e+02
1.8592088e-01       730  4.6563774e+02  4.7612102e+02  4.6658430e+02
2.3260504e-01      1012  3.1598226e+02  3.1375942e+02  2.7038551e+02
2.7635505e-01      1408  2.3859238e+02  2.3889222e+02  2.0341071e+02
3.1919121e-01      1841  1.7804908e+02  1.7706040e+02  1.3974750e+02
3.6464415e-01      2698  1.4070914e+02  1.3981533e+02  1.1034750e+02
4.1290034e-01      3532  1.1133531e+02  1.1225173e+02  8.2913550e+01
4.6319578e-01      4702  9.0027543e+01  8.8315317e+01  6.2041131e+01
5.1570195e-01      6019  7.6068766e+01  7.6921603e+01  5.2220146e+01
5.7047444e-01      7766  6.3224204e+01  6.3159052e+01  3.8925644e+01
6.2844883e-01     10012  5.5069679e+01  5.4199666e+01  3.1538822e+01
6.8955465e-01     12589  4.7040699e+01  4.7179886e+01  2.6368782e+01
7.5323141e-01     15650  4.0825498e+01  4.1173718e+01  2.1033743e+01
8.2032763e-01     19757  3.5208794e+01  3.5097829e+01  1.6816241e+01
8.9088605e-01     24241  3.1379915e+01  3.1061845e+01  1.3897817e+01
9.6481958e-01     29993  2.7620857e+01  2.7395937e+01  1.1665878e+01
1.0423453e+00     36494  2.4544918e+01  2.4410110e+01  9.7233149e+00
1.1237267e+00     44825  2.2185165e+01  2.2090213e+01  8.1405619e+00
1.2089588e+00     53906  1.9989989e+01  1.9934805e+01  6.8082531e+00
1.2983336e+00     65729  1.8068024e+01  1.8016976e+01  5.7106042e+00
1.3921058e+00     78746  1.6426321e+01  1.6374479e+01  4.8059384e+00
1.4900211e+00     94374  1.4897854e+01  1.4851644e+01  4.0569577e+00
1.5921784e+00    112166  1.3645738e+01  1.3634336e+01  3.4386973e+00
1.6991083e+00    134373  1.2484562e+01  1.2486159e+01  2.9339826e+00
1.8110248e+00    159077  1.1498886e+01  1.1483504e+01  2.5054185e+00
1.9277595e+00    188172  1.0591196e+01  1.0578112e+01  2.1444971e+00
2.0497441e+00    222492  9.8323066e+00  9.8281324e+00  1.8386406e+00
2.1771282e+00    261771  9.1030709e+00  9.0951978e+00  1.5811191e+00
2.3098450e+00    306759  8.4200567e+00  8.4135562e+00  1.3624632e+00
2.4484375e+00    360898  7.8141761e+00  7.8075672e+00  1.1764601e+00
2.5937215e+00    425046  7.2659887e+00  7.2599316e+00  1.0169880e+00
2.7470320e+00    505555  6.7500674e+00  6.7440946e+00  8.7937716e-01
2.9094444e+00    600292  6.2750441e+00  6.2694095e+00  7.5999018e-01
3.0813867e+00    712930  5.8258946e+00  5.8207362e+00  6.5657612e-01
3.2634403e+00    846715  5.3958141e+00  5.3910146e+00  5.6709479e-01
3.4562097e+00   1005596  4.9996884e+00  4.9952911e+00  4.8962843e-01
3.6603648e+00   1194719  4.6252832e+00  4.6211846e+00  4.2262912e-01
3.8766358e+00   1419743  4.2628107e+00  4.2589796e+00  3.6465424e-01
4.1057220e+00   1686576  3.9265615e+00  3.9230369e+00  3.1451724e-01
4.3483372e+00   2003484  3.6060206e+00  3.6027706e+00  2.7118396e-01
4.6052142e+00   2378778  3.3102734e+00  3.3072721e+00  2.3377681e-01
4.8773359e+00   2828400  3.0313924e+00  3.0286272e+00  2.0145503e-01
5.1655179e+00   3356890  2.7701721e+00  2.7676437e+00  1.7354725e-01
5.4707002e+00   3990317  2.5224614e+00  2.5201594e+00  1.4945751e-01
5.7939476e+00   4738457  2.2986096e+00  2.2964726e+00  1.2868467e-01
6.1362572e+00   5629661  2.0918410e+00  2.0899389e+00  1.1076326e-01
6.4988210e+00   6687903  1.9032833e+00  1.9015059e+00  9.5317943e-02
6.8828355e+00   7945758  1.7295764e+00  1.7279733e+00  8.1997384e-02
7.2895050e+00   9436555  1.5676427e+00  1.5661914e+00  7.0523170e-02
7.7201584e+00  11210320  1.4183103e+00  1.4169614e+00  6.0635753e-02
8.1762927e+00  13318613  1.2859311e+00  1.2847129e+00  5.2124215e-02
8.6593661e+00  15819192  1.1654789e+00  1.1643902e+00  4.4796311e-02
9.1709925e+00  18795348  1.0528899e+00  1.0518842e+00  3.8485026e-02
9.7128705e+00  22326034  9.5087725e-01  9.4997010e-01  3.3056288e-02
1.0286736e+01  26520842  8.5856958e-01  8.5772926e-01  2.8388220e-02
1.0894484e+01  31503438  7.7430610e-01  7.7356675e-01  2.4381954e-02
1.1538156e+01  37426927  6.9874386e-01  6.9807435e-01  2.0936011e-02
1.2220385e+01  44525830  6.3067719e-01  6.3006930e-01  1.7970812e-02
