# Power spectrum from CO𝘕CEPT job 4775589 at t = 1.7421462 Gyr, a = 0.2173913
#
# Components:
#   0: matter  (upstream grid size 1024)
#
#                           grid size 1024
# ╭────────────────────────────────────────────────────────────────╮
#                         component 0    (corrected)      (linear)
#                        σ₈ = 2.25e-01  σ₈ = 2.25e-01  σ₈ = 2.25e-01
#  k [Mpc⁻¹]    modes       P [Mpc³]       P [Mpc³]       P [Mpc³]
3.0679616e-03         3  3.4706944e+03  3.4706944e+03  3.4708944e+03
5.8212951e-03        25  5.1135263e+03  5.1358325e+03  5.1344021e+03
1.0440195e-02       124  6.0105904e+03  6.0783276e+03  6.0950043e+03
1.6729547e-02       418  5.4920203e+03  5.5412679e+03  5.5360664e+03
2.3240110e-02       730  4.3232251e+03  4.3232923e+03  4.3431325e+03
2.9075630e-02      1012  3.4996640e+03  3.4914560e+03  3.4905960e+03
3.4544381e-02      1408  3.0094851e+03  3.0035945e+03  3.0006710e+03
3.9898901e-02      1841  2.6992448e+03  2.6984155e+03  2.7123019e+03
4.5580519e-02      2698  2.4535136e+03  2.4569467e+03  2.4651499e+03
5.1612543e-02      3532  2.1443769e+03  2.1479599e+03  2.1626463e+03
5.7899473e-02      4702  1.7928637e+03  1.7927721e+03  1.8057925e+03
6.4462744e-02      6019  1.4742040e+03  1.4704912e+03  1.4751459e+03
7.1309305e-02      7766  1.2437295e+03  1.2395437e+03  1.2458542e+03
7.8556104e-02     10012  1.1135906e+03  1.1121676e+03  1.1178148e+03
8.6194331e-02     12589  1.0224571e+03  1.0241849e+03  1.0269081e+03
9.4153926e-02     15650  9.0009495e+02  9.0170244e+02  9.0521365e+02
1.0254095e-01     19757  7.5158699e+02  7.5046330e+02  7.5403209e+02
1.1136076e-01     24241  6.3293781e+02  6.3050623e+02  6.3104667e+02
1.2060245e-01     29993  5.6197905e+02  5.6107936e+02  5.6267348e+02
1.3029316e-01     36494  5.0992754e+02  5.1105812e+02  5.1453945e+02
1.4046583e-01     44825  4.4681875e+02  4.4718106e+02  4.4789725e+02
1.5111985e-01     53906  3.7998431e+02  3.7880623e+02  3.7770122e+02
1.6229170e-01     65729  3.3249291e+02  3.3187695e+02  3.3162597e+02
1.7401323e-01     78746  2.9951188e+02  2.9998492e+02  2.9991431e+02
1.8625264e-01     94374  2.6263447e+02  2.6248714e+02  2.6168168e+02
1.9902230e-01    112166  2.2752683e+02  2.2710922e+02  2.2629138e+02
2.1238854e-01    134373  2.0217847e+02  2.0210114e+02  2.0145219e+02
2.2637810e-01    159077  1.8002676e+02  1.8009608e+02  1.7864827e+02
2.4096993e-01    188172  1.5757906e+02  1.5730876e+02  1.5611595e+02
2.5621802e-01    222492  1.4000906e+02  1.3998553e+02  1.3838057e+02
2.7214102e-01    261771  1.2413257e+02  1.2406754e+02  1.2253897e+02
2.8873063e-01    306759  1.0976076e+02  1.0969019e+02  1.0827278e+02
3.0605468e-01    360898  9.7612150e+01  9.7557221e+01  9.5857095e+01
3.2421519e-01    425046  8.6984219e+01  8.6933670e+01  8.5037856e+01
3.4337900e-01    505555  7.7012218e+01  7.6970031e+01  7.5303210e+01
3.6368055e-01    600292  6.8238349e+01  6.8199008e+01  6.6575614e+01
3.8517334e-01    712930  6.0584663e+01  6.0545911e+01  5.8821574e+01
4.0793004e-01    846715  5.3694197e+01  5.3661177e+01  5.1947662e+01
4.3202621e-01   1005596  4.7593360e+01  4.7564224e+01  4.5835683e+01
4.5754560e-01   1194719  4.1920907e+01  4.1894414e+01  4.0400593e+01
4.8457948e-01   1419743  3.7033174e+01  3.7009363e+01  3.5577885e+01
5.1321525e-01   1686576  3.2652705e+01  3.2631440e+01  3.1304463e+01
5.4354215e-01   2003484  2.8758561e+01  2.8739555e+01  2.7522038e+01
5.7565178e-01   2378778  2.5253901e+01  2.5236987e+01  2.4178420e+01
6.0966698e-01   2828400  2.2180606e+01  2.2165515e+01  2.1224083e+01
6.4568974e-01   3356890  1.9455321e+01  1.9441931e+01  1.8616981e+01
6.8383752e-01   3990317  1.7081809e+01  1.7069892e+01  1.6318410e+01
7.2424344e-01   4738457  1.5034301e+01  1.5023696e+01  1.4293308e+01
7.6703215e-01   5629661  1.3358886e+01  1.3349350e+01  1.2511091e+01
8.1235262e-01   6687903  1.2097193e+01  1.2088459e+01  1.0943652e+01
8.6035444e-01   7945758  1.1410252e+01  1.1401921e+01  9.5662448e+00
9.1118812e-01   9436555  1.1397605e+01  1.1389199e+01  8.3569682e+00
9.6501980e-01  11210320  1.2156411e+01  1.2147351e+01  7.2961202e+00
1.0220366e+00  13318613  1.3981730e+01  1.3971203e+01  6.3660170e+00
1.0824208e+00  15819192  1.7270229e+01  1.7257104e+01  5.5512312e+00
1.1463741e+00  18795348  2.2682274e+01  2.2664871e+01  4.8379408e+00
1.2141088e+00  22326034  3.0872730e+01  3.0848835e+01  4.2139245e+00
1.2858419e+00  26520842  4.2629234e+01  4.2595955e+01  3.6684240e+00
1.3618105e+00  31503438  5.7344204e+01  5.7299064e+01  3.1918602e+00
1.4422695e+00  37426927  7.0961162e+01  7.0904831e+01  2.7757573e+00
1.5275481e+00  44525830  7.6548957e+01  7.6487536e+01  2.4124245e+00
