# Power spectrum from CO𝘕CEPT job 4775589 at t = 1.5854735 Gyr, a = 0.20408163
#
# Components:
#   0: matter  (upstream grid size 1024)
#
#                           grid size 1024
# ╭────────────────────────────────────────────────────────────────╮
#                         component 0    (corrected)      (linear)
#                        σ₈ = 2.12e-01  σ₈ = 2.11e-01  σ₈ = 2.11e-01
#  k [Mpc⁻¹]    modes       P [Mpc³]       P [Mpc³]       P [Mpc³]
3.0679616e-03         3  3.0638323e+03  3.0638323e+03  3.0638914e+03
5.8212951e-03        25  4.5143271e+03  4.5340194e+03  4.5326428e+03
1.0440195e-02       124  5.3076086e+03  5.3674234e+03  5.3810246e+03
1.6729547e-02       418  4.8488085e+03  4.8922883e+03  4.8877412e+03
2.3240110e-02       730  3.8182853e+03  3.8183447e+03  3.8345823e+03
2.9075630e-02      1012  3.0899937e+03  3.0827465e+03  3.0818998e+03
3.4544381e-02      1408  2.6570321e+03  2.6518313e+03  2.6493515e+03
3.9898901e-02      1841  2.3840302e+03  2.3832977e+03  2.3947530e+03
4.5580519e-02      2698  2.1666880e+03  2.1697198e+03  2.1765423e+03
5.1612543e-02      3532  1.8940386e+03  1.8972033e+03  1.9094581e+03
5.7899473e-02      4702  1.5835015e+03  1.5834206e+03  1.5943846e+03
6.4462744e-02      6019  1.3014946e+03  1.2982168e+03  1.3024490e+03
7.1309305e-02      7766  1.0979932e+03  1.0942979e+03  1.1000016e+03
7.8556104e-02     10012  9.8300726e+02  9.8175119e+02  9.8695254e+02
8.6194331e-02     12589  9.0237641e+02  9.0390133e+02  9.0668872e+02
9.4153926e-02     15650  7.9430303e+02  7.9572159e+02  7.9924130e+02
1.0254095e-01     19757  6.6304273e+02  6.6205142e+02  6.6575865e+02
1.1136076e-01     24241  5.5802138e+02  5.5587762e+02  5.5717113e+02
1.2060245e-01     29993  4.9540934e+02  4.9461623e+02  4.9680238e+02
1.3029316e-01     36494  4.4957455e+02  4.5057132e+02  4.5430339e+02
1.4046583e-01     44825  3.9365192e+02  3.9397112e+02  3.9546293e+02
1.5111985e-01     53906  3.3445959e+02  3.3342266e+02  3.3348464e+02
1.6229170e-01     65729  2.9255454e+02  2.9201257e+02  2.9280334e+02
1.7401323e-01     78746  2.6345449e+02  2.6387058e+02  2.6480411e+02
1.8625264e-01     94374  2.3084083e+02  2.3071133e+02  2.3104731e+02
1.9902230e-01    112166  1.9982794e+02  1.9946117e+02  1.9980007e+02
2.1238854e-01    134373  1.7746367e+02  1.7739580e+02  1.7786875e+02
2.2637810e-01    159077  1.5788388e+02  1.5794467e+02  1.5773442e+02
2.4096993e-01    188172  1.3804909e+02  1.3781230e+02  1.3783991e+02
2.5621802e-01    222492  1.2251925e+02  1.2249866e+02  1.2218076e+02
2.7214102e-01    261771  1.0853558e+02  1.0847871e+02  1.0819370e+02
2.8873063e-01    306759  9.5864961e+01  9.5803323e+01  9.5597609e+01
3.0605468e-01    360898  8.5160354e+01  8.5112432e+01  8.4635394e+01
3.2421519e-01    425046  7.5770085e+01  7.5726052e+01  7.5082732e+01
3.4337900e-01    505555  6.7003548e+01  6.6966844e+01  6.6487694e+01
3.6368055e-01    600292  5.9278699e+01  5.9244524e+01  5.8781812e+01
3.8517334e-01    712930  5.2543280e+01  5.2509672e+01  5.1935514e+01
4.0793004e-01    846715  4.6484278e+01  4.6455692e+01  4.5866311e+01
4.3202621e-01   1005596  4.1125408e+01  4.1100232e+01  4.0469843e+01
4.5754560e-01   1194719  3.6150400e+01  3.6127554e+01  3.5671022e+01
4.8457948e-01   1419743  3.1868667e+01  3.1848176e+01  3.1412894e+01
5.1321525e-01   1686576  2.8028650e+01  2.8010396e+01  2.7639749e+01
5.4354215e-01   2003484  2.4622358e+01  2.4606086e+01  2.4300121e+01
5.7565178e-01   2378778  2.1554918e+01  2.1540481e+01  2.1347929e+01
6.0966698e-01   2828400  1.8877519e+01  1.8864675e+01  1.8739448e+01
6.4568974e-01   3356890  1.6498394e+01  1.6487039e+01  1.6437551e+01
6.8383752e-01   3990317  1.4428322e+01  1.4418256e+01  1.4408066e+01
7.2424344e-01   4738457  1.2641408e+01  1.2632491e+01  1.2620036e+01
7.6703215e-01   5629661  1.1171155e+01  1.1163181e+01  1.1046458e+01
8.1235262e-01   6687903  1.0063371e+01  1.0056105e+01  9.6625148e+00
8.6035444e-01   7945758  9.4692423e+00  9.4623288e+00  8.4463559e+00
9.1118812e-01   9436555  9.4762113e+00  9.4692223e+00  7.3786454e+00
9.6501980e-01  11210320  1.0168053e+01  1.0160475e+01  6.4419876e+00
1.0220366e+00  13318613  1.1813440e+01  1.1804546e+01  5.6207686e+00
1.0824208e+00  15819192  1.4792412e+01  1.4781171e+01  4.9013672e+00
1.1463741e+00  18795348  1.9777537e+01  1.9762363e+01  4.2715793e+00
1.2141088e+00  22326034  2.7571596e+01  2.7550256e+01  3.7206146e+00
1.2858419e+00  26520842  3.9349999e+01  3.9319281e+01  3.2389742e+00
1.3618105e+00  31503438  5.5306218e+01  5.5262682e+01  2.8182001e+00
1.4422695e+00  37426927  7.1960524e+01  7.1903399e+01  2.4508090e+00
1.5275481e+00  44525830  8.0284551e+01  8.0220133e+01  2.1300104e+00
