# Power spectrum from CO𝘕CEPT job 4775589 at t = 10.262193 Gyr, a = 0.76923077
#
# Components:
#   0: matter  (upstream grid size 1024)
#
#                           grid size 1024
# ╭────────────────────────────────────────────────────────────────╮
#                         component 0    (corrected)      (linear)
#                        σ₈ = 7.50e-01  σ₈ = 7.50e-01  σ₈ = 6.95e-01
#  k [Mpc⁻¹]    modes       P [Mpc³]       P [Mpc³]       P [Mpc³]
3.0679616e-03         3  3.3204308e+04  3.3204308e+04  3.3198352e+04
5.8212951e-03        25  4.8871553e+04  4.9084740e+04  4.9054929e+04
1.0440195e-02       124  5.6960866e+04  5.7602793e+04  5.8163649e+04
1.6729547e-02       418  5.2312024e+04  5.2781112e+04  5.2786477e+04
2.3240110e-02       730  4.0627693e+04  4.0628324e+04  4.1392915e+04
2.9075630e-02      1012  3.3193770e+04  3.3115919e+04  3.3259698e+04
3.4544381e-02      1408  2.8586297e+04  2.8530343e+04  2.8587319e+04
3.9898901e-02      1841  2.5282836e+04  2.5275068e+04  2.5837456e+04
4.5580519e-02      2698  2.3081671e+04  2.3113969e+04  2.3481296e+04
5.1612543e-02      3532  2.0030551e+04  2.0064020e+04  2.0598651e+04
5.7899473e-02      4702  1.6800749e+04  1.6799891e+04  1.7198935e+04
6.4462744e-02      6019  1.4110498e+04  1.4074961e+04  1.4049258e+04
7.1309305e-02      7766  1.1992209e+04  1.1951850e+04  1.1865160e+04
7.8556104e-02     10012  1.0792435e+04  1.0778644e+04  1.0645512e+04
8.6194331e-02     12589  9.9410216e+03  9.9578208e+03  9.7795838e+03
9.4153926e-02     15650  8.7991395e+03  8.8148540e+03  8.6205200e+03
1.0254095e-01     19757  7.5431902e+03  7.5319124e+03  7.1807013e+03
1.1136076e-01     24241  6.5951310e+03  6.5697943e+03  6.0094415e+03
1.2060245e-01     29993  5.9050637e+03  5.8956101e+03  5.3582808e+03
1.3029316e-01     36494  5.3607892e+03  5.3726748e+03  4.8998713e+03
1.4046583e-01     44825  4.8013588e+03  4.8052521e+03  4.2652236e+03
1.5111985e-01     53906  4.3075523e+03  4.2941974e+03  3.5967445e+03
1.6229170e-01     65729  3.8629197e+03  3.8557634e+03  3.1579693e+03
1.7401323e-01     78746  3.5363823e+03  3.5419675e+03  2.8559789e+03
1.8625264e-01     94374  3.2098294e+03  3.2080287e+03  2.4918952e+03
1.9902230e-01    112166  2.9047607e+03  2.8994292e+03  2.1548811e+03
2.1238854e-01    134373  2.6455607e+03  2.6445489e+03  1.9183432e+03
2.2637810e-01    159077  2.4442802e+03  2.4452213e+03  1.7011878e+03
2.4096993e-01    188172  2.2457143e+03  2.2418623e+03  1.4866199e+03
2.5621802e-01    222492  2.0758777e+03  2.0755288e+03  1.3177322e+03
2.7214102e-01    261771  1.9271545e+03  1.9261449e+03  1.1668786e+03
2.8873063e-01    306759  1.7821105e+03  1.7809647e+03  1.0310275e+03
3.0605468e-01    360898  1.6594275e+03  1.6584937e+03  9.1279819e+02
3.2421519e-01    425046  1.5445646e+03  1.5436670e+03  8.0977136e+02
3.4337900e-01    505555  1.4426704e+03  1.4418801e+03  7.1707280e+02
3.6368055e-01    600292  1.3484574e+03  1.3476800e+03  6.3396403e+02
3.8517334e-01    712930  1.2616293e+03  1.2608223e+03  5.6012607e+02
4.0793004e-01    846715  1.1844331e+03  1.1837047e+03  4.9466923e+02
4.3202621e-01   1005596  1.1084404e+03  1.1077619e+03  4.3646795e+02
4.5754560e-01   1194719  1.0410981e+03  1.0404402e+03  3.8471239e+02
4.8457948e-01   1419743  9.7691998e+02  9.7629185e+02  3.3878827e+02
5.1321525e-01   1686576  9.2003934e+02  9.1944016e+02  2.9809474e+02
5.4354215e-01   2003484  8.6315468e+02  8.6258423e+02  2.6207674e+02
5.7565178e-01   2378778  8.1459484e+02  8.1404923e+02  2.3023727e+02
6.0966698e-01   2828400  7.6757843e+02  7.6705618e+02  2.0210475e+02
6.4568974e-01   3356890  7.2457357e+02  7.2407489e+02  1.7727875e+02
6.8383752e-01   3990317  6.8437492e+02  6.8389744e+02  1.5539073e+02
7.2424344e-01   4738457  6.4754924e+02  6.4709244e+02  1.3610682e+02
7.6703215e-01   5629661  6.1300258e+02  6.1256502e+02  1.1913577e+02
8.1235262e-01   6687903  5.8106986e+02  5.8065033e+02  1.0420994e+02
8.6035444e-01   7945758  5.5092131e+02  5.5051909e+02  9.1093671e+01
9.1118812e-01   9436555  5.2234826e+02  5.2196301e+02  7.9578420e+01
9.6501980e-01  11210320  4.9449744e+02  4.9412891e+02  6.9476573e+01
1.0220366e+00  13318613  4.6749317e+02  4.6714119e+02  6.0619735e+01
1.0824208e+00  15819192  4.4080696e+02  4.4047196e+02  5.2861001e+01
1.1463741e+00  18795348  4.1494767e+02  4.1462930e+02  4.6068749e+01
1.2141088e+00  22326034  3.8967082e+02  3.8936922e+02  4.0126605e+01
1.2858419e+00  26520842  3.6509610e+02  3.6481109e+02  3.4932123e+01
1.3618105e+00  31503438  3.4146600e+02  3.4119721e+02  3.0394084e+01
1.4422695e+00  37426927  3.1852400e+02  3.1827114e+02  2.6431780e+01
1.5275481e+00  44525830  2.9672626e+02  2.9648817e+02  2.2971976e+01
