# Power spectrum from CO𝘕CEPT job 4775589 at t = 6.2824789 Gyr, a = 0.52631579
#
# Components:
#   0: matter  (upstream grid size 1024)
#
#                           grid size 1024
# ╭────────────────────────────────────────────────────────────────╮
#                         component 0    (corrected)      (linear)
#                        σ₈ = 5.41e-01  σ₈ = 5.41e-01  σ₈ = 5.18e-01
#  k [Mpc⁻¹]    modes       P [Mpc³]       P [Mpc³]       P [Mpc³]
3.0679616e-03         3  1.8433626e+04  1.8433626e+04  1.8421795e+04
5.8212951e-03        25  2.7139893e+04  2.7258283e+04  2.7227751e+04
1.0440195e-02       124  3.1734972e+04  3.2092614e+04  3.2293176e+04
1.6729547e-02       418  2.9098461e+04  2.9359390e+04  2.9314744e+04
2.3240110e-02       730  2.2719334e+04  2.2719687e+04  2.2990632e+04
2.9075630e-02      1012  1.8503052e+04  1.8459656e+04  1.8474677e+04
3.4544381e-02      1408  1.5929044e+04  1.5897865e+04  1.5880099e+04
3.9898901e-02      1841  1.4165285e+04  1.4160932e+04  1.4353054e+04
4.5580519e-02      2698  1.2913060e+04  1.2931129e+04  1.3044519e+04
5.1612543e-02      3532  1.1238603e+04  1.1257381e+04  1.1443365e+04
5.7899473e-02      4702  9.4122216e+03  9.4117408e+03  9.5548419e+03
6.4462744e-02      6019  7.8342599e+03  7.8145294e+03  7.8051429e+03
7.1309305e-02      7766  6.6311114e+03  6.6087943e+03  6.5918216e+03
7.8556104e-02     10012  5.9546501e+03  5.9470413e+03  5.9142811e+03
8.6194331e-02     12589  5.4838763e+03  5.4931435e+03  5.4332379e+03
9.4153926e-02     15650  4.8449414e+03  4.8535940e+03  4.7893237e+03
1.0254095e-01     19757  4.1017748e+03  4.0956423e+03  3.9894183e+03
1.1136076e-01     24241  3.5272827e+03  3.5137318e+03  3.3387083e+03
1.2060245e-01     29993  3.1460238e+03  3.1409873e+03  2.9769477e+03
1.3029316e-01     36494  2.8524054e+03  2.8587296e+03  2.7222722e+03
1.4046583e-01     44825  2.5384064e+03  2.5404647e+03  2.3696798e+03
1.5111985e-01     53906  2.2275067e+03  2.2206007e+03  1.9982889e+03
1.6229170e-01     65729  1.9763514e+03  1.9726901e+03  1.7545158e+03
1.7401323e-01     78746  1.7967690e+03  1.7996067e+03  1.5867371e+03
1.8625264e-01     94374  1.6111414e+03  1.6102376e+03  1.3844596e+03
1.9902230e-01    112166  1.4309321e+03  1.4283057e+03  1.1972208e+03
2.1238854e-01    134373  1.2920868e+03  1.2915926e+03  1.0658047e+03
2.2637810e-01    159077  1.1776265e+03  1.1780799e+03  9.4515691e+02
2.4096993e-01    188172  1.0635716e+03  1.0617472e+03  8.2594648e+02
2.5621802e-01    222492  9.7189789e+02  9.7173456e+02  7.3211507e+02
2.7214102e-01    261771  8.8638486e+02  8.8592046e+02  6.4830311e+02
2.8873063e-01    306759  8.0643135e+02  8.0591284e+02  5.7282617e+02
3.0605468e-01    360898  7.3752761e+02  7.3711259e+02  5.0713963e+02
3.2421519e-01    425046  6.7979581e+02  6.7940076e+02  4.4989933e+02
3.4337900e-01    505555  6.2334515e+02  6.2300368e+02  3.9839724e+02
3.6368055e-01    600292  5.7316671e+02  5.7283626e+02  3.5222308e+02
3.8517334e-01    712930  5.2871682e+02  5.2837863e+02  3.1119964e+02
4.0793004e-01    846715  4.8733347e+02  4.8703377e+02  2.7483263e+02
4.3202621e-01   1005596  4.4958140e+02  4.4930618e+02  2.4249671e+02
4.5754560e-01   1194719  4.1498035e+02  4.1471809e+02  2.1374193e+02
4.8457948e-01   1419743  3.8362233e+02  3.8337568e+02  1.8822703e+02
5.1321525e-01   1686576  3.5517649e+02  3.5494518e+02  1.6561818e+02
5.4354215e-01   2003484  3.2929068e+02  3.2907306e+02  1.4560699e+02
5.7565178e-01   2378778  3.0565879e+02  3.0545406e+02  1.2791735e+02
6.0966698e-01   2828400  2.8462384e+02  2.8443018e+02  1.1228723e+02
6.4568974e-01   3356890  2.6534714e+02  2.6516452e+02  9.8494186e+01
6.8383752e-01   3990317  2.4832221e+02  2.4814896e+02  8.6333445e+01
7.2424344e-01   4738457  2.3334107e+02  2.3317647e+02  7.5619513e+01
7.6703215e-01   5629661  2.2055851e+02  2.2040107e+02  6.6190584e+01
8.1235262e-01   6687903  2.0974622e+02  2.0959479e+02  5.7897956e+01
8.6035444e-01   7945758  2.0090443e+02  2.0075775e+02  5.0610698e+01
9.1118812e-01   9436555  1.9386230e+02  1.9371932e+02  4.4212948e+01
9.6501980e-01  11210320  1.8808237e+02  1.8794219e+02  3.8600470e+01
1.0220366e+00  13318613  1.8316673e+02  1.8302882e+02  3.3679706e+01
1.0824208e+00  15819192  1.7847150e+02  1.7833587e+02  2.9369035e+01
1.1463741e+00  18795348  1.7382396e+02  1.7369059e+02  2.5595332e+01
1.2141088e+00  22326034  1.6863914e+02  1.6850862e+02  2.2293939e+01
1.2858419e+00  26520842  1.6301700e+02  1.6288974e+02  1.9407939e+01
1.3618105e+00  31503438  1.5709181e+02  1.5696815e+02  1.6886652e+01
1.4422695e+00  37426927  1.5098997e+02  1.5087011e+02  1.4685237e+01
1.5275481e+00  44525830  1.4479906e+02  1.4468287e+02  1.2763006e+01
