# Power spectrum from CO𝘕CEPT job 4775589 at t = 1.9262132 Gyr, a = 0.23255814
#
# Components:
#   0: matter  (upstream grid size 1024)
#
#                           grid size 1024
# ╭────────────────────────────────────────────────────────────────╮
#                         component 0    (corrected)      (linear)
#                        σ₈ = 2.41e-01  σ₈ = 2.41e-01  σ₈ = 2.41e-01
#  k [Mpc⁻¹]    modes       P [Mpc³]       P [Mpc³]       P [Mpc³]
3.0679616e-03         3  3.9635856e+03  3.9635856e+03  3.9639660e+03
5.8212951e-03        25  5.8393846e+03  5.8648571e+03  5.8633677e+03
1.0440195e-02       124  6.8618479e+03  6.9391784e+03  6.9598494e+03
1.6729547e-02       418  6.2711215e+03  6.3273554e+03  6.3213480e+03
2.3240110e-02       730  4.9344811e+03  4.9345578e+03  4.9590968e+03
2.9075630e-02      1012  3.9958261e+03  3.9864544e+03  3.9856091e+03
3.4544381e-02      1408  3.4363924e+03  3.4296661e+03  3.4261861e+03
3.9898901e-02      1841  3.0808113e+03  3.0798647e+03  3.0969125e+03
4.5580519e-02      2698  2.8007968e+03  2.8047159e+03  2.8147057e+03
5.1612543e-02      3532  2.4473940e+03  2.4514833e+03  2.4693021e+03
5.7899473e-02      4702  2.0463112e+03  2.0462066e+03  2.0618443e+03
6.4462744e-02      6019  1.6834585e+03  1.6792187e+03  1.6843116e+03
7.1309305e-02      7766  1.4203344e+03  1.4155542e+03  1.4225065e+03
7.8556104e-02     10012  1.2718674e+03  1.2702422e+03  1.2763112e+03
8.6194331e-02     12589  1.1680491e+03  1.1700230e+03  1.1725140e+03
9.4153926e-02     15650  1.0283995e+03  1.0302361e+03  1.0335639e+03
1.0254095e-01     19757  8.5906617e+02  8.5778179e+02  8.6094593e+02
1.1136076e-01     24241  7.2400014e+02  7.2121873e+02  7.2052223e+02
1.2060245e-01     29993  6.4292241e+02  6.4189313e+02  6.4245430e+02
1.3029316e-01     36494  5.8330485e+02  5.8459812e+02  5.8749526e+02
1.4046583e-01     44825  5.1154586e+02  5.1196066e+02  5.1140386e+02
1.5111985e-01     53906  4.3552290e+02  4.3417264e+02  4.3125478e+02
1.6229170e-01     65729  3.8126318e+02  3.8055686e+02  3.7864655e+02
1.7401323e-01     78746  3.4357221e+02  3.4411484e+02  3.4243852e+02
1.8625264e-01     94374  3.0154805e+02  3.0137889e+02  2.9878494e+02
1.9902230e-01    112166  2.6148828e+02  2.6100833e+02  2.5837671e+02
2.1238854e-01    134373  2.3251980e+02  2.3243087e+02  2.3001561e+02
2.2637810e-01    159077  2.0725572e+02  2.0733551e+02  2.0397836e+02
2.4096993e-01    188172  1.8165248e+02  1.8134089e+02  1.7825123e+02
2.5621802e-01    222492  1.6161729e+02  1.6159013e+02  1.5800119e+02
2.7214102e-01    261771  1.4343665e+02  1.4336150e+02  1.3991344e+02
2.8873063e-01    306759  1.2699831e+02  1.2691666e+02  1.2362448e+02
3.0605468e-01    360898  1.1308902e+02  1.1302538e+02  1.0944841e+02
3.2421519e-01    425046  1.0096385e+02  1.0090518e+02  9.7095135e+01
3.4337900e-01    505555  8.9520673e+01  8.9471634e+01  8.5980240e+01
3.6368055e-01    600292  7.9469290e+01  7.9423474e+01  7.6015180e+01
3.8517334e-01    712930  7.0695156e+01  7.0649937e+01  6.7161715e+01
4.0793004e-01    846715  6.2786670e+01  6.2748058e+01  5.9313170e+01
4.3202621e-01   1005596  5.5776439e+01  5.5742294e+01  5.2334590e+01
4.5754560e-01   1194719  4.9250963e+01  4.9219838e+01  4.6128873e+01
4.8457948e-01   1419743  4.3616798e+01  4.3588753e+01  4.0622367e+01
5.1321525e-01   1686576  3.8572109e+01  3.8546989e+01  3.5743030e+01
5.4354215e-01   2003484  3.4075602e+01  3.4053082e+01  3.1424305e+01
5.7565178e-01   2378778  3.0033470e+01  3.0013355e+01  2.7606605e+01
6.0966698e-01   2828400  2.6468469e+01  2.6450461e+01  2.4233382e+01
6.4568974e-01   3356890  2.3314353e+01  2.3298307e+01  2.1256626e+01
6.8383752e-01   3990317  2.0565433e+01  2.0551084e+01  1.8632147e+01
7.2424344e-01   4738457  1.8194969e+01  1.8182134e+01  1.6319911e+01
7.6703215e-01   5629661  1.6266046e+01  1.6254436e+01  1.4284999e+01
8.1235262e-01   6687903  1.4812485e+01  1.4801790e+01  1.2495319e+01
8.6035444e-01   7945758  1.4008096e+01  1.3997868e+01  1.0922613e+01
9.1118812e-01   9436555  1.3965013e+01  1.3954714e+01  9.5418762e+00
9.6501980e-01  11210320  1.4795577e+01  1.4784550e+01  8.3306138e+00
1.0220366e+00  13318613  1.6817997e+01  1.6805334e+01  7.2686341e+00
1.0824208e+00  15819192  2.0435588e+01  2.0420058e+01  6.3383223e+00
1.1463741e+00  18795348  2.6265999e+01  2.6245846e+01  5.5238966e+00
1.2141088e+00  22326034  3.4745358e+01  3.4718465e+01  4.8114029e+00
1.2858419e+00  26520842  4.6197607e+01  4.6161543e+01  4.1885576e+00
1.3618105e+00  31503438  5.9306549e+01  5.9259864e+01  3.6444233e+00
1.4422695e+00  37426927  6.9963803e+01  6.9908264e+01  3.1693224e+00
1.5275481e+00  44525830  7.3559664e+01  7.3500643e+01  2.7544738e+00
