# Power spectrum from CO𝘕CEPT job 4775589 at t = 2.2269176 Gyr, a = 0.25641026
#
# Components:
#   0: matter  (upstream grid size 1024)
#
#                           grid size 1024
# ╭────────────────────────────────────────────────────────────────╮
#                         component 0    (corrected)      (linear)
#                        σ₈ = 2.66e-01  σ₈ = 2.66e-01  σ₈ = 2.65e-01
#  k [Mpc⁻¹]    modes       P [Mpc³]       P [Mpc³]       P [Mpc³]
3.0679616e-03         3  4.8003818e+03  4.8003818e+03  4.8010937e+03
5.8212951e-03        25  7.0716191e+03  7.1024668e+03  7.1008880e+03
1.0440195e-02       124  8.3062155e+03  8.3998235e+03  8.4279167e+03
1.6729547e-02       418  7.5935605e+03  7.6616529e+03  7.6542771e+03
2.3240110e-02       730  5.9711771e+03  5.9712700e+03  6.0045939e+03
2.9075630e-02      1012  4.8378614e+03  4.8265148e+03  4.8257972e+03
3.4544381e-02      1408  4.1609905e+03  4.1528459e+03  4.1484076e+03
3.9898901e-02      1841  3.7278994e+03  3.7267540e+03  3.7497027e+03
4.5580519e-02      2698  3.3899303e+03  3.3946738e+03  3.4079952e+03
5.1612543e-02      3532  2.9612274e+03  2.9661753e+03  2.9897768e+03
5.7899473e-02      4702  2.4761617e+03  2.4760352e+03  2.4964295e+03
6.4462744e-02      6019  2.0387864e+03  2.0336517e+03  2.0393184e+03
7.1309305e-02      7766  1.7203050e+03  1.7145153e+03  1.7223294e+03
7.8556104e-02     10012  1.5407896e+03  1.5388208e+03  1.5453186e+03
8.6194331e-02     12589  1.4155172e+03  1.4179093e+03  1.4196427e+03
9.4153926e-02     15650  1.2465741e+03  1.2488003e+03  1.2514054e+03
1.0254095e-01     19757  1.0420645e+03  1.0405065e+03  1.0424045e+03
1.1136076e-01     24241  8.7935706e+02  8.7597881e+02  8.7238371e+02
1.2060245e-01     29993  7.8108165e+02  7.7983119e+02  7.7786139e+02
1.3029316e-01     36494  7.0853559e+02  7.1010651e+02  7.1131865e+02
1.4046583e-01     44825  6.2221538e+02  6.2271991e+02  6.1918966e+02
1.5111985e-01     53906  5.3076949e+02  5.2912393e+02  5.2214785e+02
1.6229170e-01     65729  4.6502001e+02  4.6415853e+02  4.5845160e+02
1.7401323e-01     78746  4.1931053e+02  4.1997277e+02  4.1461214e+02
1.8625264e-01     94374  3.6859440e+02  3.6838763e+02  3.6175791e+02
1.9902230e-01    112166  3.2014896e+02  3.1956135e+02  3.1283305e+02
2.1238854e-01    134373  2.8502141e+02  2.8491240e+02  2.7849445e+02
2.2637810e-01    159077  2.5448063e+02  2.5457860e+02  2.4696948e+02
2.4096993e-01    188172  2.2354579e+02  2.2316235e+02  2.1582000e+02
2.5621802e-01    222492  1.9934074e+02  1.9930724e+02  1.9130198e+02
2.7214102e-01    261771  1.7722333e+02  1.7713048e+02  1.6940200e+02
2.8873063e-01    306759  1.5726285e+02  1.5716174e+02  1.4967992e+02
3.0605468e-01    360898  1.4033552e+02  1.4025655e+02  1.3251605e+02
3.2421519e-01    425046  1.2567319e+02  1.2560016e+02  1.1755916e+02
3.4337900e-01    505555  1.1170808e+02  1.1164689e+02  1.0410166e+02
3.6368055e-01    600292  9.9471928e+01  9.9414581e+01  9.2036333e+01
3.8517334e-01    712930  8.8776967e+01  8.8720181e+01  8.1316886e+01
4.0793004e-01    846715  7.9112401e+01  7.9063749e+01  7.1814160e+01
4.3202621e-01   1005596  7.0532282e+01  7.0489104e+01  6.3364756e+01
4.5754560e-01   1194719  6.2541218e+01  6.2501693e+01  5.5851106e+01
4.8457948e-01   1419743  5.5610827e+01  5.5575072e+01  4.9184034e+01
5.1321525e-01   1686576  4.9415199e+01  4.9383017e+01  4.3276314e+01
5.4354215e-01   2003484  4.3868515e+01  4.3839523e+01  3.8047365e+01
5.7565178e-01   2378778  3.8895368e+01  3.8869317e+01  3.3425036e+01
6.0966698e-01   2828400  3.4467839e+01  3.4444388e+01  2.9340864e+01
6.4568974e-01   3356890  3.0562061e+01  3.0541027e+01  2.5736720e+01
6.8383752e-01   3990317  2.7158750e+01  2.7139802e+01  2.2559099e+01
7.2424344e-01   4738457  2.4222444e+01  2.4205357e+01  1.9759531e+01
7.6703215e-01   5629661  2.1849563e+01  2.1833967e+01  1.7295736e+01
8.1235262e-01   6687903  2.0057165e+01  2.0042684e+01  1.5128859e+01
8.6035444e-01   7945758  1.9039722e+01  1.9025821e+01  1.3224685e+01
9.1118812e-01   9436555  1.8927978e+01  1.8914018e+01  1.1552942e+01
9.6501980e-01  11210320  1.9854103e+01  1.9839306e+01  1.0086391e+01
1.0220366e+00  13318613  2.2153149e+01  2.2136469e+01  8.8005858e+00
1.0824208e+00  15819192  2.6206373e+01  2.6186457e+01  7.6741994e+00
1.1463741e+00  18795348  3.2500932e+01  3.2475995e+01  6.6881234e+00
1.2141088e+00  22326034  4.1063696e+01  4.1031913e+01  5.8254630e+00
1.2858419e+00  26520842  5.1545961e+01  5.1505721e+01  5.0713455e+00
1.3618105e+00  31503438  6.2031680e+01  6.1982850e+01  4.4125282e+00
1.4422695e+00  37426927  6.9145340e+01  6.9090451e+01  3.8372940e+00
1.5275481e+00  44525830  7.1087231e+01  7.1030193e+01  3.3350110e+00
