# Power spectrum from CO𝘕CEPT job 4775589 at t = 1.8614171 Gyr, a = 0.22727273
#
# Components:
#   0: matter  (upstream grid size 1024)
#
#                           grid size 1024
# ╭────────────────────────────────────────────────────────────────╮
#                         component 0    (corrected)      (linear)
#                        σ₈ = 2.36e-01  σ₈ = 2.36e-01  σ₈ = 2.35e-01
#  k [Mpc⁻¹]    modes       P [Mpc³]       P [Mpc³]       P [Mpc³]
3.0679616e-03         3  3.7883153e+03  3.7883153e+03  3.7886303e+03
5.8212951e-03        25  5.5812763e+03  5.6056229e+03  5.6041542e+03
1.0440195e-02       124  6.5591879e+03  6.6331075e+03  6.6523252e+03
1.6729547e-02       418  5.9940898e+03  6.0478395e+03  6.0421196e+03
2.3240110e-02       730  4.7171754e+03  4.7172488e+03  4.7400756e+03
2.9075630e-02      1012  3.8194088e+03  3.8104508e+03  3.8095958e+03
3.4544381e-02      1408  3.2845945e+03  3.2781653e+03  3.2748848e+03
3.9898901e-02      1841  2.9451642e+03  2.9442593e+03  2.9601560e+03
4.5580519e-02      2698  2.6773276e+03  2.6810739e+03  2.6904138e+03
5.1612543e-02      3532  2.3396734e+03  2.3435827e+03  2.3602643e+03
5.7899473e-02      4702  1.9562086e+03  1.9561086e+03  1.9707998e+03
6.4462744e-02      6019  1.6090448e+03  1.6049925e+03  1.6099385e+03
7.1309305e-02      7766  1.3575274e+03  1.3529586e+03  1.3596943e+03
7.8556104e-02     10012  1.2155742e+03  1.2140210e+03  1.2199547e+03
8.6194331e-02     12589  1.1162621e+03  1.1181485e+03  1.1207410e+03
9.4153926e-02     15650  9.8275706e+02  9.8451218e+02  9.8792644e+02
1.0254095e-01     19757  8.2082036e+02  8.1959316e+02  8.2293062e+02
1.1136076e-01     24241  6.9158053e+02  6.8892367e+02  6.8870745e+02
1.2060245e-01     29993  6.1410198e+02  6.1311885e+02  6.1408667e+02
1.3029316e-01     36494  5.5717917e+02  5.5841452e+02  5.6155440e+02
1.4046583e-01     44825  4.8848953e+02  4.8888563e+02  4.8882286e+02
1.5111985e-01     53906  4.1572519e+02  4.1443631e+02  4.1221277e+02
1.6229170e-01     65729  3.6387228e+02  3.6319819e+02  3.6192747e+02
1.7401323e-01     78746  3.2785724e+02  3.2837505e+02  3.2731821e+02
1.8625264e-01     94374  2.8766093e+02  2.8749956e+02  2.8559216e+02
1.9902230e-01    112166  2.4936107e+02  2.4890338e+02  2.4696815e+02
2.1238854e-01    134373  2.2168051e+02  2.2159573e+02  2.1985934e+02
2.2637810e-01    159077  1.9752279e+02  1.9759884e+02  1.9497176e+02
2.4096993e-01    188172  1.7304039e+02  1.7274357e+02  1.7038061e+02
2.5621802e-01    222492  1.5388103e+02  1.5385517e+02  1.5102470e+02
2.7214102e-01    261771  1.3652107e+02  1.3644954e+02  1.3373562e+02
2.8873063e-01    306759  1.2081829e+02  1.2074061e+02  1.1816589e+02
3.0605468e-01    360898  1.0753652e+02  1.0747601e+02  1.0461576e+02
3.2421519e-01    425046  9.5943514e+01  9.5887759e+01  9.2807938e+01
3.4337900e-01    505555  8.5024778e+01  8.4978201e+01  8.2183816e+01
3.6368055e-01    600292  7.5428491e+01  7.5385004e+01  7.2658761e+01
3.8517334e-01    712930  6.7053758e+01  6.7010868e+01  6.4196217e+01
4.0793004e-01    846715  5.9508649e+01  5.9472053e+01  5.6694222e+01
4.3202621e-01   1005596  5.2823115e+01  5.2790778e+01  5.0023779e+01
4.5754560e-01   1194719  4.6601917e+01  4.6572466e+01  4.4092073e+01
4.8457948e-01   1419743  4.1234681e+01  4.1208168e+01  3.8828705e+01
5.1321525e-01   1686576  3.6427383e+01  3.6403660e+01  3.4164812e+01
5.4354215e-01   2003484  3.2146474e+01  3.2125229e+01  3.0036779e+01
5.7565178e-01   2378778  2.8296412e+01  2.8277460e+01  2.6387648e+01
6.0966698e-01   2828400  2.4907732e+01  2.4890786e+01  2.3163368e+01
6.4568974e-01   3356890  2.1907298e+01  2.1892220e+01  2.0318050e+01
6.8383752e-01   3990317  1.9292797e+01  1.9279337e+01  1.7809453e+01
7.2424344e-01   4738457  1.7038069e+01  1.7026050e+01  1.5599314e+01
7.6703215e-01   5629661  1.5199938e+01  1.5189088e+01  1.3654252e+01
8.1235262e-01   6687903  1.3815276e+01  1.3805302e+01  1.1943594e+01
8.6035444e-01   7945758  1.3053289e+01  1.3043759e+01  1.0440330e+01
9.1118812e-01   9436555  1.3021870e+01  1.3012266e+01  9.1205594e+00
9.6501980e-01  11210320  1.3828144e+01  1.3817838e+01  7.9627798e+00
1.0220366e+00  13318613  1.5783209e+01  1.5771325e+01  6.9476913e+00
1.0824208e+00  15819192  1.9289744e+01  1.9275085e+01  6.0584570e+00
1.1463741e+00  18795348  2.4983849e+01  2.4964680e+01  5.2799918e+00
1.2141088e+00  22326034  3.3383039e+01  3.3357201e+01  4.5989580e+00
1.2858419e+00  26520842  4.4972773e+01  4.4937665e+01  4.0036142e+00
1.3618105e+00  31503438  5.8655865e+01  5.8609693e+01  3.4835058e+00
1.4422695e+00  37426927  7.0280866e+01  7.0225074e+01  3.0293828e+00
1.5275481e+00  44525830  7.4461974e+01  7.4402228e+01  2.6328516e+00
