# Power spectrum from CO𝘕CEPT job 4775589 at t = 2.8505514 Gyr, a = 0.3030303
#
# Components:
#   0: matter  (upstream grid size 1024)
#
#                           grid size 1024
# ╭────────────────────────────────────────────────────────────────╮
#                         component 0    (corrected)      (linear)
#                        σ₈ = 3.15e-01  σ₈ = 3.15e-01  σ₈ = 3.11e-01
#  k [Mpc⁻¹]    modes       P [Mpc³]       P [Mpc³]       P [Mpc³]
3.0679616e-03         3  6.6439772e+03  6.6439772e+03  6.6455328e+03
5.8212951e-03        25  9.7861674e+03  9.8288565e+03  9.8271604e+03
1.0440195e-02       124  1.1485125e+04  1.1614558e+04  1.1661640e+04
1.6729547e-02       418  1.0506035e+04  1.0600244e+04  1.0590035e+04
2.3240110e-02       730  8.2509564e+03  8.2510847e+03  8.3071572e+03
2.9075630e-02      1012  6.6916604e+03  6.6759659e+03  6.6761418e+03
3.4544381e-02      1408  5.7565931e+03  5.7453253e+03  5.7389262e+03
3.9898901e-02      1841  5.1505992e+03  5.1490166e+03  5.1872983e+03
4.5580519e-02      2698  4.6859292e+03  4.6924861e+03  4.7145448e+03
5.1612543e-02      3532  4.0907314e+03  4.0975665e+03  4.1359647e+03
5.7899473e-02      4702  3.4213720e+03  3.4211972e+03  3.4534667e+03
6.4462744e-02      6019  2.8219248e+03  2.8148178e+03  2.8211061e+03
7.1309305e-02      7766  2.3818451e+03  2.3738290e+03  2.3825901e+03
7.8556104e-02     10012  2.1341954e+03  2.1314684e+03  2.1377167e+03
8.6194331e-02     12589  1.9619250e+03  1.9652405e+03  1.9638594e+03
9.4153926e-02     15650  1.7286777e+03  1.7317650e+03  1.7311260e+03
1.0254095e-01     19757  1.4475018e+03  1.4453377e+03  1.4420038e+03
1.1136076e-01     24241  1.2249017e+03  1.2201960e+03  1.2068054e+03
1.2060245e-01     29993  1.0886570e+03  1.0869141e+03  1.0760478e+03
1.3029316e-01     36494  9.8728364e+02  9.8947259e+02  9.8399578e+02
1.4046583e-01     44825  8.6933891e+02  8.7004383e+02  8.5654952e+02
1.5111985e-01     53906  7.4471628e+02  7.4240741e+02  7.2230739e+02
1.6229170e-01     65729  6.5366987e+02  6.5245891e+02  6.3419362e+02
1.7401323e-01     78746  5.9019343e+02  5.9112555e+02  5.7354863e+02
1.8625264e-01     94374  5.2052586e+02  5.2023386e+02  5.0043322e+02
1.9902230e-01    112166  4.5370432e+02  4.5287157e+02  4.3275353e+02
2.1238854e-01    134373  4.0494369e+02  4.0478882e+02  3.8525158e+02
2.2637810e-01    159077  3.6281107e+02  3.6295075e+02  3.4164186e+02
2.4096993e-01    188172  3.2024370e+02  3.1969438e+02  2.9855160e+02
2.5621802e-01    222492  2.8691075e+02  2.8686253e+02  2.6463491e+02
2.7214102e-01    261771  2.5604163e+02  2.5590749e+02  2.3433984e+02
2.8873063e-01    306759  2.2825845e+02  2.2811168e+02  2.0705756e+02
3.0605468e-01    360898  2.0455874e+02  2.0444363e+02  1.8331415e+02
3.2421519e-01    425046  1.8431925e+02  1.8421214e+02  1.6262375e+02
3.4337900e-01    505555  1.6471123e+02  1.6462100e+02  1.4400749e+02
3.6368055e-01    600292  1.4759682e+02  1.4751173e+02  1.2731709e+02
3.8517334e-01    712930  1.3259823e+02  1.3251342e+02  1.1248850e+02
4.0793004e-01    846715  1.1894080e+02  1.1886765e+02  9.9343037e+01
4.3202621e-01   1005596  1.0679337e+02  1.0672799e+02  8.7654677e+01
4.5754560e-01   1194719  9.5511629e+01  9.5451268e+01  7.7260778e+01
4.8457948e-01   1419743  8.5614835e+01  8.5559788e+01  6.8037982e+01
5.1321525e-01   1686576  7.6783491e+01  7.6733486e+01  5.9865626e+01
5.4354215e-01   2003484  6.8813723e+01  6.8768245e+01  5.2632236e+01
5.7565178e-01   2378778  6.1707695e+01  6.1666365e+01  4.6238007e+01
6.0966698e-01   2828400  5.5279815e+01  5.5242204e+01  4.0588229e+01
6.4568974e-01   3356890  4.9617192e+01  4.9583043e+01  3.5602491e+01
6.8383752e-01   3990317  4.4709025e+01  4.4677832e+01  3.1206778e+01
7.2424344e-01   4738457  4.0452372e+01  4.0423835e+01  2.7334038e+01
7.6703215e-01   5629661  3.7033835e+01  3.7007400e+01  2.3925785e+01
8.1235262e-01   6687903  3.4442786e+01  3.4417918e+01  2.0928268e+01
8.6035444e-01   7945758  3.2885923e+01  3.2861913e+01  1.8294158e+01
9.1118812e-01   9436555  3.2532083e+01  3.2508090e+01  1.5981578e+01
9.6501980e-01  11210320  3.3523929e+01  3.3498944e+01  1.3952847e+01
1.0220366e+00  13318613  3.6134210e+01  3.6107004e+01  1.2174149e+01
1.0824208e+00  15819192  4.0584335e+01  4.0553492e+01  1.0615980e+01
1.1463741e+00  18795348  4.6931645e+01  4.6895637e+01  9.2519069e+00
1.2141088e+00  22326034  5.4456302e+01  5.4414153e+01  8.0585590e+00
1.2858419e+00  26520842  6.2092574e+01  6.2044102e+01  7.0153623e+00
1.3618105e+00  31503438  6.8161442e+01  6.8107787e+01  6.1039977e+00
1.4422695e+00  37426927  7.1360128e+01  7.1303480e+01  5.3082565e+00
1.5275481e+00  44525830  7.2180487e+01  7.2122571e+01  4.6134312e+00
