# Power spectrum from CO𝘕CEPT job 4775589 at t = 1.6350146 Gyr, a = 0.20833333
#
# Components:
#   0: matter  (upstream grid size 1024)
#
#                           grid size 1024
# ╭────────────────────────────────────────────────────────────────╮
#                         component 0    (corrected)      (linear)
#                        σ₈ = 2.16e-01  σ₈ = 2.16e-01  σ₈ = 2.16e-01
#  k [Mpc⁻¹]    modes       P [Mpc³]       P [Mpc³]       P [Mpc³]
3.0679616e-03         3  3.1911690e+03  3.1911690e+03  3.1912715e+03
5.8212951e-03        25  4.7018635e+03  4.7223739e+03  4.7209804e+03
1.0440195e-02       124  5.5276535e+03  5.5899481e+03  5.6044898e+03
1.6729547e-02       418  5.0501258e+03  5.0954109e+03  5.0906605e+03
2.3240110e-02       730  3.9763552e+03  3.9764170e+03  3.9937548e+03
2.9075630e-02      1012  3.2182201e+03  3.2106721e+03  3.2098192e+03
3.4544381e-02      1408  2.7673460e+03  2.7619293e+03  2.7593126e+03
3.9898901e-02      1841  2.4827084e+03  2.4819456e+03  2.4941443e+03
4.5580519e-02      2698  2.2564722e+03  2.2596296e+03  2.2668752e+03
5.1612543e-02      3532  1.9724085e+03  1.9757042e+03  1.9887050e+03
5.7899473e-02      4702  1.6490413e+03  1.6489571e+03  1.6605545e+03
6.4462744e-02      6019  1.3555459e+03  1.3521320e+03  1.3565025e+03
7.1309305e-02      7766  1.1436006e+03  1.1397518e+03  1.1456530e+03
7.8556104e-02     10012  1.0238698e+03  1.0225615e+03  1.0279120e+03
8.6194331e-02     12589  9.3994857e+02  9.4153698e+02  9.4431699e+02
9.4153926e-02     15650  8.2740138e+02  8.2887904e+02  8.3241030e+02
1.0254095e-01     19757  6.9073758e+02  6.8970486e+02  6.9338795e+02
1.1136076e-01     24241  5.8144361e+02  5.7920987e+02  5.8029394e+02
1.2060245e-01     29993  5.1621990e+02  5.1539347e+02  5.1741983e+02
1.3029316e-01     36494  4.6844229e+02  4.6948089e+02  4.7315709e+02
1.4046583e-01     44825  4.1026592e+02  4.1059859e+02  4.1187472e+02
1.5111985e-01     53906  3.4867628e+02  3.4759526e+02  3.4732430e+02
1.6229170e-01     65729  3.0502296e+02  3.0445789e+02  3.0495471e+02
1.7401323e-01     78746  2.7470892e+02  2.7514278e+02  2.7579350e+02
1.8625264e-01     94374  2.4075931e+02  2.4062425e+02  2.4063577e+02
1.9902230e-01    112166  2.0846420e+02  2.0808158e+02  2.0809177e+02
2.1238854e-01    134373  1.8516641e+02  1.8509559e+02  1.8525030e+02
2.2637810e-01    159077  1.6478137e+02  1.6484482e+02  1.6428040e+02
2.4096993e-01    188172  1.4412804e+02  1.4388082e+02  1.4356026e+02
2.5621802e-01    222492  1.2795917e+02  1.2793767e+02  1.2725126e+02
2.7214102e-01    261771  1.1338404e+02  1.1332464e+02  1.1268373e+02
2.8873063e-01    306759  1.0018145e+02  1.0011704e+02  9.9564901e+01
3.0605468e-01    360898  8.9025814e+01  8.8975717e+01  8.8147754e+01
3.2421519e-01    425046  7.9248006e+01  7.9201953e+01  7.8198657e+01
3.4337900e-01    505555  7.0105099e+01  7.0066695e+01  6.9246925e+01
3.6368055e-01    600292  6.2052487e+01  6.2016712e+01  6.1221249e+01
3.8517334e-01    712930  5.5030341e+01  5.4995142e+01  5.4090831e+01
4.0793004e-01    846715  4.8711963e+01  4.8682006e+01  4.7769756e+01
4.3202621e-01   1005596  4.3121730e+01  4.3095332e+01  4.2149335e+01
4.5754560e-01   1194719  3.7929139e+01  3.7905168e+01  3.7151364e+01
4.8457948e-01   1419743  3.3458760e+01  3.3437247e+01  3.2716524e+01
5.1321525e-01   1686576  2.9450357e+01  2.9431177e+01  2.8786794e+01
5.4354215e-01   2003484  2.5892312e+01  2.5875200e+01  2.5308572e+01
5.7565178e-01   2378778  2.2688681e+01  2.2673485e+01  2.2233865e+01
6.0966698e-01   2828400  1.9888383e+01  1.9874851e+01  1.9517132e+01
6.4568974e-01   3356890  1.7401678e+01  1.7389701e+01  1.7119706e+01
6.8383752e-01   3990317  1.5237302e+01  1.5226671e+01  1.5005998e+01
7.2424344e-01   4738457  1.3369429e+01  1.3359998e+01  1.3143765e+01
7.6703215e-01   5629661  1.1835345e+01  1.1826897e+01  1.1504884e+01
8.1235262e-01   6687903  1.0679826e+01  1.0672115e+01  1.0063507e+01
8.6035444e-01   7945758  1.0057051e+01  1.0049708e+01  8.7968779e+00
9.1118812e-01   9436555  1.0058423e+01  1.0051004e+01  7.6848577e+00
9.6501980e-01  11210320  1.0771946e+01  1.0763918e+01  6.7093286e+00
1.0220366e+00  13318613  1.2475237e+01  1.2465844e+01  5.8540292e+00
1.0824208e+00  15819192  1.5554608e+01  1.5542787e+01  5.1047728e+00
1.1463741e+00  18795348  2.0681197e+01  2.0665329e+01  4.4488489e+00
1.2141088e+00  22326034  2.8615607e+01  2.8593459e+01  3.8750192e+00
1.2858419e+00  26520842  4.0413409e+01  4.0381861e+01  3.3733908e+00
1.3618105e+00  31503438  5.5997205e+01  5.5953125e+01  2.9351547e+00
1.4422695e+00  37426927  7.1640396e+01  7.1583525e+01  2.5525169e+00
1.5275481e+00  44525830  7.8966944e+01  7.8903583e+01  2.2184052e+00
