# Power spectrum from CO𝘕CEPT job 4775589 at t = 2.0675706 Gyr, a = 0.24390244
#
# Components:
#   0: matter  (upstream grid size 1024)
#
#                           grid size 1024
# ╭────────────────────────────────────────────────────────────────╮
#                         component 0    (corrected)      (linear)
#                        σ₈ = 2.53e-01  σ₈ = 2.53e-01  σ₈ = 2.52e-01
#  k [Mpc⁻¹]    modes       P [Mpc³]       P [Mpc³]       P [Mpc³]
3.0679616e-03         3  4.3522906e+03  4.3522906e+03  4.3528215e+03
5.8212951e-03        25  6.4117881e+03  6.4397575e+03  6.4382243e+03
1.0440195e-02       124  7.5329051e+03  7.6177982e+03  7.6418188e+03
1.6729547e-02       418  6.8854552e+03  6.9471979e+03  6.9405528e+03
2.3240110e-02       730  5.4162020e+03  5.4162862e+03  5.4447817e+03
2.9075630e-02      1012  4.3870131e+03  4.3767239e+03  4.3759200e+03
3.4544381e-02      1408  3.7730071e+03  3.7656220e+03  3.7616965e+03
3.9898901e-02      1841  3.3815023e+03  3.3804633e+03  3.4001690e+03
4.5580519e-02      2698  3.0745294e+03  3.0788315e+03  3.0903214e+03
5.1612543e-02      3532  2.6861710e+03  2.6906593e+03  2.7110916e+03
5.7899473e-02      4702  2.2460501e+03  2.2459354e+03  2.2637335e+03
6.4462744e-02      6019  1.8485029e+03  1.8438475e+03  1.8492324e+03
7.1309305e-02      7766  1.5596526e+03  1.5544035e+03  1.5617913e+03
7.8556104e-02     10012  1.3967529e+03  1.3949682e+03  1.4012805e+03
8.6194331e-02     12589  1.2829572e+03  1.2851252e+03  1.2873194e+03
9.4153926e-02     15650  1.1296916e+03  1.1317091e+03  1.1347638e+03
1.0254095e-01     19757  9.4398983e+02  9.4257847e+02  9.4524386e+02
1.1136076e-01     24241  7.9604812e+02  7.9298992e+02  7.9107063e+02
1.2060245e-01     29993  7.0698466e+02  7.0585283e+02  7.0535870e+02
1.3029316e-01     36494  6.4137440e+02  6.4279642e+02  6.4501837e+02
1.4046583e-01     44825  5.6283305e+02  5.6328943e+02  5.6147659e+02
1.5111985e-01     53906  4.7961803e+02  4.7813105e+02  4.7347987e+02
1.6229170e-01     65729  4.2002080e+02  4.1924269e+02  4.1572061e+02
1.7401323e-01     78746  3.7860864e+02  3.7920659e+02  3.7596734e+02
1.8625264e-01     94374  3.3253979e+02  3.3235325e+02  3.2803953e+02
1.9902230e-01    112166  2.8858129e+02  2.8805161e+02  2.8367484e+02
2.1238854e-01    134373  2.5675398e+02  2.5665578e+02  2.5253684e+02
2.2637810e-01    159077  2.2903769e+02  2.2912587e+02  2.2395023e+02
2.4096993e-01    188172  2.0095378e+02  2.0060908e+02  1.9570410e+02
2.5621802e-01    222492  1.7897928e+02  1.7894920e+02  1.7347134e+02
2.7214102e-01    261771  1.5897355e+02  1.5889026e+02  1.5361259e+02
2.8873063e-01    306759  1.4090126e+02  1.4081067e+02  1.3572875e+02
3.0605468e-01    360898  1.2559458e+02  1.2552391e+02  1.2016467e+02
3.2421519e-01    425046  1.1229019e+02  1.1222493e+02  1.0660186e+02
3.4337900e-01    505555  9.9679095e+01  9.9624490e+01  9.4398691e+01
3.6368055e-01    600292  8.8615277e+01  8.8564189e+01  8.3457936e+01
3.8517334e-01    712930  7.8951680e+01  7.8901180e+01  7.3737614e+01
4.0793004e-01    846715  7.0231848e+01  7.0188657e+01  6.5120606e+01
4.3202621e-01   1005596  6.2496344e+01  6.2458085e+01  5.7458743e+01
4.5754560e-01   1194719  5.5292625e+01  5.5257681e+01  5.0645415e+01
4.8457948e-01   1419743  4.9060728e+01  4.9029184e+01  4.4599759e+01
5.1321525e-01   1686576  4.3484986e+01  4.3456667e+01  3.9242678e+01
5.4354215e-01   2003484  3.8504886e+01  3.8479439e+01  3.4501101e+01
5.7565178e-01   2378778  3.4033154e+01  3.4010359e+01  3.0309604e+01
6.0966698e-01   2828400  3.0071611e+01  3.0051150e+01  2.6606104e+01
6.4568974e-01   3356890  2.6571989e+01  2.6553701e+01  2.3337890e+01
6.8383752e-01   3990317  2.3521602e+01  2.3505191e+01  2.0456445e+01
7.2424344e-01   4738457  2.0890998e+01  2.0876260e+01  1.7917815e+01
7.6703215e-01   5629661  1.8758066e+01  1.8744676e+01  1.5683662e+01
8.1235262e-01   6687903  1.7149084e+01  1.7136703e+01  1.3718751e+01
8.6035444e-01   7945758  1.6247984e+01  1.6236122e+01  1.1992059e+01
9.1118812e-01   9436555  1.6175728e+01  1.6163798e+01  1.0476133e+01
9.6501980e-01  11210320  1.7055023e+01  1.7042313e+01  9.1462743e+00
1.0220366e+00  13318613  1.9215480e+01  1.9201013e+01  7.9803148e+00
1.0824208e+00  15819192  2.3055126e+01  2.3037605e+01  6.9589149e+00
1.1463741e+00  18795348  2.9139108e+01  2.9116751e+01  6.0647477e+00
1.2141088e+00  22326034  3.7714892e+01  3.7685702e+01  5.2824928e+00
1.2858419e+00  26520842  4.8770552e+01  4.8732479e+01  4.5986640e+00
1.3618105e+00  31503438  6.0626284e+01  6.0578561e+01  4.0012527e+00
1.4422695e+00  37426927  6.9435152e+01  6.9380032e+01  3.4796341e+00
1.5275481e+00  44525830  7.2076978e+01  7.2019145e+01  3.0241671e+00
