# Power spectrum from CO𝘕CEPT job 4775589 at t = 5.8539328 Gyr, a = 0.5
#
# Components:
#   0: matter  (upstream grid size 1024)
#
#                           grid size 1024
# ╭────────────────────────────────────────────────────────────────╮
#                         component 0    (corrected)      (linear)
#                        σ₈ = 5.16e-01  σ₈ = 5.16e-01  σ₈ = 4.95e-01
#  k [Mpc⁻¹]    modes       P [Mpc³]       P [Mpc³]       P [Mpc³]
3.0679616e-03         3  1.6866990e+04  1.6866990e+04  1.6856583e+04
5.8212951e-03        25  2.4834342e+04  2.4942674e+04  2.4915376e+04
1.0440195e-02       124  2.9050762e+04  2.9378154e+04  2.9551961e+04
1.6729547e-02       418  2.6631107e+04  2.6869911e+04  2.6827289e+04
2.3240110e-02       730  2.0806532e+04  2.0806855e+04  2.1040219e+04
2.9075630e-02      1012  1.6937940e+04  1.6898214e+04  1.6907557e+04
3.4544381e-02      1408  1.4580757e+04  1.4552217e+04  1.4533161e+04
3.9898901e-02      1841  1.2975143e+04  1.2971156e+04  1.3135699e+04
4.5580519e-02      2698  1.1825772e+04  1.1842319e+04  1.1938190e+04
5.1612543e-02      3532  1.0295916e+04  1.0313120e+04  1.0472861e+04
5.7899473e-02      4702  8.6212744e+03  8.6208340e+03  8.7445206e+03
6.4462744e-02      6019  7.1681843e+03  7.1501313e+03  7.1432208e+03
7.1309305e-02      7766  6.0648553e+03  6.0444440e+03  6.0328042e+03
7.8556104e-02     10012  5.4447618e+03  5.4378046e+03  5.4127280e+03
8.6194331e-02     12589  5.0137791e+03  5.0222518e+03  4.9724833e+03
9.4153926e-02     15650  4.4283506e+03  4.4362593e+03  4.3831781e+03
1.0254095e-01     19757  3.7437719e+03  3.7381746e+03  3.6511086e+03
1.1136076e-01     24241  3.2130754e+03  3.2007316e+03  3.0555814e+03
1.2060245e-01     29993  2.8645308e+03  2.8599449e+03  2.7244996e+03
1.3029316e-01     36494  2.5970332e+03  2.6027912e+03  2.4914218e+03
1.4046583e-01     44825  2.3089143e+03  2.3107865e+03  2.1687300e+03
1.5111985e-01     53906  2.0203422e+03  2.0140785e+03  1.8288337e+03
1.6229170e-01     65729  1.7902246e+03  1.7869082e+03  1.6057329e+03
1.7401323e-01     78746  1.6262267e+03  1.6287951e+03  1.4521821e+03
1.8625264e-01     94374  1.4556179e+03  1.4548014e+03  1.2670578e+03
1.9902230e-01    112166  1.2899385e+03  1.2875709e+03  1.0956970e+03
2.1238854e-01    134373  1.1634199e+03  1.1629750e+03  9.7542501e+02
2.2637810e-01    159077  1.0583354e+03  1.0587429e+03  8.6500817e+02
2.4096993e-01    188172  9.5354164e+02  9.5190604e+02  7.5590678e+02
2.5621802e-01    222492  8.6976089e+02  8.6961472e+02  6.7003226e+02
2.7214102e-01    261771  7.9119444e+02  7.9077992e+02  5.9332752e+02
2.8873063e-01    306759  7.1833160e+02  7.1786974e+02  5.2425100e+02
3.0605468e-01    360898  6.5543797e+02  6.5506914e+02  4.6413465e+02
3.2421519e-01    425046  6.0305667e+02  6.0270621e+02  4.1174829e+02
3.4337900e-01    505555  5.5147299e+02  5.5117089e+02  3.6461354e+02
3.6368055e-01    600292  5.0586328e+02  5.0557164e+02  3.2235491e+02
3.8517334e-01    712930  4.6552472e+02  4.6522695e+02  2.8481023e+02
4.0793004e-01    846715  4.2787689e+02  4.2761376e+02  2.5152711e+02
4.3202621e-01   1005596  3.9377258e+02  3.9353152e+02  2.2193325e+02
4.5754560e-01   1194719  3.6247374e+02  3.6224467e+02  1.9561685e+02
4.8457948e-01   1419743  3.3419484e+02  3.3397997e+02  1.7226559e+02
5.1321525e-01   1686576  3.0859996e+02  3.0839899e+02  1.5157395e+02
5.4354215e-01   2003484  2.8538308e+02  2.8519447e+02  1.3325969e+02
5.7565178e-01   2378778  2.6414562e+02  2.6396870e+02  1.1707011e+02
6.0966698e-01   2828400  2.4529394e+02  2.4512705e+02  1.0276541e+02
6.4568974e-01   3356890  2.2805258e+02  2.2789563e+02  9.0141997e+01
6.8383752e-01   3990317  2.1289928e+02  2.1275075e+02  7.9012473e+01
7.2424344e-01   4738457  1.9963333e+02  1.9949250e+02  6.9207071e+01
7.6703215e-01   5629661  1.8840691e+02  1.8827242e+02  6.0577704e+01
8.1235262e-01   6687903  1.7910058e+02  1.7897127e+02  5.2988282e+01
8.6035444e-01   7945758  1.7171573e+02  1.7159036e+02  4.6318975e+01
9.1118812e-01   9436555  1.6613046e+02  1.6600794e+02  4.0463747e+01
9.6501980e-01  11210320  1.6199652e+02  1.6187578e+02  3.5327200e+01
1.0220366e+00  13318613  1.5878037e+02  1.5866082e+02  3.0823710e+01
1.0824208e+00  15819192  1.5594552e+02  1.5582701e+02  2.6878579e+01
1.1463741e+00  18795348  1.5310553e+02  1.5298806e+02  2.3424882e+01
1.2141088e+00  22326034  1.4969221e+02  1.4957635e+02  2.0403443e+01
1.2858419e+00  26520842  1.4570013e+02  1.4558639e+02  1.7762172e+01
1.3618105e+00  31503438  1.4130251e+02  1.4119128e+02  1.5454687e+01
1.4422695e+00  37426927  1.3660927e+02  1.3650083e+02  1.3439950e+01
1.5275481e+00  44525830  1.3170649e+02  1.3160081e+02  1.1680721e+01
