# Power spectrum from CO𝘕CEPT job 4775589 at t = 3.8219381 Gyr, a = 0.37037037
#
# Components:
#   0: matter  (upstream grid size 1024)
#
#                           grid size 1024
# ╭────────────────────────────────────────────────────────────────╮
#                         component 0    (corrected)      (linear)
#                        σ₈ = 3.85e-01  σ₈ = 3.85e-01  σ₈ = 3.77e-01
#  k [Mpc⁻¹]    modes       P [Mpc³]       P [Mpc³]       P [Mpc³]
3.0679616e-03         3  9.7494756e+03  9.7494756e+03  9.7512587e+03
5.8212951e-03        25  1.4358129e+04  1.4420762e+04  1.4416978e+04
1.0440195e-02       124  1.6831265e+04  1.7020948e+04  1.7104769e+04
1.6729547e-02       418  1.5408882e+04  1.5547056e+04  1.5530910e+04
2.3240110e-02       730  1.2079516e+04  1.2079703e+04  1.2182052e+04
2.9075630e-02      1012  9.8102302e+03  9.7872216e+03  9.7898805e+03
3.4544381e-02      1408  8.4416257e+03  8.4251023e+03  8.4153615e+03
3.9898901e-02      1841  7.5386449e+03  7.5363287e+03  7.6063597e+03
4.5580519e-02      2698  6.8631170e+03  6.8727204e+03  6.9130628e+03
5.1612543e-02      3532  5.9858552e+03  5.9958569e+03  6.0646231e+03
5.7899473e-02      4702  5.0082215e+03  5.0079656e+03  5.0638336e+03
6.4462744e-02      6019  4.1418128e+03  4.1313817e+03  4.1365793e+03
7.1309305e-02      7766  3.4981734e+03  3.4864003e+03  3.4935708e+03
7.8556104e-02     10012  3.1364889e+03  3.1324811e+03  3.1345051e+03
8.6194331e-02     12589  2.8855401e+03  2.8904164e+03  2.8795730e+03
9.4153926e-02     15650  2.5446151e+03  2.5491596e+03  2.5383148e+03
1.0254095e-01     19757  2.1369830e+03  2.1337880e+03  2.1143772e+03
1.1136076e-01     24241  1.8165614e+03  1.8095826e+03  1.7695086e+03
1.2060245e-01     29993  1.6161127e+03  1.6135254e+03  1.5777801e+03
1.3029316e-01     36494  1.4652586e+03  1.4685072e+03  1.4428053e+03
1.4046583e-01     44825  1.2950292e+03  1.2960793e+03  1.2559334e+03
1.5111985e-01     53906  1.1170587e+03  1.1135955e+03  1.0590974e+03
1.6229170e-01     65729  9.8350711e+02  9.8168510e+02  9.2989830e+02
1.7401323e-01     78746  8.8981121e+02  8.9121654e+02  8.4097603e+02
1.8625264e-01     94374  7.8879738e+02  7.8835488e+02  7.3376892e+02
1.9902230e-01    112166  6.9134381e+02  6.9007488e+02  6.3453216e+02
2.1238854e-01    134373  6.1938911e+02  6.1915222e+02  5.6488144e+02
2.2637810e-01    159077  5.5786029e+02  5.5807507e+02  5.0093785e+02
2.4096993e-01    188172  4.9602181e+02  4.9517098e+02  4.3775596e+02
2.5621802e-01    222492  4.4742970e+02  4.4735451e+02  3.8802499e+02
2.7214102e-01    261771  4.0176044e+02  4.0154995e+02  3.4360433e+02
2.8873063e-01    306759  3.6058516e+02  3.6035331e+02  3.0360123e+02
3.0605468e-01    360898  3.2516445e+02  3.2498147e+02  2.6878706e+02
3.2421519e-01    425046  2.9549349e+02  2.9532177e+02  2.3844942e+02
3.4337900e-01    505555  2.6621535e+02  2.6606952e+02  2.1115304e+02
3.6368055e-01    600292  2.4069764e+02  2.4055887e+02  1.8668049e+02
3.8517334e-01    712930  2.1825091e+02  2.1811131e+02  1.6493783e+02
4.0793004e-01    846715  1.9753574e+02  1.9741426e+02  1.4566311e+02
4.3202621e-01   1005596  1.7907597e+02  1.7896634e+02  1.2852488e+02
4.5754560e-01   1194719  1.6206388e+02  1.6196146e+02  1.1328467e+02
4.8457948e-01   1419743  1.4690383e+02  1.4680937e+02  9.9761614e+01
5.1321525e-01   1686576  1.3335516e+02  1.3326831e+02  8.7778780e+01
5.4354215e-01   2003484  1.2103672e+02  1.2095672e+02  7.7172721e+01
5.7565178e-01   2378778  1.1005604e+02  1.0998233e+02  6.7797093e+01
6.0966698e-01   2828400  1.0005644e+02  9.9988360e+01  5.9513028e+01
6.4568974e-01   3356890  9.1172712e+01  9.1109963e+01  5.2202621e+01
6.8383752e-01   3990317  8.3532371e+01  8.3474092e+01  4.5757346e+01
7.2424344e-01   4738457  7.6830060e+01  7.6775862e+01  4.0078889e+01
7.6703215e-01   5629661  7.1435744e+01  7.1384753e+01  3.5081491e+01
8.1235262e-01   6687903  6.7304688e+01  6.7256095e+01  3.0686341e+01
8.6035444e-01   7945758  6.4561973e+01  6.4514836e+01  2.6824043e+01
9.1118812e-01   9436555  6.3411124e+01  6.3364357e+01  2.3433191e+01
9.6501980e-01  11210320  6.3898250e+01  6.3850629e+01  2.0458538e+01
1.0220366e+00  13318613  6.5997328e+01  6.5947638e+01  1.7850498e+01
1.0824208e+00  15819192  6.9547952e+01  6.9495098e+01  1.5565812e+01
1.1463741e+00  18795348  7.4010815e+01  7.3954031e+01  1.3565722e+01
1.2141088e+00  22326034  7.8344577e+01  7.8283939e+01  1.1815960e+01
1.2858419e+00  26520842  8.1692557e+01  8.1628784e+01  1.0286359e+01
1.3618105e+00  31503438  8.3587700e+01  8.3521901e+01  8.9500591e+00
1.4422695e+00  37426927  8.4126913e+01  8.4060131e+01  7.7832932e+00
1.5275481e+00  44525830  8.3854098e+01  8.3786817e+01  6.7644966e+00
