# Power spectrum from CO𝘕CEPT job 4775589 at t = 9.3736466 Gyr, a = 0.71428571
#
# Components:
#   0: matter  (upstream grid size 1024)
#
#                           grid size 1024
# ╭────────────────────────────────────────────────────────────────╮
#                         component 0    (corrected)      (linear)
#                        σ₈ = 7.08e-01  σ₈ = 7.07e-01  σ₈ = 6.60e-01
#  k [Mpc⁻¹]    modes       P [Mpc³]       P [Mpc³]       P [Mpc³]
3.0679616e-03         3  2.9927193e+04  2.9927193e+04  2.9921547e+04
5.8212951e-03        25  4.4050879e+04  4.4243037e+04  4.4214982e+04
1.0440195e-02       124  5.1375925e+04  5.1954913e+04  5.2427741e+04
1.6729547e-02       418  4.7169336e+04  4.7592309e+04  4.7582917e+04
2.3240110e-02       730  3.6672864e+04  3.6673434e+04  3.7313477e+04
2.9075630e-02      1012  2.9944370e+04  2.9874139e+04  2.9982256e+04
3.4544381e-02      1408  2.5786507e+04  2.5736033e+04  2.5770536e+04
3.9898901e-02      1841  2.2831330e+04  2.2824315e+04  2.3291776e+04
4.5580519e-02      2698  2.0837742e+04  2.0866899e+04  2.1167867e+04
5.1612543e-02      3532  1.8093825e+04  1.8124058e+04  1.8569301e+04
5.7899473e-02      4702  1.5171325e+04  1.5170550e+04  1.5504569e+04
6.4462744e-02      6019  1.2718474e+04  1.2686443e+04  1.2665216e+04
7.1309305e-02      7766  1.0799173e+04  1.0762828e+04  1.0696302e+04
7.8556104e-02     10012  9.7141564e+03  9.7017438e+03  9.5968193e+03
8.6194331e-02     12589  8.9481928e+03  8.9633142e+03  8.8162059e+03
9.4153926e-02     15650  7.9178959e+03  7.9320365e+03  7.7713289e+03
1.0254095e-01     19757  6.7698024e+03  6.7596809e+03  6.4733499e+03
1.1136076e-01     24241  5.8988536e+03  5.8761918e+03  5.4174718e+03
1.2060245e-01     29993  5.2772114e+03  5.2687630e+03  4.8304577e+03
1.3029316e-01     36494  4.7889902e+03  4.7996081e+03  4.4172067e+03
1.4046583e-01     44825  4.2842307e+03  4.2877046e+03  3.8450771e+03
1.5111985e-01     53906  3.8273811e+03  3.8155150e+03  3.2424479e+03
1.6229170e-01     65729  3.4248801e+03  3.4185354e+03  2.8468950e+03
1.7401323e-01     78746  3.1308876e+03  3.1358323e+03  2.5746528e+03
1.8625264e-01     94374  2.8357747e+03  2.8341839e+03  2.2464334e+03
1.9902230e-01    112166  2.5564272e+03  2.5517350e+03  1.9426169e+03
2.1238854e-01    134373  2.3242540e+03  2.3233651e+03  1.7293792e+03
2.2637810e-01    159077  2.1421742e+03  2.1429989e+03  1.5336147e+03
2.4096993e-01    188172  1.9620169e+03  1.9586515e+03  1.3401828e+03
2.5621802e-01    222492  1.8100960e+03  1.8097918e+03  1.1879311e+03
2.7214102e-01    261771  1.6754192e+03  1.6745414e+03  1.0519373e+03
2.8873063e-01    306759  1.5444406e+03  1.5434476e+03  9.2946799e+02
3.0605468e-01    360898  1.4331514e+03  1.4323449e+03  8.2288474e+02
3.2421519e-01    425046  1.3317164e+03  1.3309425e+03  7.3000642e+02
3.4337900e-01    505555  1.2399092e+03  1.2392299e+03  6.4643900e+02
3.6368055e-01    600292  1.1554389e+03  1.1547728e+03  5.7151672e+02
3.8517334e-01    712930  1.0785714e+03  1.0778815e+03  5.0495204e+02
4.0793004e-01    846715  1.0094942e+03  1.0088733e+03  4.4594290e+02
4.3202621e-01   1005596  9.4246118e+02  9.4188423e+02  3.9347464e+02
4.5754560e-01   1194719  8.8261129e+02  8.8205351e+02  3.4681715e+02
4.8457948e-01   1419743  8.2637787e+02  8.2584653e+02  3.0541669e+02
5.1321525e-01   1686576  7.7614524e+02  7.7563978e+02  2.6873160e+02
5.4354215e-01   2003484  7.2660009e+02  7.2611989e+02  2.3626148e+02
5.7565178e-01   2378778  6.8422391e+02  6.8376563e+02  2.0755829e+02
6.0966698e-01   2828400  6.4354644e+02  6.4310859e+02  1.8219689e+02
6.4568974e-01   3356890  6.0668099e+02  6.0626344e+02  1.5981633e+02
6.8383752e-01   3990317  5.7260401e+02  5.7220452e+02  1.4008434e+02
7.2424344e-01   4738457  5.4155969e+02  5.4117765e+02  1.2269994e+02
7.6703215e-01   5629661  5.1273160e+02  5.1236561e+02  1.0740059e+02
8.1235262e-01   6687903  4.8667278e+02  4.8632141e+02  9.3944995e+01
8.6035444e-01   7945758  4.6227050e+02  4.6193299e+02  8.2120712e+01
9.1118812e-01   9436555  4.3955892e+02  4.3923473e+02  7.1739744e+01
9.6501980e-01  11210320  4.1748570e+02  4.1717456e+02  6.2632956e+01
1.0220366e+00  13318613  3.9601265e+02  3.9571448e+02  5.4648540e+01
1.0824208e+00  15819192  3.7495338e+02  3.7466843e+02  4.7654061e+01
1.1463741e+00  18795348  3.5442830e+02  3.5415637e+02  4.1530864e+01
1.2141088e+00  22326034  3.3427061e+02  3.3401189e+02  3.6174036e+01
1.2858419e+00  26520842  3.1448454e+02  3.1423904e+02  3.1491224e+01
1.3618105e+00  31503438  2.9524178e+02  2.9500937e+02  2.7400194e+01
1.4422695e+00  37426927  2.7658816e+02  2.7636860e+02  2.3828187e+01
1.5275481e+00  44525830  2.5874946e+02  2.5854184e+02  2.0709182e+01
