# Power spectrum from CO𝘕CEPT job 4775589 at t = 2.5071706 Gyr, a = 0.27777778
#
# Components:
#   0: matter  (upstream grid size 1024)
#
#                           grid size 1024
# ╭────────────────────────────────────────────────────────────────╮
#                         component 0    (corrected)      (linear)
#                        σ₈ = 2.88e-01  σ₈ = 2.88e-01  σ₈ = 2.86e-01
#  k [Mpc⁻¹]    modes       P [Mpc³]       P [Mpc³]       P [Mpc³]
3.0679616e-03         3  5.6121086e+03  5.6121086e+03  5.6131737e+03
5.8212951e-03        25  8.2668621e+03  8.3029237e+03  8.3012782e+03
1.0440195e-02       124  9.7063966e+03  9.8157840e+03  9.8518082e+03
1.6729547e-02       418  8.8760854e+03  8.9556783e+03  8.9470124e+03
2.3240110e-02       730  6.9756398e+03  6.9757482e+03  7.0185277e+03
2.9075630e-02      1012  5.6543054e+03  5.6410440e+03  5.6406050e+03
3.4544381e-02      1408  4.8636664e+03  4.8541464e+03  4.8488043e+03
3.9898901e-02      1841  4.3547916e+03  4.3534536e+03  4.3827613e+03
4.5580519e-02      2698  3.9608796e+03  3.9664219e+03  3.9833484e+03
5.1612543e-02      3532  3.4589664e+03  3.4647460e+03  3.4945142e+03
5.7899473e-02      4702  2.8926348e+03  2.8924871e+03  2.9178730e+03
6.4462744e-02      6019  2.3835518e+03  2.3775489e+03  2.3835891e+03
7.1309305e-02      7766  2.0114669e+03  2.0046973e+03  2.0130844e+03
7.8556104e-02     10012  1.8019086e+03  1.7996061e+03  1.8061895e+03
8.6194331e-02     12589  1.6559045e+03  1.6587028e+03  1.6592965e+03
9.4153926e-02     15650  1.4586101e+03  1.4612150e+03  1.4626575e+03
1.0254095e-01     19757  1.2202016e+03  1.2183773e+03  1.2183741e+03
1.1136076e-01     24241  1.0309541e+03  1.0269934e+03  1.0196514e+03
1.2060245e-01     29993  9.1597435e+02  9.1450794e+02  9.0917238e+02
1.3029316e-01     36494  8.3079171e+02  8.3263369e+02  8.3139628e+02
1.4046583e-01     44825  7.3047786e+02  7.3107018e+02  7.2371480e+02
1.5111985e-01     53906  6.2428702e+02  6.2235152e+02  6.1029126e+02
1.6229170e-01     65729  5.4739574e+02  5.4638165e+02  5.3584238e+02
1.7401323e-01     78746  4.9388045e+02  4.9466046e+02  4.8460236e+02
1.8625264e-01     94374  4.3478723e+02  4.3454333e+02  4.2282580e+02
1.9902230e-01    112166  3.7823384e+02  3.7753961e+02  3.6564196e+02
2.1238854e-01    134373  3.3711466e+02  3.3698572e+02  3.2550666e+02
2.2637810e-01    159077  3.0146409e+02  3.0158016e+02  2.8865999e+02
2.4096993e-01    188172  2.6538871e+02  2.6493349e+02  2.5225219e+02
2.5621802e-01    222492  2.3715545e+02  2.3711560e+02  2.2359532e+02
2.7214102e-01    261771  2.1119502e+02  2.1108437e+02  1.9799843e+02
2.8873063e-01    306759  1.8780129e+02  1.8768055e+02  1.7494710e+02
3.0605468e-01    360898  1.6791204e+02  1.6781755e+02  1.5488582e+02
3.2421519e-01    425046  1.5079279e+02  1.5070516e+02  1.3740408e+02
3.4337900e-01    505555  1.3435609e+02  1.3428249e+02  1.2167484e+02
3.6368055e-01    600292  1.1998267e+02  1.1991349e+02  1.0757279e+02
3.8517334e-01    712930  1.0740442e+02  1.0733572e+02  9.5043813e+01
4.0793004e-01    846715  9.6002297e+01  9.5943258e+01  8.3936950e+01
4.3202621e-01   1005596  8.5869637e+01  8.5817069e+01  7.4061219e+01
4.5754560e-01   1194719  7.6439196e+01  7.6390889e+01  6.5279204e+01
4.8457948e-01   1419743  6.8219792e+01  6.8175929e+01  5.7486678e+01
5.1321525e-01   1686576  6.0880253e+01  6.0840604e+01  5.0581688e+01
5.4354215e-01   2003484  5.4284102e+01  5.4248227e+01  4.4470051e+01
5.7565178e-01   2378778  4.8385799e+01  4.8353391e+01  3.9067437e+01
6.0966698e-01   2828400  4.3092426e+01  4.3063106e+01  3.4293825e+01
6.4568974e-01   3356890  3.8429705e+01  3.8403256e+01  3.0081274e+01
6.8383752e-01   3990317  3.4373877e+01  3.4349895e+01  2.6367246e+01
7.2424344e-01   4738457  3.0868426e+01  3.0846651e+01  2.3095090e+01
7.6703215e-01   5629661  2.8046748e+01  2.8026728e+01  2.0215387e+01
8.1235262e-01   6687903  2.5911471e+01  2.5892763e+01  1.7682723e+01
8.6035444e-01   7945758  2.4669157e+01  2.4651146e+01  1.5457111e+01
9.1118812e-01   9436555  2.4467846e+01  2.4449800e+01  1.3503164e+01
9.6501980e-01  11210320  2.5450458e+01  2.5431491e+01  1.1789048e+01
1.0220366e+00  13318613  2.7939929e+01  2.7918893e+01  1.0286190e+01
1.0824208e+00  15819192  3.2262732e+01  3.2238214e+01  8.9696607e+00
1.1463741e+00  18795348  3.8729803e+01  3.8700088e+01  7.8171276e+00
1.2141088e+00  22326034  4.6994377e+01  4.6958004e+01  6.8088435e+00
1.2858419e+00  26520842  5.6262134e+01  5.6218213e+01  5.9274253e+00
1.3618105e+00  31503438  6.4555562e+01  6.4504745e+01  5.1573946e+00
1.4422695e+00  37426927  6.9485118e+01  6.9429958e+01  4.4850566e+00
1.5275481e+00  44525830  7.0740404e+01  7.0683644e+01  3.8979844e+00
