# Power spectrum from CO𝘕CEPT job 4775589 at t = 3.1247268 Gyr, a = 0.32258065
#
# Components:
#   0: matter  (upstream grid size 1024)
#
#                           grid size 1024
# ╭────────────────────────────────────────────────────────────────╮
#                         component 0    (corrected)      (linear)
#                        σ₈ = 3.35e-01  σ₈ = 3.35e-01  σ₈ = 3.31e-01
#  k [Mpc⁻¹]    modes       P [Mpc³]       P [Mpc³]       P [Mpc³]
3.0679616e-03         3  7.4944480e+03  7.4944480e+03  7.4963597e+03
5.8212951e-03        25  1.1038317e+04  1.1086468e+04  1.1084645e+04
1.0440195e-02       124  1.2950234e+04  1.3096179e+04  1.3153017e+04
1.6729547e-02       418  1.1849117e+04  1.1955370e+04  1.1943877e+04
2.3240110e-02       730  9.3008371e+03  9.3009817e+03  9.3689470e+03
2.9075630e-02      1012  7.5462256e+03  7.5285268e+03  7.5293766e+03
3.4544381e-02      1408  6.4922688e+03  6.4795611e+03  6.4723381e+03
3.9898901e-02      1841  5.8056154e+03  5.8038316e+03  5.8501882e+03
4.5580519e-02      2698  5.2829021e+03  5.2902944e+03  5.3170031e+03
5.1612543e-02      3532  4.6106469e+03  4.6183507e+03  4.6644759e+03
5.7899473e-02      4702  3.8565986e+03  3.8564016e+03  3.8947579e+03
6.4462744e-02      6019  3.1833133e+03  3.1752962e+03  3.1815881e+03
7.1309305e-02      7766  2.6873217e+03  2.6782776e+03  2.6870352e+03
7.8556104e-02     10012  2.4083555e+03  2.4052781e+03  2.4108698e+03
8.6194331e-02     12589  2.2144941e+03  2.2182364e+03  2.2147957e+03
9.4153926e-02     15650  1.9516830e+03  1.9551686e+03  1.9523232e+03
1.0254095e-01     19757  1.6355363e+03  1.6330910e+03  1.6262571e+03
1.1136076e-01     24241  1.3857681e+03  1.3804443e+03  1.3610054e+03
1.2060245e-01     29993  1.2319708e+03  1.2299986e+03  1.2135398e+03
1.3029316e-01     36494  1.1171535e+03  1.1196304e+03  1.1097255e+03
1.4046583e-01     44825  9.8478846e+02  9.8558699e+02  9.6599464e+02
1.5111985e-01     53906  8.4523927e+02  8.4261874e+02  8.1459962e+02
1.6229170e-01     65729  7.4253608e+02  7.4116049e+02  7.1522707e+02
1.7401323e-01     78746  6.7081883e+02  6.7187829e+02  6.4683313e+02
1.8625264e-01     94374  5.9249664e+02  5.9216427e+02  5.6437542e+02
1.9902230e-01    112166  5.1724474e+02  5.1629536e+02  4.8804798e+02
2.1238854e-01    134373  4.6216287e+02  4.6198611e+02  4.3447650e+02
2.2637810e-01    159077  4.1470036e+02  4.1486002e+02  3.8529459e+02
2.4096993e-01    188172  3.6681720e+02  3.6618800e+02  3.3669852e+02
2.5621802e-01    222492  3.2929555e+02  3.2924021e+02  2.9844816e+02
2.7214102e-01    261771  2.9437013e+02  2.9421591e+02  2.6428218e+02
2.8873063e-01    306759  2.6294703e+02  2.6277796e+02  2.3351395e+02
3.0605468e-01    360898  2.3607208e+02  2.3593923e+02  2.0673676e+02
3.2421519e-01    425046  2.1325915e+02  2.1313522e+02  1.8340267e+02
3.4337900e-01    505555  1.9101833e+02  1.9091369e+02  1.6240776e+02
3.6368055e-01    600292  1.7162514e+02  1.7152620e+02  1.4358477e+02
3.8517334e-01    712930  1.5461063e+02  1.5451173e+02  1.2686148e+02
4.0793004e-01    846715  1.3905805e+02  1.3897253e+02  1.1203638e+02
4.3202621e-01   1005596  1.2521712e+02  1.2514046e+02  9.8854565e+01
4.5754560e-01   1194719  1.1239146e+02  1.1232044e+02  8.7132606e+01
4.8457948e-01   1419743  1.0108332e+02  1.0101833e+02  7.6731387e+01
5.1321525e-01   1686576  9.0992570e+01  9.0933311e+01  6.7514824e+01
5.4354215e-01   2003484  8.1860862e+01  8.1806761e+01  5.9357203e+01
5.7565178e-01   2378778  7.3731376e+01  7.3681992e+01  5.2145965e+01
6.0966698e-01   2828400  6.6345446e+01  6.6300306e+01  4.5774298e+01
6.4568974e-01   3356890  5.9829683e+01  5.9788505e+01  4.0151518e+01
6.8383752e-01   3990317  5.4199875e+01  5.4162061e+01  3.5194152e+01
7.2424344e-01   4738457  4.9300610e+01  4.9265832e+01  3.0826581e+01
7.6703215e-01   5629661  4.5368329e+01  4.5335945e+01  2.6982846e+01
8.1235262e-01   6687903  4.2383446e+01  4.2352845e+01  2.3602328e+01
8.6035444e-01   7945758  4.0540210e+01  4.0510612e+01  2.0631651e+01
9.1118812e-01   9436555  4.0023187e+01  3.9993668e+01  1.8023586e+01
9.6501980e-01  11210320  4.0960745e+01  4.0930218e+01  1.5735639e+01
1.0220366e+00  13318613  4.3561846e+01  4.3529048e+01  1.3729671e+01
1.0824208e+00  15819192  4.7944870e+01  4.7908434e+01  1.1972410e+01
1.1463741e+00  18795348  5.3961390e+01  5.3919988e+01  1.0434046e+01
1.2141088e+00  22326034  6.0695319e+01  6.0648342e+01  9.0882210e+00
1.2858419e+00  26520842  6.7037720e+01  6.6985387e+01  7.9117323e+00
1.3618105e+00  31503438  7.1671538e+01  7.1615120e+01  6.8839202e+00
1.4422695e+00  37426927  7.3926891e+01  7.3868205e+01  5.9865050e+00
1.5275481e+00  44525830  7.4479598e+01  7.4419838e+01  5.2029000e+00
