# Power spectrum from CO𝘕CEPT job 4775589 at t = 4.2708382 Gyr, a = 0.4
#
# Components:
#   0: matter  (upstream grid size 1024)
#
#                           grid size 1024
# ╭────────────────────────────────────────────────────────────────╮
#                         component 0    (corrected)      (linear)
#                        σ₈ = 4.15e-01  σ₈ = 4.15e-01  σ₈ = 4.05e-01
#  k [Mpc⁻¹]    modes       P [Mpc³]       P [Mpc³]       P [Mpc³]
3.0679616e-03         3  1.1261670e+04  1.1261670e+04  1.1262034e+04
5.8212951e-03        25  1.6584161e+04  1.6656504e+04  1.6649424e+04
1.0440195e-02       124  1.9431064e+04  1.9650044e+04  1.9751916e+04
1.6729547e-02       418  1.7794870e+04  1.7954438e+04  1.7933545e+04
2.3240110e-02       730  1.3938969e+04  1.3939186e+04  1.4066210e+04
2.9075630e-02      1012  1.1326909e+04  1.1300343e+04  1.1303879e+04
3.4544381e-02      1408  9.7477348e+03  9.7286549e+03  9.7167025e+03
3.9898901e-02      1841  8.6978496e+03  8.6951772e+03  8.7825432e+03
4.5580519e-02      2698  7.9206457e+03  7.9317288e+03  7.9820033e+03
5.1612543e-02      3532  6.9053943e+03  6.9169324e+03  7.0023475e+03
5.7899473e-02      4702  5.7785910e+03  5.7782958e+03  5.8467977e+03
6.4462744e-02      6019  4.7847338e+03  4.7726835e+03  4.7761622e+03
7.1309305e-02      7766  4.0425990e+03  4.0289936e+03  4.0337273e+03
7.8556104e-02     10012  3.6256854e+03  3.6210525e+03  3.6191399e+03
8.6194331e-02     12589  3.3365201e+03  3.3421585e+03  3.3247885e+03
9.4153926e-02     15650  2.9434121e+03  2.9486688e+03  2.9307652e+03
1.0254095e-01     19757  2.4754437e+03  2.4717427e+03  2.4412805e+03
1.1136076e-01     24241  2.1087545e+03  2.1006533e+03  2.0430906e+03
1.2060245e-01     29993  1.8769366e+03  1.8739318e+03  1.8217183e+03
1.3029316e-01     36494  1.7016353e+03  1.7054081e+03  1.6658746e+03
1.4046583e-01     44825  1.5062269e+03  1.5074482e+03  1.4501103e+03
1.5111985e-01     53906  1.3034243e+03  1.2993832e+03  1.2228415e+03
1.6229170e-01     65729  1.1492435e+03  1.1471145e+03  1.0736670e+03
1.7401323e-01     78746  1.0407155e+03  1.0423591e+03  9.7099656e+02
1.8625264e-01     94374  9.2468028e+02  9.2416156e+02  8.4721436e+02
1.9902230e-01    112166  8.1247404e+02  8.1098279e+02  7.3263483e+02
2.1238854e-01    134373  7.2910661e+02  7.2882775e+02  6.5221559e+02
2.2637810e-01    159077  6.5820461e+02  6.5845803e+02  5.7838585e+02
2.4096993e-01    188172  5.8710998e+02  5.8610291e+02  5.0543561e+02
2.5621802e-01    222492  5.3109873e+02  5.3100947e+02  4.4801590e+02
2.7214102e-01    261771  4.7827718e+02  4.7802660e+02  3.9672752e+02
2.8873063e-01    306759  4.3047838e+02  4.3020160e+02  3.5053968e+02
3.0605468e-01    360898  3.8925179e+02  3.8903275e+02  3.1034303e+02
3.2421519e-01    425046  3.5492526e+02  3.5471900e+02  2.7531501e+02
3.4337900e-01    505555  3.2090262e+02  3.2072683e+02  2.4379845e+02
3.6368055e-01    600292  2.9121032e+02  2.9104243e+02  2.1554230e+02
3.8517334e-01    712930  2.6505811e+02  2.6488857e+02  1.9043810e+02
4.0793004e-01    846715  2.4079279e+02  2.4064471e+02  1.6818339e+02
4.3202621e-01   1005596  2.1913804e+02  2.1900389e+02  1.4839550e+02
4.5754560e-01   1194719  1.9922894e+02  1.9910303e+02  1.3079907e+02
4.8457948e-01   1419743  1.8140252e+02  1.8128589e+02  1.1518528e+02
5.1321525e-01   1686576  1.6544313e+02  1.6533539e+02  1.0134983e+02
5.4354215e-01   2003484  1.5092163e+02  1.5082189e+02  8.9104020e+01
5.7565178e-01   2378778  1.3790778e+02  1.3781541e+02  7.8278871e+01
6.0966698e-01   2828400  1.2611251e+02  1.2602671e+02  6.8714045e+01
6.4568974e-01   3356890  1.1556636e+02  1.1548682e+02  6.0273410e+01
6.8383752e-01   3990317  1.0648039e+02  1.0640610e+02  5.2831662e+01
7.2424344e-01   4738457  9.8503346e+01  9.8433859e+01  4.6275286e+01
7.6703215e-01   5629661  9.2033372e+01  9.1967678e+01  4.0505265e+01
8.1235262e-01   6687903  8.7026963e+01  8.6964130e+01  3.5430602e+01
8.6035444e-01   7945758  8.3551655e+01  8.3490654e+01  3.0971173e+01
9.1118812e-01   9436555  8.1777137e+01  8.1716824e+01  2.7056078e+01
9.6501980e-01  11210320  8.1693556e+01  8.1632673e+01  2.3621528e+01
1.0220366e+00  13318613  8.3092146e+01  8.3029585e+01  2.0610272e+01
1.0824208e+00  15819192  8.5665621e+01  8.5600518e+01  1.7972362e+01
1.1463741e+00  18795348  8.8762537e+01  8.8694434e+01  1.5663048e+01
1.2141088e+00  22326034  9.1450700e+01  9.1379919e+01  1.3642764e+01
1.2858419e+00  26520842  9.3102899e+01  9.3030218e+01  1.1876679e+01
1.3618105e+00  31503438  9.3587433e+01  9.3513763e+01  1.0333780e+01
1.4422695e+00  37426927  9.3101569e+01  9.3027662e+01  8.9866264e+00
1.5275481e+00  44525830  9.2104391e+01  9.2030490e+01  7.8103187e+00
