# Power spectrum from CO𝘕CEPT job 4775589 at t = 11.278566 Gyr, a = 0.83333333
#
# Components:
#   0: matter  (upstream grid size 1024)
#
#                           grid size 1024
# ╭────────────────────────────────────────────────────────────────╮
#                         component 0    (corrected)      (linear)
#                        σ₈ = 7.96e-01  σ₈ = 7.96e-01  σ₈ = 7.32e-01
#  k [Mpc⁻¹]    modes       P [Mpc³]       P [Mpc³]       P [Mpc³]
3.0679616e-03         3  3.6882875e+04  3.6882875e+04  3.6881631e+04
5.8212951e-03        25  5.4282192e+04  5.4518981e+04  5.4494963e+04
1.0440195e-02       124  6.3222532e+04  6.3935027e+04  6.4610407e+04
1.6729547e-02       418  5.8079424e+04  5.8600228e+04  5.8634632e+04
2.3240110e-02       730  4.5055155e+04  4.5055856e+04  4.5977553e+04
2.9075630e-02      1012  3.6834491e+04  3.6748101e+04  3.6942953e+04
3.4544381e-02      1408  3.1723189e+04  3.1661095e+04  3.1752837e+04
3.9898901e-02      1841  2.8024944e+04  2.8016334e+04  2.8698283e+04
4.5580519e-02      2698  2.5592496e+04  2.5628306e+04  2.6081100e+04
5.1612543e-02      3532  2.2195670e+04  2.2232757e+04  2.2879198e+04
5.7899473e-02      4702  1.8623536e+04  1.8622584e+04  1.9103025e+04
6.4462744e-02      6019  1.5672538e+04  1.5633067e+04  1.5604607e+04
7.1309305e-02      7766  1.3333646e+04  1.3288772e+04  1.3178687e+04
7.8556104e-02     10012  1.2005976e+04  1.1990634e+04  1.1823997e+04
8.6194331e-02     12589  1.1057853e+04  1.1076540e+04  1.0862194e+04
9.4153926e-02     15650  9.7905544e+03  9.8080395e+03  9.5748092e+03
1.0254095e-01     19757  8.4173305e+03  8.4047458e+03  7.9755953e+03
1.1136076e-01     24241  7.3862353e+03  7.3578594e+03  6.6746732e+03
1.2060245e-01     29993  6.6196899e+03  6.6090923e+03  5.9514264e+03
1.3029316e-01     36494  6.0122851e+03  6.0256152e+03  5.4422692e+03
1.4046583e-01     44825  5.3915302e+03  5.3959020e+03  4.7373660e+03
1.5111985e-01     53906  4.8580359e+03  4.8429744e+03  3.9948875e+03
1.6229170e-01     65729  4.3666844e+03  4.3585949e+03  3.5075406e+03
1.7401323e-01     78746  4.0036824e+03  4.0100056e+03  3.1721205e+03
1.8625264e-01     94374  3.6416028e+03  3.6395600e+03  2.7677339e+03
1.9902230e-01    112166  3.3088568e+03  3.3027836e+03  2.3934137e+03
2.1238854e-01    134373  3.0194577e+03  3.0183029e+03  2.1306920e+03
2.2637810e-01    159077  2.7965603e+03  2.7976370e+03  1.8894986e+03
2.4096993e-01    188172  2.5773507e+03  2.5729298e+03  1.6511792e+03
2.5621802e-01    222492  2.3871020e+03  2.3867008e+03  1.4635964e+03
2.7214102e-01    261771  2.2223237e+03  2.2211593e+03  1.2960443e+03
2.8873063e-01    306759  2.0615248e+03  2.0601993e+03  1.1451552e+03
3.0605468e-01    360898  1.9262566e+03  1.9251727e+03  1.0138386e+03
3.2421519e-01    425046  1.7961676e+03  1.7951238e+03  8.9940739e+02
3.4337900e-01    505555  1.6828115e+03  1.6818896e+03  7.9644770e+02
3.6368055e-01    600292  1.5777006e+03  1.5767910e+03  7.0413933e+02
3.8517334e-01    712930  1.4792529e+03  1.4783067e+03  6.2212800e+02
4.0793004e-01    846715  1.3926483e+03  1.3917919e+03  5.4942553e+02
4.3202621e-01   1005596  1.3065033e+03  1.3057035e+03  4.8478177e+02
4.5754560e-01   1194719  1.2305087e+03  1.2297310e+03  4.2729723e+02
4.8457948e-01   1419743  1.1569956e+03  1.1562517e+03  3.7628963e+02
5.1321525e-01   1686576  1.0919603e+03  1.0912491e+03  3.3109162e+02
5.4354215e-01   2003484  1.0269464e+03  1.0262677e+03  2.9108668e+02
5.7565178e-01   2378778  9.7079974e+02  9.7014951e+02  2.5572282e+02
6.0966698e-01   2828400  9.1650930e+02  9.1588572e+02  2.2447623e+02
6.4568974e-01   3356890  8.6622648e+02  8.6563030e+02  1.9690217e+02
6.8383752e-01   3990317  8.1851816e+02  8.1794709e+02  1.7259131e+02
7.2424344e-01   4738457  7.7450998e+02  7.7396362e+02  1.5117281e+02
7.6703215e-01   5629661  7.3303990e+02  7.3251665e+02  1.3232319e+02
8.1235262e-01   6687903  6.9378190e+02  6.9328099e+02  1.1574519e+02
8.6035444e-01   7945758  6.5654117e+02  6.5606183e+02  1.0117704e+02
9.1118812e-01   9436555  6.2088603e+02  6.2042811e+02  8.8387142e+01
9.6501980e-01  11210320  5.8580469e+02  5.8536811e+02  7.7167096e+01
1.0220366e+00  13318613  5.5222641e+02  5.5181063e+02  6.7329874e+01
1.0824208e+00  15819192  5.1911027e+02  5.1871576e+02  5.8712306e+01
1.1463741e+00  18795348  4.8689279e+02  4.8651923e+02  5.1168204e+01
1.2141088e+00  22326034  4.5553836e+02  4.5518578e+02  4.4568309e+01
1.2858419e+00  26520842  4.2539882e+02  4.2506674e+02  3.8798837e+01
1.3618105e+00  31503438  3.9646678e+02  3.9615469e+02  3.3758472e+01
1.4422695e+00  37426927  3.6864338e+02  3.6835074e+02  2.9357571e+01
1.5275481e+00  44525830  3.4216049e+02  3.4188596e+02  2.5514793e+01
