# Power spectrum from CO𝘕CEPT job 4775589 at t = 12.44552 Gyr, a = 0.90909091
#
# Components:
#   0: matter  (upstream grid size 1024)
#
#                           grid size 1024
# ╭────────────────────────────────────────────────────────────────╮
#                         component 0    (corrected)      (linear)
#                        σ₈ = 8.46e-01  σ₈ = 8.45e-01  σ₈ = 7.72e-01
#  k [Mpc⁻¹]    modes       P [Mpc³]       P [Mpc³]       P [Mpc³]
3.0679616e-03         3  4.0991880e+04  4.0991880e+04  4.0993657e+04
5.8212951e-03        25  6.0325277e+04  6.0588427e+04  6.0568722e+04
1.0440195e-02       124  7.0208085e+04  7.0999304e+04  7.1807816e+04
1.6729547e-02       418  6.4515436e+04  6.5093953e+04  6.5163418e+04
2.3240110e-02       730  4.9986749e+04  4.9987526e+04  5.1095606e+04
2.9075630e-02      1012  4.0893376e+04  4.0797466e+04  4.1054670e+04
3.4544381e-02      1408  3.5220328e+04  3.5151389e+04  3.5286547e+04
3.9898901e-02      1841  3.1076726e+04  3.1067178e+04  3.1891832e+04
4.5580519e-02      2698  2.8388134e+04  2.8427856e+04  2.8983248e+04
5.1612543e-02      3532  2.4604163e+04  2.4645274e+04  2.5424945e+04
5.7899473e-02      4702  2.0652952e+04  2.0651897e+04  2.1228527e+04
6.4462744e-02      6019  1.7417493e+04  1.7373627e+04  1.7340810e+04
7.1309305e-02      7766  1.4835661e+04  1.4785731e+04  1.4644943e+04
7.8556104e-02     10012  1.3366242e+04  1.3349163e+04  1.3139508e+04
8.6194331e-02     12589  1.2309187e+04  1.2329988e+04  1.2070678e+04
9.4153926e-02     15650  1.0901449e+04  1.0920918e+04  1.0640051e+04
1.0254095e-01     19757  9.4018364e+03  9.3877798e+03  8.8629079e+03
1.1136076e-01     24241  8.2820894e+03  8.2502719e+03  7.4172473e+03
1.2060245e-01     29993  7.4306143e+03  7.4187185e+03  6.6135327e+03
1.3029316e-01     36494  6.7524418e+03  6.7674129e+03  6.0477273e+03
1.4046583e-01     44825  6.0635594e+03  6.0684762e+03  5.2644002e+03
1.5111985e-01     53906  5.4876015e+03  5.4705881e+03  4.4393186e+03
1.6229170e-01     65729  4.9447418e+03  4.9355814e+03  3.8977529e+03
1.7401323e-01     78746  4.5411486e+03  4.5483207e+03  3.5250163e+03
1.8625264e-01     94374  4.1390388e+03  4.1367169e+03  3.0756413e+03
1.9902230e-01    112166  3.7768022e+03  3.7698701e+03  2.6596777e+03
2.1238854e-01    134373  3.4540037e+03  3.4526827e+03  2.3677281e+03
2.2637810e-01    159077  3.2069103e+03  3.2081450e+03  2.0997019e+03
2.4096993e-01    188172  2.9645087e+03  2.9594237e+03  1.8348696e+03
2.5621802e-01    222492  2.7512207e+03  2.7507583e+03  1.6264184e+03
2.7214102e-01    261771  2.5680097e+03  2.5666642e+03  1.4402263e+03
2.8873063e-01    306759  2.3895998e+03  2.3880633e+03  1.2725510e+03
3.0605468e-01    360898  2.2402360e+03  2.2389754e+03  1.1266257e+03
3.2421519e-01    425046  2.0930089e+03  2.0917926e+03  9.9946415e+02
3.4337900e-01    505555  1.9666312e+03  1.9655539e+03  8.8505040e+02
3.6368055e-01    600292  1.8493801e+03  1.8483139e+03  7.8247292e+02
3.8517334e-01    712930  1.7375390e+03  1.7364276e+03  6.9133801e+02
4.0793004e-01    846715  1.6397668e+03  1.6387584e+03  6.1054756e+02
4.3202621e-01   1005596  1.5422026e+03  1.5412585e+03  5.3871234e+02
4.5754560e-01   1194719  1.4561120e+03  1.4551918e+03  4.7483279e+02
4.8457948e-01   1419743  1.3719376e+03  1.3710555e+03  4.1815073e+02
5.1321525e-01   1686576  1.2967048e+03  1.2958603e+03  3.6792456e+02
5.4354215e-01   2003484  1.2227175e+03  1.2219094e+03  3.2346919e+02
5.7565178e-01   2378778  1.1570250e+03  1.1562500e+03  2.8417119e+02
6.0966698e-01   2828400  1.0941458e+03  1.0934014e+03  2.4944851e+02
6.4568974e-01   3356890  1.0354934e+03  1.0347807e+03  2.1880692e+02
6.8383752e-01   3990317  9.7899738e+02  9.7831434e+02  1.9179155e+02
7.2424344e-01   4738457  9.2625744e+02  9.2560403e+02  1.6799030e+02
7.6703215e-01   5629661  8.7652535e+02  8.7589969e+02  1.4704372e+02
8.1235262e-01   6687903  8.2865457e+02  8.2805628e+02  1.2862147e+02
8.6035444e-01   7945758  7.8299103e+02  7.8241937e+02  1.1243266e+02
9.1118812e-01   9436555  7.3899105e+02  7.3844603e+02  9.8219922e+01
9.6501980e-01  11210320  6.9520264e+02  6.9468453e+02  8.5751682e+01
1.0220366e+00  13318613  6.5376601e+02  6.5327378e+02  7.4820099e+01
1.0824208e+00  15819192  6.1298013e+02  6.1251429e+02  6.5243855e+01
1.1463741e+00  18795348  5.7332644e+02  5.7288656e+02  5.6860495e+01
1.2141088e+00  22326034  5.3498303e+02  5.3456896e+02  4.9526383e+01
1.2858419e+00  26520842  4.9828889e+02  4.9789990e+02  4.3115076e+01
1.3618105e+00  31503438  4.6309522e+02  4.6273068e+02  3.7513987e+01
1.4422695e+00  37426927  4.2963680e+02  4.2929574e+02  3.2623500e+01
1.5275481e+00  44525830  3.9776254e+02  3.9744339e+02  2.8353225e+01
