# Power spectrum from CO𝘕CEPT job 4775589 at t = 1.8001485 Gyr, a = 0.22222222
#
# Components:
#   0: matter  (upstream grid size 1024)
#
#                           grid size 1024
# ╭────────────────────────────────────────────────────────────────╮
#                         component 0    (corrected)      (linear)
#                        σ₈ = 2.30e-01  σ₈ = 2.30e-01  σ₈ = 2.30e-01
#  k [Mpc⁻¹]    modes       P [Mpc³]       P [Mpc³]       P [Mpc³]
3.0679616e-03         3  3.6243312e+03  3.6243312e+03  3.6245862e+03
5.8212951e-03        25  5.3397842e+03  5.3630773e+03  5.3616284e+03
1.0440195e-02       124  6.2759735e+03  6.3467014e+03  6.3645921e+03
1.6729547e-02       418  5.7348833e+03  5.7863087e+03  5.7808569e+03
2.3240110e-02       730  4.5138084e+03  4.5138786e+03  4.5351447e+03
2.9075630e-02      1012  3.6543355e+03  3.6457647e+03  3.6449052e+03
3.4544381e-02      1408  3.1425626e+03  3.1364114e+03  3.1333161e+03
3.9898901e-02      1841  2.8182154e+03  2.8173495e+03  2.8321962e+03
4.5580519e-02      2698  2.5617856e+03  2.5653702e+03  2.5741167e+03
5.1612543e-02      3532  2.2388582e+03  2.2425991e+03  2.2582401e+03
5.7899473e-02      4702  1.8718857e+03  1.8717901e+03  1.8856115e+03
6.4462744e-02      6019  1.5394264e+03  1.5355494e+03  1.5403492e+03
7.1309305e-02      7766  1.2987717e+03  1.2944007e+03  1.3009221e+03
7.8556104e-02     10012  1.1629165e+03  1.1614305e+03  1.1672230e+03
8.6194331e-02     12589  1.0678248e+03  1.0696293e+03  1.0722979e+03
9.4153926e-02     15650  9.4007143e+02  9.4175032e+02  9.4522435e+02
1.0254095e-01     19757  7.8506387e+02  7.8389013e+02  7.8736041e+02
1.1136076e-01     24241  6.6128664e+02  6.5874615e+02  6.5893895e+02
1.2060245e-01     29993  5.8717459e+02  5.8623457e+02  5.8754362e+02
1.3029316e-01     36494  5.3276874e+02  5.3394997e+02  5.3728202e+02
1.4046583e-01     44825  4.6695737e+02  4.6733601e+02  4.6769422e+02
1.5111985e-01     53906  3.9725060e+02  3.9601899e+02  3.9439552e+02
1.6229170e-01     65729  3.4764952e+02  3.4700548e+02  3.4628374e+02
1.7401323e-01     78746  3.1320139e+02  3.1369604e+02  3.1317042e+02
1.8625264e-01     94374  2.7471754e+02  2.7456343e+02  2.7324792e+02
1.9902230e-01    112166  2.3806531e+02  2.3762835e+02  2.3629337e+02
2.1238854e-01    134373  2.1158912e+02  2.1150819e+02  2.1035630e+02
2.2637810e-01    159077  1.8846691e+02  1.8853947e+02  1.8654444e+02
2.4096993e-01    188172  1.6503442e+02  1.6475134e+02  1.6301620e+02
2.5621802e-01    222492  1.4669528e+02  1.4667063e+02  1.4449693e+02
2.7214102e-01    261771  1.3010183e+02  1.3003367e+02  1.2795513e+02
2.8873063e-01    306759  1.1508654e+02  1.1501254e+02  1.1305838e+02
3.0605468e-01    360898  1.0239045e+02  1.0233284e+02  1.0009393e+02
3.2421519e-01    425046  9.1295587e+01  9.1242532e+01  8.8796484e+01
3.4337900e-01    505555  8.0866244e+01  8.0821946e+01  7.8631572e+01
3.6368055e-01    600292  7.1694935e+01  7.1653601e+01  6.9518219e+01
3.8517334e-01    712930  6.3692916e+01  6.3652175e+01  6.1421454e+01
4.0793004e-01    846715  5.6486406e+01  5.6451669e+01  5.4243719e+01
4.3202621e-01   1005596  5.0103345e+01  5.0072673e+01  4.7861594e+01
4.5754560e-01   1194719  4.4165901e+01  4.4137990e+01  4.2186276e+01
4.8457948e-01   1419743  3.9046913e+01  3.9021807e+01  3.7150407e+01
5.1321525e-01   1686576  3.4460526e+01  3.4438084e+01  3.2688102e+01
5.4354215e-01   2003484  3.0379935e+01  3.0359858e+01  2.8738496e+01
5.7565178e-01   2378778  2.6708637e+01  2.6690748e+01  2.5247092e+01
6.0966698e-01   2828400  2.3483464e+01  2.3467486e+01  2.2162175e+01
6.4568974e-01   3356890  2.0625626e+01  2.0611431e+01  1.9439841e+01
6.8383752e-01   3990317  1.8135977e+01  1.8123324e+01  1.7039673e+01
7.2424344e-01   4738457  1.5988637e+01  1.5977358e+01  1.4925063e+01
7.6703215e-01   5629661  1.4234804e+01  1.4224643e+01  1.3064073e+01
8.1235262e-01   6687903  1.2913935e+01  1.2904612e+01  1.1427355e+01
8.6035444e-01   7945758  1.2190978e+01  1.2182077e+01  9.9890668e+00
9.1118812e-01   9436555  1.2169629e+01  1.2160654e+01  8.7263408e+00
9.6501980e-01  11210320  1.2951940e+01  1.2942287e+01  7.6186040e+00
1.0220366e+00  13318613  1.4841235e+01  1.4830061e+01  6.6473908e+00
1.0824208e+00  15819192  1.8237860e+01  1.8224000e+01  5.7965920e+00
1.1463741e+00  18795348  2.3791982e+01  2.3773728e+01  5.0517745e+00
1.2141088e+00  22326034  3.2093939e+01  3.2069099e+01  4.4001771e+00
1.2858419e+00  26520842  4.3784160e+01  4.3749980e+01  3.8305659e+00
1.3618105e+00  31503438  5.8003135e+01  5.7957477e+01  3.3329382e+00
1.4422695e+00  37426927  7.0616763e+01  7.0560705e+01  2.8984438e+00
1.5275481e+00  44525830  7.5460795e+01  7.5400248e+01  2.5190519e+00
