# Power spectrum from CO𝘕CEPT job 4775589 at t = 1.1712857 Gyr, a = 0.16666667
#
# Components:
#   0: matter  (upstream grid size 1024)
#
#                           grid size 1024
# ╭────────────────────────────────────────────────────────────────╮
#                         component 0    (corrected)      (linear)
#                        σ₈ = 1.73e-01  σ₈ = 1.73e-01  σ₈ = 1.73e-01
#  k [Mpc⁻¹]    modes       P [Mpc³]       P [Mpc³]       P [Mpc³]
3.0679616e-03         3  2.0510116e+03  2.0510116e+03  2.0513760e+03
5.8212951e-03        25  3.0225594e+03  3.0357444e+03  3.0354231e+03
1.0440195e-02       124  3.5562973e+03  3.5963755e+03  3.6043524e+03
1.6729547e-02       418  3.2472101e+03  3.2763282e+03  3.2743067e+03
2.3240110e-02       730  2.5596956e+03  2.5597354e+03  2.5689363e+03
2.9075630e-02      1012  2.0697217e+03  2.0648674e+03  2.0647401e+03
3.4544381e-02      1408  1.7794145e+03  1.7759315e+03  1.7749784e+03
3.9898901e-02      1841  1.5982947e+03  1.5978036e+03  1.6044217e+03
4.5580519e-02      2698  1.4520134e+03  1.4540452e+03  1.4582369e+03
5.1612543e-02      3532  1.2699641e+03  1.2720861e+03  1.2793032e+03
5.7899473e-02      4702  1.0616689e+03  1.0616147e+03  1.0682140e+03
6.4462744e-02      6019  8.7162338e+02  8.6942821e+02  8.7262428e+02
7.1309305e-02      7766  7.3534240e+02  7.3286760e+02  7.3698893e+02
7.8556104e-02     10012  6.5818006e+02  6.5733905e+02  6.6124852e+02
8.6194331e-02     12589  6.0384605e+02  6.0486648e+02  6.0747346e+02
9.4153926e-02     15650  5.3141501e+02  5.3236407e+02  5.3548532e+02
1.0254095e-01     19757  4.4330280e+02  4.4264002e+02  4.4605349e+02
1.1136076e-01     24241  3.7251147e+02  3.7108038e+02  3.7330096e+02
1.2060245e-01     29993  3.3065152e+02  3.3012217e+02  3.3285452e+02
1.3029316e-01     36494  3.0017319e+02  3.0083872e+02  3.0438062e+02
1.4046583e-01     44825  2.6234292e+02  2.6255564e+02  2.6495799e+02
1.5111985e-01     53906  2.2239598e+02  2.2170648e+02  2.2343298e+02
1.6229170e-01     65729  1.9438914e+02  1.9402903e+02  1.9617678e+02
1.7401323e-01     78746  1.7492614e+02  1.7520241e+02  1.7741748e+02
1.8625264e-01     94374  1.5298851e+02  1.5290269e+02  1.5480063e+02
1.9902230e-01    112166  1.3219563e+02  1.3195299e+02  1.3386516e+02
2.1238854e-01    134373  1.1724329e+02  1.1719845e+02  1.1917129e+02
2.2637810e-01    159077  1.0408088e+02  1.0412096e+02  1.0568139e+02
2.4096993e-01    188172  9.0779746e+01  9.0624032e+01  9.2352167e+01
2.5621802e-01    222492  8.0349574e+01  8.0336070e+01  8.1860614e+01
2.7214102e-01    261771  7.1037976e+01  7.1000757e+01  7.2489345e+01
2.8873063e-01    306759  6.2583613e+01  6.2543375e+01  6.4050022e+01
3.0605468e-01    360898  5.5439096e+01  5.5407899e+01  5.6705386e+01
3.2421519e-01    425046  4.9137314e+01  4.9108759e+01  5.0305143e+01
3.4337900e-01    505555  4.3332381e+01  4.3308644e+01  4.4546504e+01
3.6368055e-01    600292  3.8195325e+01  3.8173305e+01  3.9383594e+01
3.8517334e-01    712930  3.3718298e+01  3.3696730e+01  3.4796602e+01
4.0793004e-01    846715  2.9696478e+01  2.9678216e+01  3.0730260e+01
4.3202621e-01   1005596  2.6149871e+01  2.6133863e+01  2.7114648e+01
4.5754560e-01   1194719  2.2879197e+01  2.2864738e+01  2.3899456e+01
4.8457948e-01   1419743  2.0064243e+01  2.0051343e+01  2.1046527e+01
5.1321525e-01   1686576  1.7538228e+01  1.7526806e+01  1.8518534e+01
5.4354215e-01   2003484  1.5308520e+01  1.5298403e+01  1.6280995e+01
5.7565178e-01   2378778  1.3301441e+01  1.3292532e+01  1.4303038e+01
6.0966698e-01   2828400  1.1567093e+01  1.1559223e+01  1.2555365e+01
6.4568974e-01   3356890  1.0018880e+01  1.0011984e+01  1.1013103e+01
6.8383752e-01   3990317  8.6750799e+00  8.6690274e+00  9.6533552e+00
7.2424344e-01   4738457  7.5121400e+00  7.5068407e+00  8.4553816e+00
7.6703215e-01   5629661  6.5382330e+00  6.5335660e+00  7.4010897e+00
8.1235262e-01   6687903  5.7968893e+00  5.7927040e+00  6.4738528e+00
8.6035444e-01   7945758  5.4177189e+00  5.4137634e+00  5.6590306e+00
9.1118812e-01   9436555  5.4503580e+00  5.4463383e+00  4.9436684e+00
9.6501980e-01  11210320  5.9464348e+00  5.9420031e+00  4.3161109e+00
1.0220366e+00  13318613  7.0852647e+00  7.0799301e+00  3.7658971e+00
1.0824208e+00  15819192  9.1657197e+00  9.1587541e+00  3.2839006e+00
1.1463741e+00  18795348  1.2783678e+01  1.2773870e+01  2.8619450e+00
1.2141088e+00  22326034  1.8894770e+01  1.8880145e+01  2.4928005e+00
1.2858419e+00  26520842  2.9413685e+01  2.9390723e+01  2.1701031e+00
1.3618105e+00  31503438  4.7069623e+01  4.7032571e+01  1.8881859e+00
1.4422695e+00  37426927  7.3381600e+01  7.3323348e+01  1.6420351e+00
1.5275481e+00  44525830  9.7981647e+01  9.7903029e+01  1.4271011e+00
