# Power spectrum from CO𝘕CEPT job 4775589 at t = 3.6254177 Gyr, a = 0.35714286
#
# Components:
#   0: matter  (upstream grid size 1024)
#
#                           grid size 1024
# ╭────────────────────────────────────────────────────────────────╮
#                         component 0    (corrected)      (linear)
#                        σ₈ = 3.71e-01  σ₈ = 3.71e-01  σ₈ = 3.64e-01
#  k [Mpc⁻¹]    modes       P [Mpc³]       P [Mpc³]       P [Mpc³]
3.0679616e-03         3  9.1015220e+03  9.1015220e+03  9.1035553e+03
5.8212951e-03        25  1.3404260e+04  1.3462732e+04  1.3459831e+04
1.0440195e-02       124  1.5716626e+04  1.5893747e+04  1.5969759e+04
1.6729547e-02       418  1.4386239e+04  1.4515242e+04  1.4500692e+04
2.3240110e-02       730  1.1281828e+04  1.1282003e+04  1.1374129e+04
2.9075630e-02      1012  9.1599770e+03  9.1384934e+03  9.1406719e+03
3.4544381e-02      1408  7.8817005e+03  7.8662731e+03  7.8573363e+03
3.9898901e-02      1841  7.0412271e+03  7.0390637e+03  7.1019998e+03
4.5580519e-02      2698  6.4094550e+03  6.4184236e+03  6.4546876e+03
5.1612543e-02      3532  5.5911978e+03  5.6005401e+03  5.6625136e+03
5.7899473e-02      4702  4.6776667e+03  4.6774278e+03  4.7280865e+03
6.4462744e-02      6019  3.8663653e+03  3.8566279e+03  3.8623156e+03
7.1309305e-02      7766  3.2650580e+03  3.2540695e+03  3.2619424e+03
7.8556104e-02     10012  2.9270963e+03  2.9233561e+03  2.9266850e+03
8.6194331e-02     12589  2.6925338e+03  2.6970839e+03  2.6886565e+03
9.4153926e-02     15650  2.3740156e+03  2.3782554e+03  2.3700248e+03
1.0254095e-01     19757  1.9924856e+03  1.9895066e+03  1.9741948e+03
1.1136076e-01     24241  1.6921603e+03  1.6856594e+03  1.6521913e+03
1.2060245e-01     29993  1.5051330e+03  1.5027234e+03  1.4731747e+03
1.3029316e-01     36494  1.3646881e+03  1.3677138e+03  1.3471489e+03
1.4046583e-01     44825  1.2052925e+03  1.2062698e+03  1.1726666e+03
1.5111985e-01     53906  1.0381905e+03  1.0349717e+03  9.8888063e+02
1.6229170e-01     65729  9.1349294e+02  9.1180064e+02  8.6824737e+02
1.7401323e-01     78746  8.2613014e+02  8.2743489e+02  7.8522059e+02
1.8625264e-01     94374  7.3159999e+02  7.3118959e+02  6.8512122e+02
1.9902230e-01    112166  6.4050214e+02  6.3932653e+02  5.9246373e+02
2.1238854e-01    134373  5.7341303e+02  5.7319372e+02  5.2743077e+02
2.2637810e-01    159077  5.1591527e+02  5.1611390e+02  4.6772655e+02
2.4096993e-01    188172  4.5806718e+02  4.5728147e+02  4.0873353e+02
2.5621802e-01    222492  4.1265348e+02  4.1258413e+02  3.6229965e+02
2.7214102e-01    261771  3.7006486e+02  3.6987098e+02  3.2082401e+02
2.8873063e-01    306759  3.3170728e+02  3.3149400e+02  2.8347305e+02
3.0605468e-01    360898  2.9875798e+02  2.9858986e+02  2.5096700e+02
3.2421519e-01    425046  2.7106572e+02  2.7090820e+02  2.2264069e+02
3.4337900e-01    505555  2.4381552e+02  2.4368195e+02  1.9715401e+02
3.6368055e-01    600292  2.2006999e+02  2.1994312e+02  1.7430394e+02
3.8517334e-01    712930  1.9919638e+02  1.9906897e+02  1.5400279e+02
4.0793004e-01    846715  1.7998312e+02  1.7987244e+02  1.3600594e+02
4.3202621e-01   1005596  1.6286867e+02  1.6276896e+02  1.2000394e+02
4.5754560e-01   1194719  1.4707476e+02  1.4698181e+02  1.0577413e+02
4.8457948e-01   1419743  1.3303681e+02  1.3295127e+02  9.3147626e+01
5.1321525e-01   1686576  1.2049853e+02  1.2042006e+02  8.1959230e+01
5.4354215e-01   2003484  1.0910933e+02  1.0903722e+02  7.2056331e+01
5.7565178e-01   2378778  9.8969912e+01  9.8903624e+01  6.3302289e+01
6.0966698e-01   2828400  8.9730157e+01  8.9669106e+01  5.5567440e+01
6.4568974e-01   3356890  8.1541359e+01  8.1485238e+01  4.8741698e+01
6.8383752e-01   3990317  7.4494674e+01  7.4442700e+01  4.2723731e+01
7.2424344e-01   4738457  6.8323912e+01  6.8275714e+01  3.7421744e+01
7.6703215e-01   5629661  6.3365522e+01  6.3320291e+01  3.2755664e+01
8.1235262e-01   6687903  5.9581469e+01  5.9538451e+01  2.8651903e+01
8.6035444e-01   7945758  5.7119522e+01  5.7077820e+01  2.5045667e+01
9.1118812e-01   9436555  5.6184994e+01  5.6143556e+01  2.1879622e+01
9.6501980e-01  11210320  5.6848986e+01  5.6806618e+01  1.9102182e+01
1.0220366e+00  13318613  5.9161430e+01  5.9116887e+01  1.6667049e+01
1.0824208e+00  15819192  6.3037137e+01  6.2989232e+01  1.4533833e+01
1.1463741e+00  18795348  6.8021520e+01  6.7969331e+01  1.2666345e+01
1.2141088e+00  22326034  7.3063388e+01  7.3006838e+01  1.1032588e+01
1.2858419e+00  26520842  7.7207412e+01  7.7147140e+01  9.6043968e+00
1.3618105e+00  31503438  7.9781963e+01  7.9719161e+01  8.3566904e+00
1.4422695e+00  37426927  8.0764679e+01  8.0700565e+01  7.2672787e+00
1.5275481e+00  44525830  8.0757302e+01  8.0692505e+01  6.3160260e+00
