# Power spectrum from CO𝘕CEPT job 4775589 at t = 2.9824877 Gyr, a = 0.3125
#
# Components:
#   0: matter  (upstream grid size 1024)
#
#                           grid size 1024
# ╭────────────────────────────────────────────────────────────────╮
#                         component 0    (corrected)      (linear)
#                        σ₈ = 3.25e-01  σ₈ = 3.25e-01  σ₈ = 3.21e-01
#  k [Mpc⁻¹]    modes       P [Mpc³]       P [Mpc³]       P [Mpc³]
3.0679616e-03         3  7.0504400e+03  7.0504400e+03  7.0521810e+03
5.8212951e-03        25  1.0384611e+04  1.0429911e+04  1.0428178e+04
1.0440195e-02       124  1.2185441e+04  1.2322767e+04  1.2374458e+04
1.6729547e-02       418  1.1147967e+04  1.1247932e+04  1.1237125e+04
2.3240110e-02       730  8.7528592e+03  8.7529953e+03  8.8146597e+03
2.9075630e-02      1012  7.1001283e+03  7.0834759e+03  7.0839631e+03
3.4544381e-02      1408  6.1082246e+03  6.0962686e+03  6.0894765e+03
3.9898901e-02      1841  5.4637480e+03  5.4620693e+03  5.5041415e+03
4.5580519e-02      2698  4.9713079e+03  4.9782642e+03  5.0025037e+03
5.1612543e-02      3532  4.3393010e+03  4.3465514e+03  4.3885791e+03
5.7899473e-02      4702  3.6294410e+03  3.6292556e+03  3.6643924e+03
6.4462744e-02      6019  2.9946338e+03  2.9870919e+03  2.9934072e+03
7.1309305e-02      7766  2.5278173e+03  2.5193100e+03  2.5281071e+03
7.8556104e-02     10012  2.2651921e+03  2.2622976e+03  2.2682770e+03
8.6194331e-02     12589  2.0825971e+03  2.0861165e+03  2.0838006e+03
9.4153926e-02     15650  1.8352129e+03  1.8384905e+03  1.8368527e+03
1.0254095e-01     19757  1.5372919e+03  1.5349935e+03  1.5300723e+03
1.1136076e-01     24241  1.3016715e+03  1.2966708e+03  1.2805092e+03
1.2060245e-01     29993  1.1570408e+03  1.1551885e+03  1.1417655e+03
1.3029316e-01     36494  1.0492530e+03  1.0515793e+03  1.0440915e+03
1.4046583e-01     44825  9.2440499e+02  9.2515456e+02  9.0886158e+02
1.5111985e-01     53906  7.9261861e+02  7.9016123e+02  7.6642080e+02
1.6229170e-01     65729  6.9599989e+02  6.9471051e+02  6.7292561e+02
1.7401323e-01     78746  6.2858838e+02  6.2958114e+02  6.0857682e+02
1.8625264e-01     94374  5.5477774e+02  5.5446652e+02  5.3099602e+02
1.9902230e-01    112166  4.8392337e+02  4.8303515e+02  4.5918292e+02
2.1238854e-01    134373  4.3214431e+02  4.3197903e+02  4.0877988e+02
2.2637810e-01    159077  3.8746292e+02  3.8761210e+02  3.6250679e+02
2.4096993e-01    188172  3.4235119e+02  3.4176396e+02  3.1678489e+02
2.5621802e-01    222492  3.0701491e+02  3.0696331e+02  2.8079681e+02
2.7214102e-01    261771  2.7420787e+02  2.7406421e+02  2.4865155e+02
2.8873063e-01    306759  2.4468751e+02  2.4453018e+02  2.1970307e+02
3.0605468e-01    360898  2.1947404e+02  2.1935054e+02  1.9450959e+02
3.2421519e-01    425046  1.9800504e+02  1.9788997e+02  1.7255556e+02
3.4337900e-01    505555  1.7714061e+02  1.7704357e+02  1.5280237e+02
3.6368055e-01    600292  1.5893926e+02  1.5884762e+02  1.3509264e+02
3.8517334e-01    712930  1.4297957e+02  1.4288811e+02  1.1935843e+02
4.0793004e-01    846715  1.2842031e+02  1.2834133e+02  1.0541015e+02
4.3202621e-01   1005596  1.1546705e+02  1.1539636e+02  9.3007949e+01
4.5754560e-01   1194719  1.0344961e+02  1.0338424e+02  8.1979270e+01
4.8457948e-01   1419743  9.2881373e+01  9.2821654e+01  7.2193217e+01
5.1321525e-01   1686576  8.3451325e+01  8.3396977e+01  6.3521755e+01
5.4354215e-01   2003484  7.4929394e+01  7.4879875e+01  5.5846606e+01
5.7565178e-01   2378778  6.7337478e+01  6.7292377e+01  4.9061866e+01
6.0966698e-01   2828400  6.0454063e+01  6.0412931e+01  4.3067043e+01
6.4568974e-01   3356890  5.4386760e+01  5.4349329e+01  3.7776815e+01
6.8383752e-01   3990317  4.9135984e+01  4.9101703e+01  3.3112645e+01
7.2424344e-01   4738457  4.4574821e+01  4.4543376e+01  2.9003388e+01
7.6703215e-01   5629661  4.0913243e+01  4.0884039e+01  2.5386985e+01
8.1235262e-01   6687903  3.8136133e+01  3.8108599e+01  2.2206403e+01
8.6035444e-01   7945758  3.6445726e+01  3.6419117e+01  1.9411423e+01
9.1118812e-01   9436555  3.6018367e+01  3.5991803e+01  1.6957608e+01
9.6501980e-01  11210320  3.6991741e+01  3.6964172e+01  1.4804978e+01
1.0220366e+00  13318613  3.9610176e+01  3.9580353e+01  1.2917650e+01
1.0824208e+00  15819192  4.4046950e+01  4.4013476e+01  1.1264320e+01
1.1463741e+00  18795348  5.0259053e+01  5.0220492e+01  9.8169406e+00
1.2141088e+00  22326034  5.7420362e+01  5.7375919e+01  8.5507123e+00
1.2858419e+00  26520842  6.4428512e+01  6.4378216e+01  7.4438053e+00
1.3618105e+00  31503438  6.9772925e+01  6.9718001e+01  6.4767816e+00
1.4422695e+00  37426927  7.2483137e+01  7.2425598e+01  5.6324427e+00
1.5275481e+00  44525830  7.3173911e+01  7.3115199e+01  4.8951829e+00
