# Power spectrum from CO𝘕CEPT job 4775589 at t = 8.5939943 Gyr, a = 0.66666667
#
# Components:
#   0: matter  (upstream grid size 1024)
#
#                           grid size 1024
# ╭────────────────────────────────────────────────────────────────╮
#                         component 0    (corrected)      (linear)
#                        σ₈ = 6.68e-01  σ₈ = 6.68e-01  σ₈ = 6.27e-01
#  k [Mpc⁻¹]    modes       P [Mpc³]       P [Mpc³]       P [Mpc³]
3.0679616e-03         3  2.7025115e+04  2.7025115e+04  2.7018863e+04
5.8212951e-03        25  3.9781505e+04  3.9955040e+04  3.9927470e+04
1.0440195e-02       124  4.6424742e+04  4.6947932e+04  4.7346280e+04
1.6729547e-02       418  4.2611571e+04  4.2993674e+04  4.2972847e+04
2.3240110e-02       730  3.3162181e+04  3.3162697e+04  3.3699210e+04
2.9075630e-02      1012  2.7062154e+04  2.6998683e+04  2.7078483e+04
3.4544381e-02      1408  2.3303130e+04  2.3257517e+04  2.3274872e+04
3.9898901e-02      1841  2.0653466e+04  2.0647120e+04  2.1036289e+04
4.5580519e-02      2698  1.8845015e+04  1.8871385e+04  1.9118144e+04
5.1612543e-02      3532  1.6372406e+04  1.6399763e+04  1.6771265e+04
5.7899473e-02      4702  1.3723918e+04  1.3723217e+04  1.4003326e+04
6.4462744e-02      6019  1.1485539e+04  1.1456612e+04  1.1438923e+04
7.1309305e-02      7766  9.7443546e+03  9.7115600e+03  9.6606649e+03
7.8556104e-02     10012  8.7616584e+03  8.7504629e+03  8.6676491e+03
8.6194331e-02     12589  8.0708329e+03  8.0844718e+03  7.9626251e+03
9.4153926e-02     15650  7.1393001e+03  7.1520502e+03  7.0189197e+03
1.0254095e-01     19757  6.0894449e+03  6.0803406e+03  5.8466142e+03
1.1136076e-01     24241  5.2894303e+03  5.2691097e+03  4.8929674e+03
1.2060245e-01     29993  4.7284798e+03  4.7209099e+03  4.3627889e+03
1.3029316e-01     36494  4.2897413e+03  4.2992522e+03  3.9895494e+03
1.4046583e-01     44825  3.8333124e+03  3.8364207e+03  3.4728127e+03
1.5111985e-01     53906  3.4107116e+03  3.4001372e+03  2.9285286e+03
1.6229170e-01     65729  3.0459024e+03  3.0402597e+03  2.5712722e+03
1.7401323e-01     78746  2.7807567e+03  2.7851485e+03  2.3253877e+03
1.8625264e-01     94374  2.5133589e+03  2.5119490e+03  2.0289454e+03
1.9902230e-01    112166  2.2577167e+03  2.2535728e+03  1.7545432e+03
2.1238854e-01    134373  2.0494239e+03  2.0486401e+03  1.5619502e+03
2.2637810e-01    159077  1.8843491e+03  1.8850746e+03  1.3851387e+03
2.4096993e-01    188172  1.7205883e+03  1.7176370e+03  1.2104339e+03
2.5621802e-01    222492  1.5842801e+03  1.5840138e+03  1.0729226e+03
2.7214102e-01    261771  1.4619196e+03  1.4611537e+03  9.5009494e+02
2.8873063e-01    306759  1.3435251e+03  1.3426612e+03  8.3948247e+02
3.0605468e-01    360898  1.2425864e+03  1.2418872e+03  7.4321802e+02
3.2421519e-01    425046  1.1528106e+03  1.1521407e+03  6.5933166e+02
3.4337900e-01    505555  1.0699091e+03  1.0693230e+03  5.8385476e+02
3.6368055e-01    600292  9.9411296e+02  9.9353984e+02  5.1618602e+02
3.8517334e-01    712930  9.2578399e+02  9.2519182e+02  4.5606574e+02
4.0793004e-01    846715  8.6379801e+02  8.6326680e+02  4.0276952e+02
4.3202621e-01   1005596  8.0454620e+02  8.0405368e+02  3.5538091e+02
4.5754560e-01   1194719  7.5121852e+02  7.5074377e+02  3.1324052e+02
4.8457948e-01   1419743  7.0168332e+02  7.0123216e+02  2.7584820e+02
5.1321525e-01   1686576  6.5709154e+02  6.5666361e+02  2.4271473e+02
5.4354215e-01   2003484  6.1400491e+02  6.1359912e+02  2.1338816e+02
5.7565178e-01   2378778  5.7676317e+02  5.7637687e+02  1.8746384e+02
6.0966698e-01   2828400  5.4151075e+02  5.4114232e+02  1.6455777e+02
6.4568974e-01   3356890  5.0961833e+02  5.0926759e+02  1.4434395e+02
6.8383752e-01   3990317  4.8046274e+02  4.8012753e+02  1.2652229e+02
7.2424344e-01   4738457  4.5404203e+02  4.5372174e+02  1.1082093e+02
7.6703215e-01   5629661  4.2992903e+02  4.2962215e+02  9.7002765e+01
8.1235262e-01   6687903  4.0847238e+02  4.0817746e+02  8.4849856e+01
8.6035444e-01   7945758  3.8868035e+02  3.8839657e+02  7.4170324e+01
9.1118812e-01   9436555  3.7073886e+02  3.7046543e+02  6.4794375e+01
9.6501980e-01  11210320  3.5333151e+02  3.5306818e+02  5.6569246e+01
1.0220366e+00  13318613  3.3656880e+02  3.3631540e+02  4.9357830e+01
1.0824208e+00  15819192  3.2017130e+02  3.1992798e+02  4.3040511e+01
1.1463741e+00  18795348  3.0396995e+02  3.0373673e+02  3.7510122e+01
1.2141088e+00  22326034  2.8805870e+02  2.8783574e+02  3.2671907e+01
1.2858419e+00  26520842  2.7220753e+02  2.7199503e+02  2.8442454e+01
1.3618105e+00  31503438  2.5666730e+02  2.5646526e+02  2.4747490e+01
1.4422695e+00  37426927  2.4150507e+02  2.4131336e+02  2.1521302e+01
1.5275481e+00  44525830  2.2701192e+02  2.2682978e+02  1.8704259e+01
