# Power spectrum from CO𝘕CEPT job 4775589 at t = 3.4448053 Gyr, a = 0.34482759
#
# Components:
#   0: matter  (upstream grid size 1024)
#
#                           grid size 1024
# ╭────────────────────────────────────────────────────────────────╮
#                         component 0    (corrected)      (linear)
#                        σ₈ = 3.58e-01  σ₈ = 3.58e-01  σ₈ = 3.52e-01
#  k [Mpc⁻¹]    modes       P [Mpc³]       P [Mpc³]       P [Mpc³]
3.0679616e-03         3  8.5142661e+03  8.5142661e+03  8.5163651e+03
5.8212951e-03        25  1.2539721e+04  1.2594422e+04  1.2592080e+04
1.0440195e-02       124  1.4706043e+04  1.4871775e+04  1.4940722e+04
1.6729547e-02       418  1.3459247e+04  1.3579938e+04  1.3566637e+04
2.3240110e-02       730  1.0558362e+04  1.0558526e+04  1.0641607e+04
2.9075630e-02      1012  8.5704421e+03  8.5503412e+03  8.5520471e+03
3.4544381e-02      1408  7.3740875e+03  7.3596537e+03  7.3513829e+03
3.9898901e-02      1841  6.5900282e+03  6.5880034e+03  6.6447022e+03
4.5580519e-02      2698  5.9980176e+03  6.0064105e+03  6.0390827e+03
5.1612543e-02      3532  5.2331700e+03  5.2419140e+03  5.2979235e+03
5.7899473e-02      4702  4.3778348e+03  4.3776112e+03  4.4236662e+03
6.4462744e-02      6019  3.6167432e+03  3.6076345e+03  3.6136418e+03
7.1309305e-02      7766  3.0538680e+03  3.0435902e+03  3.0519256e+03
7.8556104e-02     10012  2.7374376e+03  2.7339398e+03  2.7382550e+03
8.6194331e-02     12589  2.5177365e+03  2.5219912e+03  2.5155527e+03
9.4153926e-02     15650  2.2195519e+03  2.2235158e+03  2.2174363e+03
1.0254095e-01     19757  1.8618078e+03  1.8590242e+03  1.8470915e+03
1.1136076e-01     24241  1.5798391e+03  1.5737698e+03  1.5458197e+03
1.2060245e-01     29993  1.4049642e+03  1.4027150e+03  1.3783289e+03
1.3029316e-01     36494  1.2739165e+03  1.2767410e+03  1.2604171e+03
1.4046583e-01     44825  1.1243694e+03  1.1252811e+03  1.0971684e+03
1.5111985e-01     53906  9.6723679e+02  9.6423803e+02  9.2521502e+02
1.6229170e-01     65729  8.5057093e+02  8.4899520e+02  8.1234839e+02
1.7401323e-01     78746  7.6893603e+02  7.7015045e+02  7.3466706e+02
1.8625264e-01     94374  6.8030724e+02  6.7992561e+02  6.4101226e+02
1.9902230e-01    112166  5.9498643e+02  5.9389436e+02  5.5432022e+02
2.1238854e-01    134373  5.3229492e+02  5.3209134e+02  4.9347419e+02
2.2637810e-01    159077  4.7845822e+02  4.7864243e+02  4.3761382e+02
2.4096993e-01    188172  4.2423993e+02  4.2351223e+02  3.8241884e+02
2.5621802e-01    222492  3.8170789e+02  3.8164374e+02  3.3897444e+02
2.7214102e-01    261771  3.4191702e+02  3.4173788e+02  3.0016905e+02
2.8873063e-01    306759  3.0610244e+02  3.0590563e+02  2.6522278e+02
3.0605468e-01    360898  2.7538259e+02  2.7522763e+02  2.3480951e+02
3.2421519e-01    425046  2.4947730e+02  2.4933233e+02  2.0830688e+02
3.4337900e-01    505555  2.2406162e+02  2.2393888e+02  1.8446106e+02
3.6368055e-01    600292  2.0191361e+02  2.0179720e+02  1.6308211e+02
3.8517334e-01    712930  1.8245752e+02  1.8234081e+02  1.4408796e+02
4.0793004e-01    846715  1.6459321e+02  1.6449199e+02  1.2724976e+02
4.3202621e-01   1005596  1.4868556e+02  1.4859454e+02  1.1227799e+02
4.5754560e-01   1194719  1.3398447e+02  1.3389980e+02  9.8964307e+01
4.8457948e-01   1419743  1.2095302e+02  1.2087526e+02  8.7150708e+01
5.1321525e-01   1686576  1.0931904e+02  1.0924785e+02  7.6682630e+01
5.4354215e-01   2003484  9.8763184e+01  9.8697913e+01  6.7417289e+01
5.7565178e-01   2378778  8.9370558e+01  8.9310699e+01  5.9226839e+01
6.0966698e-01   2828400  8.0813674e+01  8.0758690e+01  5.1989966e+01
6.4568974e-01   3356890  7.3244895e+01  7.3194485e+01  4.5603671e+01
6.8383752e-01   3990317  6.6724404e+01  6.6677852e+01  3.9973146e+01
7.2424344e-01   4738457  6.1026669e+01  6.0983619e+01  3.5012505e+01
7.6703215e-01   5629661  5.6451746e+01  5.6411450e+01  3.0646830e+01
8.1235262e-01   6687903  5.2969208e+01  5.2930965e+01  2.6807273e+01
8.6035444e-01   7945758  5.0745719e+01  5.0708670e+01  2.3433210e+01
9.1118812e-01   9436555  4.9982166e+01  4.9945303e+01  2.0470996e+01
9.6501980e-01  11210320  5.0772848e+01  5.0735008e+01  1.7872370e+01
1.0220366e+00  13318613  5.3231206e+01  5.3191128e+01  1.5594013e+01
1.0824208e+00  15819192  5.7345242e+01  5.7301662e+01  1.3598135e+01
1.1463741e+00  18795348  6.2756438e+01  6.2708289e+01  1.1850877e+01
1.2141088e+00  22326034  6.8432624e+01  6.8379658e+01  1.0322303e+01
1.2858419e+00  26520842  7.3341190e+01  7.3283936e+01  8.9860598e+00
1.3618105e+00  31503438  7.6593751e+01  7.6533459e+01  7.8186817e+00
1.4422695e+00  37426927  7.7998837e+01  7.7936919e+01  6.7994070e+00
1.5275481e+00  44525830  7.8211290e+01  7.8148536e+01  5.9093967e+00
