# Power spectrum from CO𝘕CEPT job 4775589 at t = 2.3143483 Gyr, a = 0.26315789
#
# Components:
#   0: matter  (upstream grid size 1024)
#
#                           grid size 1024
# ╭────────────────────────────────────────────────────────────────╮
#                         component 0    (corrected)      (linear)
#                        σ₈ = 2.73e-01  σ₈ = 2.73e-01  σ₈ = 2.71e-01
#  k [Mpc⁻¹]    modes       P [Mpc³]       P [Mpc³]       P [Mpc³]
3.0679616e-03         3  5.0504830e+03  5.0504830e+03  5.0513018e+03
5.8212951e-03        25  7.4398928e+03  7.4723470e+03  7.4707454e+03
1.0440195e-02       124  8.7377174e+03  8.8361882e+03  8.8666503e+03
1.6729547e-02       418  7.9887497e+03  8.0603857e+03  8.0526068e+03
2.3240110e-02       730  6.2807817e+03  6.2808794e+03  6.3170203e+03
2.9075630e-02      1012  5.0894540e+03  5.0775174e+03  5.0768679e+03
3.4544381e-02      1408  4.3775148e+03  4.3689464e+03  4.3642250e+03
3.9898901e-02      1841  3.9211344e+03  3.9199296e+03  3.9447713e+03
4.5580519e-02      2698  3.5659010e+03  3.5708906e+03  3.5852830e+03
5.1612543e-02      3532  3.1146581e+03  3.1198624e+03  3.1453055e+03
5.7899473e-02      4702  2.6045327e+03  2.6043997e+03  2.6262923e+03
6.4462744e-02      6019  2.1450037e+03  2.1396015e+03  2.1454014e+03
7.1309305e-02      7766  1.8099961e+03  1.8039046e+03  1.8119222e+03
7.8556104e-02     10012  1.6212166e+03  1.6191450e+03  1.6257030e+03
8.6194331e-02     12589  1.4895490e+03  1.4920662e+03  1.4934893e+03
9.4153926e-02     15650  1.3118639e+03  1.3142068e+03  1.3165004e+03
1.0254095e-01     19757  1.0968860e+03  1.0952460e+03  1.0966276e+03
1.1136076e-01     24241  9.2597271e+02  9.2241538e+02  9.1776265e+02
1.2060245e-01     29993  8.2255280e+02  8.2123595e+02  8.1832346e+02
1.3029316e-01     36494  7.4612304e+02  7.4777730e+02  7.4831928e+02
1.4046583e-01     44825  6.5547839e+02  6.5600989e+02  6.5139797e+02
1.5111985e-01     53906  5.5946661e+02  5.5773208e+02  5.4930831e+02
1.6229170e-01     65729  4.9028369e+02  4.8937542e+02  4.8229874e+02
1.7401323e-01     78746  4.4217211e+02  4.4287046e+02  4.3617888e+02
1.8625264e-01     94374  3.8886924e+02  3.8865110e+02  3.8057534e+02
1.9902230e-01    112166  3.3792287e+02  3.3730262e+02  3.2910556e+02
2.1238854e-01    134373  3.0095103e+02  3.0083593e+02  2.9298077e+02
2.2637810e-01    159077  2.6883493e+02  2.6893844e+02  2.5981597e+02
2.4096993e-01    188172  2.3631298e+02  2.3590763e+02  2.2704619e+02
2.5621802e-01    222492  2.1086514e+02  2.1082970e+02  2.0125283e+02
2.7214102e-01    261771  1.8756586e+02  1.8746759e+02  1.7821369e+02
2.8873063e-01    306759  1.6654934e+02  1.6644225e+02  1.5746574e+02
3.0605468e-01    360898  1.4871293e+02  1.4862925e+02  1.3940906e+02
3.2421519e-01    425046  1.3329324e+02  1.3321578e+02  1.2367417e+02
3.4337900e-01    505555  1.1856906e+02  1.1850411e+02  1.0951665e+02
3.6368055e-01    600292  1.0567623e+02  1.0561530e+02  9.6823729e+01
3.8517334e-01    712930  9.4402993e+01  9.4342609e+01  8.5546695e+01
4.0793004e-01    846715  8.4206669e+01  8.4154884e+01  7.5549671e+01
4.3202621e-01   1005596  7.5151281e+01  7.5105275e+01  6.6660759e+01
4.5754560e-01   1194719  6.6718418e+01  6.6676253e+01  5.8756276e+01
4.8457948e-01   1419743  5.9393992e+01  5.9355803e+01  5.1742407e+01
5.1321525e-01   1686576  5.2848778e+01  5.2814360e+01  4.5527389e+01
5.4354215e-01   2003484  4.6981811e+01  4.6950762e+01  4.0026448e+01
5.7565178e-01   2378778  4.1725933e+01  4.1697985e+01  3.5163683e+01
6.0966698e-01   2828400  3.7034475e+01  3.7009277e+01  3.0867067e+01
6.4568974e-01   3356890  3.2898349e+01  3.2875707e+01  2.7075449e+01
6.8383752e-01   3990317  2.9295747e+01  2.9275308e+01  2.3732540e+01
7.2424344e-01   4738457  2.6186144e+01  2.6167671e+01  2.0787349e+01
7.6703215e-01   5629661  2.3676979e+01  2.3660078e+01  1.8195396e+01
8.1235262e-01   6687903  2.1780349e+01  2.1764624e+01  1.5915805e+01
8.6035444e-01   7945758  2.0695619e+01  2.0680509e+01  1.3912584e+01
9.1118812e-01   9436555  2.0558879e+01  2.0543716e+01  1.2153882e+01
9.6501980e-01  11210320  2.1506471e+01  2.1490443e+01  1.0611047e+01
1.0220366e+00  13318613  2.3872753e+01  2.3854779e+01  9.2583591e+00
1.0824208e+00  15819192  2.8025177e+01  2.8003879e+01  8.0733823e+00
1.1463741e+00  18795348  3.4400580e+01  3.4374187e+01  7.0360143e+00
1.2141088e+00  22326034  4.2905603e+01  4.2872394e+01  6.1284815e+00
1.2858419e+00  26520842  5.3030869e+01  5.2989470e+01  5.3351376e+00
1.3618105e+00  31503438  6.2798821e+01  6.2749388e+01  4.6420510e+00
1.4422695e+00  37426927  6.9133802e+01  6.9078921e+01  4.0368953e+00
1.5275481e+00  44525830  7.0805538e+01  7.0748726e+01  3.5084854e+00
