# Power spectrum from CO𝘕CEPT job 4775589 at t = 1.9948247 Gyr, a = 0.23809524
#
# Components:
#   0: matter  (upstream grid size 1024)
#
#                           grid size 1024
# ╭────────────────────────────────────────────────────────────────╮
#                         component 0    (corrected)      (linear)
#                        σ₈ = 2.47e-01  σ₈ = 2.47e-01  σ₈ = 2.46e-01
#  k [Mpc⁻¹]    modes       P [Mpc³]       P [Mpc³]       P [Mpc³]
3.0679616e-03         3  4.1511881e+03  4.1511881e+03  4.1516401e+03
5.8212951e-03        25  6.1156489e+03  6.1423265e+03  6.1408155e+03
1.0440195e-02       124  7.1857513e+03  7.2667321e+03  7.2889981e+03
1.6729547e-02       418  6.5676290e+03  6.6265217e+03  6.6202064e+03
2.3240110e-02       730  5.1670115e+03  5.1670919e+03  5.1935132e+03
2.9075630e-02      1012  4.1846371e+03  4.1748225e+03  4.1739936e+03
3.4544381e-02      1408  3.5988602e+03  3.5918159e+03  3.5881212e+03
3.9898901e-02      1841  3.2259590e+03  3.2249678e+03  3.2432803e+03
4.5580519e-02      2698  2.9329251e+03  2.9370290e+03  2.9477327e+03
5.1612543e-02      3532  2.5626565e+03  2.5669384e+03  2.5860029e+03
5.7899473e-02      4702  2.1427267e+03  2.1426172e+03  2.1592870e+03
6.4462744e-02      6019  1.7631122e+03  1.7586719e+03  1.7639114e+03
7.1309305e-02      7766  1.4875692e+03  1.4825628e+03  1.4897330e+03
7.8556104e-02     10012  1.3321343e+03  1.3304321e+03  1.3366282e+03
8.6194331e-02     12589  1.2234978e+03  1.2255654e+03  1.2279254e+03
9.4153926e-02     15650  1.0772748e+03  1.0791987e+03  1.0824085e+03
1.0254095e-01     19757  9.0003540e+02  8.9868977e+02  9.0163276e+02
1.1136076e-01     24241  7.5874732e+02  7.5583242e+02  7.5457278e+02
1.2060245e-01     29993  6.7381602e+02  6.7273729e+02  6.7281543e+02
1.3029316e-01     36494  6.1130899e+02  6.1266435e+02  6.1525909e+02
1.4046583e-01     44825  5.3627246e+02  5.3670730e+02  5.3557173e+02
1.5111985e-01     53906  4.5677235e+02  4.5535620e+02  4.5163494e+02
1.6229170e-01     65729  3.9993652e+02  3.9919561e+02  3.9654054e+02
1.7401323e-01     78746  3.6045035e+02  3.6101962e+02  3.5862138e+02
1.8625264e-01     94374  3.1647252e+02  3.1629499e+02  3.1290482e+02
1.9902230e-01    112166  2.7453035e+02  2.7402646e+02  2.7058698e+02
2.1238854e-01    134373  2.4418255e+02  2.4408916e+02  2.4088560e+02
2.2637810e-01    159077  2.1773470e+02  2.1781853e+02  2.1361789e+02
2.4096993e-01    188172  1.9093333e+02  1.9060583e+02  1.8667495e+02
2.5621802e-01    222492  1.6996164e+02  1.6993308e+02  1.6546794e+02
2.7214102e-01    261771  1.5090100e+02  1.5082193e+02  1.4652541e+02
2.8873063e-01    306759  1.3367451e+02  1.3358856e+02  1.2946667e+02
3.0605468e-01    360898  1.1909177e+02  1.1902476e+02  1.1462067e+02
3.2421519e-01    425046  1.0639730e+02  1.0633547e+02  1.0168361e+02
3.4337900e-01    505555  9.4391259e+01  9.4339551e+01  9.0043450e+01
3.6368055e-01    600292  8.3851781e+01  8.3803439e+01  7.9607466e+01
3.8517334e-01    712930  7.4648984e+01  7.4601236e+01  7.0335608e+01
4.0793004e-01    846715  6.6349856e+01  6.6309053e+01  6.2116160e+01
4.3202621e-01   1005596  5.8990465e+01  5.8954353e+01  5.4807790e+01
4.5754560e-01   1194719  5.2138225e+01  5.2105275e+01  4.8308807e+01
4.8457948e-01   1419743  4.6216546e+01  4.6186830e+01  4.2542077e+01
5.1321525e-01   1686576  4.0916331e+01  4.0889685e+01  3.7432154e+01
5.4354215e-01   2003484  3.6187359e+01  3.6163444e+01  3.2909338e+01
5.7565178e-01   2378778  3.1938510e+01  3.1917119e+01  2.8911222e+01
6.0966698e-01   2828400  2.8183054e+01  2.8163878e+01  2.5378589e+01
6.4568974e-01   3356890  2.4862988e+01  2.4845876e+01  2.2261159e+01
6.8383752e-01   3990317  2.1969132e+01  2.1953804e+01  1.9512654e+01
7.2424344e-01   4738457  1.9473704e+01  1.9459967e+01  1.7091148e+01
7.6703215e-01   5629661  1.7446786e+01  1.7434332e+01  1.4960071e+01
8.1235262e-01   6687903  1.5918655e+01  1.5907162e+01  1.3085815e+01
8.6035444e-01   7945758  1.5068066e+01  1.5057065e+01  1.1438787e+01
9.1118812e-01   9436555  1.5011473e+01  1.5000402e+01  9.9928003e+00
9.6501980e-01  11210320  1.5866461e+01  1.5854636e+01  8.7242968e+00
1.0220366e+00  13318613  1.7957497e+01  1.7943977e+01  7.6121306e+00
1.0824208e+00  15819192  2.1686472e+01  2.1669991e+01  6.6378547e+00
1.1463741e+00  18795348  2.7647604e+01  2.7626391e+01  5.7849413e+00
1.2141088e+00  22326034  3.6186968e+01  3.6158960e+01  5.0387770e+00
1.2858419e+00  26520842  4.7462017e+01  4.7424966e+01  4.3864977e+00
1.3618105e+00  31503438  5.9960846e+01  5.9913647e+01  3.8166489e+00
1.4422695e+00  37426927  6.9677413e+01  6.9622101e+01  3.3190960e+00
1.5275481e+00  44525830  7.2761748e+01  7.2703366e+01  2.8846427e+00
