# Power spectrum from CO𝘕CEPT job 4775589 at t = 1.5383709 Gyr, a = 0.2
#
# Components:
#   0: matter  (upstream grid size 1024)
#
#                           grid size 1024
# ╭────────────────────────────────────────────────────────────────╮
#                         component 0    (corrected)      (linear)
#                        σ₈ = 2.07e-01  σ₈ = 2.07e-01  σ₈ = 2.07e-01
#  k [Mpc⁻¹]    modes       P [Mpc³]       P [Mpc³]       P [Mpc³]
3.0679616e-03         3  2.9439289e+03  2.9439289e+03  2.9439479e+03
5.8212951e-03        25  4.3377353e+03  4.3566573e+03  4.3552966e+03
1.0440195e-02       124  5.1003825e+03  5.1578619e+03  5.1705963e+03
1.6729547e-02       418  4.6592349e+03  4.7010148e+03  4.6966574e+03
2.3240110e-02       730  3.6694108e+03  3.6694679e+03  3.6846926e+03
2.9075630e-02      1012  2.9692434e+03  2.9622795e+03  2.9614400e+03
3.4544381e-02      1408  2.5531531e+03  2.5481557e+03  2.5458025e+03
3.9898901e-02      1841  2.2910913e+03  2.2903874e+03  2.3011574e+03
4.5580519e-02      2698  2.0821318e+03  2.0850452e+03  2.0914768e+03
5.1612543e-02      3532  1.8202257e+03  1.8232671e+03  1.8348321e+03
5.7899473e-02      4702  1.5217747e+03  1.5216970e+03  1.5320731e+03
6.4462744e-02      6019  1.2506002e+03  1.2474506e+03  1.2515473e+03
7.1309305e-02      7766  1.0550513e+03  1.0515006e+03  1.0570122e+03
7.8556104e-02     10012  9.4453540e+02  9.4332848e+02  9.4838137e+02
8.6194331e-02     12589  8.6700577e+02  8.6847091e+02  8.7125449e+02
9.4153926e-02     15650  7.6314655e+02  7.6450947e+02  7.6800632e+02
1.0254095e-01     19757  6.3697880e+02  6.3602646e+02  6.3974035e+02
1.1136076e-01     24241  5.3598690e+02  5.3392779e+02  5.3539655e+02
1.2060245e-01     29993  4.7583356e+02  4.7507179e+02  4.7738709e+02
1.3029316e-01     36494  4.3182577e+02  4.3278319e+02  4.3654901e+02
1.4046583e-01     44825  3.7802932e+02  3.7833585e+02  3.8000808e+02
1.5111985e-01     53906  3.2109896e+02  3.2010344e+02  3.2045194e+02
1.6229170e-01     65729  2.8083998e+02  2.8031971e+02  2.8136049e+02
1.7401323e-01     78746  2.5288256e+02  2.5328195e+02  2.5445549e+02
1.8625264e-01     94374  2.2152810e+02  2.2140383e+02  2.2201791e+02
1.9902230e-01    112166  1.9172315e+02  1.9137125e+02  1.9199184e+02
2.1238854e-01    134373  1.7023756e+02  1.7017245e+02  1.7091760e+02
2.2637810e-01    159077  1.5141628e+02  1.5147458e+02  1.5157013e+02
2.4096993e-01    188172  1.3235287e+02  1.3212585e+02  1.3245310e+02
2.5621802e-01    222492  1.1742520e+02  1.1740546e+02  1.1740592e+02
2.7214102e-01    261771  1.0399764e+02  1.0394315e+02  1.0396547e+02
2.8873063e-01    306759  9.1827569e+01  9.1768528e+01  9.1861639e+01
3.0605468e-01    360898  8.1546919e+01  8.1501030e+01  8.1327830e+01
3.2421519e-01    425046  7.2521717e+01  7.2479572e+01  7.2148488e+01
3.4337900e-01    505555  6.4108803e+01  6.4073684e+01  6.3889345e+01
3.6368055e-01    600292  5.6692106e+01  5.6659422e+01  5.6484610e+01
3.8517334e-01    712930  5.0226118e+01  5.0193992e+01  4.9905867e+01
4.0793004e-01    846715  4.4410660e+01  4.4383349e+01  4.4073850e+01
4.3202621e-01   1005596  3.9268930e+01  3.9244891e+01  3.8888277e+01
4.5754560e-01   1194719  3.4498186e+01  3.4476384e+01  3.4276995e+01
4.8457948e-01   1419743  3.0393231e+01  3.0373689e+01  3.0185275e+01
5.1321525e-01   1686576  2.6711126e+01  2.6693730e+01  2.6559585e+01
5.4354215e-01   2003484  2.3446956e+01  2.3431460e+01  2.3350470e+01
5.7565178e-01   2378778  2.0507195e+01  2.0493460e+01  2.0513650e+01
6.0966698e-01   2828400  1.7944661e+01  1.7932452e+01  1.8007109e+01
6.4568974e-01   3356890  1.5666209e+01  1.5655427e+01  1.5795170e+01
6.8383752e-01   3990317  1.3684360e+01  1.3674812e+01  1.3844998e+01
7.2424344e-01   4738457  1.1973174e+01  1.1964728e+01  1.2126844e+01
7.6703215e-01   5629661  1.0562714e+01  1.0555174e+01  1.0614762e+01
8.1235262e-01   6687903  9.4995207e+00  9.4926621e+00  9.2849030e+00
8.6035444e-01   7945758  8.9320360e+00  8.9255147e+00  8.1162717e+00
9.1118812e-01   9436555  8.9438094e+00  8.9372132e+00  7.0902875e+00
9.6501980e-01  11210320  9.6146415e+00  9.6074760e+00  6.1902343e+00
1.0220366e+00  13318613  1.1204234e+01  1.1195799e+01  5.4011087e+00
1.0824208e+00  15819192  1.4085850e+01  1.4075145e+01  4.7098215e+00
1.1463741e+00  18795348  1.8931302e+01  1.8916777e+01  4.1046459e+00
1.2141088e+00  22326034  2.6579175e+01  2.6558603e+01  3.5752129e+00
1.2858419e+00  26520842  3.8315066e+01  3.8285156e+01  3.1123950e+00
1.3618105e+00  31503438  5.4602859e+01  5.4559877e+01  2.7080649e+00
1.4422695e+00  37426927  7.2259622e+01  7.2202260e+01  2.3550314e+00
1.5275481e+00  44525830  8.1666989e+01  8.1601463e+01  2.0467696e+00
