# Power spectrum from CO𝘕CEPT job 4775589 at t = 2.407584 Gyr, a = 0.27027027
#
# Components:
#   0: matter  (upstream grid size 1024)
#
#                           grid size 1024
# ╭────────────────────────────────────────────────────────────────╮
#                         component 0    (corrected)      (linear)
#                        σ₈ = 2.81e-01  σ₈ = 2.80e-01  σ₈ = 2.79e-01
#  k [Mpc⁻¹]    modes       P [Mpc³]       P [Mpc³]       P [Mpc³]
3.0679616e-03         3  5.3203599e+03  5.3203599e+03  5.3212973e+03
5.8212951e-03        25  7.8372787e+03  7.8714664e+03  7.8698419e+03
1.0440195e-02       124  9.2032455e+03  9.3069627e+03  9.3400560e+03
1.6729547e-02       418  8.4151562e+03  8.4906159e+03  8.4824072e+03
2.3240110e-02       730  6.6147466e+03  6.6148494e+03  6.6541268e+03
2.9075630e-02      1012  5.3609022e+03  5.3483289e+03  5.3477703e+03
3.4544381e-02      1408  4.6111372e+03  4.6021115e+03  4.5970887e+03
3.9898901e-02      1841  4.1295651e+03  4.1282963e+03  4.1552469e+03
4.5580519e-02      2698  3.7557302e+03  3.7609855e+03  3.7765730e+03
5.1612543e-02      3532  3.2801482e+03  3.2856290e+03  3.3131176e+03
5.7899473e-02      4702  2.7430025e+03  2.7428624e+03  2.7664114e+03
6.4462744e-02      6019  2.2596281e+03  2.2539373e+03  2.2598625e+03
7.1309305e-02      7766  1.9067980e+03  1.9003806e+03  1.9085908e+03
7.8556104e-02     10012  1.7080294e+03  1.7058469e+03  1.7124359e+03
8.6194331e-02     12589  1.5694687e+03  1.5721210e+03  1.5731681e+03
9.4153926e-02     15650  1.3823571e+03  1.3848259e+03  1.3867363e+03
1.0254095e-01     19757  1.1561068e+03  1.1543783e+03  1.1551330e+03
1.1136076e-01     24241  9.7636740e+02  9.7261646e+02  9.6672538e+02
1.2060245e-01     29993  8.6739394e+02  8.6600531e+02  8.6198098e+02
1.3029316e-01     36494  7.8676358e+02  7.8850794e+02  7.8824200e+02
1.4046583e-01     44825  6.9146564e+02  6.9202633e+02  6.8614989e+02
1.5111985e-01     53906  5.9054968e+02  5.8871878e+02  5.7861372e+02
1.6229170e-01     65729  5.1766235e+02  5.1670335e+02  5.0802919e+02
1.7401323e-01     78746  4.6695581e+02  4.6769329e+02  4.5944883e+02
1.8625264e-01     94374  4.1086737e+02  4.1063688e+02  4.0087884e+02
1.9902230e-01    112166  3.5722508e+02  3.5656941e+02  3.4666316e+02
2.1238854e-01    134373  3.1826129e+02  3.1813957e+02  3.0861112e+02
2.2637810e-01    159077  2.8444627e+02  2.8455579e+02  2.7367699e+02
2.4096993e-01    188172  2.5021499e+02  2.4978580e+02  2.3915896e+02
2.5621802e-01    222492  2.2342778e+02  2.2339023e+02  2.1198954e+02
2.7214102e-01    261771  1.9885088e+02  1.9874670e+02  1.8772127e+02
2.8873063e-01    306759  1.7669306e+02  1.7657945e+02  1.6586642e+02
3.0605468e-01    360898  1.5787214e+02  1.5778330e+02  1.4684643e+02
3.2421519e-01    425046  1.4163557e+02  1.4155326e+02  1.3027209e+02
3.4337900e-01    505555  1.2608982e+02  1.2602075e+02  1.1535928e+02
3.6368055e-01    600292  1.1248652e+02  1.1242167e+02  1.0198920e+02
3.8517334e-01    712930  1.0058729e+02  1.0052295e+02  9.0110546e+01
4.0793004e-01    846715  8.9813561e+01  8.9758329e+01  7.9580187e+01
4.3202621e-01   1005596  8.0242235e+01  8.0193112e+01  7.0217058e+01
4.5754560e-01   1194719  7.1330925e+01  7.1285846e+01  6.1890876e+01
4.8457948e-01   1419743  6.3578132e+01  6.3537253e+01  5.4502823e+01
5.1321525e-01   1686576  5.6652801e+01  5.6615906e+01  4.7956238e+01
5.4354215e-01   2003484  5.0437144e+01  5.0403811e+01  4.2161827e+01
5.7565178e-01   2378778  4.4873862e+01  4.4843806e+01  3.7039637e+01
6.0966698e-01   2828400  3.9894692e+01  3.9867549e+01  3.2513800e+01
6.4568974e-01   3356890  3.5507127e+01  3.5482689e+01  2.8519901e+01
6.8383752e-01   3990317  3.1687694e+01  3.1665585e+01  2.4998651e+01
7.2424344e-01   4738457  2.8389020e+01  2.8368994e+01  2.1896336e+01
7.6703215e-01   5629661  2.5730807e+01  2.5712440e+01  1.9166105e+01
8.1235262e-01   6687903  2.3720296e+01  2.3703170e+01  1.6764900e+01
8.6035444e-01   7945758  2.2560983e+01  2.2544512e+01  1.4654808e+01
9.1118812e-01   9436555  2.2394716e+01  2.2378199e+01  1.2802281e+01
9.6501980e-01  11210320  2.3361506e+01  2.3344095e+01  1.1177137e+01
1.0220366e+00  13318613  2.5791862e+01  2.5772443e+01  9.7522843e+00
1.0824208e+00  15819192  3.0035208e+01  3.0012382e+01  8.5040899e+00
1.1463741e+00  18795348  3.6469718e+01  3.6441736e+01  7.4113792e+00
1.2141088e+00  22326034  4.4876892e+01  4.4842158e+01  6.4554302e+00
1.2858419e+00  26520842  5.4597250e+01  5.4554629e+01  5.6197621e+00
1.3618105e+00  31503438  6.3632543e+01  6.3582453e+01  4.8897000e+00
1.4422695e+00  37426927  6.9239055e+01  6.9184091e+01  4.2522597e+00
1.5275481e+00  44525830  7.0684450e+01  7.0627735e+01  3.6956596e+00
