# Power spectrum from CO𝘕CEPT job 4775589 at t = 4.5281033 Gyr, a = 0.41666667
#
# Components:
#   0: matter  (upstream grid size 1024)
#
#                           grid size 1024
# ╭────────────────────────────────────────────────────────────────╮
#                         component 0    (corrected)      (linear)
#                        σ₈ = 4.32e-01  σ₈ = 4.32e-01  σ₈ = 4.21e-01
#  k [Mpc⁻¹]    modes       P [Mpc³]       P [Mpc³]       P [Mpc³]
3.0679616e-03         3  1.2146545e+04  1.2146545e+04  1.2145481e+04
5.8212951e-03        25  1.7886678e+04  1.7964703e+04  1.7954815e+04
1.0440195e-02       124  2.0951401e+04  2.1187516e+04  2.1299715e+04
1.6729547e-02       418  1.9190629e+04  1.9362714e+04  1.9338312e+04
2.3240110e-02       730  1.5025669e+04  1.5025903e+04  1.5167805e+04
2.9075630e-02      1012  1.2213833e+04  1.2185187e+04  1.2189042e+04
3.4544381e-02      1408  1.0511588e+04  1.0491013e+04  1.0477528e+04
3.9898901e-02      1841  9.3751050e+03  9.3722245e+03  9.4701914e+03
4.5580519e-02      2698  8.5386771e+03  8.5506250e+03  8.6069494e+03
5.1612543e-02      3532  7.4425023e+03  7.4549378e+03  7.5505772e+03
5.7899473e-02      4702  6.2286876e+03  6.2283694e+03  6.3045473e+03
6.4462744e-02      6019  5.1609824e+03  5.1479845e+03  5.1500850e+03
7.1309305e-02      7766  4.3614135e+03  4.3467351e+03  4.3495213e+03
7.8556104e-02     10012  3.9122661e+03  3.9072671e+03  3.9024736e+03
8.6194331e-02     12589  3.6007435e+03  3.6068283e+03  3.5850759e+03
9.4153926e-02     15650  3.1771667e+03  3.1828409e+03  3.1602043e+03
1.0254095e-01     19757  2.6742688e+03  2.6702705e+03  2.6323985e+03
1.1136076e-01     24241  2.2809107e+03  2.2721481e+03  2.2030352e+03
1.2060245e-01     29993  2.0307091e+03  2.0274581e+03  1.9643321e+03
1.3029316e-01     36494  1.8410090e+03  1.8450908e+03  1.7962877e+03
1.4046583e-01     44825  1.6309186e+03  1.6322410e+03  1.5636319e+03
1.5111985e-01     53906  1.4139280e+03  1.4095444e+03  1.3185712e+03
1.6229170e-01     65729  1.2477010e+03  1.2453896e+03  1.1577185e+03
1.7401323e-01     78746  1.1304612e+03  1.1322466e+03  1.0470104e+03
1.8625264e-01     94374  1.0057036e+03  1.0051395e+03  9.1353792e+02
1.9902230e-01    112166  8.8492159e+02  8.8329736e+02  7.8998854e+02
2.1238854e-01    134373  7.9483423e+02  7.9453024e+02  7.0327370e+02
2.2637810e-01    159077  7.1847293e+02  7.1874955e+02  6.2366423e+02
2.4096993e-01    188172  6.4199615e+02  6.4089494e+02  5.4500311e+02
2.5621802e-01    222492  5.8163701e+02  5.8153926e+02  4.8308834e+02
2.7214102e-01    261771  5.2466307e+02  5.2438819e+02  4.2778488e+02
2.8873063e-01    306759  4.7295716e+02  4.7265307e+02  3.7798127e+02
3.0605468e-01    360898  4.2831638e+02  4.2807535e+02  3.3463786e+02
3.2421519e-01    425046  3.9123320e+02  3.9100584e+02  2.9686770e+02
3.4337900e-01    505555  3.5443081e+02  3.5423666e+02  2.6288390e+02
3.6368055e-01    600292  3.2227025e+02  3.2208445e+02  2.3241574e+02
3.8517334e-01    712930  2.9392912e+02  2.9374112e+02  2.0534630e+02
4.0793004e-01    846715  2.6756262e+02  2.6739808e+02  1.8134941e+02
4.3202621e-01   1005596  2.4400481e+02  2.4385544e+02  1.6001244e+02
4.5754560e-01   1194719  2.2236225e+02  2.2222172e+02  1.4103850e+02
4.8457948e-01   1419743  2.0294421e+02  2.0281372e+02  1.2420240e+02
5.1321525e-01   1686576  1.8553760e+02  1.8541677e+02  1.0928386e+02
5.4354215e-01   2003484  1.6970491e+02  1.6959275e+02  9.6079402e+01
5.7565178e-01   2378778  1.5545656e+02  1.5535244e+02  8.4406820e+01
6.0966698e-01   2828400  1.4259642e+02  1.4249940e+02  7.4093224e+01
6.4568974e-01   3356890  1.3105045e+02  1.3096026e+02  6.4991826e+01
6.8383752e-01   3990317  1.2107774e+02  1.2099326e+02  5.6967511e+01
7.2424344e-01   4738457  1.1233170e+02  1.1225246e+02  4.9897878e+01
7.6703215e-01   5629661  1.0519195e+02  1.0511686e+02  4.3676159e+01
8.1235262e-01   6687903  9.9621696e+01  9.9549770e+01  3.8204233e+01
8.6035444e-01   7945758  9.5661478e+01  9.5591636e+01  3.3395704e+01
9.1118812e-01   9436555  9.3443513e+01  9.3374596e+01  2.9174121e+01
9.6501980e-01  11210320  9.2922410e+01  9.2853158e+01  2.5470703e+01
1.0220366e+00  13318613  9.3786380e+01  9.3715767e+01  2.2223715e+01
1.0824208e+00  15819192  9.5670004e+01  9.5597299e+01  1.9379300e+01
1.1463741e+00  18795348  9.7894869e+01  9.7819759e+01  1.6889205e+01
1.2141088e+00  22326034  9.9634093e+01  9.9556977e+01  1.4710766e+01
1.2858419e+00  26520842  1.0036529e+02  1.0028694e+02  1.2806426e+01
1.3618105e+00  31503438  1.0009316e+02  1.0001437e+02  1.1142743e+01
1.4422695e+00  37426927  9.8989477e+01  9.8910896e+01  9.6901295e+00
1.5275481e+00  44525830  9.7489160e+01  9.7410938e+01  8.4217363e+00
