# Power spectrum from CO𝘕CEPT job 4547573 at t = 10.261512 Gyr, a = 0.76923077
#
# Components:
#   0: matter  (upstream grid size 1024)
#
#                           grid size 1024
# ╭────────────────────────────────────────────────────────────────╮
#                         component 0    (corrected)      (linear)
#                        σ₈ = 6.77e-01  σ₈ = 6.75e-01  σ₈ = 6.29e-01
#  k [Mpc⁻¹]    modes       P [Mpc³]       P [Mpc³]       P [Mpc³]
2.4543693e-02         3  3.5248963e+04  3.5248963e+04  3.6089733e+04
4.6570361e-02        25  1.8735867e+04  1.8999784e+04  1.9340096e+04
8.3521561e-02       124  8.6137266e+03  8.4009618e+03  8.2395598e+03
1.3383638e-01       418  4.2020244e+03  4.1467860e+03  3.6354723e+03
1.8592088e-01       730  2.4446694e+03  2.5010148e+03  2.0604681e+03
2.3260504e-01      1012  1.8164711e+03  1.8041431e+03  1.2376614e+03
2.7635505e-01      1408  1.4726475e+03  1.4745055e+03  8.9398198e+02
3.1919121e-01      1841  1.2633804e+03  1.2562130e+03  6.4208179e+02
3.6464415e-01      2698  1.0173004e+03  1.0107428e+03  4.8483074e+02
4.1290034e-01      3532  9.0379039e+02  9.1124004e+02  3.7841096e+02
4.6319578e-01      4702  7.8744826e+02  7.7247000e+02  2.7813301e+02
5.1570195e-01      6019  7.1129568e+02  7.1926850e+02  2.3113345e+02
5.7047444e-01      7766  6.4320294e+02  6.4253849e+02  1.7911564e+02
6.2844883e-01     10012  5.7315616e+02  5.6410024e+02  1.4037904e+02
6.8955465e-01     12589  5.2121167e+02  5.2275327e+02  1.1659044e+02
7.5323141e-01     15650  4.8116802e+02  4.8527131e+02  9.5470921e+01
8.2032763e-01     19757  4.4471094e+02  4.4330888e+02  7.6805017e+01
8.9088605e-01     24241  4.0781212e+02  4.0367825e+02  6.2651631e+01
9.6481958e-01     29993  3.6910049e+02  3.6609456e+02  5.1969493e+01
1.0423453e+00     36494  3.4198662e+02  3.4010800e+02  4.3313202e+01
1.1237267e+00     44825  3.1071315e+02  3.0938301e+02  3.6187249e+01
1.2089588e+00     53906  2.8592085e+02  2.8513133e+02  3.0356566e+01
1.2983336e+00     65729  2.6436614e+02  2.6361905e+02  2.5524798e+01
1.3921058e+00     78746  2.4223544e+02  2.4147081e+02  2.1518696e+01
1.4900211e+00     94374  2.2048106e+02  2.1979706e+02  1.8213996e+01
1.5921784e+00    112166  2.0057028e+02  2.0040258e+02  1.5502032e+01
1.6991083e+00    134373  1.8216939e+02  1.8219259e+02  1.3207684e+01
1.8110248e+00    159077  1.6649869e+02  1.6627589e+02  1.1260060e+01
1.9277595e+00    188172  1.5185441e+02  1.5166676e+02  9.6388243e+00
2.0497441e+00    222492  1.3798495e+02  1.3792633e+02  8.2744205e+00
2.1771282e+00    261771  1.2503398e+02  1.2492580e+02  7.1115360e+00
2.3098450e+00    306759  1.1368594e+02  1.1359813e+02  6.1291536e+00
2.4484375e+00    360898  1.0288874e+02  1.0280168e+02  5.2916296e+00
2.5937215e+00    425046  9.3173072e+01  9.3095369e+01  4.5742724e+00
2.7470320e+00    505555  8.4387462e+01  8.4312761e+01  3.9546092e+00
2.9094444e+00    600292  7.6278470e+01  7.6209951e+01  3.4177612e+00
3.0813867e+00    712930  6.8647987e+01  6.8587182e+01  2.9529047e+00
3.2634403e+00    846715  6.2025019e+01  6.1969831e+01  2.5504288e+00
3.4562097e+00   1005596  5.5819942e+01  5.5770833e+01  2.2021920e+00
3.6603648e+00   1194719  5.0108112e+01  5.0063697e+01  1.9008058e+00
3.8766358e+00   1419743  4.4978093e+01  4.4937658e+01  1.6400245e+00
4.1057220e+00   1686576  4.0351875e+01  4.0315644e+01  1.4146091e+00
4.3483372e+00   2003484  3.6071090e+01  3.6038571e+01  1.2197617e+00
4.6052142e+00   2378778  3.2126483e+01  3.2097348e+01  1.0514331e+00
4.8773359e+00   2828400  2.8731268e+01  2.8705052e+01  9.0604589e-01
5.1655179e+00   3356890  2.5622546e+01  2.5599154e+01  7.8055506e-01
5.4707002e+00   3990317  2.2851624e+01  2.2830765e+01  6.7227416e-01
5.7939476e+00   4738457  2.0440176e+01  2.0421168e+01  5.7878419e-01
6.1362572e+00   5629661  1.8200724e+01  1.8184170e+01  4.9821688e-01
6.4988210e+00   6687903  1.6229426e+01  1.6214266e+01  4.2870098e-01
6.8828355e+00   7945758  1.4423677e+01  1.4410305e+01  3.6880189e-01
7.2895050e+00   9436555  1.2821206e+01  1.2809334e+01  3.1718581e-01
7.7201584e+00  11210320  1.1381325e+01  1.1370498e+01  2.7272600e-01
8.1762927e+00  13318613  1.0086055e+01  1.0076498e+01  2.3443583e-01
8.6593661e+00  15819192  8.9338856e+00  8.9255383e+00  2.0148574e-01
9.1709925e+00  18795348  7.9019576e+00  7.8944080e+00  1.7309681e-01
9.7128705e+00  22326034  6.9897270e+00  6.9830574e+00  1.4868183e-01
1.0286736e+01  26520842  6.1731899e+00  6.1671468e+00  1.2768465e-01
1.0894484e+01  31503438  5.4592757e+00  5.4540619e+00  1.0966149e-01
1.1538156e+01  37426927  4.8161591e+00  4.8115435e+00  9.4159424e-02
1.2220385e+01  44525830  4.2455539e+00  4.2414609e+00  8.0820338e-02
