# Power spectrum from CO𝘕CEPT job 4547573 at t = 3.1242217 Gyr, a = 0.32258065
#
# Components:
#   0: matter  (upstream grid size 1024)
#
#                           grid size 1024
# ╭────────────────────────────────────────────────────────────────╮
#                         component 0    (corrected)      (linear)
#                        σ₈ = 3.05e-01  σ₈ = 3.05e-01  σ₈ = 3.00e-01
#  k [Mpc⁻¹]    modes       P [Mpc³]       P [Mpc³]       P [Mpc³]
2.4543693e-02         3  8.1013879e+03  8.1013879e+03  8.1695045e+03
4.6570361e-02        25  4.3025078e+03  4.3631137e+03  4.3795972e+03
8.3521561e-02       124  1.8864592e+03  1.8398624e+03  1.8661325e+03
1.3383638e-01       418  8.7322430e+02  8.6174519e+02  8.2341659e+02
1.8592088e-01       730  4.7060690e+02  4.8145358e+02  4.6669301e+02
2.3260504e-01      1012  3.2368254e+02  3.2148579e+02  2.8033020e+02
2.7635505e-01      1408  2.4129721e+02  2.4160165e+02  2.0248749e+02
3.1919121e-01      1841  1.8234754e+02  1.8131304e+02  1.4543222e+02
3.6464415e-01      2698  1.4302025e+02  1.4209833e+02  1.0981484e+02
4.1290034e-01      3532  1.1384055e+02  1.1477890e+02  8.5710701e+01
4.6319578e-01      4702  9.1893910e+01  9.0145972e+01  6.2997629e+01
5.1570195e-01      6019  7.7678984e+01  7.8549678e+01  5.2352176e+01
5.7047444e-01      7766  6.4661418e+01  6.4594622e+01  4.0570062e+01
6.2844883e-01     10012  5.6332636e+01  5.5442575e+01  3.1796156e+01
6.8955465e-01     12589  4.8179017e+01  4.8321517e+01  2.6407997e+01
7.5323141e-01     15650  4.1858792e+01  4.2215753e+01  2.1624386e+01
8.2032763e-01     19757  3.6109971e+01  3.5996126e+01  1.7396521e+01
8.9088605e-01     24241  3.2210083e+01  3.1883578e+01  1.4190750e+01
9.6481958e-01     29993  2.8365010e+01  2.8134007e+01  1.1771223e+01
1.0423453e+00     36494  2.5229090e+01  2.5090500e+01  9.8105539e+00
1.1237267e+00     44825  2.2823616e+01  2.2725910e+01  8.1965099e+00
1.2089588e+00     53906  2.0579258e+01  2.0522432e+01  6.8758470e+00
1.2983336e+00     65729  1.8608295e+01  1.8555709e+01  5.7814404e+00
1.3921058e+00     78746  1.6929220e+01  1.6875782e+01  4.8740489e+00
1.4900211e+00     94374  1.5361955e+01  1.5314297e+01  4.1255264e+00
1.5921784e+00    112166  1.4079659e+01  1.4067886e+01  3.5112601e+00
1.6991083e+00    134373  1.2887267e+01  1.2888908e+01  2.9915846e+00
1.8110248e+00    159077  1.1874707e+01  1.1858817e+01  2.5504430e+00
1.9277595e+00    188172  1.0944335e+01  1.0930811e+01  2.1832289e+00
2.0497441e+00    222492  1.0161574e+01  1.0157257e+01  1.8741880e+00
2.1771282e+00    261771  9.4128919e+00  9.4047483e+00  1.6107916e+00
2.3098450e+00    306759  8.7089357e+00  8.7022096e+00  1.3882793e+00
2.4484375e+00    360898  8.0840266e+00  8.0771868e+00  1.1985778e+00
2.5937215e+00    425046  7.5155720e+00  7.5093043e+00  1.0360944e+00
2.7470320e+00    505555  6.9803635e+00  6.9741844e+00  8.9573894e-01
2.9094444e+00    600292  6.4851906e+00  6.4793651e+00  7.7414128e-01
3.0813867e+00    712930  6.0233884e+00  6.0180532e+00  6.6884988e-01
3.2634403e+00    846715  5.5779083e+00  5.5729452e+00  5.7768783e-01
3.4562097e+00   1005596  5.1673453e+00  5.1627992e+00  4.9881109e-01
3.6603648e+00   1194719  4.7807895e+00  4.7765519e+00  4.3054609e-01
3.8766358e+00   1419743  4.4037117e+00  4.3997528e+00  3.7147823e-01
4.1057220e+00   1686576  4.0562517e+00  4.0526097e+00  3.2042083e-01
4.3483372e+00   2003484  3.7239216e+00  3.7205643e+00  2.7628715e-01
4.6052142e+00   2378778  3.4160554e+00  3.4129574e+00  2.3816006e-01
4.8773359e+00   2828400  3.1269850e+00  3.1241318e+00  2.0522924e-01
5.1655179e+00   3356890  2.8562422e+00  2.8536345e+00  1.7680501e-01
5.4707002e+00   3990317  2.5993731e+00  2.5970003e+00  1.5227888e-01
5.7939476e+00   4738457  2.3672754e+00  2.3650740e+00  1.3110293e-01
6.1362572e+00   5629661  2.1521904e+00  2.1502329e+00  1.1285401e-01
6.4988210e+00   6687903  1.9571982e+00  1.9553700e+00  9.7108260e-02
6.8828355e+00   7945758  1.7772224e+00  1.7755748e+00  8.3540748e-02
7.2895050e+00   9436555  1.6102205e+00  1.6087294e+00  7.1849365e-02
7.7201584e+00  11210320  1.4561418e+00  1.4547566e+00  6.1778897e-02
8.1762927e+00  13318613  1.3188949e+00  1.3176452e+00  5.3105877e-02
8.6593661e+00  15819192  1.1946350e+00  1.1935189e+00  4.5642401e-02
9.1709925e+00  18795348  1.0786756e+00  1.0776450e+00  3.9212041e-02
9.7128705e+00  22326034  9.7349280e-01  9.7256389e-01  3.3681801e-02
1.0286736e+01  26520842  8.7860027e-01  8.7774019e-01  2.8925707e-02
1.0894484e+01  31503438  7.9205627e-01  7.9129982e-01  2.4843242e-02
1.1538156e+01  37426927  7.1444337e-01  7.1375869e-01  2.1331815e-02
1.2220385e+01  44525830  6.4446391e-01  6.4384262e-01  1.8310312e-02
