# Power spectrum from CO𝘕CEPT job 4547573 at t = 3.444284 Gyr, a = 0.34482759
#
# Components:
#   0: matter  (upstream grid size 1024)
#
#                           grid size 1024
# ╭────────────────────────────────────────────────────────────────╮
#                         component 0    (corrected)      (linear)
#                        σ₈ = 3.26e-01  σ₈ = 3.26e-01  σ₈ = 3.19e-01
#  k [Mpc⁻¹]    modes       P [Mpc³]       P [Mpc³]       P [Mpc³]
2.4543693e-02         3  9.1949470e+03  9.1949470e+03  9.2791219e+03
4.6570361e-02        25  4.8842569e+03  4.9530574e+03  4.9743254e+03
8.3521561e-02       124  2.1434031e+03  2.0904596e+03  2.1195249e+03
1.3383638e-01       418  9.9594789e+02  9.8285551e+02  9.3522142e+02
1.8592088e-01       730  5.3845531e+02  5.5086578e+02  5.3006086e+02
2.3260504e-01      1012  3.7264775e+02  3.7011868e+02  3.1839348e+02
2.7635505e-01      1408  2.7884226e+02  2.7919407e+02  2.2998123e+02
3.1919121e-01      1841  2.1245844e+02  2.1125312e+02  1.6517898e+02
3.6464415e-01      2698  1.6691919e+02  1.6584322e+02  1.2472547e+02
4.1290034e-01      3532  1.3388716e+02  1.3499074e+02  9.7348471e+01
4.6319578e-01      4702  1.0873245e+02  1.0666422e+02  7.1551423e+01
5.1570195e-01      6019  9.2017127e+01  9.3048536e+01  5.9460532e+01
5.7047444e-01      7766  7.7049397e+01  7.6969803e+01  4.6078646e+01
6.2844883e-01     10012  6.7457079e+01  6.6391250e+01  3.6113422e+01
6.8955465e-01     12589  5.8177820e+01  5.8349893e+01  2.9993660e+01
7.5323141e-01     15650  5.0848945e+01  5.1282572e+01  2.4560533e+01
8.2032763e-01     19757  4.3979932e+01  4.3841275e+01  1.9758610e+01
8.9088605e-01     24241  3.9516345e+01  3.9115779e+01  1.6117561e+01
9.6481958e-01     29993  3.4881759e+01  3.4597683e+01  1.3369512e+01
1.0423453e+00     36494  3.1259872e+01  3.1088153e+01  1.1142624e+01
1.1237267e+00     44825  2.8398601e+01  2.8277029e+01  9.3094261e+00
1.2089588e+00     53906  2.5778442e+01  2.5707260e+01  7.8094442e+00
1.2983336e+00     65729  2.3388106e+01  2.3322012e+01  6.5664397e+00
1.3921058e+00     78746  2.1390775e+01  2.1323254e+01  5.5358430e+00
1.4900211e+00     94374  1.9508964e+01  1.9448441e+01  4.6856867e+00
1.5921784e+00    112166  1.7964283e+01  1.7949262e+01  3.9880156e+00
1.6991083e+00    134373  1.6464396e+01  1.6466492e+01  3.3977788e+00
1.8110248e+00    159077  1.5214762e+01  1.5194403e+01  2.8967393e+00
1.9277595e+00    188172  1.4077625e+01  1.4060228e+01  2.4796652e+00
2.0497441e+00    222492  1.3077897e+01  1.3072341e+01  2.1286628e+00
2.1771282e+00    261771  1.2173413e+01  1.2162881e+01  1.8295026e+00
2.3098450e+00    306759  1.1272530e+01  1.1263824e+01  1.5767778e+00
2.4484375e+00    360898  1.0500078e+01  1.0491194e+01  1.3613188e+00
2.5937215e+00    425046  9.7551171e+00  9.7469817e+00  1.1767735e+00
2.7470320e+00    505555  9.0493313e+00  9.0413207e+00  1.0173607e+00
2.9094444e+00    600292  8.3822869e+00  8.3747574e+00  8.7925260e-01
3.0813867e+00    712930  7.7824424e+00  7.7755492e+00  7.5966482e-01
3.2634403e+00    846715  7.2033856e+00  7.1969763e+00  6.5612488e-01
3.4562097e+00   1005596  6.6409820e+00  6.6351394e+00  5.6653832e-01
3.6603648e+00   1194719  6.1267505e+00  6.1213199e+00  4.8900437e-01
3.8766358e+00   1419743  5.6295621e+00  5.6245012e+00  4.2191635e-01
4.1057220e+00   1686576  5.1688153e+00  5.1641744e+00  3.6392644e-01
4.3483372e+00   2003484  4.7222708e+00  4.7180135e+00  3.1380033e-01
4.6052142e+00   2378778  4.3185278e+00  4.3146114e+00  2.7049640e-01
4.8773359e+00   2828400  3.9344073e+00  3.9308173e+00  2.3309428e-01
5.1655179e+00   3356890  3.5810467e+00  3.5777773e+00  2.0081066e-01
5.4707002e+00   3990317  3.2464502e+00  3.2434867e+00  1.7295441e-01
5.7939476e+00   4738457  2.9393046e+00  2.9365713e+00  1.4890323e-01
6.1362572e+00   5629661  2.6593132e+00  2.6568945e+00  1.2817651e-01
6.4988210e+00   6687903  2.4066622e+00  2.4044142e+00  1.1029283e-01
6.8828355e+00   7945758  2.1753711e+00  2.1733544e+00  9.4883159e-02
7.2895050e+00   9436555  1.9613620e+00  1.9595458e+00  8.1604351e-02
7.7201584e+00  11210320  1.7695903e+00  1.7679069e+00  7.0166545e-02
8.1762927e+00  13318613  1.5931791e+00  1.5916696e+00  6.0315929e-02
8.6593661e+00  15819192  1.4335343e+00  1.4321949e+00  5.1839090e-02
9.1709925e+00  18795348  1.2875373e+00  1.2863072e+00  4.4535642e-02
9.7128705e+00  22326034  1.1575356e+00  1.1564310e+00  3.8254531e-02
1.0286736e+01  26520842  1.0377949e+00  1.0367790e+00  3.2852677e-02
1.0894484e+01  31503438  9.3132850e-01  9.3043904e-01  2.8215918e-02
1.1538156e+01  37426927  8.3574985e-01  8.3494891e-01  2.4227730e-02
1.2220385e+01  44525830  7.4985456e-01  7.4913166e-01  2.0795988e-02
