# Power spectrum from CO𝘕CEPT job 4547573 at t = 2.4071211 Gyr, a = 0.27027027
#
# Components:
#   0: matter  (upstream grid size 1024)
#
#                           grid size 1024
# ╭────────────────────────────────────────────────────────────────╮
#                         component 0    (corrected)      (linear)
#                        σ₈ = 2.56e-01  σ₈ = 2.55e-01  σ₈ = 2.52e-01
#  k [Mpc⁻¹]    modes       P [Mpc³]       P [Mpc³]       P [Mpc³]
2.4543693e-02         3  5.7637398e+03  5.7637398e+03  5.8024512e+03
4.6570361e-02        25  3.0593874e+03  3.1024824e+03  3.1108391e+03
8.3521561e-02       124  1.3397538e+03  1.3066610e+03  1.3255480e+03
1.3383638e-01       418  6.1427844e+02  6.0620335e+02  5.8489182e+02
1.8592088e-01       730  3.2910897e+02  3.3669436e+02  3.3150354e+02
2.3260504e-01      1012  2.2280758e+02  2.2129544e+02  1.9912562e+02
2.7635505e-01      1408  1.6470870e+02  1.6491651e+02  1.4383204e+02
3.1919121e-01      1841  1.2212524e+02  1.2143240e+02  1.0330425e+02
3.6464415e-01      2698  9.5320157e+01  9.4705720e+01  7.8004325e+01
4.1290034e-01      3532  7.4756305e+01  7.5372497e+01  6.0882540e+01
4.6319578e-01      4702  5.9336800e+01  5.8208139e+01  4.4748859e+01
5.1570195e-01      6019  4.9976229e+01  5.0536407e+01  3.7187120e+01
5.7047444e-01      7766  4.1042866e+01  4.1000468e+01  2.8817979e+01
6.2844883e-01     10012  3.5251300e+01  3.4694326e+01  2.2585645e+01
6.8955465e-01     12589  2.9520451e+01  2.9607764e+01  1.8758295e+01
7.5323141e-01     15650  2.5340393e+01  2.5556490e+01  1.5360371e+01
8.2032763e-01     19757  2.1732277e+01  2.1663761e+01  1.2357208e+01
8.9088605e-01     24241  1.9020387e+01  1.8827582e+01  1.0080065e+01
9.6481958e-01     29993  1.6599363e+01  1.6464179e+01  8.3614116e+00
1.0423453e+00     36494  1.4505510e+01  1.4425828e+01  6.9686972e+00
1.1237267e+00     44825  1.2914798e+01  1.2859511e+01  5.8221993e+00
1.2089588e+00     53906  1.1499527e+01  1.1467774e+01  4.8840977e+00
1.2983336e+00     65729  1.0264599e+01  1.0235592e+01  4.1067120e+00
1.3921058e+00     78746  9.2170622e+00  9.1879680e+00  3.4621678e+00
1.4900211e+00     94374  8.2805052e+00  8.2548164e+00  2.9304726e+00
1.5921784e+00    112166  7.4956452e+00  7.4893780e+00  2.4941430e+00
1.6991083e+00    134373  6.7840469e+00  6.7849108e+00  2.1250038e+00
1.8110248e+00    159077  6.1945605e+00  6.1862715e+00  1.8116493e+00
1.9277595e+00    188172  5.6665332e+00  5.6595307e+00  1.5508074e+00
2.0497441e+00    222492  5.2044698e+00  5.2022586e+00  1.3312874e+00
2.1771282e+00    261771  4.7742041e+00  4.7700737e+00  1.1441899e+00
2.3098450e+00    306759  4.3912614e+00  4.3878699e+00  9.8613357e-01
2.4484375e+00    360898  4.0653246e+00  4.0618850e+00  8.5138355e-01
2.5937215e+00    425046  3.7657928e+00  3.7626523e+00  7.3596724e-01
2.7470320e+00    505555  3.4825432e+00  3.4794604e+00  6.3626899e-01
2.9094444e+00    600292  3.2149559e+00  3.2120680e+00  5.4989492e-01
3.0813867e+00    712930  2.9706541e+00  2.9680228e+00  4.7510360e-01
3.2634403e+00    846715  2.7549754e+00  2.7525241e+00  4.1034874e-01
3.4562097e+00   1005596  2.5549842e+00  2.5527364e+00  3.5432046e-01
3.6603648e+00   1194719  2.3696024e+00  2.3675020e+00  3.0582998e-01
3.8766358e+00   1419743  2.1947581e+00  2.1927851e+00  2.6387247e-01
4.1057220e+00   1686576  2.0261086e+00  2.0242894e+00  2.2760500e-01
4.3483372e+00   2003484  1.8743721e+00  1.8726823e+00  1.9625563e-01
4.6052142e+00   2378778  1.7316414e+00  1.7300710e+00  1.6917290e-01
4.8773359e+00   2828400  1.5944292e+00  1.5929744e+00  1.4578123e-01
5.1655179e+00   3356890  1.4672550e+00  1.4659155e+00  1.2559070e-01
5.4707002e+00   3990317  1.3494780e+00  1.3482462e+00  1.0816909e-01
5.7939476e+00   4738457  1.2409050e+00  1.2397511e+00  9.3127213e-02
6.1362572e+00   5629661  1.1414377e+00  1.1403995e+00  8.0164475e-02
6.4988210e+00   6687903  1.0518864e+00  1.0509039e+00  6.8979811e-02
6.8828355e+00   7945758  9.7116531e-01  9.7026496e-01  5.9342406e-02
7.2895050e+00   9436555  8.9543301e-01  8.9460385e-01  5.1037666e-02
7.7201584e+00  11210320  8.2652534e-01  8.2573911e-01  4.3884306e-02
8.1762927e+00  13318613  7.6312622e-01  7.6240314e-01  3.7723591e-02
8.6593661e+00  15819192  7.0483784e-01  7.0417929e-01  3.2422049e-02
9.1709925e+00  18795348  6.5026463e-01  6.4964337e-01  2.7854357e-02
9.7128705e+00  22326034  5.9879763e-01  5.9822625e-01  2.3926045e-02
1.0286736e+01  26520842  5.5076747e-01  5.5022831e-01  2.0547630e-02
1.0894484e+01  31503438  5.0624891e-01  5.0576541e-01  1.7647714e-02
1.1538156e+01  37426927  4.6561154e-01  4.6516533e-01  1.5153422e-02
1.2220385e+01  44525830  4.2753613e-01  4.2712397e-01  1.3007135e-02
