# Power spectrum from CO𝘕CEPT job 4547573 at t = 5.4689585 Gyr, a = 0.47619048
#
# Components:
#   0: matter  (upstream grid size 1024)
#
#                           grid size 1024
# ╭────────────────────────────────────────────────────────────────╮
#                         component 0    (corrected)      (linear)
#                        σ₈ = 4.46e-01  σ₈ = 4.45e-01  σ₈ = 4.30e-01
#  k [Mpc⁻¹]    modes       P [Mpc³]       P [Mpc³]       P [Mpc³]
2.4543693e-02         3  1.6607387e+04  1.6607387e+04  1.6836241e+04
4.6570361e-02        25  8.8290053e+03  8.9533722e+03  9.0243003e+03
8.3521561e-02       124  3.9104467e+03  3.8138560e+03  3.8449982e+03
1.3383638e-01       418  1.8522672e+03  1.8279179e+03  1.6965444e+03
1.8592088e-01       730  1.0252841e+03  1.0489151e+03  9.6155539e+02
2.3260504e-01      1012  7.3162041e+02  7.2665508e+02  5.7757963e+02
2.7635505e-01      1408  5.6119220e+02  5.6190024e+02  4.1719551e+02
3.1919121e-01      1841  4.4690126e+02  4.4436590e+02  2.9964134e+02
3.6464415e-01      2698  3.5363682e+02  3.5135726e+02  2.2625694e+02
4.1290034e-01      3532  2.9911872e+02  3.0158426e+02  1.7659392e+02
4.6319578e-01      4702  2.4916610e+02  2.4442665e+02  1.2979703e+02
5.1570195e-01      6019  2.1246395e+02  2.1484543e+02  1.0786367e+02
5.7047444e-01      7766  1.8151636e+02  1.8132885e+02  8.3588402e+01
6.2844883e-01     10012  1.6266327e+02  1.6009318e+02  6.5511101e+01
6.8955465e-01     12589  1.4464450e+02  1.4507231e+02  5.4409616e+01
7.5323141e-01     15650  1.3012363e+02  1.3123329e+02  4.4553714e+01
8.2032763e-01     19757  1.1454714e+02  1.1418600e+02  3.5842845e+01
8.9088605e-01     24241  1.0552626e+02  1.0445657e+02  2.9237843e+01
9.6481958e-01     29993  9.4658629e+01  9.3887733e+01  2.4252779e+01
1.0423453e+00     36494  8.7136295e+01  8.6657632e+01  2.0213122e+01
1.1237267e+00     44825  7.9299705e+01  7.8960228e+01  1.6887632e+01
1.2089588e+00     53906  7.3456387e+01  7.3253551e+01  1.4166609e+01
1.2983336e+00     65729  6.7693858e+01  6.7502559e+01  1.1911753e+01
1.3921058e+00     78746  6.2206863e+01  6.2010503e+01  1.0042212e+01
1.4900211e+00     94374  5.7740728e+01  5.7561597e+01  8.4999970e+00
1.5921784e+00    112166  5.3386102e+01  5.3341465e+01  7.2343960e+00
1.6991083e+00    134373  4.9452773e+01  4.9459070e+01  6.1636849e+00
1.8110248e+00    159077  4.5768940e+01  4.5707696e+01  5.2547809e+00
1.9277595e+00    188172  4.2327543e+01  4.2275236e+01  4.4981932e+00
2.0497441e+00    222492  3.9221762e+01  3.9205098e+01  3.8614622e+00
2.1771282e+00    261771  3.6188334e+01  3.6157025e+01  3.3187748e+00
2.3098450e+00    306759  3.3402499e+01  3.3376702e+01  2.8603230e+00
2.4484375e+00    360898  3.0807842e+01  3.0781776e+01  2.4694726e+00
2.5937215e+00    425046  2.8334838e+01  2.8311207e+01  2.1347009e+00
2.7470320e+00    505555  2.5964700e+01  2.5941716e+01  1.8455204e+00
2.9094444e+00    600292  2.3800254e+01  2.3778875e+01  1.5949875e+00
3.0813867e+00    712930  2.1801428e+01  2.1782118e+01  1.3780511e+00
3.2634403e+00    846715  1.9817184e+01  1.9799551e+01  1.1902261e+00
3.4562097e+00   1005596  1.8046225e+01  1.8030349e+01  1.0277131e+00
3.6603648e+00   1194719  1.6342516e+01  1.6328030e+01  8.8706387e-01
3.8766358e+00   1419743  1.4805931e+01  1.4792621e+01  7.6536396e-01
4.1057220e+00   1686576  1.3382050e+01  1.3370034e+01  6.6016837e-01
4.3483372e+00   2003484  1.2061883e+01  1.2051009e+01  5.6923802e-01
4.6052142e+00   2378778  1.0844514e+01  1.0834679e+01  4.9068332e-01
4.8773359e+00   2828400  9.7217784e+00  9.7129078e+00  4.2283473e-01
5.1655179e+00   3356890  8.7243468e+00  8.7163817e+00  3.6427128e-01
5.4707002e+00   3990317  7.8260184e+00  7.8188746e+00  3.1373924e-01
5.7939476e+00   4738457  6.9991273e+00  6.9926187e+00  2.7010973e-01
6.1362572e+00   5629661  6.2644063e+00  6.2587086e+00  2.3251090e-01
6.4988210e+00   6687903  5.5851149e+00  5.5798980e+00  2.0006946e-01
6.8828355e+00   7945758  4.9841335e+00  4.9795128e+00  1.7211594e-01
7.2895050e+00   9436555  4.4388373e+00  4.4347270e+00  1.4802789e-01
7.7201584e+00  11210320  3.9512336e+00  3.9474750e+00  1.2727948e-01
8.1762927e+00  13318613  3.5126028e+00  3.5092746e+00  1.0941029e-01
8.6593661e+00  15819192  3.1181060e+00  3.1151926e+00  9.4033168e-02
9.1709925e+00  18795348  2.7673471e+00  2.7647031e+00  8.0784621e-02
9.7128705e+00  22326034  2.4587603e+00  2.4564142e+00  6.9390624e-02
1.0286736e+01  26520842  2.1818873e+00  2.1797514e+00  5.9591626e-02
1.0894484e+01  31503438  1.9358779e+00  1.9340290e+00  5.1180532e-02
1.1538156e+01  37426927  1.7167332e+00  1.7150879e+00  4.3945967e-02
1.2220385e+01  44525830  1.5217335e+00  1.5202665e+00  3.7720810e-02
