# Power spectrum from CO𝘕CEPT job 4547573 at t = 2.3138916 Gyr, a = 0.26315789
#
# Components:
#   0: matter  (upstream grid size 1024)
#
#                           grid size 1024
# ╭────────────────────────────────────────────────────────────────╮
#                         component 0    (corrected)      (linear)
#                        σ₈ = 2.49e-01  σ₈ = 2.49e-01  σ₈ = 2.46e-01
#  k [Mpc⁻¹]    modes       P [Mpc³]       P [Mpc³]       P [Mpc³]
2.4543693e-02         3  5.4729765e+03  5.4729765e+03  5.5085239e+03
4.6570361e-02        25  2.9048202e+03  2.9457380e+03  2.9532839e+03
8.3521561e-02       124  1.2719682e+03  1.2405497e+03  1.2584166e+03
1.3383638e-01       418  5.8241240e+02  5.7475620e+02  5.5527093e+02
1.8592088e-01       730  3.1184856e+02  3.1903613e+02  3.1471518e+02
2.3260504e-01      1012  2.1063996e+02  2.0921039e+02  1.8904130e+02
2.7635505e-01      1408  1.5554287e+02  1.5573911e+02  1.3654796e+02
3.1919121e-01      1841  1.1504510e+02  1.1439243e+02  9.8072626e+01
3.6464415e-01      2698  8.9725163e+01  8.9146791e+01  7.4053964e+01
4.1290034e-01      3532  7.0251577e+01  7.0830638e+01  5.7799276e+01
4.6319578e-01      4702  5.5624571e+01  5.4566522e+01  4.2482651e+01
5.1570195e-01      6019  4.6820266e+01  4.7345069e+01  3.5303860e+01
5.7047444e-01      7766  3.8385313e+01  3.8345660e+01  2.7358556e+01
6.2844883e-01     10012  3.2890884e+01  3.2371205e+01  2.1441845e+01
6.8955465e-01     12589  2.7469531e+01  2.7550778e+01  1.7808323e+01
7.5323141e-01     15650  2.3547630e+01  2.3748438e+01  1.4582480e+01
8.2032763e-01     19757  2.0173364e+01  2.0109763e+01  1.1731405e+01
8.9088605e-01     24241  1.7608084e+01  1.7429596e+01  9.5695829e+00
9.6481958e-01     29993  1.5340725e+01  1.5215791e+01  7.9379669e+00
1.0423453e+00     36494  1.3374851e+01  1.3301379e+01  6.6157834e+00
1.1237267e+00     44825  1.1875369e+01  1.1824531e+01  5.5273474e+00
1.2089588e+00     53906  1.0557976e+01  1.0528822e+01  4.6367539e+00
1.2983336e+00     65729  9.4017812e+00  9.3752122e+00  3.8987371e+00
1.3921058e+00     78746  8.4263034e+00  8.3997053e+00  3.2868344e+00
1.4900211e+00     94374  7.5582168e+00  7.5347687e+00  2.7820658e+00
1.5921784e+00    112166  6.8253869e+00  6.8196801e+00  2.3678331e+00
1.6991083e+00    134373  6.1663162e+00  6.1671014e+00  2.0173881e+00
1.8110248e+00    159077  5.6221290e+00  5.6146059e+00  1.7199027e+00
1.9277595e+00    188172  5.1351701e+00  5.1288243e+00  1.4722706e+00
2.0497441e+00    222492  4.7041482e+00  4.7021496e+00  1.2638677e+00
2.1771282e+00    261771  4.3116558e+00  4.3079255e+00  1.0862453e+00
2.3098450e+00    306759  3.9597014e+00  3.9566433e+00  9.3619336e-01
2.4484375e+00    360898  3.6626540e+00  3.6595550e+00  8.0826744e-01
2.5937215e+00    425046  3.3876975e+00  3.3848723e+00  6.9869613e-01
2.7470320e+00    505555  3.1290405e+00  3.1262706e+00  6.0404687e-01
2.9094444e+00    600292  2.8852549e+00  2.8826632e+00  5.2204701e-01
3.0813867e+00    712930  2.6656866e+00  2.6633255e+00  4.5104332e-01
3.2634403e+00    846715  2.4711312e+00  2.4689325e+00  3.8956782e-01
3.4562097e+00   1005596  2.2927262e+00  2.2907091e+00  3.3637696e-01
3.6603648e+00   1194719  2.1264667e+00  2.1245818e+00  2.9034216e-01
3.8766358e+00   1419743  1.9670191e+00  1.9652508e+00  2.5050948e-01
4.1057220e+00   1686576  1.8169878e+00  1.8153564e+00  2.1607869e-01
4.3483372e+00   2003484  1.6783109e+00  1.6767978e+00  1.8631693e-01
4.6052142e+00   2378778  1.5505383e+00  1.5491322e+00  1.6060574e-01
4.8773359e+00   2828400  1.4270931e+00  1.4257909e+00  1.3839868e-01
5.1655179e+00   3356890  1.3147311e+00  1.3135308e+00  1.1923065e-01
5.4707002e+00   3990317  1.2106619e+00  1.2095568e+00  1.0269131e-01
5.7939476e+00   4738457  1.1144312e+00  1.1133949e+00  8.8411190e-02
6.1362572e+00   5629661  1.0275901e+00  1.0266555e+00  7.6104914e-02
6.4988210e+00   6687903  9.4887935e-01  9.4799302e-01  6.5486665e-02
6.8828355e+00   7945758  8.7723542e-01  8.7642215e-01  5.6337319e-02
7.2895050e+00   9436555  8.1132909e-01  8.1057781e-01  4.8453148e-02
7.7201584e+00  11210320  7.5130977e-01  7.5059508e-01  4.1662048e-02
8.1762927e+00  13318613  6.9648833e-01  6.9582839e-01  3.5813323e-02
8.6593661e+00  15819192  6.4618856e-01  6.4558480e-01  3.0780260e-02
9.1709925e+00  18795348  5.9852850e-01  5.9795666e-01  2.6443883e-02
9.7128705e+00  22326034  5.5344145e-01  5.5291336e-01  2.2714506e-02
1.0286736e+01  26520842  5.1145449e-01  5.1095381e-01  1.9507178e-02
1.0894484e+01  31503438  4.7233582e-01  4.7188472e-01  1.6754117e-02
1.1538156e+01  37426927  4.3598428e-01  4.3556645e-01  1.4386138e-02
1.2220385e+01  44525830  4.0181506e-01  4.0142769e-01  1.2348540e-02
