# Power spectrum from CO𝘕CEPT job 4547573 at t = 5.853323 Gyr, a = 0.5
#
# Components:
#   0: matter  (upstream grid size 1024)
#
#                           grid size 1024
# ╭────────────────────────────────────────────────────────────────╮
#                         component 0    (corrected)      (linear)
#                        σ₈ = 4.67e-01  σ₈ = 4.66e-01  σ₈ = 4.49e-01
#  k [Mpc⁻¹]    modes       P [Mpc³]       P [Mpc³]       P [Mpc³]
2.4543693e-02         3  1.8080687e+04  1.8080687e+04  1.8345342e+04
4.6570361e-02        25  9.6130569e+03  9.7484682e+03  9.8329710e+03
8.3521561e-02       124  4.2677651e+03  4.1623485e+03  4.1895149e+03
1.3383638e-01       418  2.0274841e+03  2.0008315e+03  1.8485520e+03
1.8592088e-01       730  1.1274342e+03  1.1534196e+03  1.0477083e+03
2.3260504e-01      1012  8.0825370e+02  8.0276828e+02  6.2932906e+02
2.7635505e-01      1408  6.2312628e+02  6.2391246e+02  4.5457492e+02
3.1919121e-01      1841  4.9972962e+02  4.9689456e+02  3.2648823e+02
3.6464415e-01      2698  3.9589279e+02  3.9334085e+02  2.4652880e+02
4.1290034e-01      3532  3.3784968e+02  3.4063446e+02  1.9241613e+02
4.6319578e-01      4702  2.8280988e+02  2.7743048e+02  1.4142640e+02
5.1570195e-01      6019  2.4186582e+02  2.4457687e+02  1.1752787e+02
5.7047444e-01      7766  2.0699875e+02  2.0678492e+02  9.1077628e+01
6.2844883e-01     10012  1.8549823e+02  1.8256734e+02  7.1380662e+01
6.8955465e-01     12589  1.6590630e+02  1.6639700e+02  5.9284523e+01
7.5323141e-01     15650  1.4950471e+02  1.5077965e+02  4.8545566e+01
8.2032763e-01     19757  1.3193614e+02  1.3152018e+02  3.9054233e+01
8.9088605e-01     24241  1.2190039e+02  1.2066472e+02  3.1857447e+01
9.6481958e-01     29993  1.0984223e+02  1.0894768e+02  2.6425739e+01
1.0423453e+00     36494  1.0126713e+02  1.0071084e+02  2.2024143e+01
1.1237267e+00     44825  9.2466044e+01  9.2070203e+01  1.8400701e+01
1.2089588e+00     53906  8.5514074e+01  8.5277943e+01  1.5435884e+01
1.2983336e+00     65729  7.8950258e+01  7.8727148e+01  1.2979001e+01
1.3921058e+00     78746  7.2262853e+01  7.2034751e+01  1.0941956e+01
1.4900211e+00     94374  6.7044697e+01  6.6836703e+01  9.2615642e+00
1.5921784e+00    112166  6.1848201e+01  6.1796488e+01  7.8825700e+00
1.6991083e+00    134373  5.7351195e+01  5.7358498e+01  6.7159271e+00
1.8110248e+00    159077  5.3123467e+01  5.3052382e+01  5.7255886e+00
1.9277595e+00    188172  4.8970401e+01  4.8909885e+01  4.9012134e+00
2.0497441e+00    222492  4.5342916e+01  4.5323652e+01  4.2074337e+00
2.1771282e+00    261771  4.1840447e+01  4.1804249e+01  3.6161235e+00
2.3098450e+00    306759  3.8444481e+01  3.8414790e+01  3.1165961e+00
2.4484375e+00    360898  3.5463230e+01  3.5433225e+01  2.6907270e+00
2.5937215e+00    425046  3.2545867e+01  3.2518725e+01  2.3259610e+00
2.7470320e+00    505555  2.9824854e+01  2.9798452e+01  2.0108710e+00
2.9094444e+00    600292  2.7262851e+01  2.7238362e+01  1.7378913e+00
3.0813867e+00    712930  2.4883878e+01  2.4861837e+01  1.5015182e+00
3.2634403e+00    846715  2.2556669e+01  2.2536598e+01  1.2968648e+00
3.4562097e+00   1005596  2.0519463e+01  2.0501411e+01  1.1197912e+00
3.6603648e+00   1194719  1.8571967e+01  1.8555505e+01  9.6654040e-01
3.8766358e+00   1419743  1.6760535e+01  1.6745468e+01  8.3393666e-01
4.1057220e+00   1686576  1.5138380e+01  1.5124787e+01  7.1931596e-01
4.3483372e+00   2003484  1.3668785e+01  1.3656462e+01  6.2023861e-01
4.6052142e+00   2378778  1.2277753e+01  1.2266618e+01  5.3464574e-01
4.8773359e+00   2828400  1.0990668e+01  1.0980640e+01  4.6071819e-01
5.1655179e+00   3356890  9.8725644e+00  9.8635510e+00  3.9690770e-01
5.4707002e+00   3990317  8.8301208e+00  8.8220604e+00  3.4184820e-01
5.7939476e+00   4738457  7.8847504e+00  7.8774182e+00  2.9430968e-01
6.1362572e+00   5629661  7.0494577e+00  7.0430460e+00  2.5334216e-01
6.4988210e+00   6687903  6.2880271e+00  6.2821536e+00  2.1799412e-01
6.8828355e+00   7945758  5.6056219e+00  5.6004250e+00  1.8753610e-01
7.2895050e+00   9436555  4.9899648e+00  4.9853441e+00  1.6128987e-01
7.7201584e+00  11210320  4.4343114e+00  4.4300932e+00  1.3868250e-01
8.1762927e+00  13318613  3.9434239e+00  3.9396874e+00  1.1921232e-01
8.6593661e+00  15819192  3.5072689e+00  3.5039919e+00  1.0245750e-01
9.1709925e+00  18795348  3.1110478e+00  3.1080755e+00  8.8021953e-02
9.7128705e+00  22326034  2.7597641e+00  2.7571307e+00  7.5607120e-02
1.0286736e+01  26520842  2.4470772e+00  2.4446816e+00  6.4930192e-02
1.0894484e+01  31503438  2.1697705e+00  2.1676983e+00  5.5765516e-02
1.1538156e+01  37426927  1.9201846e+00  1.9183444e+00  4.7882783e-02
1.2220385e+01  44525830  1.6998541e+00  1.6982154e+00  4.1099897e-02
