# Power spectrum from CO𝘕CEPT job 4547573 at t = 5.1230116 Gyr, a = 0.45454545
#
# Components:
#   0: matter  (upstream grid size 1024)
#
#                           grid size 1024
# ╭────────────────────────────────────────────────────────────────╮
#                         component 0    (corrected)      (linear)
#                        σ₈ = 4.27e-01  σ₈ = 4.26e-01  σ₈ = 4.12e-01
#  k [Mpc⁻¹]    modes       P [Mpc³]       P [Mpc³]       P [Mpc³]
2.4543693e-02         3  1.5294858e+04  1.5294858e+04  1.5493740e+04
4.6570361e-02        25  8.1304674e+03  8.2449946e+03  8.3048841e+03
8.3521561e-02       124  3.5939445e+03  3.5051717e+03  3.5385028e+03
1.3383638e-01       418  1.6975807e+03  1.6752649e+03  1.5613120e+03
1.8592088e-01       730  9.3574701e+02  9.5731437e+02  8.8491008e+02
2.3260504e-01      1012  6.6477462e+02  6.6026296e+02  5.3154109e+02
2.7635505e-01      1408  5.0763915e+02  5.0827963e+02  3.8394116e+02
3.1919121e-01      1841  4.0158206e+02  3.9930381e+02  2.7575718e+02
3.6464415e-01      2698  3.1744995e+02  3.1540366e+02  2.0822220e+02
4.1290034e-01      3532  2.6620702e+02  2.6840128e+02  1.6251778e+02
4.6319578e-01      4702  2.2086813e+02  2.1666694e+02  1.1945104e+02
5.1570195e-01      6019  1.8794881e+02  1.9005551e+02  9.9265964e+01
5.7047444e-01      7766  1.6031870e+02  1.6015309e+02  7.6925657e+01
6.2844883e-01     10012  1.4340820e+02  1.4114234e+02  6.0289280e+01
6.8955465e-01     12589  1.2694725e+02  1.2732272e+02  5.0072684e+01
7.5323141e-01     15650  1.1390193e+02  1.1487325e+02  4.1002386e+01
8.2032763e-01     19757  9.9966251e+01  9.9651083e+01  3.2985851e+01
8.9088605e-01     24241  9.1829426e+01  9.0898577e+01  2.6907328e+01
9.6481958e-01     29993  8.2066479e+01  8.1398134e+01  2.2319618e+01
1.0423453e+00     36494  7.5421063e+01  7.5006755e+01  1.8601957e+01
1.1237267e+00     44825  6.8574931e+01  6.8281367e+01  1.5541539e+01
1.2089588e+00     53906  6.3608065e+01  6.3432423e+01  1.3037405e+01
1.2983336e+00     65729  5.8493160e+01  5.8327862e+01  1.0962281e+01
1.3921058e+00     78746  5.3926363e+01  5.3756141e+01  9.2417597e+00
1.4900211e+00     94374  4.9842124e+01  4.9687497e+01  7.8224730e+00
1.5921784e+00    112166  4.6168144e+01  4.6129542e+01  6.6577517e+00
1.6991083e+00    134373  4.2762296e+01  4.2767742e+01  5.6723857e+00
1.8110248e+00    159077  3.9558937e+01  3.9506003e+01  4.8359295e+00
1.9277595e+00    188172  3.6718166e+01  3.6672792e+01  4.1396485e+00
2.0497441e+00    222492  3.3998029e+01  3.3983585e+01  3.5536706e+00
2.1771282e+00    261771  3.1383616e+01  3.1356464e+01  3.0542402e+00
2.3098450e+00    306759  2.9080302e+01  2.9057842e+01  2.6323310e+00
2.4484375e+00    360898  2.6805212e+01  2.6782532e+01  2.2726349e+00
2.5937215e+00    425046  2.4716031e+01  2.4695419e+01  1.9645474e+00
2.7470320e+00    505555  2.2709811e+01  2.2689708e+01  1.6984172e+00
2.9094444e+00    600292  2.0862352e+01  2.0843612e+01  1.4678539e+00
3.0813867e+00    712930  1.9124042e+01  1.9107103e+01  1.2682093e+00
3.2634403e+00    846715  1.7437913e+01  1.7422397e+01  1.0953556e+00
3.4562097e+00   1005596  1.5907726e+01  1.5893731e+01  9.4579620e-01
3.6603648e+00   1194719  1.4465251e+01  1.4452429e+01  8.1635797e-01
3.8766358e+00   1419743  1.3090842e+01  1.3079073e+01  7.0435860e-01
4.1057220e+00   1686576  1.1825869e+01  1.1815251e+01  6.0754800e-01
4.3483372e+00   2003484  1.0675572e+01  1.0665948e+01  5.2386558e-01
4.6052142e+00   2378778  9.6169901e+00  9.6082686e+00  4.5157236e-01
4.8773359e+00   2828400  8.6448207e+00  8.6369328e+00  3.8913188e-01
5.1655179e+00   3356890  7.7624045e+00  7.7553176e+00  3.3523642e-01
5.4707002e+00   3990317  6.9636006e+00  6.9572440e+00  2.8873221e-01
5.7939476e+00   4738457  6.2295579e+00  6.2237649e+00  2.4858034e-01
6.1362572e+00   5629661  5.5751976e+00  5.5701268e+00  2.1397844e-01
6.4988210e+00   6687903  4.9838929e+00  4.9792376e+00  1.8412285e-01
6.8828355e+00   7945758  4.4493363e+00  4.4452114e+00  1.5839745e-01
7.2895050e+00   9436555  3.9656182e+00  3.9619461e+00  1.3622941e-01
7.7201584e+00  11210320  3.5298036e+00  3.5264459e+00  1.1713481e-01
8.1762927e+00  13318613  3.1425682e+00  3.1395905e+00  1.0068992e-01
8.6593661e+00  15819192  2.7961757e+00  2.7935631e+00  8.6538476e-02
9.1709925e+00  18795348  2.4887422e+00  2.4863645e+00  7.4345935e-02
9.7128705e+00  22326034  2.2113434e+00  2.2092333e+00  6.3860120e-02
1.0286736e+01  26520842  1.9639105e+00  1.9619880e+00  5.4842169e-02
1.0894484e+01  31503438  1.7441368e+00  1.7424711e+00  4.7101494e-02
1.1538156e+01  37426927  1.5475353e+00  1.5460522e+00  4.0443570e-02
1.2220385e+01  44525830  1.3728537e+00  1.3715302e+00  3.4714596e-02
