# Power spectrum from CO𝘕CEPT job 4547573 at t = 2.9819903 Gyr, a = 0.3125
#
# Components:
#   0: matter  (upstream grid size 1024)
#
#                           grid size 1024
# ╭────────────────────────────────────────────────────────────────╮
#                         component 0    (corrected)      (linear)
#                        σ₈ = 2.96e-01  σ₈ = 2.95e-01  σ₈ = 2.91e-01
#  k [Mpc⁻¹]    modes       P [Mpc³]       P [Mpc³]       P [Mpc³]
2.4543693e-02         3  7.6246678e+03  7.6246678e+03  7.6862251e+03
4.6570361e-02        25  4.0489412e+03  4.1059753e+03  4.1205645e+03
8.3521561e-02       124  1.7746992e+03  1.7308630e+03  1.7557668e+03
1.3383638e-01       418  8.2003345e+02  8.0925357e+02  7.7471960e+02
1.8592088e-01       730  4.4135844e+02  4.5153099e+02  4.3909289e+02
2.3260504e-01      1012  3.0268344e+02  3.0062920e+02  2.6375158e+02
2.7635505e-01      1408  2.2526767e+02  2.2555188e+02  1.9051247e+02
3.1919121e-01      1841  1.6960071e+02  1.6863853e+02  1.3683143e+02
3.6464415e-01      2698  1.3291111e+02  1.3205436e+02  1.0332045e+02
4.1290034e-01      3532  1.0545435e+02  1.0632357e+02  8.0641819e+01
4.6319578e-01      4702  8.4869529e+01  8.3255204e+01  5.9271987e+01
5.1570195e-01      6019  7.1699165e+01  7.2502833e+01  4.9256100e+01
5.7047444e-01      7766  5.9523245e+01  5.9461756e+01  3.8170774e+01
6.2844883e-01     10012  5.1732875e+01  5.0915491e+01  2.9915752e+01
6.8955465e-01     12589  4.4067148e+01  4.4197486e+01  2.4846245e+01
7.5323141e-01     15650  3.8187461e+01  3.8513115e+01  2.0345534e+01
8.2032763e-01     19757  3.2907647e+01  3.2803897e+01  1.6367702e+01
8.9088605e-01     24241  2.9251339e+01  2.8954827e+01  1.3351518e+01
9.6481958e-01     29993  2.5726842e+01  2.5517324e+01  1.1075081e+01
1.0423453e+00     36494  2.2804179e+01  2.2678909e+01  9.2303648e+00
1.1237267e+00     44825  2.0578477e+01  2.0490382e+01  7.7117743e+00
1.2089588e+00     53906  1.8503978e+01  1.8452882e+01  6.4692145e+00
1.2983336e+00     65729  1.6702402e+01  1.6655201e+01  5.4395305e+00
1.3921058e+00     78746  1.5158290e+01  1.5110442e+01  4.5858014e+00
1.4900211e+00     94374  1.3724455e+01  1.3681878e+01  3.8815461e+00
1.5921784e+00    112166  1.2558944e+01  1.2548443e+01  3.3036071e+00
1.6991083e+00    134373  1.1477597e+01  1.1479058e+01  2.8146648e+00
1.8110248e+00    159077  1.0561958e+01  1.0547825e+01  2.3996121e+00
1.9277595e+00    188172  9.7170830e+00  9.7050751e+00  2.0541148e+00
2.0497441e+00    222492  9.0192184e+00  9.0153865e+00  1.7633503e+00
2.1771282e+00    261771  8.3354202e+00  8.3282087e+00  1.5155309e+00
2.3098450e+00    306759  7.7103681e+00  7.7044132e+00  1.3061779e+00
2.4484375e+00    360898  7.1512682e+00  7.1452176e+00  1.1276952e+00
2.5937215e+00    425046  6.6525039e+00  6.6469559e+00  9.7482096e-01
2.7470320e+00    505555  6.1813441e+00  6.1758723e+00  8.4276600e-01
2.9094444e+00    600292  5.7484476e+00  5.7432839e+00  7.2835954e-01
3.0813867e+00    712930  5.3321087e+00  5.3273858e+00  6.2929498e-01
3.2634403e+00    846715  4.9422398e+00  4.9378423e+00  5.4352419e-01
3.4562097e+00   1005596  4.5800937e+00  4.5760643e+00  4.6931215e-01
3.6603648e+00   1194719  4.2364939e+00  4.2327388e+00  4.0508428e-01
3.8766358e+00   1419743  3.9097288e+00  3.9062140e+00  3.4950965e-01
4.1057220e+00   1686576  3.6004404e+00  3.5972076e+00  3.0147174e-01
4.3483372e+00   2003484  3.3111032e+00  3.3081181e+00  2.5994808e-01
4.6052142e+00   2378778  3.0446770e+00  3.0419158e+00  2.2407579e-01
4.8773359e+00   2828400  2.7915046e+00  2.7889575e+00  1.9309247e-01
5.1655179e+00   3356890  2.5570966e+00  2.5547621e+00  1.6634922e-01
5.4707002e+00   3990317  2.3314436e+00  2.3293154e+00  1.4327353e-01
5.7939476e+00   4738457  2.1293517e+00  2.1273716e+00  1.2334991e-01
6.1362572e+00   5629661  1.9405181e+00  1.9387531e+00  1.0618020e-01
6.4988210e+00   6687903  1.7690415e+00  1.7673891e+00  9.1365635e-02
6.8828355e+00   7945758  1.6101673e+00  1.6086745e+00  7.8600487e-02
7.2895050e+00   9436555  1.4618966e+00  1.4605429e+00  6.7600514e-02
7.7201584e+00  11210320  1.3273412e+00  1.3260786e+00  5.8125597e-02
8.1762927e+00  13318613  1.2064066e+00  1.2052635e+00  4.9965484e-02
8.6593661e+00  15819192  1.0949126e+00  1.0938896e+00  4.2943385e-02
9.1709925e+00  18795348  9.9130351e-01  9.9035641e-01  3.6893303e-02
9.7128705e+00  22326034  8.9733949e-01  8.9648324e-01  3.1690109e-02
1.0286736e+01  26520842  8.1157476e-01  8.1078029e-01  2.7215279e-02
1.0894484e+01  31503438  7.3322591e-01  7.3252565e-01  2.3374241e-02
1.1538156e+01  37426927  6.6277278e-01  6.6213762e-01  2.0070469e-02
1.2220385e+01  44525830  5.9937760e-01  5.9879977e-01  1.7227648e-02
