# Power spectrum from CO𝘕CEPT job 4547573 at t = 3.6248878 Gyr, a = 0.35714286
#
# Components:
#   0: matter  (upstream grid size 1024)
#
#                           grid size 1024
# ╭────────────────────────────────────────────────────────────────╮
#                         component 0    (corrected)      (linear)
#                        σ₈ = 3.38e-01  σ₈ = 3.37e-01  σ₈ = 3.30e-01
#  k [Mpc⁻¹]    modes       P [Mpc³]       P [Mpc³]       P [Mpc³]
2.4543693e-02         3  9.8237501e+03  9.8237501e+03  9.9177956e+03
4.6570361e-02        25  5.2188148e+03  5.2923280e+03  5.3166301e+03
8.3521561e-02       124  2.2915286e+03  2.2349263e+03  2.2653672e+03
1.3383638e-01       418  1.0669484e+03  1.0529227e+03  9.9957151e+02
1.8592088e-01       730  5.7794132e+02  5.9126187e+02  5.6653265e+02
2.3260504e-01      1012  4.0129141e+02  3.9856794e+02  3.4030105e+02
2.7635505e-01      1408  3.0091001e+02  3.0128966e+02  2.4580543e+02
3.1919121e-01      1841  2.3030729e+02  2.2900071e+02  1.7654435e+02
3.6464415e-01      2698  1.8109571e+02  1.7992836e+02  1.3330738e+02
4.1290034e-01      3532  1.4592064e+02  1.4712342e+02  1.0404666e+02
4.6319578e-01      4702  1.1886193e+02  1.1660103e+02  7.6474611e+01
5.1570195e-01      6019  1.0064374e+02  1.0177184e+02  6.3551790e+01
5.7047444e-01      7766  8.4534551e+01  8.4447225e+01  4.9249145e+01
6.2844883e-01     10012  7.4204578e+01  7.3032139e+01  3.8598251e+01
6.8955465e-01     12589  6.4262222e+01  6.4452291e+01  3.2057411e+01
7.5323141e-01     15650  5.6356598e+01  5.6837193e+01  2.6250450e+01
8.2032763e-01     19757  4.8816438e+01  4.8662532e+01  2.1118125e+01
8.9088605e-01     24241  4.4022736e+01  4.3576490e+01  1.7226548e+01
9.6481958e-01     29993  3.8904425e+01  3.8587589e+01  1.4289416e+01
1.0423453e+00     36494  3.5003911e+01  3.4811625e+01  1.1909305e+01
1.1237267e+00     44825  3.1841293e+01  3.1704983e+01  9.9499717e+00
1.2089588e+00     53906  2.9011184e+01  2.8931075e+01  8.3467817e+00
1.2983336e+00     65729  2.6364170e+01  2.6289666e+01  7.0182508e+00
1.3921058e+00     78746  2.4171436e+01  2.4095137e+01  5.9167426e+00
1.4900211e+00     94374  2.2091738e+01  2.2023202e+01  5.0080902e+00
1.5921784e+00    112166  2.0415004e+01  2.0397934e+01  4.2624151e+00
1.6991083e+00    134373  1.8694510e+01  1.8696891e+01  3.6315663e+00
1.8110248e+00    159077  1.7301220e+01  1.7278069e+01  3.0960522e+00
1.9277595e+00    188172  1.6017886e+01  1.5998092e+01  2.6502808e+00
2.0497441e+00    222492  1.4880032e+01  1.4873710e+01  2.2751273e+00
2.1771282e+00    261771  1.3878228e+01  1.3866221e+01  1.9553830e+00
2.3098450e+00    306759  1.2859069e+01  1.2849137e+01  1.6852692e+00
2.4484375e+00    360898  1.1987194e+01  1.1977052e+01  1.4549853e+00
2.5937215e+00    425046  1.1145274e+01  1.1135979e+01  1.2577422e+00
2.7470320e+00    505555  1.0342674e+01  1.0333519e+01  1.0873608e+00
2.9094444e+00    600292  9.5702834e+00  9.5616868e+00  9.3975001e-01
3.0813867e+00    712930  8.8791276e+00  8.8712629e+00  8.1193387e-01
3.2634403e+00    846715  8.2196839e+00  8.2123703e+00  7.0126975e-01
3.4562097e+00   1005596  7.5721300e+00  7.5654682e+00  6.0551910e-01
3.6603648e+00   1194719  6.9645714e+00  6.9583981e+00  5.2265035e-01
3.8766358e+00   1419743  6.3926023e+00  6.3868554e+00  4.5094627e-01
4.1057220e+00   1686576  5.8541285e+00  5.8488722e+00  3.8896631e-01
4.3483372e+00   2003484  5.3288370e+00  5.3240328e+00  3.3539124e-01
4.6052142e+00   2378778  4.8679151e+00  4.8635004e+00  2.8910774e-01
4.8773359e+00   2828400  4.4192343e+00  4.4152020e+00  2.4913214e-01
5.1655179e+00   3356890  4.0134050e+00  4.0097408e+00  2.1462722e-01
5.4707002e+00   3990317  3.6337131e+00  3.6303962e+00  1.8485430e-01
5.7939476e+00   4738457  3.2825793e+00  3.2795268e+00  1.5914827e-01
6.1362572e+00   5629661  2.9621829e+00  2.9594887e+00  1.3699543e-01
6.4988210e+00   6687903  2.6706283e+00  2.6681338e+00  1.1788126e-01
6.8828355e+00   7945758  2.4091541e+00  2.4069206e+00  1.0141132e-01
7.2895050e+00   9436555  2.1672010e+00  2.1651942e+00  8.7218863e-02
7.7201584e+00  11210320  1.9486300e+00  1.9467763e+00  7.4994077e-02
8.1762927e+00  13318613  1.7508623e+00  1.7492033e+00  6.4465691e-02
8.6593661e+00  15819192  1.5723379e+00  1.5708688e+00  5.5405605e-02
9.1709925e+00  18795348  1.4085166e+00  1.4071709e+00  4.7599647e-02
9.7128705e+00  22326034  1.2627713e+00  1.2615663e+00  4.0886368e-02
1.0286736e+01  26520842  1.1306975e+00  1.1295907e+00  3.5112844e-02
1.0894484e+01  31503438  1.0112374e+00  1.0102716e+00  3.0157058e-02
1.1538156e+01  37426927  9.0573258e-01  9.0486457e-01  2.5894470e-02
1.2220385e+01  44525830  8.1121163e-01  8.1042959e-01  2.2226612e-02
