# Power spectrum from CO𝘕CEPT job 4547573 at t = 7.2998067 Gyr, a = 0.58823529
#
# Components:
#   0: matter  (upstream grid size 1024)
#
#                           grid size 1024
# ╭────────────────────────────────────────────────────────────────╮
#                         component 0    (corrected)      (linear)
#                        σ₈ = 5.42e-01  σ₈ = 5.41e-01  σ₈ = 5.15e-01
#  k [Mpc⁻¹]    modes       P [Mpc³]       P [Mpc³]       P [Mpc³]
2.4543693e-02         3  2.3715978e+04  2.3715978e+04  2.4137879e+04
4.6570361e-02        25  1.2610861e+04  1.2788500e+04  1.2936775e+04
8.3521561e-02       124  5.6559859e+03  5.5162793e+03  5.5117885e+03
1.3383638e-01       418  2.7134899e+03  2.6778193e+03  2.4319600e+03
1.8592088e-01       730  1.5340857e+03  1.5694437e+03  1.3783636e+03
2.3260504e-01      1012  1.1164469e+03  1.1088698e+03  8.2794349e+02
2.7635505e-01      1408  8.7733561e+02  8.7844252e+02  5.9803707e+02
3.1919121e-01      1841  7.2099242e+02  7.1690209e+02  4.2952653e+02
3.6464415e-01      2698  5.7378546e+02  5.7008682e+02  3.2433215e+02
4.1290034e-01      3532  5.0166145e+02  5.0579648e+02  2.5314172e+02
4.6319578e-01      4702  4.2886966e+02  4.2071202e+02  1.8605985e+02
5.1570195e-01      6019  3.7334455e+02  3.7752932e+02  1.5461905e+02
5.7047444e-01      7766  3.2393970e+02  3.2360506e+02  1.1982124e+02
6.2844883e-01     10012  2.8706392e+02  2.8252828e+02  9.3908007e+01
6.8955465e-01     12589  2.6171341e+02  2.6248748e+02  7.7994387e+01
7.5323141e-01     15650  2.3814640e+02  2.4017725e+02  6.3866272e+01
8.2032763e-01     19757  2.1088764e+02  2.1022277e+02  5.1379525e+01
8.9088605e-01     24241  1.9476064e+02  1.9278640e+02  4.1911472e+01
9.6481958e-01     29993  1.7823300e+02  1.7678148e+02  3.4765546e+01
1.0423453e+00     36494  1.6239775e+02  1.6150566e+02  2.8974830e+01
1.1237267e+00     44825  1.5038564e+02  1.4974185e+02  2.4207850e+01
1.2089588e+00     53906  1.3949715e+02  1.3911195e+02  2.0307354e+01
1.2983336e+00     65729  1.2908232e+02  1.2871754e+02  1.7075092e+01
1.3921058e+00     78746  1.1915208e+02  1.1877597e+02  1.4395168e+01
1.4900211e+00     94374  1.0980408e+02  1.0946343e+02  1.2184454e+01
1.5921784e+00    112166  1.0141045e+02  1.0132566e+02  1.0370257e+01
1.6991083e+00    134373  9.3432389e+01  9.3444287e+01  8.8354284e+00
1.8110248e+00    159077  8.6028088e+01  8.5912973e+01  7.5325450e+00
1.9277595e+00    188172  7.8990515e+01  7.8892902e+01  6.4480018e+00
2.0497441e+00    222492  7.2460371e+01  7.2429586e+01  5.5352693e+00
2.1771282e+00    261771  6.6374003e+01  6.6316579e+01  4.7573452e+00
2.3098450e+00    306759  6.0754176e+01  6.0707254e+01  4.1001699e+00
2.4484375e+00    360898  5.5341963e+01  5.5295139e+01  3.5398992e+00
2.5937215e+00    425046  5.0459275e+01  5.0417194e+01  3.0600153e+00
2.7470320e+00    505555  4.5908643e+01  4.5868004e+01  2.6454848e+00
2.9094444e+00    600292  4.1791571e+01  4.1754031e+01  2.2863545e+00
3.0813867e+00    712930  3.7848496e+01  3.7814972e+01  1.9753836e+00
3.2634403e+00    846715  3.4310212e+01  3.4279684e+01  1.7061429e+00
3.4562097e+00   1005596  3.1092092e+01  3.1064738e+01  1.4731860e+00
3.6603648e+00   1194719  2.7993766e+01  2.7968953e+01  1.2715703e+00
3.8766358e+00   1419743  2.5125277e+01  2.5102689e+01  1.0971177e+00
4.1057220e+00   1686576  2.2552417e+01  2.2532168e+01  9.4632353e-01
4.3483372e+00   2003484  2.0210878e+01  2.0192657e+01  8.1597807e-01
4.6052142e+00   2378778  1.8115087e+01  1.8098659e+01  7.0337272e-01
4.8773359e+00   2828400  1.6164153e+01  1.6149404e+01  6.0611421e-01
5.1655179e+00   3356890  1.4445403e+01  1.4432215e+01  5.2216562e-01
5.4707002e+00   3990317  1.2894641e+01  1.2882871e+01  4.4972979e-01
5.7939476e+00   4738457  1.1481412e+01  1.1470735e+01  3.8718852e-01
6.1362572e+00   5629661  1.0222945e+01  1.0213646e+01  3.3329200e-01
6.4988210e+00   6687903  9.0793962e+00  9.0709154e+00  2.8678845e-01
6.8828355e+00   7945758  8.0860527e+00  8.0785563e+00  2.4671816e-01
7.2895050e+00   9436555  7.1858415e+00  7.1791875e+00  2.1218890e-01
7.7201584e+00  11210320  6.3785130e+00  6.3724454e+00  1.8244689e-01
8.1762927e+00  13318613  5.6524132e+00  5.6470574e+00  1.5683214e-01
8.6593661e+00  15819192  5.0202926e+00  5.0156020e+00  1.3478969e-01
9.1709925e+00  18795348  4.4474183e+00  4.4431692e+00  1.1579847e-01
9.7128705e+00  22326034  3.9354775e+00  3.9317223e+00  9.9465689e-02
1.0286736e+01  26520842  3.4854031e+00  3.4819912e+00  8.5419278e-02
1.0894484e+01  31503438  3.0837892e+00  3.0808440e+00  7.3362375e-02
1.1538156e+01  37426927  2.7253989e+00  2.7227870e+00  6.2991985e-02
1.2220385e+01  44525830  2.4066101e+00  2.4042900e+00  5.4068548e-02
