# Power spectrum from CO𝘕CEPT job 4547573 at t = 3.8213994 Gyr, a = 0.37037037
#
# Components:
#   0: matter  (upstream grid size 1024)
#
#                           grid size 1024
# ╭────────────────────────────────────────────────────────────────╮
#                         component 0    (corrected)      (linear)
#                        σ₈ = 3.50e-01  σ₈ = 3.49e-01  σ₈ = 3.42e-01
#  k [Mpc⁻¹]    modes       P [Mpc³]       P [Mpc³]       P [Mpc³]
2.4543693e-02         3  1.0516749e+04  1.0516749e+04  1.0622208e+04
4.6570361e-02        25  5.5875623e+03  5.6662698e+03  5.6941609e+03
8.3521561e-02       124  2.4551180e+03  2.3944750e+03  2.4262168e+03
1.3383638e-01       418  1.1455575e+03  1.1304984e+03  1.0705431e+03
1.8592088e-01       730  6.2185607e+02  6.3618878e+02  6.0675728e+02
2.3260504e-01      1012  4.3326189e+02  4.3032144e+02  3.6446284e+02
2.7635505e-01      1408  3.2563137e+02  3.2604221e+02  2.6325788e+02
3.1919121e-01      1841  2.5041951e+02  2.4899883e+02  1.8907918e+02
3.6464415e-01      2698  1.9707727e+02  1.9580690e+02  1.4277233e+02
4.1290034e-01      3532  1.5960894e+02  1.6092454e+02  1.1143407e+02
4.6319578e-01      4702  1.3039840e+02  1.2791806e+02  8.1904378e+01
5.1570195e-01      6019  1.1046986e+02  1.1170810e+02  6.8064023e+01
5.7047444e-01      7766  9.3074481e+01  9.2978333e+01  5.2745877e+01
6.2844883e-01     10012  8.1929282e+01  8.0634791e+01  4.1338760e+01
6.8955465e-01     12589  7.1232888e+01  7.1443575e+01  3.4333514e+01
7.5323141e-01     15650  6.2696046e+01  6.3230703e+01  2.8114253e+01
8.2032763e-01     19757  5.4392078e+01  5.4220594e+01  2.2617529e+01
8.9088605e-01     24241  4.9226639e+01  4.8727643e+01  1.8449647e+01
9.6481958e-01     29993  4.3553416e+01  4.3198720e+01  1.5303976e+01
1.0423453e+00     36494  3.9343148e+01  3.9127026e+01  1.2754875e+01
1.1237267e+00     44825  3.5806882e+01  3.5653595e+01  1.0656427e+01
1.2089588e+00     53906  3.2744482e+01  3.2654064e+01  8.9394091e+00
1.2983336e+00     65729  2.9801911e+01  2.9717692e+01  7.5165514e+00
1.3921058e+00     78746  2.7375584e+01  2.7289172e+01  6.3368353e+00
1.4900211e+00     94374  2.5052473e+01  2.4974752e+01  5.3636678e+00
1.5921784e+00    112166  2.3242829e+01  2.3223395e+01  4.5650491e+00
1.6991083e+00    134373  2.1251897e+01  2.1254603e+01  3.8894097e+00
1.8110248e+00    159077  1.9687662e+01  1.9661318e+01  3.3158736e+00
1.9277595e+00    188172  1.8212441e+01  1.8189935e+01  2.8384520e+00
2.0497441e+00    222492  1.6896384e+01  1.6889206e+01  2.4366624e+00
2.1771282e+00    261771  1.5768135e+01  1.5754493e+01  2.0942160e+00
2.3098450e+00    306759  1.4613672e+01  1.4602385e+01  1.8049240e+00
2.4484375e+00    360898  1.3595879e+01  1.3584376e+01  1.5582897e+00
2.5937215e+00    425046  1.2642921e+01  1.2632377e+01  1.3470422e+00
2.7470320e+00    505555  1.1738240e+01  1.1727849e+01  1.1645636e+00
2.9094444e+00    600292  1.0836735e+01  1.0827001e+01  1.0064723e+00
3.0813867e+00    712930  1.0036180e+01  1.0027291e+01  8.6958116e-01
3.2634403e+00    846715  9.2788572e+00  9.2706011e+00  7.5105982e-01
3.4562097e+00   1005596  8.5501048e+00  8.5425826e+00  6.4851082e-01
3.6603648e+00   1194719  7.8466693e+00  7.8397142e+00  5.5975834e-01
3.8766358e+00   1419743  7.1926080e+00  7.1861419e+00  4.8296323e-01
4.1057220e+00   1686576  6.5706870e+00  6.5647873e+00  4.1658266e-01
4.3483372e+00   2003484  5.9671200e+00  5.9617404e+00  3.5920373e-01
4.6052142e+00   2378778  5.4327642e+00  5.4278373e+00  3.0963409e-01
4.8773359e+00   2828400  4.9196877e+00  4.9151987e+00  2.6682020e-01
5.1655179e+00   3356890  4.4537534e+00  4.4496872e+00  2.2986542e-01
5.4707002e+00   3990317  4.0247431e+00  4.0210693e+00  1.9797862e-01
5.7939476e+00   4738457  3.6296945e+00  3.6263192e+00  1.7044746e-01
6.1362572e+00   5629661  3.2748039e+00  3.2718253e+00  1.4672176e-01
6.4988210e+00   6687903  2.9464881e+00  2.9437358e+00  1.2625049e-01
6.8828355e+00   7945758  2.6495959e+00  2.6471395e+00  1.0861118e-01
7.2895050e+00   9436555  2.3822603e+00  2.3800544e+00  9.3411063e-02
7.7201584e+00  11210320  2.1382239e+00  2.1361899e+00  8.0318323e-02
8.1762927e+00  13318613  1.9151006e+00  1.9132859e+00  6.9042427e-02
8.6593661e+00  15819192  1.7173786e+00  1.7157740e+00  5.9339081e-02
9.1709925e+00  18795348  1.5368684e+00  1.5354000e+00  5.0978907e-02
9.7128705e+00  22326034  1.3747646e+00  1.3734528e+00  4.3788992e-02
1.0286736e+01  26520842  1.2299299e+00  1.2287259e+00  3.7605556e-02
1.0894484e+01  31503438  1.0990298e+00  1.0979801e+00  3.2297917e-02
1.1538156e+01  37426927  9.8229120e-01  9.8134982e-01  2.7732693e-02
1.2220385e+01  44525830  8.7832531e-01  8.7747856e-01  2.3804426e-02
