# Power spectrum from CO𝘕CEPT job 4547573 at t = 2.6132443 Gyr, a = 0.28571429
#
# Components:
#   0: matter  (upstream grid size 1024)
#
#                           grid size 1024
# ╭────────────────────────────────────────────────────────────────╮
#                         component 0    (corrected)      (linear)
#                        σ₈ = 2.71e-01  σ₈ = 2.70e-01  σ₈ = 2.66e-01
#  k [Mpc⁻¹]    modes       P [Mpc³]       P [Mpc³]       P [Mpc³]
2.4543693e-02         3  6.4180285e+03  6.4180285e+03  6.4642781e+03
4.6570361e-02        25  3.4072518e+03  3.4552470e+03  3.4655944e+03
8.3521561e-02       124  1.4924506e+03  1.4555860e+03  1.4767017e+03
1.3383638e-01       418  6.8626981e+02  6.7724834e+02  6.5158634e+02
1.8592088e-01       730  3.6822407e+02  3.7671100e+02  3.6930425e+02
2.3260504e-01      1012  2.5050215e+02  2.4880205e+02  2.2183147e+02
2.7635505e-01      1408  1.8562996e+02  1.8586416e+02  1.6023287e+02
3.1919121e-01      1841  1.3839539e+02  1.3761024e+02  1.1508378e+02
3.6464415e-01      2698  1.0818974e+02  1.0749234e+02  8.6898963e+01
4.1290034e-01      3532  8.5180736e+01  8.5882853e+01  6.7824821e+01
4.6319578e-01      4702  6.7966292e+01  6.6673487e+01  4.9851456e+01
5.1570195e-01      6019  5.7315309e+01  5.7957749e+01  4.1427470e+01
5.7047444e-01      7766  4.7251012e+01  4.7202200e+01  3.2104016e+01
6.2844883e-01     10012  4.0776179e+01  4.0131912e+01  2.5161026e+01
6.8955465e-01     12589  3.4356940e+01  3.4458558e+01  2.0897253e+01
7.5323141e-01     15650  2.9586296e+01  2.9838601e+01  1.7111873e+01
8.2032763e-01     19757  2.5423444e+01  2.5343291e+01  1.3766267e+01
8.9088605e-01     24241  2.2380659e+01  2.2153792e+01  1.1229467e+01
9.6481958e-01     29993  1.9597283e+01  1.9437683e+01  9.3148400e+00
1.0423453e+00     36494  1.7213196e+01  1.7118639e+01  7.7633180e+00
1.1237267e+00     44825  1.5409561e+01  1.5343593e+01  6.4860881e+00
1.2089588e+00     53906  1.3767150e+01  1.3729135e+01  5.4410173e+00
1.2983336e+00     65729  1.2347876e+01  1.2312982e+01  4.5749883e+00
1.3921058e+00     78746  1.1132136e+01  1.1096997e+01  3.8569485e+00
1.4900211e+00     94374  1.0029427e+01  9.9983127e+00  3.2646256e+00
1.5921784e+00    112166  9.1237626e+00  9.1161340e+00  2.7785425e+00
1.6991083e+00    134373  8.2892115e+00  8.2902670e+00  2.3673113e+00
1.8110248e+00    159077  7.5926427e+00  7.5824829e+00  2.0182259e+00
1.9277595e+00    188172  6.9611102e+00  6.9525079e+00  1.7276409e+00
2.0497441e+00    222492  6.4285507e+00  6.4258195e+00  1.4830897e+00
2.1771282e+00    261771  5.9081015e+00  5.9029901e+00  1.2746580e+00
2.3098450e+00    306759  5.4510366e+00  5.4468266e+00  1.0985789e+00
2.4484375e+00    360898  5.0515132e+00  5.0472392e+00  9.4846375e-01
2.5937215e+00    425046  4.6911335e+00  4.6872212e+00  8.1988685e-01
2.7470320e+00    505555  4.3491856e+00  4.3453357e+00  7.0882030e-01
2.9094444e+00    600292  4.0292186e+00  4.0255993e+00  6.1259725e-01
3.0813867e+00    712930  3.7250854e+00  3.7217859e+00  5.2927770e-01
3.2634403e+00    846715  3.4568164e+00  3.4537406e+00  4.5713904e-01
3.4562097e+00   1005596  3.2003184e+00  3.1975028e+00  3.9472202e-01
3.6603648e+00   1194719  2.9641613e+00  2.9615340e+00  3.4070232e-01
3.8766358e+00   1419743  2.7461533e+00  2.7436846e+00  2.9396053e-01
4.1057220e+00   1686576  2.5325082e+00  2.5302344e+00  2.5355760e-01
4.3483372e+00   2003484  2.3429397e+00  2.3408275e+00  2.1863356e-01
4.6052142e+00   2378778  2.1627100e+00  2.1607486e+00  1.8846269e-01
4.8773359e+00   2828400  1.9911292e+00  1.9893124e+00  1.6240374e-01
5.1655179e+00   3356890  1.8329084e+00  1.8312350e+00  1.3991096e-01
5.4707002e+00   3990317  1.6803230e+00  1.6787891e+00  1.2050283e-01
5.7939476e+00   4738457  1.5443512e+00  1.5429150e+00  1.0374578e-01
6.1362572e+00   5629661  1.4156541e+00  1.4143665e+00  8.9304953e-02
6.4988210e+00   6687903  1.2980297e+00  1.2968172e+00  7.6844947e-02
6.8828355e+00   7945758  1.1912284e+00  1.1901241e+00  6.6108631e-02
7.2895050e+00   9436555  1.0929994e+00  1.0919873e+00  5.6856939e-02
7.7201584e+00  11210320  1.0010123e+00  1.0000601e+00  4.8887915e-02
8.1762927e+00  13318613  9.1832619e-01  9.1745605e-01  4.2024725e-02
8.6593661e+00  15819192  8.4104504e-01  8.4025923e-01  3.6118676e-02
9.1709925e+00  18795348  7.6983499e-01  7.6909949e-01  3.1030156e-02
9.7128705e+00  22326034  7.0348957e-01  7.0281830e-01  2.6653922e-02
1.0286736e+01  26520842  6.4304804e-01  6.4241854e-01  2.2890288e-02
1.0894484e+01  31503438  5.8727767e-01  5.8671679e-01  1.9659715e-02
1.1538156e+01  37426927  5.3547640e-01  5.3496322e-01  1.6881017e-02
1.2220385e+01  44525830  4.8842888e-01  4.8795801e-01  1.4490007e-02
