# Power spectrum from CO𝘕CEPT job 4547573 at t = 13.790054 Gyr, a = 1
#
# Components:
#   0: matter  (upstream grid size 1024)
#
#                           grid size 1024
# ╭────────────────────────────────────────────────────────────────╮
#                         component 0    (corrected)      (linear)
#                        σ₈ = 8.11e-01  σ₈ = 8.09e-01  σ₈ = 7.37e-01
#  k [Mpc⁻¹]    modes       P [Mpc³]       P [Mpc³]       P [Mpc³]
2.4543693e-02         3  4.8029829e+04  4.8029829e+04  4.9482543e+04
4.6570361e-02        25  2.5499813e+04  2.5859008e+04  2.6514388e+04
8.3521561e-02       124  1.2090778e+04  1.1792128e+04  1.1295557e+04
1.3383638e-01       418  6.0070372e+03  5.9280708e+03  4.9837678e+03
1.8592088e-01       730  3.5965752e+03  3.6794701e+03  2.8246237e+03
2.3260504e-01      1012  2.7099966e+03  2.6916045e+03  1.6966632e+03
2.7635505e-01      1408  2.2280424e+03  2.2308535e+03  1.2255247e+03
3.1919121e-01      1841  1.9858944e+03  1.9746280e+03  8.8020407e+02
3.6464415e-01      2698  1.6374915e+03  1.6269362e+03  6.6463462e+02
4.1290034e-01      3532  1.4772983e+03  1.4894752e+03  5.1874792e+02
4.6319578e-01      4702  1.2675995e+03  1.2434882e+03  3.8128092e+02
5.1570195e-01      6019  1.1433995e+03  1.1562158e+03  3.1685112e+02
5.7047444e-01      7766  1.0601539e+03  1.0590587e+03  2.4554206e+02
6.2844883e-01     10012  9.5629219e+02  9.4118269e+02  1.9243967e+02
6.8955465e-01     12589  8.6285699e+02  8.6540907e+02  1.5982887e+02
7.5323141e-01     15650  7.9356286e+02  8.0033017e+02  1.3087701e+02
8.2032763e-01     19757  7.3003636e+02  7.2773474e+02  1.0528871e+02
8.9088605e-01     24241  6.7788411e+02  6.7101260e+02  8.5886431e+01
9.6481958e-01     29993  6.1342751e+02  6.0843178e+02  7.1242741e+01
1.0423453e+00     36494  5.6752917e+02  5.6441158e+02  5.9376200e+01
1.1237267e+00     44825  5.1552747e+02  5.1332053e+02  4.9607536e+01
1.2089588e+00     53906  4.7305352e+02  4.7174727e+02  4.1614501e+01
1.2983336e+00     65729  4.3432673e+02  4.3309934e+02  3.4990837e+01
1.3921058e+00     78746  3.9503143e+02  3.9378449e+02  2.9499043e+01
1.4900211e+00     94374  3.6145586e+02  3.6033451e+02  2.4968772e+01
1.5921784e+00    112166  3.2988935e+02  3.2961352e+02  2.1251057e+01
1.6991083e+00    134373  2.9927787e+02  2.9931597e+02  1.8105834e+01
1.8110248e+00    159077  2.7232657e+02  2.7196217e+02  1.5435921e+01
1.9277595e+00    188172  2.4817060e+02  2.4786393e+02  1.3213438e+01
2.0497441e+00    222492  2.2595157e+02  2.2585557e+02  1.1343036e+01
2.1771282e+00    261771  2.0505291e+02  2.0487550e+02  9.7488877e+00
2.3098450e+00    306759  1.8572852e+02  1.8558508e+02  8.4021822e+00
2.4484375e+00    360898  1.6882870e+02  1.6868586e+02  7.2540568e+00
2.5937215e+00    425046  1.5374414e+02  1.5361592e+02  6.2706629e+00
2.7470320e+00    505555  1.3909131e+02  1.3896818e+02  5.4211937e+00
2.9094444e+00    600292  1.2630867e+02  1.2619521e+02  4.6852521e+00
3.0813867e+00    712930  1.1370621e+02  1.1360550e+02  4.0480006e+00
3.2634403e+00    846715  1.0255452e+02  1.0246327e+02  3.4962640e+00
3.4562097e+00   1005596  9.2271039e+01  9.2189861e+01  3.0188815e+00
3.6603648e+00   1194719  8.3227609e+01  8.3153838e+01  2.6057243e+00
3.8766358e+00   1419743  7.4756885e+01  7.4689679e+01  2.2482307e+00
4.1057220e+00   1686576  6.7415338e+01  6.7354807e+01  1.9392188e+00
4.3483372e+00   2003484  6.0501360e+01  6.0446815e+01  1.6721110e+00
4.6052142e+00   2378778  5.4373215e+01  5.4323905e+01  1.4413569e+00
4.8773359e+00   2828400  4.8869832e+01  4.8825241e+01  1.2420521e+00
5.1655179e+00   3356890  4.3606854e+01  4.3567042e+01  1.0700223e+00
5.4707002e+00   3990317  3.8915629e+01  3.8880105e+01  9.2158493e-01
5.7939476e+00   4738457  3.4634355e+01  3.4602148e+01  7.9342378e-01
6.1362572e+00   5629661  3.0859570e+01  3.0831502e+01  6.8297775e-01
6.4988210e+00   6687903  2.7498799e+01  2.7473113e+01  5.8768161e-01
6.8828355e+00   7945758  2.4460813e+01  2.4438136e+01  5.0556874e-01
7.2895050e+00   9436555  2.1793378e+01  2.1773198e+01  4.3481070e-01
7.7201584e+00  11210320  1.9390271e+01  1.9371826e+01  3.7386285e-01
8.1762927e+00  13318613  1.7205436e+01  1.7189133e+01  3.2137271e-01
8.6593661e+00  15819192  1.5269572e+01  1.5255306e+01  2.7620304e-01
9.1709925e+00  18795348  1.3538539e+01  1.3525604e+01  2.3728605e-01
9.7128705e+00  22326034  1.2001770e+01  1.1990317e+01  2.0381680e-01
1.0286736e+01  26520842  1.0623399e+01  1.0613000e+01  1.7503284e-01
1.0894484e+01  31503438  9.3858929e+00  9.3769289e+00  1.5032583e-01
1.1538156e+01  37426927  8.2773830e+00  8.2694503e+00  1.2907487e-01
1.2220385e+01  44525830  7.2925107e+00  7.2854804e+00  1.1078906e-01
