# Power spectrum from CO𝘕CEPT job 4547573 at t = 9.3729732 Gyr, a = 0.71428571
#
# Components:
#   0: matter  (upstream grid size 1024)
#
#                           grid size 1024
# ╭────────────────────────────────────────────────────────────────╮
#                         component 0    (corrected)      (linear)
#                        σ₈ = 6.39e-01  σ₈ = 6.37e-01  σ₈ = 5.98e-01
#  k [Mpc⁻¹]    modes       P [Mpc³]       P [Mpc³]       P [Mpc³]
2.4543693e-02         3  3.1830027e+04  3.1830027e+04  3.2533124e+04
4.6570361e-02        25  1.6921935e+04  1.7160300e+04  1.7434710e+04
8.3521561e-02       124  7.7199645e+03  7.5292763e+03  7.4278978e+03
1.3383638e-01       418  3.7481917e+03  3.6989193e+03  3.2773643e+03
1.8592088e-01       730  2.1635421e+03  2.2134081e+03  1.8575068e+03
2.3260504e-01      1012  1.5997291e+03  1.5888721e+03  1.1157493e+03
2.7635505e-01      1408  1.2873549e+03  1.2889791e+03  8.0592325e+02
3.1919121e-01      1841  1.0913188e+03  1.0851275e+03  5.7883576e+02
3.6464415e-01      2698  8.7506837e+02  8.6942765e+02  4.3707424e+02
4.1290034e-01      3532  7.7554195e+02  7.8193449e+02  3.4113700e+02
4.6319578e-01      4702  6.7559345e+02  6.6274281e+02  2.5073656e+02
5.1570195e-01      6019  6.0537865e+02  6.1216427e+02  2.0836653e+02
5.7047444e-01      7766  5.4150778e+02  5.4094839e+02  1.6147255e+02
6.2844883e-01     10012  4.8095260e+02  4.7335350e+02  1.2655155e+02
6.8955465e-01     12589  4.3715565e+02  4.3844863e+02  1.0510616e+02
7.5323141e-01     15650  4.0459493e+02  4.0804521e+02  8.6066937e+01
8.2032763e-01     19757  3.7030144e+02  3.6913398e+02  6.9239645e+01
8.9088605e-01     24241  3.3604793e+02  3.3264151e+02  5.6480383e+01
9.6481958e-01     29993  3.0757684e+02  3.0507195e+02  4.6850448e+01
1.0423453e+00     36494  2.8258881e+02  2.8103648e+02  3.9046810e+01
1.1237267e+00     44825  2.5627092e+02  2.5517384e+02  3.2622772e+01
1.2089588e+00     53906  2.3834448e+02  2.3768634e+02  2.7366417e+01
1.2983336e+00     65729  2.1971280e+02  2.1909191e+02  2.3010583e+01
1.3921058e+00     78746  2.0077416e+02  2.0014041e+02  1.9399086e+01
1.4900211e+00     94374  1.8323786e+02  1.8266939e+02  1.6419902e+01
1.5921784e+00    112166  1.6748238e+02  1.6734235e+02  1.3975069e+01
1.6991083e+00    134373  1.5307298e+02  1.5309247e+02  1.1906717e+01
1.8110248e+00    159077  1.4021261e+02  1.4002499e+02  1.0150936e+01
1.9277595e+00    188172  1.2757239e+02  1.2741474e+02  8.6893933e+00
2.0497441e+00    222492  1.1608587e+02  1.1603655e+02  7.4593846e+00
2.1771282e+00    261771  1.0493432e+02  1.0484353e+02  6.4110453e+00
2.3098450e+00    306759  9.5821986e+01  9.5747981e+01  5.5254285e+00
2.4484375e+00    360898  8.6725829e+01  8.6652451e+01  4.7704014e+00
2.5937215e+00    425046  7.8389031e+01  7.8323657e+01  4.1237044e+00
2.7470320e+00    505555  7.1173552e+01  7.1110548e+01  3.5650787e+00
2.9094444e+00    600292  6.4193935e+01  6.4136272e+01  3.0811106e+00
3.0813867e+00    712930  5.7932382e+01  5.7881069e+01  2.6620429e+00
3.2634403e+00    846715  5.2325605e+01  5.2279047e+01  2.2992112e+00
3.4562097e+00   1005596  4.7171120e+01  4.7129620e+01  1.9852760e+00
3.6603648e+00   1194719  4.2296301e+01  4.2258811e+01  1.7135765e+00
3.8766358e+00   1419743  3.7871810e+01  3.7837763e+01  1.4784824e+00
4.1057220e+00   1686576  3.3912790e+01  3.3882340e+01  1.2752706e+00
4.3483372e+00   2003484  3.0326704e+01  3.0299363e+01  1.0996158e+00
4.6052142e+00   2378778  2.7253638e+01  2.7228922e+01  9.4786770e-01
4.8773359e+00   2828400  2.4366580e+01  2.4344346e+01  8.1680119e-01
5.1655179e+00   3356890  2.1713017e+01  2.1693193e+01  7.0367128e-01
5.4707002e+00   3990317  1.9410847e+01  1.9393128e+01  6.0605610e-01
5.7939476e+00   4738457  1.7312191e+01  1.7296092e+01  5.2177492e-01
6.1362572e+00   5629661  1.5446524e+01  1.5432475e+01  4.4914352e-01
6.4988210e+00   6687903  1.3751751e+01  1.3738906e+01  3.8647495e-01
6.8828355e+00   7945758  1.2228022e+01  1.2216685e+01  3.3247593e-01
7.2895050e+00   9436555  1.0869333e+01  1.0859268e+01  2.8594404e-01
7.7201584e+00  11210320  9.6518435e+00  9.6426622e+00  2.4586351e-01
8.1762927e+00  13318613  8.5749408e+00  8.5668158e+00  2.1134492e-01
8.6593661e+00  15819192  7.5959841e+00  7.5888869e+00  1.8164040e-01
9.1709925e+00  18795348  6.7333682e+00  6.7269350e+00  1.5604776e-01
9.7128705e+00  22326034  5.9602505e+00  5.9545632e+00  1.3403764e-01
1.0286736e+01  26520842  5.2731068e+00  5.2679448e+00  1.1510867e-01
1.0894484e+01  31503438  4.6537323e+00  4.6492878e+00  9.8860765e-02
1.1538156e+01  37426927  4.1018925e+00  4.0979614e+00  8.4885627e-02
1.2220385e+01  44525830  3.6127248e+00  3.6092420e+00  7.2860416e-02
