# Power spectrum from CO𝘕CEPT job 4547573 at t = 4.8105928 Gyr, a = 0.43478261
#
# Components:
#   0: matter  (upstream grid size 1024)
#
#                           grid size 1024
# ╭────────────────────────────────────────────────────────────────╮
#                         component 0    (corrected)      (linear)
#                        σ₈ = 4.09e-01  σ₈ = 4.08e-01  σ₈ = 3.96e-01
#  k [Mpc⁻¹]    modes       P [Mpc³]       P [Mpc³]       P [Mpc³]
2.4543693e-02         3  1.4122679e+04  1.4122679e+04  1.4296326e+04
4.6570361e-02        25  7.5066074e+03  7.6123469e+03  7.6632000e+03
8.3521561e-02       124  3.3126846e+03  3.2308591e+03  3.2651210e+03
1.3383638e-01       418  1.5605484e+03  1.5400340e+03  1.4406897e+03
1.8592088e-01       730  8.5697445e+02  8.7672623e+02  8.1654515e+02
2.3260504e-01      1012  6.0623588e+02  6.0212151e+02  4.9047630e+02
2.7635505e-01      1408  4.6111239e+02  4.6169416e+02  3.5427943e+02
3.1919121e-01      1841  3.6249173e+02  3.6043524e+02  2.5445332e+02
3.6464415e-01      2698  2.8627715e+02  2.8443180e+02  1.9213583e+02
4.1290034e-01      3532  2.3811271e+02  2.4007540e+02  1.4996235e+02
4.6319578e-01      4702  1.9688233e+02  1.9313738e+02  1.1022276e+02
5.1570195e-01      6019  1.6729987e+02  1.6917511e+02  9.1597104e+01
5.7047444e-01      7766  1.4244540e+02  1.4229825e+02  7.0982715e+01
6.2844883e-01     10012  1.2704992e+02  1.2504252e+02  5.5631594e+01
6.8955465e-01     12589  1.1204308e+02  1.1237447e+02  4.6204288e+01
7.5323141e-01     15650  1.0018352e+02  1.0103786e+02  3.7834722e+01
8.2032763e-01     19757  8.7670146e+01  8.7393745e+01  3.0437510e+01
8.9088605e-01     24241  8.0320753e+01  7.9506564e+01  2.4828587e+01
9.6481958e-01     29993  7.1577534e+01  7.0994611e+01  2.0595303e+01
1.0423453e+00     36494  6.5641937e+01  6.5281348e+01  1.7164853e+01
1.1237267e+00     44825  5.9689394e+01  5.9433868e+01  1.4340869e+01
1.2089588e+00     53906  5.5314283e+01  5.5161542e+01  1.2030194e+01
1.2983336e+00     65729  5.0741527e+01  5.0598134e+01  1.0115385e+01
1.3921058e+00     78746  4.6825038e+01  4.6677232e+01  8.5277834e+00
1.4900211e+00     94374  4.3098666e+01  4.2964960e+01  7.2181445e+00
1.5921784e+00    112166  4.0063364e+01  4.0029866e+01  6.1434044e+00
1.6991083e+00    134373  3.7054552e+01  3.7059271e+01  5.2341635e+00
1.8110248e+00    159077  3.4278417e+01  3.4232549e+01  4.4623281e+00
1.9277595e+00    188172  3.1847602e+01  3.1808246e+01  3.8198387e+00
2.0497441e+00    222492  2.9463589e+01  2.9451071e+01  3.2791309e+00
2.1771282e+00    261771  2.7241461e+01  2.7217893e+01  2.8182843e+00
2.3098450e+00    306759  2.5271623e+01  2.5252105e+01  2.4289699e+00
2.4484375e+00    360898  2.3309069e+01  2.3289347e+01  2.0970623e+00
2.5937215e+00    425046  2.1560983e+01  2.1543002e+01  1.8127762e+00
2.7470320e+00    505555  1.9896428e+01  1.9878816e+01  1.5672060e+00
2.9094444e+00    600292  1.8297260e+01  1.8280824e+01  1.3544550e+00
3.0813867e+00    712930  1.6823945e+01  1.6809043e+01  1.1702340e+00
3.2634403e+00    846715  1.5385908e+01  1.5372218e+01  1.0107342e+00
3.4562097e+00   1005596  1.4071881e+01  1.4059501e+01  8.7272908e-01
3.6603648e+00   1194719  1.2827102e+01  1.2815733e+01  7.5329065e-01
3.8766358e+00   1419743  1.1604596e+01  1.1594164e+01  6.4994383e-01
4.1057220e+00   1686576  1.0554601e+01  1.0545124e+01  5.6061236e-01
4.3483372e+00   2003484  9.5541426e+00  9.5455291e+00  4.8339484e-01
4.6052142e+00   2378778  8.6183473e+00  8.6105314e+00  4.1668666e-01
4.8773359e+00   2828400  7.7800460e+00  7.7729471e+00  3.5907003e-01
5.1655179e+00   3356890  6.9918978e+00  6.9855144e+00  3.0933827e-01
5.4707002e+00   3990317  6.2802264e+00  6.2744936e+00  2.6642674e-01
5.7939476e+00   4738457  5.6276330e+00  5.6223998e+00  2.2937680e-01
6.1362572e+00   5629661  5.0444728e+00  5.0398847e+00  1.9744807e-01
6.4988210e+00   6687903  4.5113493e+00  4.5071354e+00  1.6989897e-01
6.8828355e+00   7945758  4.0321009e+00  4.0283628e+00  1.4616098e-01
7.2895050e+00   9436555  3.5970440e+00  3.5937132e+00  1.2570552e-01
7.7201584e+00  11210320  3.2099611e+00  3.2069076e+00  1.0808606e-01
8.1762927e+00  13318613  2.8588471e+00  2.8561383e+00  9.2911619e-02
8.6593661e+00  15819192  2.5457498e+00  2.5433712e+00  7.9853431e-02
9.1709925e+00  18795348  2.2645660e+00  2.2624024e+00  6.8602812e-02
9.7128705e+00  22326034  2.0106196e+00  2.0087010e+00  5.8927066e-02
1.0286736e+01  26520842  1.7868773e+00  1.7851280e+00  5.0605784e-02
1.0894484e+01  31503438  1.5879327e+00  1.5864162e+00  4.3463103e-02
1.1538156e+01  37426927  1.4098220e+00  1.4084709e+00  3.7319523e-02
1.2220385e+01  44525830  1.2528860e+00  1.2516781e+00  3.2033127e-02
