# Power spectrum from CO𝘕CEPT job 4547573 at t = 4.5275358 Gyr, a = 0.41666667
#
# Components:
#   0: matter  (upstream grid size 1024)
#
#                           grid size 1024
# ╭────────────────────────────────────────────────────────────────╮
#                         component 0    (corrected)      (linear)
#                        σ₈ = 3.93e-01  σ₈ = 3.92e-01  σ₈ = 3.81e-01
#  k [Mpc⁻¹]    modes       P [Mpc³]       P [Mpc³]       P [Mpc³]
2.4543693e-02         3  1.3073082e+04  1.3073082e+04  1.3225407e+04
4.6570361e-02        25  6.9479892e+03  7.0458599e+03  7.0892895e+03
8.3521561e-02       124  3.0619097e+03  2.9862785e+03  3.0206109e+03
1.3383638e-01       418  1.4387314e+03  1.4198183e+03  1.3328058e+03
1.8592088e-01       730  7.8740434e+02  8.0555265e+02  7.5539993e+02
2.3260504e-01      1012  5.5476284e+02  5.5099780e+02  4.5374817e+02
2.7635505e-01      1408  4.2048663e+02  4.2101715e+02  3.2775011e+02
3.1919121e-01      1841  3.2859014e+02  3.2672598e+02  2.3539926e+02
3.6464415e-01      2698  2.5926783e+02  2.5759658e+02  1.7774825e+02
4.1290034e-01      3532  2.1401060e+02  2.1577461e+02  1.3873283e+02
4.6319578e-01      4702  1.7639852e+02  1.7304320e+02  1.0196904e+02
5.1570195e-01      6019  1.4973743e+02  1.5141582e+02  8.4738111e+01
5.7047444e-01      7766  1.2721287e+02  1.2708146e+02  6.5667374e+01
6.2844883e-01     10012  1.1307640e+02  1.1128979e+02  5.1465779e+01
6.8955465e-01     12589  9.9373495e+01  9.9667413e+01  4.2744412e+01
7.5323141e-01     15650  8.8508549e+01  8.9263328e+01  3.5001578e+01
8.2032763e-01     19757  7.7248521e+01  7.7004977e+01  2.8158285e+01
8.9088605e-01     24241  7.0580787e+01  6.9865330e+01  2.2969370e+01
9.6481958e-01     29993  6.2750553e+01  6.2239516e+01  1.9053084e+01
1.0423453e+00     36494  5.7368045e+01  5.7052907e+01  1.5879513e+01
1.1237267e+00     44825  5.2173552e+01  5.1950200e+01  1.3266995e+01
1.2089588e+00     53906  4.8220116e+01  4.8086965e+01  1.1129349e+01
1.2983336e+00     65729  4.4123420e+01  4.3998730e+01  9.3579246e+00
1.3921058e+00     78746  4.0695514e+01  4.0567056e+01  7.8892060e+00
1.4900211e+00     94374  3.7356830e+01  3.7240937e+01  6.6776356e+00
1.5921784e+00    112166  3.4829585e+01  3.4800463e+01  5.6833744e+00
1.6991083e+00    134373  3.2058902e+01  3.2062984e+01  4.8422193e+00
1.8110248e+00    159077  2.9668343e+01  2.9628643e+01  4.1281806e+00
1.9277595e+00    188172  2.7512190e+01  2.7478192e+01  3.5338022e+00
2.0497441e+00    222492  2.5423004e+01  2.5412203e+01  3.0335837e+00
2.1771282e+00    261771  2.3562607e+01  2.3542222e+01  2.6072462e+00
2.3098450e+00    306759  2.1856325e+01  2.1839445e+01  2.2470845e+00
2.4484375e+00    360898  2.0185695e+01  2.0168616e+01  1.9400308e+00
2.5937215e+00    425046  1.8717253e+01  1.8701643e+01  1.6770327e+00
2.7470320e+00    505555  1.7301743e+01  1.7286427e+01  1.4498512e+00
2.9094444e+00    600292  1.5922269e+01  1.5907966e+01  1.2530315e+00
3.0813867e+00    712930  1.4662512e+01  1.4649525e+01  1.0826053e+00
3.2634403e+00    846715  1.3444801e+01  1.3432838e+01  9.3504911e-01
3.4562097e+00   1005596  1.2296087e+01  1.2285269e+01  8.0737812e-01
3.6603648e+00   1194719  1.1218743e+01  1.1208799e+01  6.9688346e-01
3.8766358e+00   1419743  1.0206115e+01  1.0196940e+01  6.0127544e-01
4.1057220e+00   1686576  9.3131182e+00  9.3047562e+00  5.1863329e-01
4.3483372e+00   2003484  8.4149570e+00  8.4073705e+00  4.4719795e-01
4.6052142e+00   2378778  7.6208471e+00  7.6139359e+00  3.8548499e-01
4.8773359e+00   2828400  6.8877886e+00  6.8815039e+00  3.3218280e-01
5.1655179e+00   3356890  6.1969175e+00  6.1912599e+00  2.8617504e-01
5.4707002e+00   3990317  5.5890667e+00  5.5839649e+00  2.4647679e-01
5.7939476e+00   4738457  5.0166697e+00  5.0120046e+00  2.1220121e-01
6.1362572e+00   5629661  4.5006315e+00  4.4965381e+00  1.8266335e-01
6.4988210e+00   6687903  4.0377694e+00  4.0339978e+00  1.5717716e-01
6.8828355e+00   7945758  3.6119463e+00  3.6085978e+00  1.3521670e-01
7.2895050e+00   9436555  3.2267061e+00  3.2237182e+00  1.1629297e-01
7.7201584e+00  11210320  2.8853575e+00  2.8826128e+00  9.9992875e-02
8.1762927e+00  13318613  2.5736811e+00  2.5712425e+00  8.5954707e-02
8.6593661e+00  15819192  2.2950570e+00  2.2929126e+00  7.3874325e-02
9.1709925e+00  18795348  2.0439038e+00  2.0419510e+00  6.3466159e-02
9.7128705e+00  22326034  1.8208745e+00  1.8191371e+00  5.4514936e-02
1.0286736e+01  26520842  1.6208428e+00  1.6192561e+00  4.6816753e-02
1.0894484e+01  31503438  1.4417773e+00  1.4404003e+00  4.0208915e-02
1.1538156e+01  37426927  1.2823148e+00  1.2810859e+00  3.4525364e-02
1.2220385e+01  44525830  1.1405140e+00  1.1394145e+00  2.9634809e-02
