# Power spectrum from CO𝘕CEPT job 4547573 at t = 6.281858 Gyr, a = 0.52631579
#
# Components:
#   0: matter  (upstream grid size 1024)
#
#                           grid size 1024
# ╭────────────────────────────────────────────────────────────────╮
#                         component 0    (corrected)      (linear)
#                        σ₈ = 4.90e-01  σ₈ = 4.89e-01  σ₈ = 4.69e-01
#  k [Mpc⁻¹]    modes       P [Mpc³]       P [Mpc³]       P [Mpc³]
2.4543693e-02         3  1.9738228e+04  1.9738228e+04  2.0045819e+04
4.6570361e-02        25  1.0495051e+04  1.0642886e+04  1.0744166e+04
8.3521561e-02       124  4.6724678e+03  4.5570548e+03  4.5777051e+03
1.3383638e-01       418  2.2266416e+03  2.1973709e+03  2.0198285e+03
1.8592088e-01       730  1.2444289e+03  1.2731108e+03  1.1447820e+03
2.3260504e-01      1012  8.9646771e+02  8.9038361e+02  6.8763827e+02
2.7635505e-01      1408  6.9509530e+02  6.9597228e+02  4.9669254e+02
3.1919121e-01      1841  5.6166282e+02  5.5847640e+02  3.5673822e+02
3.6464415e-01      2698  4.4553286e+02  4.4266094e+02  2.6937032e+02
4.1290034e-01      3532  3.8358800e+02  3.8674979e+02  2.1024396e+02
4.6319578e-01      4702  3.2304988e+02  3.1690506e+02  1.5452989e+02
5.1570195e-01      6019  2.7745629e+02  2.8056627e+02  1.2841711e+02
5.7047444e-01      7766  2.3809816e+02  2.3785220e+02  9.9516183e+01
6.2844883e-01     10012  2.1289663e+02  2.0953284e+02  7.7994245e+01
6.8955465e-01     12589  1.9175033e+02  1.9231748e+02  6.4777369e+01
7.5323141e-01     15650  1.7305176e+02  1.7452751e+02  5.3043423e+01
8.2032763e-01     19757  1.5294103e+02  1.5245885e+02  4.2672696e+01
8.9088605e-01     24241  1.4162242e+02  1.4018683e+02  3.4809111e+01
9.6481958e-01     29993  1.2821997e+02  1.2717575e+02  2.8874142e+01
1.0423453e+00     36494  1.1823848e+02  1.1758896e+02  2.4064727e+01
1.1237267e+00     44825  1.0854156e+02  1.0807690e+02  2.0105565e+01
1.2089588e+00     53906  1.0047072e+02  1.0019329e+02  1.6866052e+01
1.2983336e+00     65729  9.2974458e+01  9.2711717e+01  1.4181532e+01
1.3921058e+00     78746  8.5163773e+01  8.4894949e+01  1.1955751e+01
1.4900211e+00     94374  7.8633836e+01  7.8389888e+01  1.0119667e+01
1.5921784e+00    112166  7.2288892e+01  7.2228450e+01  8.6129059e+00
1.6991083e+00    134373  6.6874743e+01  6.6883259e+01  7.3381709e+00
1.8110248e+00    159077  6.1909912e+01  6.1827069e+01  6.2560755e+00
1.9277595e+00    188172  5.7015921e+01  5.6945463e+01  5.3553201e+00
2.0497441e+00    222492  5.2511703e+01  5.2489393e+01  4.5972601e+00
2.1771282e+00    261771  4.8500577e+01  4.8458616e+01  3.9511638e+00
2.3098450e+00    306759  4.4433984e+01  4.4399667e+01  3.4053541e+00
2.4484375e+00    360898  4.0879355e+01  4.0844767e+01  2.9400273e+00
2.5937215e+00    425046  3.7496350e+01  3.7465080e+01  2.5414649e+00
2.7470320e+00    505555  3.4277408e+01  3.4247065e+01  2.1971812e+00
2.9094444e+00    600292  3.1314291e+01  3.1286163e+01  1.8989094e+00
3.0813867e+00    712930  2.8493445e+01  2.8468207e+01  1.6406358e+00
3.2634403e+00    846715  2.5836880e+01  2.5813892e+01  1.4170209e+00
3.4562097e+00   1005596  2.3458080e+01  2.3437443e+01  1.2235410e+00
3.6603648e+00   1194719  2.1193169e+01  2.1174384e+01  1.0560912e+00
3.8766358e+00   1419743  1.9108264e+01  1.9091085e+01  9.1120150e-01
4.1057220e+00   1686576  1.7195453e+01  1.7180014e+01  7.8596098e-01
4.3483372e+00   2003484  1.5505203e+01  1.5491225e+01  6.7770393e-01
4.6052142e+00   2378778  1.3925817e+01  1.3913188e+01  5.8418072e-01
4.8773359e+00   2828400  1.2443713e+01  1.2432358e+01  5.0340367e-01
5.1655179e+00   3356890  1.1150813e+01  1.1140633e+01  4.3368102e-01
5.4707002e+00   3990317  9.9822835e+00  9.9731714e+00  3.7352017e-01
5.7939476e+00   4738457  8.9173419e+00  8.9090495e+00  3.2157714e-01
6.1362572e+00   5629661  7.9596345e+00  7.9523950e+00  2.7681392e-01
6.4988210e+00   6687903  7.0793247e+00  7.0727121e+00  2.3819084e-01
6.8828355e+00   7945758  6.3108254e+00  6.3049747e+00  2.0491084e-01
7.2895050e+00   9436555  5.6110756e+00  5.6058798e+00  1.7623288e-01
7.7201584e+00  11210320  4.9882815e+00  4.9835364e+00  1.5153092e-01
8.1762927e+00  13318613  4.4305268e+00  4.4263287e+00  1.3025681e-01
8.6593661e+00  15819192  3.9308361e+00  3.9271634e+00  1.1194964e-01
9.1709925e+00  18795348  3.4862123e+00  3.4828815e+00  9.6176639e-02
9.7128705e+00  22326034  3.0891984e+00  3.0862506e+00  8.2611571e-02
1.0286736e+01  26520842  2.7376361e+00  2.7349562e+00  7.0945427e-02
1.0894484e+01  31503438  2.4207297e+00  2.4184177e+00  6.0931649e-02
1.1538156e+01  37426927  2.1420909e+00  2.1400380e+00  5.2318587e-02
1.2220385e+01  44525830  1.8967252e+00  1.8948966e+00  4.4907276e-02
