# Power spectrum from CO𝘕CEPT job 4547573 at t = 2.8500614 Gyr, a = 0.3030303
#
# Components:
#   0: matter  (upstream grid size 1024)
#
#                           grid size 1024
# ╭────────────────────────────────────────────────────────────────╮
#                         component 0    (corrected)      (linear)
#                        σ₈ = 2.87e-01  σ₈ = 2.86e-01  σ₈ = 2.82e-01
#  k [Mpc⁻¹]    modes       P [Mpc³]       P [Mpc³]       P [Mpc³]
2.4543693e-02         3  7.1879234e+03  7.1879234e+03  7.2437354e+03
4.6570361e-02        25  3.8166598e+03  3.8704220e+03  3.8833910e+03
8.3521561e-02       124  1.6724375e+03  1.6311271e+03  1.6547141e+03
1.3383638e-01       418  7.7147165e+02  7.6133015e+02  7.3013169e+02
1.8592088e-01       730  4.1473837e+02  4.2429738e+02  4.1382167e+02
2.3260504e-01      1012  2.8363381e+02  2.8170886e+02  2.4857186e+02
2.7635505e-01      1408  2.1076464e+02  2.1103056e+02  1.7954790e+02
3.1919121e-01      1841  1.5812889e+02  1.5723179e+02  1.2895637e+02
3.6464415e-01      2698  1.2381802e+02  1.2301988e+02  9.7374055e+01
4.1290034e-01      3532  9.7958815e+01  9.8766258e+01  7.6000647e+01
4.6319578e-01      4702  7.8604909e+01  7.7109745e+01  5.5860712e+01
5.1570195e-01      6019  6.6367240e+01  6.7111142e+01  4.6421270e+01
5.7047444e-01      7766  5.4958897e+01  5.4902123e+01  3.5973936e+01
6.2844883e-01     10012  4.7652903e+01  4.6899983e+01  2.8194015e+01
6.8955465e-01     12589  4.0435699e+01  4.0555297e+01  2.3416273e+01
7.5323141e-01     15650  3.4959027e+01  3.5257149e+01  1.9174591e+01
8.2032763e-01     19757  3.0096242e+01  3.0001356e+01  1.5425695e+01
8.9088605e-01     24241  2.6662439e+01  2.6392170e+01  1.2583101e+01
9.6481958e-01     29993  2.3417818e+01  2.3227104e+01  1.0437679e+01
1.0423453e+00     36494  2.0690453e+01  2.0576795e+01  8.6991315e+00
1.1237267e+00     44825  1.8622273e+01  1.8542552e+01  7.2679403e+00
1.2089588e+00     53906  1.6704887e+01  1.6658760e+01  6.0968934e+00
1.2983336e+00     65729  1.5049282e+01  1.5006753e+01  5.1264706e+00
1.3921058e+00     78746  1.3626420e+01  1.3583407e+01  4.3218761e+00
1.4900211e+00     94374  1.2314013e+01  1.2275811e+01  3.6581526e+00
1.5921784e+00    112166  1.1249451e+01  1.1240045e+01  3.1134757e+00
1.6991083e+00    134373  1.0261693e+01  1.0263000e+01  2.6526734e+00
1.8110248e+00    159077  9.4292185e+00  9.4166011e+00  2.2615081e+00
1.9277595e+00    188172  8.6626814e+00  8.6519764e+00  1.9358951e+00
2.0497441e+00    222492  8.0327732e+00  8.0293604e+00  1.6618649e+00
2.1771282e+00    261771  7.4070946e+00  7.4006864e+00  1.4283083e+00
2.3098450e+00    306759  6.8480600e+00  6.8427711e+00  1.2310041e+00
2.4484375e+00    360898  6.3491018e+00  6.3437299e+00  1.0627936e+00
2.5937215e+00    425046  5.9056041e+00  5.9006790e+00  9.1871769e-01
2.7470320e+00    505555  5.4851871e+00  5.4803315e+00  7.9426286e-01
2.9094444e+00    600292  5.0988187e+00  5.0942386e+00  6.8644080e-01
3.0813867e+00    712930  4.7218105e+00  4.7176282e+00  5.9307768e-01
3.2634403e+00    846715  4.3805048e+00  4.3766072e+00  5.1224323e-01
3.4562097e+00   1005596  4.0563624e+00  4.0527937e+00  4.4230229e-01
3.6603648e+00   1194719  3.7516395e+00  3.7483141e+00  3.8177091e-01
3.8766358e+00   1419743  3.4676615e+00  3.4645442e+00  3.2939474e-01
4.1057220e+00   1686576  3.1933835e+00  3.1905162e+00  2.8412154e-01
4.3483372e+00   2003484  2.9438532e+00  2.9411992e+00  2.4498767e-01
4.6052142e+00   2378778  2.7117459e+00  2.7092867e+00  2.1117992e-01
4.8773359e+00   2828400  2.4903129e+00  2.4880406e+00  1.8197977e-01
5.1655179e+00   3356890  2.2869174e+00  2.2848295e+00  1.5677566e-01
5.4707002e+00   3990317  2.0883081e+00  2.0864018e+00  1.3502803e-01
5.7939476e+00   4738457  1.9126820e+00  1.9109034e+00  1.1625106e-01
6.1362572e+00   5629661  1.7476754e+00  1.7460859e+00  1.0006951e-01
6.4988210e+00   6687903  1.5972447e+00  1.5957528e+00  8.6107553e-02
6.8828355e+00   7945758  1.4568680e+00  1.4555173e+00  7.4077066e-02
7.2895050e+00   9436555  1.3272773e+00  1.3260482e+00  6.3710164e-02
7.7201584e+00  11210320  1.2097072e+00  1.2085565e+00  5.4780547e-02
8.1762927e+00  13318613  1.1017425e+00  1.1006985e+00  4.7090063e-02
8.6593661e+00  15819192  1.0024688e+00  1.0015321e+00  4.0472097e-02
9.1709925e+00  18795348  9.1033762e-01  9.0946787e-01  3.4770206e-02
9.7128705e+00  22326034  8.2605850e-01  8.2527027e-01  2.9866463e-02
1.0286736e+01  26520842  7.4875281e-01  7.4801984e-01  2.5649164e-02
1.0894484e+01  31503438  6.7884186e-01  6.7819353e-01  2.2029181e-02
1.1538156e+01  37426927  6.1547218e-01  6.1488234e-01  1.8915544e-02
1.2220385e+01  44525830  5.5815915e-01  5.5762106e-01  1.6236328e-02
