# Power spectrum from CO𝘕CEPT job 4547573 at t = 8.5933302 Gyr, a = 0.66666667
#
# Components:
#   0: matter  (upstream grid size 1024)
#
#                           grid size 1024
# ╭────────────────────────────────────────────────────────────────╮
#                         component 0    (corrected)      (linear)
#                        σ₈ = 6.04e-01  σ₈ = 6.02e-01  σ₈ = 5.68e-01
#  k [Mpc⁻¹]    modes       P [Mpc³]       P [Mpc³]       P [Mpc³]
2.4543693e-02         3  2.8791732e+04  2.8791732e+04  2.9382059e+04
4.6570361e-02        25  1.5308597e+04  1.5524236e+04  1.5746518e+04
8.3521561e-02       124  6.9377914e+03  6.7664233e+03  6.7087433e+03
1.3383638e-01       418  3.3539081e+03  3.3098188e+03  2.9600687e+03
1.8592088e-01       730  1.9216952e+03  1.9659870e+03  1.6776760e+03
2.3260504e-01      1012  1.4134537e+03  1.4038610e+03  1.0077309e+03
2.7635505e-01      1408  1.1283585e+03  1.1297821e+03  7.2790003e+02
3.1919121e-01      1841  9.4582572e+02  9.4045987e+02  5.2279748e+02
3.6464415e-01      2698  7.5613241e+02  7.5125835e+02  3.9476024e+02
4.1290034e-01      3532  6.6799006e+02  6.7349608e+02  3.0811089e+02
4.6319578e-01      4702  5.7950832e+02  5.6848534e+02  2.2646231e+02
5.1570195e-01      6019  5.1411679e+02  5.1987946e+02  1.8819420e+02
5.7047444e-01      7766  4.5492369e+02  4.5445374e+02  1.4584011e+02
6.2844883e-01     10012  4.0250265e+02  3.9614307e+02  1.1429989e+02
6.8955465e-01     12589  3.6653957e+02  3.6762369e+02  9.4930658e+01
7.5323141e-01     15650  3.3876368e+02  3.4165257e+02  7.7734657e+01
8.2032763e-01     19757  3.0521331e+02  3.0425105e+02  6.2536444e+01
8.9088605e-01     24241  2.7716667e+02  2.7435711e+02  5.1012428e+01
9.6481958e-01     29993  2.5613935e+02  2.5405337e+02  4.2314783e+01
1.0423453e+00     36494  2.3238846e+02  2.3111189e+02  3.5266629e+01
1.1237267e+00     44825  2.1298715e+02  2.1207536e+02  2.9464512e+01
1.2089588e+00     53906  1.9902778e+02  1.9847820e+02  2.4717033e+01
1.2983336e+00     65729  1.8196672e+02  1.8145250e+02  2.0782895e+01
1.3921058e+00     78746  1.6671218e+02  1.6618594e+02  1.7521032e+01
1.4900211e+00     94374  1.5243661e+02  1.5196370e+02  1.4830268e+01
1.5921784e+00    112166  1.3946476e+02  1.3934815e+02  1.2622124e+01
1.6991083e+00    134373  1.2786949e+02  1.2788577e+02  1.0754011e+01
1.8110248e+00    159077  1.1680509e+02  1.1664880e+02  9.1682105e+00
1.9277595e+00    188172  1.0637621e+02  1.0624476e+02  7.8481620e+00
2.0497441e+00    222492  9.6495973e+01  9.6454976e+01  6.7372323e+00
2.1771282e+00    261771  8.8092670e+01  8.8016457e+01  5.7903843e+00
2.3098450e+00    306759  8.0654229e+01  8.0591938e+01  4.9905054e+00
2.4484375e+00    360898  7.3176630e+01  7.3114716e+01  4.3085736e+00
2.5937215e+00    425046  6.6722228e+01  6.6666584e+01  3.7244843e+00
2.7470320e+00    505555  6.0355295e+01  6.0301868e+01  3.2199400e+00
2.9094444e+00    600292  5.4676722e+01  5.4627608e+01  2.7828256e+00
3.0813867e+00    712930  4.9490755e+01  4.9446919e+01  2.4043284e+00
3.2634403e+00    846715  4.4600353e+01  4.4560669e+01  2.0766229e+00
3.4562097e+00   1005596  4.0350388e+01  4.0314889e+01  1.7930803e+00
3.6603648e+00   1194719  3.6196963e+01  3.6164879e+01  1.5476844e+00
3.8766358e+00   1419743  3.2539435e+01  3.2510182e+01  1.3353500e+00
4.1057220e+00   1686576  2.9139820e+01  2.9113656e+01  1.1518114e+00
4.3483372e+00   2003484  2.6114355e+01  2.6090812e+01  9.9316195e-01
4.6052142e+00   2378778  2.3416712e+01  2.3395476e+01  8.5610478e-01
4.8773359e+00   2828400  2.0948249e+01  2.0929135e+01  7.3772697e-01
5.1655179e+00   3356890  1.8714683e+01  1.8697597e+01  6.3554928e-01
5.4707002e+00   3990317  1.6709345e+01  1.6694092e+01  5.4738433e-01
5.7939476e+00   4738457  1.4903994e+01  1.4890134e+01  4.7126250e-01
6.1362572e+00   5629661  1.3301356e+01  1.3289258e+01  4.0566261e-01
6.4988210e+00   6687903  1.1855602e+01  1.1844528e+01  3.4906103e-01
6.8828355e+00   7945758  1.0540035e+01  1.0530263e+01  3.0028970e-01
7.2895050e+00   9436555  9.3712629e+00  9.3625852e+00  2.5826259e-01
7.7201584e+00  11210320  8.3269820e+00  8.3190610e+00  2.2206227e-01
8.1762927e+00  13318613  7.3966281e+00  7.3896196e+00  1.9088544e-01
8.6593661e+00  15819192  6.5536475e+00  6.5475243e+00  1.6405662e-01
9.1709925e+00  18795348  5.8044709e+00  5.7989252e+00  1.4094160e-01
9.7128705e+00  22326034  5.1286142e+00  5.1237205e+00  1.2106228e-01
1.0286736e+01  26520842  4.5348023e+00  4.5303630e+00  1.0396581e-01
1.0894484e+01  31503438  4.0065510e+00  4.0027246e+00  8.9290856e-02
1.1538156e+01  37426927  3.5369713e+00  3.5335816e+00  7.6668637e-02
1.2220385e+01  44525830  3.1214470e+00  3.1184378e+00  6.5807572e-02
