# Power spectrum from CO𝘕CEPT job 4547573 at t = 7.9067209 Gyr, a = 0.625
#
# Components:
#   0: matter  (upstream grid size 1024)
#
#                           grid size 1024
# ╭────────────────────────────────────────────────────────────────╮
#                         component 0    (corrected)      (linear)
#                        σ₈ = 5.71e-01  σ₈ = 5.70e-01  σ₈ = 5.40e-01
#  k [Mpc⁻¹]    modes       P [Mpc³]       P [Mpc³]       P [Mpc³]
2.4543693e-02         3  2.6099182e+04  2.6099182e+04  2.6597050e+04
4.6570361e-02        25  1.3877860e+04  1.4073346e+04  1.4254383e+04
8.3521561e-02       124  6.2539864e+03  6.0995088e+03  6.0730963e+03
1.3383638e-01       418  3.0113901e+03  2.9718035e+03  2.6796155e+03
1.8592088e-01       730  1.7135603e+03  1.7530549e+03  1.5187257e+03
2.3260504e-01      1012  1.2536103e+03  1.2451024e+03  9.1225452e+02
2.7635505e-01      1408  9.9268332e+02  9.9393576e+02  6.5893614e+02
3.1919121e-01      1841  8.2354332e+02  8.1887120e+02  4.7326583e+02
3.6464415e-01      2698  6.5677041e+02  6.5253684e+02  3.5735932e+02
4.1290034e-01      3532  5.7758740e+02  5.8234827e+02  2.7891945e+02
4.6319578e-01      4702  4.9764818e+02  4.8818228e+02  2.0500653e+02
5.1570195e-01      6019  4.3710636e+02  4.4200584e+02  1.7036408e+02
5.7047444e-01      7766  3.8270882e+02  3.8231348e+02  1.3202276e+02
6.2844883e-01     10012  3.3823102e+02  3.3288694e+02  1.0347076e+02
6.8955465e-01     12589  3.0861778e+02  3.0953058e+02  8.5936633e+01
7.5323141e-01     15650  2.8313211e+02  2.8554659e+02  7.0369836e+01
8.2032763e-01     19757  2.5204129e+02  2.5124667e+02  5.6611550e+01
8.9088605e-01     24241  2.3098609e+02  2.2864465e+02  4.6179356e+01
9.6481958e-01     29993  2.1293247e+02  2.1119836e+02  3.8305753e+01
1.0423453e+00     36494  1.9256442e+02  1.9150661e+02  3.1925362e+01
1.1237267e+00     44825  1.7800680e+02  1.7724476e+02  2.6672956e+01
1.2089588e+00     53906  1.6543426e+02  1.6497745e+02  2.2375268e+01
1.2983336e+00     65729  1.5167801e+02  1.5124937e+02  1.8813862e+01
1.3921058e+00     78746  1.3956030e+02  1.3911977e+02  1.5861039e+01
1.4900211e+00     94374  1.2787373e+02  1.2747702e+02  1.3425206e+01
1.5921784e+00    112166  1.1797172e+02  1.1787309e+02  1.1426268e+01
1.6991083e+00    134373  1.0849873e+02  1.0851255e+02  9.7351459e+00
1.8110248e+00    159077  9.9626633e+01  9.9493321e+01  8.2995887e+00
1.9277595e+00    188172  9.0882217e+01  9.0769908e+01  7.1046055e+00
2.0497441e+00    222492  8.3248454e+01  8.3213086e+01  6.0989287e+00
2.1771282e+00    261771  7.6253356e+01  7.6187385e+01  5.2417879e+00
2.3098450e+00    306759  6.9804434e+01  6.9750522e+01  4.5176919e+00
2.4484375e+00    360898  6.3344811e+01  6.3291216e+01  3.9003683e+00
2.5937215e+00    425046  5.7593565e+01  5.7545534e+01  3.3716174e+00
2.7470320e+00    505555  5.2120066e+01  5.2073929e+01  2.9148750e+00
2.9094444e+00    600292  4.7335250e+01  4.7292730e+01  2.5191741e+00
3.0813867e+00    712930  4.2860704e+01  4.2822741e+01  2.1765369e+00
3.2634403e+00    846715  3.8605198e+01  3.8570848e+01  1.8798792e+00
3.4562097e+00   1005596  3.4814312e+01  3.4783683e+01  1.6232001e+00
3.6603648e+00   1194719  3.1371873e+01  3.1344066e+01  1.4010537e+00
3.8766358e+00   1419743  2.8213929e+01  2.8188565e+01  1.2088366e+00
4.1057220e+00   1686576  2.5326926e+01  2.5304186e+01  1.0426869e+00
4.3483372e+00   2003484  2.2684832e+01  2.2664381e+01  8.9906832e-01
4.6052142e+00   2378778  2.0358152e+01  2.0339689e+01  7.7499631e-01
4.8773359e+00   2828400  1.8207174e+01  1.8190561e+01  6.6783392e-01
5.1655179e+00   3356890  1.6305564e+01  1.6290677e+01  5.7533681e-01
5.4707002e+00   3990317  1.4577290e+01  1.4563984e+01  4.9552483e-01
5.7939476e+00   4738457  1.3008960e+01  1.2996862e+01  4.2661497e-01
6.1362572e+00   5629661  1.1608310e+01  1.1597752e+01  3.6723016e-01
6.4988210e+00   6687903  1.0333673e+01  1.0324020e+01  3.1599115e-01
6.8828355e+00   7945758  9.1882553e+00  9.1797370e+00  2.7184052e-01
7.2895050e+00   9436555  8.1798559e+00  8.1722815e+00  2.3379514e-01
7.7201584e+00  11210320  7.2679792e+00  7.2610655e+00  2.0102452e-01
8.1762927e+00  13318613  6.4510839e+00  6.4449714e+00  1.7280143e-01
8.6593661e+00  15819192  5.7169489e+00  5.7116073e+00  1.4851442e-01
9.1709925e+00  18795348  5.0689016e+00  5.0640587e+00  1.2758935e-01
9.7128705e+00  22326034  4.4896489e+00  4.4853648e+00  1.0959342e-01
1.0286736e+01  26520842  3.9774963e+00  3.9736026e+00  9.4116683e-02
1.0894484e+01  31503438  3.5199378e+00  3.5165761e+00  8.0832048e-02
1.1538156e+01  37426927  3.1091827e+00  3.1062030e+00  6.9405664e-02
1.2220385e+01  44525830  2.7414245e+00  2.7387817e+00  5.9573577e-02
