# Power spectrum from CO𝘕CEPT job 4547573 at t = 4.2702806 Gyr, a = 0.4
#
# Components:
#   0: matter  (upstream grid size 1024)
#
#                           grid size 1024
# ╭────────────────────────────────────────────────────────────────╮
#                         component 0    (corrected)      (linear)
#                        σ₈ = 3.78e-01  σ₈ = 3.77e-01  σ₈ = 3.67e-01
#  k [Mpc⁻¹]    modes       P [Mpc³]       P [Mpc³]       P [Mpc³]
2.4543693e-02         3  1.2130765e+04  1.2130765e+04  1.2264959e+04
4.6570361e-02        25  6.4464839e+03  6.5372902e+03  6.5745685e+03
8.3521561e-02       124  2.8375975e+03  2.7675070e+03  2.8013160e+03
1.3383638e-01       418  1.3300804e+03  1.3125957e+03  1.2360472e+03
1.8592088e-01       730  7.2573400e+02  7.4246091e+02  7.0056011e+02
2.3260504e-01      1012  5.0932940e+02  5.0587270e+02  4.2080749e+02
2.7635505e-01      1408  3.8484796e+02  3.8533351e+02  3.0395654e+02
3.1919121e-01      1841  2.9904756e+02  2.9735101e+02  2.1831006e+02
3.6464415e-01      2698  2.3575013e+02  2.3423048e+02  1.6484434e+02
4.1290034e-01      3532  1.9324105e+02  1.9483387e+02  1.2866131e+02
4.6319578e-01      4702  1.5880384e+02  1.5578319e+02  9.4566441e+01
5.1570195e-01      6019  1.3469349e+02  1.3620326e+02  7.8586423e+01
5.7047444e-01      7766  1.1414233e+02  1.1402442e+02  6.0900156e+01
6.2844883e-01     10012  1.0110765e+02  9.9510138e+01  4.7729547e+01
6.8955465e-01     12589  8.8550248e+01  8.8812154e+01  3.9641320e+01
7.5323141e-01     15650  7.8550330e+01  7.9220188e+01  3.2460589e+01
8.2032763e-01     19757  6.8398721e+01  6.8183078e+01  2.6114095e+01
8.9088605e-01     24241  6.2311409e+01  6.1679777e+01  2.1301877e+01
9.6481958e-01     29993  5.5289837e+01  5.4839559e+01  1.7669899e+01
1.0423453e+00     36494  5.0353320e+01  5.0076715e+01  1.4726719e+01
1.1237267e+00     44825  4.5805846e+01  4.5609755e+01  1.2303860e+01
1.2089588e+00     53906  4.2191563e+01  4.2075059e+01  1.0321399e+01
1.2983336e+00     65729  3.8523923e+01  3.8415056e+01  8.6785740e+00
1.3921058e+00     78746  3.5489832e+01  3.5377806e+01  7.3164791e+00
1.4900211e+00     94374  3.2529537e+01  3.2428619e+01  6.1928644e+00
1.5921784e+00    112166  3.0345987e+01  3.0320614e+01  5.2707829e+00
1.6991083e+00    134373  2.7796590e+01  2.7800129e+01  4.4906927e+00
1.8110248e+00    159077  2.5747180e+01  2.5712728e+01  3.8284906e+00
1.9277595e+00    188172  2.3820799e+01  2.3791362e+01  3.2772619e+00
2.0497441e+00    222492  2.2013240e+01  2.2003887e+01  2.8133574e+00
2.1771282e+00    261771  2.0474378e+01  2.0456664e+01  2.4179705e+00
2.3098450e+00    306759  1.8994774e+01  1.8980104e+01  2.0839552e+00
2.4484375e+00    360898  1.7566983e+01  1.7552120e+01  1.7991924e+00
2.5937215e+00    425046  1.6308268e+01  1.6294667e+01  1.5552870e+00
2.7470320e+00    505555  1.5109970e+01  1.5096594e+01  1.3445981e+00
2.9094444e+00    600292  1.3924900e+01  1.3912392e+01  1.1620667e+00
3.0813867e+00    712930  1.2831997e+01  1.2820631e+01  1.0040129e+00
3.2634403e+00    846715  1.1792354e+01  1.1781861e+01  8.6716870e-01
3.4562097e+00   1005596  1.0818240e+01  1.0808723e+01  7.4876614e-01
3.6603648e+00   1194719  9.8943936e+00  9.8856234e+00  6.4629297e-01
3.8766358e+00   1419743  9.0572910e+00  9.0491486e+00  5.5762573e-01
4.1057220e+00   1686576  8.2557105e+00  8.2482978e+00  4.8098308e-01
4.3483372e+00   2003484  7.4872897e+00  7.4805396e+00  4.1473367e-01
4.6052142e+00   2378778  6.7980892e+00  6.7919241e+00  3.5750083e-01
4.8773359e+00   2828400  6.1516518e+00  6.1460388e+00  3.0806816e-01
5.1655179e+00   3356890  5.5466114e+00  5.5415474e+00  2.6540037e-01
5.4707002e+00   3990317  4.9991901e+00  4.9946267e+00  2.2858406e-01
5.7939476e+00   4738457  4.4913032e+00  4.4871267e+00  1.9679674e-01
6.1362572e+00   5629661  4.0360742e+00  4.0324032e+00  1.6940320e-01
6.4988210e+00   6687903  3.6200051e+00  3.6166237e+00  1.4576720e-01
6.8828355e+00   7945758  3.2417945e+00  3.2387891e+00  1.2540097e-01
7.2895050e+00   9436555  2.8998457e+00  2.8971605e+00  1.0785102e-01
7.7201584e+00  11210320  2.5963965e+00  2.5939267e+00  9.2734233e-02
8.1762927e+00  13318613  2.3210354e+00  2.3188362e+00  7.9715168e-02
8.6593661e+00  15819192  2.0714822e+00  2.0695468e+00  6.8511762e-02
9.1709925e+00  18795348  1.8506782e+00  1.8489101e+00  5.8859174e-02
9.7128705e+00  22326034  1.6499846e+00  1.6484102e+00  5.0557762e-02
1.0286736e+01  26520842  1.4704629e+00  1.4690234e+00  4.3418425e-02
1.0894484e+01  31503438  1.3105020e+00  1.3092504e+00  3.7290277e-02
1.1538156e+01  37426927  1.1677627e+00  1.1666436e+00  3.2019318e-02
1.2220385e+01  44525830  1.0406640e+00  1.0396607e+00  2.7483786e-02
