# Power spectrum from CO𝘕CEPT job 4547573 at t = 2.5067012 Gyr, a = 0.27777778
#
# Components:
#   0: matter  (upstream grid size 1024)
#
#                           grid size 1024
# ╭────────────────────────────────────────────────────────────────╮
#                         component 0    (corrected)      (linear)
#                        σ₈ = 2.63e-01  σ₈ = 2.63e-01  σ₈ = 2.59e-01
#  k [Mpc⁻¹]    modes       P [Mpc³]       P [Mpc³]       P [Mpc³]
2.4543693e-02         3  6.0779185e+03  6.0779185e+03  6.1201758e+03
4.6570361e-02        25  3.2264179e+03  3.2718658e+03  3.2811483e+03
8.3521561e-02       124  1.4130474e+03  1.3781442e+03  1.3981133e+03
1.3383638e-01       418  6.4879885e+02  6.4026997e+02  6.1691031e+02
1.8592088e-01       730  3.4784386e+02  3.5586107e+02  3.4965079e+02
2.3260504e-01      1012  2.3605226e+02  2.3445023e+02  2.1002617e+02
2.7635505e-01      1408  1.7470394e+02  1.7492436e+02  1.5170570e+02
3.1919121e-01      1841  1.2987989e+02  1.2914306e+02  1.0895933e+02
3.6464415e-01      2698  1.0145204e+02  1.0079807e+02  8.2274437e+01
4.1290034e-01      3532  7.9712205e+01  8.0369246e+01  6.4215369e+01
4.6319578e-01      4702  6.3433044e+01  6.2226468e+01  4.7198499e+01
5.1570195e-01      6019  5.3459512e+01  5.4058734e+01  3.9222815e+01
5.7047444e-01      7766  4.3984586e+01  4.3939149e+01  3.0395530e+01
6.2844883e-01     10012  3.7867533e+01  3.7269222e+01  2.3822026e+01
6.8955465e-01     12589  3.1804783e+01  3.1898852e+01  1.9785160e+01
7.5323141e-01     15650  2.7342588e+01  2.7575759e+01  1.6201227e+01
8.2032763e-01     19757  2.3472941e+01  2.3398937e+01  1.3033665e+01
8.9088605e-01     24241  2.0602362e+01  2.0393522e+01  1.0631866e+01
9.6481958e-01     29993  1.8010448e+01  1.7863772e+01  8.8191307e+00
1.0423453e+00     36494  1.5777484e+01  1.5690814e+01  7.3501764e+00
1.1237267e+00     44825  1.4085907e+01  1.4025607e+01  6.1409171e+00
1.2089588e+00     53906  1.2562622e+01  1.2527933e+01  5.1514621e+00
1.2983336e+00     65729  1.1240651e+01  1.1208885e+01  4.3315207e+00
1.3921058e+00     78746  1.0113361e+01  1.0081438e+01  3.6516930e+00
1.4900211e+00     94374  9.0989552e+00  9.0707272e+00  3.0908918e+00
1.5921784e+00    112166  8.2571058e+00  8.2502018e+00  2.6306767e+00
1.6991083e+00    134373  7.4871847e+00  7.4881381e+00  2.2413301e+00
1.8110248e+00    159077  6.8471755e+00  6.8380132e+00  1.9108220e+00
1.9277595e+00    188172  6.2712882e+00  6.2635384e+00  1.6357011e+00
2.0497441e+00    222492  5.7758554e+00  5.7734015e+00  1.4041642e+00
2.1771282e+00    261771  5.3028526e+00  5.2982648e+00  1.2068247e+00
2.3098450e+00    306759  4.8853815e+00  4.8816084e+00  1.0401160e+00
2.4484375e+00    360898  4.5255620e+00  4.5217330e+00  8.9798954e-01
2.5937215e+00    425046  4.1978892e+00  4.1943883e+00  7.7625513e-01
2.7470320e+00    505555  3.8872408e+00  3.8837997e+00  6.7109922e-01
2.9094444e+00    600292  3.5943781e+00  3.5911494e+00  5.7999688e-01
3.0813867e+00    712930  3.3219725e+00  3.3190301e+00  5.0111135e-01
3.2634403e+00    846715  3.0818740e+00  3.0791318e+00  4.3281170e-01
3.4562097e+00   1005596  2.8557126e+00  2.8532002e+00  3.7371633e-01
3.6603648e+00   1194719  2.6473279e+00  2.6449814e+00  3.2257140e-01
3.8766358e+00   1419743  2.4534801e+00  2.4512745e+00  2.7831706e-01
4.1057220e+00   1686576  2.2639243e+00  2.2618916e+00  2.4006426e-01
4.3483372e+00   2003484  2.0956593e+00  2.0937699e+00  2.0699877e-01
4.6052142e+00   2378778  1.9357980e+00  1.9340424e+00  1.7843349e-01
4.8773359e+00   2828400  1.7832194e+00  1.7815923e+00  1.5376132e-01
5.1655179e+00   3356890  1.6412820e+00  1.6397835e+00  1.3246553e-01
5.4707002e+00   3990317  1.5073912e+00  1.5060152e+00  1.1409024e-01
5.7939476e+00   4738457  1.3860837e+00  1.3847947e+00  9.8224950e-02
6.1362572e+00   5629661  1.2723690e+00  1.2712118e+00  8.4552615e-02
6.4988210e+00   6687903  1.1694207e+00  1.1683284e+00  7.2755688e-02
6.8828355e+00   7945758  1.0768950e+00  1.0758966e+00  6.2590721e-02
7.2895050e+00   9436555  9.9052726e-01  9.8961005e-01  5.3831371e-02
7.7201584e+00  11210320  9.1114332e-01  9.1027659e-01  4.6286429e-02
8.1762927e+00  13318613  8.3874454e-01  8.3794981e-01  3.9788472e-02
8.6593661e+00  15819192  7.7100506e-01  7.7028468e-01  3.4196720e-02
9.1709925e+00  18795348  7.0867117e-01  7.0799410e-01  2.9378990e-02
9.7128705e+00  22326034  6.5016408e-01  6.4954369e-01  2.5235640e-02
1.0286736e+01  26520842  5.9598107e-01  5.9539765e-01  2.1672291e-02
1.0894484e+01  31503438  5.4565155e-01  5.4513042e-01  1.8613633e-02
1.1538156e+01  37426927  4.9955729e-01  4.9907854e-01  1.5982804e-02
1.2220385e+01  44525830  4.5715268e-01  4.5671196e-01  1.3719031e-02
