# Power spectrum from CO𝘕CEPT job 4701174 at t = 11.277962 Gyr, a = 0.83333333
#
# Components:
#   0: matter  (upstream grid size 1024)
#
#                           grid size 1024
# ╭────────────────────────────────────────────────────────────────╮
#                         component 0    (corrected)      (linear)
#                        σ₈ = 7.18e-01  σ₈ = 7.18e-01  σ₈ = 6.63e-01
#  k [Mpc⁻¹]    modes       P [Mpc³]       P [Mpc³]       P [Mpc³]
3.0679616e-03         3  3.6492501e+04  3.6492501e+04  3.6486790e+04
5.8212951e-03        25  5.3122952e+04  5.3388815e+04  5.3353237e+04
1.0440195e-02       124  6.1009318e+04  6.1709761e+04  6.2316307e+04
1.6729547e-02       418  5.5167156e+04  5.5671272e+04  5.5648047e+04
2.3240110e-02       730  4.1968818e+04  4.1977081e+04  4.2738560e+04
2.9075630e-02      1012  3.3409631e+04  3.3328684e+04  3.3402442e+04
3.4544381e-02      1408  2.7982242e+04  2.7917116e+04  2.7866937e+04
3.9898901e-02      1841  2.4183186e+04  2.4164027e+04  2.4587742e+04
4.5580519e-02      2698  2.1787079e+04  2.1807205e+04  2.2028605e+04
5.1612543e-02      3532  1.8822523e+04  1.8852128e+04  1.9229704e+04
5.7899473e-02      4702  1.5743620e+04  1.5746609e+04  1.6012252e+04
6.4462744e-02      6019  1.3134780e+04  1.3103583e+04  1.2966288e+04
7.1309305e-02      7766  1.1048369e+04  1.1006187e+04  1.0800808e+04
7.8556104e-02     10012  9.9096684e+03  9.8875689e+03  9.6490727e+03
8.6194331e-02     12589  9.2366498e+03  9.2486290e+03  9.0236620e+03
9.4153926e-02     15650  8.3310284e+03  8.3542391e+03  8.1881029e+03
1.0254095e-01     19757  7.1707412e+03  7.1726363e+03  6.8900585e+03
1.1136076e-01     24241  6.1487502e+03  6.1270289e+03  5.5844574e+03
1.2060245e-01     29993  5.3591350e+03  5.3411674e+03  4.7262968e+03
1.3029316e-01     36494  4.8024906e+03  4.8049807e+03  4.2229543e+03
1.4046583e-01     44825  4.3072461e+03  4.3129343e+03  3.7207077e+03
1.5111985e-01     53906  3.8725336e+03  3.8631680e+03  3.1744021e+03
1.6229170e-01     65729  3.4760268e+03  3.4663127e+03  2.8040336e+03
1.7401323e-01     78746  3.1907362e+03  3.1968531e+03  2.5971789e+03
1.8625264e-01     94374  2.8949460e+03  2.9003703e+03  2.3067147e+03
1.9902230e-01    112166  2.5974513e+03  2.5921976e+03  1.9185349e+03
2.1238854e-01    134373  2.3448180e+03  2.3380496e+03  1.6200069e+03
2.2637810e-01    159077  2.1599497e+03  2.1577012e+03  1.4345313e+03
2.4096993e-01    188172  1.9831489e+03  1.9821806e+03  1.3050557e+03
2.5621802e-01    222492  1.8305083e+03  1.8322663e+03  1.1914391e+03
2.7214102e-01    261771  1.6938975e+03  1.6956231e+03  1.0514376e+03
2.8873063e-01    306759  1.5597586e+03  1.5562411e+03  8.8166886e+02
3.0605468e-01    360898  1.4472015e+03  1.4420752e+03  7.5855804e+02
3.2421519e-01    425046  1.3436905e+03  1.3443783e+03  7.0224427e+02
3.4337900e-01    505555  1.2514539e+03  1.2546536e+03  6.4577760e+02
3.6368055e-01    600292  1.1659623e+03  1.1644356e+03  5.5027167e+02
3.8517334e-01    712930  1.0879714e+03  1.0826888e+03  4.6374914e+02
4.0793004e-01    846715  1.0184290e+03  1.0192886e+03  4.2713828e+02
4.3202621e-01   1005596  9.5066016e+02  9.5383892e+02  3.8917354e+02
4.5754560e-01   1194719  8.9038272e+02  8.8558151e+02  3.2265483e+02
4.8457948e-01   1419743  8.3324113e+02  8.3220499e+02  2.8592401e+02
5.1321525e-01   1686576  7.8296472e+02  7.8636006e+02  2.6332645e+02
5.4354215e-01   2003484  7.3297786e+02  7.2758296e+02  2.1832148e+02
5.7565178e-01   2378778  6.9015280e+02  6.9199107e+02  1.9722301e+02
6.0966698e-01   2828400  6.4899838e+02  6.4879989e+02  1.7437514e+02
6.4568974e-01   3356890  6.1175378e+02  6.0968356e+02  1.4798208e+02
6.8383752e-01   3990317  5.7728962e+02  5.7981650e+02  1.3481869e+02
7.2424344e-01   4738457  5.4583071e+02  5.4286264e+02  1.1327067e+02
7.6703215e-01   5629661  5.1682760e+02  5.1883852e+02  1.0274777e+02
8.1235262e-01   6687903  4.9052933e+02  4.8848517e+02  8.6970371e+01
8.6035444e-01   7945758  4.6606001e+02  4.6641701e+02  7.7657563e+01
9.1118812e-01   9436555  4.4331707e+02  4.4439623e+02  6.7242485e+01
9.6501980e-01  11210320  4.2119583e+02  4.1921041e+02  5.8269974e+01
1.0220366e+00  13318613  3.9984405e+02  4.0067646e+02  5.1494106e+01
1.0824208e+00  15819192  3.7870568e+02  3.7887549e+02  4.4481733e+01
1.1463741e+00  18795348  3.5823146e+02  3.5690917e+02  3.8512914e+01
1.2141088e+00  22326034  3.3801415e+02  3.3726083e+02  3.3705873e+01
1.2858419e+00  26520842  3.1817071e+02  3.1783833e+02  2.9385690e+01
1.3618105e+00  31503438  2.9892167e+02  2.9925490e+02  2.5548797e+01
1.4422695e+00  37426927  2.8017894e+02  2.8034913e+02  2.2192147e+01
1.5275481e+00  44525830  2.6216219e+02  2.6228984e+02  1.9246922e+01
