# Power spectrum from CO𝘕CEPT job 4701174 at t = 2.4071778 Gyr, a = 0.27027027
#
# Components:
#   0: matter  (upstream grid size 1024)
#
#                           grid size 1024
# ╭────────────────────────────────────────────────────────────────╮
#                         component 0    (corrected)      (linear)
#                        σ₈ = 2.54e-01  σ₈ = 2.54e-01  σ₈ = 2.52e-01
#  k [Mpc⁻¹]    modes       P [Mpc³]       P [Mpc³]       P [Mpc³]
3.0679616e-03         3  5.2641221e+03  5.2641221e+03  5.2647339e+03
5.8212951e-03        25  7.6692598e+03  7.7076420e+03  7.7055713e+03
1.0440195e-02       124  8.8768350e+03  8.9787492e+03  9.0091465e+03
1.6729547e-02       418  7.9864665e+03  8.0594468e+03  8.0509964e+03
2.3240110e-02       730  6.1503582e+03  6.1515692e+03  6.1858560e+03
2.9075630e-02      1012  4.8496127e+03  4.8378629e+03  4.8356412e+03
3.4544381e-02      1408  4.0510330e+03  4.0416047e+03  4.0348211e+03
3.9898901e-02      1841  3.5434450e+03  3.5406377e+03  3.5603629e+03
4.5580519e-02      2698  3.1768641e+03  3.1797987e+03  3.1900218e+03
5.1612543e-02      3532  2.7607477e+03  2.7650899e+03  2.7848598e+03
5.7899473e-02      4702  2.3012942e+03  2.3017311e+03  2.3190052e+03
6.4462744e-02      6019  1.8791818e+03  1.8747184e+03  1.8779306e+03
7.1309305e-02      7766  1.5655324e+03  1.5595552e+03  1.5643416e+03
7.8556104e-02     10012  1.3966943e+03  1.3935795e+03  1.3975594e+03
8.6194331e-02     12589  1.3040762e+03  1.3057675e+03  1.3069985e+03
9.4153926e-02     15650  1.1786572e+03  1.1819410e+03  1.1859919e+03
1.0254095e-01     19757  9.9346287e+02  9.9372543e+02  9.9799061e+02
1.1136076e-01     24241  8.1463753e+02  8.1175970e+02  8.0888873e+02
1.2060245e-01     29993  6.9111209e+02  6.8879499e+02  6.8459276e+02
1.3029316e-01     36494  6.1355638e+02  6.1387450e+02  6.1168893e+02
1.4046583e-01     44825  5.4309788e+02  5.4381510e+02  5.3894232e+02
1.5111985e-01     53906  4.6743563e+02  4.6630514e+02  4.5981252e+02
1.6229170e-01     65729  4.1182979e+02  4.1067889e+02  4.0616627e+02
1.7401323e-01     78746  3.7785900e+02  3.7858339e+02  3.7620454e+02
1.8625264e-01     94374  3.3569464e+02  3.3632364e+02  3.3413145e+02
1.9902230e-01    112166  2.8328314e+02  2.8271016e+02  2.7790368e+02
2.1238854e-01    134373  2.4282255e+02  2.4212163e+02  2.3466182e+02
2.2637810e-01    159077  2.1602331e+02  2.1579842e+02  2.0779565e+02
2.4096993e-01    188172  1.9412636e+02  1.9403157e+02  1.8904108e+02
2.5621802e-01    222492  1.7602175e+02  1.7619080e+02  1.7258363e+02
2.7214102e-01    261771  1.5574772e+02  1.5590638e+02  1.5230418e+02
2.8873063e-01    306759  1.3424356e+02  1.3394082e+02  1.2771277e+02
3.0605468e-01    360898  1.1785609e+02  1.1743862e+02  1.0987985e+02
3.2421519e-01    425046  1.0712608e+02  1.0718091e+02  1.0172269e+02
3.4337900e-01    505555  9.6413073e+01  9.6659579e+01  9.3543355e+01
3.6368055e-01    600292  8.4506422e+01  8.4395771e+01  7.9709013e+01
3.8517334e-01    712930  7.4049345e+01  7.3689802e+01  6.7175927e+01
4.0793004e-01    846715  6.6438639e+01  6.6494718e+01  6.1872732e+01
4.3202621e-01   1005596  5.9470203e+01  5.9669056e+01  5.6373413e+01
4.5754560e-01   1194719  5.1913043e+01  5.1633112e+01  4.6737924e+01
4.8457948e-01   1419743  4.5938904e+01  4.5881779e+01  4.1417326e+01
5.1321525e-01   1686576  4.0865675e+01  4.1042890e+01  3.8143986e+01
5.4354215e-01   2003484  3.5892937e+01  3.5628756e+01  3.1624832e+01
5.7565178e-01   2378778  3.1684094e+01  3.1768486e+01  2.8568636e+01
6.0966698e-01   2828400  2.7934516e+01  2.7925973e+01  2.5259027e+01
6.4568974e-01   3356890  2.4565919e+01  2.4482786e+01  2.1435880e+01
6.8383752e-01   3990317  2.1697082e+01  2.1792054e+01  1.9529108e+01
7.2424344e-01   4738457  1.9195222e+01  1.9090844e+01  1.6407783e+01
7.6703215e-01   5629661  1.7190909e+01  1.7257797e+01  1.4883497e+01
8.1235262e-01   6687903  1.5682938e+01  1.5617583e+01  1.2598070e+01
8.6035444e-01   7945758  1.4852227e+01  1.4863604e+01  1.1249069e+01
9.1118812e-01   9436555  1.4813409e+01  1.4849469e+01  9.7403980e+00
9.6501980e-01  11210320  1.5691915e+01  1.5617947e+01  8.4406892e+00
1.0220366e+00  13318613  1.7813468e+01  1.7850553e+01  7.4591742e+00
1.0824208e+00  15819192  2.1608311e+01  2.1618000e+01  6.4433998e+00
1.1463741e+00  18795348  2.7679638e+01  2.7577467e+01  5.5787887e+00
1.2141088e+00  22326034  3.6380354e+01  3.6299275e+01  4.8824666e+00
1.2858419e+00  26520842  4.7787871e+01  4.7737949e+01  4.2566681e+00
1.3618105e+00  31503438  6.0228327e+01  6.0295468e+01  3.7008761e+00
1.4422695e+00  37426927  6.9598955e+01  6.9641232e+01  3.2146497e+00
1.5275481e+00  44525830  7.2421681e+01  7.2456945e+01  2.7880198e+00
