# Power spectrum from CO𝘕CEPT job 4701174 at t = 2.9820513 Gyr, a = 0.3125
#
# Components:
#   0: matter  (upstream grid size 1024)
#
#                           grid size 1024
# ╭────────────────────────────────────────────────────────────────╮
#                         component 0    (corrected)      (linear)
#                        σ₈ = 2.93e-01  σ₈ = 2.93e-01  σ₈ = 2.91e-01
#  k [Mpc⁻¹]    modes       P [Mpc³]       P [Mpc³]       P [Mpc³]
3.0679616e-03         3  6.9757507e+03  6.9757507e+03  6.9770879e+03
5.8212951e-03        25  1.0161794e+04  1.0212651e+04  1.0210304e+04
1.0440195e-02       124  1.1753348e+04  1.1888287e+04  1.1935803e+04
1.6729547e-02       418  1.0580238e+04  1.0676920e+04  1.0665397e+04
2.3240110e-02       730  8.1390090e+03  8.1406114e+03  8.1941818e+03
2.9075630e-02      1012  6.4236836e+03  6.4081201e+03  6.4054394e+03
3.4544381e-02      1408  5.3672925e+03  5.3548008e+03  5.3445688e+03
3.9898901e-02      1841  4.6896052e+03  4.6858898e+03  4.7160493e+03
4.5580519e-02      2698  4.2064221e+03  4.2103078e+03  4.2254650e+03
5.1612543e-02      3532  3.6536146e+03  3.6593612e+03  3.6887713e+03
5.7899473e-02      4702  3.0461323e+03  3.0467107e+03  3.0716962e+03
6.4462744e-02      6019  2.4913279e+03  2.4854106e+03  2.4874515e+03
7.1309305e-02      7766  2.0763415e+03  2.0684141e+03  2.0720755e+03
7.8556104e-02     10012  1.8531016e+03  1.8489690e+03  1.8511574e+03
8.6194331e-02     12589  1.7306788e+03  1.7329234e+03  1.7312008e+03
9.4153926e-02     15650  1.5641864e+03  1.5685443e+03  1.5709179e+03
1.0254095e-01     19757  1.3198651e+03  1.3202139e+03  1.3218974e+03
1.1136076e-01     24241  1.0855165e+03  1.0816817e+03  1.0714198e+03
1.2060245e-01     29993  9.2263502e+02  9.1954169e+02  9.0678194e+02
1.3029316e-01     36494  8.1938454e+02  8.1980939e+02  8.1021619e+02
1.4046583e-01     44825  7.2655221e+02  7.2751171e+02  7.1385886e+02
1.5111985e-01     53906  6.2716538e+02  6.2564859e+02  6.0904680e+02
1.6229170e-01     65729  5.5315545e+02  5.5160960e+02  5.3798920e+02
1.7401323e-01     78746  5.0736305e+02  5.0833571e+02  4.9830311e+02
1.8625264e-01     94374  4.5146939e+02  4.5231532e+02  4.4257492e+02
1.9902230e-01    112166  3.8292132e+02  3.8214681e+02  3.6809816e+02
2.1238854e-01    134373  3.3005991e+02  3.2910717e+02  3.1082196e+02
2.2637810e-01    159077  2.9446260e+02  2.9415606e+02  2.7523625e+02
2.4096993e-01    188172  2.6476894e+02  2.6463966e+02  2.5039480e+02
2.5621802e-01    222492  2.4033248e+02  2.4056329e+02  2.2859602e+02
2.7214102e-01    261771  2.1333442e+02  2.1355174e+02  2.0173480e+02
2.8873063e-01    306759  1.8542496e+02  1.8500679e+02  1.6916218e+02
3.0605468e-01    360898  1.6376483e+02  1.6318474e+02  1.4554155e+02
3.2421519e-01    425046  1.4899925e+02  1.4907551e+02  1.3473695e+02
3.4337900e-01    505555  1.3416153e+02  1.3450455e+02  1.2390299e+02
3.6368055e-01    600292  1.1858501e+02  1.1842974e+02  1.0557869e+02
3.8517334e-01    712930  1.0490522e+02  1.0439586e+02  8.8977965e+01
4.0793004e-01    846715  9.4299667e+01  9.4379262e+01  8.1953607e+01
4.3202621e-01   1005596  8.4663033e+01  8.4946124e+01  7.4669473e+01
4.5754560e-01   1194719  7.4747412e+01  7.4344352e+01  6.1906770e+01
4.8457948e-01   1419743  6.6573825e+01  6.6491040e+01  5.4859365e+01
5.1321525e-01   1686576  5.9517564e+01  5.9775663e+01  5.0523657e+01
5.4354215e-01   2003484  5.2826111e+01  5.2437298e+01  4.1888703e+01
5.7565178e-01   2378778  4.7042935e+01  4.7168237e+01  3.7840613e+01
6.0966698e-01   2828400  4.1833687e+01  4.1820893e+01  3.3456867e+01
6.4568974e-01   3356890  3.7210199e+01  3.7084277e+01  2.8392913e+01
6.8383752e-01   3990317  3.3235424e+01  3.3380900e+01  2.5867296e+01
7.2424344e-01   4738457  2.9791150e+01  2.9629154e+01  2.1732941e+01
7.6703215e-01   5629661  2.7030731e+01  2.7135905e+01  1.9713946e+01
8.1235262e-01   6687903  2.4953208e+01  2.4849222e+01  1.6686782e+01
8.6035444e-01   7945758  2.3748637e+01  2.3766828e+01  1.4899961e+01
9.1118812e-01   9436555  2.3571689e+01  2.3629070e+01  1.2901650e+01
9.6501980e-01  11210320  2.4574127e+01  2.4458290e+01  1.1180119e+01
1.0220366e+00  13318613  2.7080154e+01  2.7136531e+01  9.8800524e+00
1.0824208e+00  15819192  3.1450617e+01  3.1464720e+01  8.5346074e+00
1.1463741e+00  18795348  3.8011220e+01  3.7870914e+01  7.3893861e+00
1.2141088e+00  22326034  4.6442878e+01  4.6339373e+01  6.4670721e+00
1.2858419e+00  26520842  5.5903595e+01  5.5845194e+01  5.6381702e+00
1.3618105e+00  31503438  6.4326440e+01  6.4398150e+01  4.9019955e+00
1.4422695e+00  37426927  6.9309621e+01  6.9351721e+01  4.2579639e+00
1.5275481e+00  44525830  7.0568865e+01  7.0603227e+01  3.6928710e+00
