# Power spectrum from CO𝘕CEPT job 4701174 at t = 5.469032 Gyr, a = 0.47619048
#
# Components:
#   0: matter  (upstream grid size 1024)
#
#                           grid size 1024
# ╭────────────────────────────────────────────────────────────────╮
#                         component 0    (corrected)      (linear)
#                        σ₈ = 4.44e-01  σ₈ = 4.44e-01  σ₈ = 4.30e-01
#  k [Mpc⁻¹]    modes       P [Mpc³]       P [Mpc³]       P [Mpc³]
3.0679616e-03         3  1.5311660e+04  1.5311660e+04  1.5302438e+04
5.8212951e-03        25  2.2298266e+04  2.2409862e+04  2.2384900e+04
1.0440195e-02       124  2.5723393e+04  2.6018721e+04  2.6157020e+04
1.6729547e-02       418  2.3199526e+04  2.3411523e+04  2.3366283e+04
2.3240110e-02       730  1.7774614e+04  1.7778113e+04  1.7949388e+04
2.9075630e-02      1012  1.4075721e+04  1.4041618e+04  1.4029986e+04
3.4544381e-02      1408  1.1772049e+04  1.1744651e+04  1.1705751e+04
3.9898901e-02      1841  1.0243874e+04  1.0235759e+04  1.0328810e+04
4.5580519e-02      2698  9.2041450e+03  9.2126475e+03  9.2541246e+03
5.1612543e-02      3532  7.9793916e+03  7.9919419e+03  8.0785615e+03
5.7899473e-02      4702  6.6590211e+03  6.6602854e+03  6.7270402e+03
6.4462744e-02      6019  5.4827631e+03  5.4697407e+03  5.4474759e+03
7.1309305e-02      7766  4.5805218e+03  4.5630335e+03  4.5377677e+03
7.8556104e-02     10012  4.0946609e+03  4.0855294e+03  4.0539354e+03
8.6194331e-02     12589  3.8250794e+03  3.8300402e+03  3.7912142e+03
9.4153926e-02     15650  3.4562893e+03  3.4659187e+03  3.4401888e+03
1.0254095e-01     19757  2.9334140e+03  2.9341893e+03  2.8948414e+03
1.1136076e-01     24241  2.4455179e+03  2.4368788e+03  2.3463093e+03
1.2060245e-01     29993  2.0961776e+03  2.0891498e+03  1.9857623e+03
1.3029316e-01     36494  1.8658902e+03  1.8668577e+03  1.7742889e+03
1.4046583e-01     44825  1.6638516e+03  1.6660489e+03  1.5632734e+03
1.5111985e-01     53906  1.4561507e+03  1.4526290e+03  1.3337441e+03
1.6229170e-01     65729  1.2913408e+03  1.2877320e+03  1.1781343e+03
1.7401323e-01     78746  1.1833566e+03  1.1856252e+03  1.0912251e+03
1.8625264e-01     94374  1.0605367e+03  1.0625238e+03  9.6918596e+02
1.9902230e-01    112166  9.1844755e+02  9.1658988e+02  8.0609008e+02
2.1238854e-01    134373  8.0821019e+02  8.0587726e+02  6.8066168e+02
2.2637810e-01    159077  7.2965904e+02  7.2889946e+02  6.0273299e+02
2.4096993e-01    188172  6.5950435e+02  6.5918232e+02  5.4833302e+02
2.5621802e-01    222492  6.0209281e+02  6.0267105e+02  5.0059618e+02
2.7214102e-01    261771  5.4245408e+02  5.4300669e+02  4.4177335e+02
2.8873063e-01    306759  4.8456547e+02  4.8347269e+02  3.7044335e+02
3.0605468e-01    360898  4.3683231e+02  4.3528498e+02  3.1871710e+02
3.2421519e-01    425046  4.0055415e+02  4.0075916e+02  2.9505635e+02
3.4337900e-01    505555  3.6397857e+02  3.6490918e+02  2.7133132e+02
3.6368055e-01    600292  3.3013770e+02  3.2970542e+02  2.3120344e+02
3.8517334e-01    712930  3.0037138e+02  2.9891294e+02  1.9485000e+02
4.0793004e-01    846715  2.7362515e+02  2.7385611e+02  1.7946755e+02
4.3202621e-01   1005596  2.4960675e+02  2.5044137e+02  1.6351623e+02
4.5754560e-01   1194719  2.2726613e+02  2.2604065e+02  1.3556758e+02
4.8457948e-01   1419743  2.0727024e+02  2.0701250e+02  1.2013469e+02
5.1321525e-01   1686576  1.8948289e+02  1.9030458e+02  1.1064005e+02
5.4354215e-01   2003484  1.7327052e+02  1.7199521e+02  9.1730643e+01
5.7565178e-01   2378778  1.5862345e+02  1.5904595e+02  8.2865860e+01
6.0966698e-01   2828400  1.4552216e+02  1.4547766e+02  7.3266035e+01
6.4568974e-01   3356890  1.3371327e+02  1.3326077e+02  6.2176650e+01
6.8383752e-01   3990317  1.2346592e+02  1.2400635e+02  5.6645884e+01
7.2424344e-01   4738457  1.1454636e+02  1.1392349e+02  4.7592201e+01
7.6703215e-01   5629661  1.0720755e+02  1.0762469e+02  4.3170869e+01
8.1235262e-01   6687903  1.0146290e+02  1.0104008e+02  3.6541786e+01
8.6035444e-01   7945758  9.7366036e+01  9.7440617e+01  3.2628887e+01
9.1118812e-01   9436555  9.5038471e+01  9.5269823e+01  2.8252854e+01
9.6501980e-01  11210320  9.4423888e+01  9.3978796e+01  2.4482933e+01
1.0220366e+00  13318613  9.5198750e+01  9.5396939e+01  2.1635962e+01
1.0824208e+00  15819192  9.7012577e+01  9.7056077e+01  1.8689619e+01
1.1463741e+00  18795348  9.9138950e+01  9.8773011e+01  1.6181739e+01
1.2141088e+00  22326034  1.0078998e+02  1.0056535e+02  1.4161996e+01
1.2858419e+00  26520842  1.0140415e+02  1.0129822e+02  1.2346813e+01
1.3618105e+00  31503438  1.0106148e+02  1.0117414e+02  1.0734690e+01
1.4422695e+00  37426927  9.9894519e+01  9.9955198e+01  9.3243481e+00
1.5275481e+00  44525830  9.8327308e+01  9.8375187e+01  8.0868712e+00
