# Power spectrum from CO𝘕CEPT job 4701174 at t = 5.1230837 Gyr, a = 0.45454545
#
# Components:
#   0: matter  (upstream grid size 1024)
#
#                           grid size 1024
# ╭────────────────────────────────────────────────────────────────╮
#                         component 0    (corrected)      (linear)
#                        σ₈ = 4.25e-01  σ₈ = 4.25e-01  σ₈ = 4.12e-01
#  k [Mpc⁻¹]    modes       P [Mpc³]       P [Mpc³]       P [Mpc³]
3.0679616e-03         3  1.4086968e+04  1.4086968e+04  1.4080321e+04
5.8212951e-03        25  2.0515422e+04  2.0618095e+04  2.0597974e+04
1.0440195e-02       124  2.3674466e+04  2.3946271e+04  2.4070016e+04
1.6729547e-02       418  2.1346852e+04  2.1541919e+04  2.1502631e+04
2.3240110e-02       730  1.6363601e+04  1.6366822e+04  1.6518076e+04
2.9075630e-02      1012  1.2952988e+04  1.2921605e+04  1.2911337e+04
3.4544381e-02      1408  1.0831807e+04  1.0806598e+04  1.0772484e+04
3.9898901e-02      1841  9.4305428e+03  9.4230713e+03  9.5053605e+03
4.5580519e-02      2698  8.4715761e+03  8.4794018e+03  8.5163792e+03
5.1612543e-02      3532  7.3461097e+03  7.3576640e+03  7.4345506e+03
5.7899473e-02      4702  6.1296775e+03  6.1308413e+03  6.1907819e+03
6.4462744e-02      6019  5.0423609e+03  5.0303845e+03  5.0132276e+03
7.1309305e-02      7766  4.2110034e+03  4.1949259e+03  4.1760420e+03
7.8556104e-02     10012  3.7635120e+03  3.7551190e+03  3.7307816e+03
8.6194331e-02     12589  3.5158667e+03  3.5204265e+03  3.4890054e+03
9.4153926e-02     15650  3.1770652e+03  3.1859167e+03  3.1659632e+03
1.0254095e-01     19757  2.6941125e+03  2.6948245e+03  2.6640880e+03
1.1136076e-01     24241  2.2417708e+03  2.2338514e+03  2.1592814e+03
1.2060245e-01     29993  1.9193095e+03  1.9128746e+03  1.8274748e+03
1.3029316e-01     36494  1.7078193e+03  1.7087048e+03  1.6328586e+03
1.4046583e-01     44825  1.5219746e+03  1.5239845e+03  1.4386637e+03
1.5111985e-01     53906  1.3294191e+03  1.3262039e+03  1.2274307e+03
1.6229170e-01     65729  1.1780319e+03  1.1747397e+03  1.0842248e+03
1.7401323e-01     78746  1.0796002e+03  1.0816699e+03  1.0042433e+03
1.8625264e-01     94374  9.6661335e+02  9.6842450e+02  8.9193202e+02
1.9902230e-01    112166  8.3485412e+02  8.3316552e+02  7.4183662e+02
2.1238854e-01    134373  7.3284523e+02  7.3072984e+02  6.2640618e+02
2.2637810e-01    159077  6.6057691e+02  6.5988924e+02  5.5468922e+02
2.4096993e-01    188172  5.9654217e+02  5.9625089e+02  5.0462550e+02
2.5621802e-01    222492  5.4417059e+02  5.4469320e+02  4.6069379e+02
2.7214102e-01    261771  4.8924900e+02  4.8974740e+02  4.0655973e+02
2.8873063e-01    306759  4.3574180e+02  4.3475913e+02  3.4091544e+02
3.0605468e-01    360898  3.9187136e+02  3.9048329e+02  2.9331228e+02
3.2421519e-01    425046  3.5891723e+02  3.5910094e+02  2.7153754e+02
3.4337900e-01    505555  3.2560730e+02  3.2643980e+02  2.4970363e+02
3.6368055e-01    600292  2.9453521e+02  2.9414955e+02  2.1277432e+02
3.8517334e-01    712930  2.6720520e+02  2.6590780e+02  1.7931861e+02
4.0793004e-01    846715  2.4291371e+02  2.4311874e+02  1.6516228e+02
4.3202621e-01   1005596  2.2111420e+02  2.2185355e+02  1.5048244e+02
4.5754560e-01   1194719  2.0073214e+02  1.9964973e+02  1.2476157e+02
4.8457948e-01   1419743  1.8257675e+02  1.8234972e+02  1.1055882e+02
5.1321525e-01   1686576  1.6646967e+02  1.6719157e+02  1.0182100e+02
5.4354215e-01   2003484  1.5174541e+02  1.5062853e+02  8.4418850e+01
5.7565178e-01   2378778  1.3853241e+02  1.3890140e+02  7.6260674e+01
6.0966698e-01   2828400  1.2664832e+02  1.2660959e+02  6.7426047e+01
6.4568974e-01   3356890  1.1598640e+02  1.1559389e+02  5.7220589e+01
6.8383752e-01   3990317  1.0677002e+02  1.0723737e+02  5.2130678e+01
7.2424344e-01   4738457  9.8732338e+01  9.8195460e+01  4.3798658e+01
7.6703215e-01   5629661  9.2175563e+01  9.2534208e+01  3.9729749e+01
8.1235262e-01   6687903  8.7096954e+01  8.6733999e+01  3.3629066e+01
8.6035444e-01   7945758  8.3565927e+01  8.3629938e+01  3.0028062e+01
9.1118812e-01   9436555  8.1749916e+01  8.1948920e+01  2.6000839e+01
9.6501980e-01  11210320  8.1650312e+01  8.1265431e+01  2.2531417e+01
1.0220366e+00  13318613  8.3046580e+01  8.3219471e+01  1.9911376e+01
1.0824208e+00  15819192  8.5651709e+01  8.5690115e+01  1.7199884e+01
1.1463741e+00  18795348  8.8770674e+01  8.8443006e+01  1.4891905e+01
1.2141088e+00  22326034  9.1498781e+01  9.1294862e+01  1.3033155e+01
1.2858419e+00  26520842  9.3152026e+01  9.3054713e+01  1.1362658e+01
1.3618105e+00  31503438  9.3653308e+01  9.3757711e+01  9.8790366e+00
1.4422695e+00  37426927  9.3172959e+01  9.3229555e+01  8.5811122e+00
1.5275481e+00  44525830  9.2203031e+01  9.2247928e+01  7.4422737e+00
