# Power spectrum from CO𝘕CEPT job 4701174 at t = 4.0358434 Gyr, a = 0.38461538
#
# Components:
#   0: matter  (upstream grid size 1024)
#
#                           grid size 1024
# ╭────────────────────────────────────────────────────────────────╮
#                         component 0    (corrected)      (linear)
#                        σ₈ = 3.61e-01  σ₈ = 3.61e-01  σ₈ = 3.54e-01
#  k [Mpc⁻¹]    modes       P [Mpc³]       P [Mpc³]       P [Mpc³]
3.0679616e-03         3  1.0355258e+04  1.0355258e+04  1.0355920e+04
5.8212951e-03        25  1.5082559e+04  1.5158042e+04  1.5151866e+04
1.0440195e-02       124  1.7424137e+04  1.7624182e+04  1.7708749e+04
1.6729547e-02       418  1.5698828e+04  1.5842283e+04  1.5821688e+04
2.3240110e-02       730  1.2054658e+04  1.2057031e+04  1.2154818e+04
2.9075630e-02      1012  9.5287567e+03  9.5056700e+03  9.5011200e+03
3.4544381e-02      1408  7.9651707e+03  7.9466326e+03  7.9273557e+03
3.9898901e-02      1841  6.9466775e+03  6.9411739e+03  6.9949908e+03
4.5580519e-02      2698  6.2358140e+03  6.2415744e+03  6.2672662e+03
5.1612543e-02      3532  5.4117327e+03  5.4202445e+03  5.4711852e+03
5.7899473e-02      4702  4.5136745e+03  4.5145315e+03  4.5559077e+03
6.4462744e-02      6019  3.7022290e+03  3.6934356e+03  3.6893423e+03
7.1309305e-02      7766  3.0883844e+03  3.0765930e+03  3.0732512e+03
7.8556104e-02     10012  2.7582466e+03  2.7520954e+03  2.7455817e+03
8.6194331e-02     12589  2.5767031e+03  2.5800449e+03  2.5676586e+03
9.4153926e-02     15650  2.3286859e+03  2.3351738e+03  2.3299273e+03
1.0254095e-01     19757  1.9695181e+03  1.9700386e+03  1.9605857e+03
1.1136076e-01     24241  1.6290678e+03  1.6233129e+03  1.5890849e+03
1.2060245e-01     29993  1.3895839e+03  1.3849250e+03  1.3448992e+03
1.3029316e-01     36494  1.2351344e+03  1.2357748e+03  1.2016759e+03
1.4046583e-01     44825  1.0982357e+03  1.0996861e+03  1.0587621e+03
1.5111985e-01     53906  9.5346370e+02  9.5115775e+02  9.0330910e+02
1.6229170e-01     65729  8.4282851e+02  8.4047314e+02  7.9791937e+02
1.7401323e-01     78746  7.7267477e+02  7.7415606e+02  7.3905851e+02
1.8625264e-01     94374  6.8965340e+02  6.9094561e+02  6.5640492e+02
1.9902230e-01    112166  5.9034690e+02  5.8915285e+02  5.4594451e+02
2.1238854e-01    134373  5.1375170e+02  5.1226873e+02  4.6099519e+02
2.2637810e-01    159077  4.6071376e+02  4.6023415e+02  4.0821618e+02
2.4096993e-01    188172  4.1501575e+02  4.1481310e+02  3.7137253e+02
2.5621802e-01    222492  3.7760373e+02  3.7796638e+02  3.3904163e+02
2.7214102e-01    261771  3.3726980e+02  3.3761338e+02  2.9920243e+02
2.8873063e-01    306759  2.9709768e+02  2.9642768e+02  2.5089239e+02
3.0605468e-01    360898  2.6494344e+02  2.6400497e+02  2.1585948e+02
3.2421519e-01    425046  2.4177807e+02  2.4190182e+02  1.9983466e+02
3.4337900e-01    505555  2.1833020e+02  2.1888841e+02  1.8376628e+02
3.6368055e-01    600292  1.9548829e+02  1.9523232e+02  1.5658864e+02
3.8517334e-01    712930  1.7541367e+02  1.7456196e+02  1.3196733e+02
4.0793004e-01    846715  1.5848045e+02  1.5861422e+02  1.2154917e+02
4.3202621e-01   1005596  1.4323765e+02  1.4371660e+02  1.1074572e+02
4.5754560e-01   1194719  1.2852322e+02  1.2783019e+02  9.1816766e+01
4.8457948e-01   1419743  1.1576077e+02  1.1561682e+02  8.1364430e+01
5.1321525e-01   1686576  1.0454608e+02  1.0499944e+02  7.4933939e+01
5.4354215e-01   2003484  9.4182728e+01  9.3489520e+01  6.2127041e+01
5.7565178e-01   2378778  8.5064259e+01  8.5290833e+01  5.6123132e+01
6.0966698e-01   2828400  7.6772693e+01  7.6749213e+01  4.9621396e+01
6.4568974e-01   3356890  6.9419412e+01  6.9184492e+01  4.2110813e+01
6.8383752e-01   3990317  6.3101210e+01  6.3377413e+01  3.8364955e+01
7.2424344e-01   4738457  5.7594961e+01  5.7281776e+01  3.2233105e+01
7.6703215e-01   5629661  5.3171434e+01  5.3378319e+01  2.9238641e+01
8.1235262e-01   6687903  4.9817962e+01  4.9610358e+01  2.4748916e+01
8.6035444e-01   7945758  4.7681941e+01  4.7718465e+01  2.2098800e+01
9.1118812e-01   9436555  4.6984298e+01  4.7098671e+01  1.9135014e+01
9.6501980e-01  11210320  4.7836227e+01  4.7610738e+01  1.6581734e+01
1.0220366e+00  13318613  5.0376105e+01  5.0480981e+01  1.4653546e+01
1.0824208e+00  15819192  5.4638215e+01  5.4662714e+01  1.2658056e+01
1.1463741e+00  18795348  6.0293113e+01  6.0070561e+01  1.0959526e+01
1.2141088e+00  22326034  6.6323801e+01  6.6175989e+01  9.5916006e+00
1.2858419e+00  26520842  7.1605107e+01  7.1530304e+01  8.3622187e+00
1.3618105e+00  31503438  7.5172255e+01  7.5256055e+01  7.2703648e+00
1.4422695e+00  37426927  7.6782594e+01  7.6829234e+01  6.3151725e+00
1.5275481e+00  44525830  7.7126843e+01  7.7164398e+01  5.4770578e+00
