# Power spectrum from CO𝘕CEPT job 4701174 at t = 2.3139476 Gyr, a = 0.26315789
#
# Components:
#   0: matter  (upstream grid size 1024)
#
#                           grid size 1024
# ╭────────────────────────────────────────────────────────────────╮
#                         component 0    (corrected)      (linear)
#                        σ₈ = 2.47e-01  σ₈ = 2.47e-01  σ₈ = 2.46e-01
#  k [Mpc⁻¹]    modes       P [Mpc³]       P [Mpc³]       P [Mpc³]
3.0679616e-03         3  4.9971242e+03  4.9971242e+03  4.9976289e+03
5.8212951e-03        25  7.2804264e+03  7.3168627e+03  7.3148344e+03
1.0440195e-02       124  8.4278215e+03  8.5245807e+03  8.5525480e+03
1.6729547e-02       418  7.5817781e+03  7.6510602e+03  7.6430866e+03
2.3240110e-02       730  5.8397788e+03  5.8409286e+03  5.8724966e+03
2.9075630e-02      1012  4.6039849e+03  4.5928302e+03  4.5907004e+03
3.4544381e-02      1408  3.8456846e+03  3.8367342e+03  3.8304545e+03
3.9898901e-02      1841  3.3644567e+03  3.3617912e+03  3.3800337e+03
4.5580519e-02      2698  3.0161538e+03  3.0189400e+03  3.0284540e+03
5.1612543e-02      3532  2.6213120e+03  2.6254349e+03  2.6438151e+03
5.7899473e-02      4702  2.1850040e+03  2.1854189e+03  2.2015562e+03
6.4462744e-02      6019  1.7837665e+03  1.7795298e+03  1.7828214e+03
7.1309305e-02      7766  1.4859593e+03  1.4802859e+03  1.4851151e+03
7.8556104e-02     10012  1.3256249e+03  1.3226686e+03  1.3267800e+03
8.6194331e-02     12589  1.2376550e+03  1.2392601e+03  1.2408059e+03
9.4153926e-02     15650  1.1186311e+03  1.1217477e+03  1.1259279e+03
1.0254095e-01     19757  9.4271569e+02  9.4296484e+02  9.4744807e+02
1.1136076e-01     24241  7.7266196e+02  7.6993242e+02  7.6792324e+02
1.2060245e-01     29993  6.5531052e+02  6.5311345e+02  6.4992222e+02
1.3029316e-01     36494  5.8174577e+02  5.8204740e+02  5.8071059e+02
1.4046583e-01     44825  5.1478849e+02  5.1546832e+02  5.1164821e+02
1.5111985e-01     53906  4.4286907e+02  4.4179800e+02  4.3652588e+02
1.6229170e-01     65729  3.9012368e+02  3.8903343e+02  3.8559650e+02
1.7401323e-01     78746  3.5796342e+02  3.5864967e+02  3.5715216e+02
1.8625264e-01     94374  3.1793986e+02  3.1853558e+02  3.1720982e+02
1.9902230e-01    112166  2.6808214e+02  2.6753991e+02  2.6382965e+02
2.1238854e-01    134373  2.2958379e+02  2.2892108e+02  2.2277771e+02
2.2637810e-01    159077  2.0415291e+02  2.0394038e+02  1.9727215e+02
2.4096993e-01    188172  1.8344922e+02  1.8335965e+02  1.7946738e+02
2.5621802e-01    222492  1.6631586e+02  1.6647558e+02  1.6384340e+02
2.7214102e-01    261771  1.4708584e+02  1.4723568e+02  1.4459097e+02
2.8873063e-01    306759  1.2659896e+02  1.2631346e+02  1.2124495e+02
3.0605468e-01    360898  1.1103215e+02  1.1063885e+02  1.0431516e+02
3.2421519e-01    425046  1.0091455e+02  1.0096621e+02  9.6571105e+01
3.4337900e-01    505555  9.0824579e+01  9.1056796e+01  8.8806002e+01
3.6368055e-01    600292  7.9493274e+01  7.9389187e+01  7.5672278e+01
3.8517334e-01    712930  6.9540826e+01  6.9203174e+01  6.3773911e+01
4.0793004e-01    846715  6.2380479e+01  6.2433132e+01  5.8739289e+01
4.3202621e-01   1005596  5.5814838e+01  5.6001468e+01  5.3518474e+01
4.5754560e-01   1194719  4.8623952e+01  4.8361757e+01  4.4370958e+01
4.8457948e-01   1419743  4.2983581e+01  4.2930131e+01  3.9319814e+01
5.1321525e-01   1686576  3.8210179e+01  3.8375878e+01  3.6212248e+01
5.4354215e-01   2003484  3.3496344e+01  3.3249802e+01  3.0023245e+01
5.7565178e-01   2378778  2.9526571e+01  2.9605217e+01  2.7121825e+01
6.0966698e-01   2828400  2.5996202e+01  2.5988252e+01  2.3979826e+01
6.4568974e-01   3356890  2.2814668e+01  2.2737461e+01  2.0350296e+01
6.8383752e-01   3990317  2.0113368e+01  2.0201407e+01  1.8540090e+01
7.2424344e-01   4738457  1.7752025e+01  1.7655495e+01  1.5576839e+01
7.6703215e-01   5629661  1.5860482e+01  1.5922193e+01  1.4129747e+01
8.1235262e-01   6687903  1.4436824e+01  1.4376662e+01  1.1960062e+01
8.6035444e-01   7945758  1.3659345e+01  1.3669808e+01  1.0679379e+01
9.1118812e-01   9436555  1.3636138e+01  1.3669332e+01  9.2471124e+00
9.6501980e-01  11210320  1.4486268e+01  1.4417983e+01  8.0132252e+00
1.0220366e+00  13318613  1.6529038e+01  1.6563448e+01  7.0814174e+00
1.0824208e+00  15819192  2.0195173e+01  2.0204229e+01  6.1170851e+00
1.1463741e+00  18795348  2.6116464e+01  2.6020064e+01  5.2962608e+00
1.2141088e+00  22326034  3.4751935e+01  3.4674485e+01  4.6352028e+00
1.2858419e+00  26520842  4.6376975e+01  4.6328526e+01  4.0410968e+00
1.3618105e+00  31503438  5.9530509e+01  5.9596873e+01  3.5134519e+00
1.4422695e+00  37426927  6.9943369e+01  6.9985855e+01  3.0518496e+00
1.5275481e+00  44525830  7.3287197e+01  7.3322882e+01  2.6468256e+00
