# Power spectrum from CO𝘕CEPT job 4701174 at t = 8.5934117 Gyr, a = 0.66666667
#
# Components:
#   0: matter  (upstream grid size 1024)
#
#                           grid size 1024
# ╭────────────────────────────────────────────────────────────────╮
#                         component 0    (corrected)      (linear)
#                        σ₈ = 6.03e-01  σ₈ = 6.02e-01  σ₈ = 5.68e-01
#  k [Mpc⁻¹]    modes       P [Mpc³]       P [Mpc³]       P [Mpc³]
3.0679616e-03         3  2.6738532e+04  2.6738532e+04  2.6729727e+04
5.8212951e-03        25  3.8929958e+04  3.9124791e+04  3.9091123e+04
1.0440195e-02       124  4.4792385e+04  4.5306643e+04  4.5665381e+04
1.6729547e-02       418  4.0463180e+04  4.0832932e+04  4.0784188e+04
2.3240110e-02       730  3.0873123e+04  3.0879202e+04  3.1325333e+04
2.9075630e-02      1012  2.4525592e+04  2.4466171e+04  2.4483466e+04
3.4544381e-02      1408  2.0529605e+04  2.0481824e+04  2.0426594e+04
3.9898901e-02      1841  1.7792007e+04  1.7777911e+04  1.8023280e+04
4.5580519e-02      2698  1.6011823e+04  1.6026615e+04  1.6147629e+04
5.1612543e-02      3532  1.3853220e+04  1.3875009e+04  1.4096119e+04
5.7899473e-02      4702  1.1575326e+04  1.1577523e+04  1.1737712e+04
6.4462744e-02      6019  9.6031623e+03  9.5803532e+03  9.5049521e+03
7.1309305e-02      7766  8.0520622e+03  8.0213196e+03  7.9175910e+03
7.8556104e-02     10012  7.2115415e+03  7.1954591e+03  7.0733399e+03
8.6194331e-02     12589  6.7301232e+03  6.7388516e+03  6.6149033e+03
9.4153926e-02     15650  6.0763120e+03  6.0932409e+03  6.0024063e+03
1.0254095e-01     19757  5.1973865e+03  5.1987601e+03  5.0508699e+03
1.1136076e-01     24241  4.4036005e+03  4.3880441e+03  4.0937871e+03
1.2060245e-01     29993  3.8113111e+03  3.7985329e+03  3.4647035e+03
1.3029316e-01     36494  3.4048567e+03  3.4066221e+03  3.0957235e+03
1.4046583e-01     44825  3.0475263e+03  3.0515509e+03  2.7275450e+03
1.5111985e-01     53906  2.7101538e+03  2.7035993e+03  2.3270666e+03
1.6229170e-01     65729  2.4199196e+03  2.4131568e+03  2.0555616e+03
1.7401323e-01     78746  2.2182533e+03  2.2225059e+03  1.9039236e+03
1.8625264e-01     94374  2.0031548e+03  2.0069081e+03  1.6909931e+03
1.9902230e-01    112166  1.7718994e+03  1.7683155e+03  1.4064294e+03
2.1238854e-01    134373  1.5852845e+03  1.5807085e+03  1.1875867e+03
2.2637810e-01    159077  1.4491438e+03  1.4476352e+03  1.0516197e+03
2.4096993e-01    188172  1.3211068e+03  1.3204617e+03  9.5670468e+02
2.5621802e-01    222492  1.2139867e+03  1.2151526e+03  8.7341535e+02
2.7214102e-01    261771  1.1122863e+03  1.1134194e+03  7.7078386e+02
2.8873063e-01    306759  1.0129875e+03  1.0107030e+03  6.4633064e+02
3.0605468e-01    360898  9.2956116e+02  9.2626851e+02  5.5608113e+02
3.2421519e-01    425046  8.5916600e+02  8.5960575e+02  5.1479893e+02
3.4337900e-01    505555  7.9240350e+02  7.9442949e+02  4.7340462e+02
3.6368055e-01    600292  7.3123384e+02  7.3027637e+02  4.0339150e+02
3.8517334e-01    712930  6.7686090e+02  6.7357443e+02  3.3996387e+02
4.0793004e-01    846715  6.2726926e+02  6.2779872e+02  3.1312533e+02
4.3202621e-01   1005596  5.8091466e+02  5.8285709e+02  2.8529428e+02
4.5754560e-01   1194719  5.3884424e+02  5.3593863e+02  2.3653096e+02
4.8457948e-01   1419743  5.0012227e+02  4.9950036e+02  2.0960444e+02
5.1321525e-01   1686576  4.6528975e+02  4.6730749e+02  1.9303869e+02
5.4354215e-01   2003484  4.3275130e+02  4.2956614e+02  1.6004658e+02
5.7565178e-01   2378778  4.0379743e+02  4.0487297e+02  1.4457978e+02
6.0966698e-01   2828400  3.7723388e+02  3.7711851e+02  1.2783052e+02
6.4568974e-01   3356890  3.5324226e+02  3.5204686e+02  1.0848236e+02
6.8383752e-01   3990317  3.3164426e+02  3.3309592e+02  9.8832583e+01
7.2424344e-01   4738457  3.1237498e+02  3.1067637e+02  8.3036213e+01
7.6703215e-01   5629661  2.9552373e+02  2.9667358e+02  7.5322114e+01
8.1235262e-01   6687903  2.8095642e+02  2.7978561e+02  6.3756055e+01
8.6035444e-01   7945758  2.6833513e+02  2.6854067e+02  5.6929045e+01
9.1118812e-01   9436555  2.5760879e+02  2.5823589e+02  4.9293983e+01
9.6501980e-01  11210320  2.4770318e+02  2.4653556e+02  4.2716436e+01
1.0220366e+00  13318613  2.3868467e+02  2.3918158e+02  3.7749198e+01
1.0824208e+00  15819192  2.2979508e+02  2.2989812e+02  3.2608583e+01
1.1463741e+00  18795348  2.2093899e+02  2.2012347e+02  2.8232974e+01
1.2141088e+00  22326034  2.1198638e+02  2.1151394e+02  2.4709039e+01
1.2858419e+00  26520842  2.0271070e+02  2.0249894e+02  2.1542009e+01
1.3618105e+00  31503438  1.9329438e+02  1.9350986e+02  1.8729267e+01
1.4422695e+00  37426927  1.8396937e+02  1.8408111e+02  1.6268582e+01
1.5275481e+00  44525830  1.7485874e+02  1.7494389e+02  1.4109502e+01
