# Power spectrum from CO𝘕CEPT job 4701174 at t = 3.1242836 Gyr, a = 0.32258065
#
# Components:
#   0: matter  (upstream grid size 1024)
#
#                           grid size 1024
# ╭────────────────────────────────────────────────────────────────╮
#                         component 0    (corrected)      (linear)
#                        σ₈ = 3.03e-01  σ₈ = 3.03e-01  σ₈ = 3.00e-01
#  k [Mpc⁻¹]    modes       P [Mpc³]       P [Mpc³]       P [Mpc³]
3.0679616e-03         3  7.4150241e+03  7.4150241e+03  7.4165090e+03
5.8212951e-03        25  1.0801445e+04  1.0855503e+04  1.0853015e+04
1.0440195e-02       124  1.2491070e+04  1.2634479e+04  1.2686714e+04
1.6729547e-02       418  1.1245758e+04  1.1348522e+04  1.1336146e+04
2.3240110e-02       730  8.6487533e+03  8.6504561e+03  8.7094178e+03
2.9075630e-02      1012  6.8274993e+03  6.8109573e+03  6.8081632e+03
3.4544381e-02      1408  5.7050499e+03  5.6917721e+03  5.6805739e+03
3.9898901e-02      1841  4.9834174e+03  4.9794692e+03  5.0125288e+03
4.5580519e-02      2698  4.4704588e+03  4.4745884e+03  4.4910956e+03
5.1612543e-02      3532  3.8824901e+03  3.8885967e+03  3.9206580e+03
5.7899473e-02      4702  3.2371130e+03  3.2377276e+03  3.2647884e+03
6.4462744e-02      6019  2.6485585e+03  2.6422677e+03  2.6438151e+03
7.1309305e-02      7766  2.2076296e+03  2.1992009e+03  2.2023268e+03
7.8556104e-02     10012  1.9704576e+03  1.9660633e+03  1.9675208e+03
8.6194331e-02     12589  1.8403768e+03  1.8427636e+03  1.8400230e+03
9.4153926e-02     15650  1.6633213e+03  1.6679554e+03  1.6696643e+03
1.0254095e-01     19757  1.4039276e+03  1.4042987e+03  1.4049902e+03
1.1136076e-01     24241  1.1555252e+03  1.1514431e+03  1.1387677e+03
1.2060245e-01     29993  9.8260500e+02  9.7931061e+02  9.6378076e+02
1.3029316e-01     36494  8.7273188e+02  8.7318438e+02  8.6114492e+02
1.4046583e-01     44825  7.7417047e+02  7.7519285e+02  7.5873065e+02
1.5111985e-01     53906  6.6877271e+02  6.6715529e+02  6.4733023e+02
1.6229170e-01     65729  5.9002218e+02  5.8837330e+02  5.7180605e+02
1.7401323e-01     78746  5.4113748e+02  5.4217489e+02  5.2962534e+02
1.8625264e-01     94374  4.8171892e+02  4.8262152e+02  4.7039417e+02
1.9902230e-01    112166  4.0909286e+02  4.0826542e+02  3.9123595e+02
2.1238854e-01    134373  3.5309489e+02  3.5207566e+02  3.3035948e+02
2.2637810e-01    159077  3.1523397e+02  3.1490581e+02  2.9253693e+02
2.4096993e-01    188172  2.8350198e+02  2.8336355e+02  2.6613400e+02
2.5621802e-01    222492  2.5741274e+02  2.5765995e+02  2.4296499e+02
2.7214102e-01    261771  2.2868274e+02  2.2891570e+02  2.1441534e+02
2.8873063e-01    306759  1.9915627e+02  1.9870714e+02  1.7979528e+02
3.0605468e-01    360898  1.7613882e+02  1.7551491e+02  1.5468991e+02
3.2421519e-01    425046  1.6031079e+02  1.6039284e+02  1.4320616e+02
3.4337900e-01    505555  1.4438334e+02  1.4475249e+02  1.3169121e+02
3.6368055e-01    600292  1.2786687e+02  1.2769944e+02  1.1221508e+02
3.8517334e-01    712930  1.1336085e+02  1.1281044e+02  9.4570883e+01
4.0793004e-01    846715  1.0196010e+02  1.0204616e+02  8.7104991e+01
4.3202621e-01   1005596  9.1617540e+01  9.1923886e+01  7.9362995e+01
4.5754560e-01   1194719  8.1091237e+01  8.0653969e+01  6.5798063e+01
4.8457948e-01   1419743  7.2338250e+01  7.2248297e+01  5.8307676e+01
5.1321525e-01   1686576  6.4758089e+01  6.5038914e+01  5.3699436e+01
5.4354215e-01   2003484  5.7609173e+01  5.7185155e+01  4.4521712e+01
5.7565178e-01   2378778  5.1410259e+01  5.1547194e+01  4.0219171e+01
6.0966698e-01   2828400  4.5813297e+01  4.5799286e+01  3.5559874e+01
6.4568974e-01   3356890  4.0852687e+01  4.0714439e+01  3.0177613e+01
6.8383752e-01   3990317  3.6585641e+01  3.6745782e+01  2.7493243e+01
7.2424344e-01   4738457  3.2888248e+01  3.2709412e+01  2.3099014e+01
7.6703215e-01   5629661  2.9924235e+01  3.0040667e+01  2.0953110e+01
8.1235262e-01   6687903  2.7692707e+01  2.7577305e+01  1.7735666e+01
8.6035444e-01   7945758  2.6382445e+01  2.6402654e+01  1.5836531e+01
9.1118812e-01   9436555  2.6158158e+01  2.6221835e+01  1.3712611e+01
9.6501980e-01  11210320  2.7173673e+01  2.7045583e+01  1.1882870e+01
1.0220366e+00  13318613  2.9741412e+01  2.9803329e+01  1.0501084e+01
1.0824208e+00  15819192  3.4189058e+01  3.4204388e+01  9.0710686e+00
1.1463741e+00  18795348  4.0754846e+01  4.0604412e+01  7.8538618e+00
1.2141088e+00  22326034  4.8971034e+01  4.8861895e+01  6.8735737e+00
1.2858419e+00  26520842  5.7864588e+01  5.7804139e+01  5.9925693e+00
1.3618105e+00  31503438  6.5445041e+01  6.5517998e+01  5.2101207e+00
1.4422695e+00  37426927  6.9739615e+01  6.9781977e+01  4.5256071e+00
1.5275481e+00  44525830  7.0830713e+01  7.0865203e+01  3.9249940e+00
