# Power spectrum from CO𝘕CEPT job 4701174 at t = 9.3730558 Gyr, a = 0.71428571
#
# Components:
#   0: matter  (upstream grid size 1024)
#
#                           grid size 1024
# ╭────────────────────────────────────────────────────────────────╮
#                         component 0    (corrected)      (linear)
#                        σ₈ = 6.38e-01  σ₈ = 6.38e-01  σ₈ = 5.98e-01
#  k [Mpc⁻¹]    modes       P [Mpc³]       P [Mpc³]       P [Mpc³]
3.0679616e-03         3  2.9610001e+04  2.9610001e+04  2.9601296e+04
5.8212951e-03        25  4.3108582e+04  4.3324327e+04  4.3288750e+04
1.0440195e-02       124  4.9571856e+04  5.0140987e+04  5.0566346e+04
1.6729547e-02       418  4.4794995e+04  4.5204331e+04  4.5159379e+04
2.3240110e-02       730  3.4147246e+04  3.4153969e+04  3.4684938e+04
2.9075630e-02      1012  2.7144393e+04  2.7078627e+04  2.7108913e+04
3.4544381e-02      1408  2.2725842e+04  2.2672950e+04  2.2616809e+04
3.9898901e-02      1841  1.9678168e+04  1.9662578e+04  1.9955679e+04
4.5580519e-02      2698  1.7715251e+04  1.7731616e+04  1.7878841e+04
5.1612543e-02      3532  1.5320130e+04  1.5344227e+04  1.5607327e+04
5.7899473e-02      4702  1.2804921e+04  1.2807352e+04  1.2996043e+04
6.4462744e-02      6019  1.0641550e+04  1.0616275e+04  1.0523898e+04
7.1309305e-02      7766  8.9310749e+03  8.8969763e+03  8.7663527e+03
7.8556104e-02     10012  8.0023286e+03  7.9844827e+03  7.8315864e+03
8.6194331e-02     12589  7.4655342e+03  7.4752164e+03  7.3239973e+03
9.4153926e-02     15650  6.7384550e+03  6.7572287e+03  6.6458361e+03
1.0254095e-01     19757  5.7746129e+03  5.7761390e+03  5.5922948e+03
1.1136076e-01     24241  4.9107247e+03  4.8933769e+03  4.5326148e+03
1.2060245e-01     29993  4.2594390e+03  4.2451583e+03  3.8360953e+03
1.3029316e-01     36494  3.8086897e+03  3.8106645e+03  3.4275615e+03
1.4046583e-01     44825  3.4111679e+03  3.4156727e+03  3.0199158e+03
1.5111985e-01     53906  3.0440676e+03  3.0367056e+03  2.5765084e+03
1.6229170e-01     65729  2.7224213e+03  2.7148132e+03  2.2758997e+03
1.7401323e-01     78746  2.4963571e+03  2.5011428e+03  2.1080069e+03
1.8625264e-01     94374  2.2577433e+03  2.2619736e+03  1.8722518e+03
1.9902230e-01    112166  2.0060818e+03  2.0020242e+03  1.5571852e+03
2.1238854e-01    134373  1.8000970e+03  1.7949009e+03  1.3148845e+03
2.2637810e-01    159077  1.6496431e+03  1.6479258e+03  1.1643429e+03
2.4096993e-01    188172  1.5071173e+03  1.5063814e+03  1.0592538e+03
2.5621802e-01    222492  1.3868411e+03  1.3881730e+03  9.6703664e+02
2.7214102e-01    261771  1.2749022e+03  1.2762009e+03  8.5340400e+02
2.8873063e-01    306759  1.1652303e+03  1.1626025e+03  7.1561061e+02
3.0605468e-01    360898  1.0730552e+03  1.0692542e+03  6.1568725e+02
3.2421519e-01    425046  9.9318615e+02  9.9369449e+02  5.6997999e+02
3.4337900e-01    505555  9.1892273e+02  9.2127220e+02  5.2414860e+02
3.6368055e-01    600292  8.5060176e+02  8.4948800e+02  4.4663079e+02
3.8517334e-01    712930  7.8948520e+02  7.8565189e+02  3.7640438e+02
4.0793004e-01    846715  7.3410337e+02  7.3472301e+02  3.4668902e+02
4.3202621e-01   1005596  6.8161308e+02  6.8389222e+02  3.1587477e+02
4.5754560e-01   1194719  6.3428670e+02  6.3086644e+02  2.6188453e+02
4.8457948e-01   1419743  5.9039753e+02  5.8966337e+02  2.3207178e+02
5.1321525e-01   1686576  5.5111711e+02  5.5350704e+02  2.1373035e+02
5.4354215e-01   2003484  5.1362055e+02  5.0984018e+02  1.7720184e+02
5.7565178e-01   2378778  4.8084216e+02  4.8212291e+02  1.6007716e+02
6.0966698e-01   2828400  4.5018531e+02  4.5004763e+02  1.4153256e+02
6.4568974e-01   3356890  4.2263489e+02  4.2120467e+02  1.2011049e+02
6.8383752e-01   3990317  3.9760319e+02  3.9934356e+02  1.0942635e+02
7.2424344e-01   4738457  3.7507251e+02  3.7303298e+02  9.1936783e+01
7.6703215e-01   5629661  3.5494254e+02  3.5632359e+02  8.3395816e+01
8.1235262e-01   6687903  3.3742068e+02  3.3601457e+02  7.0590002e+01
8.6035444e-01   7945758  3.2169243e+02  3.2193884e+02  6.3031210e+01
9.1118812e-01   9436555  3.0785988e+02  3.0860930e+02  5.4577754e+01
9.6501980e-01  11210320  2.9468269e+02  2.9329362e+02  4.7295165e+01
1.0220366e+00  13318613  2.8230112e+02  2.8288882e+02  4.1795494e+01
1.0824208e+00  15819192  2.7011863e+02  2.7023975e+02  3.6103861e+01
1.1463741e+00  18795348  2.5800583e+02  2.5705349e+02  3.1259235e+01
1.2141088e+00  22326034  2.4602124e+02  2.4547294e+02  2.7357572e+01
1.2858419e+00  26520842  2.3386919e+02  2.3362487e+02  2.3851072e+01
1.3618105e+00  31503438  2.2177275e+02  2.2201998e+02  2.0736835e+01
1.4422695e+00  37426927  2.0985242e+02  2.0997989e+02  1.8012391e+01
1.5275481e+00  44525830  1.9837936e+02  1.9847595e+02  1.5621882e+01
