# Power spectrum from CO𝘕CEPT job 4701174 at t = 7.9068012 Gyr, a = 0.625
#
# Components:
#   0: matter  (upstream grid size 1024)
#
#                           grid size 1024
# ╭────────────────────────────────────────────────────────────────╮
#                         component 0    (corrected)      (linear)
#                        σ₈ = 5.70e-01  σ₈ = 5.70e-01  σ₈ = 5.40e-01
#  k [Mpc⁻¹]    modes       P [Mpc³]       P [Mpc³]       P [Mpc³]
3.0679616e-03         3  2.4202416e+04  2.4202416e+04  2.4192163e+04
5.8212951e-03        25  3.5239101e+04  3.5415462e+04  3.5381601e+04
1.0440195e-02       124  4.0567168e+04  4.1032916e+04  4.1334098e+04
1.6729547e-02       418  3.6635142e+04  3.6969913e+04  3.6917385e+04
2.3240110e-02       730  2.7975823e+04  2.7981331e+04  2.8356022e+04
2.9075630e-02      1012  2.2210272e+04  2.2156460e+04  2.2162985e+04
3.4544381e-02      1408  1.8588365e+04  1.8545103e+04  1.8490768e+04
3.9898901e-02      1841  1.6122743e+04  1.6109969e+04  1.6315310e+04
4.5580519e-02      2698  1.4505014e+04  1.4518414e+04  1.4617471e+04
5.1612543e-02      3532  1.2554732e+04  1.2574479e+04  1.2760409e+04
5.7899473e-02      4702  1.0487515e+04  1.0489507e+04  1.0625507e+04
6.4462744e-02      6019  8.6870179e+03  8.6663849e+03  8.6043307e+03
7.1309305e-02      7766  7.2779299e+03  7.2501430e+03  7.1673890e+03
7.8556104e-02     10012  6.5156230e+03  6.5010925e+03  6.4031408e+03
8.6194331e-02     12589  6.0823909e+03  6.0902793e+03  5.9881481e+03
9.4153926e-02     15650  5.4927079e+03  5.5080109e+03  5.4336897e+03
1.0254095e-01     19757  4.6902853e+03  4.6915249e+03  4.5723131e+03
1.1136076e-01     24241  3.9605590e+03  3.9465677e+03  3.7059138e+03
1.2060245e-01     29993  3.4210342e+03  3.4095645e+03  3.1364356e+03
1.3029316e-01     36494  3.0537230e+03  3.0553063e+03  2.8024163e+03
1.4046583e-01     44825  2.7315284e+03  2.7351357e+03  2.4691222e+03
1.5111985e-01     53906  2.4212799e+03  2.4154241e+03  2.1065880e+03
1.6229170e-01     65729  2.1588451e+03  2.1528120e+03  1.8608074e+03
1.7401323e-01     78746  1.9785155e+03  1.9823085e+03  1.7235368e+03
1.8625264e-01     94374  1.7840388e+03  1.7873815e+03  1.5307807e+03
1.9902230e-01    112166  1.5714752e+03  1.5682967e+03  1.2731780e+03
2.1238854e-01    134373  1.4018850e+03  1.3978384e+03  1.0750696e+03
2.2637810e-01    159077  1.2784034e+03  1.2770725e+03  9.5198483e+02
2.4096993e-01    188172  1.1632260e+03  1.1626580e+03  8.6606257e+02
2.5621802e-01    222492  1.0675168e+03  1.0685420e+03  7.9066449e+02
2.7214102e-01    261771  9.7491718e+02  9.7591034e+02  6.9775678e+02
2.8873063e-01    306759  8.8484137e+02  8.8284591e+02  5.8509478e+02
3.0605468e-01    360898  8.0923059e+02  8.0636416e+02  5.0339590e+02
3.2421519e-01    425046  7.4691479e+02  7.4729708e+02  4.6602496e+02
3.4337900e-01    505555  6.8679039e+02  6.8854636e+02  4.2855252e+02
3.6368055e-01    600292  6.3188085e+02  6.3105348e+02  3.6517272e+02
3.8517334e-01    712930  5.8329171e+02  5.8045956e+02  3.0775447e+02
4.0793004e-01    846715  5.3876686e+02  5.3922161e+02  2.8345872e+02
4.3202621e-01   1005596  4.9765561e+02  4.9931964e+02  2.5826449e+02
4.5754560e-01   1194719  4.6012515e+02  4.5764401e+02  2.1412118e+02
4.8457948e-01   1419743  4.2581201e+02  4.2528251e+02  1.8974579e+02
5.1321525e-01   1686576  3.9488028e+02  3.9659269e+02  1.7474954e+02
5.4354215e-01   2003484  3.6645484e+02  3.6375765e+02  1.4488322e+02
5.7565178e-01   2378778  3.4075550e+02  3.4166312e+02  1.3088180e+02
6.0966698e-01   2828400  3.1759369e+02  3.1749656e+02  1.1571942e+02
6.4568974e-01   3356890  2.9654642e+02  2.9554289e+02  9.8204378e+01
6.8383752e-01   3990317  2.7777628e+02  2.7899215e+02  8.9468851e+01
7.2424344e-01   4738457  2.6118488e+02  2.5976463e+02  7.5169083e+01
7.6703215e-01   5629661  2.4691532e+02  2.4787604e+02  6.8185845e+01
8.1235262e-01   6687903  2.3469796e+02  2.3371992e+02  5.7715595e+01
8.6035444e-01   7945758  2.2451598e+02  2.2468796e+02  5.1535399e+01
9.1118812e-01   9436555  2.1620726e+02  2.1673357e+02  4.4623709e+01
9.6501980e-01  11210320  2.0894368e+02  2.0795877e+02  3.8669340e+01
1.0220366e+00  13318613  2.0263884e+02  2.0306071e+02  3.4172716e+01
1.0824208e+00  15819192  1.9647541e+02  1.9656351e+02  2.9519140e+01
1.1463741e+00  18795348  1.9035316e+02  1.8965053e+02  2.5558091e+01
1.2141088e+00  22326034  1.8389465e+02  1.8348481e+02  2.2368025e+01
1.2858419e+00  26520842  1.7700384e+02  1.7681893e+02  1.9501050e+01
1.3618105e+00  31503438  1.6983834e+02  1.7002767e+02  1.6954797e+01
1.4422695e+00  37426927  1.6265247e+02  1.6275127e+02  1.4727245e+01
1.5275481e+00  44525830  1.5544069e+02  1.5551638e+02  1.2772723e+01
