# Power spectrum from CO𝘕CEPT job 4701174 at t = 6.2819341 Gyr, a = 0.52631579
#
# Components:
#   0: matter  (upstream grid size 1024)
#
#                           grid size 1024
# ╭────────────────────────────────────────────────────────────────╮
#                         component 0    (corrected)      (linear)
#                        σ₈ = 4.88e-01  σ₈ = 4.88e-01  σ₈ = 4.69e-01
#  k [Mpc⁻¹]    modes       P [Mpc³]       P [Mpc³]       P [Mpc³]
3.0679616e-03         3  1.8237908e+04  1.8237908e+04  1.8224828e+04
5.8212951e-03        25  2.6557891e+04  2.6690804e+04  2.6657679e+04
1.0440195e-02       124  3.0614725e+04  3.0966210e+04  3.1146999e+04
1.6729547e-02       418  2.7624374e+04  2.7876805e+04  2.7821978e+04
2.3240110e-02       730  2.1140157e+04  2.1144319e+04  2.1371306e+04
2.9075630e-02      1012  1.6756192e+04  1.6715595e+04  1.6704351e+04
3.4544381e-02      1408  1.4017410e+04  1.3984786e+04  1.3936896e+04
3.9898901e-02      1841  1.2183678e+04  1.2174026e+04  1.2297397e+04
4.5580519e-02      2698  1.0952165e+04  1.0962282e+04  1.1017810e+04
5.1612543e-02      3532  9.4894962e+03  9.5044217e+03  9.6181532e+03
5.7899473e-02      4702  7.9218424e+03  7.9233465e+03  8.0090299e+03
6.4462744e-02      6019  6.5360772e+03  6.5205530e+03  6.4855950e+03
7.1309305e-02      7766  5.4655034e+03  5.4446363e+03  5.4025112e+03
7.8556104e-02     10012  4.8882481e+03  4.8773469e+03  4.8264671e+03
8.6194331e-02     12589  4.5656914e+03  4.5716127e+03  4.5136734e+03
9.4153926e-02     15650  4.1248329e+03  4.1363249e+03  4.0957505e+03
1.0254095e-01     19757  3.5079660e+03  3.5088931e+03  3.4464780e+03
1.1136076e-01     24241  2.9373731e+03  2.9269964e+03  2.7934158e+03
1.2060245e-01     29993  2.5245012e+03  2.5160373e+03  2.3641621e+03
1.3029316e-01     36494  2.2491909e+03  2.2503571e+03  2.1123897e+03
1.4046583e-01     44825  2.0081295e+03  2.0107814e+03  1.8611630e+03
1.5111985e-01     53906  1.7652883e+03  1.7610190e+03  1.5878951e+03
1.6229170e-01     65729  1.5683561e+03  1.5639731e+03  1.4026326e+03
1.7401323e-01     78746  1.4370825e+03  1.4398375e+03  1.2991620e+03
1.8625264e-01     94374  1.2907481e+03  1.2931666e+03  1.1538675e+03
1.9902230e-01    112166  1.1245968e+03  1.1223222e+03  9.5969297e+02
2.1238854e-01    134373  9.9481233e+02  9.9194076e+02  8.1036363e+02
2.2637810e-01    159077  9.0133933e+02  9.0040102e+02  7.1758528e+02
2.4096993e-01    188172  8.1643953e+02  8.1604088e+02  6.5281916e+02
2.5621802e-01    222492  7.4674113e+02  7.4745828e+02  5.9598588e+02
2.7214102e-01    261771  6.7601421e+02  6.7670288e+02  5.2595415e+02
2.8873063e-01    306759  6.0759980e+02  6.0622956e+02  4.4103204e+02
3.0605468e-01    360898  5.5063081e+02  5.4868039e+02  3.7944922e+02
3.2421519e-01    425046  5.0616801e+02  5.0642709e+02  3.5127984e+02
3.4337900e-01    505555  4.6179419e+02  4.6297489e+02  3.2303395e+02
3.6368055e-01    600292  4.2120135e+02  4.2064983e+02  2.7525961e+02
3.8517334e-01    712930  3.8547016e+02  3.8359853e+02  2.3197895e+02
4.0793004e-01    846715  3.5284945e+02  3.5314728e+02  2.1366534e+02
4.3202621e-01   1005596  3.2340417e+02  3.2448555e+02  1.9467447e+02
4.5754560e-01   1194719  2.9621642e+02  2.9461913e+02  1.6140016e+02
4.8457948e-01   1419743  2.7169062e+02  2.7135277e+02  1.4302650e+02
5.1321525e-01   1686576  2.4972941e+02  2.5081236e+02  1.3172264e+02
5.4354215e-01   2003484  2.2981700e+02  2.2812549e+02  1.0921002e+02
5.7565178e-01   2378778  2.1160936e+02  2.1217300e+02  9.8656041e+01
6.0966698e-01   2828400  1.9547977e+02  1.9541999e+02  8.7226957e+01
6.4568974e-01   3356890  1.8080429e+02  1.8019244e+02  7.4024475e+01
6.8383752e-01   3990317  1.6795354e+02  1.6868870e+02  6.7439814e+01
7.2424344e-01   4738457  1.5678571e+02  1.5593315e+02  5.6660941e+01
7.6703215e-01   5629661  1.4742362e+02  1.4799723e+02  5.1397119e+01
8.1235262e-01   6687903  1.3985499e+02  1.3927218e+02  4.3504857e+01
8.6035444e-01   7945758  1.3414086e+02  1.3424361e+02  3.8846351e+01
9.1118812e-01   9436555  1.3027173e+02  1.3058885e+02  3.3636459e+01
9.6501980e-01  11210320  1.2801084e+02  1.2740743e+02  2.9148176e+01
1.0220366e+00  13318613  1.2689702e+02  1.2716120e+02  2.5758712e+01
1.0824208e+00  15819192  1.2645190e+02  1.2650860e+02  2.2250940e+01
1.1463741e+00  18795348  1.2605251e+02  1.2558723e+02  1.9265181e+01
1.2141088e+00  22326034  1.2510655e+02  1.2482773e+02  1.6860574e+01
1.2858419e+00  26520842  1.2331762e+02  1.2318880e+02  1.4699506e+01
1.3618105e+00  31503438  1.2092725e+02  1.2106206e+02  1.2780191e+01
1.4422695e+00  37426927  1.1804349e+02  1.1811519e+02  1.1101107e+01
1.5275481e+00  44525830  1.1481455e+02  1.1487045e+02  9.6278282e+00
