# Power spectrum from CO𝘕CEPT job 4701174 at t = 3.2779515 Gyr, a = 0.33333333
#
# Components:
#   0: matter  (upstream grid size 1024)
#
#                           grid size 1024
# ╭────────────────────────────────────────────────────────────────╮
#                         component 0    (corrected)      (linear)
#                        σ₈ = 3.13e-01  σ₈ = 3.13e-01  σ₈ = 3.09e-01
#  k [Mpc⁻¹]    modes       P [Mpc³]       P [Mpc³]       P [Mpc³]
3.0679616e-03         3  7.8960118e+03  7.8960118e+03  7.8976010e+03
5.8212951e-03        25  1.1501823e+04  1.1559386e+04  1.1556654e+04
1.0440195e-02       124  1.3298622e+04  1.3451302e+04  1.3508785e+04
1.6729547e-02       418  1.1974409e+04  1.2083831e+04  1.2070440e+04
2.3240110e-02       730  9.2066256e+03  9.2084382e+03  9.2734577e+03
2.9075630e-02      1012  7.2695889e+03  7.2519759e+03  7.2490302e+03
3.4544381e-02      1408  6.0748557e+03  6.0607171e+03  6.0484013e+03
3.9898901e-02      1841  5.3049776e+03  5.3007747e+03  5.3370862e+03
4.5580519e-02      2698  4.7594813e+03  4.7638779e+03  4.7818819e+03
5.1612543e-02      3532  4.1329769e+03  4.1394774e+03  4.1745042e+03
5.7899473e-02      4702  3.4461499e+03  3.4468042e+03  3.4761662e+03
6.4462744e-02      6019  2.8207784e+03  2.8140786e+03  2.8149858e+03
7.1309305e-02      7766  2.3514749e+03  2.3424970e+03  2.3449123e+03
7.8556104e-02     10012  2.0990613e+03  2.0943802e+03  2.0949032e+03
8.6194331e-02     12589  1.9605882e+03  1.9631309e+03  1.9591501e+03
9.4153926e-02     15650  1.7719555e+03  1.7768922e+03  1.7777614e+03
1.0254095e-01     19757  1.4961069e+03  1.4965023e+03  1.4959514e+03
1.1136076e-01     24241  1.2324070e+03  1.2280533e+03  1.2124930e+03
1.2060245e-01     29993  1.0485232e+03  1.0450078e+03  1.0261770e+03
1.3029316e-01     36494  9.3138628e+02  9.3186919e+02  9.1689621e+02
1.4046583e-01     44825  8.2655485e+02  8.2764641e+02  8.0785144e+02
1.5111985e-01     53906  7.1461288e+02  7.1288459e+02  6.8923880e+02
1.6229170e-01     65729  6.3066399e+02  6.2890154e+02  6.0882508e+02
1.7401323e-01     78746  5.7836712e+02  5.7947590e+02  5.6391352e+02
1.8625264e-01     94374  5.1508831e+02  5.1605344e+02  5.0084767e+02
1.9902230e-01    112166  4.3802547e+02  4.3713951e+02  4.1656468e+02
2.1238854e-01    134373  3.7861254e+02  3.7751966e+02  3.5174704e+02
2.2637810e-01    159077  3.3827129e+02  3.3791915e+02  3.1147583e+02
2.4096993e-01    188172  3.0429152e+02  3.0414294e+02  2.8336356e+02
2.5621802e-01    222492  2.7638043e+02  2.7664586e+02  2.5869457e+02
2.7214102e-01    261771  2.4575235e+02  2.4600271e+02  2.2829661e+02
2.8873063e-01    306759  2.1446529e+02  2.1398164e+02  1.9143524e+02
3.0605468e-01    360898  1.8995951e+02  1.8928664e+02  1.6470454e+02
3.2421519e-01    425046  1.7295711e+02  1.7304564e+02  1.5247734e+02
3.4337900e-01    505555  1.5582437e+02  1.5622278e+02  1.4021690e+02
3.6368055e-01    600292  1.3827813e+02  1.3809707e+02  1.1947989e+02
3.8517334e-01    712930  1.2286660e+02  1.2227003e+02  1.0069340e+02
4.0793004e-01    846715  1.1058448e+02  1.1067782e+02  9.2744165e+01
4.3202621e-01   1005596  9.9460248e+01  9.9792817e+01  8.4500951e+01
4.5754560e-01   1194719  8.8261619e+01  8.7785686e+01  7.0057825e+01
4.8457948e-01   1419743  7.8867991e+01  7.8769919e+01  6.2082510e+01
5.1321525e-01   1686576  7.0707917e+01  7.1014544e+01  5.7175933e+01
5.4354215e-01   2003484  6.3050721e+01  6.2586653e+01  4.7404044e+01
5.7565178e-01   2378778  5.6390819e+01  5.6541019e+01  4.2822956e+01
6.0966698e-01   2828400  5.0364240e+01  5.0348837e+01  3.7862016e+01
6.4568974e-01   3356890  4.5027807e+01  4.4875429e+01  3.2131308e+01
6.8383752e-01   3990317  4.0436796e+01  4.0613794e+01  2.9273152e+01
7.2424344e-01   4738457  3.6457069e+01  3.6258826e+01  2.4594441e+01
7.6703215e-01   5629661  3.3265854e+01  3.3395288e+01  2.2309611e+01
8.1235262e-01   6687903  3.0861906e+01  3.0733297e+01  1.8883871e+01
8.6035444e-01   7945758  2.9431053e+01  2.9453597e+01  1.6861785e+01
9.1118812e-01   9436555  2.9148590e+01  2.9219546e+01  1.4600363e+01
9.6501980e-01  11210320  3.0168204e+01  3.0025998e+01  1.2652164e+01
1.0220366e+00  13318613  3.2784783e+01  3.2853036e+01  1.1180923e+01
1.0824208e+00  15819192  3.7284358e+01  3.7301076e+01  9.6583276e+00
1.1463741e+00  18795348  4.3806693e+01  4.3644994e+01  8.3623190e+00
1.2141088e+00  22326034  5.1739598e+01  5.1624289e+01  7.3185672e+00
1.2858419e+00  26520842  6.0009405e+01  5.9946715e+01  6.3805267e+00
1.3618105e+00  31503438  6.6753704e+01  6.6828120e+01  5.5474225e+00
1.4422695e+00  37426927  7.0420570e+01  7.0463346e+01  4.8185936e+00
1.5275481e+00  44525830  7.1366937e+01  7.1401688e+01  4.1790968e+00
