# Power spectrum from CO𝘕CEPT job 4701174 at t = 2.5067588 Gyr, a = 0.27777778
#
# Components:
#   0: matter  (upstream grid size 1024)
#
#                           grid size 1024
# ╭────────────────────────────────────────────────────────────────╮
#                         component 0    (corrected)      (linear)
#                        σ₈ = 2.61e-01  σ₈ = 2.61e-01  σ₈ = 2.59e-01
#  k [Mpc⁻¹]    modes       P [Mpc³]       P [Mpc³]       P [Mpc³]
3.0679616e-03         3  5.5527588e+03  5.5527588e+03  5.5534924e+03
5.8212951e-03        25  8.0895988e+03  8.1300847e+03  8.1279698e+03
1.0440195e-02       124  9.3621419e+03  9.4696279e+03  9.5027293e+03
1.6729547e-02       418  8.4239265e+03  8.5009042e+03  8.4919377e+03
2.3240110e-02       730  6.4859924e+03  6.4872694e+03  6.5245865e+03
2.9075630e-02      1012  5.1151204e+03  5.1027273e+03  5.1004119e+03
3.4544381e-02      1408  4.2730168e+03  4.2630718e+03  4.2557323e+03
3.9898901e-02      1841  3.7368775e+03  3.7339169e+03  3.7552901e+03
4.5580519e-02      2698  3.3505653e+03  3.3536604e+03  3.3646686e+03
5.1612543e-02      3532  2.9114351e+03  2.9160143e+03  2.9373219e+03
5.7899473e-02      4702  2.4269770e+03  2.4274378e+03  2.4459613e+03
6.4462744e-02      6019  1.9823526e+03  1.9776442e+03  1.9807385e+03
7.1309305e-02      7766  1.6515872e+03  1.6452815e+03  1.6499812e+03
7.8556104e-02     10012  1.4735617e+03  1.4702756e+03  1.4740680e+03
8.6194331e-02     12589  1.3759193e+03  1.3777038e+03  1.3785490e+03
9.4153926e-02     15650  1.2435833e+03  1.2470480e+03  1.2509177e+03
1.0254095e-01     19757  1.0483746e+03  1.0486517e+03  1.0526243e+03
1.1136076e-01     24241  8.6010057e+02  8.5706214e+02  8.5317011e+02
1.2060245e-01     29993  7.2991141e+02  7.2746423e+02  7.2206965e+02
1.3029316e-01     36494  6.4803579e+02  6.4837179e+02  6.4517475e+02
1.4046583e-01     44825  5.7379644e+02  5.7455420e+02  5.6844571e+02
1.5111985e-01     53906  4.9410051e+02  4.9290554e+02  4.8498406e+02
1.6229170e-01     65729  4.3539909e+02  4.3418232e+02  4.2840102e+02
1.7401323e-01     78746  3.9946070e+02  4.0022651e+02  3.9679907e+02
1.8625264e-01     94374  3.5498175e+02  3.5564689e+02  3.5242276e+02
1.9902230e-01    112166  2.9982085e+02  2.9921443e+02  2.9311691e+02
2.1238854e-01    134373  2.5724784e+02  2.5650529e+02  2.4750786e+02
2.2637810e-01    159077  2.2896797e+02  2.2872961e+02  2.1917095e+02
2.4096993e-01    188172  2.0577369e+02  2.0567322e+02  1.9938970e+02
2.5621802e-01    222492  1.8661393e+02  1.8679315e+02  1.8203132e+02
2.7214102e-01    261771  1.6520953e+02  1.6537783e+02  1.6064171e+02
2.8873063e-01    306759  1.4261174e+02  1.4229013e+02  1.3470410e+02
3.0605468e-01    360898  1.2533670e+02  1.2489274e+02  1.1589496e+02
3.2421519e-01    425046  1.1393903e+02  1.1399735e+02  1.0729125e+02
3.4337900e-01    505555  1.0254574e+02  1.0280792e+02  9.8664161e+01
3.6368055e-01    600292  9.0018326e+01  8.9900458e+01  8.4072490e+01
3.8517334e-01    712930  7.9016588e+01  7.8632926e+01  7.0853310e+01
4.0793004e-01    846715  7.0913551e+01  7.0973407e+01  6.5259804e+01
4.3202621e-01   1005596  6.3505270e+01  6.3717615e+01  5.9459438e+01
4.5754560e-01   1194719  5.5551929e+01  5.5252376e+01  4.9296476e+01
4.8457948e-01   1419743  4.9213959e+01  4.9152762e+01  4.3684616e+01
5.1321525e-01   1686576  4.3813497e+01  4.4003495e+01  4.0232085e+01
5.4354215e-01   2003484  3.8558115e+01  3.8274318e+01  3.3356055e+01
5.7565178e-01   2378778  3.4088834e+01  3.4179631e+01  3.0132555e+01
6.0966698e-01   2828400  3.0099488e+01  3.0090283e+01  2.6641770e+01
6.4568974e-01   3356890  2.6526002e+01  2.6436237e+01  2.2609333e+01
6.8383752e-01   3990317  2.3474461e+01  2.3577212e+01  2.0598181e+01
7.2424344e-01   4738457  2.0818705e+01  2.0705499e+01  1.7305986e+01
7.6703215e-01   5629661  1.8690980e+01  1.8763705e+01  1.5698256e+01
8.1235262e-01   6687903  1.7090415e+01  1.7019195e+01  1.3287719e+01
8.6035444e-01   7945758  1.6200673e+01  1.6213082e+01  1.1864871e+01
9.1118812e-01   9436555  1.6143289e+01  1.6182587e+01  1.0273611e+01
9.6501980e-01  11210320  1.7049961e+01  1.6969592e+01  8.9027532e+00
1.0220366e+00  13318613  1.9251343e+01  1.9291421e+01  7.8675076e+00
1.0824208e+00  15819192  2.3173742e+01  2.3184133e+01  6.7961271e+00
1.1463741e+00  18795348  2.9384056e+01  2.9275594e+01  5.8841851e+00
1.2141088e+00  22326034  3.8118082e+01  3.8033130e+01  5.1497446e+00
1.2858419e+00  26520842  4.9253430e+01  4.9201976e+01  4.4896883e+00
1.3618105e+00  31503438  6.0942037e+01  6.1009974e+01  3.9034709e+00
1.4422695e+00  37426927  6.9317672e+01  6.9359778e+01  3.3906272e+00
1.5275481e+00  44525830  7.1699720e+01  7.1734632e+01  2.9406425e+00
