# Power spectrum from CO𝘕CEPT job 4701174 at t = 4.270349 Gyr, a = 0.4
#
# Components:
#   0: matter  (upstream grid size 1024)
#
#                           grid size 1024
# ╭────────────────────────────────────────────────────────────────╮
#                         component 0    (corrected)      (linear)
#                        σ₈ = 3.75e-01  σ₈ = 3.75e-01  σ₈ = 3.67e-01
#  k [Mpc⁻¹]    modes       P [Mpc³]       P [Mpc³]       P [Mpc³]
3.0679616e-03         3  1.1142118e+04  1.1142118e+04  1.1141830e+04
5.8212951e-03        25  1.6228177e+04  1.6309394e+04  1.6301147e+04
1.0440195e-02       124  1.8743004e+04  1.8958191e+04  1.9051237e+04
1.6729547e-02       418  1.6890106e+04  1.7044447e+04  1.7020663e+04
2.3240110e-02       730  1.2964463e+04  1.2967015e+04  1.3075722e+04
2.9075630e-02      1012  1.0251174e+04  1.0226337e+04  1.0220889e+04
3.4544381e-02      1408  8.5698132e+03  8.5498679e+03  8.5278621e+03
3.9898901e-02      1841  7.4711335e+03  7.4652143e+03  7.5248455e+03
4.5580519e-02      2698  6.7076871e+03  6.7138835e+03  6.7419812e+03
5.1612543e-02      3532  5.8202081e+03  5.8293624e+03  5.8855900e+03
5.7899473e-02      4702  4.8548054e+03  4.8557271e+03  4.9009796e+03
6.4462744e-02      6019  3.9845598e+03  3.9750958e+03  3.9687747e+03
7.1309305e-02      7766  3.3246646e+03  3.3119711e+03  3.3060177e+03
7.8556104e-02     10012  2.9697256e+03  2.9631028e+03  2.9535286e+03
8.6194331e-02     12589  2.7743281e+03  2.7779262e+03  2.7621283e+03
9.4153926e-02     15650  2.5072394e+03  2.5142247e+03  2.5063905e+03
1.0254095e-01     19757  2.1217036e+03  2.1222644e+03  2.1090750e+03
1.1136076e-01     24241  1.7572066e+03  1.7509990e+03  1.7094372e+03
1.2060245e-01     29993  1.5000899e+03  1.4950605e+03  1.4467574e+03
1.3029316e-01     36494  1.3336494e+03  1.3343408e+03  1.2926865e+03
1.4046583e-01     44825  1.1864696e+03  1.1880364e+03  1.1389488e+03
1.5111985e-01     53906  1.0314177e+03  1.0289232e+03  9.7172216e+02
1.6229170e-01     65729  9.1221193e+02  9.0966265e+02  8.5835051e+02
1.7401323e-01     78746  8.3620763e+02  8.3781071e+02  7.9503169e+02
1.8625264e-01     94374  7.4686831e+02  7.4826772e+02  7.0611819e+02
1.9902230e-01    112166  6.4059307e+02  6.3929739e+02  5.8729193e+02
2.1238854e-01    134373  5.5858336e+02  5.5697099e+02  4.9590890e+02
2.2637810e-01    159077  5.0148363e+02  5.0096158e+02  4.3913261e+02
2.4096993e-01    188172  4.5196728e+02  4.5174659e+02  3.9949858e+02
2.5621802e-01    222492  4.1145353e+02  4.1184868e+02  3.6471907e+02
2.7214102e-01    261771  3.6802366e+02  3.6839857e+02  3.2186261e+02
2.8873063e-01    306759  3.2503389e+02  3.2430088e+02  2.6989379e+02
3.0605468e-01    360898  2.9041908e+02  2.8939037e+02  2.3220765e+02
3.2421519e-01    425046  2.6523175e+02  2.6536750e+02  2.1496917e+02
3.4337900e-01    505555  2.3972394e+02  2.4033686e+02  1.9768386e+02
3.6368055e-01    600292  2.1516983e+02  2.1488809e+02  1.6844790e+02
3.8517334e-01    712930  1.9358556e+02  1.9264562e+02  1.4196189e+02
4.0793004e-01    846715  1.7512371e+02  1.7527152e+02  1.3075470e+02
4.3202621e-01   1005596  1.5852660e+02  1.5905667e+02  1.1913306e+02
4.5754560e-01   1194719  1.4265369e+02  1.4188445e+02  9.8770515e+01
4.8457948e-01   1419743  1.2878210e+02  1.2862196e+02  8.7526569e+01
5.1321525e-01   1686576  1.1656154e+02  1.1706701e+02  8.0609064e+01
5.4354215e-01   2003484  1.0530096e+02  1.0452592e+02  6.6832234e+01
5.7565178e-01   2378778  9.5356199e+01  9.5610186e+01  6.0373618e+01
6.0966698e-01   2828400  8.6320917e+01  8.6294517e+01  5.3379473e+01
6.4568974e-01   3356890  7.8293196e+01  7.8028246e+01  4.5300075e+01
6.8383752e-01   3990317  7.1394494e+01  7.1706998e+01  4.1270525e+01
7.2424344e-01   4738457  6.5373164e+01  6.5017683e+01  3.4674279e+01
7.6703215e-01   5629661  6.0528930e+01  6.0764442e+01  3.1453028e+01
8.1235262e-01   6687903  5.6843930e+01  5.6607047e+01  2.6623274e+01
8.6035444e-01   7945758  5.4448916e+01  5.4490624e+01  2.3772452e+01
9.1118812e-01   9436555  5.3569047e+01  5.3699449e+01  2.0584203e+01
9.6501980e-01  11210320  5.4295277e+01  5.4039341e+01  1.7837550e+01
1.0220366e+00  13318613  5.6693958e+01  5.6811986e+01  1.5763331e+01
1.0824208e+00  15819192  6.0720162e+01  6.0747389e+01  1.3616712e+01
1.1463741e+00  18795348  6.5927644e+01  6.5684293e+01  1.1789544e+01
1.2141088e+00  22326034  7.1272289e+01  7.1113448e+01  1.0318019e+01
1.2858419e+00  26520842  7.5703537e+01  7.5624452e+01  8.9955299e+00
1.3618105e+00  31503438  7.8516860e+01  7.8604389e+01  7.8209845e+00
1.4422695e+00  37426927  7.9660129e+01  7.9708517e+01  6.7934508e+00
1.5275481e+00  44525830  7.9783464e+01  7.9822313e+01  5.8918615e+00
