# Power spectrum from CO𝘕CEPT job 4701174 at t = 3.6249528 Gyr, a = 0.35714286
#
# Components:
#   0: matter  (upstream grid size 1024)
#
#                           grid size 1024
# ╭────────────────────────────────────────────────────────────────╮
#                         component 0    (corrected)      (linear)
#                        σ₈ = 3.35e-01  σ₈ = 3.35e-01  σ₈ = 3.30e-01
#  k [Mpc⁻¹]    modes       P [Mpc³]       P [Mpc³]       P [Mpc³]
3.0679616e-03         3  9.0049706e+03  9.0049706e+03  9.0064849e+03
5.8212951e-03        25  1.3116545e+04  1.3182190e+04  1.3178418e+04
1.0440195e-02       124  1.5159647e+04  1.5333693e+04  1.5403418e+04
1.6729547e-02       418  1.3654105e+04  1.3778876e+04  1.3762707e+04
2.3240110e-02       730  1.0491775e+04  1.0493840e+04  1.0573323e+04
2.9075630e-02      1012  8.2885736e+03  8.2684917e+03  8.2650231e+03
3.4544381e-02      1408  6.9273646e+03  6.9112419e+03  6.8960655e+03
3.9898901e-02      1841  6.0457670e+03  6.0409772e+03  6.0850299e+03
4.5580519e-02      2698  5.4255015e+03  5.4305134e+03  5.4519973e+03
5.1612543e-02      3532  4.7100127e+03  4.7174208e+03  4.7594895e+03
5.7899473e-02      4702  3.9277910e+03  3.9285367e+03  3.9632823e+03
6.4462744e-02      6019  3.2180715e+03  3.2104280e+03  3.2094448e+03
7.1309305e-02      7766  2.6834765e+03  2.6732311e+03  2.6734970e+03
7.8556104e-02     10012  2.3959733e+03  2.3906300e+03  2.3884522e+03
8.6194331e-02     12589  2.2381159e+03  2.2410185e+03  2.2336747e+03
9.4153926e-02     15650  2.0227453e+03  2.0283807e+03  2.0268676e+03
1.0254095e-01     19757  1.7091554e+03  1.7096071e+03  1.7055683e+03
1.1136076e-01     24241  1.4105449e+03  1.4055620e+03  1.3823902e+03
1.2060245e-01     29993  1.2014959e+03  1.1974676e+03  1.1699667e+03
1.3029316e-01     36494  1.0675668e+03  1.0681203e+03  1.0453730e+03
1.4046583e-01     44825  9.4828214e+02  9.4953445e+02  9.2104843e+02
1.5111985e-01     53906  8.2140461e+02  8.1941805e+02  7.8581546e+02
1.6229170e-01     65729  7.2544267e+02  7.2341535e+02  6.9413396e+02
1.7401323e-01     78746  6.6517671e+02  6.6645192e+02  6.4292927e+02
1.8625264e-01     94374  5.9299597e+02  5.9410708e+02  5.7102651e+02
1.9902230e-01    112166  5.0581339e+02  5.0479032e+02  4.7493373e+02
2.1238854e-01    134373  4.3859877e+02  4.3733273e+02  4.0103379e+02
2.2637810e-01    159077  3.9253361e+02  3.9212498e+02  3.5511975e+02
2.4096993e-01    188172  3.5331362e+02  3.5314110e+02  3.2306837e+02
2.5621802e-01    222492  3.2115572e+02  3.2146415e+02  2.9494275e+02
2.7214102e-01    261771  2.8614861e+02  2.8644012e+02  2.6028542e+02
2.8873063e-01    306759  2.5083494e+02  2.5026927e+02  2.1825904e+02
3.0605468e-01    360898  2.2288841e+02  2.2209890e+02  1.8778284e+02
3.2421519e-01    425046  2.0313796e+02  2.0324193e+02  1.7384236e+02
3.4337900e-01    505555  1.8318509e+02  1.8365345e+02  1.5986399e+02
3.6368055e-01    600292  1.6325909e+02  1.6304532e+02  1.3622132e+02
3.8517334e-01    712930  1.4575349e+02  1.4504579e+02  1.1480248e+02
4.0793004e-01    846715  1.3140118e+02  1.3151209e+02  1.0573940e+02
4.3202621e-01   1005596  1.1844305e+02  1.1883909e+02  9.6341153e+01
4.5754560e-01   1194719  1.0567721e+02  1.0510737e+02  7.9874266e+01
4.8457948e-01   1419743  9.4783111e+01  9.4665248e+01  7.0781455e+01
5.1321525e-01   1686576  8.5263093e+01  8.5632839e+01  6.5187372e+01
5.4354215e-01   2003484  7.6406384e+01  7.5844014e+01  5.4046253e+01
5.7565178e-01   2378778  6.8659819e+01  6.8842699e+01  4.8823266e+01
6.0966698e-01   2828400  6.1624659e+01  6.1605812e+01  4.3167204e+01
6.4568974e-01   3356890  5.5397214e+01  5.5209746e+01  3.6633514e+01
6.8383752e-01   3990317  5.0042786e+01  5.0261831e+01  3.3374876e+01
7.2424344e-01   4738457  4.5391335e+01  4.5144510e+01  2.8040588e+01
7.6703215e-01   5629661  4.1659347e+01  4.1821439e+01  2.5435610e+01
8.1235262e-01   6687903  3.8842235e+01  3.8680369e+01  2.1529858e+01
8.6035444e-01   7945758  3.7112517e+01  3.7140945e+01  1.9224440e+01
9.1118812e-01   9436555  3.6668657e+01  3.6757919e+01  1.6646149e+01
9.6501980e-01  11210320  3.7653585e+01  3.7476095e+01  1.4424971e+01
1.0220366e+00  13318613  4.0304460e+01  4.0388367e+01  1.2747580e+01
1.0824208e+00  15819192  4.4797583e+01  4.4817670e+01  1.1011641e+01
1.1463741e+00  18795348  5.1047312e+01  5.0858887e+01  9.5340367e+00
1.2141088e+00  22326034  5.8190499e+01  5.8060813e+01  8.3440355e+00
1.2858419e+00  26520842  6.5056618e+01  6.4988656e+01  7.2745577e+00
1.3618105e+00  31503438  7.0173739e+01  7.0251968e+01  6.3247198e+00
1.4422695e+00  37426927  7.2742807e+01  7.2786993e+01  5.4937681e+00
1.5275481e+00  44525830  7.3419323e+01  7.3455073e+01  4.7646658e+00
