# Power spectrum from CO𝘕CEPT job 4701174 at t = 2.727498 Gyr, a = 0.29411765
#
# Components:
#   0: matter  (upstream grid size 1024)
#
#                           grid size 1024
# ╭────────────────────────────────────────────────────────────────╮
#                         component 0    (corrected)      (linear)
#                        σ₈ = 2.76e-01  σ₈ = 2.76e-01  σ₈ = 2.74e-01
#  k [Mpc⁻¹]    modes       P [Mpc³]       P [Mpc³]       P [Mpc³]
3.0679616e-03         3  6.2046577e+03  6.2046577e+03  6.2056684e+03
5.8212951e-03        25  9.0389293e+03  9.0841663e+03  9.0819549e+03
1.0440195e-02       124  1.0457875e+04  1.0577941e+04  1.0617437e+04
1.6729547e-02       418  9.4118519e+03  9.4978573e+03  9.4877278e+03
2.3240110e-02       730  7.2436084e+03  7.2450345e+03  7.2895374e+03
2.9075630e-02      1012  5.7146802e+03  5.7008345e+03  5.6983348e+03
3.4544381e-02      1408  4.7743497e+03  4.7632380e+03  4.7546055e+03
3.9898901e-02      1841  4.1735230e+03  4.1702165e+03  4.1954833e+03
4.5580519e-02      2698  3.7427511e+03  3.7462085e+03  3.7590626e+03
5.1612543e-02      3532  3.2515871e+03  3.2567013e+03  3.2816166e+03
5.7899473e-02      4702  2.7107182e+03  2.7112328e+03  2.7326572e+03
6.4462744e-02      6019  2.2154544e+03  2.2101923e+03  2.2129019e+03
7.1309305e-02      7766  1.8460718e+03  1.8390235e+03  1.8433745e+03
7.8556104e-02     10012  1.6473168e+03  1.6436431e+03  1.6468413e+03
8.6194331e-02     12589  1.5383255e+03  1.5403205e+03  1.5401256e+03
9.4153926e-02     15650  1.3903534e+03  1.3942270e+03  1.3975342e+03
1.0254095e-01     19757  1.1725912e+03  1.1729011e+03  1.1759989e+03
1.1136076e-01     24241  9.6310516e+02  9.5970285e+02  9.5316704e+02
1.2060245e-01     29993  8.1790612e+02  8.1516392e+02  8.0670054e+02
1.3029316e-01     36494  7.2625380e+02  7.2663036e+02  7.2079293e+02
1.4046583e-01     44825  6.4348848e+02  6.4433828e+02  6.3507067e+02
1.5111985e-01     53906  5.5473090e+02  5.5338929e+02  5.4182676e+02
1.6229170e-01     65729  4.8902587e+02  4.8765924e+02  4.7861181e+02
1.7401323e-01     78746  4.4860460e+02  4.4946461e+02  4.4330590e+02
1.8625264e-01     94374  3.9889702e+02  3.9964444e+02  3.9372843e+02
1.9902230e-01    112166  3.3756913e+02  3.3688636e+02  3.2747161e+02
2.1238854e-01    134373  2.9025766e+02  2.8941982e+02  2.7651694e+02
2.2637810e-01    159077  2.5862887e+02  2.5835963e+02  2.4485880e+02
2.4096993e-01    188172  2.3247766e+02  2.3236414e+02  2.2275908e+02
2.5621802e-01    222492  2.1091562e+02  2.1111818e+02  2.0336621e+02
2.7214102e-01    261771  1.8695251e+02  1.8714296e+02  1.7946964e+02
2.8873063e-01    306759  1.6190596e+02  1.6154084e+02  1.5049201e+02
3.0605468e-01    360898  1.4262419e+02  1.4211899e+02  1.2947836e+02
3.2421519e-01    425046  1.2969853e+02  1.2976492e+02  1.1986625e+02
3.4337900e-01    505555  1.1674488e+02  1.1704337e+02  1.1022802e+02
3.6368055e-01    600292  1.0281900e+02  1.0268437e+02  9.3926143e+01
3.8517334e-01    712930  9.0589435e+01  9.0149582e+01  7.9157618e+01
4.0793004e-01    846715  8.1354762e+01  8.1423431e+01  7.2908528e+01
4.3202621e-01   1005596  7.2937399e+01  7.3181282e+01  6.6428333e+01
4.5754560e-01   1194719  6.4087496e+01  6.3741917e+01  5.5074229e+01
4.8457948e-01   1419743  5.6916850e+01  5.6846073e+01  4.8804634e+01
5.1321525e-01   1686576  5.0766193e+01  5.0986342e+01  4.4947451e+01
5.4354215e-01   2003484  4.4861694e+01  4.4531501e+01  3.7265522e+01
5.7565178e-01   2378778  3.9796657e+01  3.9902658e+01  3.3664214e+01
6.0966698e-01   2828400  3.5255849e+01  3.5245066e+01  2.9764294e+01
6.4568974e-01   3356890  3.1209505e+01  3.1103890e+01  2.5259239e+01
6.8383752e-01   3990317  2.7739525e+01  2.7860945e+01  2.3012371e+01
7.2424344e-01   4738457  2.4728601e+01  2.4594134e+01  1.9334317e+01
7.6703215e-01   5629661  2.2316159e+01  2.2402989e+01  1.7538155e+01
8.1235262e-01   6687903  2.0501218e+01  2.0415784e+01  1.4845093e+01
8.6035444e-01   7945758  1.9472289e+01  1.9487205e+01  1.3255481e+01
9.1118812e-01   9436555  1.9366180e+01  1.9413323e+01  1.1477719e+01
9.6501980e-01  11210320  2.0326115e+01  2.0230303e+01  9.9461910e+00
1.0220366e+00  13318613  2.2686139e+01  2.2733368e+01  8.7896104e+00
1.0824208e+00  15819192  2.6851381e+01  2.6863421e+01  7.5926597e+00
1.1463741e+00  18795348  3.3289055e+01  3.3166180e+01  6.5738343e+00
1.2141088e+00  22326034  4.1971341e+01  4.1877801e+01  5.7533145e+00
1.2858419e+00  26520842  5.2388920e+01  5.2334191e+01  5.0158969e+00
1.3618105e+00  31503438  6.2481801e+01  6.2551455e+01  4.3609724e+00
1.4422695e+00  37426927  6.9035269e+01  6.9077203e+01  3.7880214e+00
1.5275481e+00  44525830  7.0745882e+01  7.0780330e+01  3.2852967e+00
