# Power spectrum from CO𝘕CEPT job 4701174 at t = 2.6133026 Gyr, a = 0.28571429
#
# Components:
#   0: matter  (upstream grid size 1024)
#
#                           grid size 1024
# ╭────────────────────────────────────────────────────────────────╮
#                         component 0    (corrected)      (linear)
#                        σ₈ = 2.68e-01  σ₈ = 2.68e-01  σ₈ = 2.66e-01
#  k [Mpc⁻¹]    modes       P [Mpc³]       P [Mpc³]       P [Mpc³]
3.0679616e-03         3  5.8653822e+03  5.8653822e+03  5.8662443e+03
5.8212951e-03        25  8.5448621e+03  8.5876264e+03  8.5854641e+03
1.0440195e-02       124  9.8876698e+03  1.0001189e+04  1.0037308e+04
1.6729547e-02       418  8.8977108e+03  8.9790180e+03  8.9694927e+03
2.3240110e-02       730  6.8493864e+03  6.8507349e+03  6.8914394e+03
2.9075630e-02      1012  5.4026617e+03  5.3895719e+03  5.3871630e+03
3.4544381e-02      1408  4.5134399e+03  4.5029354e+03  4.4949817e+03
3.9898901e-02      1841  3.9463138e+03  3.9431872e+03  3.9663981e+03
4.5580519e-02      2698  3.5386629e+03  3.5419318e+03  3.5538124e+03
5.1612543e-02      3532  3.0745890e+03  3.0794248e+03  3.1024391e+03
5.7899473e-02      4702  2.5630677e+03  2.5635543e+03  2.5834554e+03
6.4462744e-02      6019  2.0941237e+03  2.0891498e+03  2.0920798e+03
7.1309305e-02      7766  1.7448321e+03  1.7381704e+03  1.7427292e+03
7.8556104e-02     10012  1.5568621e+03  1.5533902e+03  1.5569270e+03
8.6194331e-02     12589  1.4537776e+03  1.4556631e+03  1.4560383e+03
9.4153926e-02     15650  1.3139456e+03  1.3176064e+03  1.3212324e+03
1.0254095e-01     19757  1.1079099e+03  1.1082028e+03  1.1117926e+03
1.1136076e-01     24241  9.0944141e+02  9.0622867e+02  9.0112688e+02
1.2060245e-01     29993  7.7204716e+02  7.6945871e+02  7.6265714e+02
1.3029316e-01     36494  6.8548643e+02  6.8584185e+02  6.8143991e+02
1.4046583e-01     44825  6.0715629e+02  6.0795810e+02  6.0039788e+02
1.5111985e-01     53906  5.2310631e+02  5.2184118e+02  5.1224483e+02
1.6229170e-01     65729  4.6104831e+02  4.5975986e+02  4.5248124e+02
1.7401323e-01     78746  4.2296680e+02  4.2377766e+02  4.1910294e+02
1.8625264e-01     94374  3.7598058e+02  3.7668506e+02  3.7223224e+02
1.9902230e-01    112166  3.1785496e+02  3.1721206e+02  3.0959283e+02
2.1238854e-01    134373  2.7300407e+02  2.7221603e+02  2.6142011e+02
2.2637810e-01    159077  2.4311898e+02  2.4286589e+02  2.3149040e+02
2.4096993e-01    188172  2.1851122e+02  2.1840453e+02  2.1059726e+02
2.5621802e-01    222492  1.9820267e+02  1.9839302e+02  1.9226317e+02
2.7214102e-01    261771  1.7557216e+02  1.7575102e+02  1.6967126e+02
2.8873063e-01    306759  1.5179653e+02  1.5145420e+02  1.4227571e+02
3.0605468e-01    360898  1.3355956e+02  1.3308647e+02  1.2240932e+02
3.2421519e-01    425046  1.2143248e+02  1.2149463e+02  1.1332201e+02
3.4337900e-01    505555  1.0929487e+02  1.0957431e+02  1.0420999e+02
3.6368055e-01    600292  9.6096301e+01  9.5970474e+01  8.8798132e+01
3.8517334e-01    712930  8.4505420e+01  8.4095107e+01  7.4835913e+01
4.0793004e-01    846715  7.5863005e+01  7.5927038e+01  6.8928000e+01
4.3202621e-01   1005596  6.7973424e+01  6.8200709e+01  6.2801600e+01
4.5754560e-01   1194719  5.9590515e+01  5.9269185e+01  5.2067387e+01
4.8457948e-01   1419743  5.2855060e+01  5.2789334e+01  4.6140088e+01
5.1321525e-01   1686576  4.7096704e+01  4.7300940e+01  4.2493493e+01
5.4354215e-01   2003484  4.1531903e+01  4.1226218e+01  3.5230968e+01
5.7565178e-01   2378778  3.6778231e+01  3.6876192e+01  3.1826278e+01
6.0966698e-01   2828400  3.2526079e+01  3.2516132e+01  2.8139279e+01
6.4568974e-01   3356890  2.8727573e+01  2.8630356e+01  2.3880183e+01
6.8383752e-01   3990317  2.5476349e+01  2.5587863e+01  2.1755985e+01
7.2424344e-01   4738457  2.2651570e+01  2.2528397e+01  1.8278739e+01
7.6703215e-01   5629661  2.0388369e+01  2.0467698e+01  1.6580640e+01
8.1235262e-01   6687903  1.8685884e+01  1.8608015e+01  1.4034609e+01
8.6035444e-01   7945758  1.7730422e+01  1.7744003e+01  1.2531783e+01
9.1118812e-01   9436555  1.7650885e+01  1.7693852e+01  1.0851081e+01
9.6501980e-01  11210320  1.8584957e+01  1.8497351e+01  9.4031680e+00
1.0220366e+00  13318613  2.0866274e+01  2.0909714e+01  8.3097323e+00
1.0824208e+00  15819192  2.4913016e+01  2.4924186e+01  7.1781304e+00
1.1463741e+00  18795348  3.1247085e+01  3.1131747e+01  6.2149290e+00
1.2141088e+00  22326034  3.9976966e+01  3.9887871e+01  5.4392063e+00
1.2858419e+00  26520842  5.0782952e+01  5.0729901e+01  4.7420489e+00
1.3618105e+00  31503438  6.1686802e+01  6.1755569e+01  4.1228808e+00
1.4422695e+00  37426927  6.9121508e+01  6.9163494e+01  3.5812107e+00
1.5275481e+00  44525830  7.1135685e+01  7.1170323e+01  3.1059328e+00
