# Power spectrum from CO𝘕CEPT job 4701174 at t = 12.444912 Gyr, a = 0.90909091
#
# Components:
#   0: matter  (upstream grid size 1024)
#
#                           grid size 1024
# ╭────────────────────────────────────────────────────────────────╮
#                         component 0    (corrected)      (linear)
#                        σ₈ = 7.63e-01  σ₈ = 7.62e-01  σ₈ = 6.99e-01
#  k [Mpc⁻¹]    modes       P [Mpc³]       P [Mpc³]       P [Mpc³]
3.0679616e-03         3  4.0558370e+04  4.0558370e+04  4.0554761e+04
5.8212951e-03        25  5.9038207e+04  5.9333675e+04  5.9299690e+04
1.0440195e-02       124  6.7754605e+04  6.8532490e+04  6.9258096e+04
1.6729547e-02       418  6.1287661e+04  6.1847707e+04  6.1844231e+04
2.3240110e-02       730  4.6573129e+04  4.6582299e+04  4.7496018e+04
2.9075630e-02      1012  3.7103422e+04  3.7013526e+04  3.7120071e+04
3.4544381e-02      1408  3.1082561e+04  3.1010220e+04  3.0968165e+04
3.9898901e-02      1841  2.6834847e+04  2.6813587e+04  2.7323845e+04
4.5580519e-02      2698  2.4185794e+04  2.4208136e+04  2.4479793e+04
5.1612543e-02      3532  2.0883430e+04  2.0916276e+04  2.1369356e+04
5.7899473e-02      4702  1.7474763e+04  1.7478080e+04  1.7793843e+04
6.4462744e-02      6019  1.4610675e+04  1.4575973e+04  1.4408933e+04
7.1309305e-02      7766  1.2306116e+04  1.2259132e+04  1.2002491e+04
7.8556104e-02     10012  1.1044546e+04  1.1019916e+04  1.0722596e+04
8.6194331e-02     12589  1.0288689e+04  1.0302032e+04  1.0027589e+04
9.4153926e-02     15650  9.2756800e+03  9.3015226e+03  9.0990590e+03
1.0254095e-01     19757  8.0038487e+03  8.0059640e+03  7.6565945e+03
1.1136076e-01     24241  6.8946078e+03  6.8702516e+03  6.2057368e+03
1.2060245e-01     29993  6.0252249e+03  6.0050240e+03  5.2521007e+03
1.3029316e-01     36494  5.4062659e+03  5.4090690e+03  4.6927581e+03
1.4046583e-01     44825  4.8526563e+03  4.8590648e+03  4.1346345e+03
1.5111985e-01     53906  4.3799637e+03  4.3693708e+03  3.5275511e+03
1.6229170e-01     65729  3.9395966e+03  3.9285870e+03  3.1159783e+03
1.7401323e-01     78746  3.6189811e+03  3.6259190e+03  2.8861104e+03
1.8625264e-01     94374  3.2888746e+03  3.2950370e+03  2.5633318e+03
1.9902230e-01    112166  2.9660845e+03  2.9600852e+03  2.1319674e+03
2.1238854e-01    134373  2.6859315e+03  2.6781784e+03  1.8002285e+03
2.2637810e-01    159077  2.4805930e+03  2.4780107e+03  1.5941190e+03
2.4096993e-01    188172  2.2837428e+03  2.2826277e+03  1.4502393e+03
2.5621802e-01    222492  2.1115212e+03  2.1135490e+03  1.3239829e+03
2.7214102e-01    261771  1.9600446e+03  1.9620413e+03  1.1684066e+03
2.8873063e-01    306759  1.8114880e+03  1.8074028e+03  9.7975156e+02
3.0605468e-01    360898  1.6871800e+03  1.6812038e+03  8.4294499e+02
3.2421519e-01    425046  1.5694200e+03  1.5702233e+03  7.8036645e+02
3.4337900e-01    505555  1.4664480e+03  1.4701974e+03  7.1761801e+02
3.6368055e-01    600292  1.3709290e+03  1.3691339e+03  6.1148735e+02
3.8517334e-01    712930  1.2824618e+03  1.2762349e+03  5.1533948e+02
4.0793004e-01    846715  1.2042497e+03  1.2052662e+03  4.7465577e+02
4.3202621e-01   1005596  1.1272984e+03  1.1310678e+03  4.3246758e+02
4.5754560e-01   1194719  1.0591567e+03  1.0534454e+03  3.5854892e+02
4.8457948e-01   1419743  9.9361725e+02  9.9238168e+02  3.1773192e+02
5.1321525e-01   1686576  9.3624865e+02  9.4030872e+02  2.9262046e+02
5.4354215e-01   2003484  8.7889591e+02  8.7242703e+02  2.4260886e+02
5.7565178e-01   2378778  8.2956835e+02  8.3177796e+02  2.1916327e+02
6.0966698e-01   2828400  7.8196263e+02  7.8172348e+02  1.9377366e+02
6.4568974e-01   3356890  7.3831973e+02  7.3582121e+02  1.6444447e+02
6.8383752e-01   3990317  6.9737639e+02  7.0042891e+02  1.4981671e+02
7.2424344e-01   4738457  6.5980842e+02  6.5622057e+02  1.2587156e+02
7.6703215e-01   5629661  6.2493051e+02  6.2736205e+02  1.1417803e+02
8.1235262e-01   6687903  5.9241972e+02  5.8995096e+02  9.6645457e+01
8.6035444e-01   7945758  5.6191595e+02  5.6234637e+02  8.6296637e+01
9.1118812e-01   9436555  5.3300645e+02  5.3430395e+02  7.4722924e+01
9.6501980e-01  11210320  5.0484679e+02  5.0246706e+02  6.4752259e+01
1.0220366e+00  13318613  4.7769254e+02  4.7868702e+02  5.7222604e+01
1.0824208e+00  15819192  4.5077312e+02  4.5097524e+02  4.9430134e+01
1.1463741e+00  18795348  4.2469463e+02  4.2312701e+02  4.2797308e+01
1.2141088e+00  22326034  3.9912523e+02  3.9823572e+02  3.7455504e+01
1.2858419e+00  26520842  3.7425197e+02  3.7386100e+02  3.2654719e+01
1.3618105e+00  31503438  3.5023673e+02  3.5062717e+02  2.8390987e+01
1.4422695e+00  37426927  3.2699680e+02  3.2719543e+02  2.4660925e+01
1.5275481e+00  44525830  3.0481603e+02  3.0496446e+02  2.1388056e+01
